/*--------------------------------*- C++ -*----------------------------------*\
| =========                 |                                                 |
| \\      /  F ield         | OpenFOAM: The Open Source CFD Toolbox           |
|  \\    /   O peration     | Version:  2206                                  |
|   \\  /    A nd           | Website:  www.openfoam.com                      |
|    \\/     M anipulation  |                                                 |
\*---------------------------------------------------------------------------*/
FoamFile
{
    version     2.0;
    format      ascii;
    arch        "LSB;label=32;scalar=64";
    class       volScalarField;
    location    "1000";
    object      k;
}
// * * * * * * * * * * * * * * * * * * * * * * * * * * * * * * * * * * * * * //

dimensions      [0 2 -2 0 0 0 0];

internalField   nonuniform List<scalar> 
10000
(
0.292729
0.296847
0.300653
0.304118
0.307201
0.309867
0.312092
0.31389
0.315085
0.315024
0.313566
0.310624
0.306158
0.300174
0.292719
0.28388
0.273775
0.262547
0.250365
0.237412
0.223886
0.20999
0.195929
0.181905
0.168104
0.154697
0.141829
0.129614
0.118139
0.107457
0.0975929
0.0885479
0.0803036
0.0728268
0.0660751
0.0599997
0.0545496
0.0496727
0.0453179
0.0414358
0.0379788
0.0349024
0.0321648
0.029728
0.0275576
0.0256235
0.0238997
0.0223646
0.0210007
0.0197938
0.0187327
0.0178081
0.0170117
0.0163353
0.0157704
0.0153081
0.0149386
0.0146523
0.0144399
0.0142924
0.0142022
0.0141622
0.0141668
0.0142109
0.0142904
0.0144019
0.0145424
0.0147053
0.0148845
0.0150781
0.0152847
0.015503
0.0157323
0.0159721
0.0162226
0.0164847
0.0167598
0.0170481
0.0173418
0.0176389
0.0179379
0.0182371
0.0185352
0.0188305
0.0191213
0.0194057
0.0196816
0.0199466
0.0201978
0.0204315
0.0206434
0.0208278
0.0209773
0.0210822
0.0211306
0.0211085
0.0210004
0.020803
0.0206126
0.0210412
0.566176
0.573259
0.580201
0.586815
0.593008
0.598692
0.603678
0.607727
0.61066
0.611815
0.610823
0.607397
0.601336
0.592522
0.580925
0.5666
0.549673
0.53034
0.508849
0.485498
0.460621
0.434585
0.407774
0.38058
0.353392
0.326576
0.300468
0.275354
0.251466
0.228973
0.207986
0.18856
0.170703
0.154386
0.139551
0.126123
0.114016
0.10314
0.0934015
0.0847082
0.0769703
0.0701001
0.0640129
0.058628
0.0538689
0.0496647
0.0459507
0.0426694
0.0397712
0.0372146
0.0349657
0.0329975
0.0312887
0.0298215
0.0285803
0.0275497
0.0267136
0.0260549
0.0255556
0.0251974
0.0249628
0.0248354
0.0248005
0.0248451
0.0249584
0.025131
0.0253542
0.0256168
0.0259174
0.0262521
0.0266175
0.027011
0.0274301
0.0278731
0.0283386
0.0288254
0.0293325
0.0298615
0.0304111
0.0309769
0.031557
0.03215
0.0327545
0.0333689
0.0339914
0.0346197
0.035251
0.035882
0.0365082
0.0371237
0.0377207
0.038289
0.0388145
0.0392777
0.0396511
0.0398981
0.0399904
0.0399383
0.0396367
0.0380757
0.757721
0.764641
0.771952
0.779255
0.786379
0.793243
0.799635
0.805229
0.809772
0.812455
0.812658
0.809912
0.803869
0.794311
0.781147
0.764403
0.74421
0.720783
0.69441
0.665434
0.63425
0.601286
0.567004
0.531884
0.496413
0.461068
0.4263
0.392513
0.36005
0.329181
0.3001
0.272929
0.24772
0.224473
0.203146
0.183667
0.165947
0.149888
0.135388
0.122346
0.110663
0.100239
0.0909764
0.0827783
0.0755481
0.0691907
0.0636141
0.0587306
0.0544591
0.0507266
0.0474691
0.0446324
0.0421714
0.0400496
0.0382367
0.0367075
0.035439
0.0344097
0.0335977
0.0329812
0.032538
0.0322468
0.0320874
0.0320414
0.0320925
0.0322266
0.032425
0.0326813
0.0329887
0.0333409
0.0337327
0.0341598
0.0346187
0.0351064
0.0356205
0.0361591
0.0367201
0.0373018
0.0379078
0.0385313
0.0391685
0.0398163
0.0404717
0.0411311
0.0417901
0.0424432
0.0430837
0.0437031
0.0442902
0.044831
0.0453073
0.0456954
0.0459643
0.0460733
0.0459672
0.0455719
0.0447958
0.0435309
0.0415803
0.0383595
0.920225
0.926859
0.934422
0.942566
0.951072
0.959821
0.968529
0.976754
0.98395
0.98935
0.991977
0.991146
0.986362
0.977319
0.963889
0.946098
0.924101
0.898149
0.868567
0.835736
0.80008
0.762057
0.722159
0.680906
0.638838
0.596501
0.554431
0.51313
0.473047
0.434555
0.397941
0.363405
0.331064
0.30096
0.273082
0.247374
0.223756
0.202137
0.182418
0.164506
0.148308
0.133734
0.120694
0.109094
0.0988373
0.0898212
0.0819378
0.0750759
0.0691244
0.0639756
0.0595288
0.0556934
0.0523905
0.0495533
0.0471268
0.045066
0.0433339
0.0418992
0.0407337
0.0398114
0.0391068
0.0385951
0.0382527
0.038057
0.0379874
0.0380247
0.0381468
0.0383444
0.0386078
0.0389281
0.0392981
0.0397116
0.0401634
0.0406492
0.0411655
0.0417088
0.0422763
0.0428649
0.043475
0.0441042
0.0447448
0.0453913
0.0460384
0.0466799
0.0473083
0.0479147
0.0484878
0.0490135
0.0494745
0.0498488
0.0501088
0.0502197
0.0501377
0.0498073
0.0491589
0.0481066
0.0465529
0.0443952
0.0415198
0.0378614
1.0705
1.07725
1.08544
1.09499
1.10572
1.11741
1.12963
1.14171
1.15288
1.16216
1.16825
1.17024
1.16749
1.15963
1.14654
1.1283
1.10513
1.07735
1.04535
1.00956
0.970425
0.928411
0.884008
0.837732
0.790131
0.741778
0.693261
0.645155
0.598
0.552271
0.508354
0.466539
0.427019
0.389896
0.355196
0.322891
0.292917
0.265189
0.239623
0.216133
0.194647
0.175092
0.157405
0.141518
0.127357
0.114837
0.103858
0.094305
0.0860494
0.0789548
0.0728827
0.0676995
0.0632817
0.05952
0.0563212
0.0536084
0.051319
0.0494022
0.0478167
0.046527
0.0455018
0.0447121
0.0441305
0.0437315
0.0434912
0.0433794
0.043379
0.0434755
0.0436557
0.0439083
0.0442233
0.0445924
0.0450088
0.0454662
0.0459595
0.046484
0.0470355
0.0476097
0.0482025
0.0488158
0.0494396
0.0500657
0.0506864
0.0512933
0.0518764
0.0524241
0.0529221
0.0533532
0.0536965
0.0539264
0.0540122
0.0539167
0.0535955
0.0529968
0.0520612
0.0507257
0.0489341
0.0466484
0.0438578
0.0406787
1.21026
1.2177
1.22709
1.2388
1.25275
1.2686
1.28564
1.30292
1.31929
1.33347
1.34382
1.34919
1.34883
1.34238
1.32976
1.31119
1.287
1.25764
1.22361
1.18541
1.14351
1.09838
1.05047
1.00026
0.948246
0.89498
0.841051
0.787072
0.733647
0.681338
0.63063
0.581907
0.535446
0.49142
0.449906
0.410909
0.374384
0.340258
0.308455
0.278903
0.251544
0.226332
0.203232
0.182216
0.163253
0.146302
0.131301
0.118165
0.106777
0.096996
0.0886597
0.0815957
0.0756317
0.0706056
0.0663726
0.0628084
0.0598103
0.0572958
0.0551987
0.0534662
0.0520549
0.0509277
0.0500515
0.0493964
0.0489344
0.0486302
0.0484652
0.0484217
0.0484836
0.0486365
0.0488682
0.0491679
0.0495263
0.0499354
0.0503883
0.0508786
0.0514006
0.0519487
0.0525174
0.0531046
0.0537053
0.0543077
0.0549018
0.0554775
0.0560234
0.0565261
0.0569701
0.0573368
0.0576045
0.0577474
0.0577351
0.0575327
0.0571001
0.0563925
0.0553623
0.0539625
0.0521552
0.049916
0.0472287
0.0441539
1.3357
1.34455
1.356
1.37093
1.38945
1.41095
1.43436
1.45828
1.48113
1.5011
1.51627
1.52525
1.52726
1.52201
1.50961
1.49043
1.46504
1.43407
1.39816
1.35791
1.31384
1.26642
1.21604
1.16309
1.10798
1.05117
0.993189
0.934633
0.876132
0.818306
0.761725
0.706864
0.654091
0.603656
0.5557
0.510269
0.467342
0.426861
0.388761
0.352979
0.319471
0.28821
0.259192
0.232426
0.207932
0.185727
0.165812
0.148162
0.132714
0.119359
0.107948
0.0982925
0.0901837
0.0834065
0.077755
0.0730434
0.0691125
0.0658312
0.0630948
0.0608208
0.0589444
0.0574136
0.0561855
0.055223
0.0544894
0.0539484
0.053578
0.0533573
0.0532674
0.0532909
0.053413
0.0536201
0.0539009
0.054245
0.0546435
0.0550883
0.0555721
0.0560879
0.0566288
0.0571882
0.0577659
0.0583482
0.0589232
0.0594791
0.0600035
0.0604823
0.0608993
0.0612358
0.06147
0.0615769
0.0615276
0.0612894
0.0608256
0.0600962
0.0590589
0.0576722
0.0558996
0.0537108
0.0510722
0.0479951
1.44054
1.45178
1.46659
1.48639
1.51141
1.54058
1.57223
1.60443
1.63504
1.6615
1.68165
1.69401
1.69788
1.69321
1.68035
1.66
1.63298
1.60015
1.56236
1.52032
1.47465
1.42577
1.37404
1.31971
1.26304
1.20435
1.14402
1.08258
1.02062
0.95877
0.897668
0.837866
0.779817
0.723862
0.67021
0.618958
0.570117
0.523652
0.479511
0.437645
0.398022
0.360633
0.325494
0.292648
0.26216
0.234106
0.208557
0.185569
0.165162
0.147303
0.131899
0.118795
0.107778
0.0986012
0.0910016
0.0847248
0.07954
0.0752499
0.0716932
0.0687422
0.0662974
0.0642822
0.0626364
0.0613118
0.060255
0.0594323
0.0588161
0.0583818
0.0581073
0.0579725
0.0579595
0.0580524
0.058237
0.0585007
0.0588324
0.0592223
0.059661
0.0601401
0.0606513
0.0611863
0.0617421
0.0623096
0.0628741
0.0634224
0.0639408
0.0644148
0.0648278
0.0651609
0.0653926
0.0654985
0.0654506
0.0652174
0.0647639
0.064052
0.063041
0.0616891
0.059957
0.0578064
0.0551914
0.052091
1.51728
1.53239
1.55269
1.58007
1.61457
1.65416
1.69633
1.7385
1.77783
1.81084
1.83536
1.85006
1.85459
1.84926
1.83488
1.81247
1.7832
1.7482
1.7085
1.66498
1.6183
1.56891
1.51708
1.46291
1.40646
1.34784
1.28724
1.22501
1.16163
1.09771
1.03389
0.970786
0.908924
0.848742
0.790526
0.734428
0.680499
0.628736
0.57911
0.531599
0.486186
0.442876
0.401707
0.362747
0.326099
0.291886
0.260245
0.231313
0.205204
0.181989
0.161677
0.144193
0.129379
0.117
0.106764
0.0983585
0.0914758
0.0858372
0.0812054
0.0773881
0.0742344
0.0716288
0.0694828
0.0677284
0.0662954
0.0651439
0.0642404
0.0635558
0.0630643
0.0627426
0.0625697
0.0625269
0.0625973
0.0627659
0.0630192
0.0633451
0.0637326
0.0641714
0.0646518
0.0651645
0.0657003
0.0662575
0.0668187
0.067369
0.0678937
0.0683774
0.0688029
0.0691512
0.0694008
0.0695273
0.069503
0.0692971
0.068875
0.0681991
0.0672287
0.0659213
0.0642344
0.0621252
0.0595428
0.0564514
1.5574
1.57901
1.60881
1.64845
1.69697
1.75069
1.80591
1.85934
1.90705
1.94517
1.97191
1.98658
1.98946
1.98151
1.96403
1.93846
1.90628
1.86885
1.82739
1.78286
1.73601
1.68728
1.63683
1.58461
1.53046
1.47422
1.41579
1.35528
1.29299
1.22942
1.16519
1.10089
1.03713
0.974449
0.913214
0.853631
0.795795
0.73974
0.685486
0.633056
0.582455
0.533709
0.486873
0.442044
0.399355
0.358968
0.321071
0.28587
0.253567
0.224343
0.198327
0.175573
0.156029
0.139536
0.125831
0.114579
0.105409
0.0979589
0.0918991
0.0869524
0.0828959
0.0795569
0.076804
0.0745362
0.0726616
0.0711278
0.0698922
0.068919
0.0681773
0.0676399
0.0672823
0.0670826
0.067021
0.0670798
0.067243
0.0674961
0.0678259
0.0682204
0.0686679
0.0691576
0.0696779
0.0702271
0.0707897
0.0713488
0.0718882
0.0723914
0.0728406
0.0732163
0.0734964
0.0736566
0.073669
0.0735029
0.0731239
0.0724944
0.0715735
0.070318
0.0686838
0.066625
0.0640894
0.0610318
1.54952
1.58419
1.63174
1.69181
1.76102
1.83322
1.90346
1.96767
2.02023
2.05908
2.08341
2.09375
2.09141
2.07808
2.05558
2.0257
1.99013
1.95037
1.90768
1.8631
1.81736
1.77086
1.72368
1.67559
1.62619
1.57501
1.52163
1.46582
1.40763
1.34737
1.28554
1.22269
1.15941
1.09645
1.0342
0.972918
0.912744
0.853755
0.796042
0.739725
0.684836
0.631414
0.57954
0.52936
0.481027
0.434733
0.39071
0.349217
0.310528
0.274916
0.242633
0.213874
0.18874
0.167206
0.149109
0.134155
0.121958
0.112089
0.104126
0.0976892
0.0924629
0.0881956
0.0846952
0.0818016
0.0794023
0.0774222
0.0758033
0.0744995
0.0734725
0.0726896
0.0721221
0.0717442
0.0715329
0.0714673
0.0715287
0.0716998
0.0719653
0.0723108
0.0727231
0.0731896
0.0736982
0.0742376
0.0748036
0.0753754
0.0759348
0.0764639
0.0769439
0.0773545
0.0776732
0.0778751
0.0779324
0.077814
0.0774857
0.0769098
0.0760456
0.0748496
0.0732767
0.0712801
0.0688076
0.06581
1.47076
1.54227
1.62479
1.71843
1.81636
1.91016
1.99407
2.06212
2.11084
2.14167
2.15594
2.15585
2.14377
2.12203
2.09277
2.05791
2.01914
1.97789
1.93534
1.89243
1.8498
1.80779
1.76635
1.72509
1.68337
1.6404
1.59543
1.54783
1.4973
1.44387
1.38788
1.32968
1.26974
1.20925
1.14852
1.0878
1.02731
0.967141
0.907477
0.848668
0.790734
0.733714
0.677717
0.622993
0.569704
0.518054
0.468326
0.420823
0.375867
0.333805
0.294989
0.259751
0.228355
0.200954
0.177548
0.157963
0.14187
0.128828
0.118343
0.109935
0.103176
0.0977127
0.0932683
0.0896047
0.0865737
0.0840668
0.0820032
0.0803206
0.0789695
0.0779095
0.0771057
0.0765279
0.0761488
0.0759442
0.0758919
0.0759718
0.0761657
0.0764571
0.0768304
0.0772712
0.0777653
0.0782986
0.0788686
0.0794548
0.080037
0.0805956
0.0811107
0.081561
0.0819233
0.0821722
0.0822796
0.0822143
0.0819422
0.0814258
0.0806244
0.0794949
0.0779919
0.0760683
0.0736725
0.0707531
1.29301
1.46308
1.61071
1.75216
1.88163
1.99083
2.07372
2.12783
2.15815
2.16898
2.16428
2.1476
2.12195
2.08982
2.05327
2.01401
1.97345
1.93273
1.89279
1.85433
1.81783
1.78347
1.75107
1.72008
1.68961
1.65857
1.62585
1.59041
1.55151
1.50889
1.46263
1.41303
1.36058
1.30601
1.24986
1.19252
1.13426
1.07513
1.01541
0.955984
0.896701
0.837567
0.778684
0.72059
0.663384
0.607238
0.552541
0.499629
0.448851
0.400608
0.355329
0.313455
0.27541
0.241534
0.21203
0.186911
0.165991
0.148898
0.13513
0.12413
0.115357
0.108338
0.10268
0.0980519
0.0942472
0.0911101
0.088525
0.0864056
0.0846858
0.0833133
0.0822451
0.0814445
0.0808793
0.0805207
0.0803428
0.080322
0.0804372
0.0806688
0.080999
0.0814111
0.0818894
0.0824184
0.082989
0.0835891
0.084195
0.084785
0.0853375
0.0858302
0.0862392
0.0865385
0.0866996
0.0866915
0.0864798
0.0860274
0.0852942
0.0842373
0.0828117
0.0809707
0.0786638
0.075839
1.10433
1.42499
1.65306
1.83323
1.96969
2.0575
2.10223
2.11608
2.10938
2.0887
2.05889
2.02336
1.98453
1.94414
1.90355
1.8638
1.82576
1.79011
1.75742
1.72809
1.70239
1.68034
1.66163
1.64553
1.63093
1.61646
1.60062
1.58191
1.5592
1.53182
1.49961
1.46269
1.42145
1.37651
1.32846
1.27779
1.22488
1.17004
1.11365
1.0562
0.997889
0.938708
0.878579
0.818844
0.759265
0.69986
0.641321
0.583988
0.528188
0.474387
0.423075
0.374766
0.330026
0.289377
0.253233
0.221827
0.195188
0.173112
0.155182
0.140828
0.129427
0.120383
0.113141
0.107285
0.102518
0.0986146
0.0954099
0.092782
0.0906398
0.0889143
0.0875502
0.0865022
0.0857314
0.0852035
0.0848879
0.084757
0.084786
0.084952
0.0852346
0.0856146
0.0860743
0.086597
0.0871665
0.0877789
0.0884079
0.0890295
0.0896203
0.0901568
0.0906142
0.090966
0.0911833
0.0912349
0.0910868
0.0907021
0.0900413
0.0890621
0.0877202
0.0859695
0.0837611
0.0810433
1.21014
1.58861
1.7961
1.898
1.93198
1.92432
1.89534
1.85734
1.81648
1.77554
1.7357
1.69742
1.66096
1.62661
1.59476
1.56588
1.54044
1.51891
1.50167
1.48903
1.48117
1.47809
1.47942
1.48433
1.49151
1.49928
1.50573
1.50886
1.5071
1.49958
1.4859
1.466
1.44005
1.40865
1.37256
1.33234
1.28847
1.24138
1.19152
1.13932
1.08511
1.02909
0.971483
0.912826
0.85321
0.792304
0.731673
0.671479
0.611894
0.553575
0.497079
0.442921
0.391824
0.344478
0.301497
0.263325
0.230244
0.202303
0.179278
0.160696
0.145908
0.134225
0.124923
0.11749
0.11151
0.106663
0.102713
0.099485
0.0968546
0.0947272
0.0930309
0.0917079
0.0907105
0.0899971
0.0895314
0.0892809
0.0892162
0.089311
0.0895413
0.0898853
0.0903226
0.0908345
0.0914024
0.0920242
0.0926744
0.0933264
0.0939552
0.0945357
0.0950421
0.0954474
0.0957223
0.0958355
0.0957532
0.0954389
0.0948536
0.0939559
0.0927023
0.0910479
0.0889455
0.0863455
0.0465896
0.126114
0.236558
0.365917
0.500827
0.629355
0.743543
0.838823
0.913696
0.969097
1.00758
1.03251
1.04744
1.0557
1.06022
1.06344
1.0673
1.07333
1.08271
1.09631
1.11477
1.13843
1.16715
1.20014
1.23597
1.27269
1.30791
1.33836
1.36219
1.37939
1.38983
1.39344
1.39026
1.38041
1.36412
1.34181
1.31396
1.28109
1.24371
1.20234
1.15742
1.1093
1.05837
1.00502
0.94952
0.892077
0.833176
0.772928
0.710895
0.649079
0.588122
0.528295
0.470663
0.416092
0.365432
0.319299
0.278273
0.24276
0.21286
0.188355
0.168667
0.152983
0.140587
0.130796
0.123025
0.116808
0.111797
0.107735
0.104438
0.101772
0.0996377
0.0979568
0.0966672
0.095717
0.0950609
0.0946594
0.094477
0.0944822
0.0946464
0.0949439
0.0953512
0.0958468
0.0964105
0.0970246
0.0976842
0.0983571
0.0990153
0.0996319
0.10018
0.100632
0.100957
0.101125
0.101102
0.100851
0.100334
0.0995104
0.0983377
0.0967721
0.0947686
0.0922811
0.00657287
0.0080379
0.0106821
0.0145839
0.0203142
0.0296444
0.0429918
0.060353
0.0813604
0.105414
0.131841
0.160031
0.189542
0.220156
0.25191
0.285096
0.320251
0.358136
0.399695
0.445992
0.498088
0.556686
0.62077
0.686688
0.753457
0.819878
0.884801
0.947961
1.00846
1.06432
1.11409
1.1567
1.1915
1.21804
1.23612
1.24576
1.24721
1.24088
1.2273
1.20705
1.1807
1.14881
1.11193
1.07057
1.02521
0.976274
0.924206
0.869324
0.811907
0.752628
0.691935
0.629695
0.568168
0.508058
0.449936
0.395288
0.345068
0.300176
0.261155
0.228172
0.201034
0.179241
0.162031
0.148549
0.137989
0.129674
0.123072
0.117793
0.11355
0.11014
0.107414
0.10526
0.103592
0.102341
0.101447
0.100861
0.100537
0.100436
0.100525
0.100772
0.101148
0.101629
0.102188
0.102803
0.103471
0.104165
0.104856
0.105513
0.106111
0.106619
0.107008
0.107245
0.107299
0.107133
0.10671
0.105991
0.104934
0.103498
0.101639
0.099312
0.0060093
0.00604514
0.00610275
0.00616554
0.00622138
0.00630032
0.00642184
0.00661544
0.00692243
0.0073973
0.00810784
0.00913444
0.0105704
0.0125255
0.015134
0.0185692
0.0230658
0.028952
0.0366959
0.0469356
0.060264
0.0776794
0.101291
0.13525
0.180847
0.238752
0.308692
0.389344
0.478178
0.57151
0.665156
0.755146
0.838286
0.912371
0.976103
1.02888
1.07057
1.10136
1.12167
1.13206
1.13317
1.12569
1.11033
1.0878
1.05875
1.02383
0.983642
0.938714
0.889572
0.836789
0.780875
0.722306
0.661942
0.600244
0.537978
0.477788
0.420222
0.366838
0.318643
0.276502
0.240826
0.211554
0.188155
0.169784
0.155484
0.144357
0.135653
0.128792
0.123349
0.119016
0.115572
0.112856
0.110747
0.10915
0.107986
0.10719
0.106708
0.10649
0.106493
0.106681
0.107021
0.107481
0.108035
0.108657
0.109324
0.110033
0.110751
0.111447
0.112092
0.112656
0.113109
0.113419
0.113553
0.113477
0.113154
0.112547
0.111615
0.110317
0.108611
0.106455
0.00599295
0.00598531
0.00597919
0.00597656
0.00598053
0.00599474
0.00602164
0.00606253
0.00611788
0.00618785
0.00627271
0.00637326
0.00649093
0.00662795
0.00678748
0.00697401
0.00719391
0.00745623
0.00777536
0.00820441
0.00909908
0.0108112
0.0139292
0.0194454
0.0287626
0.0436957
0.0663754
0.0990313
0.143618
0.201304
0.271969
0.353899
0.443846
0.537533
0.630423
0.718451
0.798476
0.8684
0.927049
0.973958
1.00916
1.03301
1.04607
1.04904
1.04265
1.02767
1.00485
0.974922
0.938581
0.896521
0.84939
0.79784
0.74258
0.68427
0.623708
0.561992
0.49953
0.439932
0.383904
0.333101
0.28854
0.250837
0.219987
0.195433
0.176256
0.161412
0.149928
0.141
0.134014
0.128519
0.124192
0.120799
0.118168
0.116167
0.114693
0.113661
0.112999
0.112649
0.112557
0.112678
0.112973
0.113408
0.11395
0.114572
0.115243
0.115961
0.1167
0.117429
0.118116
0.118732
0.119245
0.119625
0.119839
0.119852
0.119631
0.119136
0.118331
0.117174
0.115626
0.113645
0.00599082
0.00598133
0.00597288
0.00596653
0.0059632
0.00596388
0.00596983
0.00598273
0.0060048
0.00603873
0.00608744
0.00615396
0.00624119
0.00635177
0.00648796
0.0066514
0.00684329
0.00706467
0.00731563
0.00759489
0.00790763
0.00827179
0.00874705
0.00949365
0.0108439
0.0133771
0.0180003
0.0260194
0.0391641
0.0595151
0.089289
0.130461
0.184259
0.25067
0.328125
0.413575
0.502954
0.591892
0.676401
0.753308
0.820401
0.876359
0.920575
0.952971
0.973834
0.983684
0.983184
0.97307
0.954121
0.927124
0.892853
0.852078
0.805569
0.754089
0.698456
0.639579
0.578395
0.51642
0.454566
0.396673
0.343812
0.297448
0.2583
0.226393
0.201128
0.181501
0.16639
0.154766
0.145787
0.138815
0.133386
0.129164
0.125906
0.123429
0.121595
0.120291
0.119426
0.118925
0.118724
0.118768
0.119011
0.119413
0.119938
0.120554
0.121233
0.121948
0.122698
0.123451
0.124172
0.124832
0.1254
0.125844
0.126133
0.126232
0.126108
0.125725
0.125046
0.124031
0.122641
0.120838
0.00599059
0.00598069
0.00597107
0.00596268
0.00595686
0.00595526
0.00595981
0.00597252
0.00599541
0.00603045
0.00607956
0.00614466
0.00622769
0.00633071
0.00645581
0.00660501
0.00678029
0.00698361
0.00721691
0.00748124
0.0077762
0.00809946
0.0084474
0.0088214
0.00924811
0.00982263
0.0107701
0.0125114
0.015733
0.0214601
0.031108
0.0464697
0.069594
0.102517
0.146852
0.203305
0.271268
0.34867
0.432193
0.517815
0.601465
0.679567
0.749352
0.808921
0.85716
0.893591
0.918203
0.931319
0.933483
0.925377
0.907761
0.88144
0.847238
0.805988
0.758552
0.705839
0.648847
0.588766
0.526884
0.465006
0.405271
0.350944
0.30335
0.263317
0.230873
0.205339
0.185619
0.170523
0.158977
0.150119
0.143303
0.138055
0.134035
0.13099
0.128731
0.12711
0.126011
0.125336
0.125009
0.124962
0.125142
0.125501
0.125999
0.126601
0.127275
0.127991
0.128741
0.129505
0.13025
0.130945
0.131558
0.132058
0.132414
0.132593
0.132562
0.132286
0.131729
0.130854
0.129622
0.127998
0.00599074
0.00598103
0.00597161
0.00596314
0.00595656
0.00595294
0.00595355
0.00595979
0.00597327
0.0059958
0.0060294
0.00607633
0.00613901
0.00622002
0.00632205
0.00644799
0.00660069
0.00678285
0.00699684
0.00724466
0.00752757
0.00784564
0.00819682
0.00857602
0.00897561
0.00939114
0.00983995
0.0104
0.0112658
0.0128072
0.015631
0.0206461
0.029116
0.0426613
0.0631714
0.092588
0.132554
0.183974
0.246606
0.318849
0.39785
0.479924
0.561143
0.637881
0.707169
0.766838
0.815498
0.85242
0.877398
0.890612
0.892511
0.883724
0.864992
0.837128
0.800999
0.757524
0.7077
0.652647
0.593652
0.532289
0.470423
0.410005
0.354679
0.306386
0.266041
0.233591
0.208231
0.188771
0.173961
0.162706
0.15414
0.147614
0.142658
0.138925
0.136158
0.134163
0.132788
0.13191
0.131434
0.131278
0.131379
0.131682
0.132141
0.132718
0.133377
0.134089
0.134825
0.135588
0.136343
0.137058
0.137704
0.13825
0.138663
0.138913
0.138967
0.138792
0.138353
0.137615
0.136539
0.135092
0.00599111
0.00598173
0.00597277
0.00596478
0.0059585
0.00595493
0.0059552
0.00596068
0.00597288
0.00599352
0.00602446
0.00606772
0.00612549
0.00620004
0.00629375
0.00640906
0.00654845
0.00671441
0.00690946
0.00713609
0.00739662
0.00769293
0.008026
0.00839507
0.0087965
0.00922273
0.00966318
0.0101116
0.0105873
0.0111743
0.0120748
0.0136629
0.0165404
0.0215952
0.0300475
0.043448
0.0635923
0.0923167
0.131169
0.180998
0.241575
0.311387
0.38773
0.467087
0.545669
0.619924
0.686889
0.744343
0.790814
0.825488
0.848078
0.8587
0.85776
0.845861
0.823751
0.792281
0.752404
0.70519
0.651871
0.593906
0.533025
0.471256
0.411048
0.355138
0.306757
0.266719
0.234794
0.210041
0.191175
0.17691
0.166145
0.158025
0.151912
0.147339
0.14396
0.141516
0.139811
0.138691
0.138035
0.137746
0.137747
0.137975
0.138378
0.138913
0.139542
0.140232
0.140953
0.141695
0.142443
0.143165
0.143829
0.144406
0.144865
0.145174
0.145304
0.145221
0.144893
0.144285
0.143361
0.14209
0.00599164
0.00598263
0.00597416
0.00596664
0.00596066
0.00595696
0.00595642
0.00596011
0.00596928
0.0059854
0.00601016
0.00604549
0.00609353
0.00615665
0.00623736
0.00633831
0.00646224
0.0066119
0.00679004
0.00699934
0.00724233
0.00752131
0.0078382
0.00819415
0.00858898
0.00902003
0.00948076
0.00995988
0.0104439
0.0109283
0.0114438
0.0120988
0.0131305
0.0149552
0.0182201
0.0238558
0.0331112
0.047537
0.0688826
0.0988779
0.138901
0.189586
0.25048
0.319894
0.395039
0.472416
0.54833
0.619357
0.682658
0.736109
0.778304
0.808465
0.826325
0.832011
0.825937
0.808737
0.781214
0.744332
0.699233
0.647273
0.590079
0.529601
0.468151
0.408329
0.352562
0.304829
0.26571
0.234827
0.211086
0.193122
0.17963
0.16953
0.161986
0.15638
0.152252
0.149264
0.14716
0.145744
0.144866
0.144409
0.144281
0.144408
0.144731
0.145202
0.145781
0.146432
0.147124
0.147829
0.14855
0.149259
0.149924
0.150516
0.151004
0.15136
0.151553
0.151552
0.151325
0.15084
0.150062
0.148961
0.00599233
0.00598374
0.00597576
0.00596873
0.00596308
0.00595942
0.00595851
0.00596127
0.00596888
0.00598269
0.00600433
0.00603566
0.00607878
0.00613597
0.00620968
0.00630246
0.00641694
0.00655581
0.00672174
0.00691741
0.00714545
0.00740838
0.00770852
0.00804787
0.00842782
0.00884867
0.00930862
0.00980228
0.0103191
0.0108438
0.0113619
0.0118775
0.0124459
0.0132197
0.0144976
0.0167715
0.020776
0.027533
0.0383703
0.0548787
0.0787755
0.111653
0.154631
0.207979
0.270834
0.341145
0.415891
0.491512
0.564399
0.631309
0.689616
0.737397
0.773411
0.797003
0.807999
0.806593
0.793278
0.76879
0.734105
0.690445
0.639321
0.582572
0.522398
0.461336
0.402123
0.34757
0.301091
0.263498
0.234148
0.211779
0.194973
0.18244
0.173134
0.166254
0.161205
0.157546
0.154947
0.153163
0.152005
0.151332
0.151033
0.151023
0.151234
0.151612
0.152113
0.152699
0.153336
0.153997
0.154666
0.155339
0.155983
0.15657
0.157071
0.157457
0.157698
0.157765
0.157629
0.157256
0.156615
0.155677
0.00599319
0.00598508
0.00597762
0.00597103
0.00596562
0.00596184
0.00596032
0.00596183
0.00596737
0.00597817
0.00599574
0.00602186
0.0060586
0.00610823
0.00617325
0.00625627
0.00636001
0.00648725
0.00664081
0.00682352
0.00703819
0.0072875
0.00757398
0.00789992
0.00826724
0.0086773
0.00913052
0.00962544
0.0101573
0.0107165
0.011287
0.0118502
0.0123962
0.0129495
0.013609
0.0145958
0.0162987
0.0193204
0.0245221
0.0330573
0.046364
0.0660817
0.0938658
0.131091
0.178488
0.235796
0.301589
0.373336
0.447731
0.521155
0.590138
0.651684
0.703455
0.743798
0.771691
0.786656
0.78866
0.778051
0.755512
0.722057
0.679039
0.628171
0.571549
0.51164
0.451234
0.3933
0.34062
0.296191
0.260741
0.233351
0.212635
0.197168
0.185704
0.177252
0.171058
0.166559
0.163337
0.161081
0.159561
0.158603
0.158075
0.157877
0.157932
0.158178
0.158565
0.159053
0.159607
0.160197
0.160794
0.161405
0.162005
0.162565
0.163057
0.163454
0.163726
0.163846
0.163784
0.163512
0.162996
0.162213
0.00599422
0.00598678
0.00598005
0.00597404
0.005969
0.00596545
0.00596404
0.00596554
0.0059709
0.00598133
0.00599829
0.00602351
0.00605893
0.00610673
0.00616922
0.0062488
0.0063479
0.00646899
0.00661463
0.00678746
0.00699015
0.00722538
0.00749581
0.00780402
0.00815246
0.00854332
0.0089784
0.00945865
0.00998337
0.0105488
0.011146
0.0117596
0.0123688
0.012956
0.013527
0.014146
0.0149809
0.01635
0.0187658
0.0229783
0.0300138
0.0411864
0.0580496
0.0822574
0.115314
0.158233
0.211175
0.273187
0.342164
0.415073
0.488366
0.558454
0.622082
0.676574
0.719912
0.750734
0.768272
0.772291
0.763034
0.741198
0.707916
0.664745
0.613667
0.557069
0.497703
0.438579
0.38271
0.332726
0.291126
0.258323
0.233179
0.214261
0.200189
0.189795
0.182161
0.176591
0.172561
0.169688
0.167685
0.166342
0.165502
0.165046
0.164884
0.164944
0.165172
0.165522
0.165955
0.16644
0.166948
0.167464
0.16799
0.168497
0.168957
0.169342
0.169625
0.169779
0.169776
0.169588
0.169186
0.168544
0.00599637
0.00599249
0.00599142
0.00599328
0.00599866
0.00600825
0.00602267
0.00604247
0.00606822
0.00610045
0.00613972
0.00618653
0.0062414
0.00630492
0.00637776
0.0064608
0.00655516
0.00666241
0.00678475
0.00692509
0.00708692
0.00727432
0.00749181
0.00774411
0.00803597
0.0083719
0.00875593
0.00919134
0.00968017
0.0102224
0.0108147
0.0114483
0.0121077
0.0127706
0.0134142
0.0140321
0.0146652
0.0154441
0.0166366
0.0186921
0.0222847
0.0283521
0.0381175
0.0530628
0.0748212
0.104962
0.144673
0.194396
0.25352
0.320269
0.391842
0.464777
0.535408
0.600268
0.656376
0.701382
0.733623
0.752113
0.756515
0.747101
0.724709
0.690696
0.646901
0.5956
0.539457
0.48143
0.42459
0.371821
0.32541
0.287224
0.257327
0.234481
0.217299
0.204498
0.195025
0.188052
0.182948
0.179239
0.176577
0.174705
0.173434
0.172621
0.17216
0.171966
0.171975
0.172134
0.172401
0.17274
0.173121
0.173517
0.173938
0.174364
0.174765
0.175116
0.175388
0.175555
0.175592
0.175471
0.175165
0.17465
0.00607414
0.00622581
0.00646576
0.00680104
0.00722899
0.00774378
0.00833764
0.0089992
0.00971247
0.0104569
0.0112078
0.0119375
0.0126169
0.0132172
0.0137125
0.014082
0.0143117
0.0143961
0.0143384
0.0141504
0.013852
0.0134694
0.0130334
0.0125769
0.012133
0.0117334
0.0114062
0.0111757
0.0110608
0.0110753
0.0112263
0.0115141
0.0119294
0.0124523
0.0130517
0.013691
0.0143433
0.0150201
0.0158142
0.0169488
0.0188244
0.0220617
0.0275397
0.0364205
0.0501358
0.0702984
0.0985121
0.136072
0.183601
0.240717
0.305864
0.376389
0.448852
0.519466
0.584536
0.640813
0.685716
0.717448
0.735013
0.738185
0.72743
0.703831
0.669008
0.625053
0.57446
0.520036
0.464762
0.411554
0.362946
0.320744
0.28611
0.258957
0.238112
0.222298
0.210409
0.201541
0.194954
0.19008
0.186496
0.183885
0.182016
0.180712
0.179841
0.179303
0.179019
0.178924
0.17897
0.179114
0.179326
0.179578
0.179853
0.180165
0.180482
0.180773
0.181011
0.18117
0.181225
0.181151
0.180923
0.180521
0.0141258
0.0219779
0.0307625
0.0402969
0.0500319
0.0596257
0.0688533
0.0774903
0.085309
0.0921015
0.0976905
0.101934
0.104731
0.106029
0.105827
0.104184
0.101206
0.0970537
0.0919079
0.0859754
0.0794771
0.0726358
0.0656667
0.0587685
0.0521159
0.0458539
0.0400953
0.0349206
0.0303796
0.026495
0.0232661
0.0206727
0.0186791
0.0172355
0.0162808
0.0157435
0.0155471
0.0156221
0.0159294
0.0164982
0.0174786
0.0191991
0.0222171
0.0273583
0.0357408
0.0487648
0.0680346
0.0951791
0.131557
0.17788
0.233842
0.297908
0.367355
0.438602
0.507711
0.570902
0.624956
0.667431
0.696746
0.712144
0.713619
0.701825
0.677991
0.64385
0.601569
0.55366
0.50286
0.451941
0.403451
0.359447
0.321281
0.289515
0.264358
0.244654
0.229441
0.217897
0.209195
0.202657
0.197761
0.194112
0.191411
0.189435
0.188013
0.187017
0.186346
0.185922
0.185682
0.185577
0.185568
0.185623
0.185724
0.185895
0.186101
0.186307
0.186486
0.186612
0.186662
0.186613
0.186442
0.186135
0.0226001
0.0306505
0.0399221
0.0509624
0.0631678
0.0759986
0.0891968
0.102595
0.116003
0.129221
0.142062
0.154348
0.165906
0.176572
0.18619
0.194646
0.201795
0.206625
0.209078
0.209155
0.206925
0.202529
0.196175
0.188113
0.178662
0.168149
0.156903
0.145239
0.133449
0.121787
0.110467
0.0996596
0.0894973
0.0800747
0.0714532
0.0636646
0.056715
0.0505902
0.0452632
0.0407057
0.036906
0.0338942
0.0317763
0.030772
0.0312553
0.0337913
0.0391611
0.0483567
0.0625282
0.0828668
0.110426
0.145898
0.189398
0.240291
0.297123
0.357667
0.419107
0.478297
0.532099
0.577692
0.612838
0.636049
0.64666
0.644809
0.631362
0.60779
0.576013
0.538235
0.496774
0.45391
0.411771
0.372222
0.336745
0.306224
0.28098
0.261347
0.24622
0.234625
0.225781
0.219045
0.21391
0.209993
0.207002
0.204718
0.202977
0.201648
0.200633
0.199853
0.199244
0.198755
0.198344
0.197977
0.197664
0.197422
0.197222
0.197034
0.196835
0.196602
0.196314
0.195956
0.0180752
0.0170753
0.01613
0.0151136
0.0142152
0.0135242
0.0130331
0.0127373
0.0126365
0.0127287
0.01301
0.0134776
0.0141303
0.0149676
0.015986
0.017167
0.0188489
0.0235561
0.030631
0.0394466
0.0494509
0.060172
0.0712301
0.0822861
0.0921148
0.100097
0.106025
0.10981
0.111501
0.111287
0.10942
0.106181
0.101857
0.0967234
0.0910292
0.0849987
0.0788268
0.0726796
0.0666945
0.060984
0.0556409
0.0507485
0.0463957
0.042698
0.0398235
0.0380241
0.0376677
0.0392673
0.043496
0.0511792
0.0632499
0.0806615
0.104261
0.134634
0.17194
0.215773
0.265066
0.318085
0.372528
0.42573
0.474944
0.517638
0.551762
0.575915
0.589434
0.592366
0.585387
0.569665
0.5467
0.518191
0.485916
0.451656
0.417132
0.38392
0.353338
0.326331
0.303308
0.284189
0.269014
0.257089
0.247732
0.240394
0.234624
0.230069
0.226454
0.223566
0.221242
0.219353
0.2178
0.216499
0.215386
0.214406
0.213515
0.212672
0.211897
0.211217
0.210616
0.210081
0.209598
0.209157
0.0182712
0.0166779
0.0153096
0.0140983
0.012994
0.0120261
0.01118
0.0104303
0.0097582
0.00915364
0.00860992
0.00812215
0.00768689
0.0073028
0.00697182
0.00670218
0.00650695
0.00640633
0.00641146
0.00653503
0.00679907
0.00723661
0.00787586
0.00878685
0.0119073
0.0178269
0.0259656
0.0357017
0.0461616
0.055815
0.0640243
0.0704109
0.0748794
0.0775212
0.0785279
0.0781335
0.076582
0.0741108
0.0709429
0.0672827
0.0633147
0.0592045
0.0551032
0.0511562
0.047516
0.0443614
0.0419197
0.040494
0.0404885
0.0424299
0.0469738
0.054891
0.0670237
0.0842097
0.107173
0.136388
0.171933
0.213353
0.259575
0.308903
0.359142
0.407815
0.452452
0.490873
0.521401
0.542986
0.555222
0.558289
0.552851
0.539931
0.520803
0.496902
0.469745
0.440867
0.411735
0.383654
0.357666
0.334468
0.314396
0.297416
0.283381
0.272034
0.262863
0.25544
0.249407
0.244473
0.240408
0.237029
0.234196
0.231794
0.229735
0.22795
0.226382
0.224986
0.223727
0.222572
0.221544
0.220659
0.219915
0.219307
0.0178609
0.016367
0.0149995
0.0137572
0.0126471
0.0116776
0.0108269
0.0100782
0.00941931
0.00884107
0.00833689
0.00790197
0.00753276
0.00722657
0.00698094
0.00679358
0.00666241
0.00658617
0.00656387
0.00659344
0.00667024
0.00678692
0.00693639
0.00711907
0.00734557
0.00764737
0.00809621
0.00881094
0.0102593
0.0140474
0.0203691
0.0285658
0.0372451
0.0453263
0.0520986
0.0572526
0.0607606
0.0627456
0.0633971
0.0629277
0.0615522
0.0594775
0.0568987
0.0539988
0.0509535
0.04794
0.0451503
0.0428097
0.041199
0.0406771
0.041702
0.0448438
0.0507828
0.060287
0.0741617
0.0931669
0.117902
0.148662
0.185285
0.227033
0.272541
0.319897
0.366838
0.411024
0.450324
0.483033
0.507994
0.524631
0.5329
0.533211
0.526327
0.513271
0.495246
0.473558
0.449548
0.424511
0.399627
0.375878
0.353988
0.334396
0.317267
0.302541
0.290047
0.27965
0.270994
0.26377
0.257713
0.252604
0.248264
0.244551
0.241354
0.238583
0.236167
0.234052
0.232194
0.230559
0.229119
0.22786
0.226797
0.225941
0.0178014
0.016303
0.0148994
0.0136594
0.0125758
0.0116433
0.0108404
0.010154
0.00957659
0.00910556
0.00874027
0.0084803
0.00832382
0.00826683
0.00830269
0.00842239
0.00861495
0.00886824
0.00916951
0.00950615
0.00986627
0.0102397
0.010619
0.0110019
0.011391
0.0117878
0.0121842
0.0125563
0.0128621
0.0130637
0.0132779
0.0140738
0.0166304
0.0215596
0.0282624
0.0355061
0.0421642
0.047576
0.0515101
0.0539942
0.0551783
0.0552592
0.0544456
0.052942
0.0509446
0.0486422
0.0462227
0.0438854
0.0418563
0.0404081
0.0398817
0.0407061
0.0434137
0.048644
0.05713
0.06966
0.087006
0.109814
0.138459
0.172873
0.212409
0.255787
0.301172
0.346388
0.389206
0.427619
0.460035
0.485382
0.503114
0.513173
0.515899
0.511956
0.502237
0.487796
0.469773
0.449328
0.427584
0.405559
0.384114
0.363909
0.345386
0.328769
0.314104
0.301303
0.290231
0.28078
0.272703
0.265786
0.259838
0.254701
0.250244
0.246363
0.242973
0.240008
0.237415
0.235155
0.233195
0.231512
0.230088
0.228917
0.0175771
0.0161266
0.0147505
0.0135445
0.0125322
0.0117211
0.011111
0.010714
0.0105399
0.010589
0.0108503
0.0113017
0.0119118
0.0126437
0.0134588
0.0143194
0.015192
0.0160479
0.0168642
0.0176236
0.0183138
0.0189267
0.0194579
0.0199063
0.0202742
0.0205689
0.020804
0.0209975
0.0211775
0.0213959
0.0216565
0.0218514
0.0218641
0.0218803
0.0228515
0.0257442
0.0305737
0.0362917
0.0416652
0.0459408
0.0488682
0.0504926
0.0509863
0.05056
0.0494255
0.0477837
0.045825
0.0437372
0.0417179
0.0399912
0.0388276
0.0385643
0.0396263
0.0425412
0.0479452
0.0565723
0.0692176
0.0866633
0.109558
0.138245
0.172579
0.211781
0.254423
0.298575
0.34207
0.382807
0.418993
0.449284
0.472841
0.489302
0.498721
0.501492
0.498263
0.489863
0.477236
0.461382
0.4433
0.423942
0.404165
0.384695
0.366098
0.348766
0.33293
0.318678
0.305991
0.294775
0.284912
0.27632
0.268828
0.262282
0.256552
0.251525
0.247107
0.243224
0.239816
0.236835
0.234246
0.23202
0.230138
0.228583
0.0174083
0.0160336
0.0147593
0.0138229
0.0133493
0.0133973
0.0139751
0.0150515
0.0165472
0.0183515
0.0203437
0.022411
0.0244573
0.0264073
0.0282066
0.029819
0.0312238
0.0324117
0.0333828
0.0341436
0.0347055
0.0350843
0.0353004
0.0353797
0.0353523
0.035274
0.0352486
0.0352585
0.0352741
0.0352333
0.0350796
0.0347901
0.0343135
0.0335783
0.032601
0.0317492
0.0319394
0.0340726
0.0379211
0.0421814
0.0456687
0.0478951
0.0488726
0.0488147
0.0479709
0.0465686
0.0448043
0.0428533
0.0408867
0.0390895
0.0376805
0.0369334
0.0371971
0.0389162
0.0426456
0.049055
0.0589156
0.073052
0.0922458
0.117073
0.147692
0.183643
0.223769
0.26632
0.309217
0.350366
0.387924
0.42046
0.447014
0.467083
0.480566
0.487689
0.48893
0.484948
0.476524
0.464505
0.449757
0.433131
0.41542
0.39733
0.379454
0.362256
0.346066
0.331087
0.317416
0.305065
0.293986
0.284097
0.275285
0.267471
0.26056
0.254441
0.24902
0.244219
0.239975
0.236237
0.232964
0.230125
0.227696
0.225659
0.0172729
0.0165987
0.0167613
0.0182687
0.0211335
0.0249988
0.0294186
0.0340092
0.0384725
0.0426053
0.0462889
0.0494673
0.0521264
0.0542782
0.0559501
0.0571781
0.0580017
0.0584622
0.0586013
0.0584618
0.058088
0.0575292
0.0568508
0.0561755
0.0554755
0.0546898
0.0537278
0.0526092
0.0513563
0.0499911
0.0485313
0.0469854
0.0453503
0.0436159
0.0417903
0.0399646
0.0384477
0.0379252
0.0392189
0.0422157
0.0454917
0.0477003
0.0484754
0.0480794
0.0469032
0.0452613
0.0433667
0.0413709
0.0394042
0.0376056
0.0361469
0.0352523
0.0352181
0.0364334
0.0393981
0.0447366
0.0531974
0.0656222
0.0828632
0.105617
0.134182
0.168222
0.206662
0.247809
0.289636
0.330112
0.367459
0.4003
0.427703
0.449159
0.464521
0.473939
0.477789
0.476614
0.471065
0.461862
0.449751
0.435472
0.419734
0.403185
0.386392
0.369825
0.353852
0.338732
0.324633
0.311639
0.299769
0.289
0.279274
0.270521
0.262662
0.255614
0.249298
0.243641
0.238605
0.234134
0.230184
0.22672
0.223714
0.221146
0.0210871
0.0271597
0.0355528
0.0451286
0.0546393
0.0632157
0.0705456
0.076598
0.081446
0.0852024
0.0879903
0.0899285
0.091126
0.0916813
0.0916822
0.0912074
0.0903273
0.0891068
0.087608
0.0858968
0.0840576
0.0821532
0.0801125
0.0778311
0.0753456
0.0727029
0.0699463
0.0671173
0.0642535
0.0613877
0.0585458
0.0557471
0.0530051
0.0503347
0.0477682
0.0453862
0.0433734
0.0421232
0.0423009
0.0443526
0.0472846
0.0490327
0.0488067
0.0472954
0.0452372
0.0431082
0.0410385
0.0390366
0.037157
0.0354823
0.0341558
0.0333835
0.0334296
0.0346561
0.0375412
0.0426967
0.0508753
0.0629466
0.0798062
0.102178
0.130328
0.163818
0.201457
0.241499
0.281974
0.320989
0.356936
0.388604
0.415206
0.436322
0.451838
0.461887
0.466794
0.467024
0.463136
0.455744
0.44549
0.433014
0.418934
0.403825
0.388202
0.372507
0.357101
0.34226
0.328181
0.314989
0.30275
0.291481
0.281165
0.271764
0.263224
0.255485
0.248488
0.242173
0.23649
0.231392
0.22684
0.222801
0.219248
0.21616
0.0616762
0.0826971
0.0983738
0.110305
0.119269
0.125802
0.130359
0.133307
0.13494
0.135491
0.135146
0.134059
0.132357
0.130145
0.127515
0.124545
0.121298
0.11784
0.114242
0.110536
0.106654
0.10256
0.0983314
0.0940292
0.0897067
0.0854115
0.0811843
0.0770591
0.0730635
0.0692199
0.0655457
0.0620544
0.0587564
0.0556638
0.0528047
0.0502507
0.0483095
0.0472849
0.047277
0.0478595
0.0481878
0.0475566
0.045935
0.0438095
0.0416059
0.0395502
0.0376694
0.0359405
0.0343956
0.0331127
0.0322301
0.0319497
0.0325404
0.0343699
0.0379257
0.0438328
0.0528577
0.0658695
0.0837164
0.106992
0.135749
0.169317
0.206361
0.24515
0.28389
0.320973
0.354822
0.384165
0.408693
0.428171
0.442562
0.452004
0.456791
0.457335
0.454126
0.447699
0.438606
0.4274
0.414614
0.400745
0.386246
0.371511
0.356871
0.34259
0.328867
0.315844
0.303607
0.292201
0.281638
0.271905
0.262972
0.254799
0.247342
0.240556
0.234397
0.228825
0.223807
0.219312
0.215317
0.211801
0.158101
0.174409
0.183483
0.18846
0.19073
0.191022
0.189814
0.187469
0.184265
0.18041
0.176061
0.171332
0.166306
0.161043
0.155618
0.150122
0.1446
0.139077
0.1335
0.127856
0.122207
0.116594
0.111055
0.105619
0.100309
0.0951372
0.0901086
0.0852191
0.0804581
0.0758115
0.0712686
0.0668341
0.0625465
0.0584976
0.0548339
0.0517169
0.0492593
0.0474276
0.046055
0.0448844
0.0436332
0.042121
0.0403797
0.0385845
0.0368852
0.035353
0.0339969
0.0328294
0.0319094
0.0313435
0.0312955
0.0319939
0.0337449
0.036955
0.0421483
0.0499718
0.0611719
0.0765142
0.0966204
0.121741
0.151556
0.185131
0.221067
0.257768
0.293675
0.327406
0.357791
0.384054
0.405892
0.423174
0.43589
0.444069
0.447964
0.448077
0.444857
0.438775
0.430317
0.419958
0.408153
0.395329
0.38187
0.368115
0.354354
0.340823
0.327706
0.31514
0.303219
0.292
0.28151
0.271756
0.262724
0.254392
0.246729
0.239703
0.23328
0.227429
0.222119
0.217326
0.21303
0.209211
0.260323
0.259369
0.256013
0.250819
0.244463
0.237423
0.230025
0.22248
0.214907
0.207366
0.199882
0.192477
0.18517
0.177973
0.170864
0.163803
0.15678
0.149772
0.142796
0.13585
0.128935
0.122051
0.115194
0.108366
0.101574
0.0948372
0.0881926
0.0816976
0.0754293
0.06948
0.0639472
0.0589198
0.0544652
0.0506217
0.0473947
0.0447561
0.0426408
0.0409456
0.0395435
0.038305
0.0371243
0.0359508
0.0348018
0.0337332
0.0327986
0.0320374
0.0314893
0.0312181
0.0313293
0.0319764
0.03337
0.0357878
0.0395865
0.0452122
0.053199
0.0641447
0.0786498
0.0972048
0.120038
0.146969
0.177339
0.210083
0.243901
0.277451
0.309508
0.339041
0.365272
0.387725
0.40619
0.420598
0.430981
0.437459
0.440262
0.439635
0.435998
0.429874
0.421707
0.411912
0.400874
0.388952
0.376464
0.363695
0.350886
0.338239
0.325913
0.314032
0.302684
0.291929
0.2818
0.272313
0.263467
0.255251
0.247647
0.240633
0.234183
0.228273
0.222879
0.217981
0.213561
0.209604
0.283772
0.278802
0.270653
0.260838
0.250347
0.239729
0.229262
0.219055
0.209116
0.199397
0.189827
0.180319
0.170947
0.161773
0.152819
0.144084
0.13553
0.127156
0.118976
0.111016
0.103303
0.0958689
0.0887509
0.0819873
0.0756166
0.0696745
0.0641921
0.0591937
0.0546947
0.0507012
0.0472083
0.0442005
0.0416523
0.0395287
0.0377868
0.0363771
0.035245
0.0343339
0.033591
0.0329741
0.0324592
0.0320454
0.0317558
0.0316301
0.0317185
0.0320845
0.0328122
0.034018
0.0358584
0.0385363
0.0423074
0.0474841
0.0544357
0.0635785
0.0753496
0.0901575
0.108307
0.129904
0.154774
0.182411
0.212013
0.242581
0.273053
0.302423
0.329828
0.354587
0.376227
0.394476
0.409224
0.420465
0.428273
0.432786
0.43419
0.432649
0.428449
0.422104
0.414062
0.404687
0.394307
0.383212
0.371665
0.359895
0.348097
0.336435
0.325043
0.314024
0.303455
0.29339
0.283865
0.274897
0.266494
0.25865
0.251357
0.244598
0.238357
0.232615
0.227353
0.222555
0.218203
0.214286
0.224344
0.215137
0.203146
0.190656
0.178473
0.166902
0.156056
0.145958
0.136591
0.12792
0.119903
0.112497
0.105557
0.0990032
0.09281
0.0869628
0.0814471
0.0762525
0.0713709
0.0667973
0.0625291
0.058565
0.0549038
0.0515443
0.0484843
0.0457205
0.0432479
0.0410599
0.0391483
0.037503
0.0361121
0.0349625
0.0340397
0.0333287
0.0328143
0.0324825
0.032321
0.0323214
0.0324817
0.0328083
0.033319
0.0340453
0.035033
0.0363436
0.0380555
0.0402682
0.043106
0.0467233
0.0513068
0.0570769
0.0642848
0.0732063
0.0841266
0.0973164
0.112995
0.131286
0.152164
0.175416
0.20062
0.227169
0.254326
0.281302
0.307335
0.331756
0.354021
0.373731
0.390628
0.404585
0.415571
0.423629
0.428852
0.431364
0.43129
0.428697
0.423852
0.417263
0.409328
0.400356
0.390616
0.380343
0.369746
0.359002
0.348268
0.337671
0.327317
0.31729
0.307651
0.298448
0.289711
0.281459
0.273698
0.26643
0.259648
0.253344
0.247503
0.242113
0.237158
0.232624
0.228496
0.224762
0.110835
0.105277
0.0994154
0.0939333
0.0888805
0.0842346
0.0799584
0.0760133
0.0723642
0.0689797
0.0658336
0.0629032
0.0601675
0.0576097
0.0552172
0.0529804
0.0508925
0.048949
0.0471467
0.045484
0.0439603
0.0425754
0.0413301
0.0402255
0.039263
0.0384444
0.0377716
0.0372469
0.0368731
0.0366532
0.0365912
0.0366917
0.0369606
0.0374056
0.0380365
0.0388661
0.0399113
0.041194
0.0427425
0.0445932
0.0467919
0.0493954
0.0524734
0.0561089
0.0604007
0.0654637
0.0714295
0.0784456
0.0866723
0.0962769
0.107425
0.120265
0.134915
0.151435
0.169806
0.189909
0.211508
0.234249
0.257678
0.281268
0.304468
0.326743
0.347618
0.366698
0.383683
0.398371
0.410652
0.42049
0.42791
0.432976
0.43577
0.436367
0.434782
0.43106
0.425611
0.418852
0.411084
0.402559
0.393486
0.384051
0.374412
0.364706
0.355051
0.345544
0.336264
0.327277
0.318629
0.310357
0.302486
0.29503
0.287997
0.281387
0.275198
0.269421
0.264048
0.259066
0.254465
0.25023
0.246349
0.242811
0.0855062
0.0830424
0.0805335
0.0781642
0.075942
0.0738598
0.0719093
0.0700832
0.0683752
0.0667802
0.065294
0.0639136
0.0626372
0.0614637
0.0603929
0.0594252
0.0585618
0.0578047
0.0571564
0.0566204
0.0562006
0.0559021
0.0557306
0.0556926
0.0557958
0.0560487
0.0564609
0.0570434
0.0578084
0.0587697
0.0599429
0.0613458
0.0629981
0.0649227
0.0671452
0.0696949
0.0726053
0.0759145
0.0796659
0.0839087
0.0886985
0.0940975
0.100175
0.107005
0.11467
0.123253
0.132839
0.143511
0.155341
0.168387
0.18268
0.198218
0.214954
0.232786
0.251555
0.271036
0.290948
0.310964
0.330727
0.349877
0.368068
0.384991
0.40039
0.414067
0.425888
0.435777
0.443712
0.449712
0.453821
0.456089
0.456544
0.455141
0.451874
0.447052
0.441032
0.434086
0.426438
0.418275
0.409756
0.401018
0.392178
0.383335
0.374575
0.365969
0.357574
0.349436
0.34159
0.334062
0.32687
0.320024
0.313529
0.307387
0.301594
0.296144
0.29103
0.286242
0.281771
0.277606
0.273736
0.270151
0.147694
0.146088
0.144349
0.142645
0.140999
0.139417
0.137905
0.136467
0.135109
0.133836
0.132655
0.13157
0.13059
0.129721
0.12897
0.128345
0.127854
0.127506
0.127311
0.12728
0.127422
0.12775
0.128277
0.129016
0.129983
0.131192
0.132662
0.134411
0.136459
0.138826
0.141536
0.144613
0.148083
0.151974
0.156314
0.161134
0.166466
0.172344
0.178801
0.185874
0.193596
0.202002
0.211124
0.220991
0.231627
0.243048
0.255258
0.268251
0.282
0.296457
0.311552
0.327185
0.343228
0.359526
0.375893
0.392126
0.408006
0.423307
0.437813
0.451319
0.463648
0.474654
0.484226
0.492293
0.498817
0.503794
0.507242
0.509194
0.509674
0.508684
0.506108
0.502004
0.496647
0.49029
0.483151
0.475417
0.467244
0.458764
0.450089
0.441315
0.432524
0.423785
0.415157
0.406689
0.398419
0.39038
0.382594
0.37508
0.367849
0.360908
0.354261
0.347907
0.341844
0.336067
0.33057
0.325348
0.320391
0.315694
0.311246
0.307041
0.276779
0.277106
0.277515
0.277956
0.278421
0.278913
0.279437
0.280001
0.280613
0.281283
0.282018
0.28283
0.28373
0.284728
0.285837
0.287071
0.288443
0.289968
0.29166
0.293537
0.295615
0.297912
0.300446
0.303237
0.306304
0.309668
0.313349
0.31737
0.32175
0.326511
0.331674
0.337259
0.343284
0.349768
0.356726
0.364171
0.372114
0.38056
0.389514
0.398971
0.408925
0.419361
0.430255
0.441579
0.453292
0.465346
0.477678
0.490216
0.502877
0.515563
0.528166
0.540568
0.552641
0.564253
0.57527
0.585557
0.594988
0.603446
0.610829
0.617052
0.622049
0.625776
0.628211
0.629348
0.629201
0.627792
0.625148
0.621288
0.616219
0.60978
0.602257
0.593873
0.584777
0.57513
0.565076
0.554739
0.544221
0.533612
0.522987
0.512409
0.501932
0.491602
0.481456
0.471524
0.461832
0.452398
0.443236
0.434356
0.425765
0.417465
0.409457
0.40174
0.394311
0.387164
0.380295
0.373699
0.367368
0.361296
0.355478
0.349908
0.419316
0.422299
0.426019
0.429972
0.434045
0.438217
0.442488
0.446864
0.45135
0.455956
0.46069
0.465561
0.470578
0.475752
0.481094
0.486615
0.492327
0.498241
0.504371
0.51073
0.51733
0.524185
0.531308
0.538712
0.546408
0.554409
0.562724
0.571363
0.580332
0.589636
0.599276
0.609251
0.619555
0.630176
0.641101
0.652306
0.663765
0.675442
0.687296
0.699278
0.711331
0.723391
0.735385
0.747235
0.758854
0.770153
0.781034
0.7914
0.801148
0.810178
0.818391
0.82569
0.831987
0.8372
0.841257
0.844099
0.845678
0.845961
0.844929
0.842574
0.838904
0.833933
0.827688
0.820199
0.811498
0.801614
0.790581
0.778416
0.765083
0.751095
0.73665
0.721855
0.706826
0.691673
0.676491
0.66136
0.646349
0.631516
0.616908
0.602565
0.588519
0.574796
0.561416
0.548393
0.535739
0.523462
0.511564
0.500047
0.48891
0.478151
0.467763
0.457742
0.44808
0.438771
0.429806
0.421176
0.412875
0.404894
0.397224
0.389861
0.511901
0.516756
0.522935
0.529575
0.536467
0.543563
0.55086
0.558361
0.566074
0.57401
0.582177
0.590586
0.599246
0.608169
0.617364
0.626843
0.636615
0.646692
0.657083
0.667797
0.678842
0.690227
0.701957
0.714037
0.726469
0.739253
0.752384
0.765857
0.77966
0.793777
0.808187
0.822862
0.837768
0.852865
0.868102
0.883422
0.89876
0.914042
0.929183
0.944094
0.958674
0.972819
0.986417
0.999353
1.01151
1.02276
1.033
1.04211
1.04999
1.05653
1.06165
1.06527
1.06734
1.0678
1.06664
1.06383
1.05939
1.05332
1.04566
1.03645
1.02573
1.01356
0.99999
0.985062
0.96882
0.951299
0.932556
0.912516
0.891936
0.871149
0.850274
0.82942
0.808689
0.788168
0.767931
0.748038
0.72854
0.709476
0.690876
0.672765
0.655159
0.638069
0.621504
0.605464
0.589951
0.574961
0.560488
0.546524
0.533061
0.520088
0.507595
0.495568
0.483996
0.472867
0.462167
0.451884
0.442007
0.432522
0.423418
0.414686
0.0267895
0.0268404
0.026888
0.0269335
0.0269777
0.0270212
0.0270646
0.0271083
0.0271527
0.0271981
0.0272447
0.0272927
0.0273421
0.0273929
0.0274452
0.0274989
0.0275539
0.0276101
0.0276673
0.0277254
0.0277842
0.0278435
0.0279031
0.0279626
0.0280219
0.0280807
0.0281388
0.0281958
0.0282515
0.0283055
0.0283577
0.0284077
0.0284552
0.0284999
0.0285415
0.0285797
0.0286143
0.0286448
0.0286711
0.0286928
0.0287095
0.0287211
0.0287273
0.0287276
0.0287219
0.0287098
0.028691
0.0286653
0.0286324
0.028592
0.0285438
0.0284875
0.0284229
0.0283497
0.0282677
0.0281765
0.028076
0.0279659
0.0278459
0.0277157
0.0275753
0.0274242
0.0272624
0.0270895
0.0269054
0.0267098
0.0265025
0.0262833
0.026052
0.0258082
0.025552
0.0252828
0.0250007
0.0247051
0.024396
0.024073
0.0237358
0.023384
0.0230171
0.0226348
0.0222365
0.0218214
0.021389
0.0209381
0.0204678
0.0199766
0.0194628
0.0189243
0.0183582
0.0177609
0.0171277
0.0164521
0.0157247
0.0149323
0.0140544
0.0130574
0.0118803
0.0103956
0.00827153
0.00456599
0.0322143
0.032065
0.0319118
0.0317573
0.0316034
0.0314515
0.0313031
0.0311594
0.0310215
0.0308903
0.0307668
0.0306516
0.0305454
0.0304486
0.0303617
0.030285
0.0302188
0.0301631
0.030118
0.0300836
0.0300599
0.0300466
0.0300436
0.0300508
0.0300678
0.0300944
0.0301301
0.0301747
0.0302276
0.0302885
0.0303568
0.030432
0.0305134
0.0306006
0.0306929
0.0307895
0.0308898
0.0309931
0.0310985
0.0312051
0.0313122
0.0314188
0.031524
0.0316267
0.0317259
0.0318206
0.0319096
0.0319918
0.0320661
0.0321312
0.0321859
0.032229
0.0322592
0.0322754
0.0322762
0.0322606
0.0322272
0.0321751
0.032103
0.03201
0.0318952
0.0317576
0.0315965
0.0314113
0.0312013
0.0309662
0.0307056
0.0304194
0.0301075
0.02977
0.0294072
0.0290194
0.0286071
0.0281708
0.0277113
0.0272292
0.0267254
0.0262007
0.025656
0.0250919
0.0245093
0.0239087
0.0232905
0.0226549
0.0220017
0.0213306
0.0206405
0.01993
0.0191966
0.0184371
0.017647
0.0168198
0.0159466
0.0150142
0.014003
0.0128809
0.0115901
0.0100095
0.00781424
0.00397581
0.032154
0.0319191
0.0316956
0.0314871
0.0312951
0.0311203
0.0309629
0.0308224
0.030698
0.030589
0.0304943
0.0304126
0.0303428
0.0302837
0.0302341
0.0301928
0.0301587
0.0301306
0.0301074
0.0300883
0.030072
0.0300578
0.0300448
0.0300319
0.0300186
0.0300038
0.029987
0.0299673
0.0299442
0.0299168
0.0298847
0.0298473
0.0298039
0.0297541
0.0296974
0.0296333
0.0295614
0.0294814
0.0293929
0.0292957
0.0291893
0.0290737
0.0289486
0.0288138
0.0286693
0.028515
0.0283507
0.0281765
0.0279923
0.0277981
0.0275941
0.0273802
0.0271565
0.0269231
0.0266801
0.0264276
0.0261656
0.0258943
0.0256139
0.0253243
0.0250258
0.0247183
0.0244021
0.0240771
0.0237436
0.0234014
0.0230509
0.0226919
0.0223246
0.0219491
0.0215654
0.0211735
0.0207736
0.0203657
0.0199499
0.0195262
0.0190946
0.0186553
0.0182081
0.017753
0.0172901
0.0168193
0.0163402
0.0158527
0.0153564
0.0148508
0.0143351
0.0138082
0.0132687
0.0127146
0.0121433
0.0115508
0.0109318
0.0102783
0.00957793
0.00881116
0.00794361
0.00690885
0.00556516
0.00384872
0.0338683
0.0336708
0.0335017
0.033358
0.0332367
0.0331351
0.0330507
0.0329809
0.0329236
0.0328767
0.0328382
0.0328066
0.0327804
0.0327582
0.0327388
0.0327213
0.0327045
0.0326877
0.0326702
0.0326511
0.0326299
0.032606
0.0325788
0.0325479
0.0325127
0.0324728
0.0324277
0.0323772
0.0323208
0.0322582
0.032189
0.032113
0.0320298
0.0319391
0.0318408
0.0317345
0.03162
0.0314972
0.0313659
0.0312259
0.0310771
0.0309194
0.0307527
0.0305769
0.030392
0.030198
0.0299949
0.0297827
0.0295615
0.0293315
0.0290926
0.028845
0.0285889
0.0283244
0.0280519
0.0277713
0.0274831
0.0271874
0.0268845
0.0265747
0.0262583
0.0259355
0.0256067
0.0252721
0.0249321
0.0245868
0.0242367
0.023882
0.0235229
0.0231597
0.0227926
0.0224217
0.0220473
0.0216693
0.0212878
0.0209029
0.0205145
0.0201223
0.0197262
0.0193258
0.0189206
0.01851
0.0180932
0.0176694
0.0172371
0.0167949
0.0163411
0.0158731
0.0153881
0.0148824
0.0143512
0.0137883
0.013185
0.0125297
0.0118046
0.0109826
0.0100164
0.00881481
0.00717081
0.00474537
0.0374838
0.0372822
0.0371139
0.0369731
0.0368555
0.0367575
0.0366755
0.0366067
0.0365483
0.0364981
0.0364539
0.036414
0.036377
0.0363413
0.0363059
0.0362698
0.0362321
0.0361921
0.036149
0.0361024
0.0360517
0.0359965
0.0359363
0.0358709
0.0358
0.0357232
0.0356404
0.0355513
0.0354558
0.0353537
0.035245
0.0351294
0.035007
0.0348776
0.0347413
0.0345979
0.0344476
0.0342902
0.0341259
0.0339546
0.0337764
0.0335915
0.0333999
0.0332016
0.0329969
0.0327857
0.0325684
0.0323449
0.0321155
0.0318803
0.0316395
0.0313932
0.0311417
0.030885
0.0306233
0.0303569
0.0300858
0.0298103
0.0295304
0.0292464
0.0289583
0.0286661
0.0283702
0.0280704
0.0277668
0.0274595
0.0271484
0.0268335
0.0265147
0.0261919
0.025865
0.0255337
0.0251978
0.024857
0.0245109
0.024159
0.0238008
0.0234358
0.0230631
0.022682
0.0222914
0.0218902
0.0214772
0.0210508
0.0206092
0.0201502
0.0196713
0.0191694
0.0186407
0.0180805
0.017483
0.0168402
0.0161419
0.0153735
0.0145139
0.01353
0.0123651
0.0109092
0.00891187
0.00592701
0.0409789
0.0407342
0.0405297
0.0403574
0.0402124
0.04009
0.0399863
0.0398978
0.0398214
0.0397545
0.0396949
0.0396406
0.0395899
0.0395414
0.0394939
0.0394464
0.039398
0.0393479
0.0392955
0.0392403
0.0391818
0.0391196
0.0390533
0.0389828
0.0389077
0.0388278
0.0387431
0.0386533
0.0385583
0.0384581
0.0383525
0.0382415
0.0381252
0.0380034
0.0378761
0.0377434
0.0376052
0.0374616
0.0373126
0.0371583
0.0369987
0.0368338
0.0366637
0.0364884
0.0363081
0.0361227
0.0359324
0.0357372
0.0355371
0.0353322
0.0351227
0.0349084
0.0346895
0.0344659
0.0342378
0.0340052
0.0337679
0.0335261
0.0332797
0.0330287
0.032773
0.0325125
0.0322471
0.0319767
0.0317012
0.0314204
0.0311341
0.030842
0.0305439
0.0302395
0.0299283
0.0296101
0.0292842
0.0289503
0.0286077
0.0282558
0.0278938
0.0275208
0.027136
0.0267382
0.0263262
0.0258986
0.0254537
0.0249896
0.0245042
0.0239947
0.0234582
0.0228908
0.022288
0.0216441
0.0209518
0.0202017
0.0193811
0.0184723
0.0174495
0.0162723
0.0148715
0.0131126
0.0106907
0.00707433
0.0447616
0.0444685
0.0442239
0.0440181
0.0438451
0.0436997
0.0435773
0.0434736
0.0433853
0.0433092
0.0432428
0.0431838
0.0431303
0.0430807
0.0430336
0.0429878
0.0429423
0.0428964
0.0428492
0.0428002
0.0427489
0.0426949
0.0426377
0.0425772
0.042513
0.0424449
0.0423727
0.0422963
0.0422156
0.0421305
0.0420409
0.0419466
0.0418477
0.0417441
0.0416358
0.0415227
0.0414049
0.0412822
0.0411548
0.0410226
0.0408855
0.0407437
0.040597
0.0404455
0.0402892
0.0401281
0.0399621
0.0397913
0.0396156
0.039435
0.0392494
0.0390589
0.0388634
0.0386627
0.0384569
0.0382459
0.0380295
0.0378077
0.0375802
0.0373471
0.0371081
0.036863
0.0366116
0.0363537
0.036089
0.0358173
0.0355381
0.0352513
0.0349563
0.0346528
0.0343402
0.034018
0.0336857
0.0333425
0.0329877
0.0326206
0.0322401
0.0318454
0.0314351
0.0310081
0.0305628
0.0300975
0.0296104
0.0290991
0.028561
0.0279931
0.0273916
0.0267522
0.0260695
0.0253367
0.0245454
0.0236842
0.0227385
0.0216874
0.0205004
0.01913
0.0174948
0.0154364
0.0125928
0.00830353
0.0488423
0.0485048
0.0482235
0.0479875
0.04779
0.047625
0.0474872
0.047372
0.0472754
0.047194
0.0471247
0.0470651
0.047013
0.0469664
0.0469238
0.0468839
0.0468456
0.0468079
0.0467699
0.046731
0.0466906
0.0466482
0.0466035
0.0465559
0.0465053
0.0464514
0.046394
0.0463328
0.0462678
0.0461988
0.0461256
0.0460482
0.0459665
0.0458805
0.0457899
0.0456948
0.0455952
0.0454909
0.0453819
0.0452682
0.0451497
0.0450264
0.0448982
0.0447651
0.0446269
0.0444838
0.0443355
0.044182
0.0440232
0.0438591
0.0436896
0.0435145
0.0433338
0.0431472
0.0429548
0.0427562
0.0425515
0.0423403
0.0421225
0.0418978
0.0416661
0.0414271
0.0411804
0.0409258
0.0406629
0.0403914
0.0401109
0.0398208
0.0395208
0.0392102
0.0388886
0.0385552
0.0382093
0.0378501
0.0374769
0.0370885
0.0366839
0.036262
0.0358213
0.0353604
0.0348774
0.0343705
0.0338373
0.0332752
0.0326812
0.0320517
0.0313824
0.0306682
0.0299027
0.0290782
0.0281846
0.0272091
0.0261342
0.0249358
0.0235783
0.0220062
0.0201246
0.0177485
0.0144551
0.00949224
0.0532435
0.0528679
0.052555
0.0522927
0.0520736
0.0518912
0.0517399
0.0516145
0.0515106
0.0514246
0.051353
0.051293
0.0512422
0.0511986
0.0511604
0.051126
0.0510943
0.051064
0.0510344
0.0510045
0.0509739
0.0509418
0.0509078
0.0508715
0.0508326
0.0507907
0.0507456
0.050697
0.0506448
0.0505889
0.0505289
0.0504649
0.0503967
0.0503242
0.0502472
0.0501658
0.0500797
0.049989
0.0498935
0.0497932
0.0496879
0.0495776
0.0494622
0.0493417
0.0492158
0.0490845
0.0489478
0.0488055
0.0486574
0.0485035
0.0483437
0.0481777
0.0480053
0.0478266
0.0476412
0.0474489
0.0472496
0.0470429
0.0468287
0.0466067
0.0463766
0.046138
0.0458906
0.045634
0.0453679
0.0450917
0.044805
0.0445073
0.0441979
0.0438763
0.0435417
0.0431935
0.0428307
0.0424525
0.0420578
0.0416456
0.0412145
0.0407633
0.0402902
0.0397937
0.0392716
0.0387217
0.0381415
0.0375279
0.0368774
0.0361859
0.0354486
0.0346595
0.0338115
0.0328956
0.0319004
0.0308112
0.0296082
0.0282637
0.0267371
0.0249653
0.0228394
0.020148
0.0164035
0.0107169
0.0579005
0.057493
0.0571533
0.0568684
0.0566306
0.0564329
0.0562693
0.0561345
0.0560237
0.0559329
0.0558585
0.0557975
0.0557472
0.0557053
0.05567
0.0556396
0.0556127
0.0555881
0.0555648
0.0555418
0.0555186
0.0554944
0.0554687
0.055441
0.055411
0.0553782
0.0553425
0.0553034
0.0552609
0.0552146
0.0551645
0.0551103
0.0550519
0.0549892
0.054922
0.0548502
0.0547738
0.0546925
0.0546063
0.0545151
0.0544188
0.0543172
0.0542102
0.0540977
0.0539797
0.0538559
0.0537263
0.0535906
0.0534488
0.0533006
0.0531459
0.0529846
0.0528163
0.052641
0.0524584
0.0522682
0.0520701
0.051864
0.0516494
0.0514262
0.0511938
0.050952
0.0507003
0.0504383
0.0501656
0.0498815
0.0495856
0.0492772
0.0489557
0.0486203
0.0482703
0.0479048
0.0475228
0.0471233
0.0467052
0.0462672
0.0458078
0.0453255
0.0448186
0.0442849
0.0437224
0.0431284
0.0424999
0.0418336
0.0411256
0.0403711
0.0395647
0.0386998
0.0377681
0.0367596
0.0356615
0.034457
0.0331237
0.0316304
0.0299313
0.0279545
0.025577
0.0225586
0.0183438
0.0119208
0.0627803
0.0623469
0.061985
0.0616811
0.0614271
0.0612161
0.0610415
0.060898
0.0607805
0.0606847
0.060607
0.060544
0.0604931
0.0604517
0.0604178
0.0603897
0.0603659
0.060345
0.0603259
0.0603078
0.0602897
0.0602711
0.0602512
0.0602296
0.0602058
0.0601795
0.0601503
0.0601179
0.060082
0.0600425
0.0599991
0.0599516
0.0598999
0.0598438
0.0597831
0.0597177
0.0596474
0.0595722
0.0594919
0.0594064
0.0593154
0.059219
0.059117
0.0590091
0.0588954
0.0587755
0.0586494
0.0585169
0.0583778
0.0582319
0.0580791
0.057919
0.0577515
0.0575763
0.0573932
0.0572019
0.057002
0.0567933
0.0565754
0.056348
0.0561106
0.0558628
0.0556042
0.0553342
0.0550523
0.054758
0.0544506
0.0541293
0.0537935
0.0534424
0.053075
0.0526904
0.0522876
0.0518653
0.0514223
0.0509571
0.0504681
0.0499537
0.0494117
0.0488401
0.0482362
0.0475973
0.0469199
0.0462004
0.0454344
0.0446166
0.0437409
0.0427999
0.0417846
0.0406835
0.0394826
0.038163
0.0366999
0.0350582
0.0331869
0.0310057
0.0283769
0.0250312
0.0203418
0.0131415
0.0678399
0.0673859
0.0670061
0.0666866
0.0664193
0.0661969
0.0660129
0.0658616
0.0657379
0.0656374
0.0655562
0.0654909
0.0654387
0.0653969
0.0653634
0.0653364
0.0653142
0.0652955
0.0652792
0.0652641
0.0652494
0.0652343
0.0652183
0.0652008
0.0651812
0.0651591
0.0651342
0.0651062
0.0650747
0.0650396
0.0650005
0.0649572
0.0649096
0.0648575
0.0648007
0.064739
0.0646724
0.0646005
0.0645234
0.0644408
0.0643526
0.0642586
0.0641587
0.0640527
0.0639405
0.0638218
0.0636966
0.0635645
0.0634254
0.0632791
0.0631253
0.0629638
0.0627944
0.0626167
0.0624306
0.0622355
0.0620313
0.0618176
0.0615939
0.0613599
0.0611151
0.060859
0.0605912
0.060311
0.0600178
0.0597111
0.0593901
0.059054
0.058702
0.0583332
0.0579466
0.0575412
0.0571158
0.056669
0.0561995
0.0557056
0.0551856
0.0546376
0.0540593
0.0534484
0.052802
0.052117
0.0513897
0.0506159
0.0497909
0.0489088
0.0479629
0.046945
0.0458451
0.0446506
0.0433459
0.0419103
0.0403161
0.0385246
0.0364793
0.0340911
0.0312071
0.0275274
0.022351
0.0143535
0.0730522
0.0725826
0.0721891
0.0718575
0.0715795
0.0713479
0.0711562
0.0709983
0.0708693
0.0707645
0.07068
0.0706124
0.0705585
0.0705158
0.0704821
0.0704554
0.070434
0.0704164
0.0704016
0.0703882
0.0703756
0.0703628
0.0703491
0.070334
0.070317
0.0702975
0.0702752
0.0702497
0.0702207
0.070188
0.0701512
0.0701102
0.0700647
0.0700145
0.0699595
0.0698994
0.0698341
0.0697635
0.0696873
0.0696054
0.0695176
0.0694237
0.0693236
0.0692172
0.0691041
0.0689842
0.0688574
0.0687234
0.0685819
0.0684327
0.0682757
0.0681105
0.0679367
0.0677543
0.0675627
0.0673616
0.0671508
0.0669297
0.066698
0.0664552
0.0662008
0.0659343
0.0656551
0.0653626
0.0650562
0.0647351
0.0643986
0.0640458
0.0636758
0.0632876
0.0628802
0.0624523
0.0620027
0.06153
0.0610325
0.0605086
0.0599563
0.0593736
0.0587579
0.0581066
0.0574167
0.0566848
0.0559067
0.055078
0.0541933
0.0532464
0.0522298
0.0511346
0.0499497
0.0486616
0.0472529
0.0457011
0.0439758
0.0420347
0.0398154
0.0372202
0.034081
0.0300666
0.0243987
0.015573
0.0783891
0.0779086
0.0775053
0.0771648
0.0768791
0.0766406
0.0764429
0.07628
0.0761467
0.0760385
0.0759512
0.0758814
0.0758261
0.0757824
0.0757481
0.0757213
0.0757001
0.0756831
0.075669
0.0756566
0.075645
0.0756334
0.075621
0.0756072
0.0755914
0.0755732
0.0755522
0.0755278
0.0754999
0.0754681
0.0754321
0.0753917
0.0753467
0.0752968
0.0752418
0.0751816
0.075116
0.0750446
0.0749675
0.0748844
0.0747952
0.0746995
0.0745974
0.0744885
0.0743726
0.0742496
0.0741192
0.0739812
0.0738354
0.0736815
0.0735192
0.0733482
0.0731683
0.072979
0.0727801
0.0725712
0.0723518
0.0721216
0.07188
0.0716266
0.0713609
0.0710822
0.07079
0.0704836
0.0701622
0.0698252
0.0694716
0.0691006
0.0687111
0.0683021
0.0678725
0.0674208
0.0669458
0.0664458
0.0659193
0.0653642
0.0647784
0.0641598
0.0635056
0.0628129
0.0620785
0.0612985
0.0604686
0.0595839
0.0586385
0.0576257
0.0565374
0.0553637
0.0540928
0.0527099
0.0511961
0.0495269
0.0476692
0.045577
0.0431825
0.040379
0.0369826
0.032631
0.0264662
0.0167903
0.0838294
0.0833427
0.0829336
0.0825877
0.082297
0.082054
0.0818523
0.081686
0.0815498
0.0814391
0.08135
0.0812787
0.0812222
0.0811777
0.081143
0.081116
0.0810949
0.0810781
0.0810643
0.0810524
0.0810414
0.0810303
0.0810184
0.0810052
0.0809899
0.080972
0.0809512
0.080927
0.0808991
0.0808671
0.0808308
0.0807898
0.080744
0.0806931
0.0806369
0.0805751
0.0805077
0.0804343
0.0803549
0.0802691
0.0801769
0.0800779
0.0799721
0.0798592
0.079739
0.0796112
0.0794757
0.0793322
0.0791804
0.07902
0.0788508
0.0786724
0.0784846
0.0782869
0.078079
0.0778604
0.0776309
0.0773898
0.0771367
0.076871
0.0765922
0.0762997
0.0759928
0.0756708
0.0753329
0.0749782
0.0746059
0.074215
0.0738044
0.0733729
0.0729194
0.0724423
0.0719401
0.0714113
0.0708539
0.0702659
0.0696451
0.0689889
0.0682946
0.0675589
0.0667782
0.0659486
0.0650653
0.064123
0.0631153
0.062035
0.0608733
0.0596197
0.0582612
0.0567819
0.0551614
0.0533731
0.0513814
0.0491362
0.0465643
0.04355
0.0398938
0.0352011
0.0285339
0.0180083
0.0899149
0.0894193
0.0890019
0.0886483
0.0883504
0.0881009
0.0878933
0.0877215
0.0875803
0.0874652
0.087372
0.0872971
0.0872374
0.08719
0.0871526
0.0871231
0.0870996
0.0870806
0.0870647
0.0870507
0.0870376
0.0870244
0.0870103
0.0869947
0.086977
0.0869565
0.0869329
0.0869057
0.0868746
0.0868391
0.086799
0.086754
0.0867039
0.0866483
0.0865871
0.08652
0.0864469
0.0863675
0.0862816
0.086189
0.0860895
0.0859829
0.085869
0.0857475
0.0856183
0.085481
0.0853355
0.0851814
0.0850186
0.0848466
0.0846653
0.0844741
0.0842729
0.0840612
0.0838387
0.0836048
0.0833591
0.0831011
0.0828304
0.0825462
0.0822481
0.0819353
0.0816072
0.0812629
0.0809016
0.0805224
0.0801244
0.0797065
0.0792675
0.0788062
0.0783213
0.0778111
0.0772742
0.0767087
0.0761126
0.0754837
0.0748196
0.0741176
0.0733747
0.0725875
0.071752
0.070864
0.0699183
0.0689093
0.0678302
0.066673
0.0654283
0.0640848
0.0626286
0.0610425
0.0593043
0.0573856
0.0552478
0.052837
0.0500739
0.0468336
0.0429003
0.0378467
0.0306526
0.0192236
0.0971155
0.09662
0.0962023
0.095848
0.0955493
0.0952989
0.0950903
0.0949177
0.0947759
0.0946603
0.0945666
0.0944915
0.0944316
0.0943842
0.0943469
0.0943175
0.0942943
0.0942755
0.0942597
0.0942458
0.0942327
0.0942194
0.0942051
0.094189
0.0941706
0.0941493
0.0941246
0.0940959
0.094063
0.0940255
0.0939831
0.0939353
0.0938821
0.0938231
0.093758
0.0936866
0.0936088
0.0935242
0.0934327
0.0933341
0.093228
0.0931144
0.092993
0.0928635
0.0927257
0.0925794
0.0924243
0.09226
0.0920864
0.0919031
0.0917098
0.091506
0.0912915
0.0910659
0.0908286
0.0905794
0.0903175
0.0900426
0.0897541
0.0894513
0.0891336
0.0888003
0.0884506
0.0880837
0.0876987
0.0872946
0.0868705
0.086425
0.0859571
0.0854654
0.0849483
0.0844044
0.0838317
0.0832284
0.0825923
0.0819211
0.0812121
0.0804623
0.0796686
0.0788271
0.0779337
0.0769836
0.0759713
0.0748906
0.073734
0.072493
0.0711571
0.0697141
0.0681487
0.0664421
0.0645701
0.0625015
0.060194
0.0575885
0.0545981
0.0510855
0.0468134
0.0413103
0.0334424
0.0207991
0.104429
0.10394
0.103527
0.103177
0.102882
0.102635
0.102429
0.102258
0.102119
0.102005
0.101913
0.101839
0.101781
0.101735
0.101699
0.10167
0.101648
0.10163
0.101615
0.101602
0.101589
0.101576
0.101562
0.101546
0.101526
0.101504
0.101478
0.101448
0.101413
0.101373
0.101328
0.101277
0.10122
0.101157
0.101088
0.101012
0.100928
0.100838
0.10074
0.100634
0.100521
0.100399
0.100269
0.100131
0.0999834
0.0998269
0.099661
0.0994854
0.0992998
0.0991038
0.0988972
0.0986795
0.0984503
0.0982093
0.097956
0.0976898
0.0974103
0.0971169
0.0968091
0.096486
0.0961472
0.0957917
0.0954188
0.0950277
0.0946172
0.0941865
0.0937344
0.0932597
0.092761
0.0922369
0.0916857
0.0911059
0.0904954
0.0898522
0.089174
0.0884581
0.0877018
0.0869018
0.0860546
0.0851561
0.0842019
0.0831867
0.0821047
0.0809489
0.0797114
0.0783827
0.0769518
0.0754052
0.0737263
0.0718946
0.069884
0.0676604
0.0651779
0.0623721
0.0591483
0.0553569
0.0507385
0.0447765
0.036222
0.0223541
0.111787
0.111309
0.110907
0.110565
0.110277
0.110036
0.109836
0.10967
0.109535
0.109425
0.109336
0.109266
0.10921
0.109167
0.109133
0.109107
0.109087
0.10907
0.109057
0.109045
0.109033
0.10902
0.109006
0.10899
0.10897
0.108947
0.10892
0.108888
0.108851
0.108809
0.108761
0.108707
0.108646
0.108579
0.108504
0.108423
0.108334
0.108237
0.108132
0.108019
0.107898
0.107768
0.107629
0.107481
0.107323
0.107156
0.106978
0.106791
0.106592
0.106383
0.106162
0.105929
0.105685
0.105427
0.105157
0.104873
0.104575
0.104262
0.103934
0.10359
0.103228
0.10285
0.102453
0.102036
0.101599
0.10114
0.100659
0.100154
0.0996231
0.0990654
0.098479
0.097862
0.0972124
0.096528
0.0958063
0.0950445
0.0942396
0.0933881
0.0924862
0.0915296
0.0905135
0.0894322
0.0882794
0.0870476
0.0857284
0.0843116
0.0827852
0.0811347
0.0793422
0.0773858
0.0752372
0.0728595
0.0702034
0.0671992
0.0637445
0.0596773
0.0547164
0.0482999
0.0390602
0.0239212
0.119144
0.118683
0.118295
0.117966
0.117689
0.117457
0.117265
0.117107
0.116978
0.116874
0.116791
0.116726
0.116675
0.116635
0.116605
0.116582
0.116565
0.116551
0.11654
0.11653
0.11652
0.116508
0.116495
0.116479
0.11646
0.116436
0.116408
0.116375
0.116337
0.116293
0.116242
0.116185
0.116121
0.11605
0.115971
0.115884
0.11579
0.115687
0.115575
0.115455
0.115326
0.115187
0.115039
0.114881
0.114713
0.114535
0.114346
0.114146
0.113935
0.113711
0.113476
0.113229
0.112968
0.112694
0.112406
0.112104
0.111787
0.111454
0.111105
0.110738
0.110354
0.109952
0.109529
0.109087
0.108622
0.108135
0.107624
0.107087
0.106523
0.105931
0.105308
0.104653
0.103963
0.103236
0.10247
0.101661
0.100807
0.0999027
0.0989451
0.0979293
0.0968502
0.0957018
0.0944773
0.0931689
0.0917672
0.0902615
0.088639
0.0868841
0.0849777
0.0828962
0.0806093
0.0780775
0.0752476
0.0720449
0.068359
0.0640155
0.0587106
0.0518365
0.0419038
0.0254724
0.126466
0.126026
0.125656
0.125343
0.125081
0.124862
0.124681
0.124533
0.124413
0.124318
0.124242
0.124183
0.124138
0.124104
0.124079
0.124061
0.124048
0.124038
0.12403
0.124023
0.124015
0.124006
0.123995
0.12398
0.123962
0.123939
0.123912
0.123878
0.123839
0.123794
0.123742
0.123682
0.123615
0.123541
0.123458
0.123367
0.123268
0.12316
0.123042
0.122915
0.122779
0.122632
0.122476
0.122309
0.122131
0.121942
0.121742
0.12153
0.121306
0.12107
0.12082
0.120558
0.120282
0.119991
0.119686
0.119365
0.119029
0.118676
0.118305
0.117917
0.11751
0.117083
0.116635
0.116166
0.115674
0.115157
0.114615
0.114046
0.113449
0.112821
0.112161
0.111467
0.110737
0.109967
0.109155
0.108299
0.107394
0.106436
0.105422
0.104346
0.103204
0.101987
0.100691
0.0993049
0.0978203
0.0962254
0.0945065
0.0926471
0.0906268
0.0884204
0.0859957
0.0833105
0.0803078
0.0769079
0.0729925
0.0683747
0.0627285
0.0553994
0.0447743
0.0270193
0.133719
0.133304
0.132956
0.132663
0.132418
0.132215
0.132048
0.131913
0.131805
0.131719
0.131653
0.131602
0.131565
0.131539
0.13152
0.131508
0.131501
0.131496
0.131493
0.13149
0.131486
0.131481
0.131473
0.131461
0.131445
0.131424
0.131397
0.131365
0.131326
0.131281
0.131228
0.131168
0.1311
0.131023
0.130938
0.130844
0.130741
0.130628
0.130506
0.130373
0.130231
0.130078
0.129914
0.129739
0.129552
0.129354
0.129143
0.12892
0.128685
0.128436
0.128173
0.127896
0.127605
0.127299
0.126977
0.126638
0.126283
0.12591
0.125519
0.125109
0.124679
0.124228
0.123755
0.123259
0.122739
0.122193
0.12162
0.121019
0.120388
0.119724
0.119027
0.118293
0.117521
0.116708
0.11585
0.114945
0.113989
0.112977
0.111906
0.11077
0.109562
0.108278
0.106908
0.105444
0.103876
0.102191
0.100376
0.0984112
0.0962768
0.0939454
0.0913829
0.0885444
0.0853695
0.0817729
0.077629
0.0727381
0.0667517
0.0589683
0.0476487
0.0285506
0.140871
0.140485
0.140163
0.139893
0.139668
0.139483
0.139333
0.139213
0.139118
0.139044
0.138989
0.138949
0.138922
0.138904
0.138894
0.138889
0.138889
0.138891
0.138894
0.138897
0.138898
0.138897
0.138894
0.138886
0.138874
0.138856
0.138832
0.138803
0.138766
0.138722
0.13867
0.138611
0.138542
0.138465
0.138379
0.138284
0.138179
0.138064
0.137938
0.137802
0.137655
0.137497
0.137327
0.137145
0.136952
0.136745
0.136526
0.136294
0.136048
0.135788
0.135513
0.135224
0.134919
0.134598
0.13426
0.133905
0.133532
0.133141
0.13273
0.132299
0.131846
0.131372
0.130874
0.130352
0.129804
0.129229
0.128626
0.127992
0.127327
0.126628
0.125893
0.12512
0.124306
0.123449
0.122545
0.121591
0.120583
0.119516
0.118387
0.117189
0.115917
0.114563
0.11312
0.111577
0.109925
0.10815
0.106237
0.104167
0.101918
0.099462
0.096762
0.0937707
0.0904243
0.0866325
0.0822618
0.0771002
0.0707766
0.0625424
0.0505307
0.0300685
0.147892
0.147538
0.147244
0.146999
0.146797
0.146633
0.146501
0.146397
0.146318
0.146258
0.146216
0.146188
0.146171
0.146164
0.146163
0.146168
0.146176
0.146186
0.146197
0.146207
0.146215
0.146221
0.146223
0.146221
0.146214
0.146202
0.146183
0.146157
0.146125
0.146084
0.146035
0.145978
0.145912
0.145837
0.145752
0.145657
0.145552
0.145436
0.14531
0.145172
0.145023
0.144862
0.144688
0.144502
0.144304
0.144092
0.143866
0.143626
0.143372
0.143103
0.142819
0.142518
0.142201
0.141867
0.141516
0.141146
0.140757
0.140348
0.139919
0.139468
0.138995
0.138498
0.137977
0.137429
0.136855
0.136252
0.135618
0.134953
0.134255
0.13352
0.132748
0.131935
0.13108
0.130178
0.129228
0.128224
0.127164
0.126043
0.124855
0.123595
0.122257
0.120834
0.119316
0.117694
0.115956
0.11409
0.112079
0.109904
0.10754
0.104958
0.102121
0.098977
0.0954598
0.0914739
0.0868782
0.0814481
0.0747904
0.066109
0.053408
0.0315677
0.154751
0.154432
0.154168
0.153951
0.153774
0.153632
0.15352
0.153435
0.153372
0.153328
0.1533
0.153285
0.15328
0.153284
0.153295
0.15331
0.153328
0.153347
0.153367
0.153386
0.153403
0.153416
0.153426
0.153432
0.153432
0.153426
0.153414
0.153395
0.153368
0.153333
0.15329
0.153237
0.153176
0.153105
0.153023
0.152932
0.152829
0.152716
0.152591
0.152454
0.152305
0.152144
0.15197
0.151783
0.151582
0.151367
0.151137
0.150893
0.150633
0.150358
0.150066
0.149757
0.149431
0.149087
0.148724
0.148341
0.147939
0.147515
0.147069
0.146601
0.146108
0.145591
0.145047
0.144476
0.143877
0.143247
0.142585
0.141889
0.141158
0.140389
0.13958
0.138728
0.137831
0.136886
0.135888
0.134836
0.133723
0.132546
0.1313
0.129977
0.128573
0.127078
0.125485
0.123783
0.121959
0.120001
0.117891
0.115609
0.11313
0.110423
0.107448
0.104152
0.100465
0.0962864
0.0914678
0.0857725
0.078785
0.069662
0.0562773
0.0330475
0.161421
0.161138
0.160907
0.160718
0.160566
0.160448
0.160357
0.160291
0.160246
0.160218
0.160206
0.160205
0.160214
0.160231
0.160253
0.16028
0.160309
0.160339
0.160369
0.160398
0.160425
0.160448
0.160468
0.160483
0.160492
0.160495
0.160491
0.160481
0.160462
0.160435
0.1604
0.160355
0.1603
0.160236
0.160161
0.160076
0.159979
0.159871
0.159751
0.159618
0.159473
0.159315
0.159143
0.158958
0.158758
0.158543
0.158313
0.158068
0.157806
0.157528
0.157232
0.156918
0.156586
0.156234
0.155863
0.155471
0.155057
0.154621
0.154162
0.153678
0.153169
0.152633
0.15207
0.151478
0.150854
0.150199
0.14951
0.148785
0.148023
0.14722
0.146375
0.145485
0.144548
0.143559
0.142515
0.141413
0.140248
0.139016
0.13771
0.136324
0.134853
0.133287
0.131617
0.129834
0.127924
0.125872
0.123663
0.121273
0.118678
0.115844
0.112731
0.109283
0.105427
0.101057
0.0960173
0.0900603
0.0827479
0.0731901
0.0591296
0.0345044
0.16788
0.167633
0.167434
0.167274
0.167149
0.167054
0.166985
0.166939
0.166912
0.166901
0.166903
0.166917
0.16694
0.16697
0.167006
0.167044
0.167086
0.167127
0.167169
0.167209
0.167247
0.167282
0.167313
0.167339
0.167359
0.167373
0.16738
0.16738
0.167372
0.167356
0.167331
0.167296
0.167252
0.167198
0.167133
0.167056
0.166969
0.166869
0.166758
0.166633
0.166495
0.166344
0.166179
0.165999
0.165804
0.165594
0.165367
0.165124
0.164864
0.164587
0.164291
0.163976
0.163641
0.163286
0.16291
0.162512
0.162091
0.161646
0.161176
0.160681
0.160158
0.159608
0.159027
0.158416
0.157772
0.157094
0.15638
0.155628
0.154836
0.154001
0.153122
0.152195
0.151218
0.150186
0.149097
0.147946
0.146729
0.14544
0.144075
0.142626
0.141087
0.139449
0.137702
0.135836
0.133838
0.131693
0.129382
0.126883
0.124171
0.12121
0.117958
0.114357
0.110331
0.105771
0.100513
0.0942975
0.0866663
0.0766823
0.0619574
0.0359359
0.174101
0.17389
0.173723
0.173593
0.173493
0.173422
0.173374
0.173347
0.173338
0.173344
0.173362
0.173391
0.173428
0.173471
0.17352
0.173571
0.173625
0.17368
0.173734
0.173787
0.173837
0.173884
0.173928
0.173966
0.173999
0.174026
0.174047
0.17406
0.174065
0.174062
0.17405
0.174029
0.173998
0.173957
0.173905
0.173842
0.173767
0.17368
0.173581
0.173468
0.173342
0.173202
0.173047
0.172877
0.172692
0.17249
0.172272
0.172036
0.171782
0.17151
0.171219
0.170907
0.170574
0.17022
0.169844
0.169444
0.16902
0.16857
0.168094
0.167591
0.167058
0.166496
0.165902
0.165275
0.164613
0.163915
0.163179
0.162402
0.161583
0.160719
0.159807
0.158845
0.157829
0.156756
0.155622
0.154423
0.153154
0.15181
0.150385
0.148873
0.147265
0.145554
0.143729
0.14178
0.139693
0.137452
0.135038
0.132429
0.129597
0.126507
0.123114
0.11936
0.115164
0.110412
0.104937
0.0984662
0.0905217
0.0801217
0.0647478
0.0373364
0.180077
0.1799
0.179764
0.17966
0.179585
0.179535
0.179507
0.179498
0.179506
0.179527
0.179559
0.179602
0.179652
0.179709
0.17977
0.179834
0.1799
0.179967
0.180034
0.1801
0.180164
0.180224
0.180281
0.180334
0.180381
0.180423
0.180458
0.180487
0.180508
0.180521
0.180525
0.18052
0.180505
0.180481
0.180445
0.180399
0.180341
0.18027
0.180187
0.180091
0.179981
0.179856
0.179717
0.179562
0.179391
0.179203
0.178997
0.178774
0.178532
0.17827
0.177988
0.177685
0.17736
0.177012
0.17664
0.176243
0.17582
0.175371
0.174893
0.174386
0.173848
0.173278
0.172675
0.172036
0.171361
0.170646
0.169891
0.169093
0.168249
0.167358
0.166416
0.165421
0.164368
0.163256
0.162078
0.160832
0.159513
0.158114
0.15663
0.155054
0.153378
0.151594
0.14969
0.147657
0.145479
0.14314
0.140622
0.1379
0.134947
0.131725
0.128189
0.124278
0.119909
0.114964
0.109269
0.102543
0.0942886
0.0834816
0.0674785
0.0386937
0.185785
0.185641
0.185533
0.185454
0.1854
0.18537
0.185359
0.185366
0.185388
0.185423
0.185468
0.185523
0.185585
0.185654
0.185726
0.185803
0.185881
0.18596
0.18604
0.186119
0.186196
0.186271
0.186342
0.18641
0.186473
0.186531
0.186584
0.186629
0.186668
0.186699
0.186722
0.186737
0.186742
0.186737
0.186722
0.186696
0.186659
0.186609
0.186547
0.186472
0.186383
0.186279
0.18616
0.186025
0.185874
0.185705
0.185518
0.185313
0.185088
0.184842
0.184575
0.184286
0.183974
0.183637
0.183276
0.182888
0.182472
0.182028
0.181554
0.181049
0.18051
0.179938
0.17933
0.178684
0.177999
0.177272
0.176502
0.175686
0.174821
0.173906
0.172937
0.171911
0.170825
0.169674
0.168456
0.167165
0.165795
0.164343
0.1628
0.161161
0.159417
0.157559
0.155577
0.153458
0.151188
0.148751
0.146126
0.14329
0.140212
0.136856
0.133173
0.1291
0.124552
0.119408
0.113486
0.106497
0.0979245
0.0867087
0.0700922
0.0399742
0.195736
0.195584
0.195464
0.19537
0.195299
0.195249
0.195218
0.195204
0.195203
0.195216
0.195239
0.195272
0.195314
0.195362
0.195416
0.195474
0.195536
0.195601
0.195667
0.195735
0.195802
0.195869
0.195934
0.195997
0.196058
0.196115
0.196168
0.196216
0.196258
0.196295
0.196325
0.196347
0.196362
0.196367
0.196364
0.19635
0.196326
0.19629
0.196242
0.196181
0.196107
0.196018
0.195913
0.195792
0.195654
0.195499
0.195324
0.195129
0.194914
0.194676
0.194416
0.194131
0.193822
0.193485
0.193121
0.192729
0.192305
0.19185
0.191362
0.190839
0.190279
0.189681
0.189043
0.188363
0.187639
0.186869
0.186051
0.185181
0.184258
0.183278
0.182239
0.181137
0.179968
0.178729
0.177414
0.17602
0.174541
0.17297
0.171303
0.16953
0.167644
0.165635
0.163492
0.161204
0.158754
0.156126
0.153299
0.150247
0.14694
0.14334
0.139396
0.135043
0.130192
0.124717
0.118428
0.111025
0.101968
0.0901524
0.0727061
0.0411349
0.208935
0.208789
0.208668
0.208571
0.208496
0.20844
0.208402
0.208382
0.208377
0.208387
0.20841
0.208446
0.208493
0.208551
0.208619
0.208697
0.208782
0.208876
0.208977
0.209084
0.209197
0.209314
0.209437
0.209563
0.209692
0.209823
0.209956
0.21009
0.210224
0.210357
0.210489
0.210618
0.210745
0.210867
0.210984
0.211095
0.2112
0.211296
0.211383
0.21146
0.211525
0.211578
0.211617
0.211642
0.211649
0.21164
0.211611
0.211561
0.21149
0.211395
0.211276
0.21113
0.210956
0.210751
0.210516
0.210247
0.209943
0.209602
0.209222
0.208801
0.208337
0.207827
0.207271
0.206664
0.206005
0.205291
0.204519
0.203686
0.20279
0.201827
0.200793
0.199685
0.198498
0.197229
0.195872
0.194423
0.192875
0.191221
0.189456
0.18757
0.185556
0.183401
0.181096
0.178626
0.175976
0.173125
0.170054
0.166733
0.163129
0.1592
0.154892
0.150133
0.144826
0.13883
0.131936
0.123809
0.113847
0.100801
0.0813822
0.0452293
0.219008
0.218833
0.218683
0.218557
0.218455
0.218374
0.218315
0.218277
0.218258
0.218259
0.218278
0.218316
0.218372
0.218445
0.218535
0.218642
0.218766
0.218905
0.219059
0.219228
0.219412
0.219609
0.21982
0.220043
0.220277
0.220523
0.22078
0.221045
0.22132
0.221601
0.22189
0.222183
0.222481
0.222782
0.223084
0.223387
0.223689
0.223988
0.224282
0.224571
0.224853
0.225125
0.225386
0.225635
0.225868
0.226085
0.226283
0.226461
0.226615
0.226744
0.226846
0.226918
0.226959
0.226965
0.226935
0.226865
0.226754
0.226598
0.226396
0.226145
0.225841
0.225482
0.225065
0.224587
0.224046
0.223437
0.222757
0.222004
0.221173
0.22026
0.219261
0.218173
0.21699
0.215708
0.214321
0.212823
0.211208
0.209469
0.207598
0.205587
0.203426
0.201104
0.198609
0.195925
0.193036
0.189922
0.186559
0.182917
0.178961
0.174646
0.169913
0.164685
0.158857
0.152277
0.144719
0.135816
0.12491
0.110626
0.0892901
0.0487714
0.225487
0.225235
0.225012
0.224819
0.224653
0.224515
0.224405
0.224322
0.224266
0.224238
0.224237
0.224262
0.224316
0.224396
0.224503
0.224638
0.224799
0.224987
0.225202
0.225444
0.225711
0.226004
0.226322
0.226665
0.227031
0.22742
0.227832
0.228264
0.228716
0.229187
0.229676
0.23018
0.230699
0.23123
0.231773
0.232324
0.232883
0.233446
0.234013
0.23458
0.235145
0.235705
0.236259
0.236803
0.237336
0.237853
0.238352
0.238831
0.239286
0.239714
0.240112
0.240477
0.240806
0.241096
0.241343
0.241544
0.241696
0.241795
0.241837
0.24182
0.24174
0.241592
0.241374
0.241082
0.240711
0.240259
0.23972
0.23909
0.238367
0.237544
0.236617
0.235581
0.234432
0.233163
0.231769
0.230243
0.228579
0.22677
0.224805
0.222678
0.220378
0.217892
0.215208
0.212311
0.209183
0.205802
0.202145
0.198181
0.193871
0.189168
0.184012
0.17832
0.171982
0.164836
0.156641
0.147004
0.135219
0.119792
0.0966922
0.0519505
0.228239
0.22786
0.227519
0.227215
0.226948
0.226719
0.226527
0.226372
0.226255
0.226177
0.226137
0.226136
0.226175
0.226253
0.226372
0.226531
0.22673
0.226971
0.227253
0.227575
0.227938
0.228342
0.228786
0.229269
0.22979
0.23035
0.230947
0.231579
0.232245
0.232944
0.233675
0.234434
0.235221
0.236033
0.236867
0.237722
0.238594
0.239481
0.24038
0.241288
0.242201
0.243116
0.244029
0.244938
0.245838
0.246726
0.247598
0.248449
0.249276
0.250075
0.250841
0.25157
0.252259
0.252902
0.253495
0.254035
0.254516
0.254934
0.255285
0.255565
0.255767
0.255889
0.255926
0.255872
0.255724
0.255475
0.255123
0.254661
0.254085
0.253389
0.252568
0.251617
0.25053
0.249301
0.247924
0.246391
0.244695
0.242829
0.240784
0.238551
0.236118
0.233475
0.230606
0.227498
0.224131
0.220485
0.216533
0.212244
0.207579
0.202489
0.196911
0.19076
0.183918
0.17622
0.167409
0.157072
0.144457
0.127971
0.103255
0.0545935
0.22763
0.227077
0.226573
0.22612
0.225717
0.225364
0.225061
0.224809
0.224609
0.224461
0.224366
0.224325
0.224338
0.224406
0.22453
0.224711
0.224949
0.225244
0.225598
0.226009
0.226478
0.227006
0.22759
0.228232
0.22893
0.229684
0.230491
0.231352
0.232263
0.233224
0.234232
0.235285
0.23638
0.237514
0.238685
0.23989
0.241124
0.242384
0.243667
0.244967
0.246282
0.247607
0.248937
0.250267
0.251593
0.252909
0.254211
0.255494
0.256751
0.257979
0.25917
0.260321
0.261426
0.262478
0.263473
0.264405
0.265267
0.266056
0.266764
0.267387
0.267918
0.268353
0.268685
0.268908
0.269018
0.269009
0.268874
0.268609
0.268207
0.267662
0.266969
0.266121
0.265112
0.263936
0.262586
0.261054
0.259334
0.257416
0.255293
0.252954
0.250388
0.247585
0.244529
0.241205
0.237596
0.233678
0.229427
0.22481
0.219788
0.214311
0.208315
0.201712
0.194384
0.186156
0.176764
0.165776
0.152406
0.134973
0.108845
0.0567214
0.224361
0.223579
0.222869
0.222227
0.221652
0.221145
0.220705
0.220332
0.220029
0.219794
0.21963
0.219537
0.219516
0.219568
0.219695
0.219896
0.220173
0.220527
0.220958
0.221466
0.222052
0.222714
0.223454
0.224271
0.225163
0.22613
0.22717
0.228281
0.229463
0.230711
0.232025
0.2334
0.234834
0.236324
0.237864
0.239453
0.241084
0.242754
0.244458
0.24619
0.247945
0.249718
0.251503
0.253294
0.255085
0.256869
0.258641
0.260393
0.26212
0.263814
0.265469
0.267078
0.268634
0.27013
0.271559
0.272915
0.274189
0.275376
0.276469
0.27746
0.278343
0.279111
0.279757
0.280274
0.280657
0.280898
0.28099
0.280928
0.280705
0.280313
0.279747
0.279
0.278065
0.276936
0.275604
0.274064
0.272307
0.270326
0.26811
0.265651
0.262938
0.259959
0.256701
0.253149
0.249284
0.245084
0.240526
0.235576
0.230196
0.224335
0.217928
0.210888
0.203092
0.194363
0.18443
0.172849
0.158805
0.140553
0.113237
0.058254
0.219446
0.218371
0.217398
0.216525
0.215744
0.215052
0.21445
0.213936
0.213511
0.213176
0.212932
0.21278
0.21272
0.212754
0.212882
0.213106
0.213426
0.213844
0.214359
0.214971
0.215682
0.216491
0.217398
0.218401
0.2195
0.220694
0.221981
0.223359
0.224826
0.226378
0.228013
0.229728
0.231517
0.233378
0.235306
0.237295
0.23934
0.241436
0.243577
0.245756
0.247967
0.250203
0.252458
0.254723
0.256993
0.259258
0.261512
0.263747
0.265954
0.268125
0.270252
0.272328
0.274343
0.276289
0.278158
0.279941
0.281629
0.283214
0.284687
0.286042
0.28727
0.288362
0.289312
0.290111
0.290751
0.291226
0.291528
0.291649
0.291582
0.291321
0.290857
0.290185
0.289297
0.288185
0.286843
0.285264
0.283439
0.28136
0.27902
0.276408
0.273515
0.270329
0.266838
0.263027
0.258879
0.254372
0.249484
0.244182
0.238429
0.232175
0.225356
0.217884
0.209638
0.200438
0.190014
0.177912
0.163304
0.144401
0.116198
0.0590332
0.214041
0.212632
0.211355
0.210206
0.209182
0.208279
0.207492
0.20682
0.206263
0.20582
0.205491
0.205277
0.205179
0.205197
0.205331
0.205582
0.205952
0.20644
0.207046
0.207771
0.208615
0.209578
0.210658
0.211854
0.213167
0.214593
0.216131
0.217778
0.219532
0.221389
0.223346
0.225398
0.227541
0.229769
0.232077
0.234459
0.236908
0.239419
0.241984
0.244597
0.247248
0.249932
0.252639
0.255361
0.25809
0.260816
0.263531
0.266225
0.268889
0.271512
0.274086
0.276601
0.279046
0.281412
0.283689
0.285867
0.287936
0.289886
0.291707
0.293391
0.294927
0.296307
0.297521
0.29856
0.299416
0.300081
0.300545
0.300801
0.300841
0.300657
0.300242
0.299589
0.29869
0.297538
0.296127
0.294448
0.292495
0.29026
0.287736
0.284913
0.281784
0.278337
0.274561
0.270443
0.265967
0.261114
0.255861
0.25018
0.244034
0.237375
0.230142
0.222249
0.213576
0.203948
0.193095
0.180565
0.165526
0.146179
0.117447
0.0589361
0.20931
0.207562
0.205974
0.204544
0.203269
0.202145
0.20117
0.200339
0.199651
0.199103
0.198696
0.198429
0.198301
0.198312
0.198462
0.198751
0.199179
0.199745
0.200451
0.201294
0.202274
0.203391
0.204643
0.206028
0.207545
0.209192
0.210965
0.212862
0.21488
0.217013
0.21926
0.221613
0.224069
0.226621
0.229264
0.231991
0.234795
0.237669
0.240606
0.243598
0.246635
0.24971
0.252814
0.255936
0.259067
0.262197
0.265315
0.268412
0.271475
0.274494
0.277458
0.280355
0.283174
0.285903
0.288531
0.291045
0.293436
0.29569
0.297796
0.299745
0.301524
0.303123
0.304532
0.305739
0.306737
0.307515
0.308063
0.308374
0.308439
0.308249
0.307798
0.307077
0.306081
0.304801
0.303232
0.301367
0.2992
0.296724
0.293933
0.29082
0.287377
0.283596
0.279467
0.274979
0.270119
0.26487
0.259212
0.253119
0.246558
0.239484
0.23184
0.223543
0.21448
0.20448
0.193279
0.180436
0.165131
0.145584
0.116742
0.0578729
0.206427
0.204374
0.202506
0.200822
0.199318
0.197993
0.196845
0.195873
0.195072
0.194439
0.193972
0.193668
0.193527
0.193546
0.193724
0.19406
0.194553
0.195201
0.196004
0.196958
0.198064
0.199319
0.200721
0.202267
0.203956
0.205784
0.207748
0.209845
0.21207
0.21442
0.21689
0.219475
0.22217
0.224969
0.227865
0.230853
0.233926
0.237075
0.240293
0.243572
0.246903
0.250276
0.253682
0.257111
0.260552
0.263994
0.267425
0.270834
0.274208
0.277534
0.2808
0.283992
0.287097
0.290102
0.292993
0.295756
0.298379
0.300847
0.303148
0.305268
0.307195
0.308917
0.310422
0.311698
0.312735
0.313521
0.314048
0.314305
0.314285
0.313979
0.313379
0.312479
0.311273
0.309753
0.307915
0.305755
0.303266
0.300444
0.297285
0.293784
0.289936
0.285735
0.281174
0.276245
0.270938
0.26524
0.259134
0.252599
0.245605
0.238113
0.230069
0.2214
0.211996
0.201698
0.190252
0.177236
0.161857
0.14239
0.113905
0.0557847
0.206645
0.204361
0.202282
0.200405
0.198729
0.197253
0.195976
0.194901
0.194022
0.193333
0.192831
0.192513
0.192374
0.192411
0.192622
0.193004
0.193554
0.194269
0.195146
0.196183
0.197377
0.198725
0.200225
0.201872
0.203665
0.205599
0.207671
0.209877
0.212214
0.214677
0.217263
0.219966
0.222781
0.225704
0.228728
0.231849
0.235058
0.23835
0.241716
0.245149
0.248641
0.252181
0.25576
0.259367
0.262991
0.26662
0.270242
0.273842
0.277408
0.280925
0.284379
0.287753
0.291033
0.294203
0.297247
0.300149
0.302894
0.305465
0.307848
0.310026
0.311987
0.313715
0.315197
0.31642
0.317372
0.318042
0.31842
0.318495
0.31826
0.317706
0.316826
0.315615
0.314067
0.312178
0.309944
0.307362
0.30443
0.301146
0.297507
0.293513
0.289161
0.284449
0.279374
0.273932
0.268118
0.261921
0.255331
0.248331
0.240897
0.232996
0.224581
0.215585
0.205909
0.195407
0.183841
0.170814
0.155577
0.136494
0.10886
0.0526656
0.211295
0.208887
0.206695
0.204715
0.202946
0.201391
0.200051
0.198925
0.198009
0.197295
0.196778
0.196453
0.196315
0.196359
0.19658
0.196974
0.197537
0.198265
0.199153
0.200199
0.201398
0.202747
0.204242
0.205879
0.207656
0.209569
0.211615
0.213791
0.216092
0.218516
0.22106
0.223719
0.226491
0.229371
0.232354
0.235437
0.238614
0.241878
0.245225
0.248646
0.252134
0.25568
0.259274
0.262905
0.266563
0.270234
0.273904
0.277559
0.281184
0.284762
0.288276
0.291708
0.295041
0.298255
0.301332
0.304254
0.307
0.309554
0.311896
0.314009
0.315876
0.317482
0.31881
0.319847
0.320579
0.320994
0.321083
0.320834
0.320241
0.319295
0.317992
0.316327
0.314297
0.311899
0.309133
0.305999
0.302498
0.298631
0.2944
0.289808
0.284857
0.279549
0.273887
0.26787
0.261498
0.254768
0.247674
0.240204
0.232341
0.22406
0.215321
0.206066
0.196209
0.185616
0.174074
0.161215
0.146351
0.127964
0.101675
0.048579
0.221858
0.219426
0.217209
0.215204
0.213412
0.211835
0.210478
0.209331
0.208389
0.207643
0.207088
0.206717
0.206524
0.206503
0.20665
0.206959
0.207426
0.208045
0.208813
0.209725
0.210779
0.211969
0.213294
0.214749
0.216333
0.218042
0.219875
0.221829
0.223902
0.226092
0.228398
0.230818
0.233349
0.23599
0.238738
0.24159
0.244544
0.247596
0.250739
0.25397
0.257281
0.260665
0.264112
0.267611
0.271152
0.274719
0.278299
0.281876
0.28543
0.288944
0.292398
0.29577
0.299039
0.302182
0.305178
0.308002
0.310634
0.313051
0.315231
0.317155
0.318801
0.320153
0.321193
0.321905
0.322276
0.322293
0.321945
0.321225
0.320124
0.318639
0.316764
0.314499
0.311844
0.308799
0.305368
0.301555
0.297364
0.292803
0.287879
0.282598
0.276968
0.270998
0.264694
0.258062
0.251109
0.243835
0.236242
0.228324
0.220072
0.211466
0.202476
0.193055
0.183128
0.172579
0.161218
0.148716
0.134455
0.117066
0.0925781
0.0436634
0.240003
0.237559
0.235317
0.233274
0.231434
0.229799
0.228369
0.227126
0.226062
0.225171
0.224447
0.223884
0.223476
0.223219
0.223108
0.223138
0.223306
0.223609
0.224042
0.224603
0.225289
0.226098
0.227028
0.228078
0.229245
0.230529
0.23193
0.233446
0.235077
0.236824
0.238686
0.240664
0.242757
0.244967
0.247293
0.249734
0.252289
0.254958
0.257735
0.260619
0.263604
0.266682
0.269846
0.273085
0.276386
0.279735
0.283115
0.286507
0.289891
0.293244
0.296543
0.299761
0.302872
0.30585
0.308667
0.311295
0.313709
0.31588
0.317785
0.3194
0.320701
0.321669
0.322285
0.322532
0.322397
0.321869
0.320936
0.319593
0.317836
0.315661
0.313069
0.310062
0.306644
0.302822
0.298604
0.293999
0.289017
0.283672
0.277976
0.271941
0.265583
0.258914
0.251949
0.244698
0.237174
0.229384
0.221335
0.213029
0.204461
0.195621
0.186485
0.177017
0.167155
0.1568
0.145787
0.133832
0.120393
0.10427
0.0819695
0.0381367
0.267218
0.264564
0.26209
0.259797
0.257686
0.255764
0.254001
0.25239
0.250926
0.249605
0.248422
0.247373
0.246456
0.245668
0.245005
0.244466
0.24405
0.243753
0.243576
0.243517
0.243574
0.243749
0.24404
0.244448
0.244972
0.245614
0.246374
0.247253
0.248254
0.249377
0.250624
0.251999
0.253502
0.255136
0.256903
0.258805
0.260842
0.263016
0.265323
0.267764
0.270333
0.273025
0.27583
0.278739
0.281738
0.284809
0.287934
0.291091
0.294253
0.297394
0.300484
0.303492
0.306385
0.309131
0.311696
0.314046
0.31615
0.317978
0.319499
0.320687
0.321517
0.321967
0.322019
0.321656
0.320866
0.319639
0.317968
0.31585
0.313285
0.310275
0.306826
0.302945
0.298643
0.293933
0.288828
0.283345
0.277502
0.271317
0.264809
0.257999
0.250906
0.24355
0.235951
0.228127
0.220093
0.211863
0.20345
0.19486
0.186094
0.177148
0.168006
0.158639
0.148998
0.139001
0.128509
0.117282
0.10486
0.0902248
0.0704018
0.0322873
0.303454
0.300102
0.296916
0.293898
0.291049
0.288346
0.285777
0.28334
0.281033
0.278854
0.276803
0.274878
0.273079
0.271405
0.269856
0.268433
0.267135
0.265962
0.264914
0.263993
0.263198
0.262531
0.261993
0.261583
0.261305
0.261159
0.261148
0.261273
0.261537
0.261943
0.262494
0.263194
0.264045
0.265051
0.266217
0.267545
0.269037
0.270696
0.272523
0.274515
0.276669
0.278979
0.281437
0.28403
0.286741
0.289551
0.292436
0.295367
0.298313
0.30124
0.304112
0.306888
0.30953
0.311996
0.314247
0.316243
0.317947
0.319325
0.320343
0.320973
0.32119
0.320972
0.320303
0.319168
0.317558
0.315469
0.312899
0.309851
0.30633
0.302347
0.297914
0.293047
0.287763
0.282083
0.27603
0.269625
0.262895
0.255865
0.248561
0.241009
0.233235
0.225265
0.217122
0.208829
0.200406
0.191871
0.183239
0.174519
0.165718
0.156833
0.147856
0.138763
0.129516
0.120047
0.110244
0.0999097
0.0886684
0.0756846
0.0585185
0.0264415
0.344954
0.340249
0.335727
0.331385
0.327213
0.323191
0.319319
0.315597
0.312027
0.308607
0.305338
0.302221
0.299255
0.296442
0.293781
0.291273
0.288918
0.286716
0.284668
0.282775
0.281037
0.279454
0.278029
0.276762
0.275654
0.274707
0.273923
0.273305
0.272856
0.272578
0.272475
0.272551
0.272812
0.27326
0.273901
0.274739
0.275777
0.277019
0.278465
0.280114
0.281962
0.284001
0.28622
0.288602
0.291126
0.293766
0.296491
0.299265
0.302046
0.304793
0.307457
0.309991
0.312347
0.314476
0.316332
0.317871
0.319051
0.319837
0.320195
0.320097
0.319522
0.31845
0.316871
0.314777
0.312166
0.30904
0.305407
0.301278
0.296668
0.291597
0.286085
0.280158
0.273842
0.267166
0.26016
0.252855
0.245284
0.237477
0.229466
0.221284
0.212959
0.20452
0.195995
0.187408
0.17878
0.170131
0.161476
0.152826
0.144187
0.135559
0.126936
0.118298
0.109616
0.100835
0.0918673
0.0825575
0.0726106
0.0613716
0.0469258
0.020927
0.38309
0.376622
0.370397
0.364404
0.358623
0.353053
0.347693
0.342543
0.3376
0.332864
0.328333
0.324006
0.319881
0.315958
0.312234
0.308709
0.305382
0.302251
0.299316
0.296576
0.29403
0.291678
0.289521
0.287557
0.285788
0.284216
0.28284
0.281664
0.28069
0.279921
0.279362
0.279015
0.278887
0.278982
0.279305
0.279862
0.280656
0.28169
0.282965
0.284476
0.286218
0.288178
0.290339
0.292678
0.295165
0.297763
0.300431
0.30312
0.305779
0.308352
0.310782
0.313014
0.314989
0.316656
0.317964
0.318868
0.319327
0.319307
0.318781
0.317726
0.316128
0.313978
0.311273
0.308017
0.304218
0.29989
0.295052
0.289726
0.283937
0.277716
0.271094
0.264106
0.256785
0.249169
0.241296
0.233201
0.224923
0.216496
0.207957
0.199338
0.19067
0.181982
0.173301
0.16465
0.156048
0.147513
0.139057
0.130689
0.122413
0.114227
0.106126
0.0980936
0.0901048
0.0821183
0.074067
0.0658357
0.0572061
0.0477002
0.0359146
0.0157748
0.406428
0.398519
0.390927
0.383636
0.376637
0.369922
0.363486
0.357323
0.351427
0.345793
0.340416
0.335293
0.330418
0.325788
0.321399
0.317249
0.313333
0.30965
0.306198
0.302973
0.299976
0.297204
0.294657
0.292334
0.290237
0.288365
0.286721
0.285306
0.284125
0.283181
0.28248
0.282025
0.281824
0.281882
0.282205
0.282799
0.283665
0.284804
0.286212
0.287881
0.289795
0.291934
0.294267
0.296758
0.299362
0.302028
0.304699
0.307314
0.309808
0.312116
0.314174
0.31592
0.317298
0.318253
0.318741
0.318722
0.318164
0.317044
0.315345
0.313058
0.310181
0.30672
0.302686
0.298096
0.292972
0.287341
0.281234
0.274684
0.26773
0.260409
0.252762
0.24483
0.236655
0.228278
0.219741
0.211083
0.202342
0.193554
0.184753
0.175971
0.167235
0.15857
0.149998
0.141538
0.133204
0.125007
0.116955
0.109053
0.1013
0.0936925
0.0862232
0.0788787
0.0716384
0.0644719
0.0573328
0.0501428
0.0427551
0.0348465
0.0254866
0.010888
)
;

boundaryField
{
    jetInlet
    {
        type            fixedValue;
        value           uniform 0.006;
    }
    returnOutlet
    {
        type            inletOutlet;
        inletValue      uniform 0.006;
        value           nonuniform List<scalar> 
35
(
0.292729
0.566176
0.757721
0.920225
1.0705
1.21026
1.3357
1.44054
1.51728
1.5574
1.54952
1.47076
0.006
0.006
0.006
0.006
0.006
0.006
0.006
0.006
0.006
0.006
0.006
0.006
0.006
0.006
0.260323
0.283772
0.224344
0.110835
0.0855062
0.147694
0.276779
0.419316
0.511901
)
;
    }
    flatBed
    {
        type            kqRWallFunction;
        value           nonuniform List<scalar> 
100
(
0.292729
0.296847
0.300653
0.304118
0.307201
0.309867
0.312092
0.31389
0.315085
0.315024
0.313566
0.310624
0.306158
0.300174
0.292719
0.28388
0.273775
0.262547
0.250365
0.237412
0.223886
0.20999
0.195929
0.181905
0.168104
0.154697
0.141829
0.129614
0.118139
0.107457
0.0975929
0.0885479
0.0803036
0.0728268
0.0660751
0.0599997
0.0545496
0.0496727
0.0453179
0.0414358
0.0379788
0.0349024
0.0321648
0.029728
0.0275576
0.0256235
0.0238997
0.0223646
0.0210007
0.0197938
0.0187327
0.0178081
0.0170117
0.0163353
0.0157704
0.0153081
0.0149386
0.0146523
0.0144399
0.0142924
0.0142022
0.0141622
0.0141668
0.0142109
0.0142904
0.0144019
0.0145424
0.0147053
0.0148845
0.0150781
0.0152847
0.015503
0.0157323
0.0159721
0.0162226
0.0164847
0.0167598
0.0170481
0.0173418
0.0176389
0.0179379
0.0182371
0.0185352
0.0188305
0.0191213
0.0194057
0.0196816
0.0199466
0.0201978
0.0204315
0.0206434
0.0208278
0.0209773
0.0210822
0.0211306
0.0211085
0.0210004
0.020803
0.0206126
0.0210412
)
;
    }
    slope
    {
        type            kqRWallFunction;
        value           nonuniform List<scalar> 
50
(
0.00456599
0.00397581
0.00384872
0.00474537
0.00592701
0.00707433
0.00830353
0.00949224
0.0107169
0.0119208
0.0131415
0.0143535
0.015573
0.0167903
0.0180083
0.0192236
0.0207991
0.0223541
0.0239212
0.0254724
0.0270193
0.0285506
0.0300685
0.0315677
0.0330475
0.0345044
0.0359359
0.0373364
0.0386937
0.0399742
0.0411349
0.0452293
0.0487714
0.0519505
0.0545935
0.0567214
0.058254
0.0590332
0.0589361
0.0578729
0.0557847
0.0526656
0.048579
0.0436634
0.0381367
0.0322873
0.0264415
0.020927
0.0157748
0.010888
)
;
    }
    top
    {
        type            symmetryPlane;
    }
    frontAndBack
    {
        type            empty;
    }
    defaultFaces
    {
        type            empty;
    }
}


// ************************************************************************* //
