/*--------------------------------*- C++ -*----------------------------------*\
| =========                 |                                                 |
| \\      /  F ield         | OpenFOAM: The Open Source CFD Toolbox           |
|  \\    /   O peration     | Version:  2206                                  |
|   \\  /    A nd           | Website:  www.openfoam.com                      |
|    \\/     M anipulation  |                                                 |
\*---------------------------------------------------------------------------*/
FoamFile
{
    version     2.0;
    format      ascii;
    arch        "LSB;label=32;scalar=64";
    class       volScalarField;
    location    "1000";
    object      p;
}
// * * * * * * * * * * * * * * * * * * * * * * * * * * * * * * * * * * * * * //

dimensions      [0 2 -2 0 0 0 0];

internalField   nonuniform List<scalar> 
10000
(
-0.107896
-0.138538
-0.147886
-0.115385
-0.0314296
0.112886
0.323219
0.598887
0.931935
1.31013
1.71893
2.14346
2.56987
2.98635
3.38359
3.75494
4.09631
4.40582
4.68348
4.93067
5.14973
5.34353
5.51509
5.66737
5.80308
5.92458
6.03385
6.1325
6.22182
6.30282
6.37631
6.44289
6.50305
6.55721
6.60569
6.64882
6.68688
6.72017
6.74896
6.77358
6.79431
6.81147
6.82538
6.83631
6.84456
6.85037
6.85398
6.85563
6.85551
6.85383
6.85074
6.84641
6.84099
6.83462
6.82742
6.81953
6.81106
6.80212
6.79281
6.78323
6.77347
6.76363
6.75379
6.74402
6.73441
6.72504
6.71596
6.70726
6.69899
6.69124
6.68405
6.6775
6.67165
6.66656
6.66229
6.65891
6.65648
6.65507
6.65475
6.65558
6.65765
6.66104
6.66583
6.67213
6.68004
6.68969
6.70121
6.71475
6.73048
6.7486
6.76933
6.79292
6.81974
6.85045
6.88566
6.92445
6.96568
7.02121
7.12134
7.22178
-0.104358
-0.130683
-0.146135
-0.122101
-0.0477789
0.0864621
0.287118
0.554341
0.880373
1.25324
1.65857
2.0815
2.50811
2.9264
3.32677
3.70223
4.04831
4.36279
4.64534
4.89712
5.12031
5.31768
5.49226
5.64706
5.78485
5.90809
6.01882
6.11875
6.2092
6.29125
6.36573
6.43326
6.49436
6.54944
6.59885
6.64289
6.68185
6.71601
6.74564
6.77103
6.79248
6.81028
6.82472
6.83611
6.84473
6.85084
6.85468
6.8565
6.85653
6.85496
6.85196
6.8477
6.84233
6.83599
6.82882
6.82094
6.81247
6.80353
6.79421
6.78461
6.77484
6.76497
6.75509
6.74529
6.73564
6.72621
6.71709
6.70833
6.7
6.69218
6.68492
6.67829
6.67236
6.66717
6.6628
6.65931
6.65677
6.65523
6.65476
6.65544
6.65734
6.66053
6.6651
6.67116
6.6788
6.68814
6.6993
6.71242
6.72764
6.74515
6.76512
6.78777
6.81336
6.84236
6.87513
6.91079
6.94803
6.99485
7.07114
7.13717
-0.105907
-0.127218
-0.150802
-0.137285
-0.0740542
0.0494771
0.240849
0.501091
0.822196
1.19205
1.59609
2.0193
2.44756
2.86865
3.27275
3.65256
4.00334
4.32256
4.60968
4.86565
5.09254
5.29309
5.47033
5.62733
5.76695
5.89169
6.00371
6.10475
6.19621
6.27918
6.35453
6.42291
6.48485
6.54078
6.59105
6.63599
6.67587
6.71098
6.74157
6.76791
6.79025
6.80888
6.82406
6.83608
6.84521
6.85173
6.85589
6.85795
6.85815
6.85671
6.8538
6.8496
6.84426
6.83794
6.83077
6.82289
6.8144
6.80543
6.79607
6.78644
6.77662
6.76671
6.75678
6.74692
6.73721
6.72772
6.71852
6.70968
6.70127
6.69336
6.686
6.67927
6.67322
6.66792
6.66341
6.65978
6.65708
6.65537
6.65472
6.65519
6.65687
6.65982
6.66412
6.66986
6.67717
6.68613
6.69686
6.7095
6.72418
6.74106
6.76032
6.78215
6.80677
6.83453
6.86569
6.89963
6.93547
6.97787
7.03603
7.07691
-0.113146
-0.136477
-0.171073
-0.169684
-0.117448
-0.00269541
0.183089
0.441425
0.763361
1.13597
1.54404
1.97199
2.40535
2.83161
3.24073
3.62526
3.98028
4.30319
4.59338
4.8518
5.08058
5.28252
5.46077
5.61849
5.75864
5.88381
5.9962
6.09761
6.18944
6.2728
6.34856
6.41736
6.47973
6.5361
6.58681
6.6322
6.67257
6.7082
6.73935
6.76628
6.78924
6.80847
6.82423
6.83677
6.84634
6.85321
6.85764
6.8599
6.86024
6.85888
6.85601
6.85183
6.84648
6.84013
6.83292
6.82499
6.81645
6.80742
6.798
6.78831
6.77842
6.76843
6.75843
6.74849
6.7387
6.72912
6.71983
6.7109
6.7024
6.69438
6.68691
6.68005
6.67387
6.66843
6.66378
6.65998
6.6571
6.6552
6.65434
6.65459
6.65601
6.65868
6.66268
6.66809
6.67501
6.68354
6.6938
6.70588
6.71993
6.73607
6.75446
6.77525
6.79861
6.82476
6.8538
6.88524
6.91837
6.95561
7.00062
7.02737
-0.121867
-0.155441
-0.204863
-0.217619
-0.176693
-0.0692422
0.113909
0.374151
0.701162
1.08072
1.49658
1.93248
2.37344
2.80666
3.22192
3.61165
3.97087
4.297
4.58945
4.84931
5.07885
5.28107
5.45927
5.61676
5.75663
5.88156
5.9938
6.09516
6.18706
6.27062
6.34664
6.41578
6.47851
6.53522
6.58625
6.63192
6.67251
6.70833
6.73967
6.7668
6.79
6.80951
6.82555
6.83838
6.84822
6.85532
6.85991
6.86228
6.86269
6.86135
6.85847
6.85423
6.84882
6.84239
6.8351
6.82707
6.81844
6.80931
6.7998
6.79001
6.78002
6.76994
6.75984
6.74981
6.73992
6.73024
6.72085
6.71181
6.7032
6.69506
6.68747
6.68049
6.67417
6.66858
6.66377
6.65981
6.65675
6.65465
6.65358
6.6536
6.65477
6.65716
6.66085
6.66591
6.67245
6.68055
6.69031
6.70183
6.71523
6.73061
6.7481
6.76782
6.78986
6.81434
6.84121
6.87002
6.90003
6.93205
6.96707
6.9863
-0.129734
-0.181241
-0.249414
-0.27835
-0.249218
-0.147844
0.0351559
0.300195
0.635318
1.02467
1.45085
1.89677
2.34697
2.78836
3.21053
3.60586
3.96936
4.29847
4.59276
4.85347
5.0831
5.28489
5.46237
5.61901
5.75806
5.8823
5.99402
6.09506
6.18683
6.27044
6.34669
6.41617
6.47933
6.5365
6.58796
6.63399
6.67484
6.71081
6.74221
6.76935
6.79253
6.81204
6.82811
6.841
6.85091
6.85807
6.86271
6.8651
6.86549
6.8641
6.86114
6.8568
6.85127
6.84471
6.83728
6.82912
6.82035
6.81109
6.80145
6.79154
6.78143
6.77123
6.76102
6.75087
6.74086
6.73107
6.72157
6.71241
6.70367
6.69541
6.68769
6.68057
6.67411
6.66837
6.66341
6.65927
6.65603
6.65373
6.65245
6.65223
6.65315
6.65526
6.65863
6.66334
6.66948
6.67714
6.68639
6.69733
6.71005
6.72464
6.74119
6.75977
6.78044
6.8032
6.82791
6.85409
6.88092
6.90819
6.93567
6.95
-0.135821
-0.212633
-0.302886
-0.349324
-0.331822
-0.235056
-0.0495859
0.223191
0.569018
0.970381
1.40867
1.86601
2.32649
2.77674
3.20625
3.60734
3.97501
4.30683
4.60248
4.86347
5.09257
5.29332
5.46948
5.62473
5.76249
5.88563
5.9965
6.09691
6.1883
6.27177
6.34809
6.41784
6.48141
6.53909
6.59109
6.63762
6.67889
6.71512
6.74662
6.77372
6.79676
6.81608
6.83197
6.84469
6.85447
6.86153
6.86607
6.86836
6.86864
6.86712
6.86401
6.85951
6.85381
6.84708
6.83947
6.83113
6.82219
6.81276
6.80297
6.7929
6.78265
6.7723
6.76195
6.75167
6.74154
6.73162
6.72199
6.7127
6.70383
6.69544
6.68758
6.68032
6.67372
6.66782
6.66269
6.65838
6.65495
6.65246
6.65095
6.6505
6.65115
6.65297
6.65603
6.66038
6.66612
6.67331
6.68204
6.69238
6.7044
6.71817
6.73375
6.75117
6.77044
6.79147
6.81405
6.83769
6.86152
6.88478
6.90674
6.91828
-0.13984
-0.249229
-0.363798
-0.427848
-0.420879
-0.326406
-0.135276
0.148164
0.506843
0.921749
1.37318
1.84261
2.31373
2.773
3.20982
3.61647
3.98799
4.32203
4.61849
4.87914
5.10708
5.3062
5.48049
5.63388
5.76995
5.89166
6.00137
6.10088
6.19163
6.27473
6.35091
6.42074
6.4846
6.54272
6.59527
6.64239
6.68419
6.72084
6.75257
6.77969
6.80258
6.82161
6.83715
6.84952
6.85897
6.86574
6.87002
6.87208
6.87215
6.87041
6.86708
6.86235
6.85642
6.84947
6.84164
6.83308
6.82394
6.81432
6.80433
6.79409
6.78367
6.77317
6.76266
6.75223
6.74195
6.73189
6.72212
6.7127
6.70369
6.69516
6.68716
6.67976
6.673
6.66694
6.66165
6.65716
6.65354
6.65084
6.64912
6.64842
6.64881
6.65034
6.65306
6.65705
6.66238
6.66911
6.6773
6.68702
6.69833
6.71126
6.72585
6.74211
6.75997
6.77931
6.79987
6.82112
6.8422
6.86209
6.87998
6.88967
-0.141866
-0.291133
-0.430581
-0.510599
-0.511873
-0.416053
-0.215438
0.0811582
0.454079
0.883122
1.34776
1.82901
2.31034
2.77812
3.2217
3.63333
4.00807
4.34369
4.6403
4.89994
5.12611
5.32307
5.49505
5.64619
5.78029
5.90033
6.00869
6.10711
6.19702
6.27954
6.35537
6.42506
6.489
6.5474
6.60041
6.64808
6.69047
6.72764
6.75974
6.78702
6.80982
6.82856
6.84366
6.85552
6.86446
6.87074
6.8746
6.87628
6.876
6.87395
6.87032
6.8653
6.85909
6.85186
6.84377
6.83497
6.82559
6.81574
6.80555
6.7951
6.78449
6.77381
6.76314
6.75255
6.74212
6.73191
6.72198
6.71242
6.70327
6.69459
6.68644
6.67888
6.67197
6.66575
6.66029
6.65562
6.65181
6.6489
6.64695
6.64601
6.64614
6.64737
6.64977
6.65339
6.65829
6.66454
6.6722
6.68129
6.69188
6.70397
6.71758
6.73268
6.74917
6.7669
6.78555
6.8046
6.82323
6.84037
6.85523
6.86383
-0.141924
-0.338384
-0.50094
-0.59292
-0.598699
-0.496198
-0.281802
0.0290813
0.416303
0.858717
1.33535
1.82705
2.31724
2.7923
3.24157
3.65723
4.03436
4.3708
4.66684
4.92485
5.14872
5.34312
5.51244
5.6611
5.79309
5.9114
6.01836
6.1156
6.20454
6.28635
6.36165
6.431
6.49482
6.55328
6.60655
6.65465
6.69758
6.73531
6.76787
6.79545
6.81829
6.83679
6.85144
6.86269
6.87096
6.87658
6.87983
6.88098
6.88022
6.87774
6.87372
6.86835
6.8618
6.85425
6.84586
6.83678
6.82713
6.81704
6.80661
6.79594
6.78513
6.77426
6.7634
6.75264
6.74203
6.73166
6.72159
6.71187
6.70256
6.69373
6.68544
6.67773
6.67065
6.66427
6.65863
6.65379
6.64978
6.64667
6.64449
6.64331
6.64316
6.6441
6.64616
6.64941
6.65389
6.65967
6.66677
6.67525
6.68511
6.69637
6.70902
6.72298
6.73816
6.75435
6.77124
6.78831
6.80479
6.81966
6.83224
6.84009
-0.142324
-0.389734
-0.56993
-0.666733
-0.670957
-0.556686
-0.325638
-0.000849161
0.398851
0.852121
1.33803
1.83756
2.33428
2.81466
3.26799
3.6864
4.0649
4.40134
4.69619
4.95207
5.17332
5.365
5.5316
5.67774
5.80766
5.92437
6.03004
6.12615
6.21411
6.29519
6.36987
6.43871
6.50223
6.56053
6.61384
6.66218
6.70549
6.74371
6.77677
6.80473
6.82774
6.84613
6.86036
6.87098
6.87847
6.88328
6.88576
6.8862
6.88482
6.88179
6.87729
6.87147
6.86453
6.85661
6.84789
6.83849
6.82855
6.81818
6.8075
6.7966
6.78557
6.77449
6.76344
6.75249
6.74172
6.73118
6.72094
6.71106
6.7016
6.69262
6.68417
6.6763
6.66906
6.66252
6.6567
6.65168
6.64748
6.64415
6.64176
6.64032
6.63991
6.64054
6.64228
6.64515
6.64921
6.65451
6.66107
6.66893
6.67808
6.68852
6.70022
6.7131
6.72703
6.74179
6.75706
6.77236
6.78699
6.79999
6.81084
6.81818
-0.160946
-0.442896
-0.626465
-0.717921
-0.71449
-0.586118
-0.338708
-0.0023649
0.406186
0.866269
1.35741
1.86102
2.36095
2.8438
3.29886
3.71815
4.09654
4.43193
4.72487
4.97826
5.19688
5.38615
5.55063
5.6947
5.82293
5.93841
6.04317
6.13833
6.2254
6.30586
6.37993
6.44819
6.51129
6.56925
6.62239
6.67074
6.71425
6.75282
6.78629
6.81467
6.83795
6.85636
6.87029
6.8803
6.88697
6.89084
6.89238
6.89197
6.88981
6.8861
6.881
6.87467
6.86726
6.85893
6.84983
6.84009
6.82983
6.81918
6.80823
6.79708
6.78582
6.77452
6.76327
6.75213
6.74117
6.73046
6.72005
6.71001
6.70039
6.69125
6.68264
6.67462
6.66722
6.66051
6.65452
6.64931
6.64492
6.64139
6.63876
6.63709
6.6364
6.63674
6.63814
6.64064
6.64428
6.6491
6.65513
6.66238
6.67084
6.68049
6.69128
6.70312
6.71587
6.72931
6.74311
6.75684
6.76986
6.78133
6.79083
6.79779
-0.178288
-0.502345
-0.655797
-0.730133
-0.711846
-0.567343
-0.310475
0.0314504
0.442692
0.903559
1.39429
1.89687
2.39558
2.87719
3.33097
3.74875
4.12526
4.45841
4.74879
4.99953
5.21579
5.40309
5.56609
5.70908
5.83665
5.95175
6.05638
6.15114
6.23763
6.31786
6.39148
6.45918
6.5219
6.57941
6.63223
6.6804
6.72389
6.76261
6.79635
6.8251
6.8487
6.86724
6.88101
6.8905
6.89636
6.89923
6.89971
6.89829
6.8952
6.89067
6.88486
6.87792
6.86998
6.86119
6.85168
6.84157
6.83098
6.82002
6.80878
6.79737
6.78587
6.77435
6.76289
6.75155
6.74041
6.72952
6.71894
6.70873
6.69895
6.68966
6.68089
6.6727
6.66514
6.65826
6.6521
6.64671
6.64212
6.63839
6.63554
6.63362
6.63266
6.63271
6.63378
6.63591
6.63913
6.64349
6.649
6.65564
6.66343
6.67231
6.68224
6.6931
6.70475
6.71697
6.72946
6.74179
6.75343
6.76364
6.77208
6.77873
-0.174247
-0.537873
-0.627147
-0.675023
-0.642013
-0.489068
-0.234394
0.10319
0.508143
0.961683
1.44486
1.94033
2.43278
2.90912
3.3585
3.77245
4.14554
4.47565
4.76322
5.01151
5.22614
5.41254
5.57492
5.71788
5.8461
5.96195
6.06712
6.16252
6.24966
6.33042
6.4039
6.47128
6.5338
6.59078
6.64319
6.6911
6.73444
6.77313
6.80694
6.83594
6.85983
6.87857
6.8923
6.90142
6.90654
6.90838
6.90772
6.90516
6.90099
6.8955
6.88886
6.88121
6.87268
6.86337
6.85341
6.8429
6.83196
6.82068
6.80915
6.79748
6.78573
6.77398
6.7623
6.75076
6.73943
6.72836
6.71761
6.70724
6.6973
6.68784
6.67891
6.67057
6.66285
6.6558
6.64947
6.6439
6.63912
6.63518
6.63211
6.62995
6.62872
6.62848
6.62922
6.63099
6.6338
6.63771
6.6427
6.64877
6.6559
6.66405
6.67315
6.68309
6.69373
6.70484
6.71614
6.72725
6.73769
6.74684
6.75444
6.76081
-0.00294178
-0.450057
-0.518404
-0.538948
-0.50364
-0.36333
-0.122755
0.200752
0.59074
1.0293
1.49843
1.9814
2.46325
2.93095
3.37341
3.78176
4.15043
4.47724
4.762
5.00822
5.22249
5.40989
5.57371
5.71912
5.85037
5.96892
6.07621
6.17341
6.2619
6.34316
6.41703
6.48498
6.54717
6.60336
6.65545
6.70304
6.74605
6.78451
6.81814
6.84727
6.87133
6.89022
6.90398
6.91284
6.91732
6.91817
6.91635
6.91255
6.90717
6.90059
6.893
6.88455
6.87534
6.86546
6.85502
6.84409
6.83277
6.82116
6.80934
6.79739
6.78539
6.77341
6.76151
6.74977
6.73825
6.727
6.71607
6.70553
6.69543
6.68581
6.67673
6.66823
6.66035
6.65314
6.64664
6.64088
6.63592
6.63177
6.62849
6.62609
6.62461
6.62407
6.6245
6.6259
6.62832
6.63177
6.63626
6.64178
6.64828
6.65573
6.66405
6.67313
6.68281
6.69291
6.70313
6.71316
6.72258
6.73085
6.73779
6.74386
0.659352
0.190542
-0.0350163
-0.148257
-0.182905
-0.11041
0.0705754
0.344096
0.69216
1.09606
1.53703
1.99751
2.46181
2.91616
3.34866
3.74978
4.11405
4.43922
4.7236
4.97172
5.19131
5.38634
5.55986
5.71444
5.85165
5.97429
6.08471
6.18445
6.27489
6.35726
6.43201
6.50024
6.56241
6.61963
6.67222
6.7187
6.7605
6.79807
6.83126
6.86042
6.88455
6.90353
6.91738
6.92611
6.93006
6.93
6.92696
6.92169
6.91481
6.90682
6.89799
6.8885
6.87843
6.86784
6.85679
6.84535
6.83359
6.82158
6.80941
6.79713
6.78483
6.77257
6.76042
6.74844
6.73669
6.72522
6.71409
6.70336
6.69306
6.68325
6.67398
6.66529
6.65723
6.64982
6.64312
6.63716
6.63197
6.6276
6.62406
6.62138
6.6196
6.61874
6.61881
6.61981
6.62178
6.62474
6.62867
6.63356
6.63937
6.64605
6.65352
6.66167
6.67035
6.67938
6.68851
6.69744
6.70583
6.71325
6.7196
6.72523
0.30799
0.0569989
-0.106379
-0.148714
-0.111612
0.0033698
0.198257
0.464651
0.790535
1.16322
1.56964
1.99675
2.43185
2.86245
3.27564
3.66095
4.01564
4.3398
4.63419
4.8998
5.1356
5.34347
5.5275
5.69069
5.83566
5.96523
6.08165
6.18657
6.28136
6.36717
6.44474
6.51499
6.57854
6.63623
6.68829
6.73495
6.77748
6.81498
6.84775
6.87621
6.89973
6.91857
6.93255
6.94129
6.94493
6.94422
6.93994
6.93293
6.92417
6.91436
6.90393
6.89307
6.88188
6.87036
6.85856
6.84649
6.83418
6.82171
6.80911
6.79647
6.78382
6.77125
6.75881
6.74656
6.73455
6.72284
6.71147
6.70051
6.69
6.67998
6.6705
6.66161
6.65333
6.64571
6.63879
6.63259
6.62716
6.62253
6.61871
6.61573
6.61362
6.6124
6.61208
6.61265
6.61413
6.61655
6.61988
6.62411
6.62918
6.63506
6.64165
6.64885
6.65652
6.66448
6.67253
6.68042
6.68784
6.69445
6.70021
6.70552
0.199076
0.115917
0.0353763
0.0175474
0.0578622
0.156472
0.31896
0.543984
0.824354
1.15039
1.51138
1.89626
2.29422
2.69566
3.09327
3.48132
3.85142
4.19494
4.50843
4.78991
5.03918
5.25935
5.45491
5.62956
5.78614
5.92697
6.0538
6.16802
6.27089
6.36353
6.44681
6.52163
6.58873
6.64887
6.70257
6.75037
6.79311
6.83096
6.864
6.89185
6.91511
6.93386
6.94775
6.95642
6.95998
6.95874
6.95323
6.94454
6.93386
6.92212
6.90991
6.89753
6.88508
6.87255
6.85992
6.84717
6.83431
6.82135
6.80834
6.79532
6.78234
6.76946
6.75674
6.74423
6.73197
6.72003
6.70845
6.69728
6.68656
6.67635
6.66667
6.65758
6.6491
6.64128
6.63415
6.62774
6.62208
6.6172
6.61311
6.60985
6.60743
6.60587
6.60517
6.60533
6.60636
6.60827
6.61104
6.61464
6.61904
6.62418
6.62997
6.63632
6.64309
6.65014
6.65727
6.66426
6.67088
6.67684
6.68211
6.68719
0.141021
0.105518
0.0606646
0.0558332
0.104374
0.207426
0.366452
0.579399
0.839957
1.13963
1.46936
1.82013
2.18392
2.55387
2.92375
3.28722
3.63782
3.97129
4.2855
4.57826
4.84745
5.09213
5.31268
5.51048
5.68773
5.84691
5.99016
6.1191
6.23499
6.33892
6.43183
6.51466
6.58826
6.65347
6.71103
6.76161
6.80601
6.84473
6.87816
6.90714
6.9307
6.94879
6.96247
6.97103
6.97439
6.97262
6.96618
6.95607
6.9436
6.92993
6.91588
6.90188
6.88808
6.87447
6.86097
6.84751
6.83407
6.82063
6.8072
6.79381
6.78051
6.76733
6.75434
6.74157
6.72908
6.71691
6.70512
6.69375
6.68284
6.67243
6.66257
6.65329
6.64463
6.63661
6.62929
6.62267
6.61679
6.61167
6.60733
6.6038
6.60108
6.59919
6.59814
6.59791
6.59851
6.59994
6.60219
6.60522
6.609
6.61346
6.61853
6.62412
6.63011
6.63636
6.64269
6.64894
6.65489
6.66031
6.66519
6.67008
0.106834
0.0952013
0.083847
0.101792
0.162404
0.267849
0.418578
0.613426
0.848538
1.11824
1.41589
1.73462
2.06768
2.40828
2.75038
3.08888
3.41926
3.73812
4.04338
4.33373
4.60818
4.86591
5.10611
5.32786
5.53063
5.71464
5.88086
6.03057
6.16505
6.28542
6.39268
6.48777
6.57163
6.64521
6.7094
6.76508
6.81316
6.85436
6.88935
6.919
6.94324
6.96246
6.97615
6.98439
6.98733
6.98519
6.97813
6.96695
6.95294
6.93748
6.92163
6.906
6.89081
6.87608
6.86168
6.8475
6.83348
6.81955
6.8057
6.79196
6.77833
6.76487
6.75161
6.7386
6.72589
6.71351
6.70151
6.68995
6.67885
6.66826
6.65822
6.64877
6.63993
6.63173
6.62421
6.6174
6.61131
6.60597
6.6014
6.5976
6.5946
6.59241
6.59102
6.59043
6.59063
6.59161
6.59337
6.59588
6.59909
6.60294
6.60737
6.61229
6.61758
6.62313
6.62879
6.63441
6.63981
6.64479
6.64934
6.65406
0.0797435
0.079424
0.0864186
0.116617
0.180722
0.282445
0.422851
0.601424
0.815624
1.06126
1.33305
1.62509
1.93129
2.24596
2.56398
2.88105
3.19362
3.49887
3.79473
4.07979
4.35328
4.61486
4.86428
5.10089
5.3236
5.53111
5.72235
5.89683
6.05467
6.19643
6.32286
6.43482
6.53321
6.61901
6.69325
6.75695
6.8112
6.85697
6.89515
6.92668
6.9521
6.97204
6.98712
6.99585
6.9984
6.99593
6.98845
6.97654
6.96137
6.94439
6.92689
6.9097
6.89317
6.87732
6.86202
6.84713
6.83251
6.8181
6.80385
6.78975
6.77582
6.76208
6.74857
6.73533
6.7224
6.70982
6.69764
6.68589
6.67462
6.66386
6.65366
6.64403
6.63502
6.62666
6.61896
6.61196
6.60568
6.60013
6.59533
6.5913
6.58804
6.58555
6.58385
6.58292
6.58275
6.58331
6.58463
6.58665
6.58934
6.59265
6.5965
6.60082
6.60552
6.61046
6.61554
6.62063
6.62556
6.63018
6.63447
6.63905
0.0521854
0.0577516
0.0755637
0.114373
0.181569
0.280685
0.412808
0.577602
0.773258
0.996514
1.24327
1.50894
1.78879
2.07826
2.37309
2.66947
2.96413
3.25471
3.53962
3.81771
4.08804
4.35013
4.60379
4.84872
5.0842
5.30895
5.52133
5.71956
5.9022
6.06837
6.21783
6.35083
6.46796
6.57005
6.65808
6.73318
6.79656
6.8494
6.89287
6.92809
6.95597
6.97739
6.99323
7.0034
7.00703
7.00438
6.99662
6.98426
6.96829
6.95017
6.93132
6.91277
6.89501
6.87812
6.86197
6.84638
6.83119
6.8163
6.80165
6.78721
6.77298
6.75898
6.74523
6.73177
6.71864
6.70587
6.69351
6.68159
6.67016
6.65925
6.64889
6.63911
6.62994
6.62142
6.61356
6.60639
6.59992
6.59418
6.58917
6.58491
6.5814
6.57865
6.57666
6.57542
6.5749
6.57508
6.57598
6.57756
6.57979
6.5826
6.58594
6.58974
6.5939
6.59833
6.60292
6.60755
6.6121
6.61642
6.62049
6.62496
0.0200361
0.0286065
0.0522309
0.0956385
0.163266
0.257785
0.380233
0.530575
0.707687
0.909344
1.13255
1.37385
1.62951
1.89579
2.16913
2.44624
2.72433
3.00117
3.27528
3.54578
3.81197
4.07322
4.32905
4.57917
4.82313
5.06003
5.2884
5.5063
5.71151
5.90198
6.07609
6.23294
6.37226
6.49433
6.59987
6.68989
6.76562
6.82841
6.87962
6.92064
6.9527
6.97694
6.99441
7.00573
7.01108
7.00977
7.00215
6.98955
6.97312
6.9543
6.93451
6.91493
6.89618
6.87841
6.8615
6.84526
6.82953
6.81418
6.79914
6.78436
6.76984
6.75558
6.7416
6.72793
6.71461
6.70167
6.68915
6.67708
6.6655
6.65444
6.64393
6.63402
6.62471
6.61604
6.60803
6.6007
6.59407
6.58815
6.58295
6.57848
6.57474
6.57174
6.56948
6.56795
6.5671
6.56694
6.56746
6.56864
6.57044
6.57281
6.5757
6.57903
6.58274
6.58672
6.59088
6.59513
6.59937
6.60344
6.60734
6.61173
-0.0188213
-0.00887071
0.0175158
0.062922
0.129477
0.21866
0.331327
0.467767
0.627426
0.80885
1.00993
1.22811
1.4606
1.70446
1.9568
2.21495
2.47655
2.73966
3.00283
3.26512
3.52601
3.78504
4.04163
4.29519
4.54522
4.79104
5.03155
5.26501
5.48919
5.70152
5.89947
6.08091
6.24439
6.38924
6.51548
6.62374
6.71507
6.79082
6.85249
6.90168
6.93993
6.96866
6.9892
7.00254
7.00944
7.0102
7.00414
6.9919
6.97533
6.95626
6.93605
6.91588
6.89649
6.87809
6.86058
6.84378
6.82755
6.81176
6.79634
6.78123
6.76642
6.75191
6.73771
6.72385
6.71035
6.69724
6.68457
6.67236
6.66064
6.64945
6.63882
6.62878
6.61935
6.61055
6.6024
6.59493
6.58814
6.58205
6.57667
6.57201
6.56807
6.56484
6.56233
6.56053
6.55939
6.5589
6.55908
6.5599
6.56132
6.5633
6.56578
6.56871
6.57201
6.5756
6.57941
6.58334
6.58731
6.59119
6.59496
6.59928
-0.0653692
-0.0551221
-0.0279332
0.0178592
0.0822917
0.165324
0.267614
0.389874
0.53209
0.693478
0.872757
1.06829
1.27815
1.50014
1.73203
1.97166
2.21712
2.46675
2.71918
2.97339
3.22873
3.48478
3.74114
3.99714
4.252
4.50497
4.75516
5.0012
5.24109
5.47226
5.69181
5.89682
6.08476
6.25382
6.40303
6.53227
6.64214
6.73378
6.80869
6.8686
6.91527
6.95044
6.97573
6.99248
7.00181
7.00455
7.00097
6.99046
6.97438
6.95556
6.93548
6.9153
6.89575
6.87707
6.85918
6.84196
6.82529
6.80909
6.79329
6.77785
6.76275
6.748
6.73358
6.71953
6.70586
6.69261
6.6798
6.66746
6.65562
6.64432
6.63357
6.62342
6.61387
6.60495
6.59668
6.58908
6.58216
6.57592
6.57038
6.56554
6.56141
6.55797
6.55523
6.55319
6.55178
6.551
6.55086
6.55135
6.55243
6.55405
6.55618
6.55875
6.56171
6.56497
6.56847
6.57214
6.57589
6.57962
6.58328
6.58757
-0.119832
-0.110321
-0.0836295
-0.0379623
0.0239791
0.100253
0.191678
0.299639
0.424597
0.566297
0.724194
0.897497
1.08506
1.2854
1.49685
1.7178
1.94681
2.18256
2.42386
2.66969
2.91924
3.1719
3.42727
3.68478
3.94363
4.20281
4.46133
4.71804
4.97126
5.21867
5.45732
5.68397
5.89537
6.08873
6.262
6.41409
6.54486
6.65498
6.74576
6.81891
6.87638
6.92011
6.95203
6.97382
6.98694
6.99255
6.99155
6.98366
6.96974
6.95181
6.93246
6.91292
6.89379
6.87529
6.85732
6.83984
6.82282
6.80623
6.79005
6.77428
6.75889
6.74388
6.72925
6.71501
6.70118
6.68778
6.67485
6.66239
6.65045
6.63905
6.62821
6.61795
6.60831
6.59929
6.59091
6.58319
6.57614
6.56977
6.56409
6.55909
6.55479
6.55116
6.54822
6.54594
6.54429
6.54324
6.54282
6.54301
6.54378
6.54509
6.5469
6.54917
6.55182
6.5548
6.55805
6.56149
6.56506
6.56867
6.57227
6.57653
-0.181767
-0.174792
-0.149544
-0.103067
-0.0433119
0.0253234
0.104668
0.197206
0.303894
0.425032
0.560889
0.711571
0.876736
1.05547
1.24659
1.449
1.66167
1.88362
2.11386
2.35137
2.59522
2.84458
3.09883
3.35738
3.61953
3.88427
4.15043
4.4168
4.68191
4.94371
5.19942
5.44571
5.67899
5.89579
6.09315
6.26895
6.42216
6.55277
6.66169
6.75047
6.82106
6.87559
6.91619
6.94485
6.96336
6.97318
6.97553
6.97105
6.96011
6.94464
6.92678
6.90855
6.89049
6.87271
6.85502
6.83748
6.8202
6.80325
6.7867
6.77057
6.75487
6.73959
6.72474
6.71031
6.69633
6.6828
6.66974
6.65719
6.64515
6.63366
6.62274
6.6124
6.60267
6.59356
6.5851
6.57728
6.57012
6.56364
6.55782
6.55269
6.54822
6.54443
6.54129
6.53881
6.53694
6.53564
6.53495
6.53487
6.53537
6.5364
6.53794
6.53994
6.54233
6.54508
6.54811
6.55136
6.5548
6.55831
6.56186
6.56612
-0.249586
-0.249436
-0.225653
-0.175455
-0.116672
-0.055356
0.01256
0.0903964
0.179142
0.279543
0.392753
0.519906
0.661565
0.817315
0.9865
1.16866
1.36338
1.57014
1.78823
2.01669
2.25446
2.50049
2.7538
3.01353
3.27888
3.5489
3.82241
4.09803
4.3743
4.64933
4.92056
5.18477
5.43827
5.67719
5.89789
6.0974
6.27376
6.42619
6.55501
6.66147
6.74737
6.81487
6.86625
6.90374
6.92942
6.94507
6.95218
6.95184
6.94504
6.93296
6.918
6.90189
6.88561
6.86921
6.85226
6.83492
6.81751
6.80023
6.7833
6.76679
6.75074
6.73518
6.72008
6.70546
6.69132
6.67766
6.6645
6.65185
6.63974
6.62818
6.61719
6.60678
6.59698
6.58781
6.57926
6.57136
6.56411
6.55752
6.55159
6.54633
6.54173
6.53778
6.53448
6.53181
6.52973
6.52821
6.52727
6.52694
6.52719
6.52798
6.52928
6.53104
6.53322
6.53576
6.53861
6.54171
6.54503
6.54847
6.552
6.55628
-0.320061
-0.341094
-0.311522
-0.251867
-0.198127
-0.150311
-0.0982543
-0.0381299
0.0305077
0.108773
0.198742
0.302653
0.421964
0.556136
0.704726
0.867766
1.0453
1.23727
1.44325
1.6624
1.89371
2.13608
2.38834
2.64934
2.91803
3.1934
3.47436
3.75961
4.04752
4.336
4.62245
4.90378
5.17637
5.43618
5.67915
5.90164
6.1009
6.27538
6.42477
6.54989
6.65238
6.73439
6.79833
6.8466
6.88149
6.90501
6.91883
6.92433
6.92279
6.91562
6.90469
6.89201
6.87842
6.8644
6.84886
6.83211
6.81473
6.79718
6.77985
6.76293
6.74651
6.73062
6.71527
6.70045
6.68614
6.67236
6.6591
6.64638
6.6342
6.62259
6.61154
6.60109
6.59124
6.582
6.5734
6.56543
6.5581
6.55143
6.5454
6.54003
6.53532
6.53124
6.52779
6.52495
6.52268
6.52093
6.51975
6.51919
6.51922
6.5198
6.52089
6.52245
6.52444
6.5268
6.5295
6.53249
6.53571
6.53911
6.54263
6.54691
-0.372484
-0.47171
-0.410893
-0.314365
-0.255404
-0.217405
-0.179494
-0.137334
-0.0910666
-0.0388122
0.0228553
0.0978428
0.189235
0.2959
0.418204
0.557305
0.714067
0.889163
1.08233
1.29237
1.51783
1.75722
2.00891
2.27135
2.5432
2.82326
3.11048
3.40378
3.70175
4.00234
4.30282
4.60002
4.89028
5.16942
5.43293
5.67658
5.89694
6.092
6.26123
6.40542
6.52623
6.62569
6.70599
6.76926
6.81755
6.85278
6.8767
6.89086
6.8968
6.89617
6.89081
6.88251
6.87217
6.86092
6.84675
6.83035
6.81283
6.79482
6.77692
6.75944
6.74252
6.72623
6.71055
6.69548
6.68099
6.66707
6.65371
6.64092
6.62868
6.61702
6.60594
6.59544
6.58555
6.57628
6.56762
6.55959
6.5522
6.54546
6.53935
6.53389
6.52907
6.52487
6.5213
6.51831
6.51587
6.5139
6.51251
6.51177
6.51163
6.51204
6.51297
6.51439
6.51624
6.5185
6.52112
6.52405
6.52726
6.53068
6.5343
6.53858
-0.410271
-0.818477
-0.736614
-0.601197
-0.545126
-0.525905
-0.509585
-0.493195
-0.47911
-0.465003
-0.444663
-0.406483
-0.350701
-0.284083
-0.206456
-0.115642
-0.0091703
0.117356
0.266811
0.440225
0.63823
0.860323
1.10471
1.36924
1.6519
1.95066
2.26322
2.58692
2.91883
3.25593
3.59522
3.93354
4.26756
4.59379
4.90865
5.20859
5.49018
5.7501
5.98525
6.19298
6.37155
6.52045
6.6406
6.73413
6.8041
6.85396
6.88724
6.90726
6.91697
6.9189
6.91508
6.90691
6.89534
6.87901
6.85853
6.83719
6.81634
6.79556
6.77531
6.75583
6.73726
6.71963
6.7029
6.68702
6.67192
6.65753
6.64382
6.63074
6.61828
6.60642
6.59517
6.58452
6.57447
6.56503
6.55621
6.548
6.54042
6.53346
6.52713
6.52142
6.51634
6.51187
6.50801
6.50475
6.50206
6.49986
6.49814
6.49704
6.49656
6.49665
6.49728
6.49841
6.50002
6.50207
6.50453
6.50735
6.5105
6.51396
6.51761
6.52131
-0.232277
-0.467637
-0.433938
-0.371622
-0.347574
-0.339212
-0.330797
-0.322505
-0.317546
-0.318062
-0.326759
-0.350402
-0.381133
-0.398447
-0.396262
-0.375329
-0.330699
-0.26082
-0.173515
-0.072726
0.0459919
0.188875
0.358922
0.558154
0.787257
1.04537
1.33068
1.64091
1.97335
2.3249
2.69201
3.07076
3.45679
3.84529
4.23087
4.60763
4.96921
5.30919
5.62155
5.90124
6.14474
6.35038
6.51841
6.65083
6.75096
6.82296
6.87134
6.90054
6.91469
6.91753
6.91233
6.90178
6.88789
6.8716
6.85367
6.834
6.81167
6.78821
6.76596
6.74459
6.72427
6.70509
6.68707
6.67015
6.65423
6.63923
6.62505
6.61164
6.59893
6.58688
6.57548
6.56469
6.55452
6.54496
6.53601
6.52767
6.51994
6.51282
6.50631
6.50042
6.49514
6.49048
6.48642
6.48298
6.48016
6.47794
6.47616
6.4748
6.47403
6.47383
6.47418
6.47505
6.47642
6.47826
6.48056
6.48329
6.48643
6.48996
6.49379
6.4977
-0.225641
-0.464733
-0.456999
-0.413732
-0.398653
-0.395253
-0.390506
-0.384066
-0.377764
-0.371796
-0.36541
-0.357618
-0.346731
-0.333626
-0.321618
-0.315037
-0.320661
-0.33609
-0.34334
-0.32438
-0.273808
-0.198961
-0.105485
0.0111238
0.156532
0.334356
0.546334
0.792608
1.07199
1.38225
1.72024
2.08201
2.46283
2.85737
3.25969
3.66341
4.06183
4.44816
4.81579
5.15864
5.47153
5.75055
5.99332
6.1991
6.36879
6.50467
6.61002
6.68874
6.74487
6.7824
6.80499
6.81591
6.81796
6.8134
6.80406
6.79115
6.77546
6.75803
6.73866
6.71847
6.6992
6.68074
6.6632
6.64664
6.63105
6.61638
6.60256
6.58953
6.5772
6.56555
6.55453
6.54412
6.53429
6.52504
6.51637
6.50826
6.50073
6.49377
6.48738
6.48158
6.47635
6.4717
6.46763
6.46414
6.46124
6.45893
6.45717
6.45581
6.45488
6.45452
6.45473
6.45549
6.45678
6.45859
6.4609
6.4637
6.46698
6.47073
6.47485
6.47915
-0.196333
-0.401212
-0.391343
-0.353432
-0.342597
-0.342961
-0.342112
-0.339567
-0.33712
-0.335252
-0.333761
-0.332425
-0.330909
-0.328638
-0.324921
-0.319263
-0.311357
-0.30033
-0.287592
-0.279521
-0.280226
-0.278851
-0.256383
-0.205817
-0.129433
-0.0264097
0.107948
0.278029
0.486216
0.732953
1.01702
1.33575
1.68518
2.06025
2.45502
2.8629
3.27681
3.68944
4.09339
4.48147
4.84696
5.18401
5.48797
5.75569
5.98578
6.17856
6.33586
6.46069
6.55673
6.62798
6.67842
6.71182
6.73159
6.74073
6.74182
6.73698
6.72788
6.7158
6.70157
6.68612
6.66968
6.65306
6.63716
6.62192
6.60741
6.59363
6.58059
6.56824
6.55654
6.54546
6.53495
6.525
6.5156
6.50672
6.49837
6.49055
6.48326
6.4765
6.47027
6.46459
6.45945
6.45487
6.45084
6.44736
6.44445
6.44212
6.44036
6.43908
6.43817
6.43775
6.43791
6.43864
6.43993
6.44177
6.44415
6.44705
6.45049
6.45445
6.45885
6.46344
-0.182228
-0.374007
-0.368738
-0.338234
-0.332946
-0.337715
-0.340803
-0.341695
-0.341978
-0.341965
-0.341335
-0.339818
-0.337272
-0.333643
-0.329013
-0.323604
-0.317675
-0.3113
-0.304235
-0.295943
-0.285306
-0.27262
-0.261737
-0.250248
-0.22697
-0.181274
-0.107945
-0.00310181
0.13819
0.320116
0.544706
0.811694
1.11876
1.46184
1.83538
2.23275
2.64652
3.06878
3.49139
3.90621
4.30544
4.6819
5.02938
5.34305
5.61974
5.85811
6.05864
6.22328
6.35509
6.45779
6.53535
6.5917
6.63058
6.65537
6.66907
6.67427
6.67315
6.66748
6.65863
6.64767
6.63537
6.62239
6.60901
6.59579
6.5831
6.57087
6.55913
6.54789
6.53716
6.52691
6.51714
6.50783
6.49899
6.49062
6.4827
6.47526
6.46829
6.4618
6.45581
6.45031
6.44532
6.44085
6.43691
6.43349
6.43062
6.4283
6.42654
6.42535
6.42455
6.42415
6.42431
6.42507
6.42641
6.42833
6.43081
6.43387
6.4375
6.44171
6.44641
6.4513
-0.164879
-0.338435
-0.334193
-0.308303
-0.306207
-0.313657
-0.319746
-0.323913
-0.327501
-0.330704
-0.333199
-0.334758
-0.33527
-0.334658
-0.332858
-0.329843
-0.325624
-0.320259
-0.313872
-0.306663
-0.298739
-0.289969
-0.279577
-0.266106
-0.249723
-0.228555
-0.194841
-0.138416
-0.0505486
0.0758873
0.24623
0.463264
0.726922
1.03451
1.3812
1.7605
2.16481
2.58582
3.01482
3.44305
3.86196
4.26346
4.64031
4.98647
5.29742
5.57053
5.80505
6.00199
6.16373
6.29354
6.39519
6.47259
6.52954
6.5696
6.59603
6.61168
6.61905
6.62023
6.61696
6.61061
6.60221
6.59255
6.58221
6.57163
6.56095
6.55039
6.54018
6.53032
6.52075
6.51148
6.50255
6.49395
6.48572
6.47786
6.47038
6.4633
6.45664
6.45041
6.44462
6.4393
6.43444
6.43007
6.4262
6.42283
6.41999
6.41767
6.4159
6.4147
6.41405
6.4138
6.41398
6.41476
6.41615
6.41815
6.42074
6.42394
6.42775
6.43217
6.43713
6.44229
-0.14623
-0.302102
-0.301398
-0.283141
-0.287084
-0.299533
-0.31055
-0.319686
-0.328017
-0.335548
-0.3419
-0.346818
-0.350178
-0.351921
-0.352034
-0.350553
-0.347541
-0.343078
-0.337235
-0.33032
-0.322672
-0.314302
-0.30517
-0.294886
-0.282021
-0.264754
-0.241043
-0.205921
-0.150068
-0.0620322
0.0682205
0.247058
0.476751
0.755919
1.08028
1.44343
1.83758
2.25407
2.68383
3.11769
3.54665
3.96216
4.35637
4.72251
5.05527
5.35115
5.6086
5.82796
6.01105
6.16076
6.28059
6.3743
6.44564
6.49819
6.53527
6.55989
6.57469
6.58196
6.58364
6.58132
6.57626
6.56943
6.56151
6.55297
6.54413
6.53527
6.52647
6.51775
6.50915
6.50074
6.49255
6.48459
6.47688
6.46945
6.46233
6.45554
6.44911
6.44306
6.43741
6.43219
6.4274
6.42307
6.41922
6.41586
6.41301
6.41067
6.40888
6.40764
6.40697
6.40679
6.40705
6.40787
6.40931
6.41139
6.41409
6.41743
6.4214
6.42603
6.43123
6.43664
-0.121128
-0.256562
-0.261988
-0.254447
-0.266129
-0.284395
-0.301213
-0.316284
-0.330159
-0.342594
-0.353198
-0.361741
-0.368124
-0.372309
-0.37429
-0.374089
-0.371754
-0.367884
-0.363074
-0.357145
-0.349986
-0.341794
-0.332665
-0.322505
-0.310816
-0.296378
-0.277025
-0.249213
-0.206535
-0.138075
-0.030129
0.12788
0.340174
0.605673
0.919813
1.27578
1.66539
2.07965
2.50926
2.94492
3.37752
3.79842
4.19966
4.5743
4.91679
5.22333
5.49208
5.72303
5.91767
6.07865
6.20921
6.31292
6.39337
6.45405
6.49824
6.52895
6.54887
6.56036
6.56545
6.56586
6.56298
6.55791
6.55145
6.54417
6.53645
6.52852
6.52051
6.51248
6.50452
6.49666
6.48892
6.48132
6.47389
6.46668
6.4597
6.45301
6.44663
6.44059
6.43492
6.42965
6.42481
6.42041
6.41647
6.41302
6.41006
6.40763
6.40574
6.4044
6.40363
6.40345
6.40376
6.40457
6.40603
6.40814
6.41091
6.41434
6.41844
6.42323
6.42863
6.43426
-0.0896359
-0.20427
-0.220716
-0.228945
-0.250903
-0.27648
-0.300166
-0.321573
-0.3408
-0.357597
-0.371719
-0.383047
-0.39153
-0.397114
-0.399796
-0.400252
-0.399456
-0.397198
-0.393054
-0.38724
-0.380014
-0.371583
-0.36209
-0.351572
-0.339828
-0.32602
-0.308503
-0.283483
-0.243206
-0.175337
-0.0654336
0.0970328
0.315282
0.587058
0.906864
1.26727
1.65976
2.07529
2.50467
2.93878
3.36883
3.7865
4.18423
4.55552
4.89525
5.20007
5.46851
5.70032
5.8966
6.05988
6.19326
6.30005
6.3836
6.44725
6.49414
6.52721
6.54908
6.56212
6.56838
6.56959
6.5672
6.56236
6.55597
6.54867
6.54088
6.53289
6.52483
6.51678
6.5088
6.5009
6.49309
6.48541
6.47787
6.47051
6.46337
6.45648
6.44989
6.44363
6.43772
6.43222
6.42713
6.42249
6.41832
6.41465
6.41148
6.40885
6.40676
6.40524
6.40432
6.40399
6.40421
6.40499
6.40644
6.40858
6.4114
6.4149
6.41911
6.42403
6.4296
6.43543
-0.05377
-0.143682
-0.179286
-0.207019
-0.239113
-0.271081
-0.300351
-0.326556
-0.349617
-0.369405
-0.385816
-0.398762
-0.408131
-0.414026
-0.417841
-0.420234
-0.42039
-0.4182
-0.413973
-0.408025
-0.400596
-0.391825
-0.381666
-0.369812
-0.355818
-0.338498
-0.315765
-0.284037
-0.234788
-0.152993
-0.0232614
0.162273
0.403418
0.695604
1.03211
1.405
1.80569
2.22533
2.65502
3.08605
3.51002
3.91911
4.30628
4.66568
4.99291
5.28525
5.54205
5.76394
5.95221
6.10921
6.23805
6.3416
6.42252
6.484
6.52902
6.56041
6.58071
6.59222
6.59695
6.59661
6.59265
6.58623
6.57827
6.56943
6.56018
6.55084
6.54155
6.53242
6.52347
6.51472
6.50615
6.49777
6.48959
6.48163
6.47392
6.46649
6.45936
6.45259
6.44619
6.4402
6.43466
6.42958
6.425
6.42094
6.41741
6.41444
6.41205
6.41025
6.40907
6.40853
6.4086
6.40933
6.41076
6.41289
6.41574
6.4193
6.4236
6.42865
6.43436
6.4404
-0.0288642
-0.0887105
-0.139491
-0.182324
-0.221875
-0.258242
-0.291096
-0.320365
-0.345889
-0.367495
-0.384988
-0.398273
-0.408087
-0.416022
-0.42182
-0.42447
-0.42423
-0.421417
-0.416226
-0.408738
-0.398903
-0.386495
-0.371034
-0.351736
-0.327569
-0.297223
-0.257762
-0.20289
-0.121934
-0.00191837
0.167129
0.388479
0.659858
0.976007
1.33005
1.71422
2.12025
2.53973
2.9643
3.38579
3.79644
4.1891
4.55754
4.89674
5.20322
5.47505
5.71185
5.91499
6.08657
6.22898
6.34523
6.43854
6.51152
6.56638
6.60541
6.63131
6.64657
6.65344
6.65384
6.64945
6.64168
6.63167
6.62031
6.60828
6.59606
6.58396
6.57216
6.56075
6.54975
6.53917
6.52898
6.51915
6.50968
6.50055
6.49176
6.48335
6.47531
6.46769
6.4605
6.45378
6.44754
6.44182
6.43664
6.43202
6.42798
6.42454
6.42173
6.41955
6.41802
6.41717
6.41704
6.41766
6.41902
6.42112
6.42397
6.42759
6.43197
6.43712
6.44299
6.44924
-0.0299112
-0.0765865
-0.121595
-0.164249
-0.204026
-0.240654
-0.273789
-0.303083
-0.328198
-0.348606
-0.364028
-0.376557
-0.387498
-0.395228
-0.39894
-0.398856
-0.395168
-0.387935
-0.377126
-0.362611
-0.344136
-0.321265
-0.293231
-0.258655
-0.215148
-0.158966
-0.0847697
0.0142573
0.145869
0.317303
0.532997
0.793291
1.09513
1.43332
1.80138
2.19202
2.59759
3.01027
3.42235
3.82638
4.21542
4.58324
4.92465
5.23573
5.51404
5.75858
5.96961
6.14865
6.29792
6.41988
6.51721
6.59306
6.65104
6.69404
6.72324
6.74012
6.74709
6.74634
6.73973
6.72886
6.71506
6.69943
6.68283
6.66591
6.64915
6.63285
6.61719
6.60226
6.58808
6.57463
6.56187
6.54976
6.53824
6.52728
6.51687
6.50698
6.49762
6.4888
6.48051
6.47278
6.46563
6.45907
6.45312
6.4478
6.44312
6.43911
6.43578
6.43314
6.4312
6.42999
6.42962
6.43013
6.43141
6.43347
6.43631
6.43995
6.4444
6.44965
6.45566
6.4621
-0.0334657
-0.0748658
-0.110159
-0.145291
-0.178637
-0.209019
-0.235481
-0.257273
-0.275446
-0.29211
-0.307679
-0.319814
-0.326887
-0.329259
-0.32708
-0.320379
-0.309082
-0.292991
-0.271732
-0.244686
-0.21089
-0.168941
-0.116902
-0.0522344
0.0282388
0.128319
0.252337
0.404875
0.590252
0.811692
1.07037
1.36494
1.69193
2.04629
2.42194
2.81218
3.20998
3.60823
4
4.37873
4.73848
5.07415
5.38172
5.65845
5.90293
6.11497
6.29545
6.44612
6.56924
6.66734
6.74307
6.79911
6.83827
6.8644
6.87962
6.8843
6.88012
6.86914
6.85314
6.8336
6.81177
6.78868
6.76514
6.74176
6.71898
6.69711
6.6763
6.65666
6.63818
6.62084
6.60457
6.5893
6.57497
6.56152
6.54887
6.537
6.52587
6.51547
6.50577
6.49678
6.48849
6.48092
6.47406
6.46792
6.46252
6.45786
6.45395
6.45081
6.44844
6.44688
6.4463
6.44669
6.44788
6.44989
6.45272
6.45637
6.46086
6.46619
6.47229
6.47888
-0.0288823
-0.0520363
-0.0721997
-0.0940688
-0.116393
-0.138499
-0.160064
-0.180623
-0.198365
-0.211374
-0.2194
-0.222578
-0.220651
-0.213341
-0.200291
-0.18106
-0.155086
-0.121653
-0.079843
-0.0285037
0.0337967
0.108801
0.198585
0.305546
0.432349
0.58181
0.756719
0.959572
1.19221
1.45535
1.74825
2.06851
2.41232
2.77475
3.15013
3.5323
3.91489
4.2916
4.65636
5.00365
5.32862
5.62736
5.89705
6.13601
6.34372
6.52066
6.66815
6.78813
6.88292
6.95501
7.00702
7.04143
7.06075
7.0687
7.06753
7.05771
7.04028
7.01716
6.98999
6.96013
6.92874
6.89675
6.86491
6.83379
6.80381
6.77522
6.7482
6.72282
6.69907
6.67692
6.65629
6.6371
6.61924
6.60262
6.58716
6.57279
6.55945
6.54709
6.53566
6.52514
6.5155
6.50673
6.49883
6.49177
6.48557
6.48021
6.4757
6.47203
6.46921
6.46748
6.46685
6.46708
6.46814
6.47006
6.47284
6.47647
6.48096
6.48631
6.49246
6.49913
-0.0194891
-0.0329888
-0.0471098
-0.0613845
-0.0747545
-0.0863744
-0.0955932
-0.101923
-0.104802
-0.10349
-0.0972501
-0.0854009
-0.0672847
-0.0422514
-0.00961699
0.0313732
0.0815781
0.141989
0.21375
0.298175
0.396749
0.511118
0.643055
0.794405
0.966991
1.16249
1.38228
1.6272
1.89736
2.19192
2.50894
2.84538
3.19722
3.55971
3.92753
4.29509
4.65676
5.00706
5.34088
5.65374
5.94189
6.20253
6.43384
6.63504
6.80628
6.94851
7.06333
7.15279
7.21921
7.26508
7.29289
7.30502
7.3039
7.29357
7.27596
7.25055
7.21881
7.18255
7.14327
7.10219
7.06037
7.01864
6.97771
6.93808
6.90013
6.86412
6.83018
6.79838
6.7687
6.7411
6.71549
6.69177
6.66981
6.64951
6.63075
6.61344
6.59749
6.58281
6.56935
6.55704
6.54584
6.5357
6.52661
6.51854
6.51145
6.50535
6.5002
6.49601
6.49297
6.49112
6.49026
6.49026
6.49116
6.49295
6.49562
6.49918
6.50362
6.50893
6.51507
6.52175
-0.00583095
-0.0075929
-0.00945737
-0.0106896
-0.0105288
-0.00821231
-0.00295532
0.00604732
0.0196017
0.0384903
0.0634766
0.0953295
0.134842
0.182841
0.240206
0.307875
0.386859
0.478249
0.583213
0.702986
0.838856
0.992122
1.16405
1.35579
1.56831
1.80225
2.05783
2.3347
2.63183
2.94742
3.27884
3.62272
3.97499
4.3311
4.68618
5.03523
5.37331
5.69579
5.99847
6.27782
6.53103
6.7562
6.95227
7.11908
7.25722
7.36793
7.45294
7.51436
7.55451
7.5758
7.58056
7.57125
7.55166
7.52453
7.49054
7.4497
7.4038
7.3545
7.30314
7.25083
7.19852
7.147
7.09687
7.04862
7.00259
6.95898
6.91794
6.87952
6.84368
6.81038
6.77951
6.75097
6.72461
6.70032
6.67796
6.65742
6.63857
6.62132
6.60558
6.59126
6.57831
6.56665
6.55624
6.54703
6.53899
6.53208
6.52628
6.52171
6.51843
6.51624
6.51499
6.51469
6.51534
6.51693
6.51944
6.52287
6.52719
6.53241
6.53848
6.54513
0.00701691
0.0184144
0.030482
0.043955
0.059547
0.078017
0.100145
0.126739
0.158633
0.196688
0.241781
0.294808
0.356687
0.42836
0.510801
0.60501
0.712017
0.832871
0.968626
1.12032
1.28893
1.47534
1.68031
1.90434
2.14768
2.41017
2.69121
2.98968
3.30384
3.63136
3.96927
4.31407
4.6618
5.00819
5.34879
5.67915
5.99501
6.29244
6.56801
6.81891
7.04305
7.2391
7.40653
7.54551
7.65687
7.74196
7.80257
7.8408
7.85888
7.85909
7.84382
7.81707
7.78278
7.74141
7.69251
7.63784
7.57927
7.51823
7.45594
7.39344
7.33158
7.2711
7.21254
7.15635
7.10281
7.05215
7.00445
6.95977
6.91809
6.87932
6.84338
6.81015
6.77948
6.75124
6.72528
6.70148
6.6797
6.65983
6.64175
6.62537
6.6106
6.59735
6.58557
6.5752
6.56617
6.55845
6.55209
6.54709
6.54329
6.54054
6.53884
6.53817
6.53851
6.53983
6.54213
6.54537
6.54954
6.55462
6.56058
6.56717
0.0190197
0.0438876
0.0691921
0.0964214
0.126182
0.159289
0.1966
0.238988
0.287342
0.342572
0.405603
0.477381
0.558866
0.651035
0.754871
0.871358
1.00147
1.14615
1.30629
1.48269
1.67606
1.88691
2.11556
2.36206
2.62613
2.90709
3.20383
3.51477
3.83781
4.17036
4.50936
4.85133
5.19249
5.52886
5.85638
6.17109
6.46923
6.74743
7.00277
7.23294
7.43627
7.61179
7.75918
7.87877
7.97143
8.03852
8.08178
8.10321
8.10485
8.08891
8.05969
8.02264
7.97815
7.92468
7.86422
7.7989
7.73039
7.66002
7.58895
7.51817
7.4485
7.38061
7.31503
7.25215
7.19227
7.13557
7.08215
7.03205
6.98525
6.94168
6.90125
6.86383
6.82929
6.79748
6.76826
6.74148
6.71701
6.69471
6.67446
6.65616
6.63969
6.62496
6.61189
6.60042
6.59047
6.58202
6.57503
6.56937
6.56491
6.56161
6.55945
6.55839
6.5584
6.55945
6.56151
6.56456
6.56857
6.57351
6.57935
6.5859
0.0277351
0.061634
0.0956832
0.132434
0.172204
0.21574
0.263894
0.317538
0.377567
0.444897
0.520465
0.605222
0.70013
0.80615
0.924237
1.05533
1.20031
1.36003
1.53524
1.72656
1.93449
2.1593
2.40106
2.65951
2.93409
3.22386
3.52747
3.84314
4.16865
4.50136
4.83824
5.17596
5.51092
5.8394
6.15765
6.46205
6.74918
7.01598
7.25985
7.4787
7.67106
7.83605
7.97338
8.08335
8.16676
8.22485
8.25924
8.27167
8.26386
8.23874
8.20489
8.16396
8.11205
8.05112
7.98375
7.91192
7.83717
7.76084
7.68408
7.60788
7.53302
7.46015
7.3898
7.32233
7.25805
7.19713
7.13967
7.08572
7.03525
6.98822
6.94452
6.90404
6.86665
6.83221
6.80056
6.77157
6.74508
6.72096
6.69908
6.67931
6.66155
6.64569
6.63164
6.61931
6.60864
6.59955
6.59193
6.58566
6.58068
6.57695
6.57441
6.57304
6.57279
6.57362
6.57549
6.57837
6.58223
6.58704
6.59278
6.59927
0.0330923
0.0716713
0.110219
0.151938
0.196942
0.245942
0.299794
0.359374
0.425585
0.49935
0.581613
0.673331
0.775469
0.888988
1.01483
1.15392
1.30711
1.47519
1.65887
1.85869
2.07504
2.3081
2.55781
2.8238
3.10536
3.40143
3.71054
4.03082
4.35996
4.6953
5.03378
5.37207
5.70665
6.03385
6.35003
6.65163
6.93538
7.1983
7.43788
7.65214
7.83962
7.99948
8.13146
8.23582
8.31333
8.3652
8.39292
8.39799
8.38242
8.35272
8.31498
8.26784
8.20946
8.14244
8.06928
7.99187
7.9118
7.83043
7.74891
7.66821
7.58912
7.51228
7.43819
7.36721
7.29963
7.23561
7.17526
7.1186
7.06561
7.01623
6.97036
6.92788
6.88865
6.85252
6.81934
6.78896
6.76122
6.73598
6.71309
6.69244
6.67389
6.65733
6.64266
6.62978
6.61861
6.60905
6.60098
6.59434
6.58904
6.58504
6.58228
6.58071
6.58028
6.58096
6.58271
6.58549
6.58927
6.59402
6.59974
6.60631
7.14406
7.14203
7.14107
7.1403
7.13945
7.13858
7.1377
7.13683
7.13596
7.13508
7.1342
7.13333
7.13245
7.13157
7.13069
7.12981
7.12893
7.12805
7.12717
7.1263
7.12543
7.12456
7.1237
7.12284
7.12199
7.12114
7.12029
7.11945
7.11862
7.11779
7.11697
7.11616
7.11535
7.11455
7.11376
7.11298
7.1122
7.11143
7.11067
7.10992
7.10917
7.10843
7.10771
7.10699
7.10627
7.10557
7.10487
7.10419
7.10351
7.10283
7.10217
7.10152
7.10087
7.10023
7.0996
7.09898
7.09836
7.09775
7.09715
7.09656
7.09598
7.0954
7.09483
7.09427
7.09371
7.09316
7.09262
7.09208
7.09155
7.09103
7.09051
7.09
7.0895
7.089
7.08851
7.08802
7.08754
7.08707
7.0866
7.08613
7.08567
7.08522
7.08477
7.08433
7.08389
7.08346
7.08303
7.0826
7.08218
7.08177
7.08136
7.08095
7.08055
7.08016
7.07976
7.07938
7.07901
7.07865
7.0782
7.0777
7.06519
7.06184
7.06018
7.0589
7.05756
7.0562
7.05485
7.0535
7.05216
7.05082
7.04948
7.04814
7.04681
7.04547
7.04413
7.04279
7.04145
7.04012
7.03878
7.03744
7.03611
7.03477
7.03344
7.03211
7.03079
7.02946
7.02814
7.02683
7.02552
7.02421
7.02291
7.02161
7.02032
7.01903
7.01775
7.01648
7.01521
7.01395
7.01269
7.01144
7.0102
7.00897
7.00774
7.00652
7.0053
7.0041
7.0029
7.0017
7.00052
6.99934
6.99816
6.997
6.99584
6.99468
6.99354
6.9924
6.99126
6.99014
6.98901
6.9879
6.98679
6.98569
6.98459
6.98349
6.98241
6.98133
6.98025
6.97918
6.97811
6.97705
6.97599
6.97494
6.97389
6.97285
6.9718
6.97077
6.96974
6.96871
6.96768
6.96666
6.96564
6.96462
6.96361
6.9626
6.96159
6.96058
6.95958
6.95857
6.95757
6.95658
6.95558
6.95458
6.95359
6.9526
6.9516
6.95062
6.94966
6.94866
6.94747
6.94626
7.03565
7.03274
7.0312
7.03
7.02876
7.0275
7.02625
7.02501
7.02377
7.02252
7.02127
7.02002
7.01876
7.01748
7.01621
7.01492
7.01362
7.01232
7.01101
7.00968
7.00835
7.00702
7.00567
7.00432
7.00296
7.0016
7.00023
6.99886
6.99748
6.9961
6.99471
6.99333
6.99194
6.99055
6.98915
6.98776
6.98637
6.98497
6.98358
6.98218
6.98079
6.97939
6.978
6.97661
6.97522
6.97383
6.97244
6.97106
6.96968
6.9683
6.96692
6.96555
6.96417
6.9628
6.96144
6.96007
6.95871
6.95735
6.956
6.95465
6.9533
6.95195
6.95061
6.94927
6.94793
6.9466
6.94526
6.94394
6.94261
6.94129
6.93997
6.93865
6.93734
6.93603
6.93472
6.93342
6.93211
6.93081
6.92952
6.92822
6.92693
6.92564
6.92435
6.92307
6.92178
6.9205
6.91922
6.91795
6.91667
6.9154
6.91413
6.91286
6.9116
6.91033
6.90907
6.90783
6.90661
6.90535
6.90389
6.90242
6.99184
6.98866
6.98685
6.98535
6.98383
6.98231
6.98079
6.97928
6.97778
6.97627
6.97477
6.97326
6.97174
6.97022
6.96869
6.96715
6.9656
6.96404
6.96247
6.96089
6.9593
6.95771
6.9561
6.95449
6.95287
6.95124
6.94961
6.94797
6.94632
6.94467
6.94301
6.94135
6.93969
6.93802
6.93635
6.93467
6.933
6.93132
6.92964
6.92796
6.92628
6.9246
6.92292
6.92124
6.91956
6.91788
6.9162
6.91453
6.91285
6.91118
6.90951
6.90784
6.90618
6.90451
6.90285
6.9012
6.89954
6.89789
6.89624
6.8946
6.89296
6.89132
6.88969
6.88806
6.88643
6.88481
6.88319
6.88158
6.87996
6.87836
6.87676
6.87516
6.87356
6.87197
6.87039
6.86881
6.86723
6.86565
6.86409
6.86252
6.86096
6.8594
6.85785
6.8563
6.85475
6.85321
6.85167
6.85014
6.84861
6.84708
6.84556
6.84404
6.84252
6.84101
6.8395
6.83801
6.83655
6.83504
6.83329
6.83151
6.96227
6.95958
6.95792
6.95651
6.95509
6.95365
6.95222
6.95079
6.94936
6.94792
6.94648
6.94502
6.94355
6.94207
6.94057
6.93905
6.93752
6.93597
6.93441
6.93283
6.93123
6.92962
6.92799
6.92635
6.9247
6.92303
6.92135
6.91966
6.91795
6.91624
6.91451
6.91278
6.91104
6.90929
6.90753
6.90577
6.904
6.90222
6.90044
6.89866
6.89687
6.89508
6.89328
6.89149
6.88969
6.88789
6.88609
6.88429
6.88249
6.8807
6.8789
6.8771
6.87531
6.87352
6.87173
6.86994
6.86816
6.86638
6.8646
6.86283
6.86106
6.8593
6.85754
6.85579
6.85404
6.8523
6.85056
6.84883
6.8471
6.84538
6.84367
6.84196
6.84026
6.83856
6.83688
6.83519
6.83352
6.83185
6.83019
6.82853
6.82689
6.82524
6.82361
6.82198
6.82036
6.81875
6.81714
6.81554
6.81394
6.81236
6.81077
6.8092
6.80763
6.80607
6.80452
6.80298
6.80148
6.79995
6.79819
6.79641
6.93004
6.92739
6.92561
6.92406
6.9225
6.92093
6.91937
6.91782
6.91626
6.91469
6.91312
6.91154
6.90994
6.90833
6.9067
6.90505
6.90339
6.90171
6.90002
6.8983
6.89657
6.89483
6.89307
6.89129
6.8895
6.88769
6.88587
6.88404
6.88219
6.88034
6.87847
6.8766
6.87471
6.87282
6.87092
6.86901
6.8671
6.86519
6.86326
6.86134
6.85941
6.85748
6.85555
6.85361
6.85168
6.84974
6.84781
6.84588
6.84394
6.84201
6.84009
6.83816
6.83624
6.83433
6.83241
6.83051
6.8286
6.82671
6.82481
6.82293
6.82105
6.81918
6.81731
6.81545
6.8136
6.81176
6.80992
6.80809
6.80627
6.80446
6.80266
6.80086
6.79908
6.7973
6.79553
6.79377
6.79202
6.79027
6.78854
6.78681
6.7851
6.78339
6.78169
6.78
6.77832
6.77664
6.77498
6.77332
6.77167
6.77003
6.76839
6.76677
6.76515
6.76354
6.76193
6.76035
6.75879
6.75721
6.75539
6.75353
6.90389
6.90161
6.89993
6.89842
6.89692
6.89541
6.8939
6.89239
6.89088
6.88935
6.88781
6.88626
6.88468
6.88309
6.88148
6.87985
6.8782
6.87653
6.87484
6.87312
6.87139
6.86964
6.86787
6.86608
6.86427
6.86244
6.8606
6.85875
6.85688
6.85499
6.85309
6.85119
6.84927
6.84734
6.8454
6.84345
6.8415
6.83954
6.83757
6.8356
6.83362
6.83164
6.82966
6.82768
6.82569
6.82371
6.82172
6.81974
6.81775
6.81577
6.8138
6.81182
6.80985
6.80789
6.80593
6.80397
6.80202
6.80008
6.79815
6.79622
6.7943
6.79239
6.79049
6.78859
6.78671
6.78484
6.78297
6.78112
6.77928
6.77744
6.77562
6.77381
6.77202
6.77023
6.76846
6.76669
6.76494
6.7632
6.76148
6.75977
6.75806
6.75638
6.7547
6.75303
6.75138
6.74974
6.74812
6.7465
6.7449
6.7433
6.74172
6.74015
6.7386
6.73705
6.73552
6.734
6.73253
6.73103
6.72933
6.72761
6.87798
6.87581
6.87408
6.87251
6.87095
6.86938
6.86782
6.86625
6.86468
6.86309
6.8615
6.85988
6.85826
6.85661
6.85494
6.85325
6.85154
6.84981
6.84806
6.84629
6.8445
6.84269
6.84086
6.83901
6.83714
6.83526
6.83336
6.83144
6.82952
6.82757
6.82562
6.82365
6.82167
6.81969
6.81769
6.81569
6.81368
6.81167
6.80965
6.80762
6.8056
6.80357
6.80154
6.79951
6.79748
6.79545
6.79343
6.79141
6.78939
6.78737
6.78537
6.78336
6.78137
6.77938
6.7774
6.77542
6.77346
6.77151
6.76956
6.76763
6.76571
6.7638
6.7619
6.76001
6.75814
6.75628
6.75443
6.7526
6.75078
6.74897
6.74718
6.74541
6.74365
6.7419
6.74017
6.73845
6.73675
6.73507
6.7334
6.73174
6.7301
6.72848
6.72687
6.72527
6.72369
6.72213
6.72058
6.71904
6.71752
6.71601
6.71451
6.71303
6.71156
6.7101
6.70865
6.70722
6.70583
6.70441
6.70282
6.70119
6.85506
6.85314
6.85147
6.84992
6.8484
6.84687
6.84534
6.84381
6.84226
6.84071
6.83914
6.83755
6.83594
6.83431
6.83267
6.831
6.8293
6.82759
6.82586
6.8241
6.82232
6.82052
6.8187
6.81686
6.81501
6.81313
6.81124
6.80934
6.80741
6.80548
6.80353
6.80157
6.7996
6.79762
6.79563
6.79364
6.79164
6.78963
6.78762
6.7856
6.78358
6.78157
6.77955
6.77753
6.77551
6.7735
6.77149
6.76948
6.76748
6.76548
6.76349
6.76151
6.75953
6.75757
6.75561
6.75367
6.75173
6.74981
6.7479
6.746
6.74412
6.74225
6.74039
6.73855
6.73673
6.73492
6.73312
6.73135
6.72959
6.72785
6.72612
6.72441
6.72272
6.72105
6.7194
6.71777
6.71615
6.71456
6.71298
6.71142
6.70988
6.70836
6.70686
6.70538
6.70391
6.70246
6.70103
6.69962
6.69823
6.69685
6.69549
6.69415
6.69282
6.69151
6.69022
6.68894
6.6877
6.68645
6.68506
6.68365
6.83308
6.83128
6.82961
6.82805
6.82652
6.82499
6.82345
6.82191
6.82036
6.8188
6.81722
6.81563
6.81401
6.81238
6.81073
6.80905
6.80735
6.80564
6.8039
6.80214
6.80035
6.79855
6.79673
6.79489
6.79303
6.79116
6.78927
6.78736
6.78544
6.78351
6.78156
6.77961
6.77764
6.77567
6.77369
6.7717
6.76971
6.76771
6.76571
6.76371
6.76171
6.75971
6.75771
6.75571
6.75372
6.75173
6.74974
6.74777
6.7458
6.74384
6.74189
6.73995
6.73802
6.7361
6.73419
6.7323
6.73043
6.72856
6.72672
6.72489
6.72307
6.72128
6.7195
6.71774
6.716
6.71429
6.71259
6.71091
6.70925
6.70761
6.706
6.70441
6.70284
6.70129
6.69976
6.69826
6.69678
6.69532
6.69388
6.69247
6.69107
6.68971
6.68836
6.68703
6.68573
6.68444
6.68318
6.68193
6.68071
6.67951
6.67832
6.67715
6.676
6.67487
6.67375
6.67265
6.67159
6.67051
6.66932
6.66812
6.81282
6.81119
6.80957
6.80805
6.80656
6.80506
6.80356
6.80206
6.80054
6.79902
6.79747
6.79591
6.79433
6.79273
6.79111
6.78947
6.78781
6.78612
6.78442
6.78269
6.78095
6.77918
6.7774
6.77559
6.77377
6.77193
6.77008
6.76822
6.76634
6.76444
6.76254
6.76063
6.75871
6.75678
6.75485
6.75291
6.75096
6.74902
6.74707
6.74513
6.74318
6.74124
6.7393
6.73736
6.73543
6.73351
6.73159
6.72969
6.72779
6.7259
6.72403
6.72217
6.72032
6.71848
6.71667
6.71486
6.71308
6.71131
6.70956
6.70784
6.70613
6.70444
6.70277
6.70112
6.6995
6.6979
6.69632
6.69477
6.69324
6.69174
6.69026
6.6888
6.68737
6.68597
6.68459
6.68324
6.68191
6.68061
6.67934
6.67809
6.67687
6.67567
6.67449
6.67335
6.67222
6.67112
6.67005
6.66899
6.66796
6.66695
6.66597
6.665
6.66405
6.66313
6.66222
6.66133
6.66048
6.65961
6.65868
6.65776
6.79358
6.79207
6.79049
6.78899
6.78753
6.78607
6.7846
6.78313
6.78165
6.78015
6.77864
6.77711
6.77556
6.77399
6.77241
6.7708
6.76917
6.76753
6.76586
6.76417
6.76246
6.76074
6.75899
6.75723
6.75546
6.75366
6.75186
6.75004
6.7482
6.74636
6.74451
6.74265
6.74078
6.73891
6.73703
6.73515
6.73327
6.73139
6.7295
6.72762
6.72574
6.72387
6.722
6.72014
6.71829
6.71644
6.71461
6.71279
6.71098
6.70918
6.7074
6.70563
6.70388
6.70215
6.70043
6.69874
6.69706
6.69541
6.69378
6.69217
6.69059
6.68903
6.68749
6.68598
6.6845
6.68305
6.68162
6.68022
6.67884
6.6775
6.67619
6.6749
6.67364
6.67242
6.67122
6.67005
6.66891
6.66781
6.66673
6.66568
6.66466
6.66367
6.6627
6.66177
6.66086
6.65998
6.65913
6.6583
6.65749
6.65671
6.65595
6.65522
6.6545
6.65381
6.65314
6.65248
6.65185
6.65122
6.65054
6.64991
6.7755
6.77412
6.7726
6.77116
6.76975
6.76834
6.76693
6.7655
6.76407
6.76262
6.76116
6.75969
6.75819
6.75668
6.75514
6.75359
6.75202
6.75043
6.74882
6.74719
6.74554
6.74387
6.74219
6.74049
6.73878
6.73705
6.73531
6.73356
6.7318
6.73002
6.72825
6.72646
6.72467
6.72287
6.72108
6.71928
6.71748
6.71568
6.71389
6.7121
6.71031
6.70854
6.70677
6.70501
6.70325
6.70152
6.69979
6.69808
6.69638
6.6947
6.69304
6.6914
6.68978
6.68818
6.6866
6.68504
6.68351
6.682
6.68051
6.67906
6.67763
6.67623
6.67486
6.67351
6.6722
6.67092
6.66966
6.66844
6.66725
6.6661
6.66497
6.66388
6.66282
6.6618
6.6608
6.65984
6.65891
6.65801
6.65715
6.65632
6.65552
6.65475
6.65401
6.6533
6.65262
6.65197
6.65135
6.65076
6.65019
6.64965
6.64913
6.64864
6.64817
6.64773
6.6473
6.6469
6.64651
6.64613
6.64574
6.64542
6.75837
6.75711
6.75565
6.75427
6.75292
6.75158
6.75022
6.74886
6.74749
6.74611
6.74471
6.7433
6.74187
6.74042
6.73895
6.73746
6.73596
6.73444
6.7329
6.73134
6.72977
6.72817
6.72657
6.72495
6.72331
6.72167
6.72001
6.71834
6.71667
6.71498
6.71329
6.7116
6.7099
6.7082
6.7065
6.7048
6.7031
6.70141
6.69972
6.69804
6.69636
6.6947
6.69304
6.6914
6.68977
6.68815
6.68655
6.68497
6.6834
6.68186
6.68033
6.67883
6.67734
6.67589
6.67445
6.67305
6.67167
6.67032
6.66899
6.6677
6.66644
6.6652
6.664
6.66284
6.6617
6.6606
6.65953
6.6585
6.6575
6.65654
6.65562
6.65473
6.65387
6.65306
6.65227
6.65153
6.65082
6.65014
6.64951
6.6489
6.64834
6.64781
6.64731
6.64684
6.64641
6.64601
6.64564
6.64531
6.645
6.64472
6.64447
6.64424
6.64404
6.64387
6.64371
6.64358
6.64346
6.64335
6.64326
6.64328
6.74211
6.74096
6.73959
6.73827
6.737
6.73572
6.73444
6.73315
6.73185
6.73053
6.7292
6.72786
6.7265
6.72512
6.72373
6.72231
6.72088
6.71944
6.71797
6.71649
6.715
6.71349
6.71196
6.71043
6.70888
6.70732
6.70575
6.70418
6.70259
6.70101
6.69942
6.69782
6.69623
6.69463
6.69304
6.69145
6.68986
6.68828
6.68671
6.68514
6.68359
6.68205
6.68052
6.67901
6.67751
6.67603
6.67457
6.67313
6.67171
6.67031
6.66894
6.66759
6.66627
6.66497
6.66371
6.66247
6.66127
6.66009
6.65895
6.65784
6.65677
6.65573
6.65472
6.65376
6.65283
6.65193
6.65108
6.65027
6.64949
6.64876
6.64806
6.6474
6.64679
6.64621
6.64568
6.64518
6.64472
6.64431
6.64393
6.64359
6.64329
6.64303
6.6428
6.64261
6.64246
6.64234
6.64225
6.64219
6.64217
6.64217
6.64221
6.64227
6.64235
6.64246
6.64258
6.64273
6.64288
6.64304
6.64328
6.64365
6.72415
6.72313
6.72185
6.72062
6.71944
6.71825
6.71705
6.71584
6.71463
6.7134
6.71216
6.7109
6.70962
6.70833
6.70703
6.70571
6.70437
6.70302
6.70165
6.70027
6.69888
6.69747
6.69605
6.69462
6.69318
6.69174
6.69028
6.68883
6.68736
6.6859
6.68443
6.68297
6.6815
6.68004
6.67859
6.67714
6.6757
6.67427
6.67285
6.67144
6.67005
6.66867
6.66731
6.66597
6.66465
6.66335
6.66207
6.66081
6.65959
6.65839
6.65721
6.65607
6.65496
6.65388
6.65284
6.65182
6.65085
6.64991
6.649
6.64814
6.64731
6.64653
6.64578
6.64508
6.64442
6.6438
6.64322
6.64269
6.6422
6.64175
6.64135
6.64099
6.64067
6.6404
6.64017
6.63999
6.63984
6.63974
6.63968
6.63966
6.63968
6.63974
6.63984
6.63998
6.64015
6.64035
6.6406
6.64087
6.64117
6.6415
6.64187
6.64225
6.64267
6.6431
6.64356
6.64403
6.6445
6.64499
6.64559
6.64634
6.70502
6.70415
6.70299
6.70189
6.70083
6.69977
6.69869
6.69761
6.69652
6.69542
6.6943
6.69318
6.69203
6.69088
6.68971
6.68853
6.68733
6.68612
6.6849
6.68366
6.68242
6.68117
6.6799
6.67863
6.67736
6.67608
6.67479
6.67351
6.67222
6.67093
6.66965
6.66837
6.66709
6.66582
6.66456
6.66331
6.66207
6.66085
6.65963
6.65844
6.65726
6.65611
6.65497
6.65386
6.65277
6.6517
6.65067
6.64966
6.64868
6.64773
6.64682
6.64594
6.64509
6.64428
6.64351
6.64277
6.64208
6.64142
6.64081
6.64024
6.63971
6.63923
6.63879
6.63839
6.63804
6.63774
6.63748
6.63727
6.63711
6.63699
6.63692
6.6369
6.63692
6.63699
6.6371
6.63726
6.63747
6.63772
6.63801
6.63835
6.63873
6.63915
6.63961
6.64011
6.64064
6.64122
6.64183
6.64247
6.64315
6.64386
6.64459
6.64536
6.64615
6.64696
6.6478
6.64864
6.64949
6.65035
6.65137
6.65257
6.68712
6.6864
6.68539
6.68442
6.68349
6.68256
6.68162
6.68067
6.67972
6.67875
6.67777
6.67678
6.67578
6.67476
6.67374
6.6727
6.67165
6.67059
6.66952
6.66844
6.66736
6.66627
6.66517
6.66407
6.66296
6.66185
6.66075
6.65964
6.65854
6.65744
6.65634
6.65526
6.65418
6.65311
6.65206
6.65102
6.64999
6.64898
6.64799
6.64703
6.64608
6.64515
6.64426
6.64339
6.64254
6.64173
6.64095
6.6402
6.63948
6.6388
6.63816
6.63755
6.63699
6.63646
6.63598
6.63554
6.63514
6.63479
6.63448
6.63422
6.63401
6.63384
6.63373
6.63366
6.63364
6.63367
6.63375
6.63388
6.63406
6.63429
6.63457
6.6349
6.63528
6.63571
6.63618
6.63671
6.63728
6.6379
6.63857
6.63928
6.64003
6.64083
6.64167
6.64255
6.64347
6.64443
6.64542
6.64645
6.64752
6.64861
6.64974
6.65089
6.65207
6.65327
6.65449
6.65573
6.65695
6.65819
6.65964
6.6613
6.67036
6.66979
6.66893
6.66811
6.66733
6.66654
6.66575
6.66495
6.66414
6.66332
6.66249
6.66166
6.66081
6.65995
6.65909
6.65821
6.65733
6.65644
6.65554
6.65464
6.65373
6.65282
6.65191
6.651
6.65008
6.64917
6.64826
6.64736
6.64646
6.64557
6.64469
6.64382
6.64296
6.64212
6.64129
6.64048
6.63969
6.63893
6.63818
6.63746
6.63676
6.6361
6.63546
6.63485
6.63427
6.63373
6.63323
6.63276
6.63232
6.63193
6.63158
6.63127
6.631
6.63078
6.63061
6.63047
6.63039
6.63036
6.63037
6.63043
6.63055
6.63071
6.63093
6.6312
6.63152
6.63189
6.63232
6.6328
6.63333
6.63391
6.63455
6.63524
6.63597
6.63677
6.63761
6.6385
6.63944
6.64043
6.64147
6.64255
6.64368
6.64486
6.64608
6.64734
6.64864
6.64998
6.65136
6.65277
6.65422
6.6557
6.65721
6.65876
6.66032
6.66191
6.66353
6.66515
6.66675
6.66838
6.67026
6.67238
6.65464
6.65423
6.65353
6.65287
6.65223
6.6516
6.65096
6.65032
6.64967
6.64901
6.64834
6.64767
6.64699
6.6463
6.6456
6.6449
6.6442
6.64349
6.64277
6.64206
6.64134
6.64062
6.63991
6.63919
6.63848
6.63778
6.63708
6.63639
6.63571
6.63504
6.63438
6.63374
6.63312
6.63252
6.63193
6.63137
6.63082
6.63031
6.62982
6.62936
6.62893
6.62853
6.62816
6.62783
6.62753
6.62728
6.62706
6.62688
6.62674
6.62665
6.6266
6.62659
6.62664
6.62673
6.62687
6.62706
6.6273
6.62759
6.62793
6.62833
6.62878
6.62928
6.62984
6.63045
6.63112
6.63184
6.63262
6.63346
6.63435
6.63529
6.63629
6.63734
6.63845
6.63961
6.64082
6.64209
6.6434
6.64477
6.64619
6.64765
6.64916
6.65072
6.65232
6.65397
6.65566
6.65739
6.65916
6.66096
6.6628
6.66468
6.66658
6.66852
6.67048
6.67247
6.67447
6.67649
6.67848
6.68049
6.6828
6.6854
6.6399
6.63964
6.6391
6.6386
6.63813
6.63766
6.63719
6.63671
6.63622
6.63573
6.63524
6.63474
6.63423
6.63373
6.63321
6.6327
6.63218
6.63167
6.63115
6.63063
6.63012
6.6296
6.6291
6.6286
6.6281
6.62762
6.62715
6.62669
6.62624
6.62581
6.62539
6.62499
6.62462
6.62426
6.62393
6.62363
6.62335
6.6231
6.62288
6.6227
6.62254
6.62242
6.62234
6.6223
6.6223
6.62234
6.62242
6.62254
6.62271
6.62293
6.62319
6.62351
6.62387
6.62429
6.62475
6.62527
6.62585
6.62648
6.62716
6.6279
6.62869
6.62955
6.63046
6.63142
6.63245
6.63353
6.63467
6.63586
6.63711
6.63842
6.63979
6.64121
6.64269
6.64422
6.64581
6.64745
6.64914
6.65089
6.65268
6.65452
6.65642
6.65836
6.66034
6.66237
6.66445
6.66656
6.66872
6.67091
6.67315
6.67541
6.67771
6.68004
6.68239
6.68478
6.68718
6.68959
6.69197
6.69437
6.69711
6.70018
6.62606
6.62595
6.62558
6.62525
6.62495
6.62464
6.62434
6.62403
6.62372
6.6234
6.62309
6.62277
6.62245
6.62214
6.62182
6.6215
6.62118
6.62087
6.62055
6.62025
6.61995
6.61965
6.61937
6.61909
6.61883
6.61857
6.61834
6.61812
6.61791
6.61773
6.61756
6.61742
6.61731
6.61722
6.61715
6.61712
6.61712
6.61715
6.61721
6.61731
6.61745
6.61762
6.61784
6.6181
6.6184
6.61874
6.61914
6.61958
6.62006
6.6206
6.62119
6.62183
6.62253
6.62327
6.62408
6.62493
6.62585
6.62682
6.62785
6.62894
6.63008
6.63128
6.63255
6.63387
6.63525
6.63669
6.63819
6.63975
6.64136
6.64304
6.64477
6.64656
6.64841
6.65031
6.65227
6.65429
6.65636
6.65848
6.66065
6.66288
6.66515
6.66747
6.66984
6.67226
6.67472
6.67722
6.67977
6.68235
6.68497
6.68763
6.69032
6.69305
6.6958
6.69858
6.70138
6.70419
6.70696
6.70975
6.71292
6.71647
6.61305
6.6131
6.6129
6.61274
6.61261
6.61248
6.61234
6.61221
6.61208
6.61196
6.61183
6.6117
6.61158
6.61146
6.61134
6.61122
6.61112
6.61101
6.61092
6.61083
6.61075
6.61069
6.61063
6.61059
6.61057
6.61056
6.61057
6.6106
6.61065
6.61072
6.61082
6.61095
6.6111
6.61129
6.6115
6.61175
6.61203
6.61235
6.6127
6.6131
6.61353
6.61401
6.61453
6.6151
6.61571
6.61637
6.61708
6.61784
6.61865
6.61952
6.62044
6.62141
6.62244
6.62352
6.62466
6.62586
6.62712
6.62844
6.62982
6.63126
6.63276
6.63432
6.63594
6.63762
6.63936
6.64117
6.64303
6.64496
6.64695
6.64899
6.6511
6.65326
6.65548
6.65776
6.6601
6.66249
6.66494
6.66744
6.66999
6.6726
6.67525
6.67795
6.68071
6.6835
6.68635
6.68924
6.69217
6.69514
6.69815
6.7012
6.70429
6.70741
6.71055
6.71373
6.71693
6.72014
6.7233
6.72649
6.7301
6.73413
6.60082
6.60102
6.601
6.60101
6.60105
6.6011
6.60115
6.6012
6.60126
6.60132
6.60138
6.60146
6.60153
6.60162
6.60171
6.60181
6.60192
6.60204
6.60216
6.60231
6.60246
6.60263
6.60282
6.60303
6.60325
6.60349
6.60376
6.60405
6.60437
6.60471
6.60509
6.60549
6.60592
6.60639
6.60689
6.60743
6.60801
6.60862
6.60928
6.60998
6.61073
6.61152
6.61236
6.61324
6.61418
6.61517
6.6162
6.6173
6.61844
6.61965
6.6209
6.62222
6.62359
6.62503
6.62652
6.62807
6.62969
6.63136
6.6331
6.63489
6.63675
6.63868
6.64066
6.6427
6.64481
6.64698
6.64921
6.6515
6.65385
6.65625
6.65872
6.66125
6.66384
6.66648
6.66918
6.67194
6.67475
6.67762
6.68054
6.68352
6.68654
6.68962
6.69275
6.69593
6.69915
6.70242
6.70574
6.7091
6.7125
6.71594
6.71942
6.72294
6.72648
6.73006
6.73366
6.73727
6.74083
6.74442
6.74847
6.75298
6.58931
6.58966
6.58982
6.59
6.59022
6.59045
6.59068
6.59092
6.59117
6.59143
6.59169
6.59197
6.59226
6.59255
6.59286
6.59318
6.59351
6.59386
6.59423
6.59461
6.595
6.59542
6.59586
6.59632
6.5968
6.59731
6.59784
6.5984
6.59899
6.59961
6.60026
6.60095
6.60167
6.60243
6.60323
6.60407
6.60495
6.60587
6.60684
6.60785
6.60891
6.61002
6.61118
6.61238
6.61365
6.61496
6.61633
6.61775
6.61923
6.62077
6.62237
6.62402
6.62574
6.62751
6.62935
6.63125
6.63321
6.63523
6.63731
6.63945
6.64166
6.64393
6.64627
6.64867
6.65113
6.65365
6.65624
6.65889
6.6616
6.66438
6.66721
6.67011
6.67307
6.67609
6.67917
6.68231
6.68551
6.68876
6.69207
6.69543
6.69884
6.70231
6.70583
6.70939
6.713
6.71666
6.72037
6.72411
6.72791
6.73174
6.73561
6.73952
6.74346
6.74744
6.75145
6.75547
6.75944
6.76344
6.76793
6.77295
6.57847
6.57898
6.57931
6.57968
6.58007
6.58048
6.5809
6.58134
6.58178
6.58224
6.58271
6.5832
6.5837
6.58421
6.58475
6.58529
6.58586
6.58644
6.58705
6.58767
6.58832
6.58899
6.58969
6.59041
6.59116
6.59194
6.59274
6.59358
6.59446
6.59537
6.59631
6.59729
6.59831
6.59937
6.60048
6.60162
6.60282
6.60405
6.60534
6.60667
6.60806
6.60949
6.61098
6.61253
6.61412
6.61578
6.61749
6.61926
6.62108
6.62297
6.62492
6.62693
6.629
6.63113
6.63333
6.63559
6.63791
6.6403
6.64275
6.64527
6.64785
6.6505
6.65321
6.65598
6.65882
6.66172
6.66469
6.66772
6.67081
6.67396
6.67717
6.68044
6.68377
6.68715
6.69059
6.69408
6.69763
6.70123
6.70488
6.70858
6.71234
6.71614
6.72
6.72391
6.72787
6.73188
6.73595
6.74006
6.74423
6.74845
6.75271
6.75703
6.76138
6.76578
6.77021
6.77466
6.77905
6.78346
6.78841
6.79394
6.56824
6.5689
6.5694
6.56994
6.57052
6.57112
6.57173
6.57236
6.573
6.57367
6.57435
6.57506
6.57578
6.57652
6.57728
6.57807
6.57887
6.5797
6.58056
6.58144
6.58234
6.58328
6.58424
6.58523
6.58625
6.58731
6.5884
6.58953
6.59069
6.59189
6.59313
6.59441
6.59574
6.59711
6.59852
6.59998
6.60148
6.60304
6.60465
6.6063
6.60801
6.60978
6.6116
6.61347
6.6154
6.61739
6.61944
6.62154
6.62371
6.62594
6.62823
6.63058
6.63299
6.63547
6.63801
6.64061
6.64328
6.64601
6.6488
6.65165
6.65457
6.65756
6.6606
6.66371
6.66688
6.67011
6.6734
6.67675
6.68016
6.68363
6.68716
6.69075
6.6944
6.69811
6.70189
6.70572
6.70962
6.71358
6.7176
6.72169
6.72584
6.73005
6.73433
6.73867
6.74307
6.74754
6.75206
6.75663
6.76126
6.76594
6.77066
6.77542
6.78021
6.78504
6.7899
6.79475
6.79954
6.80435
6.80975
6.81583
6.55862
6.55946
6.56015
6.56087
6.56164
6.56242
6.56323
6.56406
6.56491
6.56578
6.56668
6.5676
6.56855
6.56952
6.57051
6.57153
6.57258
6.57366
6.57477
6.57591
6.57708
6.57828
6.57951
6.58078
6.58208
6.58342
6.5848
6.58622
6.58768
6.58919
6.59073
6.59232
6.59396
6.59565
6.59738
6.59916
6.601
6.60288
6.60482
6.60682
6.60887
6.61097
6.61314
6.61536
6.61764
6.61998
6.62238
6.62485
6.62737
6.62996
6.63261
6.63532
6.6381
6.64094
6.64385
6.64682
6.64985
6.65295
6.65612
6.65935
6.66264
6.666
6.66942
6.67291
6.67646
6.68008
6.68377
6.68752
6.69133
6.69521
6.69916
6.70317
6.70725
6.71139
6.71559
6.71986
6.72419
6.72857
6.73301
6.7375
6.74205
6.74664
6.75128
6.75597
6.76069
6.76545
6.77025
6.77509
6.77997
6.78488
6.78984
6.79485
6.7999
6.80501
6.81019
6.81541
6.82061
6.82591
6.83193
6.83876
6.54932
6.55028
6.55113
6.55203
6.55298
6.55396
6.55497
6.55601
6.55707
6.55817
6.5593
6.56046
6.56165
6.56287
6.56411
6.56539
6.56671
6.56805
6.56943
6.57084
6.57229
6.57378
6.5753
6.57686
6.57846
6.5801
6.58178
6.5835
6.58527
6.58708
6.58894
6.59085
6.5928
6.5948
6.59685
6.59896
6.60112
6.60333
6.60559
6.60791
6.61029
6.61272
6.61521
6.61776
6.62037
6.62304
6.62578
6.62857
6.63142
6.63434
6.63732
6.64036
6.64347
6.64664
6.64987
6.65317
6.65653
6.65996
6.66345
6.66701
6.67063
6.67431
6.67805
6.68186
6.68573
6.68966
6.69366
6.69771
6.70182
6.70598
6.71021
6.71448
6.71882
6.7232
6.72763
6.73211
6.73665
6.74123
6.74586
6.75055
6.75529
6.76009
6.76494
6.76987
6.77486
6.77994
6.7851
6.79035
6.79571
6.80118
6.80676
6.81247
6.81831
6.82428
6.83038
6.83658
6.84279
6.84914
6.85628
6.86411
6.54131
6.54248
6.5435
6.54457
6.54569
6.54685
6.54805
6.54927
6.55054
6.55183
6.55316
6.55453
6.55593
6.55737
6.55884
6.56035
6.56189
6.56348
6.5651
6.56676
6.56847
6.57021
6.572
6.57383
6.57571
6.57763
6.5796
6.58162
6.58368
6.5858
6.58797
6.59019
6.59246
6.59479
6.59717
6.59961
6.60211
6.60466
6.60727
6.60995
6.61268
6.61548
6.61833
6.62125
6.62423
6.62728
6.63039
6.63356
6.6368
6.6401
6.64347
6.6469
6.65039
6.65395
6.65758
6.66126
6.66502
6.66883
6.67271
6.67665
6.68065
6.68472
6.68885
6.69303
6.69728
6.70159
6.70596
6.71038
6.71487
6.71942
6.72403
6.7287
6.73343
6.73823
6.74309
6.74802
6.75303
6.75811
6.76327
6.76851
6.77383
6.77925
6.78476
6.79037
6.79608
6.80189
6.8078
6.81381
6.81991
6.82611
6.83239
6.83874
6.84516
6.85163
6.85814
6.86463
6.87101
6.8774
6.88458
6.89247
6.52436
6.52655
6.52809
6.52957
6.53113
6.53274
6.53439
6.53609
6.53783
6.53961
6.54144
6.54332
6.54524
6.54721
6.54922
6.55129
6.5534
6.55557
6.55779
6.56006
6.56238
6.56476
6.5672
6.56969
6.57224
6.57485
6.57752
6.58026
6.58305
6.58591
6.58883
6.59182
6.59488
6.598
6.60119
6.60445
6.60778
6.61118
6.61465
6.61819
6.6218
6.62549
6.62924
6.63307
6.63698
6.64096
6.64501
6.64913
6.65333
6.6576
6.66195
6.66637
6.67086
6.67543
6.68007
6.68478
6.68956
6.69442
6.69934
6.70434
6.70941
6.71455
6.71975
6.72503
6.73037
6.73578
6.74126
6.7468
6.75241
6.75808
6.76381
6.7696
6.77545
6.78136
6.78732
6.79334
6.7994
6.80552
6.81168
6.81788
6.82412
6.8304
6.8367
6.84303
6.84939
6.85576
6.86213
6.86852
6.8749
6.88128
6.88764
6.89398
6.90029
6.90657
6.91281
6.91894
6.92492
6.93106
6.93799
6.94449
6.50113
6.50374
6.50579
6.50782
6.50996
6.5122
6.5145
6.51689
6.51934
6.52187
6.52448
6.52716
6.52991
6.53274
6.53565
6.53862
6.54167
6.5448
6.548
6.55128
6.55463
6.55805
6.56156
6.56513
6.56878
6.57251
6.57632
6.58019
6.58415
6.58818
6.59229
6.59647
6.60073
6.60506
6.60947
6.61396
6.61851
6.62315
6.62785
6.63263
6.63748
6.64241
6.6474
6.65247
6.65761
6.66281
6.66809
6.67343
6.67883
6.6843
6.68984
6.69543
6.70109
6.70681
6.71259
6.71842
6.72431
6.73025
6.73625
6.7423
6.74839
6.75454
6.76073
6.76696
6.77323
6.77955
6.7859
6.79229
6.79872
6.80518
6.81167
6.81818
6.82473
6.8313
6.8379
6.84452
6.85116
6.85782
6.8645
6.8712
6.87791
6.88464
6.89139
6.89815
6.90493
6.91172
6.91853
6.92535
6.93219
6.93905
6.94592
6.95281
6.95971
6.96663
6.97355
6.98042
6.98721
6.99425
7.00217
7.00943
6.48312
6.48627
6.48891
6.49157
6.49437
6.4973
6.50032
6.50346
6.50669
6.51004
6.51348
6.51703
6.52068
6.52443
6.52829
6.53224
6.53629
6.54045
6.5447
6.54905
6.55349
6.55804
6.56268
6.56741
6.57224
6.57715
6.58217
6.58727
6.59246
6.59774
6.60311
6.60857
6.6141
6.61973
6.62543
6.63122
6.63708
6.64302
6.64904
6.65512
6.66129
6.66752
6.67381
6.68018
6.6866
6.69309
6.69964
6.70624
6.7129
6.71961
6.72637
6.73317
6.74003
6.74692
6.75386
6.76083
6.76784
6.77488
6.78195
6.78905
6.79618
6.80333
6.81051
6.8177
6.82491
6.83214
6.83938
6.84663
6.8539
6.86117
6.86846
6.87575
6.88304
6.89034
6.89765
6.90496
6.91228
6.9196
6.92693
6.93426
6.9416
6.94894
6.95628
6.96364
6.97101
6.97838
6.98577
6.99318
7.00059
7.00803
7.01548
7.02295
7.03044
7.03794
7.04544
7.05288
7.06024
7.06787
7.07636
7.08395
6.46777
6.47138
6.47458
6.47785
6.48129
6.48488
6.48862
6.49251
6.49653
6.50069
6.505
6.50943
6.51401
6.51872
6.52356
6.52853
6.53362
6.53885
6.5442
6.54967
6.55526
6.56097
6.56679
6.57273
6.57877
6.58493
6.59119
6.59755
6.60402
6.61058
6.61723
6.62397
6.6308
6.63772
6.64471
6.65179
6.65893
6.66615
6.67344
6.68078
6.68819
6.69566
6.70317
6.71074
6.71835
6.726
6.7337
6.74142
6.74918
6.75696
6.76477
6.7726
6.78045
6.78832
6.79619
6.80407
6.81196
6.81986
6.82775
6.83564
6.84353
6.85141
6.85928
6.86714
6.87499
6.88283
6.89065
6.89846
6.90625
6.91402
6.92176
6.92949
6.9372
6.94489
6.95256
6.96021
6.96785
6.97546
6.98306
6.99064
6.9982
7.00576
7.01329
7.02082
7.02833
7.03584
7.04334
7.05083
7.05831
7.06579
7.07326
7.08073
7.08818
7.09562
7.10304
7.11037
7.11759
7.12504
7.13315
7.14011
6.45605
6.46018
6.46397
6.46788
6.47199
6.4763
6.4808
6.48548
6.49034
6.49537
6.50058
6.50597
6.51152
6.51724
6.52312
6.52917
6.53537
6.54173
6.54823
6.55488
6.56168
6.56861
6.57567
6.58287
6.59019
6.59763
6.60518
6.61284
6.62061
6.62848
6.63644
6.64449
6.65263
6.66085
6.66913
6.67749
6.68591
6.69438
6.70291
6.71148
6.72009
6.72874
6.73742
6.74612
6.75484
6.76358
6.77232
6.78108
6.78983
6.79858
6.80732
6.81605
6.82476
6.83346
6.84213
6.85078
6.8594
6.86798
6.87653
6.88503
6.89351
6.90193
6.91032
6.91866
6.92696
6.93521
6.94341
6.95156
6.95966
6.96771
6.97571
6.98366
6.99155
6.9994
7.0072
7.01494
7.02264
7.03029
7.03789
7.04545
7.05296
7.06043
7.06786
7.07524
7.08259
7.0899
7.09718
7.10443
7.11164
7.11882
7.12596
7.13308
7.14016
7.14721
7.1542
7.1611
7.16788
7.17485
7.18233
7.18851
6.44739
6.45202
6.45641
6.46095
6.46575
6.47078
6.47605
6.48154
6.48725
6.49319
6.49933
6.50569
6.51226
6.51903
6.52599
6.53315
6.54049
6.54802
6.55572
6.56359
6.57162
6.57981
6.58815
6.59662
6.60524
6.61397
6.62283
6.6318
6.64088
6.65005
6.65931
6.66865
6.67806
6.68754
6.69707
6.70665
6.71627
6.72593
6.7356
6.7453
6.75501
6.76472
6.77443
6.78413
6.79381
6.80347
6.8131
6.8227
6.83226
6.84177
6.85124
6.86066
6.87001
6.87931
6.88855
6.89771
6.90681
6.91583
6.92478
6.93365
6.94244
6.95115
6.95977
6.96831
6.97676
6.98512
6.9934
7.00159
7.00969
7.01771
7.02564
7.03348
7.04123
7.0489
7.05648
7.06398
7.0714
7.07874
7.086
7.09318
7.10029
7.10732
7.11428
7.12118
7.128
7.13476
7.14145
7.14808
7.15466
7.16117
7.16762
7.17401
7.18034
7.18661
7.1928
7.19886
7.20481
7.21089
7.21724
7.22221
6.44211
6.44726
6.45225
6.45745
6.46295
6.46874
6.47481
6.48115
6.48775
6.49462
6.50175
6.50913
6.51675
6.52461
6.53271
6.54103
6.54956
6.55831
6.56725
6.57637
6.58568
6.59515
6.60478
6.61455
6.62447
6.63451
6.64466
6.65492
6.66528
6.67572
6.68623
6.69681
6.70743
6.7181
6.72879
6.7395
6.75022
6.76094
6.77165
6.78234
6.79301
6.80363
6.81422
6.82475
6.83523
6.84564
6.85597
6.86623
6.87641
6.88649
6.89648
6.90636
6.91615
6.92582
6.93539
6.94484
6.95417
6.96338
6.97247
6.98143
6.99027
6.99898
7.00757
7.01602
7.02435
7.03256
7.04063
7.04858
7.0564
7.0641
7.07167
7.07912
7.08645
7.09367
7.10076
7.10774
7.1146
7.12136
7.128
7.13454
7.14097
7.1473
7.15354
7.15967
7.16571
7.17166
7.17752
7.1833
7.18899
7.19459
7.20012
7.20556
7.21091
7.21619
7.22136
7.2264
7.23132
7.23631
7.24139
7.24512
6.44009
6.44578
6.45141
6.45729
6.46352
6.47009
6.47699
6.48421
6.49174
6.49958
6.50772
6.51616
6.52487
6.53386
6.54311
6.55261
6.56235
6.57232
6.5825
6.59288
6.60345
6.6142
6.6251
6.63616
6.64734
6.65865
6.67006
6.68156
6.69314
6.70477
6.71646
6.72818
6.73991
6.75166
6.76339
6.77511
6.7868
6.79844
6.81004
6.82156
6.83302
6.84438
6.85566
6.86683
6.87788
6.88882
6.89963
6.91031
6.92085
6.93125
6.9415
6.95159
6.96152
6.9713
6.98091
6.99036
6.99964
7.00875
7.0177
7.02647
7.03507
7.04351
7.05177
7.05987
7.0678
7.07556
7.08316
7.0906
7.09788
7.105
7.11196
7.11877
7.12544
7.13195
7.13832
7.14454
7.15063
7.15658
7.1624
7.16809
7.17366
7.1791
7.18442
7.18963
7.19472
7.19971
7.20458
7.20935
7.21402
7.21859
7.22306
7.22743
7.2317
7.23587
7.23992
7.24384
7.24763
7.25144
7.25516
7.25765
6.44165
6.44789
6.45414
6.46071
6.46768
6.47505
6.4828
6.49092
6.4994
6.50824
6.51741
6.52692
6.53675
6.54688
6.5573
6.56799
6.57894
6.59014
6.60156
6.6132
6.62503
6.63703
6.64919
6.66149
6.67391
6.68643
6.69903
6.7117
6.72441
6.73715
6.7499
6.76265
6.77537
6.78805
6.80069
6.81325
6.82573
6.83811
6.85038
6.86253
6.87455
6.88642
6.89814
6.9097
6.92109
6.93229
6.94332
6.95415
6.96479
6.97523
6.98546
6.99548
7.0053
7.0149
7.0243
7.03347
7.04244
7.05119
7.05973
7.06806
7.07617
7.08408
7.09179
7.09929
7.10659
7.11369
7.1206
7.12732
7.13385
7.1402
7.14637
7.15236
7.15818
7.16384
7.16933
7.17466
7.17984
7.18487
7.18975
7.19449
7.19909
7.20356
7.20789
7.2121
7.21619
7.22016
7.22401
7.22775
7.23138
7.2349
7.23831
7.24161
7.24481
7.2479
7.25086
7.2537
7.25642
7.2591
7.26159
7.26306
6.44698
6.45375
6.46062
6.46787
6.47559
6.48377
6.49238
6.50142
6.51087
6.52073
6.53096
6.54157
6.55252
6.56381
6.57541
6.5873
6.59947
6.61189
6.62454
6.6374
6.65044
6.66365
6.67699
6.69045
6.70401
6.71763
6.7313
6.745
6.7587
6.77239
6.78604
6.79963
6.81315
6.82657
6.83988
6.85306
6.8661
6.87898
6.89169
6.90421
6.91654
6.92866
6.94057
6.95225
6.9637
6.9749
6.98587
6.99659
7.00705
7.01726
7.02722
7.03691
7.04634
7.05552
7.06444
7.0731
7.0815
7.08966
7.09756
7.10522
7.11264
7.11982
7.12677
7.13349
7.13998
7.14626
7.15232
7.15817
7.16382
7.16927
7.17453
7.17961
7.1845
7.18922
7.19377
7.19815
7.20237
7.20644
7.21036
7.21414
7.21778
7.22128
7.22465
7.2279
7.23102
7.23403
7.23692
7.2397
7.24237
7.24493
7.24738
7.24973
7.25197
7.2541
7.25612
7.25802
7.25981
7.26152
7.26298
7.26368
6.45618
6.46349
6.47098
6.47893
6.48742
6.49642
6.50592
6.51589
6.52633
6.5372
6.5485
6.56019
6.57226
6.58468
6.59744
6.61049
6.62382
6.6374
6.6512
6.66519
6.67935
6.69365
6.70806
6.72256
6.73711
6.75169
6.76627
6.78083
6.79534
6.80978
6.82413
6.83836
6.85245
6.86639
6.88014
6.89371
6.90706
6.92019
6.93308
6.94572
6.9581
6.97021
6.98204
6.99358
7.00482
7.01577
7.02642
7.03676
7.0468
7.05653
7.06596
7.07509
7.08391
7.09243
7.10066
7.1086
7.11626
7.12363
7.13073
7.13756
7.14412
7.15043
7.15649
7.16231
7.1679
7.17325
7.17839
7.18331
7.18802
7.19253
7.19686
7.20099
7.20495
7.20874
7.21236
7.21582
7.21913
7.22229
7.22531
7.2282
7.23095
7.23358
7.23609
7.23848
7.24076
7.24294
7.245
7.24696
7.24883
7.25059
7.25225
7.25382
7.25529
7.25666
7.25792
7.25908
7.26014
7.26111
7.26184
7.26204
6.46937
6.4772
6.48531
6.49395
6.5032
6.51302
6.52339
6.53429
6.54568
6.55755
6.56987
6.58261
6.59574
6.60924
6.62307
6.6372
6.65161
6.66624
6.68109
6.6961
6.71125
6.7265
6.74182
6.75719
6.77256
6.78792
6.80322
6.81844
6.83355
6.84853
6.86334
6.87798
6.89241
6.90661
6.92057
6.93427
6.94768
6.9608
6.97362
6.98611
6.99828
7.01012
7.02161
7.03276
7.04355
7.054
7.06409
7.07383
7.08322
7.09227
7.10097
7.10933
7.11735
7.12506
7.13244
7.1395
7.14627
7.15273
7.15891
7.16481
7.17044
7.17581
7.18092
7.1858
7.19044
7.19485
7.19905
7.20304
7.20684
7.21044
7.21387
7.21712
7.22021
7.22313
7.22591
7.22855
7.23105
7.23341
7.23566
7.23778
7.2398
7.2417
7.2435
7.2452
7.2468
7.24831
7.24972
7.25105
7.25229
7.25345
7.25452
7.2555
7.25641
7.25722
7.25795
7.25858
7.25914
7.2596
7.25986
7.25981
6.48645
6.49477
6.50347
6.51278
6.52275
6.53335
6.54454
6.5563
6.56859
6.58138
6.59465
6.60836
6.62246
6.63694
6.65174
6.66683
6.68218
6.69774
6.71347
6.72935
6.74532
6.76135
6.77741
6.79346
6.80946
6.82538
6.84118
6.85685
6.87234
6.88762
6.90268
6.91749
6.93201
6.94625
6.96016
6.97374
6.98697
6.99985
7.01234
7.02446
7.03619
7.04752
7.05845
7.06899
7.07913
7.08887
7.09821
7.10717
7.11574
7.12393
7.13175
7.13921
7.14632
7.15308
7.15952
7.16563
7.17143
7.17694
7.18215
7.18709
7.19177
7.19619
7.20037
7.20432
7.20805
7.21157
7.21489
7.21803
7.22098
7.22377
7.2264
7.22887
7.23121
7.2334
7.23547
7.23742
7.23925
7.24098
7.2426
7.24412
7.24556
7.2469
7.24816
7.24933
7.25043
7.25145
7.2524
7.25327
7.25407
7.2548
7.25546
7.25605
7.25657
7.25702
7.25739
7.2577
7.25794
7.2581
7.25812
7.25799
6.50693
6.51568
6.52491
6.53482
6.54544
6.55674
6.56867
6.58121
6.59431
6.60793
6.62205
6.6366
6.65156
6.66689
6.68253
6.69844
6.71458
6.7309
6.74737
6.76393
6.78055
6.79718
6.81378
6.83031
6.84674
6.86302
6.87913
6.89502
6.91067
6.92604
6.94112
6.95587
6.97028
6.98432
6.99797
7.01122
7.02405
7.03646
7.04843
7.05996
7.07105
7.08169
7.09189
7.10164
7.11096
7.11984
7.1283
7.13633
7.14397
7.15121
7.15806
7.16454
7.17067
7.17645
7.18191
7.18704
7.19188
7.19642
7.2007
7.20471
7.20848
7.21201
7.21533
7.21843
7.22134
7.22407
7.22663
7.22902
7.23126
7.23336
7.23533
7.23717
7.23889
7.24051
7.24202
7.24343
7.24476
7.246
7.24716
7.24824
7.24926
7.2502
7.25107
7.25188
7.25262
7.25331
7.25393
7.2545
7.255
7.25545
7.25585
7.25618
7.25646
7.25668
7.25685
7.25697
7.25705
7.25706
7.25698
7.25686
6.52968
6.53877
6.54845
6.55887
6.57006
6.58197
6.59455
6.60776
6.62156
6.6359
6.65073
6.66602
6.6817
6.69774
6.71407
6.73066
6.74744
6.76438
6.78142
6.7985
6.8156
6.83265
6.84962
6.86646
6.88313
6.8996
6.91581
6.93175
6.94737
6.96265
6.97756
6.99208
7.00617
7.01983
7.03304
7.04578
7.05804
7.06982
7.08111
7.0919
7.1022
7.11202
7.12135
7.1302
7.13859
7.14652
7.15401
7.16107
7.16772
7.17396
7.17982
7.18532
7.19047
7.19529
7.19979
7.20399
7.20792
7.21158
7.21499
7.21816
7.22112
7.22388
7.22644
7.22883
7.23105
7.23312
7.23505
7.23684
7.23852
7.24008
7.24153
7.24289
7.24416
7.24534
7.24645
7.24748
7.24844
7.24934
7.25017
7.25095
7.25167
7.25233
7.25294
7.2535
7.25401
7.25447
7.25488
7.25524
7.25555
7.25581
7.25604
7.25621
7.25635
7.25645
7.25651
7.25653
7.25653
7.25649
7.25641
7.25633
6.55307
6.56236
6.57243
6.58331
6.59499
6.60744
6.62059
6.6344
6.64882
6.66379
6.67926
6.69519
6.7115
6.72815
6.74507
6.76222
6.77953
6.79696
6.81444
6.83193
6.84937
6.86671
6.8839
6.9009
6.91767
6.93416
6.95034
6.96617
6.98161
6.99664
7.01123
7.02536
7.039
7.05213
7.06476
7.07685
7.08841
7.09944
7.10993
7.11988
7.12931
7.13821
7.1466
7.1545
7.16192
7.16886
7.17537
7.18144
7.1871
7.19238
7.19728
7.20184
7.20607
7.20999
7.21362
7.21699
7.2201
7.22298
7.22564
7.22811
7.23039
7.2325
7.23445
7.23626
7.23794
7.2395
7.24094
7.24229
7.24354
7.24471
7.24579
7.24681
7.24775
7.24863
7.24946
7.25022
7.25094
7.2516
7.25221
7.25278
7.25329
7.25377
7.25419
7.25458
7.25492
7.25522
7.25548
7.2557
7.25589
7.25603
7.25615
7.25623
7.25629
7.25632
7.25633
7.25632
7.2563
7.25626
7.25621
7.25617
6.57501
6.58437
6.59475
6.60603
6.61815
6.63106
6.64471
6.65904
6.67399
6.68951
6.70554
6.722
6.73885
6.75601
6.77343
6.79104
6.80879
6.82661
6.84444
6.86223
6.87992
6.89745
6.91478
6.93186
6.94864
6.96508
6.98113
6.99677
7.01195
7.02665
7.04085
7.05451
7.06763
7.08018
7.09215
7.10355
7.11436
7.12459
7.13424
7.14332
7.15184
7.15982
7.16728
7.17423
7.18069
7.1867
7.19226
7.1974
7.20216
7.20654
7.21058
7.21431
7.21773
7.22088
7.22378
7.22644
7.22889
7.23114
7.23322
7.23512
7.23688
7.23851
7.24001
7.2414
7.24269
7.24388
7.24499
7.24603
7.24699
7.24789
7.24873
7.24951
7.25024
7.25092
7.25155
7.25214
7.25268
7.25317
7.25363
7.25404
7.25441
7.25475
7.25504
7.2553
7.25552
7.25571
7.25586
7.25599
7.25609
7.25616
7.25621
7.25624
7.25626
7.25626
7.25625
7.25624
7.25622
7.2562
7.25618
7.25618
6.59358
6.60294
6.61367
6.62541
6.63801
6.65144
6.66564
6.68055
6.69611
6.71224
6.72888
6.74595
6.76338
6.78112
6.79908
6.81719
6.8354
6.85363
6.87182
6.88991
6.90784
6.92554
6.94297
6.96008
6.97681
6.99313
7.00899
7.02435
7.03919
7.05348
7.06719
7.0803
7.0928
7.10468
7.11593
7.12655
7.13655
7.14592
7.1547
7.16288
7.1705
7.17756
7.1841
7.19013
7.1957
7.20081
7.20551
7.20982
7.21376
7.21737
7.22067
7.22368
7.22644
7.22896
7.23126
7.23336
7.23529
7.23705
7.23868
7.24017
7.24154
7.24281
7.24398
7.24507
7.24608
7.24702
7.2479
7.24871
7.24948
7.25019
7.25085
7.25147
7.25204
7.25257
7.25307
7.25351
7.25393
7.2543
7.25463
7.25493
7.25519
7.25541
7.2556
7.25577
7.2559
7.256
7.25609
7.25615
7.25619
7.25622
7.25623
7.25624
7.25624
7.25623
7.25623
7.25622
7.25621
7.2562
7.2562
7.2562
6.60673
6.61599
6.627
6.6391
6.65208
6.66589
6.68051
6.69585
6.71184
6.72842
6.7455
6.76301
6.78088
6.79902
6.81737
6.83586
6.85441
6.87295
6.89141
6.90973
6.92784
6.94569
6.96322
6.98036
6.99709
7.01334
7.02907
7.04426
7.05886
7.07285
7.08621
7.09891
7.11094
7.1223
7.13299
7.143
7.15235
7.16105
7.16913
7.17659
7.18347
7.1898
7.1956
7.20091
7.20576
7.21019
7.21422
7.21788
7.22122
7.22425
7.227
7.22951
7.23179
7.23387
7.23576
7.2375
7.23909
7.24055
7.2419
7.24314
7.24429
7.24536
7.24636
7.24729
7.24816
7.24897
7.24973
7.25044
7.2511
7.25171
7.25228
7.25281
7.2533
7.25374
7.25414
7.2545
7.25481
7.25509
7.25534
7.25554
7.25572
7.25586
7.25597
7.25606
7.25613
7.25618
7.25621
7.25623
7.25624
7.25624
7.25624
7.25623
7.25623
7.25622
7.25621
7.25621
7.25621
7.25621
7.25621
7.25621
6.61374
6.62324
6.63493
6.6478
6.66157
6.67625
6.69178
6.70809
6.72507
6.74266
6.76075
6.77927
6.79813
6.81724
6.83651
6.85586
6.87521
6.89447
6.91358
6.93245
6.95102
6.96923
6.987
7.00429
7.02105
7.03722
7.05276
7.06765
7.08185
7.09534
7.10811
7.12013
7.13142
7.14197
7.1518
7.16092
7.16934
7.1771
7.18423
7.19076
7.19672
7.20215
7.20709
7.21157
7.21564
7.21932
7.22266
7.22568
7.22841
7.23089
7.23315
7.23519
7.23705
7.23875
7.24031
7.24173
7.24304
7.24425
7.24537
7.2464
7.24736
7.24826
7.24909
7.24986
7.25058
7.25125
7.25187
7.25244
7.25297
7.25345
7.25388
7.25427
7.25462
7.25493
7.2552
7.25543
7.25562
7.25578
7.25591
7.25602
7.2561
7.25616
7.2562
7.25623
7.25624
7.25625
7.25625
7.25624
7.25624
7.25623
7.25622
7.25622
7.25621
7.25621
7.25621
7.2562
7.2562
7.2562
7.25621
7.2562
)
;

boundaryField
{
    jetInlet
    {
        type            zeroGradient;
    }
    returnOutlet
    {
        type            fixedValue;
        value           uniform 0;
    }
    flatBed
    {
        type            zeroGradient;
    }
    slope
    {
        type            zeroGradient;
    }
    top
    {
        type            symmetryPlane;
    }
    frontAndBack
    {
        type            empty;
    }
    defaultFaces
    {
        type            empty;
    }
}


// ************************************************************************* //
