/*--------------------------------*- C++ -*----------------------------------*\
| =========                 |                                                 |
| \\      /  F ield         | OpenFOAM: The Open Source CFD Toolbox           |
|  \\    /   O peration     | Version:  2206                                  |
|   \\  /    A nd           | Website:  www.openfoam.com                      |
|    \\/     M anipulation  |                                                 |
\*---------------------------------------------------------------------------*/
FoamFile
{
    version     2.0;
    format      ascii;
    arch        "LSB;label=32;scalar=64";
    class       volScalarField;
    location    "800";
    object      p;
}
// * * * * * * * * * * * * * * * * * * * * * * * * * * * * * * * * * * * * * //

dimensions      [0 2 -2 0 0 0 0];

internalField   nonuniform List<scalar> 
10000
(
-0.0952778
-0.141797
-0.175522
-0.188634
-0.178042
-0.139518
-0.0692103
0.0361835
0.179328
0.360944
0.579271
0.83081
1.11071
1.41326
1.73228
2.06159
2.39524
2.72783
3.05457
3.37146
3.67527
3.96355
4.23461
4.48743
4.7216
4.93725
5.13489
5.3154
5.47987
5.62952
5.76565
5.88958
6.00254
6.1057
6.20014
6.28678
6.36645
6.43985
6.50757
6.57011
6.62788
6.68121
6.73041
6.77571
6.81731
6.8554
6.89015
6.92171
6.95023
6.97586
6.99875
7.01907
7.03697
7.05261
7.06613
7.07769
7.08742
7.09547
7.10195
7.107
7.11074
7.11328
7.11475
7.11526
7.11493
7.11386
7.11217
7.10998
7.10741
7.10458
7.10161
7.09862
7.09573
7.09307
7.09076
7.08893
7.08771
7.08722
7.08759
7.08893
7.09134
7.09496
7.09989
7.10623
7.11409
7.12353
7.13462
7.14739
7.16186
7.17799
7.19568
7.21474
7.23492
7.25587
7.27702
7.29711
7.31461
7.33148
7.35492
7.3763
-0.0917972
-0.132916
-0.167988
-0.186278
-0.182444
-0.151546
-0.0893038
0.00774953
0.1427
0.316765
0.528275
0.773871
1.04882
1.34748
1.66374
1.99141
2.32454
2.65764
2.98586
3.30506
3.61189
3.90375
4.17878
4.4358
4.67425
4.89412
5.09581
5.28012
5.44806
5.60085
5.73977
5.86613
5.98122
6.08625
6.18231
6.27038
6.35132
6.42587
6.49465
6.55817
6.61687
6.67111
6.72118
6.76733
6.80977
6.84869
6.88425
6.91661
6.94589
6.97226
6.99583
7.01678
7.03523
7.05134
7.06527
7.07717
7.08718
7.09546
7.10212
7.10731
7.11115
7.11376
7.11528
7.11581
7.11548
7.1144
7.11269
7.11047
7.10785
7.10496
7.1019
7.09882
7.09581
7.09302
7.09056
7.08856
7.08714
7.08642
7.08654
7.08759
7.08969
7.09296
7.0975
7.10341
7.11078
7.11968
7.13016
7.14226
7.15599
7.17129
7.18807
7.20616
7.22528
7.2451
7.265
7.28373
7.29944
7.31245
7.32645
7.32227
-0.0940482
-0.129979
-0.167325
-0.192296
-0.196787
-0.174807
-0.121426
-0.0330086
0.0940185
0.261503
0.467762
0.70937
0.981517
1.27847
1.59402
1.92189
2.25605
2.59092
2.92156
3.24373
3.55396
3.84954
4.12849
4.38951
4.63194
4.85564
5.06096
5.24861
5.41959
5.57508
5.71637
5.84481
5.9617
6.06829
6.16572
6.255
6.33703
6.41258
6.48227
6.54666
6.60619
6.66122
6.71206
6.75897
6.80217
6.84185
6.87819
6.91133
6.94141
6.96857
6.99294
7.01463
7.03378
7.05052
7.065
7.07736
7.08774
7.0963
7.10317
7.10851
7.11244
7.1151
7.11661
7.11712
7.11673
7.11558
7.11378
7.11144
7.10869
7.10565
7.10244
7.09918
7.09599
7.093
7.09032
7.08809
7.08642
7.08543
7.08525
7.08598
7.08774
7.09064
7.09477
7.10024
7.10713
7.11549
7.12539
7.13685
7.14987
7.16439
7.18032
7.19749
7.21563
7.23437
7.25314
7.27079
7.28566
7.2973
7.30582
7.29286
-0.101573
-0.139165
-0.182114
-0.216128
-0.230498
-0.218079
-0.173187
-0.0919088
0.0296847
0.193931
0.399035
0.641165
0.915143
1.2149
1.53396
1.8658
2.20421
2.54348
2.87854
3.20507
3.51953
3.81913
4.10183
4.36629
4.61179
4.83818
5.0458
5.23536
5.40789
5.56461
5.70687
5.83606
5.95354
6.0606
6.15842
6.24807
6.33046
6.40636
6.47644
6.54122
6.60116
6.65661
6.70787
6.7552
6.79881
6.83888
6.8756
6.90912
6.93959
6.96716
6.99195
7.01409
7.03371
7.05091
7.06581
7.07856
7.08926
7.09807
7.10513
7.11057
7.11454
7.11718
7.11862
7.11902
7.1185
7.11719
7.11521
7.11267
7.1097
7.10643
7.10297
7.09944
7.09598
7.09269
7.08971
7.08716
7.08516
7.08382
7.08326
7.0836
7.08494
7.08739
7.09105
7.096
7.10233
7.11009
7.11933
7.13007
7.1423
7.15597
7.17096
7.1871
7.20411
7.22161
7.239
7.25523
7.2689
7.27936
7.28525
7.2721
-0.110161
-0.156171
-0.209059
-0.254923
-0.280939
-0.27892
-0.242479
-0.167186
-0.0490915
0.114305
0.321184
0.566999
0.845995
1.15162
1.477
1.81531
2.16012
2.50555
2.84642
3.17835
3.49771
3.80169
4.08822
4.35594
4.60412
4.83264
5.04186
5.23255
5.4058
5.56292
5.70532
5.83448
5.95182
6.05869
6.15635
6.24587
6.3282
6.40413
6.47433
6.53932
6.59953
6.65533
6.70697
6.75469
6.79868
6.83911
6.87613
6.90992
6.94061
6.96836
6.99331
7.01563
7.03542
7.05283
7.06795
7.08091
7.09182
7.10079
7.10795
7.11344
7.1174
7.11996
7.12127
7.12151
7.12079
7.11924
7.117
7.11418
7.11091
7.10732
7.10353
7.09966
7.09585
7.0922
7.08885
7.08592
7.08352
7.08177
7.08077
7.08065
7.08151
7.08345
7.08655
7.09092
7.0966
7.10367
7.11216
7.12207
7.13339
7.14605
7.15994
7.17487
7.19057
7.20665
7.22252
7.23727
7.24979
7.25953
7.26478
7.25532
-0.117736
-0.177876
-0.245081
-0.305633
-0.345045
-0.354252
-0.326258
-0.256253
-0.140165
0.0244876
0.235434
0.487271
0.773551
1.08716
1.42076
1.76723
2.11988
2.47267
2.82033
3.15838
3.48319
3.79189
4.0824
4.35336
4.60408
4.83444
5.04488
5.23624
5.40971
5.56668
5.70868
5.83728
5.95398
6.06022
6.15728
6.24631
6.32827
6.40397
6.47407
6.5391
6.59949
6.65556
6.70757
6.75572
6.80017
6.84107
6.87852
6.91267
6.94365
6.97161
6.9967
7.01908
7.03891
7.05633
7.07148
7.08447
7.09542
7.10443
7.1116
7.11706
7.12094
7.12336
7.1245
7.12451
7.12352
7.12168
7.1191
7.11593
7.11228
7.1083
7.10411
7.09983
7.09559
7.09151
7.08772
7.08434
7.08147
7.07924
7.07775
7.07711
7.07741
7.07876
7.08125
7.08495
7.08992
7.09621
7.10385
7.11284
7.12314
7.13469
7.14736
7.16096
7.17522
7.18977
7.20406
7.21731
7.22866
7.23776
7.24332
7.23759
-0.123477
-0.202952
-0.288492
-0.366067
-0.42008
-0.44083
-0.420888
-0.355162
-0.239257
-0.0710574
0.146144
0.406039
0.701435
1.02462
1.36784
1.72362
2.08506
2.44598
2.80102
3.14564
3.47618
3.78975
4.08427
4.35838
4.61141
4.84331
5.05458
5.24616
5.41935
5.57568
5.71679
5.84435
5.95997
6.06515
6.16125
6.24945
6.33074
6.40593
6.47569
6.54054
6.60092
6.65712
6.7094
6.75793
6.80284
6.84424
6.8822
6.91684
6.94823
6.97651
7.00181
7.02428
7.04411
7.06145
7.07649
7.08935
7.10016
7.10904
7.11609
7.12141
7.12512
7.12733
7.12823
7.12797
7.12666
7.12445
7.12148
7.11788
7.11379
7.10935
7.10469
7.09992
7.0952
7.09062
7.08633
7.08243
7.07904
7.07627
7.07422
7.073
7.0727
7.0734
7.07521
7.07818
7.08237
7.08782
7.09454
7.10254
7.11176
7.12214
7.13353
7.14576
7.15855
7.17156
7.18431
7.19615
7.2064
7.21492
7.22096
7.21833
-0.127069
-0.231004
-0.338392
-0.434393
-0.503223
-0.534961
-0.52198
-0.458958
-0.340846
-0.16647
0.0591141
0.328785
0.634649
0.968458
1.32205
1.68769
2.0583
2.4276
2.79014
3.14137
3.47758
3.7959
4.09422
4.3712
4.6262
4.85923
5.07087
5.26218
5.4346
5.58979
5.72955
5.85564
5.96977
6.07354
6.16836
6.25545
6.33581
6.41025
6.47944
6.54391
6.60407
6.66023
6.71261
6.76138
6.80665
6.84849
6.88696
6.92212
6.95402
6.98272
7.00834
7.031
7.05087
7.06814
7.08298
7.09559
7.10612
7.11471
7.12148
7.12651
7.12993
7.13184
7.13244
7.13182
7.13013
7.1275
7.12407
7.11999
7.1154
7.11044
7.10524
7.09994
7.09466
7.08953
7.08467
7.0802
7.07623
7.07287
7.07021
7.06837
7.06741
7.06742
7.06849
7.07069
7.07405
7.07862
7.08439
7.09136
7.09947
7.10865
7.11875
7.12961
7.14096
7.15248
7.16377
7.17428
7.18347
7.19133
7.19754
7.19687
-0.128452
-0.262376
-0.394359
-0.508671
-0.591092
-0.63208
-0.624081
-0.561355
-0.437989
-0.254622
-0.0188032
0.261819
0.578811
0.923504
1.28745
1.66275
2.0422
2.41946
2.78909
3.14649
3.48795
3.81056
4.11223
4.39161
4.64808
4.88171
5.0932
5.28372
5.45486
5.60847
5.74645
5.8707
5.98303
6.08513
6.17846
6.26425
6.34351
6.41705
6.48551
6.54942
6.60919
6.66512
6.71742
6.76625
6.81172
6.85388
6.89277
6.92841
6.9608
6.98999
7.01602
7.03898
7.059
7.07623
7.0909
7.1032
7.11334
7.1215
7.12781
7.13241
7.13538
7.13689
7.13708
7.13604
7.13389
7.13078
7.12684
7.12222
7.11707
7.11153
7.10574
7.09984
7.09396
7.08822
7.08275
7.07766
7.07306
7.06906
7.06575
7.06324
7.06159
7.06088
7.06118
7.06257
7.06508
7.06873
7.07353
7.07946
7.08645
7.09443
7.10327
7.11278
7.12274
7.13286
7.14277
7.15203
7.16021
7.16734
7.17336
7.17384
-0.126895
-0.297659
-0.456065
-0.58622
-0.679013
-0.726106
-0.720197
-0.653932
-0.521575
-0.326965
-0.0798658
0.211914
0.539643
0.894435
1.26772
1.65153
2.03867
2.4228
2.79846
3.16109
3.50695
3.83312
4.13744
4.41857
4.67591
4.90958
5.12037
5.3096
5.47903
5.63066
5.76657
5.88872
5.99904
6.09932
6.19107
6.27551
6.35364
6.42622
6.49387
6.55713
6.6164
6.67197
6.72403
6.77276
6.81825
6.86055
6.89969
6.93568
6.96851
6.99815
7.02463
7.04795
7.06821
7.08552
7.10008
7.11209
7.1218
7.12942
7.13515
7.13915
7.14154
7.14249
7.14216
7.14058
7.1379
7.13423
7.12972
7.12451
7.11875
7.11258
7.10616
7.09961
7.09308
7.08669
7.08056
7.07481
7.06954
7.06487
7.06088
7.05767
7.0553
7.05384
7.05335
7.05391
7.05554
7.05827
7.06209
7.06697
7.07286
7.07966
7.08726
7.09549
7.10412
7.1129
7.12152
7.12961
7.13679
7.14311
7.14864
7.14962
-0.12154
-0.336487
-0.521835
-0.661913
-0.759266
-0.807955
-0.800745
-0.725217
-0.579377
-0.373476
-0.115765
0.185817
0.522429
0.885186
1.26558
1.65571
2.04847
2.43758
2.81763
3.18404
3.53305
3.86171
4.16782
4.44995
4.70752
4.94069
5.15031
5.33786
5.50525
5.6547
5.78844
5.90843
6.01669
6.11518
6.20543
6.28863
6.36575
6.43743
6.5043
6.56691
6.62566
6.68081
6.73252
6.781
6.82636
6.86863
6.90784
6.94402
6.97713
7.00713
7.03399
7.0577
7.07826
7.09574
7.11028
7.12208
7.13138
7.13844
7.1435
7.14676
7.14842
7.14868
7.14767
7.14545
7.14212
7.13782
7.13267
7.12681
7.12039
7.11356
7.10646
7.09923
7.09202
7.08493
7.07811
7.07167
7.06571
7.06033
7.05563
7.05169
7.04858
7.04636
7.04507
7.04478
7.04553
7.04733
7.05017
7.05402
7.05882
7.06448
7.07089
7.07788
7.08525
7.09278
7.10018
7.10715
7.11337
7.11883
7.12367
7.12479
-0.133357
-0.382089
-0.58507
-0.723113
-0.816823
-0.862371
-0.849502
-0.761799
-0.601692
-0.385666
-0.11964
0.188832
0.531093
0.898474
1.28268
1.67601
2.0715
2.46297
2.84508
3.21325
3.56371
3.89341
4.20008
4.48222
4.73921
4.97125
5.17927
5.36486
5.53016
5.67755
5.80943
5.92775
6.03434
6.13134
6.22042
6.30269
6.37912
6.45015
6.51633
6.57839
6.63671
6.69147
6.7428
6.79096
6.83608
6.87818
6.91728
6.95346
6.98668
7.01688
7.04403
7.06805
7.08891
7.10662
7.12124
7.13294
7.14191
7.14844
7.15279
7.15523
7.15605
7.1555
7.15367
7.15065
7.14657
7.14153
7.13566
7.1291
7.12197
7.11443
7.10662
7.09867
7.09074
7.08294
7.07541
7.06824
7.06156
7.05546
7.05003
7.04534
7.04148
7.03849
7.03639
7.03526
7.03513
7.03601
7.03788
7.04071
7.04445
7.04901
7.05427
7.06008
7.06626
7.0726
7.07886
7.08477
7.09004
7.09463
7.09868
7.09972
-0.164616
-0.462859
-0.634377
-0.747577
-0.831651
-0.872013
-0.846355
-0.743192
-0.575222
-0.353932
-0.0844691
0.225905
0.568859
0.936066
1.31954
1.71186
2.10624
2.49667
2.87784
3.24523
3.59498
3.92394
4.2297
4.51069
4.76626
4.99661
5.20273
5.38632
5.54973
5.69545
5.82589
5.94309
6.04884
6.14522
6.23388
6.31592
6.39233
6.46323
6.52902
6.59077
6.64895
6.70352
6.7545
6.80234
6.84724
6.88909
6.92796
6.96399
6.99716
7.02739
7.05467
7.07889
7.09998
7.1179
7.13267
7.14436
7.15313
7.15921
7.1629
7.1645
7.16442
7.16294
7.16015
7.1562
7.15123
7.14535
7.13867
7.13133
7.12344
7.11515
7.1066
7.09791
7.08924
7.08071
7.07244
7.06454
7.05713
7.05029
7.04411
7.03868
7.03405
7.03028
7.02739
7.02541
7.0244
7.02437
7.02529
7.02714
7.02985
7.03334
7.0375
7.04219
7.04724
7.05247
7.05766
7.06256
7.06691
7.07064
7.07388
7.07471
-0.203869
-0.541109
-0.62289
-0.693516
-0.772297
-0.805979
-0.764767
-0.656357
-0.490461
-0.272391
-0.00731311
0.297627
0.634456
0.995214
1.37226
1.75844
2.14721
2.53267
2.90961
3.27345
3.62026
3.94672
4.25022
4.52908
4.78264
5.0111
5.21541
5.39733
5.55947
5.70443
5.83442
5.95132
6.05701
6.15373
6.24304
6.32575
6.40264
6.47408
6.5405
6.60275
6.66139
6.71616
6.76691
6.81459
6.85946
6.90108
6.93956
6.97536
7.00838
7.03851
7.06581
7.09011
7.11133
7.12942
7.14432
7.15607
7.16475
7.17051
7.17362
7.17445
7.17349
7.171
7.16713
7.16211
7.15612
7.14927
7.14169
7.13349
7.12479
7.1157
7.10637
7.09693
7.0875
7.07822
7.06921
7.06057
7.05242
7.04484
7.03791
7.03172
7.02633
7.02179
7.0181
7.01529
7.01341
7.01248
7.01247
7.01336
7.01507
7.01754
7.02065
7.02428
7.02828
7.03246
7.03663
7.04057
7.04406
7.04695
7.04939
7.05
-0.0587325
-0.473464
-0.537265
-0.586975
-0.648492
-0.668663
-0.628909
-0.527467
-0.369245
-0.159494
0.0959343
0.390089
0.715516
1.06477
1.43067
1.80644
2.18578
2.56296
2.93283
3.29076
3.6327
3.95515
4.25529
4.53132
4.78263
5.00925
5.21184
5.39231
5.55397
5.69947
5.83052
5.9486
6.05582
6.15477
6.24661
6.33164
6.41046
6.48356
6.55143
6.61472
6.67388
6.72895
6.78011
6.82811
6.87299
6.91405
6.95188
6.98753
7.02042
7.0503
7.07753
7.10179
7.12298
7.14108
7.15603
7.16783
7.17645
7.18198
7.18466
7.18493
7.18318
7.17961
7.17458
7.16838
7.16123
7.1533
7.14471
7.13556
7.12598
7.11606
7.10592
7.0957
7.08551
7.07548
7.06572
7.05634
7.04745
7.03913
7.03146
7.02452
7.01837
7.01305
7.00858
7.00496
7.00223
7.00043
6.99952
6.99947
7.00023
7.00171
7.00382
7.00643
7.00941
7.01259
7.0158
7.01883
7.02147
7.02356
7.02523
7.02555
0.785481
0.376809
0.136594
-0.0307086
-0.172272
-0.262128
-0.285775
-0.241996
-0.1351
0.0294242
0.245345
0.505381
0.801564
1.12582
1.47038
1.82798
2.19194
2.55627
2.91557
3.26499
3.60023
3.91757
4.21396
4.48781
4.73873
4.96592
5.16887
5.35033
5.51539
5.66648
5.80431
5.93039
6.04602
6.15159
6.24788
6.33627
6.41778
6.49313
6.5629
6.62765
6.68779
6.74359
6.79532
6.84344
6.88812
6.92943
6.96819
7.00438
7.03647
7.06522
7.09179
7.11546
7.13608
7.15389
7.16874
7.18058
7.18922
7.19474
7.19738
7.19732
7.19474
7.19003
7.18366
7.17603
7.16744
7.15813
7.14826
7.13793
7.12725
7.1163
7.10521
7.09406
7.08297
7.07205
7.06142
7.05118
7.04142
7.03224
7.0237
7.01589
7.00885
7.00264
6.99728
6.99275
6.98906
6.98626
6.98433
6.98324
6.98292
6.98331
6.9843
6.98579
6.98765
6.98973
6.99187
6.9939
6.9956
6.99682
6.99766
6.99754
0.276913
0.0797578
-0.0889262
-0.180768
-0.225802
-0.23102
-0.191933
-0.10651
0.0235115
0.195016
0.404384
0.64738
0.9192
1.21472
1.52874
1.8561
2.19176
2.53087
2.86871
3.20061
3.52166
3.82672
4.11121
4.37612
4.62361
4.85353
5.06719
5.26529
5.44617
5.60983
5.75834
5.89358
6.01687
6.1292
6.23181
6.32591
6.41249
6.4923
6.56599
6.63409
6.69706
6.75522
6.8089
6.85844
6.9041
6.94608
6.98477
7.02018
7.05214
7.08142
7.10817
7.13122
7.15134
7.1692
7.184
7.1958
7.20455
7.21017
7.2126
7.21194
7.20843
7.20248
7.19459
7.18525
7.17489
7.16382
7.15229
7.14044
7.12836
7.11615
7.10388
7.09163
7.0795
7.06757
7.05596
7.04474
7.03402
7.02387
7.01437
7.00558
6.99756
6.99036
6.98401
6.97848
6.97377
6.96988
6.96685
6.96462
6.96315
6.96237
6.96219
6.9625
6.9632
6.96416
6.96522
6.96622
6.96699
6.96734
6.96738
6.96705
0.173216
0.129677
0.0643954
0.0183651
-0.00462525
-0.00490059
0.0239437
0.0878546
0.189143
0.327535
0.501277
0.707488
0.942385
1.2016
1.48047
1.77433
2.07865
2.38909
2.70154
3.0122
3.31841
3.61857
3.91193
4.19459
4.46112
4.70974
4.93988
5.15086
5.3424
5.51584
5.67341
5.81723
5.94904
6.07022
6.18189
6.28491
6.37996
6.46759
6.54835
6.62273
6.69117
6.75407
6.8118
6.86469
6.91306
6.95716
6.99732
7.03372
7.0665
7.09609
7.12262
7.14601
7.16703
7.18474
7.19884
7.21036
7.21893
7.22434
7.22656
7.22553
7.22141
7.21452
7.20534
7.19441
7.18227
7.16937
7.15605
7.14253
7.12894
7.11537
7.10186
7.08849
7.07532
7.0624
7.04984
7.0377
7.02606
7.015
7.00459
6.99489
6.98594
6.9778
6.97049
6.96402
6.95834
6.95342
6.94934
6.94604
6.94348
6.9416
6.94032
6.93954
6.93916
6.93907
6.93912
6.93919
6.9391
6.93865
6.93797
6.9374
0.110332
0.0885491
0.0479578
0.0150732
0.00357699
0.0175493
0.0604745
0.135253
0.242712
0.381856
0.550611
0.746216
0.965419
1.20465
1.46015
1.72816
2.00513
2.28778
2.57334
2.85974
3.14501
3.42652
3.70187
3.96818
4.22368
4.46801
4.70083
4.92133
5.12857
5.32188
5.501
5.66604
5.81751
5.95636
6.08377
6.20097
6.30899
6.4086
6.50037
6.58477
6.6622
6.73306
6.79771
6.85655
6.90993
6.95819
7.00168
7.04069
7.0755
7.10647
7.13384
7.15781
7.17876
7.19654
7.21157
7.22345
7.23161
7.23669
7.23868
7.23742
7.23294
7.22545
7.21531
7.20307
7.18933
7.17466
7.15953
7.14427
7.12908
7.11407
7.09928
7.08477
7.07055
7.05667
7.04318
7.03016
7.01765
7.00573
6.99445
6.98388
6.97405
6.96501
6.95679
6.9494
6.9428
6.93695
6.93186
6.92756
6.92398
6.92107
6.91876
6.91696
6.91558
6.91452
6.91366
6.91287
6.912
6.91085
6.90955
6.90884
0.0798208
0.0733668
0.0616537
0.0568823
0.0681496
0.0991091
0.151988
0.228802
0.330709
0.457748
0.609061
0.783128
0.977898
1.19092
1.41951
1.66092
1.91234
2.17106
2.43448
2.6999
2.96465
3.2268
3.48471
3.73676
3.98165
4.21845
4.4466
4.6657
4.87549
5.07578
5.26639
5.447
5.61718
5.77648
5.92469
6.06189
6.18852
6.30519
6.41256
6.51121
6.60161
6.68419
6.75931
6.82736
6.88874
6.94382
6.99303
7.03675
7.07537
7.10929
7.13887
7.16442
7.1863
7.20468
7.2199
7.23194
7.24107
7.24672
7.24851
7.24704
7.24231
7.23449
7.22375
7.21056
7.19551
7.17927
7.16243
7.14544
7.12863
7.11214
7.09605
7.08037
7.06512
7.05031
7.03595
7.02208
7.00876
6.99603
6.98395
6.97256
6.96191
6.95202
6.94294
6.93467
6.92721
6.92049
6.91447
6.90921
6.90468
6.90081
6.89754
6.89479
6.89249
6.89053
6.88882
6.88725
6.88567
6.88388
6.88202
6.88117
0.0570135
0.0563754
0.0566026
0.0632894
0.0822652
0.117337
0.171051
0.245352
0.341422
0.459525
0.599104
0.758973
0.937472
1.13261
1.34224
1.56411
1.79575
2.03462
2.27823
2.52438
2.77108
3.01665
3.25966
3.49888
3.73329
3.96209
4.18467
4.40054
4.60941
4.81121
5.006
5.19375
5.3743
5.54726
5.71207
5.86807
6.01464
6.15138
6.27813
6.39504
6.50238
6.60052
6.68982
6.77064
6.84337
6.90842
6.96623
7.01726
7.06198
7.10088
7.13442
7.16304
7.18718
7.20718
7.2234
7.23607
7.24547
7.25157
7.25467
7.25379
7.2489
7.24098
7.22992
7.21615
7.20019
7.18269
7.16435
7.14577
7.12738
7.10943
7.09204
7.07523
7.05898
7.04327
7.02809
7.01345
6.99938
6.98591
6.97308
6.96094
6.94952
6.93886
6.92897
6.91987
6.91159
6.90405
6.89721
6.89105
6.88562
6.88085
6.87669
6.87307
6.8699
6.86712
6.86463
6.86233
6.86011
6.85774
6.85539
6.85443
0.0347581
0.0375028
0.0452547
0.0607782
0.0874788
0.128184
0.184854
0.25885
0.350993
0.461525
0.590137
0.736068
0.898186
1.07506
1.265
1.46609
1.67644
1.89412
2.11727
2.34412
2.573
2.80239
3.03088
3.25726
3.48056
3.7002
3.91579
4.12703
4.33358
4.53516
4.73164
4.92302
5.10929
5.29031
5.4657
5.63493
5.79723
5.95175
6.09761
6.23412
6.3608
6.47749
6.58419
6.68112
6.76853
6.84678
6.91629
6.97753
7.03101
7.07729
7.11693
7.1505
7.17853
7.20152
7.21995
7.2342
7.24464
7.25148
7.25504
7.25512
7.25175
7.24432
7.23315
7.21912
7.20266
7.1843
7.1648
7.14486
7.12506
7.10576
7.08714
7.06924
7.05205
7.0355
7.01957
7.00423
6.98948
6.97535
6.96185
6.94902
6.93691
6.92552
6.91489
6.90504
6.89597
6.88768
6.88005
6.87309
6.86682
6.86122
6.85623
6.85179
6.84783
6.84428
6.84107
6.8381
6.83528
6.83239
6.82959
6.82852
0.00810291
0.0125572
0.0241908
0.0442524
0.0744743
0.116717
0.172467
0.242811
0.328475
0.42979
0.546676
0.678683
0.825042
0.984717
1.15646
1.33886
1.53044
1.72966
1.93496
2.14482
2.3578
2.57257
2.78792
3.0028
3.2163
3.42777
3.63675
3.84301
4.04642
4.24683
4.44401
4.63773
4.82787
5.01433
5.19695
5.37539
5.54907
5.71722
5.87886
6.03293
6.17841
6.31439
6.44025
6.55564
6.66046
6.75482
6.83898
6.91334
6.97837
7.03466
7.08282
7.1235
7.15736
7.18503
7.20714
7.22422
7.23678
7.2452
7.24983
7.25085
7.24844
7.24265
7.2327
7.21882
7.20224
7.18346
7.16321
7.14227
7.12133
7.10087
7.08116
7.0623
7.04426
7.02697
7.01037
6.99441
6.97906
6.96434
6.95025
6.93681
6.92407
6.91203
6.90073
6.89018
6.88038
6.87136
6.86304
6.85537
6.84832
6.84194
6.83618
6.83097
6.82628
6.82201
6.81812
6.81454
6.81117
6.80779
6.80459
6.8034
-0.0253404
-0.0199834
-0.00627069
0.0162809
0.0483685
0.0910446
0.145302
0.211951
0.291575
0.38448
0.490682
0.609927
0.741721
0.885366
1.03998
1.20456
1.37798
1.55905
1.74658
1.93935
2.13622
2.33609
2.53796
2.74094
2.94423
3.14719
3.3493
3.55021
3.74973
3.94779
4.14433
4.33916
4.53201
4.72259
4.91066
5.096
5.27823
5.45676
5.63077
5.79923
5.96096
6.11474
6.25938
6.3939
6.51762
6.63014
6.73136
6.82141
6.90064
6.96953
7.02869
7.07882
7.12066
7.15495
7.18246
7.20388
7.21986
7.23097
7.23768
7.24035
7.23926
7.23465
7.22638
7.21424
7.19829
7.17953
7.15898
7.13748
7.11578
7.09447
7.07392
7.05428
7.03554
7.01763
7.00047
6.98398
6.96813
6.9529
6.93829
6.92432
6.91102
6.8984
6.88649
6.87531
6.86486
6.85516
6.84619
6.83784
6.8301
6.823
6.81653
6.81062
6.80523
6.8003
6.79579
6.79163
6.78774
6.78392
6.78034
6.77902
-0.0668703
-0.0611246
-0.0464741
-0.0227964
0.00982435
0.0516113
0.103041
0.164706
0.237113
0.320586
0.415262
0.521112
0.637941
0.765386
0.902936
1.04994
1.20565
1.3692
1.5397
1.71619
1.89777
2.08354
2.27267
2.46438
2.65798
2.85284
3.04845
3.24438
3.44033
3.63609
3.83157
4.02671
4.22138
4.41526
4.60796
4.79911
4.98836
5.17528
5.35927
5.53947
5.71479
5.88395
6.04559
6.19832
6.34091
6.47239
6.5921
6.69976
6.79536
6.87918
6.9517
7.01359
7.0656
7.10858
7.14338
7.17084
7.19178
7.2069
7.21685
7.22215
7.22321
7.22034
7.21372
7.20346
7.18951
7.17183
7.15152
7.12994
7.10796
7.08624
7.0652
7.04505
7.02582
7.00746
6.98987
6.97296
6.9567
6.94105
6.926
6.91157
6.89778
6.88465
6.8722
6.86044
6.8494
6.83908
6.82947
6.82054
6.81222
6.80444
6.79729
6.79072
6.78469
6.77914
6.77403
6.76933
6.76495
6.76071
6.75677
6.7553
-0.117043
-0.111285
-0.0963538
-0.072034
-0.0392693
0.00115354
0.0493133
0.105767
0.170993
0.245287
0.328852
0.421822
0.524231
0.635997
0.756921
0.886687
1.02487
1.17094
1.32426
1.48418
1.65002
1.82114
1.99691
2.17671
2.35999
2.54618
2.73479
2.92534
3.11745
3.31077
3.50508
3.7002
3.89602
4.09238
4.28893
4.48524
4.68077
4.87508
5.06764
5.2578
5.44465
5.62702
5.80355
5.97274
6.13306
6.28308
6.42162
6.54784
6.66127
6.76181
6.84969
6.92541
6.9897
7.04339
7.08743
7.12276
7.15033
7.17099
7.18554
7.19466
7.19891
7.19872
7.19441
7.18623
7.1744
7.15902
7.14019
7.11917
7.09746
7.07584
7.05477
7.03449
7.01507
6.99646
6.9786
6.9614
6.94482
6.92883
6.91342
6.8986
6.88438
6.8708
6.85786
6.8456
6.83403
6.82315
6.81297
6.80349
6.79458
6.78623
6.77846
6.77128
6.76464
6.7585
6.75284
6.74762
6.74279
6.73814
6.73387
6.73225
-0.175938
-0.170843
-0.156201
-0.130831
-0.0976958
-0.0593579
-0.015824
0.033848
0.0902747
0.153805
0.224795
0.303619
0.39059
0.485926
0.589752
0.702084
0.822815
0.95168
1.08828
1.23215
1.38282
1.53985
1.70278
1.87114
2.04447
2.22228
2.40409
2.58942
2.77781
2.96885
3.16216
3.35744
3.55446
3.75301
3.95289
4.15375
4.35508
4.55629
4.75682
4.95603
5.15318
5.34727
5.53703
5.72098
5.89751
6.06495
6.22175
6.36657
6.49844
6.61677
6.72143
6.81265
6.89101
6.95728
7.01241
7.05743
7.09337
7.12121
7.14189
7.15621
7.16488
7.16848
7.16745
7.16215
7.1529
7.14003
7.12382
7.10468
7.08397
7.06306
7.04251
7.02255
7.00329
6.98472
6.96676
6.9494
6.9326
6.91634
6.90062
6.88546
6.87088
6.85689
6.84353
6.83081
6.81876
6.80738
6.79667
6.78664
6.77725
6.76841
6.76007
6.75229
6.74508
6.73839
6.7322
6.72649
6.7212
6.71616
6.71155
6.70968
-0.242773
-0.24028
-0.226393
-0.197568
-0.161637
-0.123617
-0.082981
-0.0383465
0.0107569
0.0645786
0.123605
0.18845
0.259711
0.337935
0.423623
0.517194
0.618926
0.728867
0.846833
0.97261
1.10605
1.24699
1.39525
1.55057
1.71265
1.88109
2.05539
2.23503
2.41947
2.60816
2.8006
2.99632
3.19491
3.39601
3.59935
3.8046
4.0114
4.2192
4.42737
4.63521
4.842
5.04683
5.24858
5.44589
5.63716
5.82067
5.99465
6.15742
6.30756
6.44403
6.56624
6.67409
6.76789
6.84831
6.91625
6.97272
7.0188
7.05556
7.08402
7.1051
7.11964
7.12833
7.13176
7.1304
7.12465
7.11493
7.10172
7.08557
7.06715
7.04773
7.02831
7.00921
6.99055
6.97232
6.95449
6.93709
6.92015
6.90368
6.8877
6.87224
6.85732
6.84298
6.82923
6.8161
6.80362
6.79179
6.78061
6.7701
6.76024
6.75091
6.74209
6.73375
6.72597
6.71873
6.71202
6.70582
6.70009
6.69467
6.68975
6.68777
-0.315464
-0.324997
-0.308466
-0.272079
-0.236732
-0.205314
-0.17297
-0.137607
-0.0993064
-0.0579413
-0.0128271
0.0368548
0.0918896
0.153069
0.221222
0.29717
0.381586
0.474699
0.576215
0.685982
0.804037
0.930412
1.06509
1.20804
1.35915
1.51814
1.68459
1.85802
2.03793
2.22377
2.41499
2.61099
2.81124
3.01523
3.22251
3.43265
3.64529
3.86
4.07626
4.29337
4.51045
4.72646
4.94025
5.15053
5.35581
5.55443
5.74457
5.92437
6.09212
6.24639
6.3862
6.51106
6.62099
6.71645
6.79821
6.86728
6.92475
6.97175
7.00938
7.03866
7.06051
7.07573
7.085
7.08888
7.08786
7.08241
7.07307
7.06052
7.04556
7.02886
7.01137
6.9938
6.97636
6.959
6.94164
6.92442
6.90746
6.89084
6.87463
6.8589
6.84367
6.82899
6.81489
6.80139
6.78851
6.77628
6.76469
6.75375
6.74344
6.73371
6.72441
6.71548
6.70711
6.6993
6.69204
6.68532
6.6791
6.67323
6.6679
6.66542
-0.373593
-0.448748
-0.405249
-0.328751
-0.278902
-0.246888
-0.217511
-0.187872
-0.159008
-0.130602
-0.101329
-0.0698662
-0.0350473
0.00431016
0.0494938
0.101888
0.162834
0.232947
0.311661
0.399359
0.496697
0.604092
0.721827
0.850188
0.989319
1.13881
1.29798
1.46612
1.6425
1.82638
2.01698
2.21357
2.41548
2.62208
2.83279
3.04708
3.26448
3.48461
3.70713
3.93158
4.15728
4.38316
4.60796
4.83028
5.04862
5.2613
5.4664
5.66188
5.84571
6.01609
6.17168
6.31174
6.43624
6.5457
6.64106
6.72344
6.79398
6.85372
6.90363
6.94456
6.9773
7.00254
7.02094
7.03306
7.03946
7.04068
7.03733
7.03012
7.01987
7.0074
6.99319
6.97771
6.9621
6.9461
6.92935
6.91229
6.89525
6.87838
6.86185
6.84575
6.83017
6.81513
6.80067
6.78681
6.77358
6.76099
6.74904
6.73774
6.72708
6.71701
6.70735
6.69816
6.68961
6.68169
6.67432
6.66751
6.66122
6.6553
6.65002
6.6475
-0.421265
-0.839269
-0.77433
-0.647872
-0.591544
-0.568392
-0.547018
-0.525366
-0.507435
-0.493685
-0.482611
-0.472696
-0.462506
-0.450235
-0.433273
-0.407633
-0.369692
-0.323203
-0.27281
-0.217786
-0.156576
-0.0881815
-0.0115525
0.0749293
0.173843
0.285992
0.411964
0.552213
0.706732
0.874986
1.05609
1.24908
1.45308
1.66721
1.89061
2.12232
2.36132
2.60645
2.85646
3.10997
3.36562
3.62206
3.878
4.13215
4.38321
4.62981
4.87058
5.1041
5.32899
5.54388
5.74739
5.93816
6.11479
6.27602
6.42079
6.54845
6.65886
6.75242
6.83003
6.89291
6.94254
6.98044
7.00814
7.02709
7.03858
7.04376
7.04363
7.03902
7.03062
7.01895
7.00445
6.98773
6.96915
6.94842
6.92637
6.90485
6.88428
6.86449
6.84545
6.82723
6.80981
6.79319
6.77731
6.76216
6.7477
6.73393
6.72083
6.70841
6.69666
6.6856
6.67525
6.6655
6.65612
6.64721
6.63905
6.63163
6.62485
6.61859
6.61308
6.60934
-0.210696
-0.421243
-0.398682
-0.348035
-0.328495
-0.321827
-0.314305
-0.305576
-0.297781
-0.291606
-0.287069
-0.284383
-0.284096
-0.287094
-0.294733
-0.309317
-0.332161
-0.355948
-0.370819
-0.37513
-0.369818
-0.354486
-0.326649
-0.281059
-0.220945
-0.154069
-0.0812401
-0.000343718
0.0917067
0.197801
0.319408
0.457583
0.612911
0.7853
0.974199
1.17881
1.39823
1.63137
1.87706
2.13401
2.40082
2.67597
2.95789
3.24487
3.53513
3.82677
4.11777
4.40591
4.6888
4.96385
5.22832
5.47946
5.71464
5.93154
6.12828
6.30358
6.45686
6.58821
6.69836
6.78859
6.86057
6.91621
6.95748
6.98637
7.00474
7.01433
7.01671
7.01326
7.0052
6.99355
6.97906
6.9623
6.9436
6.92321
6.90172
6.87955
6.85657
6.83321
6.81072
6.78946
6.76921
6.74997
6.73168
6.7143
6.69779
6.6821
6.6672
6.65306
6.63968
6.62706
6.61519
6.60414
6.59396
6.58445
6.57524
6.56648
6.55845
6.55115
6.54474
6.53989
-0.220998
-0.44982
-0.445182
-0.406371
-0.393761
-0.391818
-0.387975
-0.381913
-0.375679
-0.369923
-0.364499
-0.359215
-0.35392
-0.34845
-0.342577
-0.336037
-0.328484
-0.319682
-0.31029
-0.301518
-0.294698
-0.291348
-0.29355
-0.305252
-0.32144
-0.329146
-0.322231
-0.297821
-0.255333
-0.199591
-0.134755
-0.0594036
0.029847
0.135536
0.259345
0.40225
0.56459
0.746173
0.946442
1.16453
1.39931
1.64936
1.91306
2.18854
2.47378
2.76658
3.0646
3.36536
3.66631
3.96477
4.25803
4.54336
4.81807
5.0796
5.32561
5.55408
5.76338
5.95238
6.1205
6.26774
6.39464
6.5022
6.59177
6.66494
6.7234
6.76886
6.80294
6.82719
6.843
6.85164
6.85418
6.85159
6.84468
6.83415
6.82064
6.80477
6.78711
6.76846
6.74924
6.7295
6.70998
6.69141
6.67366
6.65671
6.64055
6.62515
6.61048
6.59652
6.58325
6.57067
6.55876
6.54752
6.53698
6.52716
6.51815
6.50972
6.50149
6.49373
6.48692
6.48153
-0.18537
-0.373274
-0.365074
-0.330787
-0.320844
-0.32114
-0.32027
-0.317657
-0.314956
-0.312682
-0.310715
-0.308965
-0.307434
-0.306147
-0.305092
-0.304221
-0.303408
-0.302406
-0.300851
-0.298381
-0.294762
-0.289919
-0.283867
-0.276654
-0.268064
-0.259343
-0.252828
-0.251812
-0.256997
-0.261325
-0.253861
-0.229053
-0.188303
-0.134353
-0.0667272
0.016977
0.119147
0.24146
0.384895
0.549808
0.736035
0.94293
1.16942
1.41405
1.67501
1.95018
2.2372
2.53353
2.83644
3.14313
3.45068
3.75613
4.05654
4.34894
4.63049
4.89848
5.15046
5.38435
5.5985
5.79185
5.96389
6.11475
6.24509
6.35602
6.44893
6.52542
6.58714
6.63577
6.67287
6.69994
6.71835
6.72932
6.73397
6.73329
6.72819
6.71946
6.70786
6.69409
6.67879
6.66259
6.64602
6.6291
6.61228
6.59615
6.58061
6.56568
6.55135
6.53762
6.52451
6.512
6.50011
6.48886
6.47824
6.46829
6.45903
6.45051
6.4428
6.4356
6.4287
6.42266
-0.176928
-0.357752
-0.353296
-0.324141
-0.317973
-0.321312
-0.323243
-0.323179
-0.322679
-0.322209
-0.321619
-0.320778
-0.319641
-0.318185
-0.316369
-0.314154
-0.311503
-0.308404
-0.304869
-0.300957
-0.296753
-0.292362
-0.287863
-0.283289
-0.278552
-0.273435
-0.267655
-0.260997
-0.25315
-0.244397
-0.237383
-0.233767
-0.229447
-0.217193
-0.191854
-0.151864
-0.0966498
-0.0244536
0.0672058
0.180446
0.316643
0.476427
0.65977
0.866014
1.09394
1.34182
1.60749
1.88845
2.18191
2.48487
2.7942
3.10667
3.419
3.72792
4.0302
4.3227
4.60246
4.86682
5.11344
5.3405
5.54676
5.73158
5.89496
6.03748
6.16013
6.26426
6.35136
6.42306
6.48095
6.5266
6.56149
6.58699
6.60439
6.61485
6.61946
6.61919
6.61495
6.60755
6.59774
6.58617
6.57339
6.55992
6.54618
6.53221
6.51832
6.50491
6.49189
6.4793
6.46715
6.45548
6.44432
6.43369
6.42362
6.41415
6.40531
6.39713
6.38967
6.38298
6.37701
6.37131
-0.160527
-0.323733
-0.319042
-0.292627
-0.287601
-0.291569
-0.294558
-0.295997
-0.297246
-0.298664
-0.300053
-0.301252
-0.302189
-0.302826
-0.303112
-0.303005
-0.30246
-0.301442
-0.299915
-0.297852
-0.295234
-0.292062
-0.288349
-0.284132
-0.279462
-0.274422
-0.269114
-0.263628
-0.257984
-0.252083
-0.245668
-0.238149
-0.229264
-0.219986
-0.210396
-0.197192
-0.175056
-0.139599
-0.0878153
-0.0169037
0.0759028
0.192801
0.335133
0.503338
0.697019
0.915017
1.15552
1.41618
1.69423
1.9866
2.28999
2.60099
2.91608
3.23175
3.5445
3.8509
4.14768
4.43175
4.70033
4.95105
5.18206
5.39215
5.58076
5.74795
5.89436
6.02102
6.12925
6.22052
6.29638
6.3584
6.40807
6.44685
6.47611
6.49712
6.51107
6.51907
6.52212
6.52116
6.51702
6.51041
6.50196
6.49218
6.48151
6.47032
6.45895
6.4474
6.43587
6.42464
6.41375
6.40316
6.39292
6.3831
6.37373
6.36488
6.35658
6.34889
6.34187
6.33557
6.33001
6.32492
-0.147104
-0.297066
-0.294104
-0.272054
-0.270145
-0.276751
-0.282627
-0.287197
-0.291606
-0.296073
-0.30034
-0.304218
-0.307614
-0.31047
-0.312726
-0.314338
-0.315268
-0.315501
-0.315026
-0.313858
-0.312015
-0.30953
-0.306437
-0.302772
-0.298528
-0.293706
-0.288403
-0.282755
-0.276823
-0.270659
-0.264325
-0.257865
-0.251095
-0.243342
-0.233716
-0.221997
-0.207912
-0.188981
-0.160568
-0.117541
-0.0552658
0.0300704
0.141274
0.279988
0.446691
0.640775
0.860724
1.1043
1.36872
1.65082
1.94719
2.25425
2.56832
2.88572
3.20279
3.51593
3.82167
4.1167
4.39797
4.6628
4.90898
5.13492
5.33971
5.52309
5.68541
5.82749
5.95047
6.05569
6.14462
6.21876
6.2796
6.32859
6.36713
6.39653
6.41806
6.43286
6.44202
6.44652
6.44725
6.44499
6.44041
6.43407
6.42642
6.41783
6.4086
6.39897
6.38924
6.37949
6.36976
6.36014
6.35082
6.34185
6.33329
6.3252
6.31761
6.31057
6.30414
6.29841
6.29335
6.28852
-0.127613
-0.258811
-0.258102
-0.242074
-0.244394
-0.254218
-0.263351
-0.271402
-0.279347
-0.287289
-0.294951
-0.30212
-0.308657
-0.314458
-0.319428
-0.323501
-0.326627
-0.328784
-0.329961
-0.330161
-0.329389
-0.327636
-0.324884
-0.321385
-0.317451
-0.313131
-0.308348
-0.303086
-0.297418
-0.291441
-0.285229
-0.278812
-0.272169
-0.265163
-0.257401
-0.248167
-0.236595
-0.221718
-0.201493
-0.171755
-0.126543
-0.0597212
0.0334387
0.155677
0.308178
0.490355
0.70045
0.936008
1.19406
1.47125
1.76416
2.06906
2.38215
2.69967
3.01788
3.33316
3.642
3.94104
4.22717
4.49763
4.75009
4.98285
5.19487
5.3858
5.55586
5.70573
5.83644
5.94922
6.04546
6.12657
6.19401
6.24918
6.29347
6.32819
6.35459
6.37385
6.38708
6.39527
6.39934
6.40009
6.3982
6.39426
6.38875
6.38207
6.37452
6.36637
6.35781
6.349
6.34009
6.33126
6.3226
6.3142
6.30612
6.29842
6.29116
6.28442
6.2783
6.2729
6.26814
6.2635
-0.101179
-0.211929
-0.216948
-0.210751
-0.219951
-0.23495
-0.249469
-0.263259
-0.276754
-0.289773
-0.30199
-0.313188
-0.323228
-0.332022
-0.339504
-0.345644
-0.350421
-0.353833
-0.355866
-0.356487
-0.355884
-0.354575
-0.352852
-0.350469
-0.347207
-0.343156
-0.338441
-0.333162
-0.327401
-0.321246
-0.31477
-0.308036
-0.301073
-0.293863
-0.286284
-0.278035
-0.268316
-0.255773
-0.237917
-0.210373
-0.166792
-0.100296
-0.00570054
0.119511
0.275806
0.462142
0.67642
0.915869
1.17727
1.45713
1.7518
2.05755
2.37061
2.6873
3.004
3.31718
3.62346
3.91962
4.2027
4.47013
4.71979
4.95017
5.16038
5.35019
5.51986
5.67011
5.80156
5.9154
6.01294
6.09557
6.16465
6.22153
6.26753
6.30394
6.33198
6.35281
6.36752
6.37708
6.3824
6.38428
6.3834
6.38035
6.37561
6.36959
6.36261
6.35494
6.34679
6.33834
6.32974
6.32111
6.31256
6.3042
6.29612
6.28838
6.28111
6.2744
6.26831
6.26294
6.2582
6.25358
-0.0658109
-0.153606
-0.16951
-0.178728
-0.197425
-0.218984
-0.239685
-0.25921
-0.277612
-0.29473
-0.310386
-0.324469
-0.33691
-0.347671
-0.356722
-0.364035
-0.369531
-0.37316
-0.375319
-0.376782
-0.377679
-0.377545
-0.376194
-0.373782
-0.370454
-0.366346
-0.36158
-0.356276
-0.350542
-0.344472
-0.338124
-0.331512
-0.32455
-0.316946
-0.308063
-0.297378
-0.28424
-0.267463
-0.244535
-0.210038
-0.156183
-0.0758403
0.0351849
0.178153
0.351893
0.554195
0.782458
1.0337
1.30467
1.592
1.89198
2.20087
2.51503
2.8309
3.145
3.45395
3.75452
4.04368
4.31871
4.57733
4.81776
5.03883
5.23998
5.42115
5.58274
5.72577
5.85114
5.95977
6.05292
6.13198
6.19822
6.25261
6.29643
6.33093
6.3573
6.37665
6.39004
6.39843
6.40267
6.40354
6.4017
6.39773
6.39209
6.3852
6.37738
6.36889
6.35994
6.35073
6.34141
6.3321
6.32292
6.31398
6.30537
6.29717
6.28948
6.28236
6.27589
6.27017
6.2651
6.26022
-0.0281112
-0.0830249
-0.118775
-0.147201
-0.175351
-0.202598
-0.228071
-0.251641
-0.273322
-0.293099
-0.310939
-0.326815
-0.340677
-0.352456
-0.362064
-0.369478
-0.375154
-0.380026
-0.384195
-0.386994
-0.388221
-0.388059
-0.38667
-0.384188
-0.380714
-0.37633
-0.371086
-0.365003
-0.358048
-0.350129
-0.341071
-0.330619
-0.318455
-0.304263
-0.287685
-0.268097
-0.244199
-0.213117
-0.170076
-0.109079
-0.0243184
0.0882688
0.230387
0.401765
0.600641
0.824565
1.07076
1.33618
1.61757
1.91164
2.21487
2.5238
2.83504
3.14526
3.45122
3.74984
4.03816
4.31353
4.57362
4.81655
5.04097
5.24613
5.43175
5.59806
5.74554
5.87505
5.98794
6.08529
6.16825
6.23811
6.29637
6.34416
6.38231
6.41162
6.43321
6.44819
6.45756
6.46224
6.46306
6.46074
6.45592
6.44915
6.44088
6.4315
6.42132
6.41062
6.39959
6.38843
6.37727
6.36626
6.3555
6.34509
6.33514
6.32571
6.31689
6.30876
6.30138
6.29484
6.28904
6.28357
-0.0198825
-0.0564278
-0.0910731
-0.123377
-0.153834
-0.182597
-0.209612
-0.234779
-0.257971
-0.279048
-0.29787
-0.314317
-0.328162
-0.339228
-0.348244
-0.356428
-0.363787
-0.369426
-0.373001
-0.374686
-0.374618
-0.372891
-0.369559
-0.36466
-0.358204
-0.350182
-0.34056
-0.329286
-0.31627
-0.30139
-0.284441
-0.265078
-0.24268
-0.216195
-0.18397
-0.143719
-0.0926474
-0.0275752
0.0549428
0.158294
0.285256
0.437407
0.614948
0.816891
1.04137
1.28603
1.54819
1.82496
2.11329
2.41003
2.71196
3.01589
3.31869
3.61732
3.90887
4.19059
4.45999
4.71487
4.95341
5.17427
5.37661
5.56008
5.72475
5.87106
5.99972
6.11164
6.20794
6.28977
6.3583
6.41465
6.46007
6.4961
6.52424
6.54513
6.559
6.56681
6.56957
6.56814
6.56328
6.55568
6.54592
6.53453
6.52192
6.50846
6.49445
6.48015
6.46575
6.45144
6.43735
6.4236
6.41031
6.39757
6.38546
6.37406
6.36345
6.35367
6.34481
6.33692
6.32994
6.32344
-0.0264284
-0.0594322
-0.0857123
-0.112356
-0.138459
-0.163258
-0.186413
-0.207626
-0.226535
-0.242743
-0.256295
-0.268415
-0.280123
-0.291373
-0.301312
-0.308882
-0.313868
-0.316464
-0.316784
-0.314918
-0.310917
-0.304813
-0.296604
-0.286257
-0.273684
-0.258738
-0.241175
-0.220644
-0.196639
-0.168489
-0.135318
-0.0960538
-0.0494205
0.00605008
0.0720256
0.150348
0.242989
0.351944
0.479097
0.626004
0.79365
0.98225
1.19121
1.41921
1.66439
1.9245
2.19705
2.47933
2.76851
3.06168
3.35592
3.64832
3.93609
4.21654
4.48716
4.74568
4.99009
5.21874
5.4304
5.62425
5.79993
5.95744
6.09716
6.21971
6.32593
6.41679
6.49338
6.55683
6.60828
6.64886
6.67965
6.70177
6.71679
6.72602
6.72957
6.72786
6.72178
6.71215
6.69966
6.68493
6.66852
6.65088
6.63241
6.61344
6.59427
6.57511
6.55617
6.5376
6.51954
6.50211
6.48539
6.46948
6.45445
6.44037
6.42729
6.41527
6.40436
6.39463
6.38598
6.37802
-0.0229345
-0.0413067
-0.0555817
-0.0712567
-0.0874892
-0.103877
-0.120227
-0.136364
-0.152194
-0.1677
-0.182436
-0.195042
-0.204725
-0.211729
-0.216185
-0.218098
-0.217419
-0.214084
-0.207999
-0.199051
-0.187092
-0.171941
-0.153365
-0.131078
-0.104727
-0.0738885
-0.0380527
0.00337242
0.0510824
0.105871
0.168646
0.24042
0.322308
0.415497
0.521224
0.640706
0.775095
0.925385
1.09233
1.27631
1.47729
1.6947
1.92746
2.17407
2.43264
2.70103
2.97687
3.25765
3.54077
3.8236
4.10353
4.37801
4.64464
4.90115
5.14553
5.376
5.59113
5.78981
5.97133
6.13535
6.28188
6.41123
6.52398
6.62088
6.70283
6.77085
6.826
6.86938
6.90209
6.92522
6.93976
6.94678
6.94787
6.94414
6.93566
6.92278
6.90631
6.88698
6.86543
6.84223
6.81785
6.79273
6.76723
6.74165
6.71625
6.69125
6.66682
6.64311
6.62025
6.59835
6.57747
6.55771
6.53911
6.52175
6.50567
6.4909
6.47749
6.46549
6.45481
6.44505
-0.0154295
-0.0259845
-0.0362292
-0.0469818
-0.0576854
-0.0679358
-0.077352
-0.0856014
-0.0924175
-0.0976224
-0.101059
-0.102511
-0.101704
-0.0983904
-0.0923102
-0.083216
-0.0708615
-0.055011
-0.0354146
-0.0118129
0.0160863
0.0486015
0.0860986
0.128983
0.177719
0.23282
0.294863
0.364478
0.442353
0.52922
0.62585
0.733031
0.851553
0.982173
1.12559
1.28239
1.45301
1.63769
1.83639
2.04878
2.27421
2.51165
2.75976
3.01691
3.28121
3.5506
3.82285
4.09567
4.36671
4.63366
4.89425
5.14633
5.38793
5.61726
5.83279
6.03326
6.21773
6.38559
6.53655
6.67063
6.78811
6.8895
6.97549
7.04694
7.10476
7.14998
7.18363
7.20679
7.22049
7.22575
7.22353
7.21518
7.2023
7.18536
7.1641
7.13925
7.11161
7.08182
7.05045
7.01801
6.98494
6.95162
6.91839
6.88552
6.85326
6.8218
6.79129
6.76189
6.7337
6.70681
6.6813
6.65724
6.63466
6.61362
6.59416
6.5763
6.56007
6.5455
6.53252
6.52069
-0.0043397
-0.00498575
-0.00574622
-0.00644188
-0.00674023
-0.00635028
-0.00496843
-0.00229024
0.00200357
0.00823645
0.0167474
0.0278612
0.0418911
0.0591294
0.0798731
0.104417
0.133072
0.166154
0.204003
0.246969
0.295433
0.349793
0.410479
0.477943
0.552667
0.635153
0.72593
0.825531
0.934506
1.05339
1.1827
1.32292
1.47447
1.63767
1.81275
1.99979
2.19867
2.40911
2.63058
2.86232
3.1033
3.35227
3.60775
3.86806
4.13135
4.39568
4.659
4.91925
5.17436
5.42235
5.66132
5.88951
6.10537
6.30755
6.49495
6.66675
6.82242
6.96168
7.08454
7.19124
7.28224
7.35816
7.41976
7.46792
7.50357
7.52773
7.5414
7.54562
7.54132
7.5295
7.51168
7.48974
7.46378
7.43352
7.39968
7.36307
7.32438
7.28418
7.24299
7.20127
7.15943
7.11783
7.07675
7.03648
6.99722
6.95915
6.92243
6.88719
6.85352
6.8215
6.79121
6.76269
6.736
6.71115
6.68818
6.6671
6.64793
6.6307
6.61532
6.60135
0.00609658
0.0159325
0.0259344
0.036475
0.047828
0.060297
0.0741988
0.0898447
0.107555
0.127648
0.150456
0.176313
0.205566
0.238561
0.275657
0.317212
0.3636
0.415194
0.472387
0.53557
0.605156
0.681558
0.765205
0.856523
0.955948
1.0639
1.18081
1.30707
1.44304
1.58904
1.74535
1.91216
2.08955
2.27753
2.47595
2.68452
2.90278
3.13011
3.36569
3.60851
3.85737
4.11092
4.36763
4.62584
4.88382
5.13974
5.39177
5.63807
5.87685
6.10643
6.32524
6.53186
6.72509
6.90391
7.06756
7.21552
7.34749
7.46343
7.5635
7.64807
7.71766
7.77295
7.81472
7.84385
7.86126
7.86793
7.86483
7.85285
7.83308
7.80791
7.77885
7.74511
7.70682
7.66485
7.62002
7.57306
7.52455
7.47506
7.42506
7.37499
7.32523
7.27611
7.22791
7.18088
7.13522
7.09111
7.04868
7.00805
6.96932
6.93256
6.89783
6.86518
6.83464
6.80623
6.77996
6.75585
6.7339
6.71412
6.69644
6.68042
0.0167536
0.0380502
0.0587846
0.0804324
0.103081
0.127028
0.152629
0.180234
0.210203
0.24289
0.278665
0.317891
0.360944
0.4082
0.460043
0.516856
0.579036
0.646973
0.721071
0.801726
0.889341
0.984309
1.08702
1.19785
1.31717
1.44529
1.58253
1.72914
1.88532
2.05123
2.22692
2.41236
2.60744
2.81189
3.02535
3.2473
3.47708
3.71388
3.95672
4.2045
4.45595
4.70969
4.96422
5.21797
5.4693
5.71654
5.95803
6.19215
6.41734
6.63215
6.83525
7.02549
7.20188
7.36364
7.5102
7.64119
7.75646
7.85605
7.94021
8.00931
8.06392
8.10468
8.13237
8.14784
8.152
8.14575
8.12988
8.10567
8.07698
8.04445
8.00593
7.96225
7.91453
7.86363
7.81029
7.75517
7.69886
7.64189
7.58474
7.52783
7.47152
7.41615
7.36198
7.30925
7.25816
7.20889
7.16156
7.1163
7.0732
7.03233
6.99374
6.95747
6.92356
6.89201
6.86285
6.83606
6.81164
6.7896
6.76986
6.75204
0.0248189
0.0537943
0.081203
0.110204
0.14058
0.172529
0.206398
0.242532
0.281281
0.323001
0.368057
0.416815
0.469657
0.526959
0.589112
0.656499
0.729516
0.80855
0.893993
0.986224
1.08562
1.19255
1.30735
1.43035
1.56185
1.70209
1.8513
2.00964
2.1772
2.354
2.54
2.73503
2.93884
3.15107
3.37122
3.59867
3.83269
4.07239
4.31677
4.56468
4.81489
5.06606
5.31675
5.56548
5.81072
6.05094
6.28463
6.5103
6.72656
6.93211
7.12578
7.30654
7.47353
7.62608
7.76367
7.886
7.99294
8.08454
8.16102
8.22274
8.27019
8.304
8.32487
8.33361
8.33094
8.31765
8.29557
8.26875
8.23734
8.19919
8.15506
8.10613
8.05335
7.99754
7.9394
7.87961
7.81875
7.75737
7.69593
7.63486
7.57453
7.51526
7.45733
7.40098
7.34641
7.29381
7.24329
7.195
7.14901
7.1054
7.06422
7.02552
6.98932
6.95563
6.92446
6.89581
6.86966
6.846
6.82478
6.80571
0.0299729
0.0631774
0.0940281
0.126904
0.161357
0.197516
0.23573
0.276342
0.319708
0.366183
0.416138
0.469942
0.527982
0.590638
0.658304
0.731369
0.810228
0.895269
0.986881
1.08544
1.19131
1.30485
1.42638
1.55621
1.6946
1.84178
1.99792
2.16314
2.3375
2.52096
2.71342
2.91466
3.12438
3.34214
3.56741
3.79952
4.03767
4.28096
4.52834
4.77867
5.03069
5.28305
5.53434
5.78309
6.0278
6.26697
6.49913
6.72283
6.93673
7.13957
7.33023
7.50772
7.67121
7.82005
7.95376
8.07204
8.17478
8.26203
8.33398
8.391
8.43356
8.46228
8.47785
8.481
8.47232
8.45294
8.42784
8.39842
8.36179
8.31823
8.26899
8.21512
8.15752
8.09698
8.03425
7.97
7.90485
7.83932
7.7739
7.70902
7.64504
7.5823
7.52106
7.46158
7.40404
7.34863
7.29548
7.24471
7.1964
7.15062
7.10742
7.06685
7.0289
6.99361
6.96096
6.93093
6.90352
6.87869
6.85639
6.83649
7.35914
7.35891
7.35844
7.35798
7.35758
7.35721
7.35685
7.35652
7.3562
7.35591
7.35563
7.35537
7.35512
7.35489
7.35467
7.35446
7.35427
7.35408
7.35391
7.35374
7.35358
7.35343
7.35329
7.35315
7.35302
7.3529
7.35278
7.35266
7.35254
7.35243
7.35233
7.35222
7.35212
7.35202
7.35192
7.35182
7.35172
7.35163
7.35153
7.35144
7.35134
7.35125
7.35116
7.35106
7.35097
7.35087
7.35078
7.35068
7.35059
7.35049
7.35039
7.35029
7.3502
7.3501
7.35
7.3499
7.3498
7.3497
7.34959
7.34949
7.34939
7.34928
7.34918
7.34908
7.34897
7.34887
7.34876
7.34866
7.34855
7.34845
7.34834
7.34823
7.34813
7.34802
7.34792
7.34781
7.34771
7.3476
7.34749
7.34739
7.34728
7.34717
7.34707
7.34696
7.34685
7.34674
7.34664
7.34653
7.34641
7.3463
7.34619
7.34608
7.34596
7.34584
7.34572
7.3456
7.34549
7.34537
7.34518
7.34492
7.25988
7.2566
7.25489
7.25372
7.25253
7.25131
7.2501
7.24892
7.24776
7.24663
7.24552
7.24443
7.24337
7.24233
7.24131
7.24032
7.23935
7.23841
7.23749
7.2366
7.23573
7.23488
7.23406
7.23326
7.23249
7.23174
7.23101
7.2303
7.22962
7.22896
7.22833
7.22772
7.22713
7.22657
7.22603
7.22551
7.22502
7.22456
7.22411
7.2237
7.22331
7.22294
7.22261
7.22229
7.22201
7.22174
7.22151
7.2213
7.22112
7.22096
7.22083
7.22073
7.22065
7.22059
7.22056
7.22056
7.22058
7.22062
7.22069
7.22077
7.22088
7.22101
7.22116
7.22132
7.2215
7.2217
7.22191
7.22213
7.22236
7.22259
7.22284
7.22308
7.22333
7.22356
7.22378
7.224
7.2242
7.22439
7.22456
7.22472
7.22486
7.22499
7.22509
7.22517
7.22523
7.22526
7.22527
7.22525
7.2252
7.22512
7.225
7.22486
7.22467
7.22445
7.2242
7.22391
7.22359
7.22321
7.22274
7.22233
7.24737
7.24488
7.24376
7.24294
7.24204
7.24111
7.24019
7.23929
7.23839
7.23752
7.23666
7.23582
7.235
7.23421
7.23344
7.2327
7.23198
7.2313
7.23064
7.23002
7.22943
7.22887
7.22835
7.22786
7.22741
7.227
7.22663
7.2263
7.22601
7.22576
7.22555
7.22538
7.22526
7.22518
7.22514
7.22515
7.22519
7.22529
7.22542
7.2256
7.22582
7.22608
7.22638
7.22672
7.2271
7.22752
7.22798
7.22847
7.229
7.22956
7.23015
7.23078
7.23143
7.2321
7.2328
7.23352
7.23426
7.23501
7.23578
7.23656
7.23734
7.23813
7.23893
7.23972
7.2405
7.24128
7.24204
7.2428
7.24353
7.24424
7.24493
7.2456
7.24624
7.24686
7.24746
7.24802
7.24856
7.24905
7.24951
7.24993
7.25031
7.25065
7.25094
7.25119
7.2514
7.25155
7.25167
7.25173
7.25176
7.25173
7.25167
7.25156
7.25142
7.25124
7.25102
7.25077
7.25048
7.25015
7.24986
7.24975
7.2406
7.23871
7.2378
7.23707
7.23631
7.23555
7.23482
7.23413
7.23346
7.23283
7.23223
7.23167
7.23114
7.23065
7.23021
7.2298
7.22944
7.22912
7.22884
7.22861
7.22842
7.22828
7.22818
7.22813
7.22812
7.22816
7.22825
7.22838
7.22855
7.22877
7.22904
7.22934
7.22969
7.23008
7.2305
7.23097
7.23147
7.23201
7.23258
7.23318
7.23381
7.23447
7.23516
7.23587
7.23659
7.23734
7.2381
7.23888
7.23966
7.24045
7.24125
7.24205
7.24285
7.24364
7.24443
7.2452
7.24597
7.24671
7.24744
7.24815
7.24883
7.24948
7.25011
7.25071
7.25127
7.25179
7.25228
7.25272
7.25313
7.25349
7.25381
7.25408
7.2543
7.25448
7.2546
7.25468
7.25471
7.25469
7.25462
7.2545
7.25433
7.25411
7.25385
7.25354
7.25318
7.25279
7.25235
7.25187
7.25136
7.25082
7.25024
7.24964
7.24902
7.24838
7.24772
7.24707
7.24641
7.24575
7.24506
7.24446
7.23916
7.23798
7.23729
7.23672
7.23617
7.23566
7.23519
7.23476
7.23437
7.23403
7.23372
7.23345
7.23322
7.23302
7.23287
7.23275
7.23266
7.23261
7.2326
7.23262
7.23268
7.23276
7.23288
7.23303
7.2332
7.23341
7.23363
7.23389
7.23416
7.23446
7.23478
7.23511
7.23546
7.23583
7.2362
7.23658
7.23697
7.23737
7.23776
7.23816
7.23855
7.23894
7.23931
7.23968
7.24003
7.24037
7.24069
7.24099
7.24127
7.24152
7.24174
7.24193
7.2421
7.24222
7.24232
7.24237
7.24239
7.24237
7.24231
7.24221
7.24206
7.24188
7.24165
7.24137
7.24105
7.24069
7.24029
7.23984
7.23935
7.23882
7.23825
7.23765
7.237
7.23632
7.2356
7.23485
7.23406
7.23325
7.2324
7.23154
7.23064
7.22972
7.22878
7.22783
7.22685
7.22586
7.22485
7.22383
7.22281
7.22177
7.22072
7.21967
7.21862
7.21756
7.2165
7.21546
7.21443
7.21338
7.21218
7.21102
7.22784
7.22686
7.2261
7.22545
7.22484
7.22429
7.22378
7.22331
7.22288
7.22249
7.22213
7.2218
7.2215
7.22123
7.22099
7.22077
7.22058
7.22041
7.22027
7.22014
7.22003
7.21995
7.21987
7.21982
7.21977
7.21974
7.21972
7.2197
7.2197
7.21969
7.21969
7.2197
7.2197
7.2197
7.2197
7.21969
7.21968
7.21965
7.21962
7.21957
7.21951
7.21943
7.21934
7.21922
7.21909
7.21893
7.21875
7.21855
7.21832
7.21806
7.21778
7.21747
7.21713
7.21676
7.21636
7.21593
7.21547
7.21497
7.21445
7.21389
7.21331
7.21269
7.21204
7.21136
7.21065
7.2099
7.20913
7.20833
7.20751
7.20665
7.20577
7.20486
7.20393
7.20297
7.20199
7.20099
7.19996
7.19891
7.19784
7.19676
7.19565
7.19453
7.19338
7.19222
7.19105
7.18986
7.18866
7.18744
7.1862
7.18496
7.1837
7.18243
7.18115
7.17986
7.17857
7.17727
7.17599
7.17467
7.17316
7.17164
7.2123
7.21145
7.21065
7.20995
7.20931
7.20872
7.20817
7.20766
7.20718
7.20673
7.20631
7.20591
7.20554
7.20519
7.20485
7.20454
7.20423
7.20395
7.20367
7.20341
7.20315
7.20291
7.20267
7.20243
7.2022
7.20197
7.20174
7.20152
7.20128
7.20105
7.20081
7.20056
7.20031
7.20005
7.19977
7.19948
7.19918
7.19887
7.19854
7.19819
7.19782
7.19743
7.19703
7.1966
7.19614
7.19567
7.19517
7.19464
7.19409
7.19351
7.19291
7.19228
7.19162
7.19093
7.19022
7.18947
7.1887
7.1879
7.18707
7.18621
7.18533
7.18442
7.18348
7.18251
7.18151
7.18049
7.17945
7.17837
7.17728
7.17615
7.17501
7.17384
7.17265
7.17143
7.1702
7.16894
7.16766
7.16637
7.16505
7.16371
7.16236
7.16099
7.1596
7.15819
7.15677
7.15533
7.15387
7.1524
7.15092
7.14942
7.14791
7.14638
7.14484
7.14329
7.14173
7.14017
7.13863
7.13704
7.13523
7.13337
7.19199
7.19109
7.19014
7.1893
7.18854
7.18782
7.18714
7.18649
7.18588
7.18529
7.18472
7.18418
7.18365
7.18314
7.18265
7.18216
7.18169
7.18122
7.18076
7.18031
7.17985
7.17941
7.17896
7.17851
7.17806
7.1776
7.17715
7.17668
7.17621
7.17573
7.17524
7.17474
7.17423
7.17371
7.17317
7.17262
7.17205
7.17147
7.17086
7.17024
7.1696
7.16894
7.16825
7.16755
7.16682
7.16607
7.1653
7.1645
7.16368
7.16283
7.16196
7.16107
7.16015
7.1592
7.15823
7.15723
7.15621
7.15517
7.15409
7.153
7.15188
7.15073
7.14957
7.14837
7.14716
7.14592
7.14466
7.14337
7.14206
7.14074
7.13939
7.13802
7.13662
7.13521
7.13378
7.13233
7.13086
7.12937
7.12786
7.12633
7.12478
7.12322
7.12164
7.12004
7.11843
7.11679
7.11514
7.11348
7.11179
7.11009
7.10837
7.10664
7.10489
7.10313
7.10135
7.09957
7.09781
7.09601
7.09395
7.09177
7.16974
7.16879
7.16775
7.16681
7.16595
7.16514
7.16436
7.16362
7.1629
7.16221
7.16153
7.16088
7.16023
7.1596
7.15898
7.15837
7.15776
7.15715
7.15655
7.15595
7.15535
7.15474
7.15414
7.15353
7.15291
7.15229
7.15165
7.15101
7.15036
7.1497
7.14903
7.14834
7.14764
7.14692
7.14619
7.14544
7.14468
7.14389
7.14309
7.14227
7.14142
7.14056
7.13968
7.13877
7.13785
7.1369
7.13592
7.13493
7.13391
7.13287
7.1318
7.13072
7.1296
7.12847
7.12731
7.12613
7.12492
7.12369
7.12243
7.12116
7.11986
7.11853
7.11719
7.11582
7.11443
7.11302
7.11158
7.11012
7.10865
7.10715
7.10563
7.10409
7.10252
7.10094
7.09934
7.09772
7.09608
7.09442
7.09274
7.09104
7.08932
7.08758
7.08583
7.08405
7.08226
7.08045
7.07862
7.07677
7.0749
7.07302
7.07112
7.0692
7.06726
7.06531
7.06334
7.06137
7.05941
7.05743
7.05517
7.05274
7.14572
7.14469
7.14354
7.14251
7.14155
7.14063
7.13975
7.1389
7.13807
7.13726
7.13647
7.1357
7.13493
7.13418
7.13343
7.13268
7.13194
7.1312
7.13046
7.12972
7.12897
7.12822
7.12746
7.1267
7.12592
7.12514
7.12435
7.12355
7.12273
7.12191
7.12107
7.12021
7.11934
7.11845
7.11755
7.11663
7.11569
7.11473
7.11375
7.11275
7.11174
7.1107
7.10964
7.10856
7.10746
7.10634
7.10519
7.10402
7.10283
7.10162
7.10039
7.09913
7.09785
7.09654
7.09522
7.09387
7.0925
7.0911
7.08968
7.08825
7.08678
7.0853
7.0838
7.08227
7.08072
7.07915
7.07756
7.07595
7.07431
7.07266
7.07098
7.06929
7.06757
7.06584
7.06408
7.06231
7.06051
7.0587
7.05687
7.05501
7.05314
7.05125
7.04934
7.04741
7.04546
7.0435
7.04151
7.0395
7.03748
7.03544
7.03337
7.03129
7.02919
7.02707
7.02494
7.02279
7.02067
7.01852
7.01608
7.01342
7.12106
7.11997
7.11876
7.11764
7.11661
7.11561
7.11465
7.11371
7.11279
7.11189
7.11101
7.11013
7.10927
7.10841
7.10756
7.1067
7.10585
7.10499
7.10413
7.10327
7.1024
7.10153
7.10064
7.09975
7.09885
7.09793
7.09701
7.09607
7.09512
7.09415
7.09317
7.09217
7.09116
7.09013
7.08908
7.08802
7.08693
7.08583
7.08471
7.08357
7.0824
7.08122
7.08002
7.07879
7.07755
7.07628
7.07499
7.07368
7.07235
7.071
7.06962
7.06823
7.06681
7.06537
7.06391
7.06242
7.06091
7.05939
7.05784
7.05627
7.05467
7.05306
7.05143
7.04977
7.04809
7.0464
7.04468
7.04294
7.04118
7.0394
7.0376
7.03578
7.03394
7.03208
7.0302
7.0283
7.02638
7.02444
7.02248
7.0205
7.0185
7.01648
7.01443
7.01237
7.01029
7.00819
7.00607
7.00393
7.00177
6.99958
6.99738
6.99516
6.99291
6.99065
6.98837
6.98607
6.9838
6.98151
6.97893
6.97607
7.09611
7.09497
7.0937
7.09252
7.09142
7.09036
7.08932
7.08831
7.08732
7.08634
7.08537
7.08442
7.08347
7.08252
7.08158
7.08063
7.07968
7.07873
7.07778
7.07681
7.07584
7.07487
7.07388
7.07288
7.07187
7.07085
7.06981
7.06876
7.0677
7.06662
7.06552
7.06441
7.06329
7.06214
7.06098
7.05979
7.05859
7.05737
7.05613
7.05487
7.05359
7.05229
7.05097
7.04963
7.04827
7.04688
7.04547
7.04405
7.0426
7.04112
7.03963
7.03812
7.03658
7.03502
7.03344
7.03183
7.03021
7.02856
7.02689
7.0252
7.02349
7.02175
7.01999
7.01822
7.01641
7.01459
7.01275
7.01089
7.009
7.00709
7.00516
7.00321
7.00124
6.99925
6.99724
6.9952
6.99315
6.99107
6.98898
6.98686
6.98472
6.98256
6.98038
6.97818
6.97596
6.97372
6.97146
6.96918
6.96688
6.96456
6.96221
6.95985
6.95747
6.95507
6.95264
6.95021
6.9478
6.94538
6.94267
6.93963
7.07119
7.07
7.06866
7.06743
7.06626
7.06513
7.06402
7.06294
7.06187
7.06081
7.05976
7.05872
7.05769
7.05665
7.05561
7.05458
7.05353
7.05248
7.05143
7.05036
7.04929
7.04821
7.04711
7.04601
7.04489
7.04375
7.04261
7.04144
7.04026
7.03907
7.03786
7.03663
7.03538
7.03412
7.03284
7.03154
7.03021
7.02887
7.02751
7.02613
7.02473
7.02331
7.02187
7.0204
7.01892
7.01741
7.01588
7.01433
7.01276
7.01117
7.00955
7.00792
7.00626
7.00458
7.00288
7.00116
6.99942
6.99765
6.99587
6.99406
6.99223
6.99038
6.98852
6.98663
6.98472
6.98279
6.98083
6.97886
6.97687
6.97486
6.97283
6.97079
6.96872
6.96663
6.96452
6.9624
6.96025
6.95809
6.95591
6.95371
6.95149
6.94925
6.94699
6.94472
6.94242
6.94011
6.93777
6.93542
6.93305
6.93065
6.92824
6.9258
6.92334
6.92086
6.91836
6.91584
6.91335
6.91084
6.90804
6.90483
7.04666
7.04543
7.04406
7.04277
7.04156
7.04038
7.03922
7.03808
7.03696
7.03585
7.03474
7.03365
7.03255
7.03145
7.03035
7.02925
7.02814
7.02703
7.0259
7.02477
7.02363
7.02247
7.02131
7.02013
7.01894
7.01773
7.01651
7.01527
7.01402
7.01275
7.01146
7.01016
7.00884
7.00749
7.00613
7.00476
7.00336
7.00194
7.0005
6.99905
6.99757
6.99607
6.99455
6.99301
6.99145
6.98987
6.98827
6.98664
6.985
6.98333
6.98165
6.97994
6.97821
6.97646
6.97469
6.97289
6.97108
6.96925
6.96739
6.96551
6.96362
6.9617
6.95976
6.9578
6.95582
6.95382
6.9518
6.94976
6.94769
6.94561
6.9435
6.94138
6.93923
6.93706
6.93487
6.93266
6.93043
6.92817
6.9259
6.9236
6.92127
6.91892
6.91655
6.91415
6.91173
6.90928
6.9068
6.9043
6.90177
6.89921
6.89662
6.894
6.89136
6.88868
6.88597
6.88323
6.88052
6.87778
6.87475
6.87127
7.0224
7.02114
7.01971
7.01837
7.01709
7.01585
7.01462
7.01341
7.01221
7.01103
7.00984
7.00866
7.00748
7.0063
7.00511
7.00392
7.00272
7.00151
7.0003
6.99907
6.99783
6.99658
6.99532
6.99404
6.99274
6.99144
6.99011
6.98877
6.98742
6.98604
6.98465
6.98324
6.98181
6.98036
6.9789
6.97741
6.97591
6.97438
6.97283
6.97127
6.96968
6.96807
6.96644
6.9648
6.96312
6.96143
6.95972
6.95799
6.95623
6.95445
6.95265
6.95083
6.94899
6.94713
6.94524
6.94333
6.94141
6.93946
6.93748
6.93549
6.93348
6.93144
6.92938
6.9273
6.9252
6.92307
6.92093
6.91876
6.91657
6.91435
6.91212
6.90986
6.90758
6.90528
6.90295
6.9006
6.89823
6.89583
6.89341
6.89097
6.8885
6.88601
6.88349
6.88095
6.87838
6.87579
6.87318
6.87054
6.86787
6.86518
6.86247
6.85973
6.85696
6.85418
6.85136
6.84854
6.84574
6.84293
6.83982
6.83623
6.99433
6.99297
6.99144
6.98999
6.98862
6.98727
6.98593
6.98462
6.98331
6.98201
6.98071
6.97942
6.97812
6.97682
6.97552
6.97421
6.97289
6.97156
6.97022
6.96887
6.96751
6.96613
6.96474
6.96334
6.96192
6.96048
6.95903
6.95756
6.95608
6.95457
6.95305
6.95152
6.94996
6.94838
6.94679
6.94517
6.94354
6.94188
6.94021
6.93851
6.9368
6.93507
6.93331
6.93153
6.92974
6.92792
6.92608
6.92422
6.92234
6.92044
6.91852
6.91658
6.91462
6.91263
6.91063
6.9086
6.90656
6.90449
6.9024
6.9003
6.89817
6.89602
6.89385
6.89167
6.88946
6.88723
6.88498
6.88271
6.88042
6.87812
6.87579
6.87345
6.87108
6.8687
6.86629
6.86387
6.86143
6.85897
6.8565
6.854
6.85149
6.84896
6.84641
6.84385
6.84127
6.83867
6.83606
6.83343
6.83079
6.82813
6.82545
6.82276
6.82006
6.81734
6.8146
6.81187
6.80917
6.80645
6.80343
6.8001
6.96425
6.96289
6.96131
6.95982
6.95839
6.95699
6.95561
6.95424
6.95288
6.95152
6.95017
6.94882
6.94746
6.9461
6.94474
6.94337
6.94198
6.94059
6.93919
6.93778
6.93635
6.93491
6.93345
6.93198
6.9305
6.92899
6.92748
6.92594
6.92439
6.92282
6.92123
6.91962
6.918
6.91635
6.91469
6.91301
6.91131
6.90958
6.90784
6.90608
6.9043
6.9025
6.90067
6.89883
6.89697
6.89508
6.89318
6.89125
6.88931
6.88734
6.88535
6.88335
6.88132
6.87927
6.8772
6.87512
6.87301
6.87088
6.86873
6.86656
6.86437
6.86217
6.85994
6.85769
6.85543
6.85314
6.85084
6.84851
6.84617
6.84381
6.84144
6.83904
6.83663
6.83419
6.83174
6.82928
6.82679
6.82429
6.82177
6.81924
6.81668
6.81411
6.81153
6.80892
6.8063
6.80367
6.80101
6.79834
6.79565
6.79295
6.79023
6.78749
6.78473
6.78195
6.77916
6.77635
6.77358
6.77079
6.76771
6.7643
6.93467
6.93323
6.93154
6.92994
6.92841
6.92691
6.92542
6.92395
6.92248
6.92102
6.91956
6.91811
6.91665
6.91519
6.91372
6.91224
6.91076
6.90926
6.90776
6.90624
6.90471
6.90317
6.90161
6.90004
6.89846
6.89686
6.89524
6.89361
6.89196
6.89029
6.88861
6.88691
6.88518
6.88345
6.88169
6.87992
6.87812
6.87631
6.87448
6.87263
6.87076
6.86888
6.86697
6.86504
6.8631
6.86113
6.85915
6.85715
6.85512
6.85308
6.85103
6.84895
6.84685
6.84474
6.8426
6.84045
6.83828
6.83609
6.83388
6.83166
6.82942
6.82716
6.82488
6.82259
6.82028
6.81795
6.81561
6.81325
6.81087
6.80848
6.80607
6.80365
6.80121
6.79875
6.79628
6.7938
6.7913
6.78878
6.78625
6.7837
6.78114
6.77856
6.77597
6.77336
6.77073
6.76809
6.76543
6.76276
6.76006
6.75735
6.75462
6.75187
6.74911
6.74632
6.74351
6.74069
6.73789
6.73508
6.73198
6.72852
6.90637
6.90491
6.90314
6.90146
6.89986
6.89828
6.89672
6.89517
6.89363
6.8921
6.89057
6.88904
6.88751
6.88597
6.88443
6.88289
6.88133
6.87977
6.8782
6.87662
6.87502
6.87341
6.87179
6.87016
6.86851
6.86684
6.86516
6.86347
6.86176
6.86003
6.85829
6.85653
6.85476
6.85296
6.85115
6.84933
6.84748
6.84562
6.84374
6.84184
6.83992
6.83799
6.83604
6.83407
6.83208
6.83007
6.82805
6.82601
6.82395
6.82187
6.81977
6.81766
6.81553
6.81338
6.81122
6.80904
6.80684
6.80463
6.80239
6.80015
6.79788
6.7956
6.7933
6.79099
6.78866
6.78632
6.78396
6.78159
6.7792
6.77679
6.77437
6.77194
6.76948
6.76702
6.76454
6.76205
6.75954
6.75701
6.75447
6.75192
6.74935
6.74676
6.74416
6.74154
6.73891
6.73626
6.73359
6.73091
6.7282
6.72548
6.72275
6.71999
6.71722
6.71442
6.71161
6.70878
6.70597
6.70316
6.70008
6.69666
6.87882
6.87728
6.87541
6.87363
6.87192
6.87025
6.86858
6.86694
6.8653
6.86368
6.86205
6.86043
6.85881
6.85719
6.85556
6.85393
6.85229
6.85065
6.84899
6.84733
6.84566
6.84397
6.84228
6.84057
6.83885
6.83711
6.83536
6.8336
6.83183
6.83004
6.82823
6.82641
6.82458
6.82273
6.82086
6.81898
6.81708
6.81517
6.81324
6.8113
6.80933
6.80736
6.80536
6.80335
6.80133
6.79929
6.79723
6.79516
6.79307
6.79096
6.78884
6.7867
6.78455
6.78238
6.7802
6.77801
6.77579
6.77357
6.77132
6.76907
6.7668
6.76451
6.76221
6.7599
6.75758
6.75524
6.75288
6.75051
6.74813
6.74574
6.74333
6.74091
6.73848
6.73603
6.73357
6.7311
6.72861
6.72611
6.7236
6.72107
6.71853
6.71597
6.7134
6.71082
6.70822
6.70561
6.70298
6.70033
6.69767
6.69499
6.6923
6.68959
6.68686
6.68411
6.68134
6.67856
6.6758
6.67303
6.67002
6.66667
6.85225
6.85065
6.84868
6.84681
6.84501
6.84324
6.84149
6.83976
6.83804
6.83634
6.83463
6.83294
6.83124
6.82954
6.82785
6.82615
6.82444
6.82273
6.82101
6.81929
6.81756
6.81581
6.81406
6.8123
6.81053
6.80875
6.80695
6.80515
6.80333
6.8015
6.79965
6.7978
6.79593
6.79404
6.79215
6.79023
6.78831
6.78637
6.78442
6.78245
6.78047
6.77848
6.77647
6.77444
6.77241
6.77036
6.76829
6.76621
6.76412
6.76201
6.75989
6.75775
6.7556
6.75344
6.75127
6.74908
6.74688
6.74466
6.74244
6.7402
6.73794
6.73568
6.7334
6.73111
6.72881
6.7265
6.72417
6.72183
6.71948
6.71712
6.71475
6.71236
6.70997
6.70756
6.70514
6.70271
6.70026
6.69781
6.69534
6.69286
6.69037
6.68786
6.68534
6.68281
6.68027
6.67771
6.67514
6.67255
6.66995
6.66733
6.6647
6.66206
6.65939
6.65671
6.65402
6.65131
6.64862
6.64593
6.64302
6.63979
6.82644
6.82477
6.82268
6.8207
6.81881
6.81694
6.8151
6.81327
6.81146
6.80967
6.80788
6.8061
6.80432
6.80254
6.80077
6.799
6.79722
6.79544
6.79366
6.79187
6.79008
6.78828
6.78648
6.78466
6.78284
6.78101
6.77917
6.77732
6.77547
6.7736
6.77172
6.76983
6.76793
6.76602
6.7641
6.76217
6.76023
6.75827
6.75631
6.75433
6.75234
6.75034
6.74833
6.7463
6.74427
6.74222
6.74016
6.73809
6.73601
6.73392
6.73181
6.7297
6.72757
6.72543
6.72329
6.72113
6.71896
6.71678
6.71459
6.71239
6.71018
6.70795
6.70572
6.70348
6.70123
6.69897
6.6967
6.69442
6.69213
6.68983
6.68752
6.6852
6.68287
6.68053
6.67818
6.67582
6.67346
6.67108
6.66869
6.6663
6.66389
6.66147
6.65904
6.65661
6.65416
6.6517
6.64922
6.64674
6.64424
6.64173
6.63921
6.63667
6.63412
6.63156
6.62898
6.62639
6.62382
6.62124
6.61847
6.61543
6.8014
6.79965
6.79746
6.79537
6.79337
6.79141
6.78947
6.78756
6.78566
6.78378
6.78191
6.78006
6.77821
6.77637
6.77453
6.77269
6.77086
6.76903
6.76719
6.76536
6.76352
6.76168
6.75984
6.75799
6.75614
6.75428
6.75242
6.75055
6.74867
6.74679
6.7449
6.743
6.74109
6.73918
6.73726
6.73533
6.73339
6.73144
6.72949
6.72752
6.72555
6.72357
6.72158
6.71958
6.71757
6.71555
6.71352
6.71149
6.70944
6.70739
6.70532
6.70325
6.70117
6.69908
6.69699
6.69488
6.69277
6.69064
6.68851
6.68638
6.68423
6.68207
6.67991
6.67774
6.67556
6.67338
6.67119
6.66899
6.66678
6.66456
6.66234
6.66011
6.65788
6.65563
6.65338
6.65113
6.64886
6.64659
6.64431
6.64202
6.63973
6.63742
6.63511
6.63279
6.63047
6.62813
6.62579
6.62343
6.62107
6.6187
6.61631
6.61392
6.61151
6.60909
6.60666
6.60422
6.6018
6.59937
6.59679
6.59397
6.77708
6.77526
6.77296
6.77077
6.76867
6.76662
6.76459
6.76259
6.7606
6.75864
6.7567
6.75476
6.75284
6.75093
6.74903
6.74713
6.74524
6.74336
6.74147
6.73959
6.73771
6.73583
6.73395
6.73207
6.73019
6.72831
6.72642
6.72454
6.72264
6.72075
6.71885
6.71695
6.71505
6.71314
6.71122
6.7093
6.70738
6.70545
6.70351
6.70157
6.69963
6.69767
6.69572
6.69376
6.69179
6.68981
6.68784
6.68585
6.68386
6.68186
6.67986
6.67786
6.67584
6.67383
6.6718
6.66978
6.66774
6.6657
6.66366
6.66161
6.65956
6.6575
6.65544
6.65337
6.65129
6.64922
6.64714
6.64505
6.64296
6.64086
6.63876
6.63666
6.63455
6.63244
6.63032
6.6282
6.62607
6.62394
6.62181
6.61967
6.61752
6.61537
6.61322
6.61106
6.60889
6.60672
6.60454
6.60236
6.60017
6.59797
6.59577
6.59355
6.59133
6.5891
6.58686
6.58462
6.58239
6.58015
6.57778
6.57524
6.75333
6.7514
6.74898
6.74668
6.74447
6.74231
6.74019
6.73809
6.73602
6.73398
6.73196
6.72996
6.72798
6.72601
6.72405
6.72211
6.72018
6.71826
6.71635
6.71444
6.71254
6.71065
6.70876
6.70687
6.70499
6.70311
6.70123
6.69936
6.69748
6.69561
6.69374
6.69186
6.68999
6.68812
6.68624
6.68437
6.68249
6.68061
6.67873
6.67685
6.67496
6.67308
6.67119
6.6693
6.6674
6.66551
6.66361
6.66171
6.6598
6.65789
6.65598
6.65407
6.65215
6.65024
6.64831
6.64639
6.64446
6.64254
6.6406
6.63867
6.63673
6.63479
6.63285
6.63091
6.62896
6.62701
6.62506
6.62311
6.62116
6.6192
6.61724
6.61528
6.61332
6.61136
6.60939
6.60743
6.60546
6.60349
6.60152
6.59955
6.59758
6.5956
6.59363
6.59165
6.58967
6.58769
6.58571
6.58372
6.58173
6.57974
6.57775
6.57575
6.57374
6.57173
6.56972
6.5677
6.5657
6.56369
6.56157
6.55935
6.73036
6.72838
6.72587
6.72348
6.72119
6.71896
6.71675
6.71458
6.71244
6.71033
6.70824
6.70618
6.70414
6.70211
6.70011
6.69812
6.69614
6.69418
6.69223
6.69029
6.68836
6.68644
6.68453
6.68263
6.68074
6.67886
6.67698
6.6751
6.67324
6.67137
6.66952
6.66766
6.66581
6.66397
6.66213
6.66029
6.65846
6.65663
6.6548
6.65297
6.65114
6.64932
6.6475
6.64568
6.64387
6.64205
6.64024
6.63843
6.63662
6.63481
6.633
6.63119
6.62939
6.62759
6.62578
6.62398
6.62219
6.62039
6.61859
6.6168
6.61501
6.61322
6.61143
6.60964
6.60785
6.60607
6.60429
6.60251
6.60073
6.59896
6.59719
6.59542
6.59365
6.59188
6.59012
6.58836
6.5866
6.58484
6.58309
6.58134
6.57959
6.57784
6.5761
6.57435
6.57261
6.57087
6.56912
6.56738
6.56564
6.5639
6.56215
6.5604
6.55865
6.5569
6.55514
6.55339
6.55164
6.54989
6.54806
6.5462
6.70753
6.70537
6.7027
6.70016
6.69774
6.69539
6.69308
6.69081
6.68859
6.6864
6.68425
6.68214
6.68005
6.67799
6.67596
6.67396
6.67197
6.67001
6.66807
6.66615
6.66424
6.66235
6.66048
6.65862
6.65678
6.65495
6.65313
6.65132
6.64953
6.64774
6.64597
6.64421
6.64245
6.6407
6.63896
6.63723
6.63551
6.63379
6.63208
6.63037
6.62868
6.62698
6.6253
6.62362
6.62194
6.62027
6.6186
6.61694
6.61528
6.61362
6.61197
6.61033
6.60869
6.60705
6.60541
6.60378
6.60215
6.60053
6.59891
6.59729
6.59567
6.59406
6.59246
6.59085
6.58925
6.58766
6.58606
6.58448
6.58289
6.58131
6.57973
6.57816
6.57659
6.57502
6.57346
6.5719
6.57035
6.5688
6.56726
6.56572
6.56418
6.56265
6.56112
6.5596
6.55808
6.55657
6.55506
6.55355
6.55205
6.55056
6.54906
6.54758
6.54609
6.54461
6.54314
6.54167
6.54022
6.53876
6.53727
6.53581
6.68609
6.68402
6.68133
6.67877
6.67633
6.67393
6.67158
6.66927
6.667
6.66476
6.66256
6.66039
6.65826
6.65615
6.65407
6.65202
6.64999
6.64799
6.64602
6.64406
6.64213
6.64021
6.63832
6.63645
6.63459
6.63276
6.63094
6.62913
6.62734
6.62557
6.62382
6.62208
6.62035
6.61863
6.61693
6.61524
6.61357
6.61191
6.61025
6.60862
6.60699
6.60537
6.60376
6.60217
6.60058
6.59901
6.59744
6.59589
6.59434
6.59281
6.59128
6.58977
6.58826
6.58676
6.58527
6.58379
6.58232
6.58086
6.57941
6.57797
6.57653
6.57511
6.57369
6.57229
6.57089
6.5695
6.56812
6.56675
6.56539
6.56405
6.5627
6.56137
6.56005
6.55874
6.55744
6.55615
6.55487
6.5536
6.55235
6.5511
6.54986
6.54864
6.54742
6.54622
6.54503
6.54385
6.54268
6.54152
6.54038
6.53924
6.53811
6.537
6.53589
6.53479
6.53369
6.5326
6.53152
6.53042
6.52928
6.52826
6.6627
6.66023
6.65731
6.65456
6.65196
6.64943
6.64697
6.64458
6.64225
6.63998
6.63776
6.63559
6.63346
6.63139
6.62935
6.62736
6.62541
6.62349
6.6216
6.61976
6.61794
6.61615
6.61439
6.61266
6.61096
6.60928
6.60763
6.60601
6.6044
6.60282
6.60126
6.59972
6.5982
6.59671
6.59523
6.59376
6.59232
6.59089
6.58948
6.58808
6.5867
6.58533
6.58398
6.58264
6.58131
6.58
6.5787
6.57741
6.57613
6.57486
6.5736
6.57236
6.57112
6.5699
6.56868
6.56747
6.56627
6.56508
6.5639
6.56273
6.56156
6.56041
6.55926
6.55812
6.55699
6.55587
6.55475
6.55365
6.55255
6.55146
6.55038
6.54931
6.54825
6.5472
6.54616
6.54513
6.54411
6.5431
6.5421
6.54111
6.54014
6.53917
6.53822
6.53727
6.53634
6.53542
6.5345
6.5336
6.5327
6.53181
6.53092
6.53004
6.52916
6.52827
6.52738
6.52648
6.52557
6.52461
6.52361
6.52293
6.64555
6.64329
6.64042
6.63769
6.63508
6.63254
6.63005
6.62761
6.62523
6.62289
6.62059
6.61834
6.61614
6.61397
6.61184
6.60976
6.60771
6.60569
6.60372
6.60177
6.59986
6.59798
6.59614
6.59432
6.59254
6.59078
6.58906
6.58736
6.58569
6.58405
6.58243
6.58084
6.57927
6.57773
6.57621
6.57472
6.57325
6.5718
6.57037
6.56897
6.56759
6.56623
6.56489
6.56357
6.56227
6.56099
6.55972
6.55848
6.55726
6.55606
6.55487
6.5537
6.55255
6.55142
6.55031
6.54922
6.54814
6.54708
6.54604
6.54502
6.54401
6.54302
6.54205
6.5411
6.54017
6.53926
6.53836
6.53748
6.53662
6.53578
6.53496
6.53416
6.53338
6.53262
6.53187
6.53115
6.53044
6.52976
6.52909
6.52844
6.52781
6.52719
6.52659
6.52601
6.52544
6.52488
6.52434
6.5238
6.52327
6.52275
6.52223
6.52172
6.5212
6.52067
6.52014
6.51961
6.51904
6.51839
6.51779
6.51787
6.60689
6.60516
6.60215
6.59914
6.59627
6.5935
6.59078
6.58812
6.58551
6.58295
6.58045
6.578
6.57559
6.57324
6.57093
6.56867
6.56645
6.56427
6.56214
6.56005
6.558
6.55599
6.55402
6.55209
6.5502
6.54835
6.54653
6.54476
6.54302
6.54132
6.53965
6.53802
6.53642
6.53487
6.53334
6.53186
6.53041
6.52899
6.52761
6.52626
6.52495
6.52368
6.52244
6.52123
6.52006
6.51893
6.51783
6.51676
6.51573
6.51474
6.51378
6.51286
6.51197
6.51112
6.51031
6.50953
6.50879
6.50809
6.50742
6.50679
6.5062
6.50564
6.50513
6.50465
6.50421
6.50381
6.50345
6.50312
6.50284
6.5026
6.50239
6.50223
6.5021
6.50202
6.50198
6.50198
6.50202
6.5021
6.50222
6.50239
6.50259
6.50284
6.50313
6.50347
6.50384
6.50426
6.50472
6.50523
6.50577
6.50636
6.50699
6.50767
6.50838
6.50914
6.50994
6.51078
6.51161
6.51249
6.51369
6.51533
6.53664
6.53454
6.53122
6.52792
6.52482
6.52185
6.51898
6.51621
6.51353
6.51096
6.50848
6.5061
6.50382
6.50162
6.49952
6.4975
6.49558
6.49374
6.49198
6.49032
6.48873
6.48722
6.4858
6.48446
6.48319
6.482
6.48089
6.47986
6.4789
6.47801
6.47719
6.47645
6.47578
6.47517
6.47464
6.47417
6.47377
6.47344
6.47317
6.47296
6.47282
6.47274
6.47273
6.47277
6.47288
6.47304
6.47326
6.47355
6.47388
6.47428
6.47473
6.47524
6.4758
6.47641
6.47708
6.47781
6.47858
6.47941
6.48029
6.48122
6.4822
6.48323
6.48431
6.48544
6.48662
6.48785
6.48913
6.49046
6.49184
6.49327
6.49474
6.49627
6.49784
6.49947
6.50114
6.50286
6.50464
6.50646
6.50834
6.51026
6.51224
6.51428
6.51636
6.5185
6.5207
6.52295
6.52525
6.52761
6.53003
6.53251
6.53504
6.53763
6.54027
6.54297
6.54573
6.54851
6.55128
6.55413
6.55757
6.56148
6.47822
6.47606
6.47266
6.4693
6.46616
6.46318
6.46032
6.4576
6.455
6.45253
6.45019
6.44798
6.44589
6.44393
6.44209
6.44038
6.43878
6.43731
6.43595
6.43471
6.43358
6.43257
6.43167
6.43089
6.43021
6.42964
6.42918
6.42883
6.42858
6.42844
6.4284
6.42846
6.42862
6.42888
6.42923
6.42968
6.43022
6.43086
6.43159
6.43241
6.43332
6.43431
6.4354
6.43656
6.43781
6.43915
6.44057
6.44206
6.44364
6.44529
6.44703
6.44883
6.45072
6.45267
6.4547
6.45681
6.45898
6.46123
6.46354
6.46593
6.46838
6.4709
6.47349
6.47615
6.47887
6.48166
6.48451
6.48743
6.49042
6.49347
6.49659
6.49977
6.50302
6.50634
6.50972
6.51318
6.5167
6.52029
6.52395
6.52768
6.53149
6.53537
6.53932
6.54335
6.54746
6.55164
6.55591
6.56025
6.56468
6.5692
6.57379
6.57847
6.58323
6.58808
6.593
6.59796
6.6029
6.60798
6.61388
6.62013
6.41885
6.41657
6.41319
6.40987
6.40681
6.40394
6.40124
6.39872
6.39637
6.39419
6.39219
6.39036
6.3887
6.38721
6.38589
6.38474
6.38375
6.38294
6.38228
6.38179
6.38146
6.38129
6.38128
6.38142
6.38171
6.38216
6.38275
6.3835
6.38439
6.38542
6.38659
6.3879
6.38934
6.39093
6.39264
6.39448
6.39645
6.39854
6.40076
6.40309
6.40555
6.40812
6.4108
6.4136
6.4165
6.41951
6.42262
6.42584
6.42916
6.43257
6.43608
6.43969
6.44339
6.44718
6.45105
6.45502
6.45906
6.4632
6.46741
6.4717
6.47608
6.48053
6.48506
6.48966
6.49434
6.49909
6.50392
6.50882
6.51379
6.51883
6.52395
6.52913
6.53439
6.53973
6.54513
6.55062
6.55617
6.56181
6.56752
6.57332
6.5792
6.58516
6.59121
6.59735
6.60359
6.60992
6.61635
6.62288
6.62952
6.63627
6.64312
6.65009
6.65718
6.66438
6.67169
6.67906
6.68641
6.69402
6.70269
6.71151
6.3675
6.36529
6.36215
6.35911
6.35635
6.35382
6.3515
6.34939
6.34749
6.34581
6.34434
6.34309
6.34205
6.34123
6.34062
6.34023
6.34004
6.34006
6.34029
6.34073
6.34137
6.34221
6.34325
6.34449
6.34592
6.34754
6.34935
6.35134
6.35352
6.35587
6.3584
6.36111
6.36398
6.36702
6.37022
6.37358
6.37709
6.38076
6.38457
6.38853
6.39264
6.39688
6.40125
6.40576
6.4104
6.41516
6.42004
6.42504
6.43016
6.43538
6.44072
6.44617
6.45171
6.45736
6.46311
6.46895
6.47488
6.48091
6.48702
6.49322
6.49951
6.50587
6.51232
6.51884
6.52545
6.53212
6.53888
6.54571
6.55261
6.55959
6.56664
6.57377
6.58097
6.58825
6.5956
6.60303
6.61054
6.61814
6.62582
6.63358
6.64144
6.6494
6.65745
6.6656
6.67387
6.68225
6.69075
6.69937
6.70812
6.71701
6.72604
6.73521
6.74453
6.754
6.76361
6.7733
6.78298
6.79303
6.8043
6.81532
6.3218
6.31996
6.31716
6.31448
6.31212
6.31004
6.30822
6.30665
6.30534
6.3043
6.30352
6.303
6.30275
6.30277
6.30304
6.30358
6.30438
6.30544
6.30675
6.30832
6.31014
6.3122
6.31451
6.31707
6.31986
6.32288
6.32614
6.32962
6.33332
6.33723
6.34136
6.3457
6.35023
6.35497
6.3599
6.36501
6.37031
6.37578
6.38143
6.38724
6.39322
6.39935
6.40564
6.41207
6.41865
6.42536
6.43221
6.43919
6.44629
6.45352
6.46086
6.46831
6.47587
6.48353
6.49129
6.49915
6.50711
6.51515
6.52328
6.53149
6.53978
6.54815
6.55659
6.56511
6.5737
6.58236
6.59108
6.59988
6.60873
6.61766
6.62664
6.6357
6.64482
6.654
6.66326
6.67258
6.68198
6.69145
6.70101
6.71064
6.72036
6.73018
6.7401
6.75012
6.76025
6.77051
6.78089
6.79142
6.80208
6.81291
6.82389
6.83505
6.84638
6.85789
6.86957
6.88135
6.89316
6.90544
6.91906
6.93191
6.28581
6.28471
6.28285
6.28085
6.27901
6.27749
6.27628
6.27538
6.27478
6.2745
6.27452
6.27487
6.27552
6.2765
6.27778
6.27938
6.28129
6.28351
6.28603
6.28886
6.29198
6.2954
6.29911
6.30311
6.30738
6.31193
6.31674
6.32182
6.32716
6.33274
6.33857
6.34464
6.35093
6.35745
6.36419
6.37114
6.37829
6.38564
6.39317
6.40089
6.40879
6.41685
6.42508
6.43346
6.44199
6.45067
6.45948
6.46843
6.47749
6.48668
6.49599
6.5054
6.51491
6.52452
6.53423
6.54402
6.5539
6.56385
6.57387
6.58397
6.59413
6.60435
6.61463
6.62497
6.63536
6.64581
6.6563
6.66684
6.67743
6.68807
6.69875
6.70948
6.72025
6.73107
6.74194
6.75285
6.76382
6.77485
6.78594
6.7971
6.80834
6.81966
6.83107
6.84258
6.8542
6.86593
6.8778
6.88981
6.90198
6.91431
6.92682
6.93952
6.95242
6.96553
6.97884
6.99227
7.00576
7.01982
7.03522
7.0492
6.26105
6.26029
6.25905
6.25794
6.257
6.25617
6.2556
6.25539
6.25556
6.25609
6.25699
6.25826
6.25989
6.26189
6.26426
6.26699
6.27009
6.27355
6.27736
6.28153
6.28604
6.2909
6.29609
6.30162
6.30746
6.31363
6.3201
6.32686
6.33392
6.34126
6.34887
6.35674
6.36487
6.37324
6.38184
6.39068
6.39973
6.40899
6.41844
6.42809
6.43792
6.44793
6.45809
6.46842
6.47889
6.48949
6.50023
6.5111
6.52208
6.53316
6.54435
6.55563
6.567
6.57845
6.58997
6.60156
6.6132
6.62489
6.63664
6.64844
6.66027
6.67214
6.68405
6.69598
6.70794
6.71992
6.73193
6.74395
6.75598
6.76803
6.7801
6.79218
6.80428
6.81639
6.82853
6.84068
6.85286
6.86508
6.87732
6.88961
6.90195
6.91435
6.92682
6.93936
6.952
6.96474
6.9776
6.99059
7.00373
7.01704
7.03053
7.04422
7.05813
7.07225
7.0866
7.10108
7.11565
7.13087
7.14736
7.16172
6.25134
6.25086
6.25001
6.24934
6.24901
6.24893
6.24904
6.24947
6.25032
6.25161
6.25331
6.25545
6.25802
6.26101
6.26444
6.26829
6.27256
6.27725
6.28235
6.28786
6.29376
6.30006
6.30674
6.31379
6.32121
6.32898
6.33709
6.34552
6.35428
6.36335
6.37271
6.38236
6.39228
6.40246
6.41289
6.42356
6.43445
6.44555
6.45686
6.46835
6.48002
6.49186
6.50385
6.51599
6.52826
6.54066
6.55317
6.56578
6.57848
6.59127
6.60414
6.61707
6.63006
6.64309
6.65618
6.66929
6.68244
6.69561
6.7088
6.722
6.7352
6.7484
6.76159
6.77478
6.78795
6.8011
6.81424
6.82734
6.84043
6.85349
6.86652
6.87952
6.8925
6.90545
6.91838
6.93129
6.94418
6.95707
6.96995
6.98283
6.99573
7.00865
7.02161
7.03461
7.04767
7.06081
7.07405
7.0874
7.10088
7.11452
7.12833
7.14233
7.15654
7.17099
7.18565
7.20045
7.21538
7.23101
7.24771
7.2616
6.25792
6.25741
6.25666
6.25614
6.25603
6.25633
6.25692
6.25783
6.25921
6.26109
6.26347
6.26636
6.26974
6.27363
6.27801
6.28288
6.28824
6.29407
6.30038
6.30715
6.31437
6.32204
6.33014
6.33865
6.34757
6.35688
6.36656
6.37661
6.38701
6.39774
6.4088
6.42015
6.43179
6.44371
6.45588
6.46829
6.48092
6.49376
6.5068
6.52001
6.53339
6.54692
6.56059
6.57437
6.58827
6.60226
6.61633
6.63048
6.64469
6.65894
6.67323
6.68755
6.70189
6.71623
6.73057
6.74491
6.75922
6.77351
6.78777
6.80199
6.81617
6.83029
6.84435
6.85836
6.8723
6.88617
6.89997
6.9137
6.92735
6.94092
6.95441
6.96783
6.98116
6.99443
7.00762
7.02074
7.0338
7.0468
7.05976
7.07267
7.08554
7.0984
7.11125
7.12411
7.13699
7.14991
7.16289
7.17595
7.18912
7.20241
7.21585
7.22946
7.24327
7.2573
7.27152
7.28589
7.30041
7.31563
7.33165
7.3443
6.2808
6.27988
6.27889
6.27824
6.27807
6.2784
6.27922
6.28049
6.28224
6.28457
6.28748
6.29097
6.29504
6.29968
6.3049
6.31067
6.31701
6.32389
6.33131
6.33925
6.34771
6.35666
6.36609
6.37599
6.38634
6.39711
6.4083
6.41988
6.43184
6.44415
6.45679
6.46974
6.48299
6.4965
6.51027
6.52427
6.53849
6.55289
6.56747
6.5822
6.59707
6.61205
6.62714
6.64231
6.65755
6.67284
6.68817
6.70353
6.71889
6.73425
6.7496
6.76491
6.7802
6.79543
6.81061
6.82571
6.84075
6.8557
6.87056
6.88532
6.89998
6.91453
6.92896
6.94328
6.95748
6.97155
6.98549
6.9993
7.01298
7.02652
7.03994
7.05322
7.06637
7.07939
7.09229
7.10507
7.11774
7.1303
7.14276
7.15513
7.16742
7.17964
7.19181
7.20394
7.21605
7.22816
7.24028
7.25245
7.26468
7.277
7.28944
7.30202
7.31475
7.32767
7.34076
7.35397
7.36734
7.38137
7.39587
7.40666
6.31976
6.31803
6.31646
6.31535
6.31483
6.3149
6.31557
6.31684
6.31876
6.32135
6.32461
6.32854
6.33314
6.33839
6.34431
6.35086
6.35805
6.36586
6.37428
6.38328
6.39286
6.40299
6.41365
6.42482
6.43648
6.4486
6.46116
6.47414
6.48751
6.50124
6.51531
6.52969
6.54436
6.55929
6.57446
6.58983
6.6054
6.62112
6.63698
6.65295
6.66902
6.68516
6.70135
6.71757
6.7338
6.75003
6.76624
6.7824
6.79852
6.81456
6.83053
6.8464
6.86217
6.87782
6.89335
6.90875
6.924
6.93911
6.95406
6.96885
6.98348
6.99793
7.01221
7.02632
7.04024
7.05397
7.06753
7.08089
7.09407
7.10707
7.11988
7.13251
7.14496
7.15723
7.16933
7.18126
7.19303
7.20464
7.21611
7.22745
7.23866
7.24976
7.26076
7.27168
7.28254
7.29335
7.30413
7.31492
7.32572
7.33657
7.34749
7.35851
7.36964
7.3809
7.39229
7.40377
7.41538
7.42755
7.43987
7.4484
6.37301
6.37008
6.36758
6.36568
6.3645
6.36404
6.3643
6.36536
6.36726
6.36994
6.37338
6.3776
6.38258
6.38831
6.39478
6.40199
6.4099
6.41852
6.4278
6.43774
6.44831
6.45949
6.47124
6.48354
6.49637
6.50968
6.52345
6.53765
6.55225
6.56721
6.58251
6.5981
6.61397
6.63006
6.64637
6.66284
6.67946
6.6962
6.71302
6.7299
6.74682
6.76374
6.78065
6.79752
6.81433
6.83106
6.8477
6.86423
6.88063
6.89688
6.91299
6.92892
6.94468
6.96025
6.97563
6.9908
7.00577
7.02052
7.03505
7.04936
7.06344
7.07729
7.09091
7.1043
7.11745
7.13037
7.14306
7.15551
7.16773
7.17972
7.19148
7.20301
7.21433
7.22543
7.23631
7.247
7.25748
7.26777
7.27789
7.28782
7.29761
7.30724
7.31674
7.32611
7.33539
7.34459
7.35372
7.3628
7.37186
7.38093
7.39001
7.39914
7.40833
7.41759
7.42692
7.43628
7.44575
7.45562
7.46533
7.47151
6.43836
6.43394
6.4302
6.42726
6.42518
6.42398
6.42373
6.42449
6.42623
6.42887
6.43238
6.43677
6.44202
6.44813
6.45507
6.46282
6.47137
6.48068
6.49073
6.50149
6.51292
6.52501
6.53771
6.55098
6.5648
6.57912
6.5939
6.60911
6.62471
6.64066
6.65692
6.67345
6.69021
6.70717
6.72428
6.74152
6.75884
6.77622
6.79361
6.811
6.82834
6.84562
6.8628
6.87987
6.8968
6.91357
6.93016
6.94655
6.96274
6.9787
6.99443
7.00992
7.02516
7.04014
7.05486
7.0693
7.08348
7.09738
7.111
7.12435
7.13742
7.15021
7.16272
7.17496
7.18692
7.19861
7.21003
7.22119
7.23208
7.24271
7.25308
7.2632
7.27308
7.28272
7.29212
7.30129
7.31025
7.31899
7.32753
7.33587
7.34404
7.35203
7.35987
7.36756
7.37512
7.38257
7.38993
7.3972
7.40442
7.41159
7.41874
7.42588
7.43302
7.44018
7.44733
7.45446
7.46163
7.46903
7.47603
7.48002
6.51209
6.50592
6.50071
6.49652
6.49338
6.4913
6.49047
6.49088
6.49233
6.49479
6.49824
6.50267
6.50808
6.51443
6.5217
6.52986
6.53887
6.54872
6.55936
6.57075
6.58287
6.59566
6.60908
6.6231
6.63767
6.65274
6.66827
6.68422
6.70053
6.71716
6.73407
6.75121
6.76854
6.78601
6.80358
6.82121
6.83886
6.85649
6.87406
6.89154
6.90891
6.92611
6.94315
6.95997
6.97658
6.99293
7.00903
7.02485
7.04038
7.05561
7.07053
7.08514
7.09944
7.11341
7.12707
7.14039
7.1534
7.16609
7.17846
7.19051
7.20225
7.21368
7.22481
7.23563
7.24616
7.2564
7.26635
7.27602
7.28541
7.29452
7.30338
7.31197
7.32031
7.3284
7.33624
7.34386
7.35125
7.35842
7.36538
7.37214
7.37871
7.3851
7.39132
7.39739
7.40331
7.4091
7.41478
7.42035
7.42583
7.43123
7.43656
7.44184
7.44707
7.45225
7.45736
7.46238
7.46737
7.4724
7.47691
7.47911
6.59073
6.58272
6.57593
6.57039
6.56613
6.5633
6.56192
6.56182
6.56286
6.56505
6.56835
6.57276
6.57823
6.58474
6.59224
6.60071
6.6101
6.62038
6.63148
6.64339
6.65603
6.66937
6.68336
6.69793
6.71306
6.72867
6.74472
6.76115
6.77792
6.79497
6.81224
6.8297
6.84728
6.86494
6.88263
6.9003
6.91792
6.93544
6.95282
6.97002
6.98701
7.00377
7.02025
7.03645
7.05233
7.06788
7.08309
7.09795
7.11244
7.12657
7.14032
7.1537
7.16671
7.17935
7.19163
7.20354
7.2151
7.22631
7.23717
7.2477
7.2579
7.26778
7.27734
7.2866
7.29555
7.30421
7.31259
7.32068
7.32851
7.33607
7.34337
7.35041
7.35722
7.36379
7.37012
7.37624
7.38214
7.38783
7.39333
7.39863
7.40375
7.4087
7.41349
7.41812
7.42261
7.42697
7.43119
7.43531
7.43931
7.44321
7.44701
7.45072
7.45434
7.45784
7.46123
7.46448
7.46761
7.47064
7.4731
7.47405
6.6678
6.65791
6.6495
6.64259
6.63726
6.63358
6.63142
6.63058
6.63103
6.63275
6.6357
6.63986
6.64517
6.6516
6.65911
6.66764
6.67715
6.68759
6.6989
6.71103
6.72393
6.73754
6.7518
6.76665
6.78204
6.79791
6.8142
6.83085
6.8478
6.86499
6.88237
6.89988
6.91745
6.93505
6.95262
6.97009
6.98744
7.00461
7.02156
7.03824
7.05463
7.0707
7.08641
7.10175
7.11669
7.13123
7.14535
7.15904
7.17231
7.18516
7.19758
7.20959
7.2212
7.2324
7.24322
7.25366
7.26373
7.27345
7.28282
7.29187
7.30059
7.309
7.31711
7.32492
7.33246
7.33972
7.34672
7.35345
7.35994
7.36619
7.3722
7.37798
7.38354
7.38889
7.39402
7.39896
7.4037
7.40825
7.41262
7.41682
7.42085
7.42471
7.42842
7.43199
7.43541
7.43869
7.44185
7.44487
7.44778
7.45056
7.45321
7.45574
7.45814
7.46039
7.46248
7.46439
7.46613
7.46766
7.4687
7.46892
6.73758
6.72591
6.71595
6.70776
6.70144
6.69685
6.69381
6.69225
6.69214
6.69346
6.69614
6.70014
6.70541
6.71189
6.71953
6.72827
6.73804
6.74879
6.76045
6.77295
6.78624
6.80024
6.81489
6.83012
6.84587
6.86206
6.87863
6.89552
6.91265
6.92997
6.94741
6.9649
6.9824
6.99983
7.01714
7.03428
7.0512
7.06785
7.08419
7.10017
7.11578
7.13097
7.14572
7.16002
7.17385
7.18721
7.2001
7.21251
7.22445
7.23594
7.24697
7.25757
7.26775
7.27752
7.2869
7.29591
7.30456
7.31287
7.32084
7.3285
7.33586
7.34292
7.34971
7.35622
7.36248
7.36849
7.37425
7.37978
7.38509
7.39018
7.39505
7.39973
7.4042
7.40849
7.41259
7.41652
7.42027
7.42386
7.42729
7.43057
7.4337
7.43669
7.43954
7.44225
7.44484
7.4473
7.44962
7.45183
7.4539
7.45584
7.45764
7.4593
7.46081
7.46216
7.46333
7.46432
7.46513
7.4657
7.46594
7.46587
6.78974
6.77648
6.76518
6.75587
6.74848
6.74286
6.73892
6.73662
6.7359
6.73671
6.73898
6.74267
6.74769
6.75399
6.76151
6.77017
6.77992
6.79067
6.80236
6.81492
6.82828
6.84237
6.85711
6.87243
6.88827
6.90454
6.92118
6.93811
6.95528
6.9726
6.99
7.00743
7.02482
7.04209
7.05919
7.07606
7.09265
7.1089
7.12476
7.1402
7.15518
7.16967
7.18365
7.19711
7.21003
7.22243
7.2343
7.24566
7.25651
7.26688
7.27679
7.28625
7.2953
7.30394
7.31222
7.32013
7.32772
7.33498
7.34195
7.34863
7.35505
7.36122
7.36714
7.37283
7.3783
7.38356
7.38861
7.39347
7.39813
7.40262
7.40692
7.41106
7.41502
7.41883
7.42247
7.42596
7.4293
7.43249
7.43553
7.43843
7.44118
7.4438
7.44627
7.4486
7.45078
7.45282
7.45471
7.45645
7.45803
7.45945
7.46072
7.46181
7.46275
7.46351
7.46412
7.46457
7.46487
7.46501
7.46499
7.46492
6.81936
6.80479
6.79242
6.78221
6.77408
6.76794
6.7637
6.7613
6.76067
6.76173
6.7644
6.76861
6.77429
6.78134
6.7897
6.79927
6.80998
6.82174
6.83447
6.84809
6.8625
6.87763
6.89339
6.90969
6.92645
6.94359
6.96102
6.97867
6.99645
7.01428
7.03209
7.04981
7.06736
7.08467
7.10169
7.11834
7.13458
7.15035
7.16563
7.18038
7.19457
7.20818
7.22122
7.23369
7.24558
7.25692
7.26773
7.27803
7.28784
7.29719
7.3061
7.31461
7.32274
7.33052
7.33795
7.34508
7.3519
7.35845
7.36473
7.37075
7.37654
7.38208
7.38741
7.39252
7.39741
7.4021
7.4066
7.4109
7.41501
7.41893
7.42267
7.42624
7.42963
7.43285
7.43591
7.4388
7.44153
7.4441
7.44651
7.44877
7.45088
7.45283
7.45463
7.45628
7.45778
7.45913
7.46032
7.46137
7.46228
7.46305
7.46368
7.46418
7.46456
7.46484
7.46503
7.46513
7.46518
7.46518
7.46517
7.46517
)
;

boundaryField
{
    jetInlet
    {
        type            zeroGradient;
    }
    returnOutlet
    {
        type            fixedValue;
        value           uniform 0;
    }
    flatBed
    {
        type            zeroGradient;
    }
    slope
    {
        type            zeroGradient;
    }
    top
    {
        type            symmetryPlane;
    }
    frontAndBack
    {
        type            empty;
    }
    defaultFaces
    {
        type            empty;
    }
}


// ************************************************************************* //
