/*--------------------------------*- C++ -*----------------------------------*\
| =========                 |                                                 |
| \\      /  F ield         | OpenFOAM: The Open Source CFD Toolbox           |
|  \\    /   O peration     | Version:  2206                                  |
|   \\  /    A nd           | Website:  www.openfoam.com                      |
|    \\/     M anipulation  |                                                 |
\*---------------------------------------------------------------------------*/
FoamFile
{
    version     2.0;
    format      ascii;
    arch        "LSB;label=32;scalar=64";
    class       volScalarField;
    location    "2021";
    object      Cx;
}
// * * * * * * * * * * * * * * * * * * * * * * * * * * * * * * * * * * * * * //

dimensions      [0 1 0 0 0 0 0];

internalField   nonuniform List<scalar> 
10000
(
0.025
0.075
0.125
0.175
0.225
0.275
0.325
0.375
0.425
0.475
0.525
0.575
0.625
0.675
0.725
0.775
0.825
0.875
0.925
0.975
1.025
1.075
1.125
1.175
1.225
1.275
1.325
1.375
1.425
1.475
1.525
1.575
1.625
1.675
1.725
1.775
1.825
1.875
1.925
1.975
2.025
2.075
2.125
2.175
2.225
2.275
2.325
2.375
2.425
2.475
2.525
2.575
2.625
2.675
2.725
2.775
2.825
2.875
2.925
2.975
3.025
3.075
3.125
3.175
3.225
3.275
3.325
3.375
3.425
3.475
3.525
3.575
3.625
3.675
3.725
3.775
3.825
3.875
3.925
3.975
4.025
4.075
4.125
4.175
4.225
4.275
4.325
4.375
4.425
4.475
4.525
4.575
4.625
4.675
4.725
4.775
4.825
4.875
4.925
4.975
0.025
0.075
0.125
0.175
0.225
0.275
0.325
0.375
0.425
0.475
0.525
0.575
0.625
0.675
0.725
0.775
0.825
0.875
0.925
0.975
1.025
1.075
1.125
1.175
1.225
1.275
1.325
1.375
1.425
1.475
1.525
1.575
1.625
1.675
1.725
1.775
1.825
1.875
1.925
1.975
2.025
2.075
2.125
2.175
2.225
2.275
2.325
2.375
2.425
2.475
2.525
2.575
2.625
2.675
2.725
2.775
2.825
2.875
2.925
2.975
3.025
3.075
3.125
3.175
3.225
3.275
3.325
3.375
3.425
3.475
3.525
3.575
3.625
3.675
3.725
3.775
3.825
3.875
3.925
3.975
4.025
4.075
4.125
4.175
4.225
4.275
4.325
4.375
4.425
4.475
4.525
4.575
4.625
4.675
4.725
4.775
4.825
4.875
4.925
4.975
0.025
0.075
0.125
0.175
0.225
0.275
0.325
0.375
0.425
0.475
0.525
0.575
0.625
0.675
0.725
0.775
0.825
0.875
0.925
0.975
1.025
1.075
1.125
1.175
1.225
1.275
1.325
1.375
1.425
1.475
1.525
1.575
1.625
1.675
1.725
1.775
1.825
1.875
1.925
1.975
2.025
2.075
2.125
2.175
2.225
2.275
2.325
2.375
2.425
2.475
2.525
2.575
2.625
2.675
2.725
2.775
2.825
2.875
2.925
2.975
3.025
3.075
3.125
3.175
3.225
3.275
3.325
3.375
3.425
3.475
3.525
3.575
3.625
3.675
3.725
3.775
3.825
3.875
3.925
3.975
4.025
4.075
4.125
4.175
4.225
4.275
4.325
4.375
4.425
4.475
4.525
4.575
4.625
4.675
4.725
4.775
4.825
4.875
4.925
4.975
0.025
0.075
0.125
0.175
0.225
0.275
0.325
0.375
0.425
0.475
0.525
0.575
0.625
0.675
0.725
0.775
0.825
0.875
0.925
0.975
1.025
1.075
1.125
1.175
1.225
1.275
1.325
1.375
1.425
1.475
1.525
1.575
1.625
1.675
1.725
1.775
1.825
1.875
1.925
1.975
2.025
2.075
2.125
2.175
2.225
2.275
2.325
2.375
2.425
2.475
2.525
2.575
2.625
2.675
2.725
2.775
2.825
2.875
2.925
2.975
3.025
3.075
3.125
3.175
3.225
3.275
3.325
3.375
3.425
3.475
3.525
3.575
3.625
3.675
3.725
3.775
3.825
3.875
3.925
3.975
4.025
4.075
4.125
4.175
4.225
4.275
4.325
4.375
4.425
4.475
4.525
4.575
4.625
4.675
4.725
4.775
4.825
4.875
4.925
4.975
0.025
0.075
0.125
0.175
0.225
0.275
0.325
0.375
0.425
0.475
0.525
0.575
0.625
0.675
0.725
0.775
0.825
0.875
0.925
0.975
1.025
1.075
1.125
1.175
1.225
1.275
1.325
1.375
1.425
1.475
1.525
1.575
1.625
1.675
1.725
1.775
1.825
1.875
1.925
1.975
2.025
2.075
2.125
2.175
2.225
2.275
2.325
2.375
2.425
2.475
2.525
2.575
2.625
2.675
2.725
2.775
2.825
2.875
2.925
2.975
3.025
3.075
3.125
3.175
3.225
3.275
3.325
3.375
3.425
3.475
3.525
3.575
3.625
3.675
3.725
3.775
3.825
3.875
3.925
3.975
4.025
4.075
4.125
4.175
4.225
4.275
4.325
4.375
4.425
4.475
4.525
4.575
4.625
4.675
4.725
4.775
4.825
4.875
4.925
4.975
0.025
0.075
0.125
0.175
0.225
0.275
0.325
0.375
0.425
0.475
0.525
0.575
0.625
0.675
0.725
0.775
0.825
0.875
0.925
0.975
1.025
1.075
1.125
1.175
1.225
1.275
1.325
1.375
1.425
1.475
1.525
1.575
1.625
1.675
1.725
1.775
1.825
1.875
1.925
1.975
2.025
2.075
2.125
2.175
2.225
2.275
2.325
2.375
2.425
2.475
2.525
2.575
2.625
2.675
2.725
2.775
2.825
2.875
2.925
2.975
3.025
3.075
3.125
3.175
3.225
3.275
3.325
3.375
3.425
3.475
3.525
3.575
3.625
3.675
3.725
3.775
3.825
3.875
3.925
3.975
4.025
4.075
4.125
4.175
4.225
4.275
4.325
4.375
4.425
4.475
4.525
4.575
4.625
4.675
4.725
4.775
4.825
4.875
4.925
4.975
0.025
0.075
0.125
0.175
0.225
0.275
0.325
0.375
0.425
0.475
0.525
0.575
0.625
0.675
0.725
0.775
0.825
0.875
0.925
0.975
1.025
1.075
1.125
1.175
1.225
1.275
1.325
1.375
1.425
1.475
1.525
1.575
1.625
1.675
1.725
1.775
1.825
1.875
1.925
1.975
2.025
2.075
2.125
2.175
2.225
2.275
2.325
2.375
2.425
2.475
2.525
2.575
2.625
2.675
2.725
2.775
2.825
2.875
2.925
2.975
3.025
3.075
3.125
3.175
3.225
3.275
3.325
3.375
3.425
3.475
3.525
3.575
3.625
3.675
3.725
3.775
3.825
3.875
3.925
3.975
4.025
4.075
4.125
4.175
4.225
4.275
4.325
4.375
4.425
4.475
4.525
4.575
4.625
4.675
4.725
4.775
4.825
4.875
4.925
4.975
0.025
0.075
0.125
0.175
0.225
0.275
0.325
0.375
0.425
0.475
0.525
0.575
0.625
0.675
0.725
0.775
0.825
0.875
0.925
0.975
1.025
1.075
1.125
1.175
1.225
1.275
1.325
1.375
1.425
1.475
1.525
1.575
1.625
1.675
1.725
1.775
1.825
1.875
1.925
1.975
2.025
2.075
2.125
2.175
2.225
2.275
2.325
2.375
2.425
2.475
2.525
2.575
2.625
2.675
2.725
2.775
2.825
2.875
2.925
2.975
3.025
3.075
3.125
3.175
3.225
3.275
3.325
3.375
3.425
3.475
3.525
3.575
3.625
3.675
3.725
3.775
3.825
3.875
3.925
3.975
4.025
4.075
4.125
4.175
4.225
4.275
4.325
4.375
4.425
4.475
4.525
4.575
4.625
4.675
4.725
4.775
4.825
4.875
4.925
4.975
0.025
0.075
0.125
0.175
0.225
0.275
0.325
0.375
0.425
0.475
0.525
0.575
0.625
0.675
0.725
0.775
0.825
0.875
0.925
0.975
1.025
1.075
1.125
1.175
1.225
1.275
1.325
1.375
1.425
1.475
1.525
1.575
1.625
1.675
1.725
1.775
1.825
1.875
1.925
1.975
2.025
2.075
2.125
2.175
2.225
2.275
2.325
2.375
2.425
2.475
2.525
2.575
2.625
2.675
2.725
2.775
2.825
2.875
2.925
2.975
3.025
3.075
3.125
3.175
3.225
3.275
3.325
3.375
3.425
3.475
3.525
3.575
3.625
3.675
3.725
3.775
3.825
3.875
3.925
3.975
4.025
4.075
4.125
4.175
4.225
4.275
4.325
4.375
4.425
4.475
4.525
4.575
4.625
4.675
4.725
4.775
4.825
4.875
4.925
4.975
0.025
0.075
0.125
0.175
0.225
0.275
0.325
0.375
0.425
0.475
0.525
0.575
0.625
0.675
0.725
0.775
0.825
0.875
0.925
0.975
1.025
1.075
1.125
1.175
1.225
1.275
1.325
1.375
1.425
1.475
1.525
1.575
1.625
1.675
1.725
1.775
1.825
1.875
1.925
1.975
2.025
2.075
2.125
2.175
2.225
2.275
2.325
2.375
2.425
2.475
2.525
2.575
2.625
2.675
2.725
2.775
2.825
2.875
2.925
2.975
3.025
3.075
3.125
3.175
3.225
3.275
3.325
3.375
3.425
3.475
3.525
3.575
3.625
3.675
3.725
3.775
3.825
3.875
3.925
3.975
4.025
4.075
4.125
4.175
4.225
4.275
4.325
4.375
4.425
4.475
4.525
4.575
4.625
4.675
4.725
4.775
4.825
4.875
4.925
4.975
0.025
0.075
0.125
0.175
0.225
0.275
0.325
0.375
0.425
0.475
0.525
0.575
0.625
0.675
0.725
0.775
0.825
0.875
0.925
0.975
1.025
1.075
1.125
1.175
1.225
1.275
1.325
1.375
1.425
1.475
1.525
1.575
1.625
1.675
1.725
1.775
1.825
1.875
1.925
1.975
2.025
2.075
2.125
2.175
2.225
2.275
2.325
2.375
2.425
2.475
2.525
2.575
2.625
2.675
2.725
2.775
2.825
2.875
2.925
2.975
3.025
3.075
3.125
3.175
3.225
3.275
3.325
3.375
3.425
3.475
3.525
3.575
3.625
3.675
3.725
3.775
3.825
3.875
3.925
3.975
4.025
4.075
4.125
4.175
4.225
4.275
4.325
4.375
4.425
4.475
4.525
4.575
4.625
4.675
4.725
4.775
4.825
4.875
4.925
4.975
0.025
0.075
0.125
0.175
0.225
0.275
0.325
0.375
0.425
0.475
0.525
0.575
0.625
0.675
0.725
0.775
0.825
0.875
0.925
0.975
1.025
1.075
1.125
1.175
1.225
1.275
1.325
1.375
1.425
1.475
1.525
1.575
1.625
1.675
1.725
1.775
1.825
1.875
1.925
1.975
2.025
2.075
2.125
2.175
2.225
2.275
2.325
2.375
2.425
2.475
2.525
2.575
2.625
2.675
2.725
2.775
2.825
2.875
2.925
2.975
3.025
3.075
3.125
3.175
3.225
3.275
3.325
3.375
3.425
3.475
3.525
3.575
3.625
3.675
3.725
3.775
3.825
3.875
3.925
3.975
4.025
4.075
4.125
4.175
4.225
4.275
4.325
4.375
4.425
4.475
4.525
4.575
4.625
4.675
4.725
4.775
4.825
4.875
4.925
4.975
0.025
0.075
0.125
0.175
0.225
0.275
0.325
0.375
0.425
0.475
0.525
0.575
0.625
0.675
0.725
0.775
0.825
0.875
0.925
0.975
1.025
1.075
1.125
1.175
1.225
1.275
1.325
1.375
1.425
1.475
1.525
1.575
1.625
1.675
1.725
1.775
1.825
1.875
1.925
1.975
2.025
2.075
2.125
2.175
2.225
2.275
2.325
2.375
2.425
2.475
2.525
2.575
2.625
2.675
2.725
2.775
2.825
2.875
2.925
2.975
3.025
3.075
3.125
3.175
3.225
3.275
3.325
3.375
3.425
3.475
3.525
3.575
3.625
3.675
3.725
3.775
3.825
3.875
3.925
3.975
4.025
4.075
4.125
4.175
4.225
4.275
4.325
4.375
4.425
4.475
4.525
4.575
4.625
4.675
4.725
4.775
4.825
4.875
4.925
4.975
0.025
0.075
0.125
0.175
0.225
0.275
0.325
0.375
0.425
0.475
0.525
0.575
0.625
0.675
0.725
0.775
0.825
0.875
0.925
0.975
1.025
1.075
1.125
1.175
1.225
1.275
1.325
1.375
1.425
1.475
1.525
1.575
1.625
1.675
1.725
1.775
1.825
1.875
1.925
1.975
2.025
2.075
2.125
2.175
2.225
2.275
2.325
2.375
2.425
2.475
2.525
2.575
2.625
2.675
2.725
2.775
2.825
2.875
2.925
2.975
3.025
3.075
3.125
3.175
3.225
3.275
3.325
3.375
3.425
3.475
3.525
3.575
3.625
3.675
3.725
3.775
3.825
3.875
3.925
3.975
4.025
4.075
4.125
4.175
4.225
4.275
4.325
4.375
4.425
4.475
4.525
4.575
4.625
4.675
4.725
4.775
4.825
4.875
4.925
4.975
0.025
0.075
0.125
0.175
0.225
0.275
0.325
0.375
0.425
0.475
0.525
0.575
0.625
0.675
0.725
0.775
0.825
0.875
0.925
0.975
1.025
1.075
1.125
1.175
1.225
1.275
1.325
1.375
1.425
1.475
1.525
1.575
1.625
1.675
1.725
1.775
1.825
1.875
1.925
1.975
2.025
2.075
2.125
2.175
2.225
2.275
2.325
2.375
2.425
2.475
2.525
2.575
2.625
2.675
2.725
2.775
2.825
2.875
2.925
2.975
3.025
3.075
3.125
3.175
3.225
3.275
3.325
3.375
3.425
3.475
3.525
3.575
3.625
3.675
3.725
3.775
3.825
3.875
3.925
3.975
4.025
4.075
4.125
4.175
4.225
4.275
4.325
4.375
4.425
4.475
4.525
4.575
4.625
4.675
4.725
4.775
4.825
4.875
4.925
4.975
0.025
0.075
0.125
0.175
0.225
0.275
0.325
0.375
0.425
0.475
0.525
0.575
0.625
0.675
0.725
0.775
0.825
0.875
0.925
0.975
1.025
1.075
1.125
1.175
1.225
1.275
1.325
1.375
1.425
1.475
1.525
1.575
1.625
1.675
1.725
1.775
1.825
1.875
1.925
1.975
2.025
2.075
2.125
2.175
2.225
2.275
2.325
2.375
2.425
2.475
2.525
2.575
2.625
2.675
2.725
2.775
2.825
2.875
2.925
2.975
3.025
3.075
3.125
3.175
3.225
3.275
3.325
3.375
3.425
3.475
3.525
3.575
3.625
3.675
3.725
3.775
3.825
3.875
3.925
3.975
4.025
4.075
4.125
4.175
4.225
4.275
4.325
4.375
4.425
4.475
4.525
4.575
4.625
4.675
4.725
4.775
4.825
4.875
4.925
4.975
0.025
0.075
0.125
0.175
0.225
0.275
0.325
0.375
0.425
0.475
0.525
0.575
0.625
0.675
0.725
0.775
0.825
0.875
0.925
0.975
1.025
1.075
1.125
1.175
1.225
1.275
1.325
1.375
1.425
1.475
1.525
1.575
1.625
1.675
1.725
1.775
1.825
1.875
1.925
1.975
2.025
2.075
2.125
2.175
2.225
2.275
2.325
2.375
2.425
2.475
2.525
2.575
2.625
2.675
2.725
2.775
2.825
2.875
2.925
2.975
3.025
3.075
3.125
3.175
3.225
3.275
3.325
3.375
3.425
3.475
3.525
3.575
3.625
3.675
3.725
3.775
3.825
3.875
3.925
3.975
4.025
4.075
4.125
4.175
4.225
4.275
4.325
4.375
4.425
4.475
4.525
4.575
4.625
4.675
4.725
4.775
4.825
4.875
4.925
4.975
0.025
0.075
0.125
0.175
0.225
0.275
0.325
0.375
0.425
0.475
0.525
0.575
0.625
0.675
0.725
0.775
0.825
0.875
0.925
0.975
1.025
1.075
1.125
1.175
1.225
1.275
1.325
1.375
1.425
1.475
1.525
1.575
1.625
1.675
1.725
1.775
1.825
1.875
1.925
1.975
2.025
2.075
2.125
2.175
2.225
2.275
2.325
2.375
2.425
2.475
2.525
2.575
2.625
2.675
2.725
2.775
2.825
2.875
2.925
2.975
3.025
3.075
3.125
3.175
3.225
3.275
3.325
3.375
3.425
3.475
3.525
3.575
3.625
3.675
3.725
3.775
3.825
3.875
3.925
3.975
4.025
4.075
4.125
4.175
4.225
4.275
4.325
4.375
4.425
4.475
4.525
4.575
4.625
4.675
4.725
4.775
4.825
4.875
4.925
4.975
0.025
0.075
0.125
0.175
0.225
0.275
0.325
0.375
0.425
0.475
0.525
0.575
0.625
0.675
0.725
0.775
0.825
0.875
0.925
0.975
1.025
1.075
1.125
1.175
1.225
1.275
1.325
1.375
1.425
1.475
1.525
1.575
1.625
1.675
1.725
1.775
1.825
1.875
1.925
1.975
2.025
2.075
2.125
2.175
2.225
2.275
2.325
2.375
2.425
2.475
2.525
2.575
2.625
2.675
2.725
2.775
2.825
2.875
2.925
2.975
3.025
3.075
3.125
3.175
3.225
3.275
3.325
3.375
3.425
3.475
3.525
3.575
3.625
3.675
3.725
3.775
3.825
3.875
3.925
3.975
4.025
4.075
4.125
4.175
4.225
4.275
4.325
4.375
4.425
4.475
4.525
4.575
4.625
4.675
4.725
4.775
4.825
4.875
4.925
4.975
0.025
0.075
0.125
0.175
0.225
0.275
0.325
0.375
0.425
0.475
0.525
0.575
0.625
0.675
0.725
0.775
0.825
0.875
0.925
0.975
1.025
1.075
1.125
1.175
1.225
1.275
1.325
1.375
1.425
1.475
1.525
1.575
1.625
1.675
1.725
1.775
1.825
1.875
1.925
1.975
2.025
2.075
2.125
2.175
2.225
2.275
2.325
2.375
2.425
2.475
2.525
2.575
2.625
2.675
2.725
2.775
2.825
2.875
2.925
2.975
3.025
3.075
3.125
3.175
3.225
3.275
3.325
3.375
3.425
3.475
3.525
3.575
3.625
3.675
3.725
3.775
3.825
3.875
3.925
3.975
4.025
4.075
4.125
4.175
4.225
4.275
4.325
4.375
4.425
4.475
4.525
4.575
4.625
4.675
4.725
4.775
4.825
4.875
4.925
4.975
0.025
0.075
0.125
0.175
0.225
0.275
0.325
0.375
0.425
0.475
0.525
0.575
0.625
0.675
0.725
0.775
0.825
0.875
0.925
0.975
1.025
1.075
1.125
1.175
1.225
1.275
1.325
1.375
1.425
1.475
1.525
1.575
1.625
1.675
1.725
1.775
1.825
1.875
1.925
1.975
2.025
2.075
2.125
2.175
2.225
2.275
2.325
2.375
2.425
2.475
2.525
2.575
2.625
2.675
2.725
2.775
2.825
2.875
2.925
2.975
3.025
3.075
3.125
3.175
3.225
3.275
3.325
3.375
3.425
3.475
3.525
3.575
3.625
3.675
3.725
3.775
3.825
3.875
3.925
3.975
4.025
4.075
4.125
4.175
4.225
4.275
4.325
4.375
4.425
4.475
4.525
4.575
4.625
4.675
4.725
4.775
4.825
4.875
4.925
4.975
0.025
0.075
0.125
0.175
0.225
0.275
0.325
0.375
0.425
0.475
0.525
0.575
0.625
0.675
0.725
0.775
0.825
0.875
0.925
0.975
1.025
1.075
1.125
1.175
1.225
1.275
1.325
1.375
1.425
1.475
1.525
1.575
1.625
1.675
1.725
1.775
1.825
1.875
1.925
1.975
2.025
2.075
2.125
2.175
2.225
2.275
2.325
2.375
2.425
2.475
2.525
2.575
2.625
2.675
2.725
2.775
2.825
2.875
2.925
2.975
3.025
3.075
3.125
3.175
3.225
3.275
3.325
3.375
3.425
3.475
3.525
3.575
3.625
3.675
3.725
3.775
3.825
3.875
3.925
3.975
4.025
4.075
4.125
4.175
4.225
4.275
4.325
4.375
4.425
4.475
4.525
4.575
4.625
4.675
4.725
4.775
4.825
4.875
4.925
4.975
0.025
0.075
0.125
0.175
0.225
0.275
0.325
0.375
0.425
0.475
0.525
0.575
0.625
0.675
0.725
0.775
0.825
0.875
0.925
0.975
1.025
1.075
1.125
1.175
1.225
1.275
1.325
1.375
1.425
1.475
1.525
1.575
1.625
1.675
1.725
1.775
1.825
1.875
1.925
1.975
2.025
2.075
2.125
2.175
2.225
2.275
2.325
2.375
2.425
2.475
2.525
2.575
2.625
2.675
2.725
2.775
2.825
2.875
2.925
2.975
3.025
3.075
3.125
3.175
3.225
3.275
3.325
3.375
3.425
3.475
3.525
3.575
3.625
3.675
3.725
3.775
3.825
3.875
3.925
3.975
4.025
4.075
4.125
4.175
4.225
4.275
4.325
4.375
4.425
4.475
4.525
4.575
4.625
4.675
4.725
4.775
4.825
4.875
4.925
4.975
0.025
0.075
0.125
0.175
0.225
0.275
0.325
0.375
0.425
0.475
0.525
0.575
0.625
0.675
0.725
0.775
0.825
0.875
0.925
0.975
1.025
1.075
1.125
1.175
1.225
1.275
1.325
1.375
1.425
1.475
1.525
1.575
1.625
1.675
1.725
1.775
1.825
1.875
1.925
1.975
2.025
2.075
2.125
2.175
2.225
2.275
2.325
2.375
2.425
2.475
2.525
2.575
2.625
2.675
2.725
2.775
2.825
2.875
2.925
2.975
3.025
3.075
3.125
3.175
3.225
3.275
3.325
3.375
3.425
3.475
3.525
3.575
3.625
3.675
3.725
3.775
3.825
3.875
3.925
3.975
4.025
4.075
4.125
4.175
4.225
4.275
4.325
4.375
4.425
4.475
4.525
4.575
4.625
4.675
4.725
4.775
4.825
4.875
4.925
4.975
0.025
0.075
0.125
0.175
0.225
0.275
0.325
0.375
0.425
0.475
0.525
0.575
0.625
0.675
0.725
0.775
0.825
0.875
0.925
0.975
1.025
1.075
1.125
1.175
1.225
1.275
1.325
1.375
1.425
1.475
1.525
1.575
1.625
1.675
1.725
1.775
1.825
1.875
1.925
1.975
2.025
2.075
2.125
2.175
2.225
2.275
2.325
2.375
2.425
2.475
2.525
2.575
2.625
2.675
2.725
2.775
2.825
2.875
2.925
2.975
3.025
3.075
3.125
3.175
3.225
3.275
3.325
3.375
3.425
3.475
3.525
3.575
3.625
3.675
3.725
3.775
3.825
3.875
3.925
3.975
4.025
4.075
4.125
4.175
4.225
4.275
4.325
4.375
4.425
4.475
4.525
4.575
4.625
4.675
4.725
4.775
4.825
4.875
4.925
4.975
0.025
0.075
0.125
0.175
0.225
0.275
0.325
0.375
0.425
0.475
0.525
0.575
0.625
0.675
0.725
0.775
0.825
0.875
0.925
0.975
1.025
1.075
1.125
1.175
1.225
1.275
1.325
1.375
1.425
1.475
1.525
1.575
1.625
1.675
1.725
1.775
1.825
1.875
1.925
1.975
2.025
2.075
2.125
2.175
2.225
2.275
2.325
2.375
2.425
2.475
2.525
2.575
2.625
2.675
2.725
2.775
2.825
2.875
2.925
2.975
3.025
3.075
3.125
3.175
3.225
3.275
3.325
3.375
3.425
3.475
3.525
3.575
3.625
3.675
3.725
3.775
3.825
3.875
3.925
3.975
4.025
4.075
4.125
4.175
4.225
4.275
4.325
4.375
4.425
4.475
4.525
4.575
4.625
4.675
4.725
4.775
4.825
4.875
4.925
4.975
0.025
0.075
0.125
0.175
0.225
0.275
0.325
0.375
0.425
0.475
0.525
0.575
0.625
0.675
0.725
0.775
0.825
0.875
0.925
0.975
1.025
1.075
1.125
1.175
1.225
1.275
1.325
1.375
1.425
1.475
1.525
1.575
1.625
1.675
1.725
1.775
1.825
1.875
1.925
1.975
2.025
2.075
2.125
2.175
2.225
2.275
2.325
2.375
2.425
2.475
2.525
2.575
2.625
2.675
2.725
2.775
2.825
2.875
2.925
2.975
3.025
3.075
3.125
3.175
3.225
3.275
3.325
3.375
3.425
3.475
3.525
3.575
3.625
3.675
3.725
3.775
3.825
3.875
3.925
3.975
4.025
4.075
4.125
4.175
4.225
4.275
4.325
4.375
4.425
4.475
4.525
4.575
4.625
4.675
4.725
4.775
4.825
4.875
4.925
4.975
0.025
0.075
0.125
0.175
0.225
0.275
0.325
0.375
0.425
0.475
0.525
0.575
0.625
0.675
0.725
0.775
0.825
0.875
0.925
0.975
1.025
1.075
1.125
1.175
1.225
1.275
1.325
1.375
1.425
1.475
1.525
1.575
1.625
1.675
1.725
1.775
1.825
1.875
1.925
1.975
2.025
2.075
2.125
2.175
2.225
2.275
2.325
2.375
2.425
2.475
2.525
2.575
2.625
2.675
2.725
2.775
2.825
2.875
2.925
2.975
3.025
3.075
3.125
3.175
3.225
3.275
3.325
3.375
3.425
3.475
3.525
3.575
3.625
3.675
3.725
3.775
3.825
3.875
3.925
3.975
4.025
4.075
4.125
4.175
4.225
4.275
4.325
4.375
4.425
4.475
4.525
4.575
4.625
4.675
4.725
4.775
4.825
4.875
4.925
4.975
0.025
0.075
0.125
0.175
0.225
0.275
0.325
0.375
0.425
0.475
0.525
0.575
0.625
0.675
0.725
0.775
0.825
0.875
0.925
0.975
1.025
1.075
1.125
1.175
1.225
1.275
1.325
1.375
1.425
1.475
1.525
1.575
1.625
1.675
1.725
1.775
1.825
1.875
1.925
1.975
2.025
2.075
2.125
2.175
2.225
2.275
2.325
2.375
2.425
2.475
2.525
2.575
2.625
2.675
2.725
2.775
2.825
2.875
2.925
2.975
3.025
3.075
3.125
3.175
3.225
3.275
3.325
3.375
3.425
3.475
3.525
3.575
3.625
3.675
3.725
3.775
3.825
3.875
3.925
3.975
4.025
4.075
4.125
4.175
4.225
4.275
4.325
4.375
4.425
4.475
4.525
4.575
4.625
4.675
4.725
4.775
4.825
4.875
4.925
4.975
0.025
0.075
0.125
0.175
0.225
0.275
0.325
0.375
0.425
0.475
0.525
0.575
0.625
0.675
0.725
0.775
0.825
0.875
0.925
0.975
1.025
1.075
1.125
1.175
1.225
1.275
1.325
1.375
1.425
1.475
1.525
1.575
1.625
1.675
1.725
1.775
1.825
1.875
1.925
1.975
2.025
2.075
2.125
2.175
2.225
2.275
2.325
2.375
2.425
2.475
2.525
2.575
2.625
2.675
2.725
2.775
2.825
2.875
2.925
2.975
3.025
3.075
3.125
3.175
3.225
3.275
3.325
3.375
3.425
3.475
3.525
3.575
3.625
3.675
3.725
3.775
3.825
3.875
3.925
3.975
4.025
4.075
4.125
4.175
4.225
4.275
4.325
4.375
4.425
4.475
4.525
4.575
4.625
4.675
4.725
4.775
4.825
4.875
4.925
4.975
0.025
0.075
0.125
0.175
0.225
0.275
0.325
0.375
0.425
0.475
0.525
0.575
0.625
0.675
0.725
0.775
0.825
0.875
0.925
0.975
1.025
1.075
1.125
1.175
1.225
1.275
1.325
1.375
1.425
1.475
1.525
1.575
1.625
1.675
1.725
1.775
1.825
1.875
1.925
1.975
2.025
2.075
2.125
2.175
2.225
2.275
2.325
2.375
2.425
2.475
2.525
2.575
2.625
2.675
2.725
2.775
2.825
2.875
2.925
2.975
3.025
3.075
3.125
3.175
3.225
3.275
3.325
3.375
3.425
3.475
3.525
3.575
3.625
3.675
3.725
3.775
3.825
3.875
3.925
3.975
4.025
4.075
4.125
4.175
4.225
4.275
4.325
4.375
4.425
4.475
4.525
4.575
4.625
4.675
4.725
4.775
4.825
4.875
4.925
4.975
0.025
0.075
0.125
0.175
0.225
0.275
0.325
0.375
0.425
0.475
0.525
0.575
0.625
0.675
0.725
0.775
0.825
0.875
0.925
0.975
1.025
1.075
1.125
1.175
1.225
1.275
1.325
1.375
1.425
1.475
1.525
1.575
1.625
1.675
1.725
1.775
1.825
1.875
1.925
1.975
2.025
2.075
2.125
2.175
2.225
2.275
2.325
2.375
2.425
2.475
2.525
2.575
2.625
2.675
2.725
2.775
2.825
2.875
2.925
2.975
3.025
3.075
3.125
3.175
3.225
3.275
3.325
3.375
3.425
3.475
3.525
3.575
3.625
3.675
3.725
3.775
3.825
3.875
3.925
3.975
4.025
4.075
4.125
4.175
4.225
4.275
4.325
4.375
4.425
4.475
4.525
4.575
4.625
4.675
4.725
4.775
4.825
4.875
4.925
4.975
0.025
0.075
0.125
0.175
0.225
0.275
0.325
0.375
0.425
0.475
0.525
0.575
0.625
0.675
0.725
0.775
0.825
0.875
0.925
0.975
1.025
1.075
1.125
1.175
1.225
1.275
1.325
1.375
1.425
1.475
1.525
1.575
1.625
1.675
1.725
1.775
1.825
1.875
1.925
1.975
2.025
2.075
2.125
2.175
2.225
2.275
2.325
2.375
2.425
2.475
2.525
2.575
2.625
2.675
2.725
2.775
2.825
2.875
2.925
2.975
3.025
3.075
3.125
3.175
3.225
3.275
3.325
3.375
3.425
3.475
3.525
3.575
3.625
3.675
3.725
3.775
3.825
3.875
3.925
3.975
4.025
4.075
4.125
4.175
4.225
4.275
4.325
4.375
4.425
4.475
4.525
4.575
4.625
4.675
4.725
4.775
4.825
4.875
4.925
4.975
0.025
0.075
0.125
0.175
0.225
0.275
0.325
0.375
0.425
0.475
0.525
0.575
0.625
0.675
0.725
0.775
0.825
0.875
0.925
0.975
1.025
1.075
1.125
1.175
1.225
1.275
1.325
1.375
1.425
1.475
1.525
1.575
1.625
1.675
1.725
1.775
1.825
1.875
1.925
1.975
2.025
2.075
2.125
2.175
2.225
2.275
2.325
2.375
2.425
2.475
2.525
2.575
2.625
2.675
2.725
2.775
2.825
2.875
2.925
2.975
3.025
3.075
3.125
3.175
3.225
3.275
3.325
3.375
3.425
3.475
3.525
3.575
3.625
3.675
3.725
3.775
3.825
3.875
3.925
3.975
4.025
4.075
4.125
4.175
4.225
4.275
4.325
4.375
4.425
4.475
4.525
4.575
4.625
4.675
4.725
4.775
4.825
4.875
4.925
4.975
0.025
0.075
0.125
0.175
0.225
0.275
0.325
0.375
0.425
0.475
0.525
0.575
0.625
0.675
0.725
0.775
0.825
0.875
0.925
0.975
1.025
1.075
1.125
1.175
1.225
1.275
1.325
1.375
1.425
1.475
1.525
1.575
1.625
1.675
1.725
1.775
1.825
1.875
1.925
1.975
2.025
2.075
2.125
2.175
2.225
2.275
2.325
2.375
2.425
2.475
2.525
2.575
2.625
2.675
2.725
2.775
2.825
2.875
2.925
2.975
3.025
3.075
3.125
3.175
3.225
3.275
3.325
3.375
3.425
3.475
3.525
3.575
3.625
3.675
3.725
3.775
3.825
3.875
3.925
3.975
4.025
4.075
4.125
4.175
4.225
4.275
4.325
4.375
4.425
4.475
4.525
4.575
4.625
4.675
4.725
4.775
4.825
4.875
4.925
4.975
0.025
0.075
0.125
0.175
0.225
0.275
0.325
0.375
0.425
0.475
0.525
0.575
0.625
0.675
0.725
0.775
0.825
0.875
0.925
0.975
1.025
1.075
1.125
1.175
1.225
1.275
1.325
1.375
1.425
1.475
1.525
1.575
1.625
1.675
1.725
1.775
1.825
1.875
1.925
1.975
2.025
2.075
2.125
2.175
2.225
2.275
2.325
2.375
2.425
2.475
2.525
2.575
2.625
2.675
2.725
2.775
2.825
2.875
2.925
2.975
3.025
3.075
3.125
3.175
3.225
3.275
3.325
3.375
3.425
3.475
3.525
3.575
3.625
3.675
3.725
3.775
3.825
3.875
3.925
3.975
4.025
4.075
4.125
4.175
4.225
4.275
4.325
4.375
4.425
4.475
4.525
4.575
4.625
4.675
4.725
4.775
4.825
4.875
4.925
4.975
0.025
0.075
0.125
0.175
0.225
0.275
0.325
0.375
0.425
0.475
0.525
0.575
0.625
0.675
0.725
0.775
0.825
0.875
0.925
0.975
1.025
1.075
1.125
1.175
1.225
1.275
1.325
1.375
1.425
1.475
1.525
1.575
1.625
1.675
1.725
1.775
1.825
1.875
1.925
1.975
2.025
2.075
2.125
2.175
2.225
2.275
2.325
2.375
2.425
2.475
2.525
2.575
2.625
2.675
2.725
2.775
2.825
2.875
2.925
2.975
3.025
3.075
3.125
3.175
3.225
3.275
3.325
3.375
3.425
3.475
3.525
3.575
3.625
3.675
3.725
3.775
3.825
3.875
3.925
3.975
4.025
4.075
4.125
4.175
4.225
4.275
4.325
4.375
4.425
4.475
4.525
4.575
4.625
4.675
4.725
4.775
4.825
4.875
4.925
4.975
0.025
0.075
0.125
0.175
0.225
0.275
0.325
0.375
0.425
0.475
0.525
0.575
0.625
0.675
0.725
0.775
0.825
0.875
0.925
0.975
1.025
1.075
1.125
1.175
1.225
1.275
1.325
1.375
1.425
1.475
1.525
1.575
1.625
1.675
1.725
1.775
1.825
1.875
1.925
1.975
2.025
2.075
2.125
2.175
2.225
2.275
2.325
2.375
2.425
2.475
2.525
2.575
2.625
2.675
2.725
2.775
2.825
2.875
2.925
2.975
3.025
3.075
3.125
3.175
3.225
3.275
3.325
3.375
3.425
3.475
3.525
3.575
3.625
3.675
3.725
3.775
3.825
3.875
3.925
3.975
4.025
4.075
4.125
4.175
4.225
4.275
4.325
4.375
4.425
4.475
4.525
4.575
4.625
4.675
4.725
4.775
4.825
4.875
4.925
4.975
0.025
0.075
0.125
0.175
0.225
0.275
0.325
0.375
0.425
0.475
0.525
0.575
0.625
0.675
0.725
0.775
0.825
0.875
0.925
0.975
1.025
1.075
1.125
1.175
1.225
1.275
1.325
1.375
1.425
1.475
1.525
1.575
1.625
1.675
1.725
1.775
1.825
1.875
1.925
1.975
2.025
2.075
2.125
2.175
2.225
2.275
2.325
2.375
2.425
2.475
2.525
2.575
2.625
2.675
2.725
2.775
2.825
2.875
2.925
2.975
3.025
3.075
3.125
3.175
3.225
3.275
3.325
3.375
3.425
3.475
3.525
3.575
3.625
3.675
3.725
3.775
3.825
3.875
3.925
3.975
4.025
4.075
4.125
4.175
4.225
4.275
4.325
4.375
4.425
4.475
4.525
4.575
4.625
4.675
4.725
4.775
4.825
4.875
4.925
4.975
0.025
0.075
0.125
0.175
0.225
0.275
0.325
0.375
0.425
0.475
0.525
0.575
0.625
0.675
0.725
0.775
0.825
0.875
0.925
0.975
1.025
1.075
1.125
1.175
1.225
1.275
1.325
1.375
1.425
1.475
1.525
1.575
1.625
1.675
1.725
1.775
1.825
1.875
1.925
1.975
2.025
2.075
2.125
2.175
2.225
2.275
2.325
2.375
2.425
2.475
2.525
2.575
2.625
2.675
2.725
2.775
2.825
2.875
2.925
2.975
3.025
3.075
3.125
3.175
3.225
3.275
3.325
3.375
3.425
3.475
3.525
3.575
3.625
3.675
3.725
3.775
3.825
3.875
3.925
3.975
4.025
4.075
4.125
4.175
4.225
4.275
4.325
4.375
4.425
4.475
4.525
4.575
4.625
4.675
4.725
4.775
4.825
4.875
4.925
4.975
0.025
0.075
0.125
0.175
0.225
0.275
0.325
0.375
0.425
0.475
0.525
0.575
0.625
0.675
0.725
0.775
0.825
0.875
0.925
0.975
1.025
1.075
1.125
1.175
1.225
1.275
1.325
1.375
1.425
1.475
1.525
1.575
1.625
1.675
1.725
1.775
1.825
1.875
1.925
1.975
2.025
2.075
2.125
2.175
2.225
2.275
2.325
2.375
2.425
2.475
2.525
2.575
2.625
2.675
2.725
2.775
2.825
2.875
2.925
2.975
3.025
3.075
3.125
3.175
3.225
3.275
3.325
3.375
3.425
3.475
3.525
3.575
3.625
3.675
3.725
3.775
3.825
3.875
3.925
3.975
4.025
4.075
4.125
4.175
4.225
4.275
4.325
4.375
4.425
4.475
4.525
4.575
4.625
4.675
4.725
4.775
4.825
4.875
4.925
4.975
0.025
0.075
0.125
0.175
0.225
0.275
0.325
0.375
0.425
0.475
0.525
0.575
0.625
0.675
0.725
0.775
0.825
0.875
0.925
0.975
1.025
1.075
1.125
1.175
1.225
1.275
1.325
1.375
1.425
1.475
1.525
1.575
1.625
1.675
1.725
1.775
1.825
1.875
1.925
1.975
2.025
2.075
2.125
2.175
2.225
2.275
2.325
2.375
2.425
2.475
2.525
2.575
2.625
2.675
2.725
2.775
2.825
2.875
2.925
2.975
3.025
3.075
3.125
3.175
3.225
3.275
3.325
3.375
3.425
3.475
3.525
3.575
3.625
3.675
3.725
3.775
3.825
3.875
3.925
3.975
4.025
4.075
4.125
4.175
4.225
4.275
4.325
4.375
4.425
4.475
4.525
4.575
4.625
4.675
4.725
4.775
4.825
4.875
4.925
4.975
0.025
0.075
0.125
0.175
0.225
0.275
0.325
0.375
0.425
0.475
0.525
0.575
0.625
0.675
0.725
0.775
0.825
0.875
0.925
0.975
1.025
1.075
1.125
1.175
1.225
1.275
1.325
1.375
1.425
1.475
1.525
1.575
1.625
1.675
1.725
1.775
1.825
1.875
1.925
1.975
2.025
2.075
2.125
2.175
2.225
2.275
2.325
2.375
2.425
2.475
2.525
2.575
2.625
2.675
2.725
2.775
2.825
2.875
2.925
2.975
3.025
3.075
3.125
3.175
3.225
3.275
3.325
3.375
3.425
3.475
3.525
3.575
3.625
3.675
3.725
3.775
3.825
3.875
3.925
3.975
4.025
4.075
4.125
4.175
4.225
4.275
4.325
4.375
4.425
4.475
4.525
4.575
4.625
4.675
4.725
4.775
4.825
4.875
4.925
4.975
0.025
0.075
0.125
0.175
0.225
0.275
0.325
0.375
0.425
0.475
0.525
0.575
0.625
0.675
0.725
0.775
0.825
0.875
0.925
0.975
1.025
1.075
1.125
1.175
1.225
1.275
1.325
1.375
1.425
1.475
1.525
1.575
1.625
1.675
1.725
1.775
1.825
1.875
1.925
1.975
2.025
2.075
2.125
2.175
2.225
2.275
2.325
2.375
2.425
2.475
2.525
2.575
2.625
2.675
2.725
2.775
2.825
2.875
2.925
2.975
3.025
3.075
3.125
3.175
3.225
3.275
3.325
3.375
3.425
3.475
3.525
3.575
3.625
3.675
3.725
3.775
3.825
3.875
3.925
3.975
4.025
4.075
4.125
4.175
4.225
4.275
4.325
4.375
4.425
4.475
4.525
4.575
4.625
4.675
4.725
4.775
4.825
4.875
4.925
4.975
0.025
0.075
0.125
0.175
0.225
0.275
0.325
0.375
0.425
0.475
0.525
0.575
0.625
0.675
0.725
0.775
0.825
0.875
0.925
0.975
1.025
1.075
1.125
1.175
1.225
1.275
1.325
1.375
1.425
1.475
1.525
1.575
1.625
1.675
1.725
1.775
1.825
1.875
1.925
1.975
2.025
2.075
2.125
2.175
2.225
2.275
2.325
2.375
2.425
2.475
2.525
2.575
2.625
2.675
2.725
2.775
2.825
2.875
2.925
2.975
3.025
3.075
3.125
3.175
3.225
3.275
3.325
3.375
3.425
3.475
3.525
3.575
3.625
3.675
3.725
3.775
3.825
3.875
3.925
3.975
4.025
4.075
4.125
4.175
4.225
4.275
4.325
4.375
4.425
4.475
4.525
4.575
4.625
4.675
4.725
4.775
4.825
4.875
4.925
4.975
0.025
0.075
0.125
0.175
0.225
0.275
0.325
0.375
0.425
0.475
0.525
0.575
0.625
0.675
0.725
0.775
0.825
0.875
0.925
0.975
1.025
1.075
1.125
1.175
1.225
1.275
1.325
1.375
1.425
1.475
1.525
1.575
1.625
1.675
1.725
1.775
1.825
1.875
1.925
1.975
2.025
2.075
2.125
2.175
2.225
2.275
2.325
2.375
2.425
2.475
2.525
2.575
2.625
2.675
2.725
2.775
2.825
2.875
2.925
2.975
3.025
3.075
3.125
3.175
3.225
3.275
3.325
3.375
3.425
3.475
3.525
3.575
3.625
3.675
3.725
3.775
3.825
3.875
3.925
3.975
4.025
4.075
4.125
4.175
4.225
4.275
4.325
4.375
4.425
4.475
4.525
4.575
4.625
4.675
4.725
4.775
4.825
4.875
4.925
4.975
0.025
0.075
0.125
0.175
0.225
0.275
0.325
0.375
0.425
0.475
0.525
0.575
0.625
0.675
0.725
0.775
0.825
0.875
0.925
0.975
1.025
1.075
1.125
1.175
1.225
1.275
1.325
1.375
1.425
1.475
1.525
1.575
1.625
1.675
1.725
1.775
1.825
1.875
1.925
1.975
2.025
2.075
2.125
2.175
2.225
2.275
2.325
2.375
2.425
2.475
2.525
2.575
2.625
2.675
2.725
2.775
2.825
2.875
2.925
2.975
3.025
3.075
3.125
3.175
3.225
3.275
3.325
3.375
3.425
3.475
3.525
3.575
3.625
3.675
3.725
3.775
3.825
3.875
3.925
3.975
4.025
4.075
4.125
4.175
4.225
4.275
4.325
4.375
4.425
4.475
4.525
4.575
4.625
4.675
4.725
4.775
4.825
4.875
4.925
4.975
0.025
0.075
0.125
0.175
0.225
0.275
0.325
0.375
0.425
0.475
0.525
0.575
0.625
0.675
0.725
0.775
0.825
0.875
0.925
0.975
1.025
1.075
1.125
1.175
1.225
1.275
1.325
1.375
1.425
1.475
1.525
1.575
1.625
1.675
1.725
1.775
1.825
1.875
1.925
1.975
2.025
2.075
2.125
2.175
2.225
2.275
2.325
2.375
2.425
2.475
2.525
2.575
2.625
2.675
2.725
2.775
2.825
2.875
2.925
2.975
3.025
3.075
3.125
3.175
3.225
3.275
3.325
3.375
3.425
3.475
3.525
3.575
3.625
3.675
3.725
3.775
3.825
3.875
3.925
3.975
4.025
4.075
4.125
4.175
4.225
4.275
4.325
4.375
4.425
4.475
4.525
4.575
4.625
4.675
4.725
4.775
4.825
4.875
4.925
4.975
0.025
0.075
0.125
0.175
0.225
0.275
0.325
0.375
0.425
0.475
0.525
0.575
0.625
0.675
0.725
0.775
0.825
0.875
0.925
0.975
1.025
1.075
1.125
1.175
1.225
1.275
1.325
1.375
1.425
1.475
1.525
1.575
1.625
1.675
1.725
1.775
1.825
1.875
1.925
1.975
2.025
2.075
2.125
2.175
2.225
2.275
2.325
2.375
2.425
2.475
2.525
2.575
2.625
2.675
2.725
2.775
2.825
2.875
2.925
2.975
3.025
3.075
3.125
3.175
3.225
3.275
3.325
3.375
3.425
3.475
3.525
3.575
3.625
3.675
3.725
3.775
3.825
3.875
3.925
3.975
4.025
4.075
4.125
4.175
4.225
4.275
4.325
4.375
4.425
4.475
4.525
4.575
4.625
4.675
4.725
4.775
4.825
4.875
4.925
4.975
0.025
0.075
0.125
0.175
0.225
0.275
0.325
0.375
0.425
0.475
0.525
0.575
0.625
0.675
0.725
0.775
0.825
0.875
0.925
0.975
1.025
1.075
1.125
1.175
1.225
1.275
1.325
1.375
1.425
1.475
1.525
1.575
1.625
1.675
1.725
1.775
1.825
1.875
1.925
1.975
2.025
2.075
2.125
2.175
2.225
2.275
2.325
2.375
2.425
2.475
2.525
2.575
2.625
2.675
2.725
2.775
2.825
2.875
2.925
2.975
3.025
3.075
3.125
3.175
3.225
3.275
3.325
3.375
3.425
3.475
3.525
3.575
3.625
3.675
3.725
3.775
3.825
3.875
3.925
3.975
4.025
4.075
4.125
4.175
4.225
4.275
4.325
4.375
4.425
4.475
4.525
4.575
4.625
4.675
4.725
4.775
4.825
4.875
4.925
4.975
5.00013
5.0004
5.00067
5.00093
5.0012
5.00147
5.00173
5.002
5.00227
5.00253
5.0028
5.00307
5.00333
5.0036
5.00387
5.00413
5.0044
5.00467
5.00493
5.0052
5.00547
5.00573
5.006
5.00627
5.00653
5.0068
5.00707
5.00733
5.0076
5.00787
5.00813
5.0084
5.00867
5.00893
5.0092
5.00947
5.00973
5.01
5.01027
5.01053
5.0108
5.01107
5.01133
5.0116
5.01187
5.01213
5.0124
5.01267
5.01293
5.0132
5.01347
5.01373
5.014
5.01427
5.01453
5.0148
5.01507
5.01533
5.0156
5.01587
5.01613
5.0164
5.01667
5.01693
5.0172
5.01747
5.01773
5.018
5.01827
5.01853
5.0188
5.01907
5.01933
5.0196
5.01987
5.02013
5.0204
5.02067
5.02093
5.0212
5.02147
5.02173
5.022
5.02227
5.02253
5.0228
5.02307
5.02333
5.0236
5.02387
5.02413
5.0244
5.02467
5.02493
5.0252
5.02547
5.02573
5.026
5.02627
5.02653
5.00031
5.00093
5.00156
5.00218
5.0028
5.00342
5.00404
5.00467
5.00529
5.00591
5.00653
5.00716
5.00778
5.0084
5.00902
5.00964
5.01027
5.01089
5.01151
5.01213
5.01276
5.01338
5.014
5.01462
5.01524
5.01587
5.01649
5.01711
5.01773
5.01836
5.01898
5.0196
5.02022
5.02084
5.02147
5.02209
5.02271
5.02333
5.02396
5.02458
5.0252
5.02582
5.02644
5.02707
5.02769
5.02831
5.02893
5.02956
5.03018
5.0308
5.03142
5.03204
5.03267
5.03329
5.03391
5.03453
5.03516
5.03578
5.0364
5.03702
5.03764
5.03827
5.03889
5.03951
5.04013
5.04076
5.04138
5.042
5.04262
5.04324
5.04387
5.04449
5.04511
5.04573
5.04636
5.04698
5.0476
5.04822
5.04884
5.04947
5.05009
5.05071
5.05133
5.05196
5.05258
5.0532
5.05382
5.05444
5.05507
5.05569
5.05631
5.05693
5.05756
5.05818
5.0588
5.05942
5.06004
5.06067
5.06129
5.06191
5.00051
5.00152
5.00253
5.00355
5.00456
5.00557
5.00659
5.0076
5.00861
5.00963
5.01064
5.01165
5.01267
5.01368
5.01469
5.01571
5.01672
5.01773
5.01875
5.01976
5.02077
5.02179
5.0228
5.02381
5.02483
5.02584
5.02685
5.02787
5.02888
5.02989
5.03091
5.03192
5.03293
5.03395
5.03496
5.03597
5.03699
5.038
5.03901
5.04003
5.04104
5.04205
5.04307
5.04408
5.04509
5.04611
5.04712
5.04813
5.04915
5.05016
5.05117
5.05219
5.0532
5.05421
5.05523
5.05624
5.05725
5.05827
5.05928
5.06029
5.06131
5.06232
5.06333
5.06435
5.06536
5.06637
5.06739
5.0684
5.06941
5.07043
5.07144
5.07245
5.07347
5.07448
5.07549
5.07651
5.07752
5.07853
5.07955
5.08056
5.08157
5.08259
5.0836
5.08461
5.08563
5.08664
5.08765
5.08867
5.08968
5.09069
5.09171
5.09272
5.09373
5.09475
5.09576
5.09677
5.09779
5.0988
5.09981
5.10083
5.0007
5.00211
5.00352
5.00493
5.00634
5.00775
5.00916
5.01057
5.01198
5.01339
5.0148
5.01621
5.01762
5.01903
5.02044
5.02185
5.02326
5.02467
5.02608
5.02749
5.0289
5.0303
5.03171
5.03312
5.03453
5.03594
5.03735
5.03876
5.04017
5.04158
5.04299
5.0444
5.04581
5.04722
5.04863
5.05004
5.05145
5.05286
5.05427
5.05568
5.05709
5.0585
5.0599
5.06131
5.06272
5.06413
5.06554
5.06695
5.06836
5.06977
5.07118
5.07259
5.074
5.07541
5.07682
5.07823
5.07964
5.08105
5.08246
5.08387
5.08528
5.08669
5.0881
5.0895
5.09091
5.09232
5.09373
5.09514
5.09655
5.09796
5.09937
5.10078
5.10219
5.1036
5.10501
5.10642
5.10783
5.10924
5.11065
5.11206
5.11347
5.11488
5.11629
5.1177
5.1191
5.12051
5.12192
5.12333
5.12474
5.12615
5.12756
5.12897
5.13038
5.13179
5.1332
5.13461
5.13602
5.13743
5.13884
5.14025
5.0009
5.00271
5.00452
5.00633
5.00813
5.00994
5.01175
5.01356
5.01536
5.01717
5.01898
5.02079
5.02259
5.0244
5.02621
5.02801
5.02982
5.03163
5.03344
5.03524
5.03705
5.03886
5.04067
5.04247
5.04428
5.04609
5.0479
5.0497
5.05151
5.05332
5.05513
5.05693
5.05874
5.06055
5.06236
5.06416
5.06597
5.06778
5.06959
5.07139
5.0732
5.07501
5.07681
5.07862
5.08043
5.08224
5.08404
5.08585
5.08766
5.08947
5.09127
5.09308
5.09489
5.0967
5.0985
5.10031
5.10212
5.10393
5.10573
5.10754
5.10935
5.11116
5.11296
5.11477
5.11658
5.11839
5.12019
5.122
5.12381
5.12561
5.12742
5.12923
5.13104
5.13284
5.13465
5.13646
5.13827
5.14007
5.14188
5.14369
5.1455
5.1473
5.14911
5.15092
5.15273
5.15453
5.15634
5.15815
5.15996
5.16176
5.16357
5.16538
5.16719
5.16899
5.1708
5.17261
5.17441
5.17622
5.17803
5.17984
5.0011
5.00331
5.00552
5.00772
5.00993
5.01213
5.01434
5.01655
5.01875
5.02096
5.02316
5.02537
5.02758
5.02978
5.03199
5.03419
5.0364
5.03861
5.04081
5.04302
5.04522
5.04743
5.04964
5.05184
5.05405
5.05625
5.05846
5.06067
5.06287
5.06508
5.06728
5.06949
5.0717
5.0739
5.07611
5.07832
5.08052
5.08273
5.08493
5.08714
5.08935
5.09155
5.09376
5.09596
5.09817
5.10038
5.10258
5.10479
5.10699
5.1092
5.11141
5.11361
5.11582
5.11802
5.12023
5.12244
5.12464
5.12685
5.12905
5.13126
5.13347
5.13567
5.13788
5.14008
5.14229
5.1445
5.1467
5.14891
5.15112
5.15332
5.15553
5.15773
5.15994
5.16215
5.16435
5.16656
5.16876
5.17097
5.17318
5.17538
5.17759
5.17979
5.182
5.18421
5.18641
5.18862
5.19082
5.19303
5.19524
5.19744
5.19965
5.20185
5.20406
5.20627
5.20847
5.21068
5.21288
5.21509
5.2173
5.2195
5.0013
5.00391
5.00651
5.00912
5.01172
5.01433
5.01693
5.01954
5.02214
5.02475
5.02735
5.02996
5.03256
5.03517
5.03777
5.04038
5.04298
5.04559
5.04819
5.0508
5.05341
5.05601
5.05862
5.06122
5.06383
5.06643
5.06904
5.07164
5.07425
5.07685
5.07946
5.08206
5.08467
5.08727
5.08988
5.09248
5.09509
5.09769
5.1003
5.1029
5.10551
5.10811
5.11072
5.11332
5.11593
5.11853
5.12114
5.12374
5.12635
5.12895
5.13156
5.13416
5.13677
5.13937
5.14198
5.14458
5.14719
5.14979
5.1524
5.15501
5.15761
5.16022
5.16282
5.16543
5.16803
5.17064
5.17324
5.17585
5.17845
5.18106
5.18366
5.18627
5.18887
5.19148
5.19408
5.19669
5.19929
5.2019
5.2045
5.20711
5.20971
5.21232
5.21492
5.21753
5.22013
5.22274
5.22534
5.22795
5.23055
5.23316
5.23576
5.23837
5.24097
5.24358
5.24618
5.24879
5.25139
5.254
5.25661
5.25921
5.0015
5.00451
5.00751
5.01052
5.01352
5.01652
5.01953
5.02253
5.02554
5.02854
5.03155
5.03455
5.03756
5.04056
5.04356
5.04657
5.04957
5.05258
5.05558
5.05859
5.06159
5.0646
5.0676
5.0706
5.07361
5.07661
5.07962
5.08262
5.08563
5.08863
5.09164
5.09464
5.09764
5.10065
5.10365
5.10666
5.10966
5.11267
5.11567
5.11868
5.12168
5.12468
5.12769
5.13069
5.1337
5.1367
5.13971
5.14271
5.14572
5.14872
5.15172
5.15473
5.15773
5.16074
5.16374
5.16675
5.16975
5.17276
5.17576
5.17876
5.18177
5.18477
5.18778
5.19078
5.19379
5.19679
5.1998
5.2028
5.2058
5.20881
5.21181
5.21482
5.21782
5.22083
5.22383
5.22684
5.22984
5.23284
5.23585
5.23885
5.24186
5.24486
5.24787
5.25087
5.25388
5.25688
5.25988
5.26289
5.26589
5.2689
5.2719
5.27491
5.27791
5.28092
5.28392
5.28692
5.28993
5.29293
5.29594
5.29894
5.0017
5.00511
5.00851
5.01191
5.01532
5.01872
5.02213
5.02553
5.02893
5.03234
5.03574
5.03915
5.04255
5.04595
5.04936
5.05276
5.05616
5.05957
5.06297
5.06638
5.06978
5.07318
5.07659
5.07999
5.0834
5.0868
5.0902
5.09361
5.09701
5.10042
5.10382
5.10722
5.11063
5.11403
5.11744
5.12084
5.12424
5.12765
5.13105
5.13445
5.13786
5.14126
5.14467
5.14807
5.15147
5.15488
5.15828
5.16169
5.16509
5.16849
5.1719
5.1753
5.17871
5.18211
5.18551
5.18892
5.19232
5.19573
5.19913
5.20253
5.20594
5.20934
5.21275
5.21615
5.21955
5.22296
5.22636
5.22976
5.23317
5.23657
5.23998
5.24338
5.24678
5.25019
5.25359
5.257
5.2604
5.2638
5.26721
5.27061
5.27402
5.27742
5.28082
5.28423
5.28763
5.29104
5.29444
5.29784
5.30125
5.30465
5.30805
5.31146
5.31486
5.31827
5.32167
5.32507
5.32848
5.33188
5.33529
5.33869
5.0019
5.00571
5.00951
5.01331
5.01712
5.02092
5.02472
5.02853
5.03233
5.03613
5.03994
5.04374
5.04754
5.05135
5.05515
5.05895
5.06276
5.06656
5.07036
5.07417
5.07797
5.08178
5.08558
5.08938
5.09319
5.09699
5.10079
5.1046
5.1084
5.1122
5.11601
5.11981
5.12361
5.12742
5.13122
5.13502
5.13883
5.14263
5.14644
5.15024
5.15404
5.15785
5.16165
5.16545
5.16926
5.17306
5.17686
5.18067
5.18447
5.18827
5.19208
5.19588
5.19968
5.20349
5.20729
5.21109
5.2149
5.2187
5.22251
5.22631
5.23011
5.23392
5.23772
5.24152
5.24533
5.24913
5.25293
5.25674
5.26054
5.26434
5.26815
5.27195
5.27575
5.27956
5.28336
5.28716
5.29097
5.29477
5.29858
5.30238
5.30618
5.30999
5.31379
5.31759
5.3214
5.3252
5.329
5.33281
5.33661
5.34041
5.34422
5.34802
5.35182
5.35563
5.35943
5.36324
5.36704
5.37084
5.37465
5.37845
5.0021
5.0063
5.01051
5.01471
5.01891
5.02312
5.02732
5.03152
5.03573
5.03993
5.04413
5.04834
5.05254
5.05674
5.06095
5.06515
5.06935
5.07356
5.07776
5.08196
5.08617
5.09037
5.09457
5.09877
5.10298
5.10718
5.11138
5.11559
5.11979
5.12399
5.1282
5.1324
5.1366
5.14081
5.14501
5.14921
5.15342
5.15762
5.16182
5.16603
5.17023
5.17443
5.17863
5.18284
5.18704
5.19124
5.19545
5.19965
5.20385
5.20806
5.21226
5.21646
5.22067
5.22487
5.22907
5.23328
5.23748
5.24168
5.24589
5.25009
5.25429
5.2585
5.2627
5.2669
5.2711
5.27531
5.27951
5.28371
5.28792
5.29212
5.29632
5.30053
5.30473
5.30893
5.31314
5.31734
5.32154
5.32575
5.32995
5.33415
5.33836
5.34256
5.34676
5.35097
5.35517
5.35937
5.36357
5.36778
5.37198
5.37618
5.38039
5.38459
5.38879
5.393
5.3972
5.4014
5.40561
5.40981
5.41401
5.41822
5.0023
5.0069
5.01151
5.01611
5.02071
5.02532
5.02992
5.03452
5.03912
5.04373
5.04833
5.05293
5.05754
5.06214
5.06674
5.07134
5.07595
5.08055
5.08515
5.08976
5.09436
5.09896
5.10357
5.10817
5.11277
5.11737
5.12198
5.12658
5.13118
5.13579
5.14039
5.14499
5.14959
5.1542
5.1588
5.1634
5.16801
5.17261
5.17721
5.18181
5.18642
5.19102
5.19562
5.20023
5.20483
5.20943
5.21403
5.21864
5.22324
5.22784
5.23245
5.23705
5.24165
5.24626
5.25086
5.25546
5.26006
5.26467
5.26927
5.27387
5.27848
5.28308
5.28768
5.29228
5.29689
5.30149
5.30609
5.3107
5.3153
5.3199
5.3245
5.32911
5.33371
5.33831
5.34292
5.34752
5.35212
5.35672
5.36133
5.36593
5.37053
5.37514
5.37974
5.38434
5.38894
5.39355
5.39815
5.40275
5.40736
5.41196
5.41656
5.42117
5.42577
5.43037
5.43497
5.43958
5.44418
5.44878
5.45339
5.45799
5.0025
5.0075
5.01251
5.01751
5.02251
5.02751
5.03252
5.03752
5.04252
5.04753
5.05253
5.05753
5.06253
5.06754
5.07254
5.07754
5.08254
5.08755
5.09255
5.09755
5.10255
5.10756
5.11256
5.11756
5.12257
5.12757
5.13257
5.13757
5.14258
5.14758
5.15258
5.15758
5.16259
5.16759
5.17259
5.17759
5.1826
5.1876
5.1926
5.19761
5.20261
5.20761
5.21261
5.21762
5.22262
5.22762
5.23262
5.23763
5.24263
5.24763
5.25263
5.25764
5.26264
5.26764
5.27265
5.27765
5.28265
5.28765
5.29266
5.29766
5.30266
5.30766
5.31267
5.31767
5.32267
5.32767
5.33268
5.33768
5.34268
5.34769
5.35269
5.35769
5.36269
5.3677
5.3727
5.3777
5.3827
5.38771
5.39271
5.39771
5.40271
5.40772
5.41272
5.41772
5.42273
5.42773
5.43273
5.43773
5.44274
5.44774
5.45274
5.45774
5.46275
5.46775
5.47275
5.47775
5.48276
5.48776
5.49276
5.49777
5.0027
5.0081
5.01351
5.01891
5.02431
5.02971
5.03512
5.04052
5.04592
5.05132
5.05673
5.06213
5.06753
5.07293
5.07834
5.08374
5.08914
5.09454
5.09995
5.10535
5.11075
5.11615
5.12156
5.12696
5.13236
5.13776
5.14317
5.14857
5.15397
5.15937
5.16478
5.17018
5.17558
5.18098
5.18639
5.19179
5.19719
5.20259
5.208
5.2134
5.2188
5.2242
5.2296
5.23501
5.24041
5.24581
5.25121
5.25662
5.26202
5.26742
5.27282
5.27823
5.28363
5.28903
5.29443
5.29984
5.30524
5.31064
5.31604
5.32145
5.32685
5.33225
5.33765
5.34306
5.34846
5.35386
5.35926
5.36467
5.37007
5.37547
5.38087
5.38628
5.39168
5.39708
5.40248
5.40789
5.41329
5.41869
5.42409
5.4295
5.4349
5.4403
5.4457
5.45111
5.45651
5.46191
5.46731
5.47272
5.47812
5.48352
5.48892
5.49433
5.49973
5.50513
5.51053
5.51594
5.52134
5.52674
5.53214
5.53755
5.0029
5.0087
5.01451
5.02031
5.02611
5.03191
5.03771
5.04352
5.04932
5.05512
5.06092
5.06673
5.07253
5.07833
5.08413
5.08994
5.09574
5.10154
5.10734
5.11314
5.11895
5.12475
5.13055
5.13635
5.14216
5.14796
5.15376
5.15956
5.16537
5.17117
5.17697
5.18277
5.18857
5.19438
5.20018
5.20598
5.21178
5.21759
5.22339
5.22919
5.23499
5.2408
5.2466
5.2524
5.2582
5.264
5.26981
5.27561
5.28141
5.28721
5.29302
5.29882
5.30462
5.31042
5.31623
5.32203
5.32783
5.33363
5.33943
5.34524
5.35104
5.35684
5.36264
5.36845
5.37425
5.38005
5.38585
5.39166
5.39746
5.40326
5.40906
5.41486
5.42067
5.42647
5.43227
5.43807
5.44388
5.44968
5.45548
5.46128
5.46709
5.47289
5.47869
5.48449
5.49029
5.4961
5.5019
5.5077
5.5135
5.51931
5.52511
5.53091
5.53671
5.54251
5.54832
5.55412
5.55992
5.56572
5.57153
5.57733
5.00314
5.00941
5.01568
5.02195
5.02822
5.03449
5.04076
5.04703
5.0533
5.05957
5.06584
5.07211
5.07838
5.08465
5.09092
5.09719
5.10346
5.10973
5.116
5.12227
5.12854
5.13481
5.14109
5.14736
5.15363
5.1599
5.16617
5.17244
5.17871
5.18498
5.19125
5.19752
5.20379
5.21006
5.21633
5.2226
5.22887
5.23514
5.24141
5.24768
5.25395
5.26022
5.26649
5.27276
5.27903
5.28531
5.29158
5.29785
5.30412
5.31039
5.31666
5.32293
5.3292
5.33547
5.34174
5.34801
5.35428
5.36055
5.36682
5.37309
5.37936
5.38563
5.3919
5.39817
5.40444
5.41071
5.41698
5.42326
5.42953
5.4358
5.44207
5.44834
5.45461
5.46088
5.46715
5.47342
5.47969
5.48596
5.49223
5.4985
5.50477
5.51104
5.51731
5.52358
5.52985
5.53612
5.54239
5.54866
5.55493
5.56121
5.56748
5.57375
5.58002
5.58629
5.59256
5.59883
5.6051
5.61137
5.61764
5.62391
5.0034
5.01021
5.01701
5.02381
5.03062
5.03742
5.04422
5.05103
5.05783
5.06463
5.07144
5.07824
5.08504
5.09185
5.09865
5.10545
5.11226
5.11906
5.12586
5.13267
5.13947
5.14627
5.15308
5.15988
5.16669
5.17349
5.18029
5.1871
5.1939
5.2007
5.20751
5.21431
5.22111
5.22792
5.23472
5.24152
5.24833
5.25513
5.26193
5.26874
5.27554
5.28234
5.28915
5.29595
5.30276
5.30956
5.31636
5.32317
5.32997
5.33677
5.34358
5.35038
5.35718
5.36399
5.37079
5.37759
5.3844
5.3912
5.398
5.40481
5.41161
5.41841
5.42522
5.43202
5.43882
5.44563
5.45243
5.45924
5.46604
5.47284
5.47965
5.48645
5.49325
5.50006
5.50686
5.51366
5.52047
5.52727
5.53407
5.54088
5.54768
5.55448
5.56129
5.56809
5.57489
5.5817
5.5885
5.59531
5.60211
5.60891
5.61572
5.62252
5.62932
5.63613
5.64293
5.64973
5.65654
5.66334
5.67014
5.67695
5.00367
5.011
5.01834
5.02568
5.03301
5.04035
5.04769
5.05502
5.06236
5.0697
5.07703
5.08437
5.09171
5.09904
5.10638
5.11372
5.12105
5.12839
5.13573
5.14306
5.1504
5.15774
5.16507
5.17241
5.17975
5.18708
5.19442
5.20176
5.20909
5.21643
5.22377
5.2311
5.23844
5.24577
5.25311
5.26045
5.26778
5.27512
5.28246
5.28979
5.29713
5.30447
5.3118
5.31914
5.32648
5.33381
5.34115
5.34849
5.35582
5.36316
5.3705
5.37783
5.38517
5.39251
5.39984
5.40718
5.41452
5.42185
5.42919
5.43653
5.44386
5.4512
5.45854
5.46587
5.47321
5.48055
5.48788
5.49522
5.50255
5.50989
5.51723
5.52456
5.5319
5.53924
5.54657
5.55391
5.56125
5.56858
5.57592
5.58326
5.59059
5.59793
5.60527
5.6126
5.61994
5.62728
5.63461
5.64195
5.64929
5.65662
5.66396
5.6713
5.67863
5.68597
5.69331
5.70064
5.70798
5.71532
5.72265
5.72999
5.00393
5.0118
5.01967
5.02754
5.03541
5.04328
5.05115
5.05902
5.06689
5.07476
5.08263
5.0905
5.09837
5.10624
5.11411
5.12198
5.12985
5.13772
5.14559
5.15346
5.16133
5.1692
5.17707
5.18494
5.19281
5.20068
5.20855
5.21642
5.22429
5.23216
5.24003
5.24789
5.25576
5.26363
5.2715
5.27937
5.28724
5.29511
5.30298
5.31085
5.31872
5.32659
5.33446
5.34233
5.3502
5.35807
5.36594
5.37381
5.38168
5.38955
5.39742
5.40529
5.41316
5.42103
5.4289
5.43677
5.44464
5.45251
5.46038
5.46825
5.47612
5.48399
5.49185
5.49972
5.50759
5.51546
5.52333
5.5312
5.53907
5.54694
5.55481
5.56268
5.57055
5.57842
5.58629
5.59416
5.60203
5.6099
5.61777
5.62564
5.63351
5.64138
5.64925
5.65712
5.66499
5.67286
5.68073
5.6886
5.69647
5.70434
5.71221
5.72008
5.72795
5.73582
5.74368
5.75155
5.75942
5.76729
5.77516
5.78303
5.0042
5.0126
5.02101
5.02941
5.03781
5.04622
5.05462
5.06302
5.07142
5.07983
5.08823
5.09663
5.10504
5.11344
5.12184
5.13024
5.13865
5.14705
5.15545
5.16386
5.17226
5.18066
5.18906
5.19747
5.20587
5.21427
5.22267
5.23108
5.23948
5.24788
5.25629
5.26469
5.27309
5.28149
5.2899
5.2983
5.3067
5.31511
5.32351
5.33191
5.34031
5.34872
5.35712
5.36552
5.37393
5.38233
5.39073
5.39913
5.40754
5.41594
5.42434
5.43275
5.44115
5.44955
5.45795
5.46636
5.47476
5.48316
5.49157
5.49997
5.50837
5.51677
5.52518
5.53358
5.54198
5.55038
5.55879
5.56719
5.57559
5.584
5.5924
5.6008
5.6092
5.61761
5.62601
5.63441
5.64282
5.65122
5.65962
5.66802
5.67643
5.68483
5.69323
5.70164
5.71004
5.71844
5.72684
5.73525
5.74365
5.75205
5.76046
5.76886
5.77726
5.78566
5.79407
5.80247
5.81087
5.81928
5.82768
5.83608
5.00447
5.0134
5.02234
5.03128
5.04021
5.04915
5.05808
5.06702
5.07596
5.08489
5.09383
5.10276
5.1117
5.12064
5.12957
5.13851
5.14744
5.15638
5.16532
5.17425
5.18319
5.19212
5.20106
5.21
5.21893
5.22787
5.2368
5.24574
5.25468
5.26361
5.27255
5.28148
5.29042
5.29936
5.30829
5.31723
5.32616
5.3351
5.34404
5.35297
5.36191
5.37084
5.37978
5.38872
5.39765
5.40659
5.41552
5.42446
5.4334
5.44233
5.45127
5.4602
5.46914
5.47808
5.48701
5.49595
5.50488
5.51382
5.52276
5.53169
5.54063
5.54956
5.5585
5.56744
5.57637
5.58531
5.59424
5.60318
5.61212
5.62105
5.62999
5.63892
5.64786
5.6568
5.66573
5.67467
5.6836
5.69254
5.70147
5.71041
5.71935
5.72828
5.73722
5.74615
5.75509
5.76403
5.77296
5.7819
5.79083
5.79977
5.80871
5.81764
5.82658
5.83551
5.84445
5.85339
5.86232
5.87126
5.88019
5.88913
5.00473
5.0142
5.02367
5.03314
5.04261
5.05208
5.06155
5.07102
5.08049
5.08996
5.09943
5.1089
5.11836
5.12783
5.1373
5.14677
5.15624
5.16571
5.17518
5.18465
5.19412
5.20359
5.21306
5.22253
5.23199
5.24146
5.25093
5.2604
5.26987
5.27934
5.28881
5.29828
5.30775
5.31722
5.32669
5.33616
5.34562
5.35509
5.36456
5.37403
5.3835
5.39297
5.40244
5.41191
5.42138
5.43085
5.44032
5.44979
5.45925
5.46872
5.47819
5.48766
5.49713
5.5066
5.51607
5.52554
5.53501
5.54448
5.55395
5.56342
5.57288
5.58235
5.59182
5.60129
5.61076
5.62023
5.6297
5.63917
5.64864
5.65811
5.66758
5.67705
5.68651
5.69598
5.70545
5.71492
5.72439
5.73386
5.74333
5.7528
5.76227
5.77174
5.78121
5.79068
5.80014
5.80961
5.81908
5.82855
5.83802
5.84749
5.85696
5.86643
5.8759
5.88537
5.89484
5.90431
5.91377
5.92324
5.93271
5.94218
5.005
5.015
5.02501
5.03501
5.04501
5.05501
5.06502
5.07502
5.08502
5.09502
5.10502
5.11503
5.12503
5.13503
5.14503
5.15504
5.16504
5.17504
5.18504
5.19505
5.20505
5.21505
5.22505
5.23506
5.24506
5.25506
5.26506
5.27507
5.28507
5.29507
5.30507
5.31507
5.32508
5.33508
5.34508
5.35508
5.36509
5.37509
5.38509
5.39509
5.4051
5.4151
5.4251
5.4351
5.44511
5.45511
5.46511
5.47511
5.48511
5.49512
5.50512
5.51512
5.52512
5.53513
5.54513
5.55513
5.56513
5.57514
5.58514
5.59514
5.60514
5.61515
5.62515
5.63515
5.64515
5.65516
5.66516
5.67516
5.68516
5.69516
5.70517
5.71517
5.72517
5.73517
5.74518
5.75518
5.76518
5.77518
5.78519
5.79519
5.80519
5.81519
5.8252
5.8352
5.8452
5.8552
5.86521
5.87521
5.88521
5.89521
5.90521
5.91522
5.92522
5.93522
5.94522
5.95523
5.96523
5.97523
5.98523
5.99524
5.00527
5.0158
5.02634
5.03687
5.04741
5.05795
5.06848
5.07902
5.08955
5.10009
5.11062
5.12116
5.13169
5.14223
5.15277
5.1633
5.17384
5.18437
5.19491
5.20544
5.21598
5.22652
5.23705
5.24759
5.25812
5.26866
5.27919
5.28973
5.30026
5.3108
5.32134
5.33187
5.34241
5.35294
5.36348
5.37401
5.38455
5.39508
5.40562
5.41616
5.42669
5.43723
5.44776
5.4583
5.46883
5.47937
5.4899
5.50044
5.51098
5.52151
5.53205
5.54258
5.55312
5.56365
5.57419
5.58472
5.59526
5.6058
5.61633
5.62687
5.6374
5.64794
5.65847
5.66901
5.67955
5.69008
5.70062
5.71115
5.72169
5.73222
5.74276
5.75329
5.76383
5.77437
5.7849
5.79544
5.80597
5.81651
5.82704
5.83758
5.84811
5.85865
5.86919
5.87972
5.89026
5.90079
5.91133
5.92186
5.9324
5.94293
5.95347
5.96401
5.97454
5.98508
5.99561
6.00615
6.01668
6.02722
6.03775
6.04829
5.00553
5.0166
5.02767
5.03874
5.04981
5.06088
5.07195
5.08302
5.09408
5.10515
5.11622
5.12729
5.13836
5.14943
5.1605
5.17157
5.18264
5.1937
5.20477
5.21584
5.22691
5.23798
5.24905
5.26012
5.27119
5.28225
5.29332
5.30439
5.31546
5.32653
5.3376
5.34867
5.35974
5.37081
5.38187
5.39294
5.40401
5.41508
5.42615
5.43722
5.44829
5.45936
5.47042
5.48149
5.49256
5.50363
5.5147
5.52577
5.53684
5.54791
5.55897
5.57004
5.58111
5.59218
5.60325
5.61432
5.62539
5.63646
5.64753
5.65859
5.66966
5.68073
5.6918
5.70287
5.71394
5.72501
5.73608
5.74714
5.75821
5.76928
5.78035
5.79142
5.80249
5.81356
5.82463
5.8357
5.84676
5.85783
5.8689
5.87997
5.89104
5.90211
5.91318
5.92425
5.93531
5.94638
5.95745
5.96852
5.97959
5.99066
6.00173
6.0128
6.02386
6.03493
6.046
6.05707
6.06814
6.07921
6.09028
6.10135
5.0058
5.0174
5.02901
5.04061
5.05221
5.06381
5.07541
5.08702
5.09862
5.11022
5.12182
5.13342
5.14503
5.15663
5.16823
5.17983
5.19143
5.20304
5.21464
5.22624
5.23784
5.24944
5.26105
5.27265
5.28425
5.29585
5.30745
5.31906
5.33066
5.34226
5.35386
5.36546
5.37707
5.38867
5.40027
5.41187
5.42347
5.43508
5.44668
5.45828
5.46988
5.48148
5.49309
5.50469
5.51629
5.52789
5.5395
5.5511
5.5627
5.5743
5.5859
5.59751
5.60911
5.62071
5.63231
5.64391
5.65552
5.66712
5.67872
5.69032
5.70192
5.71353
5.72513
5.73673
5.74833
5.75993
5.77154
5.78314
5.79474
5.80634
5.81794
5.82955
5.84115
5.85275
5.86435
5.87595
5.88756
5.89916
5.91076
5.92236
5.93396
5.94557
5.95717
5.96877
5.98037
5.99197
6.00358
6.01518
6.02678
6.03838
6.04998
6.06159
6.07319
6.08479
6.09639
6.108
6.1196
6.1312
6.1428
6.1544
5.00607
5.0182
5.03034
5.04247
5.05461
5.06674
5.07888
5.09101
5.10315
5.11529
5.12742
5.13956
5.15169
5.16383
5.17596
5.1881
5.20023
5.21237
5.2245
5.23664
5.24877
5.26091
5.27304
5.28518
5.29731
5.30945
5.32159
5.33372
5.34586
5.35799
5.37013
5.38226
5.3944
5.40653
5.41867
5.4308
5.44294
5.45507
5.46721
5.47934
5.49148
5.50361
5.51575
5.52788
5.54002
5.55216
5.56429
5.57643
5.58856
5.6007
5.61283
5.62497
5.6371
5.64924
5.66137
5.67351
5.68564
5.69778
5.70991
5.72205
5.73418
5.74632
5.75846
5.77059
5.78273
5.79486
5.807
5.81913
5.83127
5.8434
5.85554
5.86767
5.87981
5.89194
5.90408
5.91621
5.92835
5.94048
5.95262
5.96476
5.97689
5.98903
6.00116
6.0133
6.02543
6.03757
6.0497
6.06184
6.07397
6.08611
6.09824
6.11038
6.12251
6.13465
6.14678
6.15892
6.17106
6.18319
6.19533
6.20746
5.00633
5.019
5.03167
5.04434
5.05701
5.06968
5.08235
5.09501
5.10768
5.12035
5.13302
5.14569
5.15836
5.17103
5.18369
5.19636
5.20903
5.2217
5.23437
5.24704
5.25971
5.27237
5.28504
5.29771
5.31038
5.32305
5.33572
5.34838
5.36105
5.37372
5.38639
5.39906
5.41173
5.4244
5.43706
5.44973
5.4624
5.47507
5.48774
5.50041
5.51308
5.52574
5.53841
5.55108
5.56375
5.57642
5.58909
5.60176
5.61442
5.62709
5.63976
5.65243
5.6651
5.67777
5.69044
5.7031
5.71577
5.72844
5.74111
5.75378
5.76645
5.77912
5.79178
5.80445
5.81712
5.82979
5.84246
5.85513
5.86779
5.88046
5.89313
5.9058
5.91847
5.93114
5.94381
5.95647
5.96914
5.98181
5.99448
6.00715
6.01982
6.03249
6.04515
6.05782
6.07049
6.08316
6.09583
6.1085
6.12117
6.13383
6.1465
6.15917
6.17184
6.18451
6.19718
6.20985
6.22251
6.23518
6.24785
6.26052
5.0066
5.0198
5.033
5.04621
5.05941
5.07261
5.08581
5.09901
5.11222
5.12542
5.13862
5.15182
5.16502
5.17822
5.19143
5.20463
5.21783
5.23103
5.24423
5.25744
5.27064
5.28384
5.29704
5.31024
5.32344
5.33665
5.34985
5.36305
5.37625
5.38945
5.40265
5.41586
5.42906
5.44226
5.45546
5.46866
5.48187
5.49507
5.50827
5.52147
5.53467
5.54787
5.56108
5.57428
5.58748
5.60068
5.61388
5.62709
5.64029
5.65349
5.66669
5.67989
5.69309
5.7063
5.7195
5.7327
5.7459
5.7591
5.77231
5.78551
5.79871
5.81191
5.82511
5.83831
5.85152
5.86472
5.87792
5.89112
5.90432
5.91752
5.93073
5.94393
5.95713
5.97033
5.98353
5.99674
6.00994
6.02314
6.03634
6.04954
6.06274
6.07595
6.08915
6.10235
6.11555
6.12875
6.14196
6.15516
6.16836
6.18156
6.19476
6.20796
6.22117
6.23437
6.24757
6.26077
6.27397
6.28718
6.30038
6.31358
5.00687
5.0206
5.03434
5.04807
5.06181
5.07554
5.08928
5.10301
5.11675
5.13048
5.14422
5.15795
5.17169
5.18542
5.19916
5.21289
5.22663
5.24036
5.2541
5.26783
5.28157
5.2953
5.30904
5.32277
5.33651
5.35024
5.36398
5.37771
5.39145
5.40518
5.41892
5.43265
5.44639
5.46012
5.47386
5.48759
5.50133
5.51506
5.5288
5.54253
5.55627
5.57
5.58374
5.59748
5.61121
5.62495
5.63868
5.65242
5.66615
5.67989
5.69362
5.70736
5.72109
5.73483
5.74856
5.7623
5.77603
5.78977
5.8035
5.81724
5.83097
5.84471
5.85844
5.87218
5.88591
5.89965
5.91338
5.92712
5.94085
5.95459
5.96832
5.98206
5.99579
6.00953
6.02326
6.037
6.05073
6.06447
6.0782
6.09194
6.10567
6.11941
6.13314
6.14688
6.16061
6.17435
6.18808
6.20182
6.21555
6.22929
6.24302
6.25676
6.27049
6.28423
6.29796
6.3117
6.32543
6.33917
6.3529
6.36664
5.00746
5.02238
5.0373
5.05221
5.06713
5.08205
5.09697
5.11189
5.1268
5.14172
5.15664
5.17156
5.18648
5.20139
5.21631
5.23123
5.24615
5.26107
5.27599
5.2909
5.30582
5.32074
5.33566
5.35058
5.36549
5.38041
5.39533
5.41025
5.42517
5.44008
5.455
5.46992
5.48484
5.49976
5.51468
5.52959
5.54451
5.55943
5.57435
5.58927
5.60418
5.6191
5.63402
5.64894
5.66386
5.67877
5.69369
5.70861
5.72353
5.73845
5.75337
5.76828
5.7832
5.79812
5.81304
5.82796
5.84287
5.85779
5.87271
5.88763
5.90255
5.91746
5.93238
5.9473
5.96222
5.97714
5.99206
6.00697
6.02189
6.03681
6.05173
6.06665
6.08156
6.09648
6.1114
6.12632
6.14124
6.15615
6.17107
6.18599
6.20091
6.21583
6.23074
6.24566
6.26058
6.2755
6.29042
6.30534
6.32025
6.33517
6.35009
6.36501
6.37993
6.39484
6.40976
6.42468
6.4396
6.45452
6.46943
6.48435
5.00836
5.02507
5.04179
5.05851
5.07522
5.09194
5.10866
5.12537
5.14209
5.1588
5.17552
5.19224
5.20895
5.22567
5.24238
5.2591
5.27582
5.29253
5.30925
5.32597
5.34268
5.3594
5.37611
5.39283
5.40955
5.42626
5.44298
5.45969
5.47641
5.49313
5.50984
5.52656
5.54328
5.55999
5.57671
5.59342
5.61014
5.62686
5.64357
5.66029
5.677
5.69372
5.71044
5.72715
5.74387
5.76059
5.7773
5.79402
5.81073
5.82745
5.84417
5.86088
5.8776
5.89431
5.91103
5.92775
5.94446
5.96118
5.9779
5.99461
6.01133
6.02804
6.04476
6.06148
6.07819
6.09491
6.11163
6.12834
6.14506
6.16177
6.17849
6.19521
6.21192
6.22864
6.24535
6.26207
6.27879
6.2955
6.31222
6.32894
6.34565
6.36237
6.37908
6.3958
6.41252
6.42923
6.44595
6.46266
6.47938
6.4961
6.51281
6.52953
6.54625
6.56296
6.57968
6.59639
6.61311
6.62983
6.64654
6.66326
5.00926
5.02777
5.04629
5.0648
5.08332
5.10183
5.12034
5.13886
5.15737
5.17589
5.1944
5.21292
5.23143
5.24995
5.26846
5.28698
5.30549
5.32401
5.34252
5.36103
5.37955
5.39806
5.41658
5.43509
5.45361
5.47212
5.49064
5.50915
5.52767
5.54618
5.5647
5.58321
5.60172
5.62024
5.63875
5.65727
5.67578
5.6943
5.71281
5.73133
5.74984
5.76836
5.78687
5.80538
5.8239
5.84241
5.86093
5.87944
5.89796
5.91647
5.93499
5.9535
5.97202
5.99053
6.00905
6.02756
6.04607
6.06459
6.0831
6.10162
6.12013
6.13865
6.15716
6.17568
6.19419
6.21271
6.23122
6.24974
6.26825
6.28676
6.30528
6.32379
6.34231
6.36082
6.37934
6.39785
6.41637
6.43488
6.4534
6.47191
6.49042
6.50894
6.52745
6.54597
6.56448
6.583
6.60151
6.62003
6.63854
6.65706
6.67557
6.69409
6.7126
6.73111
6.74963
6.76814
6.78666
6.80517
6.82369
6.8422
5.01016
5.03047
5.05078
5.0711
5.09141
5.11172
5.13204
5.15235
5.17266
5.19298
5.21329
5.2336
5.25392
5.27423
5.29454
5.31486
5.33517
5.35548
5.3758
5.39611
5.41642
5.43674
5.45705
5.47736
5.49768
5.51799
5.5383
5.55862
5.57893
5.59924
5.61956
5.63987
5.66018
5.6805
5.70081
5.72112
5.74144
5.76175
5.78206
5.80238
5.82269
5.843
5.86332
5.88363
5.90394
5.92426
5.94457
5.96488
5.9852
6.00551
6.02582
6.04613
6.06645
6.08676
6.10707
6.12739
6.1477
6.16801
6.18833
6.20864
6.22895
6.24927
6.26958
6.28989
6.31021
6.33052
6.35083
6.37115
6.39146
6.41177
6.43209
6.4524
6.47271
6.49303
6.51334
6.53365
6.55397
6.57428
6.59459
6.61491
6.63522
6.65553
6.67585
6.69616
6.71647
6.73679
6.7571
6.77741
6.79773
6.81804
6.83835
6.85867
6.87898
6.89929
6.91961
6.93992
6.96023
6.98055
7.00086
7.02117
5.01106
5.03317
5.05528
5.07739
5.0995
5.12162
5.14373
5.16584
5.18795
5.21007
5.23218
5.25429
5.2764
5.29851
5.32063
5.34274
5.36485
5.38696
5.40908
5.43119
5.4533
5.47541
5.49752
5.51964
5.54175
5.56386
5.58597
5.60809
5.6302
5.65231
5.67442
5.69653
5.71865
5.74076
5.76287
5.78498
5.8071
5.82921
5.85132
5.87343
5.89554
5.91766
5.93977
5.96188
5.98399
6.00611
6.02822
6.05033
6.07244
6.09455
6.11667
6.13878
6.16089
6.183
6.20512
6.22723
6.24934
6.27145
6.29356
6.31568
6.33779
6.3599
6.38201
6.40413
6.42624
6.44835
6.47046
6.49257
6.51469
6.5368
6.55891
6.58102
6.60314
6.62525
6.64736
6.66947
6.69158
6.7137
6.73581
6.75792
6.78003
6.80215
6.82426
6.84637
6.86848
6.89059
6.91271
6.93482
6.95693
6.97904
7.00116
7.02327
7.04538
7.06749
7.0896
7.11172
7.13383
7.15594
7.17805
7.20017
5.01196
5.03587
5.05978
5.08369
5.1076
5.13151
5.15542
5.17933
5.20325
5.22716
5.25107
5.27498
5.29889
5.3228
5.34671
5.37063
5.39454
5.41845
5.44236
5.46627
5.49018
5.51409
5.538
5.56192
5.58583
5.60974
5.63365
5.65756
5.68147
5.70538
5.72929
5.75321
5.77712
5.80103
5.82494
5.84885
5.87276
5.89667
5.92058
5.9445
5.96841
5.99232
6.01623
6.04014
6.06405
6.08796
6.11188
6.13579
6.1597
6.18361
6.20752
6.23143
6.25534
6.27925
6.30317
6.32708
6.35099
6.3749
6.39881
6.42272
6.44663
6.47054
6.49446
6.51837
6.54228
6.56619
6.5901
6.61401
6.63792
6.66184
6.68575
6.70966
6.73357
6.75748
6.78139
6.8053
6.82921
6.85313
6.87704
6.90095
6.92486
6.94877
6.97268
6.99659
7.0205
7.04442
7.06833
7.09224
7.11615
7.14006
7.16397
7.18788
7.21179
7.23571
7.25962
7.28353
7.30744
7.33135
7.35526
7.37917
5.01286
5.03857
5.06428
5.08999
5.1157
5.14141
5.16712
5.19283
5.21854
5.24425
5.26996
5.29567
5.32138
5.34709
5.3728
5.39851
5.42422
5.44993
5.47564
5.50135
5.52707
5.55278
5.57849
5.6042
5.62991
5.65562
5.68133
5.70704
5.73275
5.75846
5.78417
5.80988
5.83559
5.8613
5.88701
5.91272
5.93843
5.96414
5.98985
6.01556
6.04128
6.06699
6.0927
6.11841
6.14412
6.16983
6.19554
6.22125
6.24696
6.27267
6.29838
6.32409
6.3498
6.37551
6.40122
6.42693
6.45264
6.47835
6.50406
6.52978
6.55549
6.5812
6.60691
6.63262
6.65833
6.68404
6.70975
6.73546
6.76117
6.78688
6.81259
6.8383
6.86401
6.88972
6.91543
6.94114
6.96685
6.99256
7.01827
7.04399
7.0697
7.09541
7.12112
7.14683
7.17254
7.19825
7.22396
7.24967
7.27538
7.30109
7.3268
7.35251
7.37822
7.40393
7.42964
7.45535
7.48106
7.50677
7.53248
7.5582
5.01375
5.04126
5.06877
5.09628
5.12379
5.1513
5.17881
5.20632
5.23383
5.26134
5.28885
5.31636
5.34387
5.37138
5.39889
5.4264
5.45391
5.48142
5.50893
5.53644
5.56395
5.59146
5.61897
5.64648
5.67399
5.7015
5.72901
5.75652
5.78403
5.81154
5.83905
5.86656
5.89407
5.92158
5.94909
5.9766
6.00411
6.03162
6.05913
6.08664
6.11415
6.14166
6.16917
6.19668
6.22419
6.2517
6.27921
6.30672
6.33423
6.36174
6.38925
6.41676
6.44427
6.47178
6.49929
6.52679
6.5543
6.58181
6.60932
6.63683
6.66434
6.69185
6.71936
6.74687
6.77438
6.80189
6.8294
6.85691
6.88442
6.91193
6.93944
6.96695
6.99446
7.02197
7.04948
7.07699
7.1045
7.13201
7.15952
7.18703
7.21454
7.24205
7.26956
7.29707
7.32458
7.35209
7.3796
7.40711
7.43462
7.46213
7.48964
7.51715
7.54466
7.57217
7.59968
7.62719
7.6547
7.68221
7.70972
7.73723
5.01465
5.04396
5.07327
5.10258
5.13189
5.1612
5.19051
5.21982
5.24913
5.27844
5.30775
5.33706
5.36637
5.39567
5.42498
5.45429
5.4836
5.51291
5.54222
5.57153
5.60084
5.63015
5.65946
5.68877
5.71808
5.74738
5.77669
5.806
5.83531
5.86462
5.89393
5.92324
5.95255
5.98186
6.01117
6.04048
6.06979
6.0991
6.1284
6.15771
6.18702
6.21633
6.24564
6.27495
6.30426
6.33357
6.36288
6.39219
6.4215
6.45081
6.48012
6.50942
6.53873
6.56804
6.59735
6.62666
6.65597
6.68528
6.71459
6.7439
6.77321
6.80252
6.83183
6.86114
6.89044
6.91975
6.94906
6.97837
7.00768
7.03699
7.0663
7.09561
7.12492
7.15423
7.18354
7.21285
7.24215
7.27146
7.30077
7.33008
7.35939
7.3887
7.41801
7.44732
7.47663
7.50594
7.53525
7.56456
7.59387
7.62317
7.65248
7.68179
7.7111
7.74041
7.76972
7.79903
7.82834
7.85765
7.88696
7.91627
5.01555
5.04666
5.07777
5.10888
5.13999
5.1711
5.20221
5.23332
5.26442
5.29553
5.32664
5.35775
5.38886
5.41997
5.45108
5.48218
5.51329
5.5444
5.57551
5.60662
5.63773
5.66884
5.69995
5.73105
5.76216
5.79327
5.82438
5.85549
5.8866
5.91771
5.94881
5.97992
6.01103
6.04214
6.07325
6.10436
6.13547
6.16658
6.19768
6.22879
6.2599
6.29101
6.32212
6.35323
6.38434
6.41545
6.44655
6.47766
6.50877
6.53988
6.57099
6.6021
6.63321
6.66431
6.69542
6.72653
6.75764
6.78875
6.81986
6.85097
6.88208
6.91318
6.94429
6.9754
7.00651
7.03762
7.06873
7.09984
7.13094
7.16205
7.19316
7.22427
7.25538
7.28649
7.3176
7.34871
7.37981
7.41092
7.44203
7.47314
7.50425
7.53536
7.56647
7.59757
7.62868
7.65979
7.6909
7.72201
7.75312
7.78423
7.81534
7.84644
7.87755
7.90866
7.93977
7.97088
8.00199
8.0331
8.06421
8.09531
5.01645
5.04936
5.08227
5.11518
5.14809
5.181
5.2139
5.24681
5.27972
5.31263
5.34554
5.37844
5.41135
5.44426
5.47717
5.51008
5.54299
5.57589
5.6088
5.64171
5.67462
5.70753
5.74043
5.77334
5.80625
5.83916
5.87207
5.90498
5.93788
5.97079
6.0037
6.03661
6.06952
6.10242
6.13533
6.16824
6.20115
6.23406
6.26697
6.29987
6.33278
6.36569
6.3986
6.43151
6.46442
6.49732
6.53023
6.56314
6.59605
6.62896
6.66186
6.69477
6.72768
6.76059
6.7935
6.82641
6.85931
6.89222
6.92513
6.95804
6.99095
7.02385
7.05676
7.08967
7.12258
7.15549
7.1884
7.2213
7.25421
7.28712
7.32003
7.35294
7.38584
7.41875
7.45166
7.48457
7.51748
7.55039
7.58329
7.6162
7.64911
7.68202
7.71493
7.74784
7.78074
7.81365
7.84656
7.87947
7.91238
7.94528
7.97819
8.0111
8.04401
8.07692
8.10983
8.14273
8.17564
8.20855
8.24146
8.27437
5.01735
5.05206
5.08677
5.12148
5.15619
5.19089
5.2256
5.26031
5.29502
5.32972
5.36443
5.39914
5.43385
5.46856
5.50326
5.53797
5.57268
5.60739
5.64209
5.6768
5.71151
5.74622
5.78093
5.81563
5.85034
5.88505
5.91976
5.95446
5.98917
6.02388
6.05859
6.0933
6.128
6.16271
6.19742
6.23213
6.26683
6.30154
6.33625
6.37096
6.40567
6.44037
6.47508
6.50979
6.5445
6.5792
6.61391
6.64862
6.68333
6.71804
6.75274
6.78745
6.82216
6.85687
6.89157
6.92628
6.96099
6.9957
7.03041
7.06511
7.09982
7.13453
7.16924
7.20394
7.23865
7.27336
7.30807
7.34278
7.37748
7.41219
7.4469
7.48161
7.51631
7.55102
7.58573
7.62044
7.65515
7.68985
7.72456
7.75927
7.79398
7.82868
7.86339
7.8981
7.93281
7.96752
8.00222
8.03693
8.07164
8.10635
8.14105
8.17576
8.21047
8.24518
8.27989
8.31459
8.3493
8.38401
8.41872
8.45342
5.01825
5.05476
5.09127
5.12778
5.16428
5.20079
5.2373
5.27381
5.31031
5.34682
5.38333
5.41984
5.45634
5.49285
5.52936
5.56586
5.60237
5.63888
5.67539
5.71189
5.7484
5.78491
5.82142
5.85792
5.89443
5.93094
5.96745
6.00395
6.04046
6.07697
6.11348
6.14998
6.18649
6.223
6.25951
6.29601
6.33252
6.36903
6.40553
6.44204
6.47855
6.51506
6.55156
6.58807
6.62458
6.66109
6.69759
6.7341
6.77061
6.80712
6.84362
6.88013
6.91664
6.95315
6.98965
7.02616
7.06267
7.09918
7.13568
7.17219
7.2087
7.2452
7.28171
7.31822
7.35473
7.39123
7.42774
7.46425
7.50076
7.53726
7.57377
7.61028
7.64679
7.68329
7.7198
7.75631
7.79282
7.82932
7.86583
7.90234
7.93885
7.97535
8.01186
8.04837
8.08488
8.12138
8.15789
8.1944
8.2309
8.26741
8.30392
8.34043
8.37693
8.41344
8.44995
8.48646
8.52296
8.55947
8.59598
8.63249
5.01915
5.05746
5.09577
5.13407
5.17238
5.21069
5.249
5.2873
5.32561
5.36392
5.40222
5.44053
5.47884
5.51715
5.55545
5.59376
5.63207
5.67037
5.70868
5.74699
5.78529
5.8236
5.86191
5.90022
5.93852
5.97683
6.01514
6.05344
6.09175
6.13006
6.16837
6.20667
6.24498
6.28329
6.32159
6.3599
6.39821
6.43651
6.47482
6.51313
6.55144
6.58974
6.62805
6.66636
6.70466
6.74297
6.78128
6.81958
6.85789
6.8962
6.93451
6.97281
7.01112
7.04943
7.08773
7.12604
7.16435
7.20266
7.24096
7.27927
7.31758
7.35588
7.39419
7.4325
7.4708
7.50911
7.54742
7.58573
7.62403
7.66234
7.70065
7.73895
7.77726
7.81557
7.85388
7.89218
7.93049
7.9688
8.0071
8.04541
8.08372
8.12202
8.16033
8.19864
8.23695
8.27525
8.31356
8.35187
8.39017
8.42848
8.46679
8.5051
8.5434
8.58171
8.62002
8.65832
8.69663
8.73494
8.77324
8.81155
5.02005
5.06016
5.10027
5.14037
5.18048
5.22059
5.26069
5.3008
5.34091
5.38101
5.42112
5.46123
5.50133
5.54144
5.58155
5.62165
5.66176
5.70187
5.74197
5.78208
5.82219
5.86229
5.9024
5.94251
5.98261
6.02272
6.06283
6.10294
6.14304
6.18315
6.22326
6.26336
6.30347
6.34358
6.38368
6.42379
6.4639
6.504
6.54411
6.58422
6.62432
6.66443
6.70454
6.74464
6.78475
6.82486
6.86496
6.90507
6.94518
6.98528
7.02539
7.0655
7.1056
7.14571
7.18582
7.22592
7.26603
7.30614
7.34624
7.38635
7.42646
7.46656
7.50667
7.54678
7.58688
7.62699
7.6671
7.7072
7.74731
7.78742
7.82752
7.86763
7.90774
7.94784
7.98795
8.02806
8.06817
8.10827
8.14838
8.18849
8.22859
8.2687
8.30881
8.34891
8.38902
8.42913
8.46923
8.50934
8.54945
8.58955
8.62966
8.66977
8.70987
8.74998
8.79009
8.83019
8.8703
8.91041
8.95051
8.99062
5.02095
5.06286
5.10477
5.14667
5.18858
5.23049
5.27239
5.3143
5.3562
5.39811
5.44002
5.48192
5.52383
5.56574
5.60764
5.64955
5.69146
5.73336
5.77527
5.81718
5.85908
5.90099
5.94289
5.9848
6.02671
6.06861
6.11052
6.15243
6.19433
6.23624
6.27815
6.32005
6.36196
6.40387
6.44577
6.48768
6.52959
6.57149
6.6134
6.6553
6.69721
6.73912
6.78102
6.82293
6.86484
6.90674
6.94865
6.99056
7.03246
7.07437
7.11628
7.15818
7.20009
7.24199
7.2839
7.32581
7.36771
7.40962
7.45153
7.49343
7.53534
7.57725
7.61915
7.66106
7.70297
7.74487
7.78678
7.82868
7.87059
7.9125
7.9544
7.99631
8.03822
8.08012
8.12203
8.16394
8.20584
8.24775
8.28966
8.33156
8.37347
8.41538
8.45728
8.49919
8.54109
8.583
8.62491
8.66681
8.70872
8.75063
8.79253
8.83444
8.87635
8.91825
8.96016
9.00207
9.04397
9.08588
9.12778
9.16969
5.02185
5.06556
5.10927
5.15297
5.19668
5.24038
5.28409
5.3278
5.3715
5.41521
5.45891
5.50262
5.54633
5.59003
5.63374
5.67745
5.72115
5.76486
5.80856
5.85227
5.89598
5.93968
5.98339
6.0271
6.0708
6.11451
6.15821
6.20192
6.24563
6.28933
6.33304
6.37674
6.42045
6.46416
6.50786
6.55157
6.59528
6.63898
6.68269
6.72639
6.7701
6.81381
6.85751
6.90122
6.94492
6.98863
7.03234
7.07604
7.11975
7.16346
7.20716
7.25087
7.29457
7.33828
7.38199
7.42569
7.4694
7.51311
7.55681
7.60052
7.64422
7.68793
7.73164
7.77534
7.81905
7.86275
7.90646
7.95017
7.99387
8.03758
8.08129
8.12499
8.1687
8.2124
8.25611
8.29982
8.34352
8.38723
8.43094
8.47464
8.51835
8.56205
8.60576
8.64947
8.69317
8.73688
8.78058
8.82429
8.868
8.9117
8.95541
8.99912
9.04282
9.08653
9.13023
9.17394
9.21765
9.26135
9.30506
9.34876
5.02275
5.06826
5.11376
5.15927
5.20478
5.25028
5.29579
5.34129
5.3868
5.43231
5.47781
5.52332
5.56882
5.61433
5.65984
5.70534
5.75085
5.79635
5.84186
5.88737
5.93287
5.97838
6.02388
6.06939
6.1149
6.1604
6.20591
6.25141
6.29692
6.34243
6.38793
6.43344
6.47894
6.52445
6.56995
6.61546
6.66097
6.70647
6.75198
6.79748
6.84299
6.8885
6.934
6.97951
7.02501
7.07052
7.11603
7.16153
7.20704
7.25254
7.29805
7.34356
7.38906
7.43457
7.48007
7.52558
7.57109
7.61659
7.6621
7.7076
7.75311
7.79861
7.84412
7.88963
7.93513
7.98064
8.02614
8.07165
8.11716
8.16266
8.20817
8.25367
8.29918
8.34469
8.39019
8.4357
8.4812
8.52671
8.57222
8.61772
8.66323
8.70873
8.75424
8.79975
8.84525
8.89076
8.93626
8.98177
9.02728
9.07278
9.11829
9.16379
9.2093
9.2548
9.30031
9.34582
9.39132
9.43683
9.48233
9.52784
5.02365
5.07096
5.11826
5.16557
5.21288
5.26018
5.30749
5.35479
5.4021
5.4494
5.49671
5.54402
5.59132
5.63863
5.68593
5.73324
5.78054
5.82785
5.87516
5.92246
5.96977
6.01707
6.06438
6.11168
6.15899
6.2063
6.2536
6.30091
6.34821
6.39552
6.44282
6.49013
6.53744
6.58474
6.63205
6.67935
6.72666
6.77396
6.82127
6.86858
6.91588
6.96319
7.01049
7.0578
7.1051
7.15241
7.19972
7.24702
7.29433
7.34163
7.38894
7.43624
7.48355
7.53086
7.57816
7.62547
7.67277
7.72008
7.76738
7.81469
7.862
7.9093
7.95661
8.00391
8.05122
8.09852
8.14583
8.19314
8.24044
8.28775
8.33505
8.38236
8.42966
8.47697
8.52428
8.57158
8.61889
8.66619
8.7135
8.7608
8.80811
8.85542
8.90272
8.95003
8.99733
9.04464
9.09194
9.13925
9.18656
9.23386
9.28117
9.32847
9.37578
9.42308
9.47039
9.5177
9.565
9.61231
9.65961
9.70692
5.02455
5.07366
5.12276
5.17187
5.22097
5.27008
5.31919
5.36829
5.4174
5.4665
5.51561
5.56471
5.61382
5.66292
5.71203
5.76114
5.81024
5.85935
5.90845
5.95756
6.00666
6.05577
6.10487
6.15398
6.20308
6.25219
6.3013
6.3504
6.39951
6.44861
6.49772
6.54682
6.59593
6.64503
6.69414
6.74325
6.79235
6.84146
6.89056
6.93967
6.98877
7.03788
7.08698
7.13609
7.18519
7.2343
7.28341
7.33251
7.38162
7.43072
7.47983
7.52893
7.57804
7.62714
7.67625
7.72536
7.77446
7.82357
7.87267
7.92178
7.97088
8.01999
8.06909
8.1182
8.1673
8.21641
8.26552
8.31462
8.36373
8.41283
8.46194
8.51104
8.56015
8.60925
8.65836
8.70747
8.75657
8.80568
8.85478
8.90389
8.95299
9.0021
9.0512
9.10031
9.14941
9.19852
9.24763
9.29673
9.34584
9.39494
9.44405
9.49315
9.54226
9.59136
9.64047
9.68958
9.73868
9.78779
9.83689
9.886
)
;

boundaryField
{
    jetInlet
    {
        type            calculated;
        value           uniform 0;
    }
    returnOutlet
    {
        type            calculated;
        value           uniform 0;
    }
    flatBed
    {
        type            calculated;
        value           nonuniform List<scalar> 
100
(
0.025
0.075
0.125
0.175
0.225
0.275
0.325
0.375
0.425
0.475
0.525
0.575
0.625
0.675
0.725
0.775
0.825
0.875
0.925
0.975
1.025
1.075
1.125
1.175
1.225
1.275
1.325
1.375
1.425
1.475
1.525
1.575
1.625
1.675
1.725
1.775
1.825
1.875
1.925
1.975
2.025
2.075
2.125
2.175
2.225
2.275
2.325
2.375
2.425
2.475
2.525
2.575
2.625
2.675
2.725
2.775
2.825
2.875
2.925
2.975
3.025
3.075
3.125
3.175
3.225
3.275
3.325
3.375
3.425
3.475
3.525
3.575
3.625
3.675
3.725
3.775
3.825
3.875
3.925
3.975
4.025
4.075
4.125
4.175
4.225
4.275
4.325
4.375
4.425
4.475
4.525
4.575
4.625
4.675
4.725
4.775
4.825
4.875
4.925
4.975
)
;
    }
    slope
    {
        type            calculated;
        value           nonuniform List<scalar> 
50
(
5.02
5.06
5.1
5.14
5.18
5.22
5.26
5.3
5.34
5.38
5.42
5.46
5.5
5.54
5.58
5.62667
5.68
5.73333
5.78667
5.84
5.89333
5.94667
6
6.05333
6.10667
6.16
6.21333
6.26667
6.32
6.37333
6.49
6.67
6.85
7.03
7.21
7.39
7.57
7.75
7.93
8.11
8.29
8.47
8.65
8.83
9.01
9.19
9.37
9.55
9.73
9.91
)
;
    }
    top
    {
        type            symmetryPlane;
    }
    frontAndBack
    {
        type            empty;
    }
    defaultFaces
    {
        type            empty;
    }
}


// ************************************************************************* //
