/*--------------------------------*- C++ -*----------------------------------*\
| =========                 |                                                 |
| \\      /  F ield         | OpenFOAM: The Open Source CFD Toolbox           |
|  \\    /   O peration     | Version:  2206                                  |
|   \\  /    A nd           | Website:  www.openfoam.com                      |
|    \\/     M anipulation  |                                                 |
\*---------------------------------------------------------------------------*/
FoamFile
{
    version     2.0;
    format      ascii;
    arch        "LSB;label=32;scalar=64";
    class       volScalarField;
    location    "2021";
    object      k;
}
// * * * * * * * * * * * * * * * * * * * * * * * * * * * * * * * * * * * * * //

dimensions      [0 2 -2 0 0 0 0];

internalField   nonuniform List<scalar> 
10000
(
0.290221
0.294899
0.299284
0.303338
0.30702
0.310294
0.313131
0.315538
0.317575
0.318457
0.318012
0.316139
0.312789
0.307958
0.301679
0.294026
0.285102
0.275035
0.263977
0.252097
0.239574
0.226597
0.213359
0.200048
0.186845
0.173915
0.161402
0.149425
0.138075
0.127415
0.117479
0.108279
0.0998074
0.0920409
0.0849461
0.0784832
0.0726093
0.0672803
0.062453
0.0580857
0.0541387
0.0505743
0.0473575
0.0444555
0.0418379
0.0394771
0.0373481
0.0354284
0.0336985
0.0321415
0.030743
0.0294912
0.0283759
0.0273887
0.0265223
0.0257703
0.0251263
0.0245843
0.024138
0.0237811
0.023507
0.0233093
0.0231815
0.0231174
0.0231112
0.0231573
0.0232507
0.0233867
0.023561
0.0237698
0.0240095
0.024275
0.0245649
0.0248792
0.0252153
0.0255699
0.0259407
0.0263257
0.0267229
0.0271305
0.0275465
0.027969
0.0283956
0.028824
0.0292513
0.0296739
0.0300879
0.0304878
0.030867
0.0312168
0.0315258
0.0317786
0.0319543
0.0320239
0.0319462
0.0316602
0.0310679
0.0300094
0.0282556
0.0255776
0.562276
0.57042
0.578496
0.586247
0.593578
0.600416
0.606592
0.61188
0.616024
0.618645
0.619251
0.617543
0.61331
0.60642
0.596828
0.584568
0.569742
0.552519
0.533119
0.511809
0.488892
0.464702
0.439593
0.41393
0.388076
0.362383
0.337174
0.312732
0.289293
0.267039
0.246095
0.226535
0.208385
0.191637
0.176252
0.162172
0.149327
0.137641
0.127035
0.117432
0.108757
0.100934
0.0938959
0.0875738
0.0819041
0.0768264
0.072284
0.0682243
0.0645995
0.0613664
0.0584869
0.0559278
0.0536608
0.0516617
0.0499101
0.0483884
0.0470811
0.0459741
0.0450541
0.0443082
0.0437236
0.0432875
0.0429874
0.0428111
0.042747
0.042784
0.042912
0.0431217
0.0434048
0.0437539
0.0441595
0.0446177
0.0451242
0.045675
0.0462692
0.0469013
0.0475674
0.0482643
0.0489889
0.0497387
0.050511
0.0513028
0.0521113
0.0529329
0.0537635
0.0545982
0.0554307
0.056253
0.0570546
0.0578215
0.0585348
0.0591683
0.0596854
0.0600332
0.0601331
0.0598655
0.0590482
0.0573756
0.0541818
0.047958
0.750689
0.758898
0.767661
0.776406
0.784935
0.793185
0.800973
0.808009
0.813931
0.818275
0.820313
0.819559
0.815659
0.808379
0.797608
0.783349
0.765705
0.74486
0.72107
0.694646
0.665943
0.635356
0.603309
0.570247
0.536624
0.502891
0.469479
0.436782
0.405141
0.374833
0.346069
0.318987
0.293666
0.270127
0.248351
0.228287
0.209864
0.192997
0.177601
0.163585
0.150863
0.139349
0.128962
0.11962
0.111243
0.103755
0.0970781
0.0911401
0.0858706
0.0812037
0.0770787
0.0734404
0.0702397
0.0674334
0.0649842
0.0628597
0.0610321
0.059477
0.0581725
0.0570987
0.056237
0.0555697
0.0550799
0.0547513
0.0545685
0.054517
0.0545834
0.0547554
0.0550216
0.0553717
0.0557948
0.0562851
0.0568363
0.0574428
0.0580999
0.0588053
0.0595527
0.0603378
0.0611567
0.062006
0.0628822
0.0637818
0.064701
0.0656355
0.0665803
0.0675291
0.0684742
0.0694053
0.0703093
0.0711682
0.0719578
0.0726442
0.0731796
0.0734953
0.0734898
0.0730118
0.0718368
0.0696115
0.0656718
0.0588344
0.908747
0.91682
0.926066
0.935874
0.945965
0.956231
0.966425
0.976144
0.984881
0.992053
0.996653
0.997991
0.995562
0.98904
0.978271
0.963253
0.944106
0.921052
0.894383
0.864447
0.831633
0.796366
0.7591
0.720317
0.680521
0.640223
0.599933
0.560134
0.521263
0.483696
0.447731
0.413588
0.381407
0.351257
0.323154
0.297064
0.272929
0.25067
0.230202
0.211437
0.194291
0.17868
0.164523
0.15174
0.140248
0.129964
0.120802
0.112674
0.105491
0.0991654
0.0936108
0.0887467
0.084498
0.0807971
0.0775838
0.0748055
0.0724168
0.0703786
0.0686571
0.0672226
0.0660491
0.0651126
0.0643915
0.0638655
0.0635157
0.0633246
0.063276
0.0633551
0.0635483
0.0638408
0.0642229
0.0646858
0.0652216
0.0658231
0.0664841
0.0672015
0.067969
0.0687808
0.0696322
0.0705189
0.0714368
0.0723815
0.0733485
0.0743328
0.0753283
0.0763278
0.077322
0.0782992
0.0792439
0.0801353
0.0809455
0.0816363
0.0821545
0.0824253
0.0823421
0.0817524
0.0804389
0.0780812
0.0741466
0.0678262
1.05337
1.06167
1.07174
1.08316
1.09563
1.10896
1.12275
1.13642
1.14922
1.16038
1.1686
1.17295
1.17278
1.1677
1.15754
1.14234
1.12229
1.09768
1.06885
1.03622
1.0002
0.961232
0.919768
0.876294
0.831319
0.785381
0.739031
0.692817
0.647259
0.602824
0.559905
0.518808
0.479748
0.442857
0.408192
0.375753
0.345499
0.317365
0.291274
0.267148
0.244913
0.2245
0.205842
0.188874
0.173528
0.159732
0.147405
0.136458
0.126793
0.118307
0.110889
0.104433
0.0988308
0.0939848
0.0898038
0.086207
0.0831239
0.0804938
0.0782649
0.0763931
0.0748405
0.0735747
0.0725667
0.0717911
0.0712246
0.0708463
0.0706368
0.0705786
0.0706558
0.0708511
0.0711532
0.0715513
0.0720359
0.0725985
0.0732313
0.0739281
0.0746845
0.0754932
0.0763482
0.077244
0.0781758
0.0791384
0.0801264
0.081134
0.0821543
0.0831789
0.0841975
0.085197
0.0861603
0.0870651
0.0878817
0.0885701
0.0890762
0.0893263
0.0892187
0.088614
0.0873217
0.0850767
0.0814769
0.0759673
1.1867
1.19577
1.20722
1.22098
1.23684
1.25445
1.27318
1.29214
1.31029
1.32651
1.33921
1.34721
1.34974
1.34638
1.33701
1.32178
1.301
1.27507
1.24445
1.20963
1.17106
1.12918
1.08444
1.03728
0.988167
0.937624
0.886196
0.83446
0.782989
0.732329
0.68296
0.635275
0.589574
0.546055
0.504833
0.465945
0.429376
0.395076
0.362983
0.333029
0.305156
0.279315
0.255461
0.233557
0.213566
0.195445
0.179141
0.164586
0.151692
0.140356
0.13046
0.121873
0.114459
0.108083
0.102619
0.0979473
0.093963
0.0905748
0.0877043
0.0852859
0.0832641
0.0815926
0.0802321
0.0791488
0.0783137
0.0777006
0.0772867
0.0770509
0.0769744
0.0770378
0.0772274
0.0775308
0.0779365
0.0784342
0.0790146
0.0796694
0.0803938
0.0811795
0.0820193
0.0829065
0.0838352
0.0847994
0.0857927
0.0868084
0.0878388
0.0888748
0.089905
0.0909155
0.0918886
0.0928013
0.0936236
0.0943164
0.0948278
0.095089
0.0950087
0.0944651
0.0932977
0.0912932
0.0881481
0.0834671
1.30555
1.31606
1.32969
1.34682
1.36738
1.39077
1.41598
1.44172
1.46653
1.48879
1.50661
1.51859
1.52387
1.52211
1.51333
1.49786
1.47618
1.44889
1.41661
1.37992
1.33932
1.29529
1.24821
1.19847
1.14645
1.09259
1.03737
0.981349
0.925119
0.869269
0.814351
0.760843
0.709123
0.659468
0.612054
0.566967
0.524222
0.483788
0.445618
0.409658
0.375866
0.344211
0.314677
0.287258
0.261955
0.238769
0.217692
0.198701
0.181749
0.166758
0.153624
0.142216
0.13238
0.123953
0.116766
0.110659
0.105482
0.101103
0.0974047
0.0942914
0.0916814
0.0895076
0.0877148
0.0862569
0.0850953
0.0841972
0.0835342
0.0830815
0.0828141
0.0827124
0.0827598
0.0829413
0.0832436
0.0836542
0.0841622
0.0847575
0.0854326
0.0861798
0.0869902
0.0878557
0.0887692
0.0897235
0.0907115
0.0917256
0.0927572
0.0937965
0.0948317
0.0958485
0.096829
0.0977504
0.0985839
0.0992923
0.0998279
0.100129
0.100114
0.0996808
0.098695
0.096985
0.0943181
0.0904009
1.40428
1.41713
1.43416
1.45622
1.48336
1.5145
1.54804
1.5822
1.61501
1.64407
1.66727
1.68307
1.69069
1.68996
1.68116
1.66488
1.64188
1.61299
1.57901
1.54065
1.49852
1.45309
1.40469
1.35361
1.3001
1.24447
1.18708
1.12839
1.06896
1.00937
0.95024
0.892096
0.835396
0.780495
0.727641
0.676973
0.628544
0.582349
0.538355
0.496528
0.456843
0.419289
0.383874
0.350621
0.319572
0.290776
0.264281
0.240122
0.218314
0.198838
0.181635
0.166606
0.153607
0.142465
0.132984
0.12496
0.118195
0.112506
0.107727
0.103718
0.100362
0.0975609
0.0952354
0.0933213
0.0917658
0.0905258
0.0895648
0.0888521
0.088357
0.088057
0.0879326
0.0879661
0.0881416
0.0884446
0.0888618
0.0893814
0.0899925
0.0906881
0.0914572
0.0922905
0.0931791
0.094115
0.09509
0.0960956
0.0971225
0.0981605
0.0991975
0.100219
0.101208
0.102141
0.102993
0.103728
0.104304
0.104665
0.104742
0.104447
0.103668
0.102268
0.100064
0.0968306
1.47607
1.49262
1.51505
1.54463
1.5812
1.62276
1.66686
1.71108
1.75292
1.78893
1.817
1.83567
1.84445
1.84355
1.83364
1.81566
1.7907
1.75983
1.72407
1.68428
1.64114
1.59513
1.54655
1.49555
1.44221
1.38665
1.32903
1.26967
1.209
1.14758
1.08601
1.02486
0.964641
0.905792
0.848641
0.793387
0.740122
0.688871
0.639627
0.592381
0.547133
0.503892
0.462688
0.423575
0.386628
0.351942
0.319619
0.289758
0.262447
0.237746
0.215671
0.196188
0.179204
0.16457
0.152091
0.141538
0.132669
0.125246
0.119046
0.113874
0.10956
0.105966
0.102978
0.100505
0.0984737
0.0968244
0.0955096
0.0944894
0.0937261
0.0931927
0.092866
0.0927249
0.0927504
0.0929253
0.093234
0.0936621
0.0941965
0.0948284
0.0955458
0.0963375
0.0971933
0.0981039
0.0990599
0.100052
0.10107
0.102104
0.103141
0.104168
0.105166
0.106116
0.106992
0.107762
0.10839
0.108825
0.109008
0.108864
0.108301
0.107205
0.105432
0.102804
1.51302
1.53579
1.56741
1.60899
1.65939
1.71496
1.77207
1.82762
1.87835
1.92
1.95086
1.97003
1.97768
1.97459
1.96194
1.94109
1.91341
1.88022
1.84271
1.80187
1.75844
1.71291
1.6655
1.61624
1.565
1.51166
1.45614
1.3985
1.33901
1.2781
1.21633
1.15427
1.09245
1.03138
0.971487
0.913031
0.856143
0.800884
0.74728
0.695364
0.645175
0.59675
0.550139
0.505423
0.462714
0.422144
0.383862
0.348029
0.314805
0.28433
0.256714
0.232016
0.210229
0.191275
0.174999
0.161183
0.149566
0.139865
0.131799
0.125105
0.119553
0.114948
0.111127
0.107963
0.105351
0.10321
0.101475
0.100092
0.0990145
0.0982092
0.0976474
0.0973036
0.0971551
0.0971814
0.0973639
0.0976856
0.0981311
0.0986871
0.0993429
0.100085
0.100901
0.10178
0.102712
0.103687
0.104693
0.105721
0.106757
0.107789
0.108798
0.109767
0.110672
0.111485
0.11217
0.112687
0.112982
0.112993
0.112642
0.111834
0.110455
0.10836
1.5044
1.53971
1.58849
1.64996
1.72068
1.79462
1.86674
1.93331
1.98964
2.03265
2.06166
2.07701
2.07983
2.07167
2.05421
2.02916
1.99812
1.96255
1.9237
1.88261
1.84003
1.79642
1.75194
1.70644
1.6596
1.61102
1.56031
1.50724
1.45181
1.39427
1.33506
1.2747
1.21368
1.15255
1.09192
1.03208
0.973178
0.915324
0.858578
0.803045
0.748845
0.696033
0.644682
0.594901
0.546848
0.500689
0.456609
0.414824
0.375554
0.33902
0.305422
0.274922
0.247626
0.22356
0.202661
0.184772
0.169653
0.157008
0.146509
0.137831
0.130671
0.124765
0.119888
0.115859
0.112533
0.109797
0.10756
0.105747
0.104301
0.10318
0.102346
0.101769
0.101421
0.101278
0.101316
0.101515
0.101859
0.102329
0.102913
0.103597
0.104367
0.105209
0.106113
0.107066
0.108059
0.109079
0.110113
0.111149
0.112171
0.113161
0.114097
0.114955
0.115702
0.116302
0.11671
0.116872
0.116722
0.116182
0.115156
0.113529
1.42819
1.49912
1.5818
1.676
1.77496
1.87053
1.95661
2.02836
2.08125
2.11689
2.13632
2.14155
2.13482
2.1183
2.09404
2.06388
2.02943
1.99209
1.95306
1.91325
1.87337
1.83379
1.79456
1.75538
1.71572
1.67489
1.63219
1.58704
1.53909
1.48831
1.43498
1.37949
1.3222
1.26365
1.20479
1.14584
1.08698
1.02836
0.970055
0.912291
0.855355
0.799292
0.744178
0.690158
0.637483
0.586329
0.536905
0.489483
0.444339
0.401757
0.362021
0.32539
0.292084
0.26226
0.235982
0.213207
0.193773
0.177417
0.163803
0.15256
0.143317
0.135732
0.129504
0.124383
0.12017
0.116704
0.113861
0.111536
0.109658
0.108169
0.107023
0.106179
0.105604
0.105267
0.105141
0.105203
0.10543
0.105804
0.106308
0.106926
0.107643
0.108443
0.109314
0.110243
0.111218
0.112228
0.113259
0.1143
0.115334
0.116345
0.117313
0.118214
0.119023
0.119705
0.120222
0.120526
0.120563
0.120266
0.119557
0.118339
1.25703
1.42391
1.5701
1.71124
1.84154
1.95293
2.03949
2.0984
2.13364
2.1497
2.15032
2.13894
2.11844
2.09123
2.0593
2.02428
1.98754
1.95022
1.91323
1.87729
1.84293
1.81038
1.77956
1.75001
1.72096
1.69145
1.66047
1.62704
1.59041
1.55023
1.50655
1.45961
1.40976
1.35755
1.30359
1.24834
1.19207
1.13501
1.07716
1.01893
0.960989
0.903238
0.845724
0.788618
0.732403
0.677202
0.623202
0.570783
0.520258
0.471956
0.426245
0.383462
0.343929
0.307935
0.275696
0.24732
0.222778
0.201901
0.184399
0.169898
0.157983
0.148237
0.140276
0.13377
0.128442
0.124076
0.12049
0.11755
0.11516
0.113242
0.111734
0.110584
0.10975
0.109194
0.108884
0.108791
0.108889
0.109155
0.109568
0.110112
0.110769
0.111522
0.112356
0.113256
0.114211
0.115208
0.116235
0.117278
0.118322
0.119353
0.120351
0.121295
0.122162
0.122922
0.12354
0.123976
0.124182
0.124103
0.123673
0.122813
1.07529
1.39118
1.61726
1.79744
1.93623
2.02822
2.07821
2.09693
2.09511
2.07933
2.05433
2.02346
1.98909
1.95289
1.91615
1.87987
1.84487
1.81184
1.78132
1.75375
1.72941
1.70841
1.6905
1.67508
1.66115
1.64751
1.63276
1.61552
1.59463
1.56939
1.53957
1.5052
1.46657
1.42417
1.37856
1.33024
1.27961
1.22701
1.1727
1.11708
1.06055
1.00326
0.945254
0.88662
0.828476
0.770655
0.713218
0.656836
0.601805
0.548456
0.497285
0.448678
0.403029
0.360759
0.322239
0.287747
0.25743
0.231264
0.209071
0.190538
0.175253
0.162753
0.152578
0.144304
0.137569
0.132075
0.127572
0.123888
0.120887
0.118463
0.116534
0.115033
0.113904
0.113101
0.112584
0.112318
0.112271
0.112416
0.112729
0.113191
0.113781
0.114481
0.115272
0.11614
0.117071
0.118053
0.119071
0.120113
0.121165
0.122212
0.123238
0.124221
0.125141
0.125971
0.12668
0.127235
0.127592
0.127706
0.127521
0.12697
1.18611
1.56468
1.77393
1.87898
1.91707
1.91349
1.88813
1.8535
1.81601
1.77851
1.74216
1.70737
1.6743
1.64314
1.61419
1.58784
1.56455
1.54474
1.52882
1.51709
1.50978
1.50693
1.50827
1.51307
1.52014
1.528
1.53487
1.53889
1.53847
1.53268
1.52109
1.50356
1.4802
1.45136
1.41781
1.38011
1.33874
1.29411
1.2466
1.1966
1.14454
1.09073
1.03533
0.978611
0.921056
0.862781
0.803524
0.744819
0.686708
0.629398
0.573705
0.520014
0.468733
0.420434
0.375641
0.334806
0.298279
0.266204
0.238575
0.215216
0.195788
0.179838
0.166859
0.15634
0.147823
0.1409
0.13526
0.130664
0.126928
0.123905
0.121485
0.119577
0.118111
0.117028
0.116278
0.115817
0.115609
0.115621
0.115822
0.116193
0.116709
0.117348
0.118091
0.118922
0.119825
0.120787
0.121793
0.122831
0.123887
0.124946
0.125993
0.12701
0.127976
0.128868
0.129658
0.130316
0.130806
0.131088
0.131115
0.130831
0.0450614
0.1221
0.229656
0.35643
0.490251
0.619227
0.735335
0.83373
0.912514
0.972203
1.015
1.04399
1.06259
1.07404
1.08124
1.08663
1.09219
1.09947
1.10968
1.12372
1.14227
1.16571
1.19395
1.22631
1.26148
1.2977
1.3328
1.364
1.38875
1.40716
1.41913
1.42456
1.42349
1.41599
1.40222
1.38252
1.35735
1.32716
1.29243
1.25364
1.21124
1.16563
1.11717
1.0662
1.0131
0.958151
0.90158
0.843911
0.785343
0.725587
0.666297
0.608098
0.551256
0.496667
0.445025
0.396947
0.353085
0.313736
0.279145
0.24937
0.22425
0.203428
0.186412
0.172618
0.161458
0.152436
0.145143
0.139241
0.134465
0.130608
0.127512
0.125053
0.123136
0.121681
0.120624
0.119909
0.119491
0.119329
0.119387
0.119635
0.120052
0.12061
0.121288
0.122065
0.122926
0.123855
0.124837
0.125861
0.126911
0.127974
0.129034
0.130076
0.131079
0.132024
0.132886
0.133639
0.13425
0.134687
0.134909
0.134872
0.00654702
0.0079671
0.010592
0.0145857
0.0200405
0.0290432
0.0420803
0.0592432
0.0802588
0.104603
0.131646
0.160791
0.191577
0.223749
0.257289
0.292427
0.329629
0.369579
0.413138
0.461268
0.514921
0.574708
0.639779
0.706348
0.77344
0.839921
0.904696
0.967286
1.02753
1.08355
1.13395
1.17768
1.21405
1.24261
1.26307
1.27538
1.27973
1.27645
1.266
1.24888
1.22567
1.19689
1.16306
1.1247
1.0823
1.0363
0.987123
0.935233
0.880989
0.824713
0.767048
0.708445
0.648872
0.590296
0.533387
0.478616
0.426965
0.379238
0.336124
0.298042
0.265169
0.237391
0.214343
0.195507
0.180282
0.168048
0.158238
0.150369
0.144051
0.138979
0.134917
0.131686
0.129145
0.127185
0.125717
0.124667
0.123974
0.123585
0.123457
0.12355
0.123836
0.124287
0.124877
0.125582
0.126384
0.127265
0.128212
0.129208
0.130241
0.131297
0.132362
0.133419
0.134451
0.135441
0.136366
0.137203
0.137926
0.138506
0.138912
0.139106
0.00600888
0.00604308
0.00610011
0.00616632
0.00622104
0.00629449
0.00640902
0.00659376
0.00689033
0.00735483
0.00805869
0.00908843
0.010546
0.012552
0.0152535
0.0188381
0.0235559
0.0297519
0.0379108
0.0486712
0.0626509
0.0808431
0.105102
0.139618
0.18564
0.243811
0.313852
0.394432
0.483174
0.57657
0.670609
0.761446
0.845945
0.921911
0.988015
1.0436
1.08847
1.12274
1.14674
1.16095
1.16596
1.16239
1.15092
1.13222
1.10694
1.07572
1.03918
0.997904
0.952428
0.903288
0.851065
0.796282
0.739439
0.68137
0.622575
0.563612
0.506802
0.452492
0.401869
0.355692
0.31461
0.278954
0.248748
0.223705
0.203306
0.186892
0.173776
0.163325
0.154998
0.148361
0.143076
0.13888
0.135575
0.133004
0.131045
0.129599
0.128585
0.127934
0.12759
0.127506
0.127641
0.127968
0.128453
0.129072
0.129802
0.130624
0.131521
0.132478
0.133482
0.134518
0.135571
0.136629
0.137673
0.138688
0.139655
0.140553
0.141359
0.14205
0.142598
0.142975
0.00599322
0.00598552
0.00597906
0.00597561
0.00597772
0.00598886
0.00601133
0.00604641
0.00609457
0.00615594
0.0062308
0.0063199
0.00642466
0.00654734
0.00669125
0.00686111
0.00706372
0.00730862
0.00761158
0.00803971
0.00893948
0.0106653
0.013795
0.0192969
0.0285337
0.0432671
0.065569
0.0976186
0.141364
0.19804
0.267686
0.348821
0.438461
0.53255
0.626665
0.716748
0.799581
0.872942
0.935522
0.986727
1.02648
1.05503
1.07286
1.08061
1.07896
1.06865
1.05042
1.02503
0.993173
0.955555
0.912866
0.865765
0.814919
0.761044
0.704809
0.646953
0.588489
0.529729
0.473535
0.420486
0.371792
0.328213
0.290273
0.2581
0.231457
0.209813
0.192465
0.17867
0.167741
0.159089
0.152242
0.146834
0.14258
0.139263
0.136712
0.134794
0.1334
0.132443
0.131848
0.131557
0.131519
0.1317
0.132063
0.132578
0.13322
0.133967
0.1348
0.135703
0.136661
0.137661
0.138688
0.139729
0.140767
0.141788
0.142774
0.143707
0.144569
0.145337
0.145989
0.146503
0.005991
0.00598151
0.00597287
0.00596603
0.00596179
0.00596098
0.00596464
0.0059742
0.00599155
0.00601906
0.00605935
0.00611516
0.00618912
0.00628369
0.00640087
0.0065422
0.00670885
0.00690197
0.00712183
0.00736812
0.00764703
0.00797797
0.00842034
0.00912762
0.0104137
0.0128241
0.0172143
0.024821
0.0372938
0.0566401
0.0850402
0.124507
0.176418
0.24102
0.317088
0.401912
0.491678
0.582123
0.669215
0.749641
0.821003
0.881785
0.931209
0.96905
0.995481
1.01093
1.01602
1.01144
0.997956
0.97636
0.947446
0.911999
0.870804
0.824648
0.774303
0.720576
0.664339
0.606439
0.548162
0.49009
0.435273
0.384493
0.338919
0.299169
0.265468
0.237613
0.215053
0.197044
0.182791
0.171559
0.162725
0.155784
0.150346
0.146109
0.142838
0.140352
0.138507
0.137186
0.136298
0.135765
0.135527
0.135534
0.135751
0.136141
0.136675
0.137328
0.138079
0.13891
0.139807
0.140753
0.141735
0.14274
0.143753
0.144758
0.145741
0.146685
0.147574
0.148388
0.14911
0.149719
0.00599073
0.00598084
0.00597111
0.00596236
0.00595574
0.00595273
0.00595503
0.00596445
0.0059828
0.00601182
0.0060532
0.00610864
0.00617986
0.00626866
0.00637683
0.00650616
0.00665839
0.00683533
0.0070387
0.00726953
0.00752771
0.00781171
0.00811929
0.00845308
0.00883851
0.0093622
0.0102281
0.011819
0.0147633
0.0200076
0.0288732
0.0430598
0.0645532
0.0953976
0.137326
0.191301
0.257084
0.333016
0.416133
0.502623
0.58845
0.669927
0.744085
0.808795
0.862726
0.905209
0.936089
0.955575
0.964137
0.962411
0.951143
0.931137
0.903233
0.868285
0.82715
0.780704
0.729847
0.675524
0.618797
0.560724
0.50278
0.44618
0.393887
0.346768
0.305663
0.270884
0.242223
0.219096
0.200713
0.186234
0.174887
0.166016
0.159096
0.153719
0.149565
0.14639
0.144002
0.142249
0.141012
0.140193
0.139716
0.13952
0.139562
0.139802
0.140204
0.140741
0.141389
0.142128
0.142943
0.143816
0.144734
0.145683
0.146649
0.147618
0.148575
0.149506
0.150396
0.151227
0.151985
0.152654
0.00599084
0.00598112
0.00597158
0.00596279
0.00595556
0.00595084
0.00594972
0.00595345
0.00596342
0.00598122
0.00600865
0.00604768
0.00610047
0.00616932
0.00625666
0.00636508
0.00649708
0.00665506
0.00684117
0.00705717
0.00730428
0.0075827
0.00789093
0.00822508
0.00857923
0.00895018
0.00935302
0.00985471
0.0106244
0.0119885
0.0144893
0.0189491
0.0265276
0.0387408
0.0574016
0.0844462
0.121628
0.170105
0.230025
0.30024
0.378312
0.460832
0.543963
0.623998
0.697775
0.762879
0.817676
0.861221
0.893133
0.913464
0.922575
0.921047
0.909602
0.889056
0.860277
0.824171
0.781677
0.733777
0.681518
0.626029
0.568601
0.510611
0.453625
0.400039
0.351784
0.309826
0.274443
0.2454
0.22207
0.20361
0.189142
0.177862
0.169097
0.162306
0.157066
0.15305
0.150004
0.147731
0.146075
0.144915
0.144154
0.143718
0.143548
0.143605
0.143847
0.144241
0.144761
0.145385
0.146095
0.146874
0.147706
0.148578
0.149477
0.150387
0.151296
0.15219
0.153055
0.153877
0.154642
0.155337
0.00599118
0.00598177
0.00597268
0.00596435
0.00595746
0.00595286
0.00595156
0.00595475
0.00596378
0.00598015
0.00600552
0.00604167
0.00609054
0.00615414
0.00623458
0.006334
0.00645462
0.00659864
0.0067683
0.00696579
0.00719319
0.00745219
0.00774377
0.00806752
0.00842073
0.00879752
0.0091894
0.00959093
0.0100168
0.0105358
0.0113181
0.0126866
0.0151693
0.0195582
0.0269603
0.0388146
0.0568381
0.082866
0.118569
0.165076
0.222572
0.290035
0.365207
0.444879
0.525372
0.603064
0.674796
0.738094
0.791228
0.833153
0.863399
0.881948
0.889118
0.885466
0.871713
0.848691
0.817311
0.778548
0.733447
0.683143
0.62889
0.572085
0.514309
0.457369
0.40288
0.354112
0.311821
0.276323
0.247339
0.224175
0.205934
0.191703
0.180663
0.172128
0.165552
0.160506
0.156658
0.153753
0.151592
0.150019
0.148915
0.148188
0.147764
0.147599
0.147645
0.147864
0.148227
0.148709
0.149289
0.149948
0.150672
0.151445
0.152253
0.153083
0.153922
0.154756
0.155572
0.15636
0.157105
0.157797
0.00599167
0.00598261
0.00597398
0.00596613
0.00595957
0.00595494
0.00595301
0.00595473
0.00596117
0.00597363
0.00599358
0.00602272
0.00606295
0.00611636
0.00618518
0.00627179
0.00637862
0.00650812
0.00666274
0.00684485
0.0070567
0.00730036
0.00757753
0.00788934
0.00823585
0.00861516
0.00902228
0.00944824
0.00988176
0.0103176
0.0107778
0.011348
0.0122242
0.0137602
0.0165175
0.0213183
0.029289
0.0418661
0.060729
0.0876302
0.124111
0.171131
0.228703
0.29566
0.369674
0.447546
0.525678
0.60056
0.669145
0.729046
0.778594
0.816785
0.843172
0.857755
0.860865
0.853077
0.835138
0.807926
0.772428
0.729744
0.6811
0.627877
0.571638
0.514134
0.457219
0.402864
0.354004
0.311907
0.276814
0.248338
0.225699
0.207949
0.194157
0.183496
0.175283
0.168975
0.164146
0.160469
0.157689
0.155612
0.15409
0.153008
0.15228
0.15184
0.151646
0.151652
0.151822
0.15213
0.15255
0.153064
0.153654
0.154303
0.154998
0.155725
0.15647
0.157222
0.157968
0.158696
0.159397
0.160059
0.00599231
0.00598364
0.00597548
0.00596811
0.00596191
0.0059574
0.00595523
0.00595624
0.00596142
0.00597197
0.00598932
0.00601509
0.00605115
0.00609951
0.00616234
0.00624193
0.00634061
0.00646076
0.00660477
0.006775
0.00697379
0.00720335
0.00746576
0.00776279
0.00809577
0.00846514
0.00886974
0.0093056
0.00976458
0.0102342
0.0107015
0.0111663
0.0116682
0.0123262
0.0133851
0.0152599
0.0185834
0.0242552
0.0334727
0.0477172
0.0686602
0.0979646
0.13698
0.186378
0.245821
0.313807
0.387765
0.464395
0.540141
0.611635
0.676021
0.731111
0.775408
0.808046
0.828684
0.837397
0.834572
0.820842
0.797025
0.764114
0.723265
0.67582
0.623316
0.567497
0.510294
0.453789
0.400091
0.351774
0.3105
0.276356
0.248819
0.227024
0.20999
0.196782
0.186587
0.178737
0.172704
0.168075
0.164532
0.161833
0.159793
0.158272
0.157166
0.156393
0.155903
0.155647
0.155584
0.155679
0.155907
0.156245
0.156672
0.157172
0.15773
0.15833
0.158959
0.159606
0.160259
0.160907
0.16154
0.162149
0.0059931
0.00598488
0.00597722
0.00597029
0.00596435
0.0059598
0.00595717
0.00595714
0.00596057
0.00596852
0.00598231
0.00600351
0.00603393
0.00607558
0.00613068
0.00620156
0.00629063
0.00640039
0.00653332
0.00669194
0.00687874
0.0070961
0.00734627
0.00763129
0.00795288
0.00831234
0.00871018
0.00914553
0.00961501
0.0101112
0.0106216
0.0111302
0.0116259
0.0121223
0.012691
0.0135054
0.0148837
0.0173327
0.0215936
0.028683
0.0399065
0.0568128
0.0810593
0.11417
0.157204
0.210401
0.272918
0.342779
0.417082
0.492397
0.565232
0.632427
0.691395
0.740222
0.777654
0.803014
0.816103
0.817109
0.80653
0.785135
0.753938
0.714194
0.6674
0.61529
0.559828
0.50316
0.447518
0.395052
0.348047
0.30826
0.275577
0.24934
0.228623
0.212438
0.199875
0.190153
0.182639
0.176829
0.172333
0.168854
0.166164
0.164095
0.162518
0.161337
0.16048
0.159902
0.159552
0.159391
0.159388
0.159514
0.159749
0.160071
0.160465
0.160914
0.161405
0.161925
0.162463
0.163009
0.163553
0.164088
0.00599404
0.00598646
0.00597951
0.00597316
0.00596764
0.0059634
0.00596102
0.00596116
0.00596466
0.00597255
0.00598612
0.00600686
0.0060365
0.00607695
0.00613026
0.00619856
0.00628402
0.00638883
0.00651522
0.0066655
0.00684202
0.00704713
0.00728314
0.00755233
0.00785683
0.00819862
0.00857931
0.00899995
0.00946033
0.00995792
0.0104863
0.0110337
0.0115829
0.0121172
0.0126349
0.0131781
0.0138716
0.0149672
0.0168852
0.0202576
0.0259707
0.0351917
0.0493532
0.0700615
0.0989062
0.137167
0.185463
0.243439
0.309614
0.381471
0.45578
0.529041
0.597908
0.659501
0.711558
0.752467
0.781228
0.797373
0.8009
0.792213
0.77208
0.741608
0.702217
0.655618
0.603781
0.54889
0.49325
0.439157
0.388703
0.343819
0.306118
0.275289
0.25057
0.231016
0.215678
0.203699
0.19436
0.187071
0.181371
0.176899
0.173383
0.170618
0.168447
0.166752
0.165445
0.16447
0.163771
0.163301
0.16302
0.162897
0.162904
0.163019
0.163221
0.163494
0.163823
0.164194
0.164596
0.16502
0.165455
0.165896
0.0059961
0.00599206
0.00599074
0.0059923
0.00599728
0.00600638
0.00602016
0.00603913
0.00606377
0.00609455
0.0061319
0.00617618
0.00622774
0.00628696
0.00635425
0.0064302
0.00651559
0.00661154
0.00671974
0.0068425
0.00698273
0.00714392
0.00733001
0.00754525
0.00779399
0.00808046
0.00840856
0.0087816
0.00920191
0.00967024
0.0101847
0.0107394
0.0113226
0.0119163
0.0125003
0.0130633
0.0136273
0.0142838
0.0152364
0.0168444
0.0196635
0.0244883
0.0323849
0.0446921
0.0629591
0.0887917
0.123594
0.16823
0.222688
0.285867
0.355574
0.428779
0.502019
0.571827
0.635075
0.689186
0.732217
0.762879
0.780501
0.784986
0.776755
0.756694
0.726097
0.686611
0.640181
0.588989
0.535361
0.481654
0.430085
0.382539
0.340464
0.305249
0.27643
0.253205
0.234683
0.220003
0.208406
0.199249
0.192003
0.186251
0.181668
0.178008
0.17508
0.172741
0.17088
0.169412
0.168287
0.167445
0.166835
0.166417
0.166159
0.166032
0.166014
0.166084
0.166226
0.166427
0.166672
0.166954
0.167261
0.167589
0.00607383
0.00622526
0.00646502
0.00680059
0.00722979
0.00774733
0.00834619
0.00901585
0.00974133
0.010503
0.0112771
0.0120365
0.0127522
0.0133951
0.0139382
0.0143586
0.01464
0.0147735
0.014759
0.0146049
0.0143278
0.0139513
0.013504
0.0130177
0.0125251
0.0120583
0.0116463
0.0113147
0.0110845
0.0109711
0.0109845
0.0111282
0.011398
0.0117803
0.0122519
0.0127818
0.0133421
0.0139287
0.0145965
0.0155038
0.016958
0.0194582
0.0237347
0.0307829
0.0418735
0.0585084
0.0822914
0.114696
0.156743
0.208653
0.269591
0.337602
0.409792
0.482694
0.552694
0.616423
0.671034
0.714369
0.745015
0.762294
0.7662
0.757321
0.736743
0.705968
0.666838
0.621449
0.572066
0.521009
0.470507
0.422526
0.378612
0.339688
0.30697
0.27991
0.257808
0.239899
0.225487
0.213935
0.20468
0.197253
0.191278
0.186459
0.182562
0.179406
0.176851
0.174788
0.173145
0.171857
0.170859
0.170098
0.169533
0.169129
0.168859
0.168699
0.16863
0.168637
0.168705
0.168825
0.168987
0.169185
0.0141215
0.0219538
0.0307306
0.0402787
0.0500523
0.0597147
0.0690477
0.0778328
0.0858469
0.0928846
0.0987687
0.103354
0.106534
0.108243
0.108469
0.10725
0.104675
0.100885
0.0960458
0.0903509
0.0840095
0.0772378
0.0702483
0.0632414
0.0563981
0.0498732
0.0437914
0.0382463
0.0333013
0.0289917
0.0253281
0.0223004
0.0198813
0.018029
0.0166901
0.0158008
0.0152908
0.0150919
0.0151544
0.0154763
0.0161453
0.0173917
0.0196407
0.0235566
0.0300757
0.0404178
0.0560514
0.0785789
0.109517
0.149974
0.20029
0.259726
0.326359
0.39724
0.468777
0.537238
0.5992
0.651867
0.693221
0.72204
0.737847
0.740808
0.731644
0.711533
0.682035
0.645005
0.602508
0.556709
0.509733
0.463518
0.419671
0.37936
0.34336
0.312402
0.286303
0.26448
0.246487
0.231821
0.219925
0.210292
0.202494
0.196173
0.191037
0.186853
0.183438
0.18065
0.17838
0.176569
0.175116
0.173958
0.17304
0.172321
0.171766
0.171348
0.171042
0.170832
0.170703
0.170643
0.170641
0.170694
0.02256
0.0303948
0.0394464
0.0502698
0.0622776
0.0749488
0.0880364
0.101379
0.11479
0.128075
0.141047
0.153531
0.165359
0.176365
0.186395
0.195318
0.203087
0.208807
0.21221
0.213274
0.212035
0.208598
0.203133
0.195865
0.187065
0.177052
0.166142
0.154647
0.142863
0.131058
0.119464
0.108272
0.0976324
0.0876609
0.0784375
0.0700115
0.062405
0.0556179
0.0496336
0.0444286
0.0399858
0.0363148
0.0334796
0.0316324
0.0310512
0.0321773
0.0356457
0.0422982
0.0531609
0.0693705
0.092041
0.122079
0.159976
0.205621
0.258184
0.316088
0.377101
0.43852
0.497433
0.551005
0.596744
0.632712
0.65765
0.671022
0.672987
0.664311
0.646246
0.620379
0.588478
0.55234
0.513669
0.47401
0.43472
0.396982
0.36177
0.329769
0.302023
0.278803
0.259569
0.243781
0.230918
0.220462
0.211953
0.205004
0.199303
0.194598
0.190693
0.187436
0.184731
0.182501
0.180657
0.179123
0.177845
0.17678
0.175894
0.17516
0.174558
0.174072
0.173689
0.1734
0.0181569
0.0170944
0.0161026
0.0150606
0.0141423
0.0134302
0.0129153
0.0125919
0.0124586
0.0125125
0.0127494
0.0131661
0.0137613
0.0145345
0.0154853
0.0165968
0.0178955
0.0216503
0.0279111
0.0360854
0.045628
0.0560626
0.0669874
0.0780676
0.0886282
0.0975592
0.104604
0.109604
0.112521
0.11346
0.112622
0.110255
0.106633
0.102028
0.096695
0.0908701
0.0847618
0.0785515
0.0723934
0.0664159
0.0607253
0.0554134
0.0505686
0.0462923
0.0427208
0.0400519
0.0385741
0.0386965
0.0409708
0.0460976
0.0549059
0.0682978
0.0871556
0.112217
0.143933
0.182333
0.22691
0.276567
0.329629
0.383955
0.437121
0.486663
0.530332
0.566304
0.593328
0.610781
0.618646
0.617426
0.608021
0.591579
0.569371
0.542689
0.512788
0.480862
0.448045
0.415401
0.383906
0.354369
0.327356
0.303332
0.282884
0.265646
0.251219
0.239194
0.22917
0.220789
0.213744
0.207781
0.202697
0.198324
0.194562
0.191338
0.188574
0.186193
0.184136
0.182358
0.180822
0.179501
0.178373
0.177421
0.0183506
0.0167489
0.0153636
0.0141383
0.0130248
0.0120501
0.0111984
0.0104448
0.00977076
0.00916612
0.00862416
0.00813998
0.00771016
0.00733296
0.0070091
0.00674404
0.00654796
0.00643876
0.0064318
0.00654126
0.00678704
0.00719689
0.00780198
0.00863863
0.0104527
0.0150046
0.021935
0.0307
0.0407189
0.0507118
0.0597319
0.0672465
0.0729821
0.0768901
0.0790732
0.079717
0.0790428
0.077281
0.074656
0.0713789
0.0676438
0.0636271
0.0594893
0.0553806
0.05145
0.0478597
0.0448037
0.0425304
0.0413666
0.0417403
0.0441948
0.0493884
0.0580729
0.0710449
0.0890693
0.112777
0.142549
0.178388
0.219819
0.265825
0.31486
0.364956
0.413915
0.459539
0.499871
0.533375
0.559035
0.576376
0.585409
0.586542
0.580468
0.568066
0.550322
0.528276
0.502987
0.475505
0.44685
0.417974
0.389736
0.362857
0.337892
0.315152
0.295126
0.27786
0.263075
0.250464
0.239711
0.230521
0.222633
0.215825
0.209912
0.204744
0.200214
0.196253
0.1928
0.189784
0.187149
0.184854
0.182862
0.181147
0.0179574
0.0164513
0.0150697
0.0138179
0.0127029
0.0117311
0.01088
0.0101336
0.00948016
0.00891196
0.00842368
0.00801193
0.00767446
0.00740947
0.007215
0.00708853
0.00702699
0.00702733
0.00708661
0.00720124
0.00736559
0.00757123
0.0078079
0.00806907
0.00835764
0.00869218
0.00912001
0.00973702
0.0106935
0.0130521
0.0176067
0.0243229
0.0323021
0.0404938
0.0479926
0.0542178
0.0589173
0.0620713
0.0637908
0.0642493
0.0636438
0.0621759
0.0600418
0.0574283
0.0545142
0.0514743
0.0484896
0.0457605
0.0435244
0.0420762
0.0417887
0.0431283
0.0466631
0.053055
0.0630336
0.0773446
0.0966739
0.121545
0.1522
0.188476
0.22971
0.274707
0.321802
0.369015
0.414278
0.455662
0.491574
0.520859
0.542838
0.557276
0.564311
0.564372
0.558101
0.546282
0.529795
0.509566
0.486541
0.46165
0.43578
0.409744
0.384253
0.35989
0.337097
0.316134
0.29734
0.280844
0.266461
0.253962
0.243108
0.233669
0.225437
0.218231
0.211898
0.20631
0.201369
0.197014
0.193192
0.189846
0.186927
0.184399
0.017896
0.0163888
0.0149734
0.0137254
0.0126398
0.0117111
0.0109199
0.0102573
0.00972085
0.00931194
0.00903311
0.00888539
0.00886655
0.00897021
0.00918581
0.00949931
0.00989415
0.0103525
0.0108565
0.0113886
0.0119331
0.0124763
0.0130077
0.013522
0.0140195
0.0145038
0.0149722
0.0154076
0.0157772
0.0160292
0.0161665
0.0163903
0.0175155
0.0204345
0.0253355
0.0316041
0.0382153
0.0442492
0.0491487
0.0527023
0.0549214
0.055931
0.0559048
0.0550323
0.0535039
0.0515059
0.0492217
0.0468388
0.0445594
0.0426163
0.0412903
0.0409291
0.0419639
0.0449193
0.050413
0.059139
0.0718293
0.0891888
0.111801
0.140007
0.17377
0.212559
0.255306
0.300453
0.34612
0.390326
0.431222
0.467269
0.497333
0.520717
0.537125
0.546605
0.54948
0.546279
0.537677
0.524443
0.507406
0.487411
0.465297
0.441867
0.417864
0.393949
0.370682
0.348504
0.327737
0.30856
0.291289
0.275947
0.262396
0.250464
0.239968
0.230732
0.222593
0.21541
0.20906
0.20344
0.198466
0.194087
0.190255
0.186923
0.017671
0.0162161
0.0148337
0.0136352
0.0126574
0.0119198
0.0114359
0.0112288
0.0113124
0.0116831
0.0123186
0.0131812
0.0142221
0.0153876
0.0166243
0.0178831
0.0191218
0.0203064
0.0214112
0.0224178
0.0233143
0.024094
0.0247543
0.0252963
0.0257242
0.0260471
0.0262802
0.0264434
0.0265727
0.0267528
0.0269851
0.0271869
0.0272132
0.0269443
0.0268014
0.0276463
0.030184
0.0343118
0.0391566
0.0437248
0.047379
0.0498779
0.051232
0.0515718
0.0510724
0.0499183
0.0482911
0.0463695
0.0443353
0.0423853
0.040746
0.0396912
0.0395599
0.040773
0.0438445
0.0493828
0.0580781
0.0706671
0.0878691
0.110284
0.138256
0.17172
0.210082
0.252184
0.296398
0.340831
0.383567
0.422885
0.457401
0.486138
0.508518
0.524327
0.533651
0.536812
0.53431
0.526768
0.51489
0.499424
0.481133
0.460768
0.439048
0.416637
0.394129
0.372031
0.350757
0.330616
0.311821
0.294489
0.278881
0.264917
0.252483
0.241445
0.231662
0.222998
0.215329
0.208544
0.202547
0.197255
0.192605
0.188549
0.0174951
0.0161481
0.0149519
0.0142125
0.0141033
0.0146929
0.0159645
0.0178387
0.0201784
0.0228186
0.0255976
0.0283763
0.0310458
0.0335275
0.0357698
0.0377426
0.0394325
0.0408383
0.0419674
0.0428331
0.043453
0.0438483
0.0440437
0.0440686
0.0439567
0.0437609
0.0435987
0.0434494
0.0432715
0.0429819
0.042548
0.0419603
0.0411937
0.0401996
0.0389405
0.0375103
0.0363302
0.0362015
0.0377767
0.0407827
0.0441562
0.0469318
0.0486799
0.0493788
0.0491854
0.0483004
0.0469152
0.0452013
0.043319
0.0414317
0.0397224
0.0384105
0.0377701
0.0381476
0.0399775
0.0437936
0.0502298
0.0600053
0.0738838
0.0925923
0.116691
0.146402
0.181437
0.220906
0.263367
0.307015
0.34994
0.390364
0.42681
0.458177
0.483756
0.503194
0.516439
0.52368
0.525293
0.521786
0.51376
0.501869
0.486797
0.46923
0.449837
0.42925
0.40805
0.386757
0.365811
0.345576
0.326328
0.308263
0.291503
0.276146
0.262288
0.249849
0.238733
0.228832
0.220035
0.212237
0.205343
0.199265
0.19393
0.189272
0.0174866
0.0173317
0.0184745
0.0213853
0.0258836
0.0313667
0.0372272
0.043017
0.0484337
0.0533
0.0575332
0.0611128
0.0640548
0.0663952
0.0681801
0.0694591
0.0702825
0.070699
0.0707562
0.0705008
0.0699799
0.0692446
0.0683556
0.0674125
0.0664323
0.0653533
0.0640711
0.0626066
0.0609866
0.059236
0.0573751
0.0554161
0.0533606
0.0512012
0.048934
0.0465889
0.0442915
0.0423694
0.0414365
0.0421199
0.0442415
0.0466356
0.0482136
0.0486478
0.04812
0.0469401
0.0453604
0.0435584
0.0416663
0.0398057
0.0381131
0.0367602
0.0359725
0.0360451
0.0373593
0.0403977
0.0457533
0.054127
0.0663015
0.0830725
0.105118
0.132803
0.165969
0.203816
0.244951
0.287597
0.329873
0.370031
0.406619
0.438557
0.46513
0.48596
0.500949
0.510227
0.514097
0.51299
0.507428
0.49799
0.485285
0.469933
0.452542
0.433697
0.413943
0.393774
0.373626
0.353869
0.334802
0.31666
0.29961
0.28376
0.269165
0.255819
0.243781
0.232982
0.223333
0.214745
0.207131
0.200413
0.194517
0.189375
0.0247006
0.0342531
0.0457393
0.0576259
0.06867
0.0781905
0.0860717
0.0924207
0.0974003
0.10118
0.103917
0.105754
0.106813
0.107201
0.10701
0.106322
0.105207
0.103728
0.101947
0.0999213
0.0977181
0.0954292
0.0930076
0.0903654
0.0874981
0.0844575
0.081289
0.0780348
0.074733
0.0714155
0.0681072
0.0648251
0.0615794
0.0583778
0.0552341
0.0521852
0.0493177
0.046821
0.0450681
0.0446286
0.0458168
0.0477649
0.0488234
0.0483779
0.0468162
0.0448848
0.0429529
0.0410438
0.0391862
0.0374389
0.0358961
0.0346861
0.0340295
0.0341907
0.0355241
0.0384921
0.043677
0.0517859
0.0636302
0.0800537
0.101775
0.129152
0.161949
0.19925
0.239579
0.281154
0.32217
0.361004
0.39633
0.4272
0.453006
0.473427
0.488388
0.498007
0.502559
0.502432
0.498092
0.490058
0.478874
0.465095
0.449269
0.431922
0.413551
0.394609
0.3755
0.356575
0.338129
0.320396
0.303559
0.287747
0.273043
0.25949
0.247099
0.23585
0.225699
0.216586
0.208466
0.201289
0.194981
0.189475
0.0811813
0.104163
0.120015
0.131568
0.140006
0.146006
0.150053
0.15252
0.153695
0.153806
0.153039
0.15155
0.149465
0.146886
0.143897
0.140565
0.136948
0.133102
0.129086
0.12497
0.120713
0.116249
0.111639
0.106946
0.102219
0.0975056
0.092842
0.0882594
0.0837816
0.0794258
0.0752031
0.0711184
0.0671713
0.0633593
0.0596851
0.0561922
0.0530881
0.0505442
0.0488117
0.0480034
0.0478102
0.0475651
0.0466796
0.0450844
0.0430988
0.0411188
0.0392951
0.0376008
0.0360346
0.0346393
0.0335017
0.0327566
0.0326146
0.0333457
0.0353106
0.038981
0.0449536
0.0539517
0.0667941
0.084295
0.107073
0.135299
0.168515
0.205626
0.245102
0.285254
0.32449
0.361432
0.394369
0.422831
0.44647
0.465093
0.478679
0.48736
0.491398
0.491156
0.487064
0.479591
0.46923
0.456474
0.441811
0.425707
0.408601
0.390896
0.372952
0.355086
0.337566
0.320613
0.304402
0.289063
0.274688
0.261334
0.249027
0.237768
0.227539
0.218308
0.210033
0.202667
0.196158
0.190452
0.188764
0.200925
0.207607
0.210999
0.212092
0.211438
0.209427
0.206373
0.202527
0.198077
0.193167
0.187954
0.18253
0.176938
0.171213
0.16539
0.159515
0.15363
0.147722
0.141747
0.135756
0.129786
0.123868
0.11803
0.112291
0.106662
0.101148
0.0957415
0.090433
0.0852064
0.0800456
0.0749431
0.0699128
0.065009
0.0603445
0.0560906
0.0524357
0.049476
0.0471898
0.0454455
0.044021
0.0426605
0.0411866
0.0395931
0.0379948
0.0365133
0.0351864
0.03401
0.0330101
0.0322545
0.0318563
0.0319814
0.0328636
0.0348082
0.0382146
0.0435907
0.0515569
0.0628246
0.0781279
0.098086
0.123007
0.152702
0.186415
0.222921
0.260744
0.298376
0.334432
0.367704
0.397188
0.422437
0.443202
0.459379
0.47095
0.47795
0.480698
0.479624
0.475133
0.467658
0.457643
0.445531
0.431748
0.416701
0.40077
0.384301
0.367605
0.350955
0.334585
0.318689
0.303423
0.288908
0.275231
0.262452
0.250604
0.2397
0.229734
0.220688
0.212536
0.205242
0.19877
0.193079
0.279715
0.278272
0.274304
0.268474
0.261509
0.253913
0.246019
0.238034
0.230074
0.222194
0.214408
0.206719
0.199133
0.191653
0.184267
0.176925
0.169616
0.162324
0.15505
0.147795
0.140553
0.133324
0.126105
0.118892
0.111687
0.104504
0.0973669
0.0903225
0.0834355
0.0767904
0.0704851
0.0646205
0.0592886
0.0545599
0.0504759
0.0470452
0.0442395
0.0419916
0.0402028
0.0387551
0.0375272
0.0364172
0.035369
0.0343833
0.033497
0.0327511
0.0321771
0.0318155
0.0317384
0.0320581
0.0329336
0.0345789
0.0372743
0.0413743
0.0473165
0.0556196
0.0668598
0.0816156
0.100369
0.123373
0.150513
0.181242
0.214616
0.24943
0.284399
0.318298
0.350057
0.378811
0.403953
0.425162
0.442285
0.45528
0.464194
0.46917
0.47045
0.468273
0.463057
0.455281
0.445363
0.433696
0.420651
0.406575
0.391787
0.376576
0.361203
0.345893
0.330843
0.316213
0.302136
0.288715
0.276028
0.264127
0.253046
0.242802
0.233395
0.224816
0.217048
0.210067
0.203846
0.198356
0.295924
0.290713
0.282318
0.27229
0.261606
0.25081
0.240176
0.22982
0.21975
0.209922
0.200264
0.190693
0.181151
0.171754
0.162546
0.153551
0.144735
0.13608
0.127594
0.1193
0.111226
0.103404
0.0958684
0.088659
0.081815
0.075375
0.0693744
0.0638432
0.0588044
0.0542726
0.0502525
0.0467389
0.0437164
0.0411596
0.039035
0.0373011
0.0359105
0.0348117
0.0339523
0.033284
0.0327681
0.0323814
0.0321216
0.0320079
0.0320766
0.0323771
0.0329744
0.0339577
0.0354494
0.0376118
0.0406521
0.0448284
0.0504524
0.0578883
0.0675421
0.0798359
0.095162
0.113815
0.135907
0.161292
0.18952
0.219858
0.251371
0.283037
0.313862
0.342957
0.369592
0.393223
0.413494
0.430223
0.443347
0.452889
0.458945
0.461675
0.461278
0.457942
0.451957
0.443818
0.433945
0.422689
0.410366
0.397264
0.383645
0.369743
0.355767
0.341899
0.328294
0.315081
0.302368
0.290236
0.278749
0.26795
0.257869
0.248519
0.239904
0.232019
0.22485
0.218381
0.212591
0.207459
0.231551
0.222344
0.210347
0.197819
0.185526
0.17376
0.162675
0.152311
0.14266
0.133695
0.125382
0.117682
0.110541
0.103801
0.0974171
0.0913762
0.085665
0.080273
0.075192
0.0704165
0.0659434
0.0617712
0.0578991
0.0543264
0.0510518
0.0480733
0.0453876
0.0429901
0.0408747
0.0390335
0.0374575
0.0361361
0.0350574
0.034209
0.033578
0.0331518
0.032919
0.0328707
0.0330019
0.0333136
0.0338155
0.034528
0.0354844
0.0367331
0.038338
0.0403813
0.0429667
0.0462235
0.05031
0.0554158
0.0617616
0.0695963
0.0791893
0.0908155
0.104732
0.121142
0.140158
0.16175
0.185711
0.211644
0.238975
0.266999
0.294953
0.322087
0.34772
0.371282
0.392335
0.410572
0.425816
0.437997
0.447122
0.453261
0.45653
0.457072
0.455037
0.450531
0.443837
0.43544
0.425715
0.41496
0.403437
0.391377
0.378988
0.366454
0.353937
0.341577
0.329492
0.317782
0.306528
0.295791
0.285621
0.276048
0.267095
0.258773
0.251082
0.244018
0.23757
0.231725
0.226465
0.221773
0.115565
0.109827
0.103745
0.0980519
0.0928273
0.088053
0.0836566
0.0795965
0.0758382
0.0723508
0.0691076
0.0660859
0.0632661
0.0606293
0.0581619
0.0558534
0.053696
0.0516844
0.0498151
0.048086
0.0464962
0.0450456
0.0437348
0.0425652
0.0415384
0.0406565
0.039922
0.0393379
0.0389075
0.0386347
0.0385239
0.0385807
0.0388116
0.0392246
0.0398297
0.0406393
0.0416692
0.0429393
0.0444748
0.0463074
0.0484769
0.0510325
0.0540345
0.0575555
0.0616819
0.0665148
0.0721712
0.0787831
0.0864968
0.0954688
0.10586
0.117826
0.131503
0.146994
0.164343
0.18352
0.204396
0.226734
0.250186
0.274309
0.298596
0.322506
0.345514
0.367142
0.386983
0.404718
0.420121
0.433053
0.443454
0.451329
0.456732
0.45975
0.460484
0.459033
0.455453
0.449835
0.442602
0.434132
0.424711
0.414578
0.403939
0.392973
0.38184
0.370676
0.359603
0.348723
0.338124
0.327878
0.31804
0.308656
0.299759
0.29137
0.283503
0.276163
0.269349
0.263057
0.257274
0.251989
0.247187
0.242854
0.0965156
0.0938231
0.0910412
0.0883993
0.0859127
0.0835757
0.08138
0.0793187
0.0773854
0.0755747
0.0738825
0.0723056
0.0708419
0.0694903
0.0682505
0.0671228
0.0661085
0.0652091
0.0644273
0.0637661
0.0632296
0.0628226
0.0625505
0.0624199
0.0624382
0.0626139
0.0629565
0.0634768
0.064187
0.0651006
0.066233
0.0676015
0.0692256
0.0711271
0.0733307
0.0758643
0.0787595
0.0820518
0.0857815
0.0899939
0.0947398
0.100076
0.106065
0.112776
0.120282
0.128663
0.137996
0.148363
0.159836
0.172479
0.186337
0.201428
0.217736
0.235202
0.253713
0.273101
0.293137
0.313541
0.333992
0.354141
0.373633
0.392128
0.409319
0.424946
0.438805
0.45075
0.460694
0.468604
0.474488
0.478392
0.480381
0.480524
0.47887
0.475414
0.470216
0.463611
0.455918
0.44739
0.438236
0.428636
0.41874
0.408682
0.398576
0.388521
0.378601
0.368889
0.359445
0.350316
0.341542
0.333151
0.325163
0.317592
0.310445
0.303723
0.297424
0.291541
0.286066
0.280987
0.276292
0.271969
0.17
0.168348
0.166517
0.164704
0.162939
0.16123
0.159583
0.158005
0.1565
0.155075
0.153738
0.152495
0.151353
0.150321
0.149406
0.148617
0.147963
0.147454
0.1471
0.146911
0.1469
0.147078
0.14746
0.148058
0.148889
0.149968
0.151312
0.152941
0.154874
0.157132
0.159737
0.162714
0.166088
0.169885
0.174133
0.178862
0.184103
0.189887
0.196245
0.203212
0.210819
0.219099
0.228081
0.237793
0.248257
0.25949
0.2715
0.284282
0.297818
0.312072
0.326986
0.34248
0.358445
0.374747
0.391224
0.407691
0.423944
0.439767
0.454941
0.46925
0.482496
0.494505
0.505132
0.514265
0.52183
0.527786
0.532127
0.534872
0.536061
0.535741
0.533957
0.530728
0.525985
0.519868
0.512652
0.504563
0.495802
0.48654
0.476923
0.467073
0.457098
0.447089
0.437123
0.427267
0.41758
0.408107
0.398888
0.389953
0.381327
0.373028
0.365068
0.357453
0.350187
0.34327
0.336698
0.330467
0.324568
0.318995
0.313738
0.308788
0.303929
0.304429
0.305046
0.305702
0.306382
0.307085
0.307818
0.308587
0.3094
0.310265
0.311191
0.312188
0.313265
0.314436
0.31571
0.317101
0.318623
0.320289
0.322115
0.324115
0.326308
0.32871
0.33134
0.334215
0.337357
0.340784
0.344517
0.348577
0.352985
0.357762
0.362927
0.368502
0.374504
0.380952
0.38786
0.395242
0.403109
0.411467
0.420319
0.429664
0.439494
0.449794
0.460546
0.47172
0.483279
0.495176
0.507356
0.519751
0.532281
0.544857
0.557377
0.56973
0.581795
0.593444
0.604547
0.61497
0.624585
0.633267
0.640906
0.647405
0.652682
0.656677
0.65935
0.660681
0.660669
0.659331
0.656699
0.652812
0.64771
0.641429
0.63399
0.62529
0.615684
0.605363
0.594467
0.58314
0.571513
0.559697
0.547788
0.535866
0.524002
0.512254
0.500673
0.4893
0.478172
0.467315
0.456754
0.446505
0.436583
0.426995
0.417747
0.408842
0.400279
0.392055
0.384168
0.376612
0.369379
0.362464
0.355859
0.349558
0.442937
0.446023
0.449915
0.454071
0.458359
0.462752
0.467247
0.47185
0.476566
0.481403
0.486369
0.491473
0.496724
0.502131
0.507705
0.513456
0.519396
0.525535
0.531886
0.538461
0.545271
0.55233
0.559649
0.567241
0.575117
0.583287
0.591761
0.600549
0.609655
0.619085
0.62884
0.638918
0.649315
0.660021
0.671021
0.682295
0.693817
0.705554
0.717467
0.72951
0.741626
0.753756
0.765828
0.777766
0.789486
0.8009
0.811912
0.822423
0.832334
0.841541
0.849943
0.857442
0.863945
0.869365
0.873625
0.876658
0.87841
0.878839
0.877919
0.875638
0.871997
0.867011
0.860705
0.853115
0.844284
0.83426
0.823091
0.810822
0.797501
0.783161
0.767798
0.751948
0.735784
0.719404
0.702912
0.686404
0.669965
0.653667
0.637571
0.621729
0.606182
0.590966
0.576109
0.561634
0.547557
0.533893
0.52065
0.507833
0.495445
0.483486
0.471953
0.460842
0.450148
0.439863
0.429979
0.420488
0.411381
0.402649
0.394282
0.386272
0.530508
0.535319
0.541506
0.548184
0.555124
0.56227
0.569615
0.577161
0.584916
0.592889
0.601089
0.609526
0.618209
0.627148
0.636354
0.645837
0.655606
0.665672
0.676044
0.686731
0.697741
0.709082
0.720759
0.732778
0.74514
0.757846
0.770893
0.784275
0.797984
0.812004
0.826317
0.840898
0.855716
0.870733
0.885905
0.901177
0.91649
0.931773
0.946948
0.961928
0.976619
0.99092
1.00472
1.01791
1.03037
1.04198
1.05263
1.06219
1.07055
1.07762
1.08329
1.08748
1.09012
1.09115
1.09054
1.08825
1.08429
1.07867
1.07141
1.06255
1.05214
1.04023
1.02691
1.01223
0.996266
0.979082
0.960735
0.941282
0.920788
0.899228
0.877268
0.855242
0.833262
0.81142
0.789804
0.76849
0.747541
0.727009
0.706937
0.687359
0.668301
0.649781
0.631814
0.614408
0.597567
0.581294
0.565584
0.550435
0.535839
0.521786
0.508269
0.495274
0.48279
0.470805
0.459304
0.448275
0.437704
0.427577
0.417881
0.408603
0.0221471
0.022091
0.0220326
0.0219721
0.0219096
0.0218452
0.0217788
0.0217106
0.0216407
0.0215691
0.0214958
0.021421
0.0213446
0.0212666
0.0211872
0.0211063
0.021024
0.0209404
0.0208553
0.020769
0.0206813
0.0205923
0.020502
0.0204105
0.0203177
0.0202237
0.0201284
0.0200319
0.0199342
0.0198353
0.0197352
0.0196339
0.0195313
0.0194276
0.0193227
0.0192166
0.0191093
0.0190008
0.0188911
0.0187802
0.0186681
0.0185548
0.0184402
0.0183244
0.0182074
0.0180892
0.0179697
0.017849
0.0177269
0.0176036
0.017479
0.017353
0.0172257
0.0170971
0.016967
0.0168355
0.0167026
0.0165681
0.0164321
0.0162946
0.0161554
0.0160145
0.0158719
0.0157274
0.0155811
0.0154327
0.0152823
0.0151297
0.0149748
0.0148175
0.0146575
0.0144948
0.0143292
0.0141604
0.0139882
0.0138124
0.0136326
0.0134485
0.0132597
0.0130658
0.0128662
0.0126603
0.0124475
0.012227
0.0119977
0.0117586
0.0115082
0.0112449
0.0109667
0.0106709
0.0103543
0.0100125
0.00963964
0.00922775
0.00876506
0.00823368
0.00760441
0.0068259
0.00580666
0.00467005
0.0353018
0.0349777
0.0346676
0.0343697
0.0340832
0.0338075
0.0335421
0.0332863
0.0330395
0.0328013
0.0325711
0.0323484
0.0321327
0.0319235
0.0317205
0.0315231
0.0313309
0.0311436
0.0309609
0.0307822
0.0306074
0.0304361
0.0302679
0.0301027
0.0299401
0.0297799
0.0296219
0.0294658
0.0293114
0.0291586
0.029007
0.0288566
0.0287072
0.0285587
0.0284108
0.0282634
0.0281165
0.0279698
0.0278232
0.0276767
0.0275301
0.0273834
0.0272363
0.0270889
0.0269409
0.0267924
0.0266431
0.0264931
0.0263422
0.0261904
0.0260374
0.0258833
0.0257279
0.0255711
0.0254127
0.0252528
0.0250911
0.0249276
0.024762
0.0245943
0.0244242
0.0242517
0.0240765
0.0238985
0.0237174
0.023533
0.0233451
0.0231534
0.0229576
0.0227575
0.0225526
0.0223426
0.0221271
0.0219057
0.0216778
0.0214429
0.0212004
0.0209496
0.0206897
0.0204199
0.0201392
0.0198465
0.0195404
0.0192195
0.0188821
0.0185261
0.018149
0.0177478
0.017319
0.016858
0.0163588
0.0158139
0.015213
0.0145413
0.0137775
0.0128873
0.0118119
0.0104353
0.00849134
0.00558652
0.0482575
0.0478285
0.0474184
0.0470247
0.0466467
0.0462835
0.0459343
0.0455986
0.0452756
0.0449645
0.0446648
0.0443756
0.0440965
0.0438267
0.0435656
0.0433127
0.0430675
0.0428293
0.0425976
0.042372
0.0421519
0.041937
0.0417268
0.0415208
0.0413188
0.0411202
0.0409248
0.0407323
0.0405422
0.0403544
0.0401685
0.0399843
0.0398014
0.0396197
0.0394389
0.0392588
0.0390791
0.0388997
0.0387204
0.0385409
0.0383611
0.0381808
0.0379999
0.0378181
0.0376352
0.0374512
0.0372658
0.0370789
0.0368903
0.0366999
0.0365074
0.0363127
0.0361156
0.035916
0.0357135
0.0355082
0.0352997
0.0350878
0.0348723
0.0346529
0.0344295
0.0342018
0.0339695
0.0337322
0.0334897
0.0332417
0.0329878
0.0327275
0.0324606
0.0321865
0.0319047
0.0316147
0.031316
0.0310079
0.0306898
0.0303607
0.03002
0.0296666
0.0292995
0.0289174
0.0285192
0.0281031
0.0276675
0.0272102
0.0267289
0.0262208
0.0256824
0.0251097
0.0244976
0.0238398
0.0231281
0.0223519
0.0214968
0.0205422
0.0194576
0.0181947
0.0166682
0.0147067
0.0118882
0.00722424
0.0594631
0.0589981
0.0585533
0.0581261
0.0577156
0.0573211
0.0569418
0.0565768
0.0562255
0.0558871
0.0555608
0.0552459
0.0549418
0.0546476
0.0543628
0.0540866
0.0538185
0.0535578
0.053304
0.0530565
0.0528147
0.0525782
0.0523464
0.0521189
0.0518951
0.0516748
0.0514574
0.0512427
0.0510301
0.0508194
0.0506101
0.0504021
0.050195
0.0499884
0.0497821
0.0495758
0.0493693
0.0491623
0.0489546
0.0487458
0.0485359
0.0483245
0.0481115
0.0478965
0.0476795
0.0474602
0.0472384
0.0470138
0.0467863
0.0465556
0.0463215
0.0460839
0.0458424
0.0455969
0.045347
0.0450927
0.0448335
0.0445692
0.0442996
0.0440244
0.0437432
0.0434557
0.0431616
0.0428605
0.0425521
0.0422359
0.0419114
0.0415783
0.0412359
0.0408838
0.0405213
0.0401478
0.0397626
0.0393649
0.0389539
0.0385285
0.0380879
0.0376307
0.0371557
0.0366615
0.0361463
0.0356083
0.0350453
0.0344547
0.0338337
0.0331786
0.0324853
0.0317488
0.0309627
0.0301191
0.0292081
0.0282163
0.0271256
0.0259106
0.0245331
0.0229324
0.0210016
0.0185247
0.0149635
0.00897132
0.0693397
0.0688717
0.0684231
0.0679913
0.0675756
0.0671753
0.0667896
0.0664177
0.066059
0.0657127
0.0653781
0.0650545
0.064741
0.0644372
0.0641422
0.0638554
0.0635762
0.0633039
0.063038
0.0627778
0.0625228
0.0622725
0.0620264
0.0617839
0.0615446
0.061308
0.0610737
0.0608413
0.0606104
0.0603806
0.0601515
0.0599228
0.0596941
0.0594652
0.0592357
0.0590053
0.0587738
0.0585408
0.058306
0.0580693
0.0578304
0.057589
0.0573448
0.0570976
0.0568472
0.0565934
0.0563358
0.0560742
0.0558084
0.0555382
0.0552633
0.0549835
0.0546984
0.0544078
0.0541114
0.053809
0.0535003
0.0531849
0.0528625
0.0525328
0.0521954
0.0518499
0.051496
0.0511332
0.0507611
0.0503791
0.0499869
0.0495837
0.0491691
0.0487424
0.0483029
0.0478498
0.0473824
0.0468996
0.0464006
0.0458843
0.0453493
0.0447944
0.0442181
0.0436186
0.042994
0.0423421
0.0416604
0.0409459
0.0401951
0.0394039
0.0385676
0.03768
0.0367338
0.0357199
0.0346264
0.0334377
0.0321325
0.0306808
0.0290377
0.0271315
0.0248361
0.0218952
0.0176682
0.0105103
0.0781708
0.0777175
0.0772816
0.0768608
0.0764545
0.0760619
0.0756825
0.0753156
0.0749605
0.0746167
0.0742833
0.0739597
0.0736453
0.0733394
0.0730413
0.0727504
0.0724661
0.0721878
0.0719149
0.0716469
0.0713831
0.0711231
0.0708663
0.0706122
0.0703605
0.0701105
0.069862
0.0696144
0.0693674
0.0691205
0.0688735
0.0686259
0.0683774
0.0681276
0.0678763
0.0676232
0.0673678
0.06711
0.0668495
0.0665859
0.066319
0.0660485
0.0657742
0.0654957
0.0652129
0.0649255
0.0646331
0.0643356
0.0640326
0.0637239
0.0634092
0.0630882
0.0627607
0.0624263
0.0620847
0.0617357
0.0613788
0.0610137
0.0606401
0.0602576
0.0598658
0.0594642
0.0590525
0.0586301
0.0581966
0.0577513
0.0572938
0.0568234
0.0563395
0.0558413
0.0553281
0.054799
0.054253
0.0536893
0.0531067
0.052504
0.0518797
0.0512325
0.0505605
0.049862
0.0491347
0.0483762
0.0475835
0.0467535
0.0458822
0.0449651
0.0439965
0.0429699
0.041877
0.0407074
0.0394477
0.0380803
0.0365813
0.0349166
0.0330353
0.0308563
0.0282361
0.0248834
0.0200665
0.0118789
0.0861453
0.0857175
0.0853043
0.0849037
0.0845153
0.0841385
0.0837729
0.0834179
0.0830729
0.0827373
0.0824106
0.0820922
0.0817814
0.0814776
0.0811803
0.0808889
0.0806028
0.0803214
0.0800442
0.0797707
0.0795002
0.0792325
0.0789668
0.0787028
0.07844
0.078178
0.0779163
0.0776545
0.0773923
0.0771292
0.0768649
0.076599
0.0763311
0.076061
0.0757883
0.0755127
0.0752339
0.0749516
0.0746654
0.0743751
0.0740805
0.0737811
0.0734768
0.0731673
0.0728522
0.0725314
0.0722044
0.0718711
0.0715311
0.0711842
0.0708301
0.0704683
0.0700987
0.069721
0.0693346
0.0689395
0.068535
0.068121
0.067697
0.0672625
0.0668172
0.0663606
0.0658921
0.0654114
0.0649178
0.0644108
0.0638897
0.0633538
0.0628025
0.062235
0.0616504
0.0610478
0.0604263
0.0597846
0.0591217
0.0584362
0.0577266
0.0569913
0.0562285
0.055436
0.0546115
0.0537523
0.0528554
0.0519171
0.0509332
0.0498987
0.0488076
0.0476525
0.0464244
0.045112
0.0437005
0.0421707
0.0404962
0.0386394
0.0365445
0.0341217
0.0312127
0.0274949
0.0221571
0.0130733
0.093406
0.0930104
0.0926261
0.0922515
0.0918864
0.0915304
0.0911831
0.0908441
0.0905129
0.0901891
0.0898723
0.0895618
0.0892572
0.0889579
0.0886635
0.0883733
0.088087
0.087804
0.0875237
0.0872458
0.0869696
0.0866948
0.0864209
0.0861475
0.085874
0.0856002
0.0853255
0.0850497
0.0847722
0.0844928
0.0842111
0.0839266
0.0836392
0.0833484
0.083054
0.0827556
0.0824529
0.0821455
0.0818333
0.0815159
0.0811929
0.0808642
0.0805294
0.0801883
0.0798404
0.0794857
0.0791237
0.0787541
0.0783767
0.0779911
0.0775971
0.0771943
0.0767823
0.0763609
0.0759296
0.0754881
0.0750361
0.074573
0.0740986
0.0736123
0.0731137
0.0726023
0.0720776
0.0715391
0.0709861
0.0704181
0.0698343
0.0692341
0.0686168
0.0679814
0.0673271
0.0666529
0.0659578
0.0652405
0.0645
0.0637346
0.0629429
0.0621231
0.0612733
0.0603913
0.0594745
0.0585201
0.0575248
0.0564847
0.0553954
0.0542515
0.0530465
0.0517727
0.0504204
0.0489772
0.0474277
0.0457508
0.0439183
0.0418897
0.0396047
0.0369664
0.0338034
0.0297665
0.0239756
0.0141158
0.100055
0.0996954
0.0993439
0.0989988
0.0986602
0.0983279
0.0980015
0.0976809
0.0973657
0.0970557
0.0967503
0.0964492
0.096152
0.0958583
0.0955676
0.0952795
0.0949935
0.0947093
0.0944262
0.094144
0.0938622
0.0935803
0.093298
0.0930148
0.0927304
0.0924443
0.0921562
0.0918656
0.0915723
0.0912759
0.090976
0.0906723
0.0903644
0.0900521
0.089735
0.0894129
0.0890853
0.088752
0.0884127
0.0880671
0.0877149
0.0873559
0.0869896
0.0866158
0.0862343
0.0858447
0.0854466
0.0850399
0.0846242
0.0841991
0.0837644
0.0833197
0.0828646
0.0823989
0.081922
0.0814337
0.0809335
0.0804211
0.0798959
0.0793576
0.0788056
0.0782394
0.0776585
0.0770624
0.0764504
0.0758218
0.075176
0.0745123
0.0738298
0.0731277
0.072405
0.0716608
0.0708939
0.0701032
0.0692873
0.0684447
0.0675738
0.0666728
0.0657397
0.0647721
0.0637675
0.0627227
0.0616345
0.0604987
0.0593106
0.0580647
0.056754
0.0553704
0.0539037
0.052341
0.0506657
0.0488557
0.0468809
0.0446986
0.0422445
0.0394157
0.0360297
0.0317144
0.0255306
0.0150099
0.106167
0.105847
0.10553
0.105217
0.104907
0.104599
0.104295
0.103994
0.103696
0.103401
0.103107
0.102816
0.102527
0.102239
0.101952
0.101666
0.10138
0.101095
0.100809
0.100522
0.100234
0.0999443
0.0996529
0.0993593
0.0990631
0.0987639
0.0984614
0.0981552
0.0978451
0.0975306
0.0972115
0.0968874
0.0965581
0.0962231
0.0958822
0.0955351
0.0951815
0.0948211
0.0944536
0.0940787
0.0936961
0.0933055
0.0929066
0.0924991
0.0920827
0.0916572
0.0912221
0.0907772
0.0903222
0.0898567
0.0893804
0.0888929
0.088394
0.0878832
0.0873601
0.0868244
0.0862756
0.0857133
0.0851371
0.0845465
0.083941
0.0833201
0.0826831
0.0820296
0.0813589
0.0806704
0.0799633
0.0792369
0.0784904
0.0777228
0.0769333
0.0761208
0.0752841
0.074422
0.0735333
0.0726162
0.0716693
0.0706905
0.0696779
0.0686289
0.067541
0.0664111
0.0652354
0.06401
0.0627299
0.0613891
0.0599808
0.0584964
0.0569251
0.0552535
0.0534644
0.0515347
0.0494328
0.047114
0.0445109
0.0415153
0.0379355
0.0333798
0.0268593
0.0157776
0.111801
0.111521
0.11124
0.110959
0.110678
0.110397
0.110116
0.109835
0.109554
0.109273
0.108992
0.108711
0.108429
0.108146
0.107863
0.107578
0.107292
0.107005
0.106715
0.106422
0.106127
0.105829
0.105528
0.105223
0.104914
0.104601
0.104283
0.10396
0.103632
0.103298
0.102959
0.102613
0.102261
0.101902
0.101536
0.101163
0.100782
0.100393
0.0999964
0.0995909
0.0991767
0.0987534
0.0983208
0.0978785
0.0974262
0.0969637
0.0964906
0.0960066
0.0955114
0.0950046
0.094486
0.0939551
0.0934117
0.0928553
0.0922855
0.091702
0.0911044
0.0904921
0.0898648
0.089222
0.0885631
0.0878877
0.0871952
0.086485
0.0857564
0.0850088
0.0842415
0.0834537
0.0826446
0.0818133
0.0809588
0.0800801
0.079176
0.0782453
0.0772866
0.0762983
0.0752788
0.0742261
0.0731381
0.0720123
0.0708461
0.0696362
0.0683791
0.0670703
0.0657048
0.0642767
0.0627788
0.0612021
0.0595357
0.0577657
0.0558741
0.053837
0.051622
0.0491822
0.0464478
0.0433063
0.0395579
0.0347944
0.0279849
0.0164315
0.117
0.116761
0.116516
0.116268
0.116016
0.115761
0.115502
0.115241
0.114977
0.11471
0.114441
0.114169
0.113894
0.113617
0.113336
0.113052
0.112765
0.112474
0.11218
0.111881
0.111578
0.11127
0.110958
0.110641
0.110318
0.109989
0.109655
0.109314
0.108967
0.108613
0.108252
0.107883
0.107507
0.107123
0.106731
0.106331
0.105922
0.105504
0.105076
0.104639
0.104192
0.103736
0.103268
0.10279
0.102301
0.101801
0.101289
0.100766
0.10023
0.0996814
0.0991201
0.0985455
0.0979574
0.0973553
0.0967389
0.0961078
0.0954615
0.0947996
0.0941217
0.0934273
0.0927159
0.0919869
0.0912398
0.0904741
0.089689
0.0888839
0.0880582
0.0872109
0.0863414
0.0854487
0.0845318
0.0835897
0.0826212
0.0816251
0.0806
0.0795443
0.0784563
0.0773341
0.0761755
0.0749781
0.073739
0.0724551
0.0711225
0.0697371
0.0682935
0.0667856
0.0652062
0.063546
0.0617939
0.0599356
0.0579525
0.0558202
0.0535051
0.050959
0.0481098
0.0448413
0.0409471
0.0360049
0.028948
0.0169945
0.121802
0.121603
0.121395
0.121178
0.120955
0.120724
0.120488
0.120246
0.119998
0.119745
0.119486
0.119223
0.118954
0.11868
0.118401
0.118117
0.117828
0.117533
0.117233
0.116927
0.116615
0.116297
0.115972
0.115641
0.115303
0.114959
0.114606
0.114247
0.113879
0.113504
0.11312
0.112728
0.112328
0.111918
0.111499
0.11107
0.110632
0.110184
0.109725
0.109256
0.108776
0.108285
0.107783
0.107268
0.106743
0.106204
0.105654
0.10509
0.104513
0.103923
0.103319
0.102701
0.102069
0.101422
0.100759
0.100081
0.099387
0.0986764
0.0979489
0.0972041
0.0964415
0.0956605
0.0948606
0.0940412
0.0932016
0.0923413
0.0914595
0.0905554
0.0896283
0.0886772
0.0877012
0.0866992
0.0856701
0.0846125
0.0835253
0.0824067
0.081255
0.0800683
0.0788445
0.077581
0.0762751
0.0749234
0.0735221
0.072067
0.0705526
0.0689729
0.0673202
0.0655853
0.0637566
0.0618197
0.0597556
0.0575391
0.0551359
0.0524965
0.0495469
0.0461676
0.0421465
0.0370491
0.0297779
0.0174831
0.126238
0.126078
0.125904
0.125719
0.125523
0.125317
0.125101
0.124877
0.124644
0.124403
0.124154
0.123898
0.123635
0.123364
0.123086
0.1228
0.122508
0.122208
0.121901
0.121586
0.121264
0.120934
0.120597
0.120251
0.119897
0.119535
0.119165
0.118785
0.118397
0.117999
0.117592
0.117176
0.116749
0.116313
0.115866
0.115409
0.114941
0.114462
0.113972
0.113471
0.112957
0.112432
0.111894
0.111344
0.110781
0.110205
0.109616
0.109013
0.108396
0.107765
0.107119
0.106459
0.105783
0.105091
0.104384
0.10366
0.10292
0.102162
0.101387
0.100594
0.0997824
0.0989517
0.0981015
0.0972311
0.09634
0.0954276
0.094493
0.0935357
0.0925547
0.0915491
0.0905182
0.0894607
0.0883756
0.0872615
0.0861172
0.084941
0.0837312
0.082486
0.081203
0.0798798
0.0785135
0.0771009
0.0756381
0.0741206
0.0725432
0.0708994
0.0691816
0.0673805
0.0654842
0.0634779
0.0613423
0.0590518
0.0565712
0.05385
0.0508126
0.0473367
0.0432051
0.0379729
0.0305153
0.0179191
0.130335
0.130212
0.130072
0.129916
0.129746
0.129563
0.129367
0.129159
0.12894
0.12871
0.12847
0.12822
0.12796
0.127691
0.127412
0.127125
0.126828
0.126522
0.126207
0.125883
0.12555
0.125207
0.124856
0.124495
0.124124
0.123744
0.123354
0.122954
0.122544
0.122124
0.121693
0.121252
0.120799
0.120336
0.119861
0.119376
0.118878
0.118368
0.117847
0.117313
0.116766
0.116207
0.115635
0.115049
0.11445
0.113837
0.11321
0.112568
0.111912
0.111241
0.110555
0.109854
0.109136
0.108402
0.107652
0.106885
0.106101
0.105299
0.104478
0.10364
0.102782
0.101905
0.101008
0.10009
0.099151
0.0981903
0.0972072
0.0962008
0.0951704
0.0941151
0.0930341
0.0919261
0.0907902
0.0896251
0.0884293
0.0872013
0.0859394
0.0846417
0.0833058
0.0819294
0.0805095
0.0790427
0.0775253
0.0759526
0.0743192
0.0726188
0.0708434
0.0689836
0.0670273
0.0649595
0.0627604
0.0604039
0.057854
0.0550595
0.0519429
0.0483795
0.0441478
0.0387932
0.0311672
0.0183111
0.134603
0.134518
0.134411
0.134285
0.13414
0.133978
0.1338
0.133608
0.1334
0.133179
0.132945
0.132699
0.13244
0.132169
0.131887
0.131593
0.131289
0.130973
0.130646
0.130309
0.129961
0.129601
0.129232
0.128851
0.128459
0.128056
0.127643
0.127218
0.126782
0.126334
0.125875
0.125404
0.124921
0.124426
0.123919
0.123399
0.122867
0.122322
0.121765
0.121194
0.120609
0.120012
0.1194
0.118775
0.118135
0.117481
0.116812
0.116128
0.115429
0.114714
0.113984
0.113238
0.112475
0.111696
0.110899
0.110086
0.109254
0.108405
0.107537
0.10665
0.105744
0.104818
0.103872
0.102905
0.101916
0.100906
0.0998725
0.0988159
0.097735
0.0966292
0.0954973
0.0943384
0.0931513
0.0919349
0.0906876
0.089408
0.0880943
0.0867446
0.0853565
0.0839277
0.082455
0.0809351
0.0793642
0.0777375
0.0760495
0.0742938
0.0724622
0.0705451
0.0685301
0.0664019
0.0641403
0.0617185
0.0590998
0.0562318
0.0530354
0.0493833
0.0450492
0.0395698
0.0317752
0.0186653
0.139035
0.138991
0.13892
0.138824
0.138707
0.138568
0.13841
0.138233
0.138038
0.137827
0.137599
0.137356
0.137098
0.136825
0.136539
0.136239
0.135926
0.135599
0.13526
0.134908
0.134543
0.134166
0.133777
0.133375
0.13296
0.132534
0.132095
0.131643
0.131179
0.130702
0.130213
0.129711
0.129196
0.128668
0.128127
0.127572
0.127004
0.126423
0.125828
0.125219
0.124596
0.123959
0.123308
0.122641
0.12196
0.121265
0.120554
0.119827
0.119085
0.118327
0.117553
0.116762
0.115955
0.115131
0.114289
0.11343
0.112553
0.111658
0.110744
0.109811
0.108858
0.107886
0.106893
0.10588
0.104845
0.103788
0.102708
0.101604
0.100477
0.0993244
0.0981459
0.0969404
0.0957068
0.0944438
0.09315
0.0918238
0.0904635
0.0890671
0.0876322
0.0861564
0.0846365
0.0830691
0.0814502
0.079775
0.0780379
0.076232
0.0743493
0.0723795
0.0703103
0.0681255
0.0658045
0.0633199
0.0606338
0.0576923
0.0544142
0.0506687
0.0462232
0.0406021
0.0326025
0.0191414
0.14306
0.143053
0.143014
0.142947
0.142854
0.142735
0.142594
0.14243
0.142246
0.142042
0.141819
0.141578
0.141319
0.141044
0.140752
0.140445
0.140123
0.139785
0.139433
0.139066
0.138685
0.13829
0.137881
0.137459
0.137023
0.136573
0.136109
0.135632
0.135142
0.134638
0.13412
0.133588
0.133043
0.132484
0.131912
0.131325
0.130724
0.130109
0.12948
0.128836
0.128178
0.127506
0.126818
0.126115
0.125398
0.124665
0.123916
0.123152
0.122372
0.121576
0.120763
0.119934
0.119089
0.118226
0.117345
0.116448
0.115532
0.114598
0.113645
0.112673
0.111682
0.110671
0.10964
0.108588
0.107515
0.10642
0.105302
0.104161
0.102996
0.101805
0.100589
0.0993467
0.0980758
0.0967757
0.0954448
0.0940815
0.0926841
0.0912505
0.0897782
0.0882648
0.086707
0.0851013
0.0834434
0.0817286
0.0799509
0.0781034
0.0761775
0.074163
0.0720467
0.0698124
0.0674386
0.064897
0.0621487
0.0591381
0.0557819
0.0519453
0.0473895
0.0416256
0.0334178
0.0196052
0.146708
0.146733
0.146722
0.146679
0.146606
0.146504
0.146376
0.146224
0.146047
0.145848
0.145627
0.145386
0.145125
0.144846
0.144548
0.144232
0.143899
0.14355
0.143184
0.142802
0.142405
0.141993
0.141565
0.141122
0.140665
0.140192
0.139706
0.139204
0.138689
0.138159
0.137615
0.137056
0.136483
0.135896
0.135294
0.134678
0.134047
0.133402
0.132742
0.132068
0.131378
0.130674
0.129955
0.129221
0.128471
0.127706
0.126925
0.126129
0.125317
0.124488
0.123644
0.122783
0.121905
0.12101
0.120098
0.119169
0.118222
0.117257
0.116273
0.115271
0.114249
0.113208
0.112147
0.111066
0.109963
0.108838
0.107692
0.106522
0.105328
0.10411
0.102866
0.101596
0.100297
0.0989699
0.0976116
0.096221
0.0947962
0.0933351
0.0918352
0.0902937
0.0887075
0.0870728
0.0853853
0.0836399
0.0818306
0.0799501
0.0779897
0.0759386
0.0737834
0.0715072
0.0690878
0.0664962
0.0636923
0.0606187
0.0571898
0.053267
0.0486049
0.0427007
0.0342833
0.0200901
0.150012
0.150063
0.150075
0.150051
0.149994
0.149906
0.149788
0.149643
0.149471
0.149274
0.149054
0.14881
0.148546
0.14826
0.147954
0.147629
0.147285
0.146923
0.146544
0.146147
0.145733
0.145303
0.144857
0.144395
0.143917
0.143424
0.142915
0.142391
0.141853
0.141299
0.140731
0.140147
0.139549
0.138936
0.138309
0.137667
0.13701
0.136339
0.135652
0.134951
0.134236
0.133505
0.132759
0.131998
0.131222
0.130431
0.129624
0.128802
0.127964
0.12711
0.12624
0.125354
0.124452
0.123533
0.122597
0.121644
0.120673
0.119685
0.118679
0.117654
0.116611
0.115549
0.114466
0.113364
0.112241
0.111097
0.109931
0.108742
0.107529
0.106292
0.10503
0.103741
0.102424
0.101078
0.0997021
0.0982933
0.0968502
0.0953705
0.0938517
0.0922908
0.0906847
0.0890293
0.0873202
0.0855521
0.0837186
0.0818124
0.0798242
0.077743
0.0755549
0.0732423
0.0707825
0.0681452
0.0652892
0.0621555
0.0586555
0.0546468
0.0498765
0.0438271
0.0351888
0.0205887
0.153006
0.153078
0.153108
0.153098
0.153053
0.152973
0.152862
0.152721
0.152551
0.152354
0.152131
0.151883
0.151613
0.151319
0.151005
0.150669
0.150314
0.149939
0.149545
0.149133
0.148704
0.148257
0.147793
0.147312
0.146816
0.146303
0.145774
0.14523
0.14467
0.144096
0.143506
0.142901
0.142281
0.141646
0.140997
0.140333
0.139654
0.138961
0.138253
0.137531
0.136793
0.136041
0.135275
0.134493
0.133697
0.132886
0.132059
0.131218
0.130361
0.129489
0.128601
0.127698
0.126778
0.125843
0.124891
0.123922
0.122937
0.121934
0.120914
0.119876
0.11882
0.117744
0.11665
0.115536
0.114402
0.113246
0.112069
0.11087
0.109647
0.1084
0.107128
0.10583
0.104503
0.103148
0.101762
0.100343
0.0988896
0.0973992
0.0958691
0.0942963
0.0926774
0.0910082
0.0892841
0.0874995
0.085648
0.0837217
0.0817111
0.0796048
0.0773882
0.0750433
0.0725466
0.0698667
0.0669611
0.0637688
0.0601987
0.0561037
0.0512236
0.0450248
0.0361557
0.0211129
0.155724
0.155811
0.155852
0.155853
0.155814
0.15574
0.155631
0.15549
0.155319
0.155119
0.154891
0.154638
0.154359
0.154057
0.153732
0.153386
0.153018
0.15263
0.152222
0.151796
0.151351
0.150888
0.150407
0.14991
0.149396
0.148865
0.148319
0.147757
0.147179
0.146586
0.145978
0.145355
0.144717
0.144065
0.143398
0.142716
0.14202
0.14131
0.140586
0.139847
0.139094
0.138327
0.137546
0.13675
0.13594
0.135115
0.134276
0.133423
0.132555
0.131672
0.130773
0.12986
0.128932
0.127988
0.127028
0.126052
0.125059
0.12405
0.123025
0.121981
0.12092
0.119841
0.118743
0.117625
0.116488
0.115329
0.11415
0.112948
0.111724
0.110475
0.109201
0.1079
0.106572
0.105214
0.103825
0.102403
0.100946
0.0994513
0.0979161
0.0963373
0.0947112
0.0930336
0.0912996
0.0895033
0.0876381
0.0856958
0.0836665
0.0815382
0.0792962
0.0769214
0.0743896
0.0716686
0.0687142
0.0654635
0.0618224
0.0576393
0.0526455
0.0462907
0.037178
0.0216593
0.158197
0.158293
0.158341
0.158346
0.15831
0.158236
0.158126
0.157983
0.157807
0.157601
0.157367
0.157105
0.156817
0.156505
0.156169
0.15581
0.15543
0.155029
0.154607
0.154166
0.153707
0.153229
0.152734
0.152221
0.151691
0.151146
0.150584
0.150006
0.149414
0.148806
0.148183
0.147546
0.146894
0.146228
0.145548
0.144854
0.144146
0.143424
0.142689
0.14194
0.141177
0.140401
0.139611
0.138808
0.137991
0.13716
0.136315
0.135457
0.134584
0.133698
0.132797
0.131882
0.130952
0.130007
0.129047
0.128071
0.12708
0.126073
0.125049
0.124008
0.12295
0.121875
0.12078
0.119667
0.118534
0.117381
0.116206
0.115009
0.11379
0.112546
0.111276
0.10998
0.108656
0.107302
0.105916
0.104497
0.103041
0.101547
0.100012
0.0984318
0.0968028
0.0951207
0.0933804
0.0915759
0.0897
0.0877444
0.0856988
0.0835507
0.0812849
0.0788816
0.0763158
0.0735542
0.0705511
0.0672416
0.0635284
0.0592551
0.0541444
0.0476279
0.0382601
0.0222303
0.160453
0.160552
0.160602
0.160606
0.160568
0.16049
0.160376
0.160226
0.160043
0.159829
0.159586
0.159314
0.159015
0.158691
0.158343
0.157972
0.157579
0.157165
0.15673
0.156275
0.155802
0.155311
0.154802
0.154276
0.153733
0.153174
0.1526
0.15201
0.151406
0.150787
0.150153
0.149506
0.148844
0.14817
0.147481
0.14678
0.146065
0.145337
0.144597
0.143843
0.143077
0.142298
0.141506
0.140702
0.139884
0.139054
0.138211
0.137355
0.136485
0.135602
0.134706
0.133796
0.132872
0.131934
0.130981
0.130014
0.129031
0.128033
0.127019
0.125988
0.12494
0.123875
0.122792
0.12169
0.120568
0.119426
0.118263
0.117077
0.115868
0.114635
0.113376
0.11209
0.110775
0.109429
0.108051
0.106639
0.10519
0.1037
0.102168
0.10059
0.0989609
0.0972771
0.095533
0.0937223
0.0918376
0.0898703
0.0878096
0.0856428
0.0833539
0.0809226
0.078323
0.0755205
0.0724681
0.0690988
0.065312
0.0609463
0.055715
0.0490309
0.0393967
0.0228232
0.16252
0.162616
0.162661
0.16266
0.162615
0.16253
0.162406
0.162247
0.162054
0.161829
0.161574
0.16129
0.160979
0.160643
0.160282
0.159897
0.159491
0.159064
0.158616
0.158149
0.157663
0.15716
0.156639
0.156101
0.155548
0.154979
0.154395
0.153796
0.153183
0.152557
0.151917
0.151263
0.150597
0.149918
0.149227
0.148523
0.147807
0.147079
0.146339
0.145587
0.144823
0.144048
0.14326
0.142461
0.14165
0.140827
0.139992
0.139145
0.138286
0.137414
0.136529
0.135632
0.134721
0.133797
0.132858
0.131906
0.130939
0.129956
0.128959
0.127945
0.126914
0.125866
0.1248
0.123715
0.12261
0.121485
0.120338
0.119169
0.117977
0.116759
0.115515
0.114243
0.112941
0.111608
0.110241
0.108839
0.107398
0.105917
0.10439
0.102816
0.101189
0.0995053
0.0977588
0.0959431
0.0940506
0.0920722
0.089997
0.0878116
0.0854995
0.08304
0.080406
0.0775621
0.0744595
0.0710292
0.0671673
0.0627071
0.0573525
0.0504961
0.040586
0.0234375
0.164421
0.164508
0.164542
0.16453
0.164473
0.164376
0.16424
0.164068
0.163861
0.163623
0.163354
0.163056
0.162731
0.162381
0.162006
0.161609
0.161189
0.160749
0.160289
0.15981
0.159313
0.158799
0.158268
0.157722
0.15716
0.156583
0.155993
0.155389
0.154771
0.154141
0.153498
0.152843
0.152177
0.151498
0.150809
0.150108
0.149396
0.148673
0.14794
0.147195
0.14644
0.145675
0.144899
0.144111
0.143314
0.142505
0.141685
0.140854
0.140011
0.139157
0.138291
0.137412
0.136521
0.135617
0.1347
0.133769
0.132824
0.131863
0.130888
0.129897
0.128889
0.127863
0.12682
0.125757
0.124675
0.123571
0.122446
0.121298
0.120125
0.118927
0.117701
0.116447
0.115162
0.113844
0.112491
0.111102
0.109672
0.108199
0.10668
0.105111
0.103488
0.101805
0.100056
0.0982358
0.0963355
0.0943459
0.0922557
0.0900513
0.0877154
0.0852267
0.0825574
0.0796708
0.0765169
0.0730242
0.0690857
0.0645291
0.0590488
0.0520164
0.0418225
0.0240706
0.166177
0.166248
0.166266
0.166237
0.166165
0.166051
0.165898
0.165709
0.165486
0.165231
0.164946
0.164633
0.164292
0.163927
0.163538
0.163126
0.162694
0.162241
0.161769
0.161279
0.160772
0.160249
0.15971
0.159157
0.158589
0.158008
0.157414
0.156808
0.156189
0.155559
0.154918
0.154267
0.153604
0.152932
0.152249
0.151556
0.150854
0.150143
0.149421
0.148691
0.14795
0.147201
0.146442
0.145673
0.144895
0.144106
0.143308
0.142499
0.14168
0.14085
0.140008
0.139155
0.13829
0.137413
0.136523
0.135619
0.134701
0.133769
0.132822
0.131858
0.130878
0.12988
0.128864
0.127828
0.126772
0.125695
0.124595
0.123471
0.122322
0.121146
0.119942
0.118708
0.117441
0.116141
0.114804
0.113428
0.112011
0.110549
0.109038
0.107475
0.105854
0.104172
0.102422
0.100596
0.0986875
0.0966859
0.0945798
0.092355
0.089994
0.0874746
0.0847684
0.0818375
0.0786304
0.0750736
0.0710567
0.0664022
0.0607945
0.0535839
0.0431006
0.02472
0.167804
0.167853
0.16785
0.167799
0.167706
0.167571
0.167397
0.167188
0.166946
0.166671
0.166368
0.166036
0.165679
0.165297
0.164893
0.164467
0.164021
0.163556
0.163073
0.162573
0.162057
0.161527
0.160982
0.160424
0.159853
0.15927
0.158676
0.158071
0.157456
0.15683
0.156195
0.155551
0.154898
0.154236
0.153565
0.152886
0.152199
0.151504
0.150801
0.15009
0.149371
0.148643
0.147907
0.147163
0.14641
0.145649
0.144878
0.144098
0.143308
0.142508
0.141697
0.140876
0.140043
0.139198
0.13834
0.137469
0.136584
0.135685
0.13477
0.13384
0.132892
0.131926
0.130941
0.129936
0.128911
0.127863
0.126791
0.125694
0.124571
0.12342
0.12224
0.121028
0.119782
0.1185
0.11718
0.11582
0.114415
0.112963
0.111461
0.109904
0.108287
0.106604
0.104851
0.10302
0.101101
0.0990863
0.0969626
0.0947156
0.0923273
0.089775
0.0870293
0.0840516
0.0807887
0.0771652
0.0730675
0.068313
0.0625763
0.0551863
0.0444112
0.0253812
0.169323
0.169344
0.169312
0.169235
0.169114
0.168953
0.168755
0.168522
0.168256
0.167959
0.167634
0.167283
0.166907
0.166508
0.166087
0.165646
0.165186
0.164709
0.164215
0.163707
0.163184
0.162647
0.162099
0.161538
0.160967
0.160386
0.159795
0.159194
0.158585
0.157968
0.157344
0.156711
0.156072
0.155425
0.154772
0.154112
0.153446
0.152773
0.152094
0.151408
0.150715
0.150016
0.149309
0.148595
0.147874
0.147145
0.146408
0.145662
0.144908
0.144144
0.14337
0.142585
0.141789
0.140982
0.140162
0.139329
0.138482
0.13762
0.136742
0.135848
0.134937
0.134007
0.133057
0.132086
0.131094
0.130078
0.129037
0.12797
0.126876
0.125752
0.124596
0.123408
0.122184
0.120922
0.11962
0.118274
0.116883
0.115442
0.113948
0.112395
0.110781
0.109098
0.107341
0.105502
0.103572
0.101541
0.0993978
0.0971261
0.0947077
0.0921193
0.0893309
0.0863025
0.0829798
0.0792854
0.0751026
0.070244
0.064375
0.0568042
0.0457379
0.0260448
0.170744
0.17073
0.170664
0.170554
0.170401
0.17021
0.169982
0.169721
0.169428
0.169106
0.168757
0.168384
0.167987
0.167569
0.16713
0.166674
0.166201
0.165712
0.165208
0.164691
0.164162
0.163622
0.163071
0.162511
0.161942
0.161365
0.16078
0.160188
0.15959
0.158986
0.158375
0.15776
0.157139
0.156513
0.155882
0.155247
0.154606
0.153961
0.153311
0.152656
0.151996
0.15133
0.150659
0.149981
0.149298
0.148607
0.147909
0.147204
0.14649
0.145767
0.145035
0.144292
0.143539
0.142774
0.141996
0.141205
0.1404
0.13958
0.138744
0.13789
0.137019
0.136128
0.135216
0.134282
0.133326
0.132344
0.131337
0.130302
0.129237
0.128141
0.127012
0.125848
0.124647
0.123405
0.122121
0.120791
0.119413
0.117982
0.116496
0.114948
0.113335
0.11165
0.109887
0.108039
0.106096
0.104048
0.101881
0.0995818
0.0971299
0.0945014
0.0916655
0.0885811
0.0851924
0.0814197
0.0771434
0.072171
0.0661596
0.058399
0.0470397
0.0266863
0.173278
0.173173
0.173022
0.17283
0.172599
0.172334
0.172036
0.171708
0.171353
0.170973
0.17057
0.170145
0.169702
0.169241
0.168765
0.168274
0.167771
0.167256
0.166731
0.166197
0.165655
0.165106
0.164551
0.16399
0.163425
0.162855
0.162282
0.161706
0.161128
0.160547
0.159964
0.159379
0.158793
0.158205
0.157615
0.157023
0.15643
0.155834
0.155237
0.154636
0.154032
0.153425
0.152814
0.152199
0.151579
0.150952
0.15032
0.14968
0.149033
0.148377
0.147712
0.147036
0.146349
0.145649
0.144937
0.14421
0.143467
0.142708
0.141931
0.141136
0.140319
0.139482
0.138621
0.137735
0.136824
0.135885
0.134917
0.133918
0.132885
0.131818
0.130714
0.129571
0.128386
0.127156
0.12588
0.124553
0.123172
0.121734
0.120235
0.118669
0.117032
0.115317
0.113518
0.111627
0.109634
0.107529
0.105298
0.102925
0.10039
0.0976689
0.0947292
0.0915283
0.0880083
0.0840866
0.0796393
0.0744668
0.068214
0.060147
0.0483582
0.0272645
0.176877
0.17657
0.176229
0.175858
0.175461
0.175041
0.1746
0.17414
0.173664
0.173174
0.172671
0.172159
0.171638
0.171109
0.170576
0.170039
0.169499
0.168959
0.168418
0.167877
0.167339
0.166803
0.166271
0.165743
0.165219
0.1647
0.164187
0.163679
0.163177
0.16268
0.162189
0.161704
0.161224
0.16075
0.16028
0.159814
0.159352
0.158894
0.158438
0.157984
0.157532
0.157079
0.156626
0.156172
0.155715
0.155254
0.154789
0.154318
0.15384
0.153354
0.152858
0.152352
0.151834
0.151302
0.150756
0.150194
0.149614
0.149014
0.148395
0.147752
0.147087
0.146395
0.145677
0.144929
0.144151
0.14334
0.142495
0.141612
0.140692
0.13973
0.138724
0.137673
0.136573
0.135422
0.134216
0.132951
0.131625
0.130234
0.128772
0.127234
0.125616
0.12391
0.122109
0.120204
0.118186
0.116042
0.113759
0.111318
0.108699
0.105875
0.102809
0.0994572
0.0957549
0.091612
0.0868929
0.0813782
0.0746765
0.0659745
0.0531322
0.0295427
0.180108
0.179532
0.178942
0.178342
0.177733
0.177119
0.176501
0.175882
0.175262
0.174644
0.174029
0.17342
0.172817
0.172221
0.171635
0.17106
0.170495
0.169944
0.169405
0.16888
0.16837
0.167875
0.167396
0.166932
0.166485
0.166053
0.165638
0.165238
0.164854
0.164485
0.16413
0.16379
0.163463
0.163149
0.162847
0.162555
0.162273
0.162
0.161735
0.161476
0.161222
0.160971
0.160723
0.160475
0.160226
0.159976
0.159721
0.15946
0.159193
0.158916
0.158628
0.158329
0.158015
0.157684
0.157336
0.156969
0.15658
0.156167
0.155729
0.155264
0.154769
0.154243
0.153684
0.153089
0.152456
0.151784
0.15107
0.150311
0.149506
0.148651
0.147744
0.146782
0.145761
0.14468
0.143534
0.14232
0.141034
0.139671
0.138226
0.136693
0.135068
0.133342
0.131508
0.129557
0.127477
0.125256
0.122879
0.120327
0.117577
0.114599
0.111357
0.1078
0.10386
0.0994387
0.0943896
0.0884742
0.0812657
0.0718725
0.0579217
0.0317278
0.182815
0.181915
0.181027
0.180154
0.179298
0.178459
0.177639
0.17684
0.176061
0.175305
0.174572
0.173864
0.173182
0.172525
0.171896
0.171295
0.170723
0.170179
0.169665
0.16918
0.168725
0.1683
0.167905
0.167539
0.167202
0.166894
0.166614
0.166361
0.166134
0.165933
0.165756
0.165602
0.16547
0.165358
0.165264
0.165188
0.165128
0.165081
0.165046
0.165021
0.165004
0.164992
0.164985
0.16498
0.164974
0.164966
0.164953
0.164934
0.164905
0.164865
0.164811
0.164742
0.164654
0.164546
0.164416
0.164261
0.164078
0.163866
0.163622
0.163343
0.163028
0.162675
0.16228
0.161841
0.161356
0.160822
0.160237
0.159597
0.158901
0.158146
0.157328
0.156444
0.155491
0.154466
0.153365
0.152183
0.150917
0.149562
0.148112
0.146563
0.144906
0.143135
0.141242
0.139217
0.137047
0.134721
0.132222
0.129529
0.126619
0.123461
0.120015
0.116227
0.112025
0.107304
0.101907
0.0955783
0.0878562
0.0777728
0.0627204
0.0338366
0.184783
0.183521
0.182304
0.181134
0.18001
0.178932
0.177901
0.176916
0.175978
0.175086
0.174243
0.173446
0.172698
0.171997
0.171345
0.170741
0.170184
0.169676
0.169215
0.168802
0.168435
0.168114
0.167838
0.167607
0.167418
0.167272
0.167167
0.1671
0.167071
0.167078
0.167118
0.167191
0.167293
0.167423
0.167577
0.167755
0.167953
0.168169
0.1684
0.168643
0.168896
0.169157
0.169422
0.169688
0.169953
0.170215
0.170469
0.170714
0.170946
0.171163
0.171363
0.171541
0.171696
0.171824
0.171923
0.171991
0.172023
0.172019
0.171974
0.171887
0.171754
0.171573
0.171341
0.171055
0.170712
0.17031
0.169846
0.169317
0.168719
0.16805
0.167306
0.166485
0.165582
0.164594
0.163516
0.162345
0.161077
0.159705
0.158225
0.156631
0.154916
0.153071
0.15109
0.14896
0.146671
0.144208
0.141555
0.138691
0.13559
0.132221
0.128541
0.124494
0.120004
0.114961
0.109196
0.102439
0.0941977
0.0834309
0.0673048
0.0357488
0.185885
0.184253
0.182703
0.181234
0.179846
0.178536
0.177303
0.176146
0.175065
0.174058
0.173125
0.172265
0.171477
0.17076
0.170115
0.169539
0.169032
0.168593
0.168222
0.167916
0.167674
0.167496
0.167378
0.16732
0.16732
0.167375
0.167483
0.167642
0.167849
0.168102
0.168397
0.168733
0.169105
0.169511
0.169947
0.170411
0.170898
0.171407
0.171932
0.172471
0.17302
0.173576
0.174136
0.174695
0.17525
0.175799
0.176336
0.17686
0.177366
0.177852
0.178313
0.178746
0.179149
0.179518
0.179849
0.18014
0.180388
0.180588
0.180738
0.180835
0.180876
0.180858
0.180777
0.180631
0.180416
0.18013
0.179769
0.179329
0.178808
0.178203
0.177509
0.176724
0.175843
0.174863
0.173779
0.172588
0.171284
0.169863
0.168318
0.166644
0.164833
0.162879
0.160771
0.1585
0.156054
0.153417
0.150574
0.147502
0.144176
0.140562
0.136617
0.132282
0.127478
0.122089
0.115941
0.108748
0.0999926
0.0885693
0.0714397
0.037375
0.186153
0.184168
0.182306
0.180562
0.178935
0.17742
0.176015
0.174718
0.173526
0.172437
0.17145
0.170562
0.169771
0.169077
0.168477
0.167969
0.167551
0.167222
0.166979
0.166821
0.166744
0.166747
0.166826
0.16698
0.167205
0.167497
0.167854
0.168273
0.168749
0.169279
0.16986
0.170486
0.171156
0.171863
0.172605
0.173377
0.174175
0.174995
0.175831
0.176681
0.17754
0.178404
0.179268
0.180128
0.18098
0.18182
0.182644
0.183448
0.184227
0.184979
0.185698
0.186381
0.187024
0.187624
0.188177
0.188678
0.189125
0.189514
0.189842
0.190104
0.190297
0.190418
0.190464
0.190431
0.190316
0.190115
0.189824
0.189442
0.188963
0.188385
0.187704
0.186916
0.186018
0.185005
0.183874
0.182619
0.181236
0.179719
0.178065
0.176266
0.174316
0.172207
0.16993
0.167474
0.164828
0.161977
0.158904
0.155588
0.152001
0.14811
0.143871
0.139224
0.134088
0.128344
0.121812
0.114194
0.104949
0.0929201
0.0748954
0.0386744
0.18588
0.183578
0.181439
0.17946
0.177633
0.175954
0.17442
0.173024
0.171765
0.170638
0.16964
0.168768
0.168019
0.16739
0.166877
0.166479
0.166191
0.166012
0.165937
0.165963
0.166088
0.166307
0.166616
0.167012
0.167491
0.168049
0.16868
0.169382
0.170148
0.170975
0.171857
0.17279
0.173769
0.174789
0.175844
0.17693
0.178042
0.179174
0.180323
0.181481
0.182646
0.183811
0.184972
0.186123
0.187261
0.18838
0.189476
0.190543
0.191578
0.192575
0.193531
0.19444
0.195299
0.196104
0.196849
0.197532
0.198147
0.198692
0.199161
0.199552
0.19986
0.200081
0.200212
0.20025
0.200189
0.200028
0.199762
0.199388
0.198903
0.198302
0.197582
0.19674
0.195772
0.194674
0.193442
0.192071
0.190557
0.188895
0.18708
0.185106
0.182965
0.180652
0.178156
0.175469
0.172578
0.169469
0.166125
0.162525
0.158643
0.154445
0.149887
0.144909
0.139428
0.133325
0.126416
0.118397
0.108712
0.096167
0.0774238
0.0394637
0.185679
0.183094
0.180717
0.17854
0.176556
0.174756
0.173135
0.171686
0.170403
0.169282
0.168317
0.167504
0.166838
0.166315
0.165929
0.165678
0.165557
0.16556
0.165684
0.165924
0.166276
0.166734
0.167294
0.16795
0.168698
0.169531
0.170445
0.171434
0.172493
0.173615
0.174795
0.176027
0.177306
0.178625
0.17998
0.181363
0.18277
0.184194
0.18563
0.187072
0.188515
0.189954
0.191382
0.192794
0.194185
0.195549
0.19688
0.198174
0.199424
0.200627
0.201777
0.20287
0.2039
0.204863
0.205754
0.206569
0.207303
0.207953
0.208512
0.208978
0.209346
0.209612
0.209772
0.209822
0.209759
0.209579
0.209277
0.208851
0.208297
0.207611
0.20679
0.20583
0.204728
0.20348
0.202082
0.200531
0.198821
0.196949
0.19491
0.192698
0.190307
0.18773
0.18496
0.181988
0.178801
0.175387
0.17173
0.167809
0.1636
0.159069
0.154173
0.148854
0.143029
0.13658
0.129322
0.120951
0.110906
0.0979764
0.0787551
0.03963
0.186441
0.18361
0.181026
0.178683
0.176572
0.174685
0.173012
0.171545
0.170276
0.169197
0.168301
0.167581
0.167031
0.166644
0.166414
0.166336
0.166402
0.166606
0.166944
0.167409
0.167994
0.168694
0.169502
0.170412
0.171418
0.172513
0.173691
0.174945
0.176269
0.177657
0.179101
0.180596
0.182135
0.183712
0.185321
0.186954
0.188607
0.190272
0.191943
0.193615
0.195281
0.196935
0.198572
0.200185
0.201768
0.203316
0.204822
0.206281
0.207688
0.209036
0.21032
0.211535
0.212676
0.213736
0.214711
0.215596
0.216386
0.217075
0.217659
0.218134
0.218495
0.218737
0.218856
0.218849
0.21871
0.218437
0.218026
0.217473
0.216774
0.215927
0.214928
0.213773
0.21246
0.210985
0.209346
0.207538
0.205559
0.203404
0.20107
0.198552
0.195846
0.192944
0.189841
0.186529
0.182997
0.179234
0.175226
0.170953
0.166392
0.161513
0.156273
0.150618
0.144466
0.137703
0.130148
0.121501
0.111208
0.0980636
0.0786617
0.0390809
0.188992
0.185989
0.183269
0.180821
0.178638
0.17671
0.175029
0.173585
0.172366
0.171361
0.170562
0.169958
0.169542
0.169303
0.169236
0.16933
0.169579
0.169975
0.17051
0.171176
0.171967
0.172874
0.173891
0.175011
0.176225
0.177528
0.178911
0.180368
0.181892
0.183477
0.185114
0.186798
0.188522
0.190279
0.192063
0.193868
0.195686
0.197511
0.199337
0.201158
0.202967
0.204758
0.206525
0.20826
0.209959
0.211614
0.213219
0.214767
0.216254
0.217671
0.219014
0.220276
0.22145
0.222532
0.223514
0.224392
0.225159
0.225811
0.226341
0.226745
0.227017
0.227154
0.22715
0.227001
0.226704
0.226253
0.225647
0.22488
0.223951
0.222855
0.221591
0.220156
0.218547
0.216762
0.214798
0.212653
0.210326
0.207813
0.205111
0.202218
0.19913
0.195843
0.192351
0.18865
0.18473
0.180582
0.176193
0.171548
0.166625
0.161396
0.155824
0.149855
0.143414
0.136392
0.128615
0.119795
0.109393
0.0962391
0.076999
0.0377727
0.194329
0.191253
0.188479
0.185999
0.183803
0.181885
0.180237
0.178846
0.177699
0.176782
0.176084
0.175594
0.1753
0.175192
0.17526
0.175493
0.175883
0.17642
0.177095
0.177901
0.178827
0.179867
0.181012
0.182255
0.183588
0.185003
0.186494
0.188053
0.189673
0.191348
0.193071
0.194836
0.196635
0.198463
0.200313
0.20218
0.204055
0.205934
0.207809
0.209674
0.211524
0.21335
0.215147
0.216908
0.218626
0.220293
0.221904
0.223451
0.224928
0.226326
0.227639
0.22886
0.229982
0.230998
0.231902
0.232687
0.233345
0.233872
0.234261
0.234507
0.234603
0.234546
0.234329
0.233949
0.233402
0.232683
0.231789
0.230718
0.229467
0.228032
0.226414
0.224609
0.222616
0.220434
0.218063
0.215501
0.212748
0.209802
0.206664
0.203331
0.199803
0.196077
0.192151
0.18802
0.18368
0.179123
0.17434
0.169318
0.164038
0.158477
0.152601
0.146361
0.13969
0.132484
0.124583
0.115712
0.105364
0.0924272
0.0737138
0.0357033
0.203617
0.200568
0.197827
0.195384
0.193233
0.191366
0.189776
0.188447
0.187366
0.186517
0.185888
0.185465
0.185236
0.185189
0.185313
0.185597
0.186031
0.186605
0.187309
0.188135
0.189073
0.190116
0.191256
0.192485
0.193796
0.195182
0.196636
0.198152
0.199724
0.201345
0.203009
0.204711
0.206445
0.208204
0.209984
0.211777
0.213578
0.215381
0.21718
0.218969
0.22074
0.222486
0.224202
0.225879
0.227511
0.229089
0.230607
0.232055
0.233426
0.234712
0.235905
0.236995
0.237977
0.23884
0.239578
0.240182
0.240645
0.240961
0.241121
0.24112
0.240952
0.240611
0.240092
0.23939
0.238502
0.237423
0.236152
0.234685
0.233022
0.23116
0.229098
0.226838
0.224378
0.221719
0.218863
0.215809
0.212561
0.209119
0.205484
0.201659
0.197644
0.193441
0.189048
0.184465
0.179691
0.17472
0.169547
0.164163
0.158552
0.152696
0.146566
0.140119
0.133295
0.126001
0.118088
0.109307
0.0991882
0.0867007
0.0688766
0.0329325
0.218183
0.215226
0.212563
0.210187
0.208091
0.206273
0.204716
0.203403
0.202322
0.201457
0.200796
0.200325
0.200032
0.199905
0.199935
0.20011
0.20042
0.200856
0.20141
0.202073
0.202838
0.203697
0.204643
0.205671
0.206773
0.207944
0.209179
0.210472
0.211817
0.213211
0.214647
0.216121
0.217628
0.219163
0.220721
0.222296
0.223883
0.225476
0.227069
0.228655
0.230228
0.231781
0.233306
0.234796
0.236241
0.237633
0.238963
0.240223
0.241402
0.24249
0.243479
0.244358
0.245118
0.245748
0.24624
0.246584
0.246772
0.246794
0.246644
0.246315
0.245798
0.245089
0.244182
0.243074
0.241759
0.240235
0.2385
0.236554
0.234394
0.232022
0.229438
0.226645
0.223644
0.220438
0.217031
0.213427
0.209629
0.205642
0.20147
0.197118
0.19259
0.18789
0.183022
0.177987
0.172787
0.167421
0.161887
0.156179
0.150287
0.144197
0.137883
0.131313
0.124431
0.117157
0.10936
0.100814
0.0910976
0.079282
0.0626782
0.029573
0.239449
0.236529
0.233873
0.231475
0.229333
0.227443
0.225777
0.224321
0.223063
0.22199
0.221092
0.220357
0.219777
0.219341
0.21904
0.218867
0.218813
0.218872
0.219037
0.219301
0.219659
0.220105
0.220634
0.221241
0.221922
0.222672
0.223488
0.224364
0.225299
0.226287
0.227324
0.228408
0.229533
0.230696
0.231892
0.233115
0.234362
0.235626
0.236901
0.238181
0.239457
0.240723
0.241969
0.243186
0.244366
0.245496
0.246568
0.24757
0.248489
0.249315
0.250035
0.250638
0.251111
0.251443
0.251623
0.25164
0.251483
0.251142
0.25061
0.249877
0.248937
0.247784
0.246412
0.244817
0.242997
0.24095
0.238674
0.236171
0.233442
0.230489
0.227315
0.223926
0.220325
0.216519
0.212515
0.208318
0.203938
0.19938
0.194655
0.189768
0.184728
0.179542
0.174217
0.168758
0.163171
0.157458
0.15162
0.145655
0.139557
0.133316
0.126914
0.12032
0.113492
0.106358
0.0988045
0.090637
0.0814861
0.070538
0.0554299
0.0257929
0.268442
0.265289
0.262365
0.259666
0.257192
0.254912
0.252814
0.250888
0.249126
0.247519
0.246061
0.244744
0.243561
0.242508
0.241577
0.240764
0.240064
0.239472
0.238985
0.238597
0.238307
0.238109
0.238001
0.237979
0.238041
0.238184
0.238405
0.238701
0.23907
0.239508
0.240013
0.240581
0.241208
0.241892
0.242627
0.24341
0.244233
0.245093
0.24598
0.24689
0.247811
0.248737
0.249655
0.250556
0.251428
0.252257
0.253031
0.253736
0.254358
0.254881
0.255292
0.255576
0.255718
0.255703
0.25552
0.255154
0.254595
0.25383
0.252851
0.251649
0.250217
0.248548
0.246639
0.244487
0.24209
0.239448
0.236564
0.233439
0.230078
0.226487
0.222672
0.218641
0.214402
0.209965
0.205341
0.200539
0.195571
0.190449
0.185184
0.179787
0.17427
0.168643
0.162916
0.157097
0.151196
0.145216
0.139163
0.133038
0.126837
0.120554
0.114175
0.107676
0.101022
0.0941525
0.0869725
0.0793165
0.070872
0.0609487
0.0475377
0.0218016
0.304561
0.300648
0.296941
0.293435
0.290121
0.286971
0.28398
0.281145
0.278461
0.275924
0.273531
0.271278
0.269162
0.267179
0.265328
0.263605
0.262008
0.260533
0.259179
0.257943
0.256822
0.255815
0.254919
0.254133
0.253453
0.252877
0.252405
0.252033
0.251758
0.251579
0.251493
0.251495
0.251584
0.251755
0.252002
0.252322
0.252707
0.253151
0.253645
0.254181
0.254748
0.255335
0.255928
0.256515
0.257081
0.257609
0.258083
0.258485
0.258799
0.259005
0.259087
0.259025
0.258804
0.258406
0.257815
0.257018
0.256001
0.254753
0.253264
0.251526
0.249532
0.247278
0.244761
0.241982
0.238941
0.235641
0.232087
0.228287
0.224247
0.219977
0.215489
0.210793
0.205904
0.200834
0.195598
0.190211
0.184687
0.179043
0.173292
0.16745
0.16153
0.155546
0.149511
0.143435
0.137328
0.131198
0.125051
0.118889
0.112713
0.106516
0.10029
0.0940141
0.0876597
0.0811783
0.0744911
0.0674628
0.0598376
0.0510506
0.0394561
0.0178277
0.34395
0.338661
0.333592
0.328735
0.324063
0.319574
0.315267
0.31114
0.30719
0.303416
0.299815
0.296385
0.293124
0.290028
0.287097
0.284327
0.281717
0.279263
0.276963
0.274815
0.272817
0.270967
0.269261
0.267699
0.266277
0.264993
0.263845
0.26283
0.261945
0.261189
0.260556
0.260044
0.259648
0.259364
0.259185
0.259105
0.259117
0.259211
0.259377
0.259603
0.259877
0.260183
0.260506
0.260827
0.261128
0.261388
0.261588
0.261704
0.261717
0.261603
0.261341
0.260911
0.260293
0.259468
0.25842
0.257132
0.255593
0.253792
0.251719
0.249368
0.246736
0.243821
0.240625
0.23715
0.233402
0.229389
0.22512
0.220606
0.215861
0.210898
0.205735
0.200386
0.19487
0.189205
0.183409
0.1775
0.171498
0.16542
0.159284
0.153107
0.146906
0.140694
0.134485
0.128292
0.122125
0.115991
0.109896
0.103843
0.0978335
0.0918622
0.0859206
0.0799937
0.074057
0.0680718
0.0619758
0.0556624
0.0489312
0.0413396
0.0315978
0.0140879
0.378909
0.371909
0.365186
0.358723
0.35251
0.346543
0.340819
0.335334
0.330085
0.325067
0.320277
0.31571
0.311364
0.307233
0.303313
0.299602
0.296094
0.292787
0.289677
0.28676
0.284032
0.281491
0.279132
0.276953
0.274951
0.273122
0.271462
0.269969
0.268638
0.267467
0.266449
0.265582
0.264858
0.264272
0.263816
0.263481
0.263257
0.263133
0.263095
0.263127
0.263212
0.263331
0.263463
0.263586
0.263676
0.263708
0.263656
0.263495
0.263199
0.262742
0.262101
0.261253
0.260176
0.258853
0.257266
0.255402
0.253251
0.250803
0.248054
0.245002
0.241647
0.237993
0.234047
0.229817
0.225314
0.220553
0.215547
0.210316
0.204876
0.199247
0.193451
0.187508
0.181441
0.17527
0.169018
0.162706
0.156355
0.149985
0.143613
0.137259
0.130937
0.124663
0.118448
0.112304
0.106239
0.100259
0.0943695
0.0885707
0.0828618
0.0772385
0.0716926
0.0662111
0.0607742
0.0553518
0.0498966
0.0443296
0.0385024
0.0320917
0.0241537
0.0106058
0.399843
0.391479
0.383467
0.375789
0.368438
0.361403
0.354677
0.348252
0.342118
0.33627
0.330699
0.325398
0.320362
0.315584
0.311057
0.306777
0.302737
0.298932
0.295357
0.292008
0.288879
0.285967
0.283268
0.280776
0.278489
0.276401
0.27451
0.27281
0.271298
0.269968
0.268815
0.267832
0.267011
0.266345
0.265823
0.265433
0.265161
0.264991
0.264904
0.26488
0.264897
0.264928
0.264948
0.264929
0.264841
0.264655
0.26434
0.263868
0.263211
0.262342
0.261236
0.259872
0.258231
0.256295
0.254054
0.251497
0.248619
0.245417
0.241893
0.238051
0.233899
0.229447
0.224709
0.2197
0.214439
0.208946
0.203241
0.197347
0.191289
0.18509
0.178776
0.17237
0.165897
0.159381
0.152844
0.14631
0.139797
0.133326
0.126914
0.120576
0.114325
0.108174
0.102132
0.0962056
0.0904007
0.0847204
0.0791657
0.0737354
0.0684265
0.0632334
0.0581481
0.0531591
0.0482509
0.0434011
0.0385767
0.0337243
0.0287441
0.0234186
0.0171225
0.0073128
)
;

boundaryField
{
    jetInlet
    {
        type            fixedValue;
        value           uniform 0.006;
    }
    returnOutlet
    {
        type            inletOutlet;
        inletValue      uniform 0.006;
        value           nonuniform List<scalar> 
35
(
0.290221
0.562276
0.750689
0.908747
1.05337
1.1867
1.30555
1.40428
1.47607
1.51302
1.5044
1.42819
0.006
0.006
0.006
0.006
0.006
0.006
0.006
0.006
0.006
0.006
0.006
0.006
0.006
0.006
0.279715
0.295924
0.231551
0.115565
0.0965156
0.17
0.303929
0.442937
0.530508
)
;
    }
    flatBed
    {
        type            kqRWallFunction;
        value           nonuniform List<scalar> 
100
(
0.290221
0.294899
0.299284
0.303338
0.30702
0.310294
0.313131
0.315538
0.317575
0.318457
0.318012
0.316139
0.312789
0.307958
0.301679
0.294026
0.285102
0.275035
0.263977
0.252097
0.239574
0.226597
0.213359
0.200048
0.186845
0.173915
0.161402
0.149425
0.138075
0.127415
0.117479
0.108279
0.0998074
0.0920409
0.0849461
0.0784832
0.0726093
0.0672803
0.062453
0.0580857
0.0541387
0.0505743
0.0473575
0.0444555
0.0418379
0.0394771
0.0373481
0.0354284
0.0336985
0.0321415
0.030743
0.0294912
0.0283759
0.0273887
0.0265223
0.0257703
0.0251263
0.0245843
0.024138
0.0237811
0.023507
0.0233093
0.0231815
0.0231174
0.0231112
0.0231573
0.0232507
0.0233867
0.023561
0.0237698
0.0240095
0.024275
0.0245649
0.0248792
0.0252153
0.0255699
0.0259407
0.0263257
0.0267229
0.0271305
0.0275465
0.027969
0.0283956
0.028824
0.0292513
0.0296739
0.0300879
0.0304878
0.030867
0.0312168
0.0315258
0.0317786
0.0319543
0.0320239
0.0319462
0.0316602
0.0310679
0.0300094
0.0282556
0.0255776
)
;
    }
    slope
    {
        type            kqRWallFunction;
        value           nonuniform List<scalar> 
50
(
0.00467005
0.00558652
0.00722424
0.00897132
0.0105103
0.0118789
0.0130733
0.0141158
0.0150099
0.0157776
0.0164315
0.0169945
0.0174831
0.0179191
0.0183111
0.0186653
0.0191414
0.0196052
0.0200901
0.0205887
0.0211129
0.0216593
0.0222303
0.0228232
0.0234375
0.0240706
0.02472
0.0253812
0.0260448
0.0266863
0.0272645
0.0295427
0.0317278
0.0338366
0.0357488
0.037375
0.0386744
0.0394637
0.03963
0.0390809
0.0377727
0.0357033
0.0329325
0.029573
0.0257929
0.0218016
0.0178277
0.0140879
0.0106058
0.0073128
)
;
    }
    top
    {
        type            symmetryPlane;
    }
    frontAndBack
    {
        type            empty;
    }
    defaultFaces
    {
        type            empty;
    }
}


// ************************************************************************* //
