/*--------------------------------*- C++ -*----------------------------------*\
| =========                 |                                                 |
| \\      /  F ield         | OpenFOAM: The Open Source CFD Toolbox           |
|  \\    /   O peration     | Version:  2206                                  |
|   \\  /    A nd           | Website:  www.openfoam.com                      |
|    \\/     M anipulation  |                                                 |
\*---------------------------------------------------------------------------*/
FoamFile
{
    version     2.0;
    format      ascii;
    arch        "LSB;label=32;scalar=64";
    class       volScalarField;
    location    "2021";
    object      p;
}
// * * * * * * * * * * * * * * * * * * * * * * * * * * * * * * * * * * * * * //

dimensions      [0 2 -2 0 0 0 0];

internalField   nonuniform List<scalar> 
10000
(
-0.0982364
-0.149285
-0.188485
-0.208508
-0.206723
-0.179219
-0.12236
-0.0332062
0.0907682
0.250798
0.445794
0.672922
0.928015
1.206
1.5013
1.80821
2.12119
2.43512
2.7454
3.04809
3.33997
3.6185
3.88186
4.12883
4.3588
4.57166
4.7677
4.94757
5.11216
5.26251
5.39977
5.52511
5.63969
5.74461
5.84087
5.92939
6.01098
6.08634
6.15608
6.2207
6.28065
6.33629
6.38792
6.4358
6.48017
6.52122
6.55913
6.59405
6.62614
6.65554
6.68239
6.70683
6.729
6.74903
6.76705
6.78321
6.79764
6.81047
6.82184
6.83186
6.84068
6.84841
6.85516
6.86106
6.86621
6.87073
6.87473
6.8783
6.88154
6.88457
6.88747
6.89033
6.89325
6.8963
6.89958
6.90316
6.90714
6.91158
6.91656
6.92216
6.92844
6.9355
6.94338
6.95216
6.96191
6.97269
6.98456
6.99757
7.01178
7.02723
7.04394
7.0619
7.08109
7.10143
7.12267
7.14408
7.16471
7.18538
7.20733
7.21363
-0.093895
-0.138969
-0.178916
-0.203517
-0.207898
-0.187486
-0.138212
-0.056865
0.0592914
0.211883
0.400103
0.621212
0.871156
1.14494
1.43706
1.74184
2.05373
2.36755
2.67866
2.98303
3.2773
3.55883
3.82563
4.07635
4.31022
4.52701
4.7269
4.91043
5.07843
5.2319
5.37196
5.49979
5.61656
5.72338
5.82131
5.91129
5.99417
6.07069
6.14147
6.20706
6.2679
6.32438
6.37683
6.42551
6.47065
6.51245
6.5511
6.58675
6.61955
6.64965
6.67717
6.70226
6.72504
6.74564
6.76419
6.78084
6.79571
6.80893
6.82064
6.83096
6.84002
6.84795
6.85487
6.8609
6.86615
6.87074
6.87477
6.87836
6.8816
6.88459
6.88744
6.89023
6.89306
6.89601
6.89915
6.90258
6.90638
6.91062
6.91537
6.92071
6.92672
6.93344
6.94096
6.94932
6.9586
6.96885
6.98011
6.99243
7.00584
7.02036
7.03599
7.0527
7.07041
7.08901
7.10823
7.12744
7.14586
7.16404
7.18299
7.18912
-0.0950933
-0.134078
-0.175405
-0.205818
-0.21772
-0.205568
-0.164649
-0.0913707
0.0171647
0.163034
0.345784
0.562564
0.809254
1.08079
1.37159
1.67591
1.98814
2.30304
2.61587
2.92252
3.21957
3.50424
3.77445
4.02875
4.26625
4.48661
4.68994
4.87671
5.04769
5.20385
5.34632
5.47626
5.59487
5.7033
5.80263
5.89383
5.97778
6.05526
6.12691
6.1933
6.2549
6.3121
6.36525
6.41461
6.46043
6.50291
6.54224
6.57858
6.61208
6.64287
6.67109
6.69687
6.72033
6.7416
6.7608
6.77804
6.79347
6.80719
6.81935
6.83006
6.83945
6.84766
6.8548
6.861
6.86637
6.87104
6.87512
6.87871
6.88193
6.88487
6.88765
6.89034
6.89304
6.89584
6.89882
6.90205
6.90563
6.90962
6.9141
6.91914
6.9248
6.93115
6.93824
6.94614
6.95489
6.96455
6.97515
6.98673
6.99931
7.0129
7.02746
7.04297
7.05931
7.07634
7.09379
7.11112
7.12761
7.14347
7.15922
7.1636
-0.101389
-0.140991
-0.186805
-0.225214
-0.24609
-0.24281
-0.209927
-0.143432
-0.0403333
0.10186
0.282937
0.499629
0.747479
1.02113
1.31473
1.62233
1.93816
2.25685
2.57356
2.88409
3.18495
3.4733
3.74699
4.00452
4.24497
4.46795
4.67356
4.86227
5.03487
5.19235
5.33587
5.46664
5.58591
5.69484
5.79457
5.88611
5.97036
6.0481
6.12001
6.18666
6.24852
6.30599
6.35941
6.40905
6.45516
6.49793
6.53756
6.5742
6.60801
6.63912
6.66768
6.69381
6.71764
6.73928
6.75885
6.77648
6.79227
6.80635
6.81882
6.82982
6.83947
6.84787
6.85517
6.86148
6.86692
6.87162
6.87568
6.87923
6.88237
6.88522
6.88786
6.89041
6.89294
6.89555
6.89832
6.90132
6.90464
6.90835
6.91252
6.91722
6.92252
6.92846
6.93512
6.94253
6.95076
6.95983
6.96979
6.98065
6.99244
7.00514
7.01872
7.03314
7.04828
7.06399
7.07998
7.09581
7.11081
7.12483
7.13791
7.14075
-0.108572
-0.155373
-0.20984
-0.258893
-0.290396
-0.296745
-0.271813
-0.2112
-0.111866
0.0289971
0.211226
0.430902
0.683041
0.961832
1.26107
1.57451
1.89617
2.22052
2.54262
2.85821
3.1637
3.45624
3.73364
3.99437
4.23751
4.46267
4.66997
4.85992
5.03336
5.19136
5.33514
5.46597
5.58516
5.69395
5.7935
5.88487
5.96897
6.04661
6.11848
6.18514
6.24706
6.30464
6.35819
6.408
6.45427
6.49721
6.53699
6.57377
6.6077
6.63891
6.66754
6.69374
6.71764
6.73935
6.75901
6.77673
6.79263
6.80682
6.81941
6.83052
6.84026
6.84874
6.85609
6.86242
6.86785
6.8725
6.87649
6.87993
6.88295
6.88564
6.88812
6.89047
6.8928
6.89518
6.8977
6.90044
6.90348
6.90688
6.91073
6.91509
6.92001
6.92555
6.93177
6.9387
6.9464
6.9549
6.96423
6.9744
6.98542
6.99727
7.00991
7.02328
7.03727
7.05168
7.06626
7.08056
7.09396
7.10611
7.11682
7.11864
-0.11467
-0.174191
-0.241529
-0.303919
-0.347703
-0.364467
-0.347532
-0.292174
-0.195208
-0.0536965
0.131885
0.356815
0.615459
0.901476
1.20824
1.5292
1.85814
2.18937
2.51787
2.83928
3.15
3.44712
3.72844
3.99242
4.23814
4.46525
4.67391
4.8647
5.03852
5.19654
5.34006
5.47046
5.58911
5.69732
5.7963
5.88716
5.97083
6.04814
6.11978
6.1863
6.24818
6.30579
6.35946
6.40942
6.45588
6.49903
6.53901
6.57596
6.61002
6.64132
6.66999
6.69618
6.72002
6.74165
6.7612
6.77881
6.7946
6.80869
6.82119
6.83223
6.8419
6.85031
6.85758
6.86383
6.86916
6.87369
6.87753
6.88081
6.88365
6.88614
6.8884
6.89052
6.8926
6.89472
6.89696
6.89941
6.90214
6.90523
6.90873
6.91272
6.91725
6.92237
6.92814
6.93459
6.94176
6.94969
6.95838
6.96786
6.97811
6.98911
7.00082
7.01315
7.02597
7.03911
7.05228
7.06507
7.07688
7.08729
7.09606
7.09741
-0.118965
-0.196207
-0.280288
-0.35824
-0.415449
-0.44294
-0.43368
-0.38273
-0.28647
-0.142126
0.0489172
0.281076
0.548008
0.842819
1.15846
1.48807
1.82522
2.16411
2.49959
2.82727
3.14351
3.44538
3.73066
3.99782
4.24595
4.47475
4.68442
4.87563
5.04938
5.20695
5.34977
5.47929
5.59699
5.70423
5.8023
5.89234
5.97532
6.05207
6.12327
6.18949
6.25118
6.30873
6.36242
6.4125
6.45914
6.50251
6.54273
6.57992
6.61419
6.64565
6.67442
6.70063
6.72441
6.74591
6.76528
6.78266
6.79819
6.81201
6.82426
6.83504
6.84447
6.85266
6.85972
6.86576
6.87088
6.87519
6.87882
6.88187
6.88446
6.88671
6.88871
6.89055
6.89234
6.89416
6.8961
6.89824
6.90063
6.90337
6.90651
6.91012
6.91424
6.91893
6.92424
6.9302
6.93683
6.94417
6.95223
6.961
6.97048
6.98064
6.99141
7.00271
7.01439
7.02628
7.03809
7.04944
7.05977
7.06865
7.07587
7.07698
-0.121229
-0.221092
-0.325294
-0.420154
-0.491012
-0.528715
-0.526145
-0.478286
-0.380558
-0.230835
-0.0322525
0.208828
0.48539
0.790022
1.1153
1.45411
1.79986
2.14663
2.48923
2.82322
3.14495
3.45146
3.74052
4.01061
4.26083
4.49093
4.70118
4.89235
5.06557
5.22224
5.3639
5.49214
5.6085
5.71445
5.81132
5.90028
5.98234
6.05832
6.12891
6.19465
6.25601
6.31335
6.36695
6.41703
6.46377
6.50731
6.54775
6.58519
6.61971
6.65139
6.68033
6.70664
6.73043
6.75185
6.77103
6.78815
6.80335
6.81679
6.82864
6.83902
6.84805
6.85586
6.86256
6.86826
6.87305
6.87705
6.88037
6.88311
6.88541
6.88735
6.88903
6.89056
6.89203
6.89352
6.89512
6.89691
6.89896
6.90132
6.90408
6.90729
6.911
6.91525
6.92008
6.92553
6.93163
6.93838
6.94579
6.95387
6.96258
6.9719
6.98174
6.99203
7.00261
7.01329
7.02382
7.03383
7.04283
7.05041
7.05641
7.05747
-0.121459
-0.24922
-0.3762
-0.487877
-0.571242
-0.617514
-0.619767
-0.573015
-0.471043
-0.313102
-0.105107
0.146109
0.433006
0.74777
1.08271
1.43054
1.78459
2.13887
2.48818
2.82807
3.15485
3.46556
3.75797
4.03052
4.28236
4.51327
4.72361
4.91425
5.08645
5.24177
5.38188
5.50849
5.62323
5.72762
5.82306
5.91078
5.99177
6.06685
6.1367
6.20183
6.26272
6.31971
6.37308
6.42304
6.46976
6.51336
6.55394
6.59157
6.62632
6.65824
6.68739
6.71386
6.73774
6.75914
6.7782
6.79508
6.80994
6.82296
6.83432
6.84418
6.85268
6.85997
6.86617
6.87139
6.87573
6.8793
6.8822
6.88457
6.88649
6.88806
6.88938
6.89055
6.89165
6.89279
6.89402
6.89545
6.89712
6.8991
6.90146
6.90426
6.90754
6.91134
6.91569
6.92063
6.92618
6.93234
6.93911
6.94649
6.95445
6.96294
6.97188
6.98119
6.99071
7.00026
7.0096
7.0184
7.02622
7.03269
7.03773
7.03878
-0.118993
-0.281213
-0.432772
-0.558931
-0.651752
-0.703532
-0.707717
-0.659115
-0.549636
-0.380819
-0.162178
0.0995077
0.396469
0.720689
1.06437
1.42017
1.78142
2.14215
2.49717
2.84202
3.17303
3.4872
3.78226
4.05665
4.30951
4.54067
4.75057
4.94018
5.11093
5.26452
5.40277
5.52751
5.64043
5.7431
5.83702
5.92343
6.00331
6.07747
6.14653
6.211
6.27133
6.32788
6.38092
6.43064
6.47719
6.52073
6.56133
6.59904
6.63392
6.66602
6.69537
6.72202
6.74603
6.76749
6.7865
6.8032
6.81777
6.83037
6.84122
6.85049
6.85837
6.86502
6.87058
6.87518
6.87894
6.88197
6.88436
6.88625
6.88773
6.88886
6.88977
6.89053
6.89123
6.89197
6.89282
6.89385
6.89513
6.89672
6.89867
6.90104
6.90388
6.90722
6.91109
6.91552
6.92052
6.92609
6.93224
6.93893
6.94615
6.95383
6.96191
6.97028
6.9788
6.9873
6.99555
7.00326
7.01005
7.01559
7.01984
7.02092
-0.112958
-0.316767
-0.493523
-0.628524
-0.725234
-0.778015
-0.780526
-0.725407
-0.604983
-0.424269
-0.195271
0.0757401
0.381093
0.712803
1.06314
1.42485
1.79133
2.1567
2.5158
2.8642
3.19819
3.51477
3.81159
4.08704
4.34026
4.57111
4.78008
4.96827
5.13723
5.28886
5.42511
5.54792
5.65901
5.75996
5.8524
5.93759
6.01646
6.08978
6.15813
6.22195
6.28172
6.33782
6.39048
6.43987
6.48615
6.5295
6.56998
6.60763
6.64254
6.67471
6.70416
6.73095
6.75509
6.77664
6.79566
6.81226
6.8266
6.83884
6.8492
6.85787
6.86507
6.871
6.87582
6.87969
6.88274
6.88509
6.88688
6.8882
6.88914
6.88977
6.8902
6.8905
6.89077
6.89108
6.89151
6.89213
6.89301
6.89419
6.89572
6.89766
6.90005
6.90293
6.90632
6.91024
6.9147
6.91969
6.92521
6.93124
6.93774
6.94465
6.9519
6.95939
6.96698
6.97451
6.98177
6.9885
6.99439
6.99913
7.00273
7.00383
-0.123076
-0.358934
-0.552219
-0.684671
-0.777617
-0.827504
-0.826544
-0.759192
-0.623879
-0.434176
-0.197379
0.0801858
0.390903
0.726973
1.08087
1.44553
1.8145
2.182
2.54295
2.89294
3.22823
3.54575
3.8431
4.11858
4.37131
4.60117
4.80871
4.99513
5.16215
5.31182
5.44623
5.56742
5.67713
5.77677
5.868
5.95226
6.03041
6.10316
6.17101
6.2343
6.29356
6.34926
6.40158
6.45063
6.49657
6.53967
6.57993
6.61739
6.65218
6.68429
6.71374
6.74057
6.76479
6.7864
6.80545
6.82201
6.83618
6.84814
6.85806
6.86617
6.87269
6.87785
6.88185
6.8849
6.88713
6.88871
6.88978
6.89044
6.89075
6.8908
6.89069
6.89049
6.89028
6.89013
6.89012
6.89031
6.89076
6.89152
6.89263
6.89413
6.89608
6.8985
6.90141
6.90482
6.90875
6.91317
6.91809
6.92347
6.92928
6.93545
6.94192
6.94858
6.95531
6.96195
6.96832
6.97419
6.97928
6.98334
6.9864
6.98751
-0.152705
-0.435463
-0.597808
-0.705503
-0.788808
-0.833646
-0.822563
-0.741626
-0.596675
-0.401761
-0.161605
0.117848
0.429272
0.765187
1.11836
1.48199
1.84981
2.2162
2.57612
2.92521
3.25967
3.57635
3.87271
4.147
4.39831
4.62651
4.83222
5.0167
5.18185
5.32988
5.46292
5.58293
5.69165
5.79067
5.88155
5.96556
6.04355
6.11629
6.18412
6.24714
6.30609
6.36161
6.4138
6.46256
6.50814
6.55101
6.59104
6.62824
6.66282
6.69475
6.72405
6.75082
6.77502
6.79663
6.81569
6.83221
6.84627
6.85802
6.86759
6.8752
6.88108
6.88547
6.88863
6.89078
6.89212
6.89283
6.89309
6.89298
6.89258
6.89197
6.89125
6.89049
6.88976
6.88912
6.88864
6.88839
6.8884
6.88874
6.88942
6.89049
6.89199
6.89395
6.89639
6.89931
6.90271
6.90658
6.91092
6.91568
6.92083
6.9263
6.93203
6.93792
6.94386
6.94969
6.95525
6.96035
6.96475
6.96822
6.9708
6.97189
-0.190612
-0.509962
-0.585137
-0.650248
-0.727772
-0.770228
-0.744569
-0.655753
-0.512688
-0.320977
-0.0849288
0.189459
0.495155
0.825008
1.17209
1.52986
1.89227
2.2538
2.60951
2.955
3.2864
3.60042
3.89436
4.16637
4.41554
4.64175
4.84558
5.02831
5.19204
5.33918
5.4717
5.59138
5.69981
5.79888
5.89033
5.97501
6.05363
6.12685
6.19506
6.2586
6.31806
6.37393
6.4264
6.47504
6.52031
6.56315
6.60305
6.6399
6.67424
6.70593
6.73496
6.76157
6.78569
6.80724
6.82624
6.84271
6.85667
6.86824
6.87755
6.88474
6.89006
6.89374
6.89606
6.89729
6.89766
6.89746
6.89682
6.89584
6.89463
6.8933
6.8919
6.89052
6.88923
6.88807
6.8871
6.88638
6.88595
6.88585
6.8861
6.88674
6.8878
6.88931
6.89128
6.89372
6.89661
6.89996
6.90373
6.9079
6.91242
6.91724
6.92228
6.92746
6.93266
6.93775
6.94259
6.94701
6.95079
6.95375
6.95591
6.95696
-0.051147
-0.444348
-0.501508
-0.548789
-0.610993
-0.63834
-0.61296
-0.530472
-0.394849
-0.210862
0.0163977
0.280922
0.576114
0.895297
1.23197
1.57992
1.93335
2.2869
2.63569
2.97529
3.30174
3.6116
3.90195
4.17089
4.41756
4.64173
4.84375
5.02478
5.18752
5.33481
5.46812
5.58881
5.69827
5.79912
5.89297
5.97998
6.06065
6.13558
6.20526
6.27002
6.3303
6.38665
6.43936
6.48827
6.53385
6.57686
6.61639
6.65255
6.6865
6.71783
6.74645
6.77287
6.79687
6.81827
6.83714
6.85345
6.86725
6.87867
6.88774
6.89459
6.89942
6.90245
6.90396
6.90428
6.90373
6.90257
6.90095
6.89902
6.89693
6.89477
6.89264
6.89059
6.88869
6.88697
6.88549
6.88429
6.88341
6.88288
6.8827
6.88291
6.88353
6.8846
6.88612
6.88809
6.89049
6.89332
6.89656
6.90016
6.90408
6.90828
6.91267
6.91718
6.92171
6.92613
6.93031
6.9341
6.93734
6.93984
6.94165
6.94262
0.768622
0.38011
0.152335
-0.00843839
-0.148555
-0.243061
-0.277975
-0.250908
-0.165035
-0.0249982
0.163878
0.395317
0.662284
0.957493
1.27382
1.60453
1.9434
2.28474
2.6234
2.95475
3.27458
3.57926
3.86569
4.13213
4.37802
4.60242
4.8047
4.98584
5.15054
5.30224
5.44135
5.56893
5.6865
5.79442
5.8929
5.98332
6.06677
6.14399
6.21557
6.28194
6.34356
6.40087
6.45415
6.50355
6.5494
6.59211
6.63147
6.66794
6.70233
6.73364
6.76156
6.78727
6.81066
6.83134
6.84964
6.86551
6.87902
6.89027
6.89914
6.9057
6.91008
6.91249
6.91324
6.9127
6.91117
6.90888
6.90608
6.90299
6.89979
6.89662
6.89356
6.89068
6.88802
6.88563
6.88353
6.88176
6.88034
6.87929
6.87864
6.87837
6.8785
6.87907
6.88008
6.88152
6.88338
6.88564
6.88828
6.89126
6.89454
6.89806
6.90176
6.90555
6.90936
6.91307
6.91656
6.91972
6.92238
6.92442
6.92586
6.92663
0.266686
0.0775592
-0.0849077
-0.175948
-0.224111
-0.235629
-0.206901
-0.135711
-0.023144
0.128229
0.315305
0.534439
0.781449
1.0518
1.34084
1.64387
1.9563
2.27359
2.59132
2.90502
3.21005
3.50153
3.77479
4.03055
4.27085
4.49528
4.70453
4.90005
5.08059
5.24476
5.39427
5.53088
5.65589
5.77012
5.87457
5.97048
6.05885
6.14044
6.21587
6.28566
6.35028
6.41011
6.46547
6.51662
6.56385
6.60745
6.64754
6.68441
6.71843
6.74934
6.77741
6.80344
6.82641
6.84625
6.86423
6.88007
6.89336
6.90424
6.91268
6.91881
6.92271
6.9246
6.92467
6.92317
6.92042
6.91676
6.91253
6.90802
6.90345
6.899
6.89477
6.89084
6.88725
6.88402
6.88117
6.87872
6.87668
6.87505
6.87385
6.87305
6.87266
6.87268
6.87314
6.87402
6.8753
6.87696
6.87898
6.88131
6.88391
6.88674
6.88972
6.8928
6.89589
6.89889
6.90171
6.90424
6.90635
6.90792
6.90899
6.90966
0.160046
0.118366
0.0549815
0.00854524
-0.0173339
-0.0232618
-0.00345078
0.0479729
0.133686
0.253887
0.40733
0.591702
0.803812
1.03986
1.29571
1.56715
1.85003
2.14028
2.43406
2.72778
3.01873
3.30515
3.58636
3.8587
4.11679
4.35869
4.58366
4.79122
4.9808
5.15313
5.31024
5.45417
5.58655
5.70863
5.82144
5.92579
6.02231
6.11154
6.19397
6.27007
6.34029
6.40504
6.46467
6.51948
6.5698
6.61591
6.65804
6.69647
6.73148
6.76315
6.79176
6.81766
6.84063
6.86111
6.8795
6.8947
6.90718
6.91772
6.92575
6.93158
6.93512
6.93651
6.93589
6.93349
6.92966
6.92475
6.91915
6.91322
6.90726
6.90147
6.89601
6.89098
6.8864
6.88231
6.8787
6.87557
6.8729
6.87071
6.86897
6.86767
6.86679
6.8663
6.86624
6.86659
6.86733
6.86843
6.86987
6.8716
6.87359
6.87579
6.87813
6.88057
6.88301
6.88539
6.88762
6.8896
6.89123
6.8924
6.89313
6.89368
0.0920905
0.0706251
0.0300788
-0.00440638
-0.0199147
-0.01257
0.0210597
0.083919
0.177079
0.299892
0.450665
0.627041
0.826175
1.04489
1.2798
1.52754
1.78487
2.04878
2.31669
2.58657
2.85644
3.12387
3.38667
3.64203
3.88815
4.12456
4.35084
4.5662
4.76956
4.9601
5.1374
5.30143
5.45252
5.59145
5.71928
5.83716
5.94613
6.04693
6.14015
6.22621
6.3055
6.37839
6.44523
6.50636
6.56214
6.61289
6.65893
6.70056
6.7381
6.77178
6.80189
6.82872
6.85239
6.87322
6.89143
6.90689
6.9203
6.93061
6.93795
6.94343
6.94648
6.94741
6.94621
6.94311
6.93839
6.93241
6.92559
6.91833
6.911
6.90389
6.89719
6.89102
6.88545
6.88048
6.8761
6.87229
6.86902
6.86627
6.86402
6.86225
6.86089
6.85994
6.8594
6.85927
6.85951
6.86009
6.861
6.86219
6.86362
6.86524
6.86701
6.86887
6.87074
6.87257
6.87428
6.87578
6.87699
6.87781
6.87825
6.87871
0.0561665
0.0493379
0.0364385
0.029088
0.0359612
0.0604844
0.104805
0.170949
0.260176
0.372727
0.508017
0.664834
0.841467
1.03581
1.24556
1.4682
1.70118
1.94203
2.18831
2.43749
2.68715
2.93542
3.18068
3.42134
3.65605
3.88388
4.10419
4.31656
4.52067
4.71626
4.90308
5.08081
5.24897
5.40706
5.55472
5.69193
5.819
5.93648
6.04499
6.14512
6.23735
6.32206
6.39962
6.47035
6.53462
6.59278
6.6452
6.69226
6.73431
6.7717
6.80478
6.83389
6.8593
6.88133
6.90026
6.91622
6.92959
6.94015
6.94859
6.95396
6.95636
6.95692
6.95519
6.95154
6.94612
6.93927
6.9314
6.92297
6.91439
6.90602
6.89811
6.89084
6.88428
6.87845
6.87333
6.86886
6.86502
6.86175
6.85901
6.85678
6.85502
6.85365
6.85267
6.85208
6.85186
6.85198
6.8524
6.85309
6.85401
6.85512
6.85637
6.85771
6.85908
6.86042
6.86166
6.86274
6.86358
6.86409
6.86427
6.86462
0.0285929
0.0273277
0.0258805
0.0296048
0.0440847
0.0729322
0.11859
0.183009
0.267471
0.372401
0.497457
0.641703
0.803752
0.981895
1.17425
1.37872
1.59309
1.81504
2.04233
2.27292
2.50495
2.7368
2.96708
3.19458
3.41826
3.63729
3.85103
4.05899
4.26082
4.45638
4.64565
4.82863
5.00516
5.17491
5.33734
5.4918
5.63766
5.77442
5.90182
6.01992
6.12895
6.22923
6.32112
6.40495
6.48105
6.54979
6.61153
6.6667
6.71571
6.75898
6.79695
6.83004
6.85864
6.88313
6.90387
6.92114
6.93528
6.94644
6.955
6.96079
6.96427
6.96472
6.96241
6.95833
6.95239
6.94485
6.93615
6.92674
6.91707
6.90757
6.89857
6.89027
6.88279
6.87615
6.87033
6.86526
6.86088
6.85714
6.85397
6.85133
6.84918
6.84743
6.84605
6.84506
6.84442
6.84411
6.84409
6.84432
6.84478
6.84542
6.8462
6.84708
6.84799
6.8489
6.84973
6.85044
6.85095
6.85118
6.85114
6.8514
0.00253385
0.00454713
0.0104173
0.0228231
0.0450662
0.0798597
0.1291
0.194137
0.275853
0.374596
0.490203
0.622085
0.769304
0.930631
1.10456
1.28946
1.48365
1.68539
1.89298
2.10478
2.31925
2.53495
2.75053
2.96483
3.17687
3.38604
3.59192
3.79419
3.99248
4.1865
4.37606
4.56114
4.74173
4.91772
5.08882
5.25456
5.41429
5.5672
5.71245
5.84926
5.97711
6.09569
6.20498
6.30509
6.39625
6.47873
6.55289
6.61911
6.67783
6.72952
6.77467
6.81379
6.84737
6.8759
6.89983
6.91958
6.93554
6.94804
6.95741
6.96385
6.96767
6.96891
6.96739
6.96312
6.95679
6.94869
6.93938
6.92921
6.91868
6.90824
6.89829
6.8891
6.88081
6.87347
6.86703
6.86144
6.8566
6.85244
6.84889
6.84588
6.84338
6.84131
6.8396
6.83823
6.83721
6.8365
6.83608
6.83591
6.83594
6.83616
6.83652
6.83697
6.83747
6.83799
6.83845
6.83883
6.83905
6.83904
6.83879
6.83896
-0.0268167
-0.0231118
-0.0133817
0.00361487
0.0295889
0.0663266
0.115256
0.177452
0.253677
0.344338
0.449462
0.568733
0.701536
0.847001
1.00405
1.17148
1.34796
1.53211
1.72252
1.91781
2.11664
2.31778
2.52008
2.72254
2.9243
3.12467
3.32319
3.51957
3.71368
3.90535
4.09435
4.28046
4.46352
4.64347
4.82018
4.99339
5.16265
5.3273
5.48651
5.63931
5.78468
5.92171
6.04966
6.1681
6.2768
6.37578
6.46519
6.54533
6.61656
6.67934
6.73418
6.78165
6.82231
6.85675
6.88553
6.9092
6.92825
6.94315
6.95431
6.96208
6.9668
6.96869
6.9679
6.96484
6.95882
6.95033
6.94062
6.92996
6.91881
6.90768
6.89701
6.88712
6.87819
6.87029
6.86337
6.85736
6.85216
6.84766
6.8438
6.84049
6.83768
6.83531
6.8333
6.83161
6.83025
6.82919
6.8284
6.82784
6.8275
6.82732
6.82729
6.82736
6.8275
6.82765
6.82779
6.82787
6.82783
6.82759
6.82716
6.82725
-0.0618281
-0.057198
-0.0453191
-0.0256732
0.00246435
0.0401029
0.0881901
0.147523
0.218709
0.302101
0.397788
0.505607
0.625177
0.755921
0.897093
1.04782
1.20712
1.37396
1.54725
1.72591
1.90888
2.09517
2.28384
2.47406
2.66507
2.85626
3.04711
3.23728
3.42653
3.61476
3.80192
3.98785
4.17231
4.35502
4.53577
4.71437
4.89055
5.06384
5.23358
5.39892
5.55882
5.71215
5.85774
5.99458
6.12185
6.23903
6.34586
6.44233
6.52861
6.60505
6.6721
6.73032
6.78031
6.82274
6.85826
6.88752
6.91116
6.92976
6.94387
6.95395
6.96043
6.96366
6.96394
6.96165
6.9568
6.94926
6.93948
6.92857
6.91708
6.90554
6.89443
6.8841
6.87477
6.86651
6.85928
6.853
6.84755
6.84282
6.83872
6.83517
6.8321
6.82947
6.82721
6.82525
6.82357
6.82218
6.82105
6.82014
6.81944
6.81891
6.81852
6.81824
6.81804
6.81787
6.81771
6.81751
6.81724
6.8168
6.81621
6.81623
-0.103836
-0.0987757
-0.0858427
-0.0648461
-0.0358094
0.00146526
0.0474128
0.102607
0.167563
0.242625
0.327972
0.42363
0.529476
0.645233
0.770485
0.904692
1.04721
1.19731
1.35418
1.517
1.68493
1.85718
2.03296
2.21159
2.39241
2.57486
2.75844
2.94276
3.12749
3.31243
3.49747
3.68255
3.86756
4.05226
4.23632
4.41939
4.60116
4.78132
4.95939
5.13471
5.30638
5.47333
5.63432
5.78805
5.93327
6.06892
6.19418
6.30856
6.41186
6.50414
6.58568
6.65694
6.71851
6.77105
6.81531
6.85202
6.88193
6.90574
6.92413
6.93769
6.94698
6.95247
6.95454
6.9536
6.94993
6.94373
6.93518
6.92462
6.91313
6.90151
6.89029
6.87985
6.8704
6.86203
6.85472
6.84835
6.8428
6.83795
6.8337
6.82997
6.8267
6.82385
6.82136
6.81915
6.81719
6.81549
6.81404
6.81281
6.81177
6.81091
6.81019
6.80958
6.80906
6.8086
6.80816
6.80771
6.80722
6.80661
6.80587
6.8058
-0.153463
-0.148348
-0.135007
-0.113108
-0.0835077
-0.0470204
-0.00361443
0.047243
0.106024
0.173025
0.248461
0.332488
0.425178
0.526495
0.636299
0.75435
0.880306
1.01373
1.15409
1.3008
1.45328
1.61094
1.77323
1.93962
2.10959
2.28267
2.45842
2.63641
2.81628
2.99773
3.1805
3.36443
3.54941
3.73531
3.9219
4.10877
4.2955
4.48166
4.66683
4.85053
5.03204
5.21044
5.38459
5.55315
5.71472
5.86788
6.01137
6.14417
6.26556
6.3752
6.47304
6.55932
6.6345
6.69921
6.75418
6.80023
6.83818
6.86886
6.89304
6.91145
6.92477
6.93359
6.93842
6.93972
6.93789
6.93329
6.9263
6.91726
6.90656
6.8953
6.88438
6.8742
6.86499
6.85684
6.8497
6.84345
6.83797
6.83313
6.82882
6.82499
6.82156
6.8185
6.81578
6.81336
6.81116
6.80916
6.80739
6.80585
6.80449
6.80331
6.80227
6.80136
6.80055
6.79981
6.79911
6.79843
6.79774
6.79697
6.79609
6.79597
-0.210857
-0.206403
-0.193277
-0.170072
-0.139652
-0.104635
-0.0650898
-0.0201044
0.0309145
0.0882908
0.152361
0.22349
0.301991
0.388091
0.481938
0.583591
0.693003
0.81
0.934266
1.0654
1.20301
1.34669
1.49605
1.6507
1.81026
1.97431
2.14247
2.31432
2.48947
2.66755
2.84822
3.03119
3.21622
3.40315
3.59178
3.78187
3.97302
4.16473
4.35649
4.54778
4.73805
4.92653
5.11222
5.29388
5.47008
5.6393
5.8
5.95078
6.09045
6.21815
6.33342
6.43616
6.5266
6.60522
6.67273
6.72993
6.7777
6.81694
6.84854
6.87332
6.89207
6.90549
6.91422
6.91882
6.91979
6.91758
6.91266
6.90553
6.8967
6.88669
6.87659
6.86714
6.85859
6.851
6.84433
6.83845
6.83321
6.82849
6.82422
6.82032
6.81677
6.81353
6.81059
6.80793
6.80547
6.8032
6.80113
6.79926
6.7976
6.7961
6.79476
6.79356
6.79246
6.79146
6.79052
6.78963
6.78875
6.78782
6.78681
6.78659
-0.275247
-0.273485
-0.261116
-0.234168
-0.200436
-0.165076
-0.12762
-0.0867053
-0.0418981
0.0069993
0.0604244
0.118949
0.183132
0.253486
0.330486
0.414555
0.50601
0.604988
0.711387
0.825014
0.945732
1.07343
1.20798
1.3492
1.49688
1.65074
1.81043
1.97551
2.14555
2.32008
2.49864
2.6808
2.86618
3.05445
3.24533
3.43856
3.63385
3.83079
4.02885
4.22742
4.42592
4.62365
4.81977
5.01317
5.20251
5.38628
5.56285
5.73058
5.88794
6.03363
6.16674
6.28674
6.39356
6.48747
6.56905
6.63905
6.69836
6.7479
6.78861
6.8214
6.84714
6.86663
6.88062
6.88977
6.89469
6.89591
6.89399
6.88948
6.88301
6.87528
6.86686
6.85869
6.85124
6.84462
6.83875
6.8335
6.8287
6.82423
6.82005
6.81613
6.81245
6.80901
6.80583
6.8029
6.80019
6.79765
6.79526
6.79306
6.79106
6.78925
6.78761
6.78611
6.78474
6.78349
6.78231
6.78121
6.78015
6.77907
6.77796
6.77775
-0.344519
-0.35543
-0.340677
-0.305784
-0.271997
-0.242487
-0.212428
-0.179735
-0.144559
-0.106852
-0.0660015
-0.0212596
0.0280818
0.0827302
0.143433
0.210955
0.285994
0.368968
0.459706
0.558003
0.663863
0.777345
0.898466
1.02722
1.16358
1.30743
1.45849
1.61641
1.78078
1.95118
2.12712
2.30813
2.49371
2.68342
2.87684
3.07358
3.2733
3.47563
3.68019
3.88645
4.09374
4.30126
4.50806
4.71306
4.91502
5.11252
5.30397
5.48763
5.66179
5.82486
5.97553
6.11292
6.23657
6.34649
6.44304
6.52689
6.59887
6.65993
6.71104
6.7532
6.78734
6.81435
6.83504
6.85017
6.8604
6.86636
6.86865
6.86789
6.86473
6.85991
6.85423
6.84817
6.8423
6.83717
6.83256
6.82839
6.82436
6.82034
6.81637
6.81247
6.80867
6.80503
6.80158
6.79835
6.79535
6.7925
6.78977
6.78719
6.78484
6.7827
6.78073
6.77893
6.77728
6.77575
6.77434
6.77302
6.77176
6.77051
6.76924
6.76882
-0.397028
-0.47562
-0.434431
-0.358956
-0.310083
-0.279292
-0.25126
-0.223104
-0.195993
-0.169738
-0.143109
-0.114879
-0.0839976
-0.0494202
-0.0100115
0.0354555
0.0882435
0.149345
0.218311
0.295212
0.380666
0.475163
0.579005
0.692463
0.815783
0.948971
1.0916
1.24308
1.40278
1.57007
1.74428
1.92476
2.11088
2.30207
2.4978
2.6976
2.90101
3.10765
3.31718
3.52928
3.74352
3.95923
4.17543
4.39095
4.6045
4.81466
5.01982
5.21816
5.40773
5.58663
5.75317
5.90608
6.0447
6.16894
6.27926
6.37649
6.4616
6.53559
6.59939
6.65386
6.69979
6.73789
6.76887
6.79339
6.8121
6.82566
6.83471
6.83993
6.84204
6.84181
6.83999
6.83716
6.834
6.83054
6.82747
6.82472
6.82156
6.81791
6.81402
6.80999
6.80591
6.80192
6.79809
6.79447
6.79107
6.78788
6.7848
6.78192
6.77937
6.77702
6.77487
6.7729
6.77111
6.76946
6.76796
6.76657
6.76527
6.76401
6.76279
6.76244
-0.432948
-0.863488
-0.798941
-0.670763
-0.613881
-0.590656
-0.56899
-0.546827
-0.528377
-0.514245
-0.503026
-0.493323
-0.483915
-0.473335
-0.459528
-0.439507
-0.408459
-0.367688
-0.32247
-0.273677
-0.219946
-0.160213
-0.0936737
-0.0192331
0.0648459
0.160449
0.268274
0.388891
0.522691
0.669625
0.829177
1.00057
1.183
1.3757
1.57793
1.78895
2.00795
2.23403
2.46618
2.70328
2.94413
3.18748
3.43215
3.67695
3.92068
4.16211
4.39996
4.63295
4.85975
5.07909
5.28969
5.49029
5.67958
5.85622
6.01896
6.1667
6.29867
6.41455
6.5145
6.59916
6.66952
6.72682
6.77248
6.80794
6.8346
6.8538
6.86679
6.87468
6.87848
6.87907
6.87721
6.87346
6.86832
6.86229
6.85556
6.84755
6.83831
6.82916
6.82093
6.81345
6.80644
6.79997
6.79404
6.78866
6.7838
6.77943
6.77553
6.77197
6.76862
6.76555
6.76287
6.76053
6.75843
6.75655
6.75485
6.75333
6.75194
6.75063
6.74939
6.74845
-0.223983
-0.448496
-0.425401
-0.372264
-0.352186
-0.345852
-0.338561
-0.329861
-0.322018
-0.315734
-0.310972
-0.307859
-0.306827
-0.308583
-0.314187
-0.325271
-0.344895
-0.369281
-0.388301
-0.397741
-0.397958
-0.389296
-0.370563
-0.338677
-0.291074
-0.232216
-0.167666
-0.0974269
-0.01948
0.069111
0.170436
0.285862
0.416507
0.56298
0.725297
0.903068
1.09568
1.30238
1.52229
1.75444
1.99773
2.25097
2.51286
2.78201
3.05691
3.33594
3.61735
3.89925
4.17955
4.45597
4.72605
4.98717
5.23669
5.47207
5.69102
5.89167
6.07263
6.23315
6.37305
6.49278
6.59328
6.6759
6.74228
6.79419
6.83348
6.86192
6.88123
6.89299
6.89865
6.89951
6.89672
6.89128
6.88399
6.8755
6.86625
6.85652
6.84669
6.83698
6.82714
6.81668
6.80628
6.79695
6.78846
6.78065
6.77353
6.76709
6.7613
6.75615
6.75161
6.74753
6.7437
6.74013
6.73695
6.73415
6.73167
6.72945
6.72749
6.72573
6.72415
6.72288
-0.234217
-0.477037
-0.472104
-0.431089
-0.418237
-0.416916
-0.413592
-0.407865
-0.40193
-0.396495
-0.391418
-0.386505
-0.381623
-0.376615
-0.371273
-0.36534
-0.358517
-0.350359
-0.341143
-0.33186
-0.323734
-0.318067
-0.316445
-0.32139
-0.3341
-0.347712
-0.351993
-0.342368
-0.315903
-0.273297
-0.219481
-0.157084
-0.0845915
0.000491015
0.100368
0.216739
0.350724
0.502849
0.673144
0.861263
1.06657
1.28817
1.5249
1.7754
2.03807
2.31111
2.59256
2.88028
3.17202
3.46536
3.75781
4.04677
4.32966
4.60387
4.86694
5.11654
5.35063
5.56749
5.76582
5.9448
6.1041
6.2439
6.36484
6.46793
6.55447
6.62593
6.68388
6.72991
6.76553
6.7922
6.81127
6.82395
6.83136
6.83448
6.83416
6.83115
6.8261
6.81955
6.81193
6.8037
6.79532
6.78655
6.77745
6.76883
6.76092
6.75361
6.74689
6.74077
6.73524
6.73028
6.72589
6.72201
6.71844
6.7151
6.71214
6.70962
6.70744
6.70556
6.70394
6.70273
-0.197839
-0.398848
-0.390267
-0.353793
-0.343512
-0.344307
-0.343881
-0.341584
-0.339196
-0.337268
-0.335667
-0.334282
-0.333117
-0.332194
-0.331515
-0.331049
-0.330714
-0.330328
-0.329575
-0.328069
-0.325488
-0.321647
-0.31647
-0.309946
-0.30202
-0.292844
-0.283888
-0.277527
-0.277156
-0.282098
-0.284731
-0.276017
-0.251915
-0.2135
-0.162316
-0.0981219
-0.0192365
0.0763949
0.190524
0.324358
0.478535
0.65317
0.847915
1.062
1.29427
1.54322
1.80704
2.08365
2.37073
2.66579
2.96622
3.26927
3.57212
3.87192
4.16581
4.45101
4.72482
4.98477
5.22866
5.45467
5.66145
5.84816
6.01451
6.16072
6.2875
6.39592
6.48732
6.56321
6.62516
6.67476
6.71356
6.74302
6.76451
6.7793
6.78851
6.79318
6.7942
6.79237
6.78836
6.78275
6.77604
6.76863
6.76098
6.75313
6.74507
6.73734
6.73016
6.72351
6.71739
6.71181
6.70677
6.70226
6.69828
6.69482
6.6917
6.6888
6.68628
6.6842
6.68247
6.68115
-0.188399
-0.381345
-0.376668
-0.345726
-0.33957
-0.343755
-0.34653
-0.34724
-0.347559
-0.347978
-0.348324
-0.348444
-0.348282
-0.347801
-0.346951
-0.345677
-0.34393
-0.341678
-0.338914
-0.33567
-0.332022
-0.32807
-0.323914
-0.319629
-0.315217
-0.310552
-0.305384
-0.299429
-0.292433
-0.28395
-0.274507
-0.266749
-0.261711
-0.255919
-0.243828
-0.220538
-0.183609
-0.132159
-0.064928
0.0201354
0.125163
0.251787
0.400981
0.573067
0.767758
0.984198
1.22102
1.4764
1.74813
2.03371
2.33038
2.6352
2.94511
3.25696
3.56758
3.87381
4.17254
4.46082
4.73589
4.99531
5.23701
5.4594
5.66145
5.84268
6.0032
6.1436
6.26486
6.36827
6.45529
6.52748
6.58642
6.63367
6.67071
6.69896
6.7197
6.73414
6.74336
6.74832
6.74988
6.74878
6.74568
6.7411
6.73552
6.72931
6.72287
6.71623
6.70951
6.70316
6.69722
6.69172
6.68669
6.68213
6.67805
6.67445
6.67134
6.66872
6.66642
6.66436
6.66265
6.6614
-0.170169
-0.3436
-0.338795
-0.311055
-0.306316
-0.311317
-0.31537
-0.317853
-0.320219
-0.322828
-0.325455
-0.327909
-0.33011
-0.332008
-0.333552
-0.33469
-0.335375
-0.335565
-0.335216
-0.334291
-0.332759
-0.330601
-0.327816
-0.324422
-0.320457
-0.315978
-0.311074
-0.305832
-0.300322
-0.294568
-0.2885
-0.281844
-0.27389
-0.264199
-0.253391
-0.242004
-0.228073
-0.207194
-0.174812
-0.127547
-0.0626421
0.0225802
0.130489
0.262774
0.4203
0.603102
0.810452
1.04094
1.29257
1.56291
1.84915
2.14822
2.4569
2.77181
3.08953
3.40666
3.7198
4.02566
4.32113
4.60329
4.86959
5.11788
5.34653
5.55449
5.74133
5.9072
6.05272
6.17894
6.28714
6.3788
6.45544
6.51864
6.56993
6.61079
6.6426
6.66667
6.6842
6.69625
6.70383
6.70778
6.70887
6.70776
6.70501
6.70108
6.69637
6.69118
6.68588
6.68044
6.67505
6.67005
6.6654
6.66113
6.65727
6.65384
6.65086
6.64833
6.64627
6.64465
6.64324
6.64202
-0.154008
-0.311538
-0.308844
-0.286416
-0.285521
-0.293788
-0.301381
-0.307667
-0.313846
-0.32013
-0.326244
-0.331983
-0.337246
-0.341954
-0.346034
-0.34942
-0.35206
-0.353919
-0.354978
-0.355232
-0.354692
-0.353381
-0.351326
-0.348558
-0.345078
-0.34086
-0.336033
-0.330806
-0.325237
-0.319324
-0.313087
-0.306603
-0.299899
-0.292773
-0.284583
-0.274486
-0.26198
-0.246781
-0.227322
-0.2
-0.160161
-0.103208
-0.0251089
0.0773281
0.206251
0.362685
0.546556
0.756827
0.991683
1.2487
1.52502
1.81744
2.12259
2.43694
2.75689
3.07884
3.39925
3.71462
4.02162
4.31709
4.59817
4.86238
5.10772
5.33278
5.53679
5.71958
5.88156
6.02356
6.14672
6.2524
6.34207
6.41727
6.47951
6.53027
6.57098
6.60297
6.62748
6.64566
6.65855
6.66708
6.67209
6.6743
6.67434
6.67275
6.66997
6.66638
6.66228
6.65791
6.65355
6.64921
6.64506
6.6413
6.63787
6.63481
6.63214
6.62988
6.62807
6.62673
6.62581
6.62507
-0.130242
-0.265588
-0.266156
-0.251388
-0.255781
-0.267895
-0.279329
-0.289775
-0.300215
-0.310684
-0.320855
-0.330479
-0.339393
-0.347473
-0.354616
-0.360745
-0.365811
-0.369784
-0.372653
-0.374418
-0.375082
-0.374648
-0.373085
-0.370558
-0.367444
-0.363952
-0.35995
-0.355311
-0.350098
-0.344415
-0.33833
-0.331876
-0.325063
-0.317852
-0.310102
-0.301477
-0.291351
-0.278879
-0.263064
-0.242275
-0.213337
-0.171307
-0.11036
-0.0253004
0.0874122
0.229869
0.402016
0.602644
0.829767
1.08077
1.35261
1.64192
1.94535
2.25922
2.57981
2.90344
3.22649
3.54544
3.85689
4.15764
4.44473
4.71559
4.96808
5.2007
5.41254
5.60334
5.7734
5.92344
6.0545
6.16785
6.26489
6.34708
6.41589
6.47278
6.51912
6.55625
6.5854
6.60773
6.62429
6.63605
6.64385
6.64847
6.65056
6.65069
6.64936
6.64697
6.64385
6.64027
6.63646
6.63262
6.62897
6.62548
6.62223
6.61935
6.61689
6.61488
6.61332
6.6122
6.6115
6.61102
-0.0986963
-0.21123
-0.218894
-0.215888
-0.228343
-0.246488
-0.264201
-0.281171
-0.297713
-0.313607
-0.328538
-0.342301
-0.354771
-0.365866
-0.375533
-0.383742
-0.390485
-0.395763
-0.399574
-0.4019
-0.402705
-0.402443
-0.401722
-0.400458
-0.398301
-0.395169
-0.391188
-0.386463
-0.38108
-0.375124
-0.368668
-0.361777
-0.354493
-0.34683
-0.338749
-0.330102
-0.320485
-0.309257
-0.295263
-0.276437
-0.249259
-0.208471
-0.147732
-0.061344
0.0541697
0.200214
0.376473
0.581402
0.812676
1.06741
1.34236
1.63406
1.93897
2.25339
2.5737
2.89631
3.2177
3.53446
3.84331
4.14118
4.42528
4.69319
4.94298
5.17331
5.38342
5.57317
5.7429
5.89335
6.02521
6.13967
6.23808
6.32186
6.3924
6.45107
6.4992
6.53806
6.56886
6.59273
6.61068
6.62367
6.63255
6.63807
6.64092
6.64166
6.64079
6.63875
6.63588
6.63247
6.62875
6.62492
6.62113
6.61748
6.61414
6.61118
6.60862
6.60649
6.60479
6.60358
6.60284
6.60229
-0.0587967
-0.144837
-0.166887
-0.18203
-0.204823
-0.229753
-0.253639
-0.276169
-0.297376
-0.317133
-0.335299
-0.351767
-0.366476
-0.3794
-0.390529
-0.399859
-0.407369
-0.41301
-0.416756
-0.419277
-0.421377
-0.422708
-0.42274
-0.421507
-0.419175
-0.415877
-0.411731
-0.406848
-0.40133
-0.395265
-0.388722
-0.381736
-0.374278
-0.366209
-0.357269
-0.34718
-0.335289
-0.320599
-0.302055
-0.277817
-0.243934
-0.193977
-0.120853
-0.0192585
0.113349
0.276466
0.468556
0.687526
0.93076
1.19525
1.4778
1.77514
2.08358
2.39947
2.7193
3.03962
3.35705
3.6683
3.97027
4.26008
4.53519
4.79348
5.03336
5.25381
5.4544
5.63515
5.79654
5.93959
6.06525
6.17447
6.26853
6.34878
6.41657
6.47301
6.51922
6.55642
6.58578
6.60837
6.62519
6.63714
6.64505
6.64966
6.65161
6.65149
6.64977
6.64689
6.6432
6.63899
6.63449
6.62992
6.62542
6.62111
6.6171
6.61346
6.61023
6.60748
6.60524
6.60359
6.60245
6.60153
-0.0234471
-0.0743427
-0.115295
-0.148756
-0.180514
-0.210784
-0.239077
-0.265301
-0.289476
-0.311608
-0.331747
-0.349912
-0.366037
-0.380074
-0.39198
-0.401682
-0.409144
-0.41506
-0.420392
-0.4248
-0.427605
-0.428848
-0.428703
-0.427308
-0.424769
-0.42117
-0.416568
-0.410999
-0.404462
-0.396913
-0.38825
-0.378301
-0.366809
-0.353441
-0.337799
-0.319461
-0.297937
-0.272169
-0.239958
-0.197533
-0.139781
-0.0612101
0.0427299
0.174692
0.335325
0.523477
0.737267
0.974345
1.23198
1.50718
1.7968
2.09764
2.40627
2.71934
3.03358
3.34575
3.65274
3.95155
4.23939
4.51373
4.77244
5.0138
5.23664
5.44034
5.62473
5.79011
5.93701
6.06633
6.17941
6.27737
6.36139
6.43269
6.4926
6.54241
6.58308
6.61555
6.6406
6.65924
6.67244
6.68106
6.68591
6.68767
6.68698
6.68439
6.68035
6.67529
6.66953
6.66338
6.65706
6.65077
6.64466
6.63886
6.63346
6.62855
6.62416
6.62036
6.61717
6.61463
6.61269
6.61102
-0.0223055
-0.0595922
-0.0952855
-0.129068
-0.161042
-0.191322
-0.219902
-0.246705
-0.271623
-0.294525
-0.315268
-0.33374
-0.349835
-0.363338
-0.374113
-0.383085
-0.391428
-0.398762
-0.404222
-0.407662
-0.409223
-0.409015
-0.407101
-0.403523
-0.398303
-0.391441
-0.38292
-0.372696
-0.360702
-0.346839
-0.330961
-0.312853
-0.292171
-0.268356
-0.240499
-0.20722
-0.166606
-0.116235
-0.0532832
0.0253502
0.122825
0.24196
0.384739
0.55197
0.743287
0.957341
1.19223
1.44566
1.71502
1.9975
2.29015
2.58993
2.89371
3.19843
3.50108
3.79873
4.08859
4.36806
4.6348
4.88676
5.12233
5.34031
5.54003
5.72123
5.88409
6.02909
6.15698
6.26867
6.36531
6.44801
6.51796
6.57627
6.6241
6.66271
6.69336
6.71733
6.73523
6.74733
6.75449
6.75756
6.75729
6.75432
6.74925
6.74257
6.73473
6.72612
6.71705
6.70779
6.69857
6.68957
6.68094
6.67279
6.66522
6.65829
6.65206
6.64657
6.64185
6.63793
6.63474
6.63196
-0.0276889
-0.0619104
-0.0893756
-0.117387
-0.144974
-0.171377
-0.196279
-0.2194
-0.240452
-0.259118
-0.275024
-0.288174
-0.299838
-0.311145
-0.322018
-0.331472
-0.338499
-0.343022
-0.345195
-0.345115
-0.342844
-0.338419
-0.331854
-0.323137
-0.312221
-0.299015
-0.283367
-0.26505
-0.243732
-0.218959
-0.190125
-0.156453
-0.116984
-0.0705801
-0.015922
0.048478
0.124271
0.213239
0.317224
0.438011
0.577172
0.735858
0.914612
1.11326
1.33091
1.56613
1.81702
2.08138
2.35679
2.64062
2.93014
3.22257
3.51507
3.8049
4.08938
4.36597
4.63232
4.88629
5.12608
5.35021
5.5576
5.74759
5.91992
6.07471
6.21236
6.33355
6.43911
6.53001
6.60732
6.67215
6.7256
6.76876
6.80271
6.82846
6.84701
6.85963
6.86749
6.87077
6.86983
6.86543
6.85824
6.84889
6.83789
6.8257
6.81274
6.79934
6.7858
6.77238
6.75927
6.74664
6.73463
6.72335
6.71287
6.70326
6.69456
6.68681
6.68002
6.67423
6.66936
6.66506
-0.0247073
-0.0456051
-0.061754
-0.078719
-0.0955868
-0.112338
-0.129134
-0.145758
-0.162013
-0.177813
-0.193177
-0.207763
-0.220203
-0.229655
-0.236385
-0.24053
-0.242096
-0.241049
-0.237332
-0.230861
-0.221527
-0.209193
-0.193685
-0.174787
-0.152229
-0.125687
-0.0947671
-0.0590071
-0.0178633
0.0292922
0.0831807
0.144618
0.214519
0.293887
0.3838
0.485383
0.599769
0.728043
0.871183
1.02998
1.20494
1.39621
1.6035
1.82605
2.06267
2.31179
2.57156
2.83985
3.11438
3.39273
3.67243
3.95097
4.22586
4.49474
4.75533
5.00556
5.24357
5.46777
5.6769
5.87001
6.04654
6.20626
6.34927
6.47594
6.58685
6.68277
6.7646
6.83331
6.88993
6.93552
6.9711
6.99772
7.01636
7.02796
7.03344
7.03404
7.03069
7.02367
7.01321
6.99999
6.98465
6.96772
6.94966
6.93091
6.91181
6.89268
6.87379
6.85537
6.83758
6.8206
6.80452
6.78946
6.77548
6.76263
6.75095
6.74045
6.73116
6.7231
6.71617
6.71001
-0.015907
-0.0272459
-0.0385436
-0.0508763
-0.0636992
-0.07622
-0.087783
-0.0981177
-0.106975
-0.114164
-0.119558
-0.123056
-0.124479
-0.123587
-0.120154
-0.113949
-0.104743
-0.0923137
-0.0764393
-0.0568922
-0.0334275
-0.00577763
0.0263559
0.0633068
0.105451
0.15321
0.207056
0.26751
0.335147
0.410591
0.494508
0.5876
0.690591
0.804206
0.929156
1.0661
1.21562
1.37817
1.55403
1.74329
1.94576
2.16097
2.38812
2.62613
2.87362
3.12893
3.39024
3.65554
3.92271
4.18956
4.45389
4.71352
4.96637
5.21045
5.44396
5.6653
5.87311
6.06633
6.24415
6.40611
6.55202
6.68199
6.79634
6.89561
6.98049
7.0518
7.11044
7.15737
7.19358
7.22006
7.23781
7.24778
7.25088
7.24797
7.24013
7.22868
7.21405
7.19614
7.17555
7.15293
7.12883
7.10373
7.07806
7.05217
7.0264
7.00103
6.97629
6.95239
6.92948
6.9077
6.88716
6.86793
6.85008
6.83364
6.81864
6.80509
6.793
6.78239
6.77315
6.76488
-0.00541492
-0.00835233
-0.0112387
-0.0140624
-0.0165404
-0.0184148
-0.0194049
-0.0192318
-0.0176122
-0.014258
-0.00887011
-0.00114081
0.00923287
0.022535
0.0390373
0.0590076
0.0827192
0.110452
0.1425
0.179168
0.220781
0.267685
0.320246
0.378853
0.443922
0.515891
0.595219
0.682385
0.777883
0.882209
0.995861
1.11932
1.25303
1.3974
1.55275
1.71932
1.89723
2.08643
2.28674
2.49774
2.71883
2.94916
3.18768
3.4331
3.68397
3.93863
4.19533
4.4522
4.70733
4.95877
5.20465
5.44312
5.67246
5.89112
6.0977
6.29105
6.47024
6.63459
6.78369
6.91739
7.03575
7.13908
7.22784
7.30266
7.36427
7.4135
7.45125
7.47845
7.49604
7.50498
7.50621
7.50058
7.48898
7.47267
7.45314
7.43049
7.40461
7.37611
7.34568
7.31387
7.28116
7.24799
7.21475
7.18175
7.14931
7.11768
7.08705
7.05762
7.02953
7.00289
6.97779
6.95431
6.93248
6.91235
6.89392
6.87721
6.8622
6.8489
6.83722
6.82674
0.00417354
0.0112367
0.0183359
0.0258177
0.033958
0.0430558
0.0534122
0.0653227
0.0790803
0.0949759
0.113304
0.134364
0.158465
0.185919
0.217045
0.252169
0.29162
0.335736
0.384863
0.439355
0.499574
0.565894
0.638695
0.718365
0.805299
0.899891
1.00254
1.11362
1.2335
1.36253
1.501
1.64919
1.80727
1.97537
2.15351
2.34159
2.5394
2.74657
2.96258
3.18675
3.41822
3.65596
3.89879
4.14536
4.39421
4.64375
4.89234
5.13828
5.37987
5.61543
5.84335
6.0621
6.27029
6.46671
6.65029
6.8202
6.97582
7.11675
7.2428
7.35399
7.45055
7.53285
7.60143
7.65693
7.7001
7.73176
7.75277
7.76404
7.76648
7.76098
7.74836
7.72961
7.70674
7.68089
7.65139
7.61849
7.58292
7.5454
7.50648
7.46668
7.42646
7.3862
7.34627
7.30699
7.2686
7.23136
7.19545
7.16103
7.12823
7.09716
7.06789
7.04049
7.01499
6.99142
6.96979
6.95008
6.9323
6.91643
6.90239
6.88976
0.0132051
0.0303791
0.0469897
0.0643811
0.0826428
0.102039
0.122885
0.145495
0.170189
0.197289
0.227122
0.260019
0.296314
0.336347
0.380461
0.429004
0.482327
0.540786
0.604743
0.67456
0.750602
0.833232
0.922814
1.0197
1.12424
1.23677
1.35758
1.48697
1.62518
1.77241
1.9288
2.09443
2.2693
2.45331
2.64629
2.84793
3.05779
3.27532
3.49983
3.73049
3.96633
4.20624
4.449
4.69329
4.93769
5.18072
5.42085
5.65656
5.88632
6.10867
6.32223
6.52571
6.71796
6.89798
7.06495
7.21822
7.35734
7.48206
7.5923
7.68816
7.7699
7.83795
7.89281
7.93514
7.96565
7.98513
7.99443
7.9944
7.9859
7.96968
7.94688
7.92068
7.89155
7.85777
7.82012
7.77953
7.73672
7.6923
7.64681
7.60075
7.55456
7.50862
7.46328
7.41883
7.37554
7.33363
7.29327
7.25463
7.21783
7.18295
7.15009
7.11929
7.09058
7.06398
7.03951
7.01714
6.99687
6.97868
6.96248
6.94793
0.0201849
0.0440916
0.0665543
0.0903959
0.115448
0.141884
0.17001
0.200133
0.232564
0.267622
0.30563
0.346918
0.391825
0.44069
0.493861
0.551688
0.614526
0.682729
0.756654
0.836652
0.923076
1.01627
1.11656
1.22426
1.33968
1.46309
1.59473
1.7348
1.88347
2.04082
2.20692
2.38171
2.56509
2.75686
2.9567
3.16422
3.37888
3.60005
3.82698
4.05877
4.29446
4.53292
4.77299
5.01337
5.25274
5.48972
5.72289
5.95086
6.17225
6.38576
6.59014
6.78425
6.96708
7.13776
7.29556
7.43993
7.57049
7.68702
7.78946
7.87792
7.95264
8.014
8.06249
8.0987
8.12331
8.13705
8.14072
8.13506
8.12082
8.09948
8.07445
8.04596
8.01226
7.97399
7.93214
7.88753
7.84081
7.79258
7.7434
7.69375
7.64408
7.59478
7.54619
7.4986
7.45228
7.40744
7.36426
7.32291
7.2835
7.24613
7.21088
7.1778
7.14692
7.11825
7.09181
7.06758
7.04555
7.02568
7.00791
6.99199
0.0246394
0.0522536
0.0777439
0.10499
0.133629
0.163769
0.195716
0.229778
0.266266
0.3055
0.347806
0.393518
0.442977
0.496529
0.554523
0.617315
0.68526
0.758715
0.838036
0.923572
1.01567
1.11466
1.22088
1.3346
1.45613
1.5857
1.72354
1.8698
2.02461
2.18803
2.36005
2.5406
2.72951
2.92651
3.13127
3.34331
3.56207
3.78687
4.01691
4.25128
4.48899
4.72892
4.96987
5.21058
5.44973
5.68596
5.9179
6.14418
6.36347
6.5745
6.77608
6.96711
7.14662
7.31377
7.46789
7.60844
7.73505
7.84754
7.94584
8.03007
8.10048
8.15743
8.20141
8.23299
8.25286
8.26174
8.26039
8.24942
8.22989
8.20558
8.17791
8.14492
8.10659
8.06395
8.01791
7.96921
7.91853
7.86648
7.81362
7.76044
7.70739
7.65487
7.6032
7.5527
7.50361
7.45615
7.41051
7.36682
7.32522
7.2858
7.24862
7.21373
7.18116
7.15092
7.12301
7.0974
7.07408
7.053
7.03411
7.01727
7.18372
7.18258
7.18238
7.18236
7.18227
7.18215
7.18204
7.18193
7.18181
7.1817
7.18159
7.18148
7.18136
7.18125
7.18113
7.18102
7.1809
7.18079
7.18067
7.18055
7.18043
7.18031
7.1802
7.18007
7.17995
7.17983
7.17971
7.17959
7.17946
7.17934
7.17921
7.17909
7.17896
7.17884
7.17871
7.17858
7.17845
7.17832
7.17819
7.17806
7.17793
7.1778
7.17767
7.17753
7.1774
7.17727
7.17713
7.177
7.17686
7.17673
7.17659
7.17645
7.17632
7.17618
7.17604
7.17591
7.17577
7.17563
7.17549
7.17536
7.17522
7.17508
7.17494
7.1748
7.17466
7.17453
7.17439
7.17425
7.17411
7.17398
7.17384
7.1737
7.17357
7.17343
7.1733
7.17317
7.17303
7.1729
7.17277
7.17264
7.17251
7.17238
7.17226
7.17213
7.17201
7.17189
7.17177
7.17165
7.17153
7.17142
7.17131
7.1712
7.17109
7.17099
7.17089
7.17079
7.1707
7.17062
7.17052
7.17042
7.16993
7.16868
7.16818
7.16789
7.16757
7.16724
7.16691
7.16658
7.16625
7.16592
7.16559
7.16526
7.16493
7.16461
7.16428
7.16396
7.16363
7.1633
7.16298
7.16265
7.16232
7.162
7.16167
7.16134
7.16101
7.16068
7.16034
7.16001
7.15967
7.15933
7.15899
7.15865
7.15831
7.15796
7.15761
7.15726
7.15691
7.15655
7.1562
7.15584
7.15548
7.15511
7.15474
7.15437
7.154
7.15363
7.15325
7.15287
7.15249
7.15211
7.15172
7.15133
7.15094
7.15054
7.15015
7.14975
7.14935
7.14895
7.14854
7.14814
7.14773
7.14732
7.14691
7.14649
7.14608
7.14566
7.14525
7.14483
7.14441
7.14398
7.14356
7.14314
7.14271
7.14229
7.14186
7.14143
7.14101
7.14058
7.14015
7.13972
7.13929
7.13886
7.13843
7.138
7.13757
7.13714
7.13671
7.13628
7.13585
7.13542
7.13499
7.13457
7.13414
7.13371
7.13329
7.13287
7.13246
7.13203
7.13156
7.13113
7.14759
7.14619
7.14548
7.14499
7.14449
7.14397
7.14345
7.14293
7.14242
7.14191
7.14141
7.1409
7.1404
7.1399
7.1394
7.13891
7.13841
7.13792
7.13742
7.13693
7.13643
7.13594
7.13544
7.13495
7.13445
7.13395
7.13346
7.13296
7.13246
7.13195
7.13145
7.13094
7.13043
7.12992
7.12941
7.12889
7.12837
7.12785
7.12733
7.1268
7.12627
7.12574
7.1252
7.12467
7.12413
7.12358
7.12303
7.12249
7.12193
7.12138
7.12082
7.12026
7.1197
7.11913
7.11856
7.11799
7.11741
7.11684
7.11626
7.11567
7.11509
7.1145
7.11391
7.11332
7.11272
7.11213
7.11153
7.11093
7.11032
7.10972
7.10911
7.1085
7.10788
7.10727
7.10665
7.10603
7.10541
7.10479
7.10417
7.10354
7.10291
7.10228
7.10165
7.10102
7.10038
7.09974
7.09911
7.09847
7.09782
7.09718
7.09654
7.09589
7.09525
7.0946
7.09395
7.09332
7.09269
7.09203
7.0913
7.09065
7.12784
7.12644
7.12561
7.12497
7.12433
7.12368
7.12303
7.12239
7.12175
7.12112
7.12049
7.11986
7.11923
7.11861
7.11799
7.11737
7.11675
7.11613
7.11552
7.1149
7.11428
7.11367
7.11305
7.11243
7.11181
7.11119
7.11056
7.10994
7.10931
7.10868
7.10805
7.10742
7.10678
7.10614
7.10549
7.10484
7.10419
7.10354
7.10288
7.10222
7.10155
7.10088
7.10021
7.09953
7.09885
7.09817
7.09748
7.09679
7.09609
7.09539
7.09468
7.09397
7.09326
7.09255
7.09182
7.0911
7.09037
7.08964
7.0889
7.08816
7.08742
7.08667
7.08592
7.08517
7.08441
7.08365
7.08288
7.08212
7.08134
7.08057
7.07979
7.07901
7.07822
7.07744
7.07664
7.07585
7.07505
7.07425
7.07345
7.07264
7.07183
7.07101
7.0702
7.06938
7.06856
7.06773
7.0669
7.06608
7.06524
7.06441
7.06357
7.06274
7.0619
7.06106
7.06022
7.05939
7.05857
7.05772
7.05678
7.05594
7.10751
7.10608
7.10512
7.10433
7.10355
7.10277
7.10198
7.10121
7.10044
7.09967
7.09891
7.09815
7.0974
7.09664
7.09589
7.09515
7.0944
7.09366
7.09291
7.09217
7.09143
7.09068
7.08994
7.0892
7.08845
7.0877
7.08695
7.0862
7.08545
7.08469
7.08393
7.08317
7.0824
7.08163
7.08086
7.08008
7.0793
7.07852
7.07773
7.07694
7.07614
7.07534
7.07454
7.07373
7.07292
7.0721
7.07128
7.07046
7.06963
7.06879
7.06795
7.06711
7.06626
7.06541
7.06455
7.06369
7.06283
7.06196
7.06108
7.06021
7.05932
7.05844
7.05755
7.05665
7.05576
7.05485
7.05395
7.05304
7.05212
7.0512
7.05028
7.04936
7.04843
7.04749
7.04656
7.04561
7.04467
7.04372
7.04277
7.04181
7.04085
7.03989
7.03892
7.03795
7.03697
7.036
7.03502
7.03403
7.03304
7.03205
7.03106
7.03007
7.02907
7.02807
7.02708
7.02609
7.02512
7.02411
7.02299
7.02199
7.08825
7.08686
7.08581
7.08491
7.08403
7.08315
7.08227
7.0814
7.08053
7.07967
7.07882
7.07797
7.07712
7.07627
7.07543
7.07459
7.07375
7.07291
7.07208
7.07124
7.0704
7.06957
7.06873
7.06789
7.06705
7.0662
7.06536
7.06451
7.06366
7.06281
7.06195
7.06109
7.06023
7.05936
7.05849
7.05761
7.05673
7.05585
7.05496
7.05407
7.05317
7.05227
7.05137
7.05045
7.04954
7.04862
7.04769
7.04676
7.04583
7.04489
7.04395
7.043
7.04204
7.04108
7.04012
7.03915
7.03818
7.0372
7.03622
7.03523
7.03424
7.03325
7.03225
7.03124
7.03023
7.02922
7.0282
7.02718
7.02615
7.02512
7.02408
7.02304
7.022
7.02095
7.0199
7.01884
7.01778
7.01672
7.01565
7.01457
7.01349
7.01241
7.01133
7.01024
7.00914
7.00805
7.00694
7.00584
7.00473
7.00362
7.00251
7.00139
7.00027
6.99915
6.99803
6.99692
6.99583
6.9947
6.99346
6.99233
7.0692
7.06783
7.0667
7.06569
7.06471
7.06374
7.06276
7.0618
7.06084
7.05989
7.05894
7.05799
7.05705
7.05612
7.05519
7.05425
7.05332
7.0524
7.05147
7.05054
7.04961
7.04869
7.04776
7.04683
7.0459
7.04496
7.04403
7.04309
7.04215
7.04121
7.04026
7.03931
7.03835
7.0374
7.03644
7.03547
7.0345
7.03352
7.03255
7.03156
7.03057
7.02958
7.02859
7.02758
7.02658
7.02557
7.02455
7.02353
7.0225
7.02147
7.02044
7.0194
7.01835
7.0173
7.01625
7.01519
7.01412
7.01305
7.01198
7.0109
7.00982
7.00873
7.00764
7.00654
7.00544
7.00434
7.00323
7.00211
7.001
6.99987
6.99874
6.99761
6.99648
6.99534
6.99419
6.99304
6.99189
6.99073
6.98957
6.9884
6.98723
6.98606
6.98488
6.9837
6.98251
6.98132
6.98012
6.97893
6.97772
6.97652
6.97531
6.9741
6.97289
6.97167
6.97046
6.96926
6.96807
6.96686
6.96552
6.96429
7.05099
7.04966
7.04847
7.04739
7.04634
7.0453
7.04426
7.04322
7.0422
7.04118
7.04016
7.03915
7.03815
7.03715
7.03615
7.03515
7.03415
7.03316
7.03216
7.03117
7.03017
7.02918
7.02818
7.02719
7.02619
7.02519
7.02418
7.02318
7.02217
7.02115
7.02014
7.01912
7.0181
7.01707
7.01604
7.015
7.01396
7.01292
7.01187
7.01082
7.00976
7.0087
7.00763
7.00656
7.00548
7.0044
7.00332
7.00222
7.00113
7.00003
6.99892
6.99781
6.9967
6.99558
6.99445
6.99332
6.99219
6.99105
6.98991
6.98876
6.98761
6.98646
6.98529
6.98413
6.98296
6.98179
6.98061
6.97943
6.97824
6.97705
6.97586
6.97466
6.97345
6.97225
6.97103
6.96982
6.9686
6.96738
6.96615
6.96492
6.96368
6.96244
6.96119
6.95995
6.95869
6.95744
6.95618
6.95492
6.95365
6.95238
6.95111
6.94983
6.94856
6.94728
6.946
6.94474
6.94349
6.94222
6.94083
6.93954
7.03324
7.03195
7.0307
7.02955
7.02844
7.02733
7.02623
7.02514
7.02405
7.02297
7.02189
7.02082
7.01975
7.01869
7.01763
7.01657
7.01551
7.01445
7.0134
7.01234
7.01129
7.01023
7.00917
7.00812
7.00706
7.00599
7.00493
7.00386
7.00279
7.00172
7.00065
6.99957
6.99848
6.9974
6.99631
6.99521
6.99412
6.99301
6.99191
6.9908
6.98968
6.98856
6.98744
6.98631
6.98518
6.98404
6.9829
6.98175
6.9806
6.97945
6.97829
6.97712
6.97596
6.97478
6.97361
6.97243
6.97124
6.97005
6.96886
6.96766
6.96646
6.96526
6.96405
6.96283
6.96162
6.96039
6.95917
6.95794
6.95671
6.95547
6.95423
6.95299
6.95174
6.95049
6.94923
6.94797
6.94671
6.94544
6.94417
6.9429
6.94162
6.94034
6.93905
6.93776
6.93647
6.93517
6.93387
6.93257
6.93126
6.92995
6.92864
6.92732
6.92601
6.92469
6.92338
6.92208
6.92079
6.91948
6.91806
6.91673
7.01626
7.015
7.01373
7.01252
7.01137
7.01023
7.00908
7.00795
7.00682
7.0057
7.00459
7.00347
7.00237
7.00126
7.00016
6.99906
6.99796
6.99686
6.99576
6.99467
6.99357
6.99247
6.99137
6.99027
6.98917
6.98807
6.98696
6.98585
6.98474
6.98363
6.98251
6.98139
6.98027
6.97914
6.97801
6.97688
6.97574
6.97459
6.97345
6.9723
6.97114
6.96998
6.96882
6.96765
6.96648
6.9653
6.96412
6.96294
6.96175
6.96056
6.95936
6.95816
6.95695
6.95574
6.95453
6.95331
6.95209
6.95087
6.94964
6.94841
6.94717
6.94593
6.94469
6.94344
6.94219
6.94094
6.93968
6.93842
6.93716
6.93589
6.93462
6.93335
6.93207
6.93079
6.92951
6.92822
6.92693
6.92564
6.92434
6.92304
6.92174
6.92043
6.91912
6.91781
6.9165
6.91518
6.91385
6.91253
6.9112
6.90987
6.90854
6.9072
6.90587
6.90453
6.9032
6.90188
6.90058
6.89926
6.89783
6.89648
6.99981
6.99859
6.99728
6.99604
6.99485
6.99367
6.99249
6.99132
6.99016
6.989
6.98785
6.9867
6.98556
6.98442
6.98328
6.98214
6.981
6.97987
6.97873
6.9776
6.97647
6.97533
6.9742
6.97306
6.97192
6.97078
6.96964
6.96849
6.96735
6.9662
6.96505
6.96389
6.96273
6.96157
6.96041
6.95924
6.95807
6.95689
6.95571
6.95453
6.95334
6.95215
6.95096
6.94976
6.94856
6.94736
6.94615
6.94494
6.94372
6.9425
6.94128
6.94006
6.93883
6.9376
6.93636
6.93513
6.93389
6.93264
6.9314
6.93015
6.9289
6.92764
6.92639
6.92513
6.92386
6.9226
6.92133
6.92006
6.91879
6.91751
6.91624
6.91496
6.91367
6.91239
6.9111
6.90981
6.90851
6.90722
6.90592
6.90462
6.90331
6.90201
6.9007
6.89938
6.89807
6.89675
6.89542
6.8941
6.89277
6.89144
6.89011
6.88878
6.88745
6.88611
6.88478
6.88346
6.88217
6.88085
6.87943
6.87808
6.98408
6.9829
6.98158
6.98032
6.97912
6.97792
6.97673
6.97554
6.97437
6.97319
6.97202
6.97086
6.96969
6.96853
6.96738
6.96622
6.96507
6.96392
6.96277
6.96161
6.96046
6.95931
6.95816
6.957
6.95585
6.95469
6.95353
6.95237
6.95121
6.95005
6.94888
6.94771
6.94653
6.94536
6.94418
6.943
6.94181
6.94062
6.93943
6.93824
6.93704
6.93584
6.93463
6.93343
6.93222
6.931
6.92978
6.92857
6.92734
6.92612
6.92489
6.92366
6.92242
6.92119
6.91995
6.9187
6.91746
6.91621
6.91496
6.91371
6.91245
6.9112
6.90994
6.90867
6.90741
6.90614
6.90487
6.9036
6.90233
6.90105
6.89977
6.89849
6.89721
6.89592
6.89463
6.89334
6.89205
6.89075
6.88945
6.88815
6.88685
6.88554
6.88423
6.88292
6.88161
6.88029
6.87897
6.87765
6.87632
6.875
6.87367
6.87235
6.87102
6.86969
6.86837
6.86706
6.86577
6.86447
6.86308
6.86174
6.96889
6.96774
6.96642
6.96515
6.96393
6.96272
6.96152
6.96032
6.95913
6.95794
6.95675
6.95557
6.95439
6.95322
6.95205
6.95088
6.94971
6.94854
6.94737
6.9462
6.94503
6.94386
6.94269
6.94152
6.94035
6.93918
6.938
6.93683
6.93565
6.93447
6.93328
6.9321
6.93091
6.92972
6.92853
6.92733
6.92613
6.92493
6.92373
6.92252
6.92131
6.9201
6.91889
6.91767
6.91645
6.91523
6.914
6.91278
6.91155
6.91032
6.90908
6.90785
6.90661
6.90537
6.90413
6.90288
6.90164
6.90039
6.89914
6.89789
6.89664
6.89538
6.89413
6.89287
6.89162
6.89036
6.8891
6.88784
6.88657
6.88531
6.88405
6.88278
6.88152
6.88025
6.87898
6.87771
6.87644
6.87517
6.8739
6.87262
6.87135
6.87007
6.86879
6.86752
6.86624
6.86496
6.86367
6.86239
6.86111
6.85982
6.85854
6.85725
6.85597
6.85468
6.8534
6.85213
6.85088
6.84962
6.84827
6.84697
6.95439
6.95329
6.95197
6.95071
6.94949
6.94829
6.94709
6.9459
6.94471
6.94353
6.94235
6.94117
6.94
6.93883
6.93766
6.93649
6.93532
6.93416
6.933
6.93183
6.93067
6.9295
6.92834
6.92717
6.92601
6.92484
6.92367
6.9225
6.92133
6.92015
6.91898
6.9178
6.91662
6.91544
6.91426
6.91307
6.91188
6.91069
6.9095
6.90831
6.90711
6.90591
6.90471
6.90351
6.90231
6.9011
6.8999
6.89869
6.89748
6.89627
6.89505
6.89384
6.89262
6.8914
6.89019
6.88897
6.88775
6.88653
6.8853
6.88408
6.88286
6.88163
6.88041
6.87919
6.87796
6.87673
6.87551
6.87428
6.87305
6.87182
6.87059
6.86936
6.86813
6.86689
6.86566
6.86442
6.86319
6.86195
6.86071
6.85946
6.85822
6.85697
6.85572
6.85446
6.85321
6.85195
6.85068
6.84941
6.84814
6.84687
6.84559
6.8443
6.84302
6.84173
6.84044
6.83916
6.8379
6.83663
6.83527
6.83394
6.9404
6.93934
6.93804
6.93678
6.93558
6.93438
6.93319
6.932
6.93082
6.92964
6.92847
6.92729
6.92612
6.92495
6.92378
6.92262
6.92145
6.92029
6.91912
6.91796
6.9168
6.91563
6.91447
6.9133
6.91214
6.91097
6.9098
6.90863
6.90746
6.90628
6.90511
6.90393
6.90276
6.90158
6.9004
6.89921
6.89803
6.89684
6.89566
6.89447
6.89328
6.89208
6.89089
6.8897
6.8885
6.8873
6.8861
6.8849
6.8837
6.8825
6.8813
6.88009
6.87889
6.87768
6.87648
6.87527
6.87406
6.87286
6.87165
6.87044
6.86923
6.86802
6.86681
6.8656
6.86439
6.86318
6.86196
6.86075
6.85953
6.85832
6.8571
6.85588
6.85466
6.85344
6.85222
6.851
6.84977
6.84854
6.84731
6.84608
6.84484
6.8436
6.84236
6.84112
6.83987
6.83862
6.83737
6.83612
6.83486
6.8336
6.83234
6.83108
6.82982
6.82856
6.8273
6.82605
6.82482
6.82359
6.82229
6.82101
6.92467
6.92362
6.92233
6.92108
6.91988
6.91869
6.91751
6.91632
6.91514
6.91396
6.91279
6.91161
6.91044
6.90927
6.9081
6.90694
6.90577
6.90461
6.90344
6.90227
6.90111
6.89994
6.89878
6.89761
6.89644
6.89527
6.89411
6.89294
6.89177
6.89059
6.88942
6.88825
6.88707
6.8859
6.88472
6.88354
6.88236
6.88118
6.88
6.87882
6.87764
6.87646
6.87527
6.87409
6.8729
6.87172
6.87053
6.86935
6.86816
6.86698
6.86579
6.86461
6.86342
6.86223
6.86105
6.85987
6.85868
6.8575
6.85631
6.85513
6.85395
6.85277
6.85159
6.85041
6.84923
6.84805
6.84687
6.84569
6.84452
6.84334
6.84216
6.84099
6.83981
6.83864
6.83747
6.83629
6.83512
6.83395
6.83278
6.83161
6.83044
6.82927
6.8281
6.82693
6.82576
6.8246
6.82343
6.82227
6.82111
6.81995
6.81879
6.81764
6.81649
6.81535
6.81422
6.81309
6.81199
6.81089
6.80973
6.80863
6.90808
6.9071
6.90587
6.90466
6.90351
6.90236
6.90122
6.90008
6.89894
6.8978
6.89667
6.89553
6.8944
6.89327
6.89215
6.89102
6.88989
6.88876
6.88764
6.88651
6.88539
6.88426
6.88314
6.88201
6.88088
6.87976
6.87863
6.8775
6.87637
6.87524
6.87411
6.87298
6.87185
6.87072
6.86959
6.86846
6.86733
6.86619
6.86506
6.86393
6.86279
6.86166
6.86053
6.85939
6.85826
6.85713
6.85599
6.85486
6.85373
6.8526
6.85147
6.85034
6.84921
6.84808
6.84696
6.84583
6.84471
6.84358
6.84246
6.84134
6.84022
6.8391
6.83798
6.83687
6.83575
6.83464
6.83353
6.83242
6.83131
6.83021
6.8291
6.828
6.82689
6.82579
6.82469
6.82359
6.8225
6.8214
6.82031
6.81921
6.81812
6.81703
6.81594
6.81485
6.81376
6.81267
6.81159
6.8105
6.80942
6.80833
6.80725
6.80617
6.8051
6.80402
6.80295
6.80189
6.80085
6.7998
6.79871
6.79768
6.89229
6.89136
6.89016
6.889
6.88788
6.88677
6.88565
6.88454
6.88344
6.88233
6.88123
6.88012
6.87902
6.87792
6.87683
6.87573
6.87463
6.87354
6.87244
6.87135
6.87025
6.86916
6.86806
6.86697
6.86587
6.86478
6.86369
6.86259
6.8615
6.86041
6.85931
6.85822
6.85712
6.85603
6.85494
6.85385
6.85275
6.85166
6.85057
6.84948
6.84839
6.8473
6.84621
6.84513
6.84404
6.84296
6.84187
6.84079
6.83971
6.83863
6.83756
6.83648
6.83541
6.83434
6.83327
6.8322
6.83114
6.83008
6.82902
6.82796
6.8269
6.82585
6.8248
6.82375
6.82271
6.82167
6.82063
6.81959
6.81856
6.81752
6.81649
6.81547
6.81444
6.81342
6.8124
6.81138
6.81036
6.80935
6.80833
6.80732
6.80631
6.8053
6.8043
6.80329
6.80228
6.80128
6.80027
6.79927
6.79827
6.79726
6.79626
6.79526
6.79426
6.79326
6.79227
6.79128
6.79031
6.78933
6.78831
6.78735
6.87755
6.87669
6.87555
6.87444
6.87337
6.87231
6.87125
6.87019
6.86914
6.86808
6.86703
6.86598
6.86492
6.86388
6.86283
6.86178
6.86073
6.85969
6.85864
6.8576
6.85656
6.85551
6.85447
6.85343
6.85239
6.85135
6.85031
6.84927
6.84823
6.84719
6.84615
6.84511
6.84408
6.84304
6.84201
6.84097
6.83994
6.83891
6.83788
6.83685
6.83582
6.83479
6.83377
6.83275
6.83173
6.83071
6.82969
6.82868
6.82766
6.82665
6.82565
6.82464
6.82364
6.82264
6.82164
6.82065
6.81965
6.81867
6.81768
6.8167
6.81572
6.81474
6.81377
6.81279
6.81183
6.81086
6.8099
6.80894
6.80798
6.80703
6.80608
6.80513
6.80418
6.80323
6.80229
6.80135
6.80041
6.79948
6.79854
6.79761
6.79667
6.79574
6.79481
6.79388
6.79295
6.79203
6.7911
6.79017
6.78924
6.78832
6.78739
6.78647
6.78554
6.78462
6.7837
6.78279
6.78189
6.78099
6.78006
6.7792
6.86362
6.86281
6.86173
6.86067
6.85965
6.85864
6.85763
6.85662
6.85561
6.8546
6.85359
6.85259
6.85159
6.85059
6.84959
6.84859
6.84759
6.84659
6.8456
6.8446
6.84361
6.84262
6.84162
6.84063
6.83964
6.83865
6.83767
6.83668
6.8357
6.83471
6.83373
6.83275
6.83177
6.83079
6.82981
6.82884
6.82787
6.82689
6.82593
6.82496
6.82399
6.82303
6.82207
6.82111
6.82016
6.81921
6.81826
6.81731
6.81637
6.81543
6.81449
6.81356
6.81263
6.8117
6.81078
6.80986
6.80894
6.80803
6.80712
6.80621
6.80531
6.80441
6.80351
6.80262
6.80173
6.80085
6.79996
6.79909
6.79821
6.79734
6.79647
6.7956
6.79474
6.79388
6.79302
6.79217
6.79131
6.79046
6.78961
6.78876
6.78792
6.78707
6.78623
6.78539
6.78454
6.7837
6.78286
6.78202
6.78119
6.78035
6.77951
6.77867
6.77784
6.77701
6.77617
6.77535
6.77453
6.77372
6.77289
6.77213
6.85056
6.8498
6.84878
6.84778
6.84682
6.84586
6.84491
6.84395
6.843
6.84205
6.8411
6.84015
6.8392
6.83826
6.83732
6.83638
6.83544
6.8345
6.83356
6.83263
6.83169
6.83076
6.82983
6.8289
6.82797
6.82705
6.82613
6.8252
6.82428
6.82336
6.82245
6.82153
6.82062
6.81971
6.8188
6.8179
6.817
6.8161
6.8152
6.8143
6.81341
6.81252
6.81164
6.81075
6.80987
6.809
6.80812
6.80725
6.80639
6.80553
6.80467
6.80381
6.80296
6.80211
6.80127
6.80043
6.7996
6.79876
6.79794
6.79711
6.79629
6.79548
6.79466
6.79386
6.79305
6.79225
6.79145
6.79066
6.78987
6.78908
6.7883
6.78752
6.78674
6.78596
6.78519
6.78442
6.78366
6.78289
6.78213
6.78137
6.78061
6.77985
6.7791
6.77834
6.77759
6.77684
6.77609
6.77534
6.77459
6.77384
6.7731
6.77235
6.77161
6.77087
6.77013
6.76939
6.76867
6.76794
6.76721
6.76657
6.83825
6.83754
6.83658
6.83564
6.83473
6.83383
6.83293
6.83204
6.83114
6.83024
6.82935
6.82846
6.82757
6.82668
6.8258
6.82492
6.82404
6.82316
6.82228
6.8214
6.82053
6.81966
6.81879
6.81793
6.81706
6.8162
6.81534
6.81448
6.81363
6.81278
6.81193
6.81108
6.81024
6.8094
6.80856
6.80772
6.80689
6.80606
6.80524
6.80442
6.8036
6.80279
6.80198
6.80117
6.80037
6.79957
6.79877
6.79798
6.7972
6.79642
6.79564
6.79486
6.7941
6.79333
6.79257
6.79181
6.79106
6.79032
6.78957
6.78884
6.7881
6.78737
6.78665
6.78593
6.78521
6.7845
6.78379
6.78309
6.78239
6.78169
6.781
6.78031
6.77962
6.77894
6.77826
6.77758
6.77691
6.77624
6.77557
6.77491
6.77424
6.77358
6.77293
6.77227
6.77162
6.77096
6.77031
6.76966
6.76901
6.76837
6.76772
6.76708
6.76644
6.7658
6.76516
6.76453
6.7639
6.76328
6.76266
6.76214
6.82664
6.82599
6.82509
6.8242
6.82335
6.82251
6.82166
6.82082
6.81998
6.81914
6.81831
6.81748
6.81665
6.81583
6.815
6.81418
6.81336
6.81255
6.81174
6.81093
6.81012
6.80932
6.80852
6.80772
6.80693
6.80614
6.80535
6.80457
6.80379
6.80301
6.80223
6.80146
6.80069
6.79993
6.79917
6.79842
6.79766
6.79691
6.79617
6.79543
6.79469
6.79396
6.79323
6.79251
6.79179
6.79108
6.79037
6.78966
6.78896
6.78827
6.78758
6.78689
6.78621
6.78553
6.78486
6.7842
6.78353
6.78288
6.78222
6.78158
6.78093
6.7803
6.77966
6.77904
6.77841
6.77779
6.77718
6.77657
6.77596
6.77536
6.77476
6.77417
6.77358
6.77299
6.77241
6.77183
6.77126
6.77069
6.77012
6.76955
6.76899
6.76843
6.76788
6.76732
6.76677
6.76622
6.76568
6.76513
6.76459
6.76405
6.76351
6.76298
6.76244
6.76191
6.76139
6.76086
6.76034
6.75983
6.75933
6.75895
6.81573
6.81513
6.81429
6.81346
6.81267
6.81189
6.8111
6.81032
6.80954
6.80876
6.80799
6.80722
6.80645
6.80569
6.80493
6.80417
6.80342
6.80267
6.80192
6.80118
6.80044
6.7997
6.79897
6.79824
6.79752
6.7968
6.79608
6.79537
6.79466
6.79395
6.79325
6.79256
6.79187
6.79118
6.7905
6.78982
6.78914
6.78848
6.78781
6.78715
6.7865
6.78585
6.7852
6.78457
6.78393
6.7833
6.78268
6.78206
6.78145
6.78084
6.78024
6.77965
6.77906
6.77847
6.77789
6.77732
6.77675
6.77618
6.77563
6.77507
6.77453
6.77399
6.77345
6.77292
6.77239
6.77187
6.77136
6.77085
6.77034
6.76984
6.76935
6.76886
6.76837
6.76789
6.76741
6.76694
6.76647
6.76601
6.76555
6.76509
6.76464
6.76419
6.76374
6.7633
6.76286
6.76243
6.762
6.76157
6.76114
6.76072
6.7603
6.75988
6.75947
6.75906
6.75865
6.75825
6.75785
6.75745
6.75709
6.75686
6.80535
6.80479
6.80399
6.80322
6.80247
6.80174
6.801
6.80028
6.79955
6.79883
6.79811
6.7974
6.7967
6.796
6.7953
6.79461
6.79392
6.79324
6.79257
6.7919
6.79123
6.79057
6.78991
6.78926
6.78861
6.78797
6.78734
6.78671
6.78608
6.78546
6.78484
6.78423
6.78363
6.78303
6.78243
6.78184
6.78126
6.78068
6.78011
6.77954
6.77898
6.77842
6.77787
6.77733
6.77679
6.77625
6.77573
6.7752
6.77469
6.77418
6.77367
6.77317
6.77268
6.7722
6.77171
6.77124
6.77077
6.77031
6.76985
6.7694
6.76895
6.76852
6.76808
6.76765
6.76723
6.76682
6.76641
6.766
6.7656
6.76521
6.76482
6.76444
6.76406
6.76369
6.76332
6.76296
6.7626
6.76225
6.76191
6.76157
6.76123
6.7609
6.76057
6.76025
6.75993
6.75962
6.75931
6.759
6.7587
6.7584
6.75811
6.75782
6.75754
6.75726
6.75698
6.75671
6.75644
6.75617
6.75595
6.75589
6.79565
6.79515
6.79443
6.79372
6.79304
6.79237
6.7917
6.79103
6.79037
6.78972
6.78906
6.78842
6.78777
6.78714
6.78651
6.78588
6.78526
6.78464
6.78403
6.78343
6.78283
6.78224
6.78165
6.78107
6.78049
6.77992
6.77936
6.7788
6.77825
6.77771
6.77717
6.77663
6.77611
6.77558
6.77507
6.77456
6.77406
6.77357
6.77308
6.77259
6.77212
6.77165
6.77119
6.77073
6.77028
6.76984
6.76941
6.76898
6.76855
6.76814
6.76773
6.76733
6.76694
6.76655
6.76617
6.7658
6.76543
6.76507
6.76472
6.76437
6.76403
6.7637
6.76338
6.76306
6.76275
6.76244
6.76215
6.76186
6.76157
6.76129
6.76102
6.76076
6.7605
6.76025
6.76
6.75976
6.75953
6.7593
6.75908
6.75886
6.75865
6.75845
6.75825
6.75806
6.75787
6.75769
6.75752
6.75735
6.75719
6.75703
6.75687
6.75672
6.75658
6.75644
6.75631
6.75619
6.75606
6.75593
6.75586
6.75599
6.7862
6.78569
6.78498
6.78429
6.78364
6.783
6.78237
6.78175
6.78113
6.78052
6.77993
6.77934
6.77876
6.77819
6.77762
6.77707
6.77652
6.77598
6.77545
6.77493
6.77441
6.77391
6.77341
6.77292
6.77243
6.77196
6.77149
6.77103
6.77057
6.77013
6.76969
6.76926
6.76883
6.76841
6.768
6.7676
6.76721
6.76682
6.76644
6.76607
6.7657
6.76534
6.76499
6.76464
6.76431
6.76398
6.76365
6.76334
6.76303
6.76273
6.76244
6.76215
6.76187
6.7616
6.76133
6.76107
6.76082
6.76058
6.76034
6.76011
6.75989
6.75968
6.75947
6.75927
6.75907
6.75889
6.75871
6.75854
6.75837
6.75822
6.75807
6.75792
6.75779
6.75766
6.75754
6.75743
6.75732
6.75722
6.75713
6.75705
6.75697
6.7569
6.75684
6.75679
6.75674
6.7567
6.75666
6.75664
6.75662
6.7566
6.7566
6.7566
6.7566
6.75662
6.75664
6.75667
6.75669
6.75671
6.75682
6.75714
6.77772
6.77735
6.77675
6.77615
6.77559
6.77503
6.77447
6.77391
6.77337
6.77283
6.77229
6.77177
6.77125
6.77074
6.77023
6.76974
6.76925
6.76877
6.7683
6.76783
6.76738
6.76693
6.7665
6.76607
6.76565
6.76523
6.76483
6.76444
6.76405
6.76367
6.7633
6.76294
6.76259
6.76224
6.76191
6.76158
6.76126
6.76095
6.76065
6.76036
6.76007
6.7598
6.75953
6.75927
6.75902
6.75878
6.75855
6.75832
6.75811
6.7579
6.75771
6.75752
6.75734
6.75717
6.75701
6.75686
6.75672
6.75658
6.75646
6.75634
6.75624
6.75614
6.75605
6.75597
6.7559
6.75584
6.75579
6.75575
6.75571
6.75569
6.75567
6.75567
6.75567
6.75568
6.7557
6.75573
6.75577
6.75582
6.75587
6.75594
6.75601
6.75609
6.75618
6.75628
6.75638
6.7565
6.75662
6.75675
6.75689
6.75704
6.7572
6.75737
6.75754
6.75773
6.75792
6.75813
6.75833
6.75853
6.75882
6.75937
6.76828
6.76777
6.76713
6.76653
6.76597
6.76542
6.76489
6.76437
6.76387
6.76339
6.76292
6.76246
6.76201
6.76158
6.76117
6.76076
6.76037
6.75999
6.75963
6.75927
6.75893
6.7586
6.75828
6.75797
6.75768
6.75739
6.75711
6.75685
6.7566
6.75635
6.75612
6.7559
6.75569
6.75548
6.75529
6.75511
6.75493
6.75477
6.75462
6.75447
6.75433
6.75421
6.75409
6.75398
6.75388
6.75379
6.75371
6.75364
6.75357
6.75352
6.75347
6.75343
6.7534
6.75338
6.75337
6.75336
6.75336
6.75338
6.7534
6.75343
6.75346
6.75351
6.75356
6.75363
6.7537
6.75378
6.75387
6.75396
6.75407
6.75419
6.75431
6.75444
6.75458
6.75473
6.75489
6.75506
6.75524
6.75543
6.75563
6.75584
6.75606
6.75629
6.75653
6.75678
6.75705
6.75732
6.75761
6.7579
6.75821
6.75853
6.75886
6.75921
6.75956
6.75992
6.76029
6.76067
6.76105
6.7614
6.76187
6.76265
6.76247
6.76216
6.76162
6.7611
6.7606
6.76012
6.75965
6.75918
6.75873
6.75828
6.75785
6.75743
6.75702
6.75662
6.75623
6.75586
6.75549
6.75514
6.7548
6.75447
6.75415
6.75385
6.75356
6.75327
6.753
6.75275
6.7525
6.75226
6.75204
6.75183
6.75163
6.75144
6.75126
6.75109
6.75094
6.75079
6.75066
6.75054
6.75043
6.75033
6.75024
6.75016
6.7501
6.75005
6.75
6.74997
6.74995
6.74994
6.74994
6.74996
6.74998
6.75002
6.75007
6.75013
6.7502
6.75029
6.75039
6.75049
6.75061
6.75075
6.75089
6.75105
6.75122
6.7514
6.7516
6.75181
6.75203
6.75226
6.75251
6.75277
6.75304
6.75332
6.75362
6.75394
6.75426
6.7546
6.75496
6.75532
6.7557
6.75609
6.7565
6.75692
6.75735
6.75779
6.75824
6.75871
6.75918
6.75967
6.76017
6.76067
6.76118
6.7617
6.76223
6.76276
6.76329
6.76383
6.76434
6.76482
6.76546
6.76656
6.74842
6.74871
6.74835
6.74791
6.74752
6.74715
6.74679
6.74644
6.7461
6.74578
6.74547
6.74517
6.74489
6.74461
6.74435
6.7441
6.74387
6.74364
6.74343
6.74323
6.74304
6.74287
6.74271
6.74256
6.74242
6.74229
6.74218
6.74208
6.74199
6.74191
6.74185
6.7418
6.74176
6.74174
6.74173
6.74173
6.74175
6.74178
6.74182
6.74187
6.74194
6.74203
6.74213
6.74224
6.74237
6.74251
6.74267
6.74284
6.74303
6.74324
6.74346
6.7437
6.74395
6.74422
6.7445
6.74481
6.74513
6.74546
6.74582
6.74619
6.74658
6.74699
6.74742
6.74786
6.74832
6.7488
6.7493
6.74982
6.75035
6.75091
6.75148
6.75207
6.75268
6.75331
6.75396
6.75462
6.75531
6.75601
6.75674
6.75748
6.75824
6.75902
6.75981
6.76063
6.76147
6.76232
6.76319
6.76408
6.76499
6.76592
6.76687
6.76783
6.76882
6.76982
6.77084
6.77187
6.77288
6.77394
6.77528
6.7768
6.72263
6.72288
6.72257
6.72218
6.72186
6.72158
6.72132
6.7211
6.7209
6.72073
6.72058
6.72047
6.72038
6.72032
6.72029
6.72029
6.72031
6.72035
6.72043
6.72053
6.72065
6.7208
6.72098
6.72118
6.72141
6.72166
6.72194
6.72224
6.72256
6.72291
6.72328
6.72368
6.7241
6.72455
6.72502
6.72551
6.72603
6.72657
6.72714
6.72773
6.72834
6.72898
6.72964
6.73032
6.73103
6.73176
6.73252
6.7333
6.73411
6.73494
6.73579
6.73667
6.73757
6.7385
6.73945
6.74042
6.74142
6.74244
6.74349
6.74456
6.74565
6.74677
6.74792
6.74909
6.75028
6.75149
6.75273
6.754
6.75529
6.7566
6.75794
6.7593
6.76068
6.76209
6.76353
6.76499
6.76647
6.76798
6.76951
6.77107
6.77265
6.77426
6.7759
6.77756
6.77925
6.78096
6.78271
6.78448
6.78627
6.7881
6.78995
6.79183
6.79374
6.79568
6.79765
6.79963
6.80159
6.80362
6.80606
6.80867
6.70268
6.70303
6.70282
6.70256
6.70237
6.70224
6.70215
6.70211
6.7021
6.70213
6.70221
6.70233
6.70248
6.70268
6.70291
6.70319
6.7035
6.70385
6.70424
6.70467
6.70513
6.70563
6.70616
6.70674
6.70735
6.70799
6.70867
6.70938
6.71013
6.71092
6.71174
6.71259
6.71348
6.7144
6.71536
6.71635
6.71737
6.71843
6.71952
6.72064
6.7218
6.72299
6.72421
6.72547
6.72676
6.72808
6.72944
6.73083
6.73225
6.7337
6.73519
6.73671
6.73826
6.73985
6.74146
6.74311
6.74479
6.7465
6.74825
6.75003
6.75184
6.75368
6.75555
6.75745
6.75939
6.76135
6.76335
6.76538
6.76745
6.76954
6.77167
6.77383
6.77602
6.77824
6.7805
6.78279
6.78512
6.78748
6.78987
6.7923
6.79477
6.79727
6.79981
6.80238
6.805
6.80766
6.81035
6.81309
6.81587
6.81869
6.82156
6.82447
6.82742
6.83042
6.83347
6.83653
6.83957
6.84274
6.84643
6.85023
6.68097
6.68129
6.68112
6.68094
6.68084
6.68083
6.68088
6.68099
6.68116
6.68139
6.68169
6.68205
6.68246
6.68294
6.68348
6.68407
6.68473
6.68543
6.6862
6.68702
6.6879
6.68883
6.68982
6.69086
6.69195
6.6931
6.6943
6.69555
6.69685
6.6982
6.6996
6.70105
6.70256
6.70411
6.70571
6.70735
6.70905
6.71079
6.71259
6.71442
6.71631
6.71824
6.72021
6.72224
6.7243
6.72641
6.72857
6.73077
6.73301
6.73529
6.73762
6.73999
6.7424
6.74485
6.74734
6.74987
6.75245
6.75506
6.75771
6.7604
6.76313
6.7659
6.7687
6.77154
6.77442
6.77734
6.7803
6.78329
6.78632
6.78939
6.7925
6.79564
6.79882
6.80204
6.8053
6.8086
6.81194
6.81533
6.81875
6.82222
6.82573
6.82928
6.83289
6.83654
6.84024
6.84399
6.84779
6.85165
6.85557
6.85954
6.86358
6.86767
6.87183
6.87605
6.88033
6.88464
6.88894
6.89341
6.89854
6.90366
6.66129
6.66167
6.66162
6.66158
6.66165
6.66182
6.66208
6.66242
6.66285
6.66337
6.66397
6.66465
6.66541
6.66626
6.66718
6.66819
6.66927
6.67044
6.67167
6.67299
6.67438
6.67584
6.67738
6.67899
6.68068
6.68243
6.68425
6.68615
6.68811
6.69014
6.69224
6.6944
6.69663
6.69893
6.70128
6.7037
6.70619
6.70873
6.71134
6.714
6.71673
6.71951
6.72235
6.72524
6.72819
6.7312
6.73426
6.73737
6.74053
6.74374
6.747
6.75031
6.75367
6.75708
6.76053
6.76403
6.76757
6.77116
6.77479
6.77846
6.78217
6.78593
6.78972
6.79356
6.79744
6.80135
6.80531
6.80931
6.81334
6.81742
6.82153
6.82569
6.82988
6.83412
6.8384
6.84273
6.8471
6.85151
6.85597
6.86049
6.86505
6.86966
6.87433
6.87906
6.88385
6.8887
6.89362
6.8986
6.90366
6.90879
6.914
6.91929
6.92467
6.93013
6.93567
6.94125
6.94684
6.95266
6.95925
6.96561
6.64187
6.64228
6.64234
6.64243
6.64267
6.64303
6.64352
6.64411
6.64483
6.64565
6.64659
6.64764
6.6488
6.65007
6.65144
6.65292
6.65451
6.6562
6.65799
6.65989
6.66188
6.66398
6.66617
6.66846
6.67084
6.67332
6.67589
6.67855
6.6813
6.68414
6.68706
6.69007
6.69317
6.69634
6.6996
6.70294
6.70635
6.70985
6.71341
6.71705
6.72076
6.72454
6.72839
6.7323
6.73628
6.74032
6.74442
6.74858
6.7528
6.75707
6.7614
6.76578
6.77021
6.77469
6.77921
6.78379
6.78841
6.79307
6.79777
6.80252
6.80731
6.81213
6.817
6.8219
6.82684
6.83181
6.83683
6.84188
6.84696
6.85208
6.85724
6.86244
6.86767
6.87294
6.87825
6.88361
6.88901
6.89445
6.89994
6.90548
6.91107
6.91672
6.92243
6.9282
6.93404
6.93994
6.94592
6.95198
6.95813
6.96436
6.97069
6.97712
6.98365
6.99028
6.99702
7.00381
7.01063
7.01774
7.02569
7.03311
6.62507
6.62552
6.62569
6.62596
6.6264
6.627
6.62775
6.62866
6.62971
6.63091
6.63225
6.63374
6.63537
6.63714
6.63905
6.64109
6.64328
6.64559
6.64804
6.65062
6.65333
6.65617
6.65913
6.66221
6.66542
6.66874
6.67218
6.67573
6.67939
6.68317
6.68705
6.69103
6.69512
6.69931
6.70359
6.70797
6.71244
6.717
6.72164
6.72637
6.73118
6.73606
6.74102
6.74605
6.75115
6.75631
6.76154
6.76683
6.77217
6.77757
6.78302
6.78852
6.79407
6.79966
6.8053
6.81097
6.81668
6.82243
6.82821
6.83403
6.83987
6.84575
6.85165
6.85758
6.86353
6.86952
6.87552
6.88156
6.88761
6.8937
6.89981
6.90594
6.91211
6.9183
6.92453
6.93079
6.93708
6.94341
6.94978
6.9562
6.96266
6.96917
6.97575
6.98238
6.98909
6.99587
7.00272
7.00967
7.01671
7.02384
7.03109
7.03845
7.04593
7.05353
7.06126
7.06905
7.07689
7.0851
7.09415
7.1023
6.61135
6.61204
6.61237
6.61277
6.61339
6.61422
6.61523
6.61644
6.61784
6.61942
6.62119
6.62314
6.62528
6.62759
6.63008
6.63275
6.63559
6.6386
6.64178
6.64512
6.64862
6.65229
6.65611
6.66008
6.6642
6.66847
6.67288
6.67744
6.68212
6.68694
6.69189
6.69696
6.70215
6.70745
6.71286
6.71839
6.72401
6.72973
6.73554
6.74145
6.74744
6.7535
6.75965
6.76586
6.77214
6.77848
6.78488
6.79133
6.79783
6.80438
6.81096
6.81759
6.82425
6.83094
6.83765
6.8444
6.85116
6.85794
6.86475
6.87156
6.87839
6.88523
6.89208
6.89894
6.9058
6.91267
6.91954
6.92643
6.93332
6.94021
6.94712
6.95403
6.96095
6.96789
6.97484
6.98181
6.9888
6.99581
7.00286
7.00993
7.01704
7.0242
7.0314
7.03866
7.04598
7.05337
7.06084
7.0684
7.07605
7.08381
7.09168
7.09968
7.1078
7.11606
7.12446
7.13293
7.14148
7.15044
7.1602
7.16863
6.60264
6.60352
6.60418
6.60482
6.6056
6.60662
6.60789
6.60941
6.61116
6.61315
6.61537
6.61783
6.62051
6.62341
6.62654
6.62989
6.63345
6.63722
6.6412
6.64539
6.64977
6.65435
6.65912
6.66407
6.6692
6.67451
6.67998
6.68562
6.69142
6.69736
6.70345
6.70969
6.71605
6.72254
6.72915
6.73587
6.74269
6.74962
6.75664
6.76375
6.77093
6.77819
6.78552
6.79291
6.80035
6.80784
6.81537
6.82294
6.83053
6.83816
6.84581
6.85347
6.86115
6.86883
6.87652
6.88421
6.8919
6.89958
6.90725
6.91491
6.92256
6.93019
6.9378
6.94539
6.95297
6.96052
6.96806
6.97557
6.98307
6.99054
6.998
7.00544
7.01286
7.02027
7.02768
7.03508
7.04248
7.04988
7.05728
7.06471
7.07215
7.07961
7.08711
7.09466
7.10225
7.1099
7.11762
7.12542
7.13332
7.14131
7.14942
7.15765
7.16601
7.17452
7.18316
7.19189
7.20071
7.20998
7.21993
7.22814
6.60171
6.60253
6.60321
6.60403
6.60499
6.60612
6.60754
6.60927
6.6113
6.61363
6.61625
6.61916
6.62235
6.62582
6.62957
6.63359
6.63788
6.64243
6.64723
6.65227
6.65756
6.66309
6.66884
6.6748
6.68098
6.68736
6.69394
6.7007
6.70764
6.71475
6.72201
6.72943
6.73698
6.74466
6.75247
6.76039
6.76841
6.77652
6.78471
6.79299
6.80132
6.80972
6.81816
6.82664
6.83516
6.8437
6.85226
6.86083
6.86941
6.87798
6.88655
6.8951
6.90364
6.91215
6.92063
6.92907
6.93748
6.94585
6.95417
6.96245
6.97068
6.97886
6.98698
6.99505
7.00307
7.01103
7.01894
7.02679
7.03459
7.04234
7.05004
7.05769
7.0653
7.07287
7.0804
7.0879
7.09536
7.10281
7.11024
7.11766
7.12507
7.1325
7.13993
7.14739
7.15488
7.16241
7.17
7.17765
7.18538
7.1932
7.20113
7.20917
7.21734
7.22564
7.23407
7.24259
7.25121
7.26027
7.26985
7.27735
6.61073
6.61124
6.61165
6.61228
6.61322
6.6144
6.61585
6.61767
6.61988
6.62245
6.62539
6.62869
6.63233
6.63633
6.64066
6.64533
6.65031
6.65562
6.66123
6.66713
6.67332
6.67979
6.68652
6.69351
6.70073
6.70819
6.71586
6.72373
6.7318
6.74005
6.74846
6.75702
6.76572
6.77455
6.7835
6.79254
6.80167
6.81088
6.82016
6.82949
6.83885
6.84825
6.85767
6.8671
6.87653
6.88594
6.89534
6.90472
6.91406
6.92335
6.9326
6.94179
6.95093
6.95999
6.96899
6.9779
6.98674
6.9955
7.00417
7.01276
7.02125
7.02966
7.03797
7.04619
7.05432
7.06235
7.0703
7.07816
7.08593
7.09361
7.10121
7.10873
7.11618
7.12356
7.13087
7.13811
7.14531
7.15245
7.15955
7.16662
7.17366
7.18068
7.18769
7.1947
7.20172
7.20877
7.21585
7.22298
7.23016
7.23742
7.24477
7.25221
7.25976
7.26743
7.27521
7.28306
7.29102
7.29938
7.30806
7.31445
6.63084
6.6307
6.6306
6.63081
6.63143
6.6324
6.63377
6.6356
6.63789
6.64064
6.64383
6.64745
6.6515
6.65598
6.66085
6.66613
6.67179
6.67781
6.6842
6.69093
6.69799
6.70536
6.71303
6.72098
6.7292
6.73766
6.74635
6.75526
6.76436
6.77364
6.78309
6.79267
6.80239
6.81221
6.82214
6.83213
6.8422
6.85231
6.86245
6.87261
6.88278
6.89294
6.90308
6.91318
6.92325
6.93326
6.94321
6.95308
6.96288
6.97258
6.9822
6.99171
7.00111
7.0104
7.01958
7.02863
7.03756
7.04637
7.05505
7.0636
7.07201
7.0803
7.08846
7.09649
7.10439
7.11216
7.11981
7.12733
7.13474
7.14203
7.14921
7.15628
7.16324
7.17011
7.17688
7.18357
7.19018
7.19672
7.20319
7.2096
7.21596
7.22228
7.22857
7.23484
7.2411
7.24736
7.25364
7.25993
7.26627
7.27265
7.2791
7.28562
7.29222
7.29891
7.30568
7.3125
7.31941
7.32666
7.334
7.33905
6.66271
6.66159
6.66067
6.6602
6.66025
6.66083
6.66196
6.66367
6.66592
6.66872
6.67205
6.6759
6.68026
6.68511
6.69043
6.69622
6.70245
6.70911
6.71617
6.72361
6.73143
6.73958
6.74806
6.75685
6.76591
6.77523
6.78478
6.79455
6.80451
6.81464
6.82491
6.83531
6.84582
6.85641
6.86707
6.87778
6.88851
6.89925
6.90999
6.9207
6.93138
6.942
6.95255
6.96302
6.97341
6.98369
6.99385
7.0039
7.01382
7.02359
7.03323
7.04272
7.05205
7.06122
7.07023
7.07908
7.08776
7.09628
7.10463
7.11281
7.12082
7.12867
7.13635
7.14388
7.15124
7.15844
7.1655
7.1724
7.17916
7.18578
7.19226
7.19862
7.20484
7.21095
7.21695
7.22284
7.22864
7.23434
7.23996
7.2455
7.25098
7.2564
7.26177
7.2671
7.2724
7.27769
7.28296
7.28824
7.29353
7.29885
7.3042
7.30959
7.31503
7.32052
7.32605
7.33161
7.33722
7.34308
7.34884
7.35246
6.70609
6.70367
6.70167
6.70027
6.69954
6.69955
6.70031
6.70175
6.70383
6.70655
6.7099
6.71385
6.71839
6.72349
6.72914
6.7353
6.74197
6.7491
6.75669
6.76469
6.77309
6.78185
6.79096
6.80037
6.81008
6.82004
6.83022
6.84062
6.85118
6.8619
6.87274
6.88369
6.8947
6.90577
6.91686
6.92797
6.93905
6.95011
6.96111
6.97204
6.98288
6.99362
7.00424
7.01474
7.02509
7.03528
7.04532
7.05518
7.06487
7.07437
7.08368
7.09279
7.10171
7.11043
7.11895
7.12726
7.13538
7.14329
7.151
7.15852
7.16583
7.17296
7.1799
7.18665
7.19323
7.19962
7.20585
7.21191
7.21781
7.22356
7.22916
7.23461
7.23993
7.24513
7.2502
7.25515
7.26
7.26475
7.26941
7.27398
7.27847
7.2829
7.28727
7.29159
7.29586
7.3001
7.30432
7.30852
7.31271
7.3169
7.32109
7.32529
7.32951
7.33374
7.33797
7.34219
7.34642
7.35078
7.3549
7.35722
6.75912
6.75513
6.7518
6.74926
6.74756
6.74682
6.74702
6.748
6.74972
6.75218
6.75536
6.75922
6.76374
6.7689
6.77466
6.781
6.78788
6.79528
6.80315
6.81148
6.82022
6.82934
6.83881
6.8486
6.85867
6.869
6.87954
6.89027
6.90115
6.91217
6.92328
6.93445
6.94567
6.95691
6.96813
6.97931
6.99044
7.00149
7.01244
7.02327
7.03396
7.0445
7.05488
7.06508
7.07508
7.08489
7.09448
7.10386
7.11302
7.12196
7.13066
7.13913
7.14737
7.15537
7.16314
7.17069
7.178
7.18509
7.19196
7.19861
7.20506
7.21129
7.21732
7.22316
7.22881
7.23427
7.23956
7.24468
7.24964
7.25444
7.25909
7.2636
7.26797
7.27221
7.27634
7.28035
7.28425
7.28805
7.29176
7.29539
7.29894
7.30241
7.30583
7.30918
7.31249
7.31575
7.31898
7.32217
7.32533
7.32847
7.33159
7.33469
7.33777
7.34082
7.34383
7.34679
7.34971
7.35265
7.35527
7.35654
6.81898
6.81323
6.80837
6.80452
6.80185
6.80031
6.79972
6.80001
6.80117
6.80316
6.80596
6.80954
6.81385
6.81887
6.82455
6.83086
6.83777
6.84522
6.85318
6.86162
6.87049
6.87975
6.88937
6.8993
6.90951
6.91996
6.93061
6.94143
6.95239
6.96344
6.97455
6.9857
6.99685
7.00798
7.01905
7.03005
7.04094
7.0517
7.06232
7.07277
7.08304
7.09312
7.10297
7.11261
7.12201
7.13117
7.14008
7.14874
7.15713
7.16527
7.17315
7.18077
7.18813
7.19523
7.20209
7.20869
7.21505
7.22118
7.22708
7.23275
7.23821
7.24346
7.2485
7.25336
7.25802
7.26251
7.26683
7.27098
7.27499
7.27884
7.28255
7.28614
7.28959
7.29294
7.29617
7.2993
7.30233
7.30527
7.30813
7.31092
7.31363
7.31627
7.31886
7.32139
7.32387
7.32631
7.32869
7.33104
7.33334
7.3356
7.33782
7.34
7.34212
7.34418
7.34617
7.34806
7.34988
7.35163
7.35303
7.35356
6.87997
6.87237
6.8659
6.86069
6.85682
6.85416
6.85255
6.85194
6.85231
6.85362
6.85583
6.8589
6.86278
6.86743
6.87281
6.87886
6.88555
6.89283
6.90065
6.90897
6.91773
6.9269
6.93644
6.94629
6.95642
6.96677
6.97732
6.98802
6.99884
7.00972
7.02065
7.03158
7.04248
7.05332
7.06407
7.07471
7.0852
7.09552
7.10566
7.11559
7.12529
7.13476
7.14397
7.15292
7.1616
7.17
7.17812
7.18595
7.1935
7.20076
7.20774
7.21445
7.22088
7.22705
7.23295
7.23861
7.24402
7.24919
7.25414
7.25888
7.2634
7.26773
7.27186
7.27582
7.27961
7.28324
7.28671
7.29004
7.29324
7.29631
7.29926
7.30209
7.30482
7.30746
7.31
7.31245
7.31483
7.31713
7.31936
7.32152
7.32362
7.32566
7.32765
7.32958
7.33146
7.33329
7.33506
7.33679
7.33845
7.34006
7.34161
7.34308
7.34448
7.3458
7.34701
7.34812
7.34911
7.34997
7.35054
7.35065
6.93621
6.92677
6.9187
6.91214
6.90701
6.90314
6.90045
6.89892
6.8985
6.89914
6.90078
6.90337
6.90687
6.91121
6.91634
6.9222
6.92875
6.93592
6.94366
6.95192
6.96065
6.96979
6.97929
6.9891
6.99917
7.00946
7.01991
7.03049
7.04115
7.05185
7.06255
7.07322
7.08381
7.0943
7.10465
7.11484
7.12484
7.13463
7.14419
7.15349
7.16253
7.17129
7.17976
7.18793
7.1958
7.20337
7.21063
7.21758
7.22424
7.2306
7.23666
7.24245
7.24796
7.25321
7.2582
7.26294
7.26746
7.27174
7.27582
7.2797
7.28339
7.28689
7.29023
7.29341
7.29644
7.29933
7.30209
7.30473
7.30725
7.30967
7.31199
7.31421
7.31635
7.31842
7.3204
7.32232
7.32417
7.32597
7.3277
7.32938
7.33101
7.33259
7.33411
7.33559
7.33701
7.33838
7.33969
7.34095
7.34213
7.34325
7.34429
7.34525
7.34612
7.3469
7.34757
7.34813
7.34857
7.34888
7.34899
7.34894
6.97868
6.96764
6.95818
6.95032
6.94395
6.93897
6.93532
6.93294
6.93177
6.93175
6.93281
6.93491
6.93797
6.94192
6.94672
6.9523
6.95859
6.96554
6.97309
6.98118
6.98974
6.99873
7.00808
7.01775
7.02768
7.03782
7.04812
7.05854
7.06902
7.07952
7.09
7.10043
7.11076
7.12096
7.131
7.14084
7.15046
7.15984
7.16896
7.17779
7.18632
7.19454
7.20245
7.21003
7.21728
7.22421
7.23081
7.23709
7.24306
7.24872
7.25409
7.25917
7.26398
7.26853
7.27284
7.27691
7.28076
7.28441
7.28787
7.29114
7.29425
7.2972
7.3
7.30268
7.30523
7.30767
7.31001
7.31225
7.3144
7.31647
7.31847
7.3204
7.32227
7.32408
7.32584
7.32754
7.32919
7.3308
7.33235
7.33385
7.3353
7.33669
7.33803
7.3393
7.34051
7.34165
7.34271
7.3437
7.34459
7.3454
7.34612
7.34674
7.34727
7.34769
7.34803
7.34827
7.34843
7.34849
7.34847
7.34842
7.00276
6.99039
6.97984
6.97102
6.96385
6.95826
6.95416
6.95149
6.95016
6.95011
6.95125
6.95352
6.95683
6.96111
6.96629
6.9723
6.97905
6.98649
6.99454
7.00313
7.01219
7.02167
7.03149
7.04159
7.05192
7.06241
7.07302
7.08368
7.09436
7.10499
7.11554
7.12596
7.13623
7.14629
7.15612
7.16569
7.17497
7.18396
7.19262
7.20094
7.20892
7.21655
7.22383
7.23076
7.23734
7.24359
7.24949
7.25508
7.26036
7.26534
7.27005
7.27448
7.27867
7.28262
7.28635
7.28987
7.29321
7.29636
7.29935
7.30219
7.30489
7.30747
7.30992
7.31226
7.31451
7.31666
7.31872
7.3207
7.32261
7.32445
7.32623
7.32793
7.32958
7.33117
7.3327
7.33417
7.33558
7.33692
7.33821
7.33943
7.34058
7.34166
7.34266
7.34359
7.34444
7.3452
7.34588
7.34648
7.34699
7.34742
7.34777
7.34805
7.34826
7.34841
7.3485
7.34856
7.34858
7.34857
7.34856
7.34856
)
;

boundaryField
{
    jetInlet
    {
        type            zeroGradient;
    }
    returnOutlet
    {
        type            fixedValue;
        value           uniform 0;
    }
    flatBed
    {
        type            zeroGradient;
    }
    slope
    {
        type            zeroGradient;
    }
    top
    {
        type            symmetryPlane;
    }
    frontAndBack
    {
        type            empty;
    }
    defaultFaces
    {
        type            empty;
    }
}


// ************************************************************************* //
