/*--------------------------------*- C++ -*----------------------------------*\
| =========                 |                                                 |
| \\      /  F ield         | OpenFOAM: The Open Source CFD Toolbox           |
|  \\    /   O peration     | Version:  2206                                  |
|   \\  /    A nd           | Website:  www.openfoam.com                      |
|    \\/     M anipulation  |                                                 |
\*---------------------------------------------------------------------------*/
FoamFile
{
    version     2.0;
    format      ascii;
    arch        "LSB;label=32;scalar=64";
    class       volScalarField;
    location    "1100";
    object      epsilon;
}
// * * * * * * * * * * * * * * * * * * * * * * * * * * * * * * * * * * * * * //

dimensions      [0 2 -3 0 0 0 0];

internalField   nonuniform List<scalar> 
10000
(
3.16898
3.23788
3.3022
3.36132
3.41448
3.46096
3.50029
3.5326
3.55554
3.55751
3.53612
3.49
3.41878
3.32306
3.20431
3.06476
2.90727
2.73514
2.55201
2.36167
2.16793
1.97448
1.78472
1.60169
1.42794
1.26542
1.11552
0.979003
0.856102
0.746574
0.649816
0.564964
0.491002
0.426843
0.371398
0.323621
0.282539
0.247266
0.217009
0.191063
0.168811
0.149711
0.133298
0.119167
0.106978
0.0964406
0.0873139
0.0793989
0.0725331
0.0665844
0.0614459
0.0570295
0.0532615
0.0500774
0.047419
0.045232
0.0434651
0.04207
0.041002
0.0402204
0.0396893
0.0393774
0.0392583
0.0393097
0.0395131
0.0398533
0.0403175
0.0408893
0.0415361
0.04225
0.0430245
0.0438549
0.0447378
0.0456721
0.0466586
0.0477015
0.0488089
0.0499637
0.0511439
0.0523409
0.0535467
0.0547531
0.0559513
0.0571317
0.0582836
0.0593951
0.0604529
0.0614414
0.0623427
0.0631353
0.0637934
0.0642854
0.0645713
0.0646014
0.0643155
0.0636436
0.0625069
0.0608771
0.0591515
0.0600464
1.70752
1.72074
1.7304
1.7373
1.74079
1.74113
1.7386
1.73354
1.72517
1.70929
1.68483
1.65123
1.60819
1.5558
1.49449
1.42501
1.3484
1.26595
1.17911
1.08945
0.998553
0.908009
0.819302
0.733774
0.652567
0.576588
0.506478
0.442615
0.385126
0.333919
0.288725
0.249151
0.214724
0.184933
0.159265
0.137224
0.118349
0.102221
0.0884655
0.0767521
0.0667907
0.0583288
0.0511477
0.0450589
0.039901
0.0355362
0.0318481
0.0287386
0.0261255
0.0239404
0.0221257
0.0206329
0.0194207
0.0184528
0.0176974
0.0171258
0.0167124
0.016434
0.0162705
0.0162042
0.0162204
0.0163063
0.0164517
0.0166481
0.0168883
0.0171667
0.0174785
0.0178213
0.0181821
0.0185589
0.0189509
0.0193577
0.0197799
0.0202187
0.0206763
0.0211556
0.0216605
0.0221841
0.0227239
0.0232804
0.0238543
0.0244467
0.0250591
0.0256935
0.0263522
0.0270383
0.0277556
0.0285089
0.0293045
0.0301502
0.0310564
0.0320363
0.033108
0.0342953
0.0356302
0.0371593
0.0389784
0.0413085
0.0444076
0.047783
1.65822
1.6697
1.67932
1.68763
1.69445
1.70008
1.70446
1.70715
1.70741
1.70202
1.68912
1.66748
1.63627
1.59512
1.54409
1.48367
1.41475
1.33848
1.25626
1.16962
1.08017
0.989554
0.899352
0.811054
0.725991
0.645291
0.569841
0.50026
0.436899
0.379859
0.329021
0.284101
0.244693
0.210322
0.180484
0.154679
0.132432
0.113306
0.0969089
0.0828903
0.0709419
0.0607917
0.0522003
0.0449563
0.0388734
0.0337874
0.0295538
0.0260466
0.0231561
0.0207879
0.0188613
0.0173079
0.0160696
0.0150971
0.0143488
0.0137889
0.0133869
0.0131164
0.0129549
0.0128833
0.0128855
0.0129482
0.0130605
0.0132137
0.0134009
0.0136165
0.0138571
0.0141172
0.014393
0.0146832
0.0149874
0.0153056
0.0156384
0.0159866
0.0163517
0.0167352
0.017139
0.0175641
0.0180084
0.0184742
0.0189635
0.0194785
0.0200219
0.0205965
0.0212057
0.021853
0.0225424
0.0232783
0.0240655
0.024909
0.0258143
0.0267867
0.0278319
0.0289547
0.0301585
0.0314458
0.0328276
0.0343426
0.036044
0.0378787
1.84226
1.85825
1.87504
1.89271
1.91101
1.92998
1.94916
1.96754
1.98372
1.99441
1.99638
1.98747
1.96622
1.93186
1.88427
1.82397
1.75195
1.6696
1.57858
1.48071
1.37789
1.27207
1.16515
1.05898
0.955247
0.85548
0.760953
0.672655
0.591263
0.517138
0.450348
0.390718
0.337886
0.291363
0.250596
0.215009
0.184043
0.157174
0.13393
0.113888
0.0966727
0.081951
0.0694261
0.0588316
0.049926
0.0424896
0.0363226
0.0312431
0.027088
0.023712
0.0209879
0.0188062
0.0170734
0.0157114
0.0146548
0.0138496
0.0132508
0.0128211
0.0125296
0.0123503
0.0122619
0.0122467
0.0122904
0.0123816
0.0125113
0.0126726
0.0128599
0.0130683
0.0132949
0.0135383
0.0137975
0.0140724
0.014363
0.0146701
0.0149945
0.0153374
0.0157001
0.016084
0.0164893
0.016917
0.0173689
0.0178466
0.018352
0.018887
0.0194531
0.0200521
0.0206851
0.0213527
0.0220548
0.0227897
0.023554
0.0243416
0.0251429
0.0259431
0.0267214
0.0274519
0.0281107
0.0286889
0.0292022
0.0298112
2.12238
2.14613
2.17414
2.20622
2.24191
2.2808
2.32174
2.36285
2.40171
2.4343
2.4556
2.46228
2.45215
2.42409
2.37799
2.31457
2.23524
2.14184
2.03651
1.92153
1.79924
1.67194
1.54191
1.41136
1.28236
1.15687
1.03658
0.92293
0.816991
0.719467
0.630685
0.550634
0.479032
0.415396
0.359118
0.309532
0.265971
0.227803
0.19445
0.165396
0.140184
0.11841
0.0997113
0.0837611
0.0702585
0.0589233
0.0494913
0.0417138
0.0353578
0.0302079
0.0260688
0.0227674
0.0201535
0.0180997
0.0165001
0.0152673
0.0143306
0.0136325
0.0131265
0.0127749
0.0125468
0.0124175
0.0123668
0.0123788
0.0124409
0.0125431
0.0126774
0.0128383
0.0130221
0.0132264
0.0134497
0.0136911
0.0139503
0.0142274
0.0145228
0.0148373
0.0151718
0.0155271
0.0159044
0.0163038
0.0167261
0.0171723
0.0176432
0.0181394
0.0186611
0.0192082
0.0197798
0.020374
0.0209878
0.0216163
0.0222527
0.0228877
0.0235089
0.0241005
0.0246446
0.0251234
0.0255276
0.0258647
0.0261621
0.0265538
2.4514
2.48574
2.52875
2.5803
2.63982
2.70617
2.7771
2.8494
2.91911
2.98064
3.02682
3.05286
3.05578
3.03426
2.98844
2.91961
2.82988
2.72188
2.59847
2.46256
2.31702
2.16456
2.00779
1.84921
1.69123
1.53612
1.386
1.24274
1.10786
0.982458
0.867205
0.762326
0.66768
0.582833
0.507149
0.43988
0.380248
0.3275
0.280945
0.239966
0.204016
0.172618
0.145346
0.12182
0.101687
0.0846175
0.0702909
0.0583962
0.0486296
0.0406975
0.0343213
0.0292436
0.0252338
0.0220906
0.0196439
0.0177531
0.0163041
0.0152056
0.0143851
0.013785
0.0133595
0.0130722
0.0128942
0.0128026
0.0127795
0.0128098
0.0128828
0.0129909
0.0131288
0.0132927
0.0134798
0.0136885
0.0139177
0.014167
0.0144361
0.0147253
0.0150349
0.0153655
0.0157177
0.0160918
0.0164877
0.0169056
0.0173455
0.0178072
0.01829
0.0187928
0.0193138
0.0198501
0.020398
0.020952
0.0215054
0.0220495
0.0225737
0.023066
0.0235133
0.0239042
0.024233
0.0245017
0.0247124
0.0249145
2.7969
2.84465
2.90682
2.98385
3.07519
3.17849
3.28982
3.40401
3.51487
3.61388
3.69132
3.74067
3.75831
3.74306
3.69577
3.61875
3.51528
3.38913
3.24417
3.08418
2.91263
2.73265
2.54713
2.35872
2.16999
1.98342
1.80141
1.62619
1.4597
1.30349
1.15861
1.02561
0.904572
0.795168
0.696785
0.60862
0.529794
0.459442
0.39676
0.341031
0.291622
0.247982
0.209628
0.176135
0.147113
0.122198
0.101034
0.0832676
0.06854
0.0564889
0.046753
0.0389813
0.0328434
0.0280401
0.0243095
0.0214305
0.019222
0.0175386
0.0162657
0.0153138
0.014613
0.0141088
0.0137589
0.0135298
0.0133958
0.0133347
0.013332
0.0133766
0.0134607
0.0135782
0.0137251
0.0138983
0.0140957
0.0143161
0.0145587
0.0148229
0.0151088
0.0154162
0.0157453
0.0160962
0.0164687
0.0168623
0.0172763
0.01771
0.0181624
0.0186319
0.0191164
0.019613
0.0201177
0.0206259
0.0211312
0.0216264
0.0221026
0.02255
0.0229581
0.023317
0.0236192
0.02386
0.0240293
0.0241429
3.13043
3.19477
3.28138
3.39193
3.52587
3.67867
3.8438
4.01336
4.17806
4.3241
4.43887
4.51427
4.54654
4.53539
4.4831
4.39366
4.27204
4.12355
3.95341
3.7664
3.56669
3.35784
3.14288
2.92446
2.70509
2.4872
2.27326
2.0657
1.86682
1.67856
1.50242
1.33931
1.1896
1.05319
0.929545
0.817854
0.717166
0.626524
0.545037
0.471904
0.406418
0.347962
0.296004
0.250082
0.209785
0.174732
0.144552
0.118874
0.0973124
0.0794636
0.0649037
0.0531979
0.0439139
0.0366383
0.0309926
0.0266454
0.0233177
0.0207826
0.0188602
0.0174107
0.0163263
0.0155244
0.0149416
0.0145289
0.0142485
0.0140691
0.0139701
0.0139356
0.013954
0.0140163
0.0141162
0.0142489
0.014411
0.0146002
0.0148147
0.0150534
0.0153155
0.0156006
0.0159082
0.0162381
0.0165902
0.0169635
0.0173568
0.0177692
0.0181993
0.0186453
0.0191052
0.0195761
0.0200542
0.0205353
0.0210136
0.0214826
0.0219344
0.0223602
0.0227502
0.023094
0.0233824
0.0236061
0.0237502
0.0238133
3.4276
3.51291
3.63197
3.78845
3.98073
4.20021
4.43631
4.67746
4.90986
5.111
5.26579
5.36554
5.40775
5.39432
5.33002
5.22134
5.07546
4.89957
4.70036
4.48369
4.25446
4.01656
3.773
3.52623
3.27838
3.03156
2.78801
2.55011
2.32031
2.10089
1.89373
1.70015
1.52089
1.35622
1.20575
1.0687
0.944115
0.83098
0.728368
0.635449
0.551464
0.475749
0.407736
0.34695
0.292968
0.245407
0.203899
0.16808
0.137568
0.111948
0.0907702
0.0735487
0.0597686
0.0489075
0.0404587
0.0339552
0.0289881
0.0252145
0.0223581
0.0202027
0.018582
0.0173697
0.0164704
0.0158122
0.0153368
0.0150028
0.0147798
0.0146452
0.0145819
0.014577
0.0146208
0.0147063
0.0148281
0.0149824
0.0151666
0.0153784
0.0156165
0.0158797
0.0161671
0.0164781
0.0168121
0.0171684
0.0175455
0.0179419
0.0183561
0.0187862
0.01923
0.0196848
0.0201469
0.0206122
0.0210754
0.0215302
0.0219693
0.0223841
0.0227649
0.0231014
0.0233831
0.0235992
0.0237344
0.023782
3.67068
3.78499
3.95196
4.17621
4.45171
4.76206
5.09063
5.42096
5.73087
5.98698
6.17413
6.28608
6.3242
6.29452
6.20563
6.06718
5.88886
5.67974
5.44784
5.1999
4.9413
4.67606
4.40697
4.13595
3.86446
3.59396
3.32607
3.06279
2.80643
2.55945
2.32402
2.10182
1.89397
1.70139
1.52389
1.3608
1.21117
1.07402
0.948483
0.833807
0.729222
0.634039
0.547687
0.469713
0.399705
0.337288
0.282117
0.23385
0.192129
0.156563
0.126714
0.102085
0.0821243
0.0662298
0.05378
0.0441649
0.0368206
0.0312539
0.0270545
0.0238946
0.0215207
0.0197401
0.0184088
0.0174192
0.0166852
0.016148
0.0157645
0.0155021
0.0153362
0.0152482
0.0152242
0.0152536
0.0153287
0.0154437
0.0155943
0.0157773
0.0159903
0.0162314
0.0164993
0.0167928
0.0171106
0.0174526
0.0178167
0.0182012
0.0186041
0.0190236
0.0194573
0.0199023
0.0203551
0.0208116
0.0212666
0.021714
0.0221467
0.0225563
0.0229334
0.0232676
0.0235479
0.0237631
0.0238988
0.0239446
3.84966
4.01463
4.26488
4.59908
4.9984
5.43306
5.87834
6.31135
6.68823
6.97622
7.16554
7.25809
7.26278
7.19182
7.05848
6.87567
6.65519
6.40731
6.1407
5.86233
5.57752
5.28995
5.00185
4.71426
4.42768
4.1425
3.85938
3.5795
3.30471
3.03734
2.77971
2.53367
2.30057
2.08266
1.87986
1.6916
1.51705
1.35536
1.20581
1.06803
0.941249
0.824776
0.718073
0.620814
0.532612
0.453111
0.382014
0.319022
0.263817
0.216045
0.175314
0.141163
0.11305
0.0903507
0.0723688
0.0583723
0.0476391
0.0395013
0.0333774
0.0287876
0.0253524
0.0227817
0.0208578
0.0194192
0.0183395
0.0175345
0.016942
0.0165156
0.01622
0.0160287
0.0159217
0.0158839
0.0159041
0.0159737
0.0160866
0.016238
0.0164243
0.0166427
0.0168912
0.0171678
0.0174711
0.0178002
0.0181536
0.0185288
0.0189238
0.0193363
0.0197637
0.0202031
0.0206509
0.021103
0.0215543
0.0219987
0.0224292
0.0228377
0.023215
0.0235508
0.0238344
0.0240545
0.0241978
0.0242531
3.95184
4.25482
4.672
5.19598
5.77998
6.37632
6.95117
7.46326
7.84461
8.09361
8.21669
8.23021
8.15326
8.00458
7.80118
7.55777
7.28656
6.9975
6.69845
6.39544
6.0928
5.79323
5.49788
5.20659
4.91852
4.63272
4.34851
4.06584
3.7856
3.50967
3.24025
2.97918
2.72707
2.48948
2.26566
2.05526
1.85772
1.67234
1.49868
1.33741
1.18767
1.04872
0.920088
0.801845
0.693613
0.595045
0.505949
0.426103
0.355233
0.293038
0.239187
0.193288
0.154866
0.12333
0.0979759
0.0779991
0.0625489
0.050784
0.0419278
0.0353086
0.030377
0.0267036
0.023964
0.0219125
0.0203682
0.0192086
0.0183434
0.0177057
0.0172454
0.0169248
0.0167155
0.0165963
0.0165511
0.0165679
0.0166378
0.0167538
0.016911
0.0171053
0.0173337
0.0175937
0.0178831
0.0182002
0.0185441
0.0189119
0.0193011
0.019709
0.0201328
0.0205694
0.0210153
0.021466
0.0219165
0.022361
0.0227924
0.0232028
0.0235834
0.0239241
0.0242145
0.0244435
0.0245988
0.0246688
4.12141
4.75742
5.51621
6.34626
7.16492
7.90947
8.53537
8.96718
9.20491
9.28058
9.22783
9.07845
8.85935
8.59222
8.29403
7.97773
7.65305
7.32717
7.00529
6.691
6.38652
6.09275
5.80917
5.534
5.26473
4.99876
4.73376
4.46806
4.20125
3.93428
3.66902
3.40746
3.15162
2.90451
2.66735
2.44067
2.22452
2.01839
1.82177
1.63827
1.46616
1.30465
1.15315
1.01297
0.883511
0.764331
0.655526
0.557005
0.468535
0.389872
0.320775
0.260934
0.209983
0.167433
0.132635
0.104785
0.0829661
0.066201
0.0535247
0.0440496
0.0370131
0.0317987
0.0279317
0.0250386
0.022867
0.0212358
0.0200133
0.0191028
0.0184325
0.0179493
0.0176132
0.0173946
0.0172709
0.0172254
0.0172454
0.0173214
0.0174461
0.0176142
0.0178213
0.018064
0.0183394
0.0186451
0.01898
0.0193414
0.019726
0.0201308
0.0205528
0.0209885
0.0214343
0.0218857
0.0223377
0.0227844
0.023219
0.0236338
0.0240201
0.0243683
0.0246683
0.0249094
0.02508
0.0251688
5.0164
6.54393
7.84334
8.96051
9.84393
10.4549
10.7205
10.7124
10.5278
10.2316
9.87099
9.47818
9.07409
8.67207
8.28043
7.90429
7.54666
7.20916
6.89246
6.59651
6.32066
6.06348
5.82253
5.59419
5.3741
5.15776
4.94088
4.71985
4.49255
4.25868
4.01937
3.77645
3.53245
3.29032
3.05213
2.81936
2.59308
2.374
2.16296
1.96153
1.76989
1.58769
1.41337
1.2518
1.10116
0.960608
0.831062
0.712653
0.605116
0.5083
0.422114
0.34632
0.280711
0.22496
0.178544
0.140729
0.110608
0.0871497
0.0692488
0.0558118
0.0458371
0.038472
0.033035
0.0289865
0.0259649
0.0237046
0.0220125
0.0207483
0.0198097
0.0191214
0.0186276
0.0182868
0.0180682
0.0179483
0.0179099
0.0179397
0.0180278
0.0181667
0.0183505
0.0185747
0.0188355
0.01913
0.0194554
0.0198105
0.0201911
0.0205937
0.0210148
0.0214509
0.021898
0.0223515
0.0228065
0.023257
0.0236965
0.0241173
0.0245112
0.0248689
0.0251805
0.0254357
0.025624
0.0257339
11.1857
13.1473
13.9965
14.0951
13.689
12.9467
12.096
11.2579
10.4839
9.78947
9.17342
8.62754
8.14213
7.70858
7.3201
6.97162
6.65935
6.38032
6.13199
5.912
5.71796
5.54713
5.3959
5.25943
5.13171
5.00631
4.87659
4.73655
4.58216
4.41193
4.22624
4.02668
3.8159
3.59758
3.37498
3.15074
2.92712
2.706
2.48913
2.27823
2.07438
1.87811
1.68978
1.511
1.34166
1.18037
1.0305
0.892278
0.765085
0.649056
0.544501
0.451133
0.369002
0.298036
0.237894
0.187964
0.147431
0.115315
0.0904667
0.071647
0.0576271
0.047286
0.0396525
0.0340115
0.0298348
0.0267322
0.024421
0.0226974
0.021415
0.0204672
0.0197763
0.019285
0.0189507
0.0187416
0.0186339
0.0186099
0.0186558
0.0187617
0.0189195
0.0191233
0.0193681
0.0196501
0.0199659
0.0203143
0.0206909
0.0210916
0.0215123
0.0219494
0.0223984
0.022855
0.0233139
0.0237693
0.0242148
0.0246429
0.0250457
0.0254141
0.0257388
0.0260098
0.026217
0.0263498
0.302506
0.837072
1.54154
2.32831
3.10604
3.79867
4.36399
4.78494
5.06408
5.21753
5.26878
5.2435
5.16591
5.05692
4.93339
4.80818
4.69061
4.58704
4.5015
4.43626
4.39218
4.36885
4.36413
4.37394
4.39156
4.40869
4.41575
4.40063
4.35674
4.28569
4.18886
4.06808
3.92547
3.76354
3.58596
3.39645
3.19855
2.99545
2.79004
2.58481
2.38179
2.18249
1.98823
1.80032
1.6195
1.44617
1.28135
1.12518
0.975825
0.837218
0.710954
0.595969
0.493001
0.402466
0.324287
0.258017
0.203006
0.158465
0.123327
0.0963068
0.0759893
0.0608663
0.049706
0.0415189
0.0355134
0.0310943
0.0278288
0.0254075
0.0236099
0.0222785
0.0212998
0.0205911
0.0200919
0.019757
0.019553
0.0194549
0.0194437
0.0195053
0.0196287
0.0198057
0.0200296
0.0202953
0.0205984
0.0209362
0.0213058
0.0217021
0.0221206
0.0225569
0.0230065
0.0234649
0.0239266
0.024386
0.0248366
0.0252714
0.0256825
0.0260613
0.0263989
0.0266858
0.0269125
0.027069
0.00520545
0.0151782
0.0310762
0.0514092
0.077297
0.118055
0.174437
0.245406
0.32857
0.420862
0.519223
0.621123
0.724887
0.829846
0.93635
1.04572
1.16015
1.28259
1.41663
1.56619
1.73512
1.92592
2.13468
2.34665
2.55639
2.75725
2.94259
3.10912
3.25231
3.36474
3.44225
3.48343
3.48897
3.46071
3.40121
3.31376
3.20213
3.07032
2.92237
2.76214
2.59315
2.41847
2.24084
2.06265
1.88584
1.71204
1.54266
1.37865
1.22058
1.06977
0.927063
0.791626
0.667149
0.554914
0.454033
0.366004
0.290783
0.22814
0.177334
0.137212
0.106294
0.0830561
0.065904
0.0533856
0.0442894
0.0376744
0.0328447
0.0293011
0.026691
0.0247656
0.0233489
0.0223148
0.0215722
0.0210547
0.0207129
0.0205105
0.0204202
0.0204215
0.020499
0.0206408
0.0208379
0.0210829
0.0213701
0.0216943
0.0220541
0.022444
0.0228587
0.0232934
0.0237433
0.0242034
0.0246686
0.025133
0.0255904
0.026034
0.0264564
0.0268494
0.0272046
0.0275131
0.027766
0.0279539
0.0010402
0.00118445
0.00142945
0.00170568
0.00192837
0.00225741
0.00274834
0.00348156
0.00457147
0.00616925
0.00845786
0.0116443
0.015958
0.0216614
0.0290768
0.0386299
0.0509123
0.0667734
0.0874484
0.114637
0.149939
0.196153
0.259856
0.355294
0.486679
0.656363
0.863632
1.10405
1.36871
1.64406
1.91408
2.16315
2.37858
2.55204
2.67968
2.76127
2.7991
2.79702
2.75972
2.6922
2.59945
2.48624
2.357
2.21578
2.06612
1.91114
1.7535
1.59541
1.4387
1.2851
1.13596
0.992279
0.855613
0.726754
0.60533
0.497339
0.401584
0.31905
0.249733
0.193239
0.148575
0.114315
0.0887095
0.069941
0.0563443
0.0465372
0.0394552
0.0343189
0.0305745
0.0278338
0.0258253
0.024358
0.0232958
0.0225409
0.0220221
0.021687
0.0214968
0.0214225
0.0214426
0.0215407
0.0217043
0.0219236
0.0221908
0.0224997
0.0228459
0.0232265
0.0236351
0.0240663
0.0245148
0.0249755
0.025443
0.0259116
0.0263753
0.0268273
0.0272606
0.0276677
0.0280404
0.0283704
0.0286492
0.0288681
0.000997942
0.000997298
0.000999142
0.00100308
0.0010087
0.00101832
0.00103322
0.00105473
0.00108444
0.00112446
0.00117764
0.00124778
0.00133973
0.00145968
0.00161574
0.00181899
0.00208546
0.00243729
0.00290748
0.00365027
0.0057125
0.00999659
0.0179481
0.0321044
0.0561192
0.0948052
0.153916
0.239596
0.357371
0.510697
0.699387
0.918443
1.15787
1.40392
1.64142
1.85646
2.03835
2.18052
2.28025
2.33799
2.35634
2.33919
2.29116
2.21704
2.12158
2.00921
1.88401
1.74958
1.60908
1.46533
1.32066
1.1771
1.03651
0.900341
0.769855
0.647128
0.532
0.430057
0.341293
0.26649
0.205379
0.157148
0.120282
0.092873
0.072908
0.058539
0.0482416
0.0408513
0.0355233
0.0316619
0.0288529
0.0268081
0.0253255
0.0242621
0.0235152
0.0230104
0.0226933
0.0225235
0.0224712
0.0225141
0.0226353
0.0228217
0.0230634
0.0233521
0.0236811
0.0240483
0.0244473
0.0248718
0.0253163
0.0257751
0.0262427
0.0267135
0.0271815
0.0276404
0.0280832
0.0285029
0.0288919
0.0292422
0.0295458
0.0297949
0.000997014
0.000993974
0.000991222
0.000989006
0.000987526
0.00098703
0.000987817
0.000990299
0.000995031
0.0010027
0.0010141
0.00103008
0.00105157
0.00107951
0.00111483
0.00115847
0.00121144
0.00127731
0.00136449
0.00148521
0.00168749
0.00208091
0.00289043
0.00456452
0.00793139
0.0143897
0.0261095
0.0462189
0.0788958
0.129223
0.202679
0.304217
0.436969
0.60086
0.791589
1.00051
1.21571
1.42395
1.61297
1.77312
1.89818
1.98531
2.03448
2.04771
2.02836
1.98053
1.90861
1.81696
1.70976
1.59086
1.4637
1.33135
1.19648
1.06142
0.928214
0.798864
0.674959
0.558905
0.451212
0.357711
0.278408
0.213754
0.16285
0.124121
0.0955003
0.074787
0.0599736
0.0494206
0.0418891
0.0364883
0.0325956
0.0297803
0.0277442
0.0262791
0.0252382
0.0245162
0.0240372
0.0237459
0.0236016
0.0235741
0.0236408
0.0237848
0.023993
0.0242551
0.0245628
0.0249104
0.0252945
0.0257079
0.0261441
0.0265974
0.0270619
0.027532
0.0280016
0.0284646
0.0289146
0.0293447
0.0297479
0.0301167
0.0304434
0.0307211
0.000996956
0.000993793
0.0009907
0.000987895
0.000985688
0.000984462
0.000984666
0.000986772
0.000991256
0.000998588
0.00100924
0.00102369
0.00104246
0.00106611
0.00109526
0.00113059
0.00117285
0.00122294
0.00128221
0.00135262
0.00143869
0.00155204
0.00172155
0.00201507
0.0025814
0.00372224
0.00600244
0.0103965
0.0184554
0.032475
0.0556286
0.0919645
0.146144
0.222834
0.325751
0.456476
0.613355
0.790918
0.980216
1.1701
1.34906
1.507
1.63639
1.73268
1.79414
1.82133
1.81649
1.78289
1.72442
1.64519
1.54923
1.44038
1.32218
1.19778
1.07005
0.94154
0.814601
0.691553
0.574427
0.466
0.367902
0.285528
0.218325
0.165644
0.125834
0.0966238
0.0756283
0.0607065
0.0501348
0.0426271
0.037269
0.0334256
0.0306605
0.0286725
0.0272519
0.0262513
0.0255656
0.0251191
0.024857
0.0247391
0.0247355
0.0248242
0.0249882
0.0252146
0.0254931
0.025815
0.0261777
0.026574
0.0269968
0.0274397
0.0278967
0.0283619
0.0288294
0.0292932
0.0297472
0.0301849
0.0305996
0.0309843
0.031332
0.0316364
0.000996991
0.000993873
0.000990826
0.000988005
0.000985621
0.000983926
0.000983206
0.000983787
0.000986038
0.000990379
0.000997289
0.00100731
0.00102103
0.00103911
0.00106226
0.00109128
0.00112702
0.00117034
0.00122214
0.00128338
0.00135525
0.00143964
0.00154078
0.0016692
0.00185096
0.00214647
0.00268571
0.00372803
0.00575263
0.00957842
0.0165024
0.0284441
0.0480684
0.0788126
0.124709
0.189925
0.277988
0.390789
0.527574
0.684294
0.853676
1.02614
1.19129
1.33952
1.46322
1.55734
1.61943
1.64931
1.64851
1.61978
1.56659
1.49275
1.40211
1.29841
1.18514
1.06553
0.942563
0.819023
0.697568
0.580947
0.471748
0.37274
0.287876
0.219069
0.165611
0.125542
0.0963744
0.0755596
0.0608548
0.0504877
0.0431559
0.0379429
0.0342177
0.0315482
0.0296371
0.0282787
0.0273281
0.0266829
0.0262696
0.026035
0.02594
0.0259561
0.0260617
0.0262405
0.0264796
0.0267688
0.0271008
0.0274721
0.0278745
0.0283008
0.0287447
0.0292
0.0296607
0.0301211
0.0305751
0.0310166
0.0314395
0.0318372
0.032203
0.0325316
0.000997077
0.000994038
0.000991102
0.000988391
0.000986084
0.000984403
0.000983616
0.000984033
0.000986009
0.000989943
0.000996274
0.00100549
0.00101812
0.00103473
0.00105596
0.00108246
0.00111494
0.00115417
0.00120096
0.00125621
0.00132088
0.00139602
0.00148297
0.00158399
0.00170405
0.00185538
0.00206718
0.00240471
0.00300356
0.00412564
0.00624104
0.0101332
0.0170192
0.0286743
0.047538
0.0767296
0.119884
0.180734
0.262421
0.366601
0.492549
0.636582
0.792106
0.950413
1.102
1.238
1.35124
1.43688
1.49244
1.51756
1.51355
1.4829
1.42884
1.35494
1.26493
1.16242
1.05089
0.933632
0.813815
0.694546
0.578925
0.470139
0.371462
0.285255
0.216235
0.16302
0.123502
0.0949889
0.074788
0.0605936
0.0506248
0.0435943
0.0386063
0.0350482
0.0325025
0.0306831
0.0293921
0.0284914
0.0278829
0.0274969
0.0272827
0.0272034
0.0272316
0.0273467
0.0275327
0.0277771
0.0280693
0.0284063
0.0287796
0.0291817
0.0296055
0.0300446
0.030493
0.0309446
0.0313938
0.0318348
0.0322617
0.0326685
0.0330489
0.0333985
0.000997202
0.000994252
0.000991429
0.000988833
0.000986596
0.000984888
0.000983914
0.000983919
0.000985191
0.000988069
0.000992949
0.00100029
0.0010106
0.00102447
0.00104252
0.00106547
0.00109405
0.00112906
0.00117137
0.00122185
0.00128144
0.00135112
0.00143189
0.00152489
0.00163168
0.00175516
0.00190208
0.00208857
0.00235175
0.002771
0.00350454
0.004846
0.0073033
0.0116956
0.0192618
0.0317707
0.0516047
0.0817441
0.125574
0.186452
0.267036
0.368452
0.489504
0.626238
0.772109
0.918799
1.05747
1.18001
1.28002
1.35323
1.39756
1.4129
1.40064
1.36322
1.30379
1.22583
1.13296
1.02877
0.916813
0.800597
0.683629
0.569475
0.461729
0.363752
0.278566
0.210296
0.15829
0.120108
0.0928125
0.0735998
0.0601532
0.0507277
0.0440833
0.0393664
0.0359968
0.033581
0.0318499
0.0306182
0.0297562
0.0291726
0.0288019
0.0285968
0.0285225
0.0285528
0.0286679
0.0288525
0.0290943
0.0293836
0.029717
0.0300853
0.0304806
0.030896
0.0313251
0.0317618
0.0322005
0.0326356
0.0330616
0.0334729
0.0338637
0.0342301
0.000997368
0.000994514
0.000991807
0.000989326
0.00098717
0.000985476
0.000984418
0.000984215
0.000985129
0.00098748
0.000991647
0.000998067
0.00100724
0.00101973
0.00103614
0.00105713
0.00108342
0.00111576
0.00115496
0.00120189
0.00125745
0.00132262
0.00139839
0.00148581
0.00158598
0.00170025
0.00183071
0.0019817
0.00216333
0.00239901
0.00273999
0.00329068
0.00424959
0.00596931
0.009035
0.0143568
0.0232706
0.0376346
0.0598817
0.0929528
0.140043
0.20412
0.287228
0.389707
0.509531
0.642076
0.78049
0.916617
1.0422
1.14999
1.23451
1.29233
1.32205
1.32402
1.29987
1.25221
1.18418
1.0993
1.00122
0.893705
0.780595
0.665807
0.553323
0.447105
0.350945
0.268076
0.201807
0.152034
0.115917
0.0903052
0.0723571
0.05981
0.0510026
0.044773
0.0403291
0.0371356
0.0348301
0.0331653
0.0319705
0.0311266
0.0305491
0.0301772
0.0299666
0.0298843
0.0299052
0.0300101
0.0301836
0.030413
0.0306935
0.0310165
0.0313732
0.0317558
0.0321576
0.0325721
0.0329936
0.0334167
0.033836
0.0342464
0.0346425
0.035021
0.000997572
0.00099483
0.000992247
0.000989871
0.000987772
0.000986053
0.00098486
0.000984372
0.000984816
0.000986478
0.000989711
0.000994932
0.00100263
0.00101336
0.00102773
0.0010464
0.00107011
0.0010996
0.00113571
0.00117931
0.00123133
0.00129277
0.00136463
0.00144796
0.00154383
0.00165334
0.00177772
0.00191866
0.00207931
0.00226663
0.00249681
0.00280572
0.00326779
0.00402715
0.00534471
0.00766275
0.0116844
0.0184638
0.0295002
0.046815
0.0729555
0.110854
0.163486
0.233311
0.321555
0.427493
0.547983
0.677509
0.808798
0.933862
1.04513
1.13634
1.2031
1.24299
1.2554
1.24121
1.20245
1.14194
1.06303
0.969468
0.865239
0.754539
0.641707
0.531164
0.427277
0.334062
0.25467
0.19175
0.14515
0.111664
0.0880338
0.0714792
0.0598644
0.0516572
0.0458013
0.0415815
0.0385152
0.0362749
0.034637
0.0334459
0.0325923
0.0319981
0.0316061
0.0313741
0.0312703
0.0312701
0.0313544
0.031508
0.0317189
0.0319824
0.0322883
0.0326276
0.0329926
0.0333765
0.0337731
0.034177
0.0345831
0.0349865
0.035382
0.035767
0.000997816
0.000995239
0.000992844
0.000990642
0.000988703
0.000987166
0.000986201
0.00098601
0.000986837
0.000988985
0.000992815
0.000998747
0.00100726
0.00101887
0.00103416
0.0010537
0.00107813
0.00110808
0.00114427
0.00118744
0.00123841
0.00129807
0.00136736
0.0014473
0.00153894
0.00164342
0.00176191
0.00189574
0.00204655
0.002217
0.00241252
0.00264533
0.00294252
0.00336099
0.00401229
0.00510119
0.00698014
0.0102187
0.0156848
0.0246333
0.0387898
0.0603904
0.0921116
0.136826
0.197151
0.274807
0.369905
0.480368
0.601755
0.727633
0.850438
0.962556
1.0573
1.12958
1.17616
1.19563
1.1882
1.15539
1.09973
1.02454
0.933704
0.831543
0.722659
0.61184
0.503908
0.403474
0.314542
0.239956
0.181577
0.138815
0.108236
0.0866334
0.0714001
0.0605974
0.0528625
0.0472636
0.0431686
0.0401481
0.0379088
0.0362474
0.0350212
0.034128
0.0334937
0.0330631
0.0327948
0.032657
0.0326251
0.0326795
0.0328043
0.0329917
0.0332324
0.0335161
0.0338336
0.0341772
0.0345403
0.0349172
0.0353026
0.035692
0.0360804
0.0364657
0.00099851
0.000997453
0.000997987
0.00100065
0.00100611
0.00101505
0.00102814
0.00104597
0.00106899
0.00109752
0.00113164
0.00117117
0.00121565
0.00126439
0.00131651
0.00137101
0.00142691
0.00148334
0.00153975
0.00159595
0.00165222
0.00170931
0.00176843
0.00183119
0.00189956
0.00197572
0.00206204
0.00216097
0.002275
0.00240676
0.00255951
0.00273848
0.00295404
0.00322838
0.00360788
0.00418416
0.00512686
0.00673094
0.00947865
0.0141138
0.0217248
0.0338295
0.052432
0.0799961
0.119267
0.172899
0.242879
0.329841
0.432437
0.547024
0.667861
0.787807
0.899321
0.995448
1.07056
1.12077
1.14402
1.14
1.10993
1.05628
0.982531
0.892881
0.79205
0.685068
0.577086
0.473138
0.377812
0.294783
0.226279
0.173179
0.134418
0.106592
0.086722
0.0724836
0.0621985
0.0546987
0.0491753
0.0450699
0.0419967
0.0396871
0.0379514
0.0366535
0.0356943
0.0350002
0.0345159
0.0341992
0.0340175
0.0339454
0.033963
0.0340545
0.0342133
0.0344272
0.0346851
0.0349779
0.0352979
0.0356389
0.0359956
0.0363632
0.0367373
0.0371157
0.00104364
0.00114982
0.00134394
0.00165072
0.00208682
0.00266277
0.00338347
0.00424572
0.00523597
0.00632926
0.00748952
0.00867105
0.00982131
0.0108849
0.0118082
0.0125447
0.0130586
0.0133288
0.0133499
0.013132
0.0126996
0.0120881
0.0113407
0.0105036
0.00962281
0.00874052
0.00789317
0.00710998
0.00641256
0.00581526
0.0053261
0.00494825
0.0046824
0.00453065
0.0045033
0.00463063
0.00498233
0.00569718
0.00702581
0.00938723
0.0134379
0.0201505
0.0308968
0.0475128
0.0722969
0.107875
0.156882
0.221436
0.302484
0.399145
0.508319
0.62475
0.741591
0.85132
0.946742
1.02182
1.07222
1.09557
1.09142
1.06107
1.00724
0.933737
0.845132
0.74647
0.643013
0.539994
0.442316
0.354159
0.278507
0.216766
0.168773
0.13342
0.107608
0.0887388
0.0748837
0.0646723
0.0571002
0.051443
0.0471873
0.0439695
0.0415297
0.0396806
0.0382851
0.0372421
0.0364756
0.035928
0.0355552
0.0353232
0.0352056
0.0351816
0.0352391
0.0353679
0.0355532
0.0357837
0.0360504
0.0363462
0.0366654
0.0370031
0.037355
0.0377193
0.00701303
0.0150091
0.0261965
0.0406503
0.057622
0.0764007
0.0963459
0.116729
0.136737
0.155548
0.172383
0.186545
0.197461
0.204718
0.208093
0.207577
0.203349
0.195787
0.185371
0.172678
0.15834
0.142992
0.127239
0.111623
0.0965994
0.0825236
0.0696469
0.0581231
0.0480191
0.0393304
0.0319975
0.0259219
0.0209819
0.0170457
0.0139837
0.0116803
0.0100483
0.00904674
0.00870985
0.00918806
0.0108042
0.0141193
0.0200041
0.0297141
0.0449566
0.0679034
0.101083
0.147097
0.208121
0.285255
0.377838
0.482972
0.595499
0.708532
0.814417
0.905844
0.976797
1.02315
1.04289
1.03599
1.00413
0.950318
0.878546
0.793431
0.699958
0.603207
0.508076
0.418927
0.33919
0.271002
0.215059
0.170608
0.137052
0.111715
0.0926132
0.0783662
0.0677564
0.0598227
0.0538592
0.0493537
0.045935
0.0433339
0.0413542
0.0398517
0.0387191
0.0378763
0.0372624
0.0368308
0.0365459
0.0363808
0.036316
0.0363438
0.0364425
0.0365985
0.036801
0.0370415
0.0373137
0.0376125
0.0379338
0.0382763
0.0812614
0.109157
0.140617
0.178873
0.221074
0.264747
0.308847
0.35276
0.395756
0.437082
0.476057
0.512073
0.544564
0.572999
0.59689
0.615909
0.629973
0.635726
0.633283
0.622991
0.605421
0.581383
0.551889
0.518041
0.4811
0.4423
0.402766
0.363503
0.325356
0.288987
0.254873
0.223327
0.194523
0.168519
0.145284
0.124721
0.106689
0.091024
0.0775592
0.0661493
0.0566969
0.0491869
0.0437303
0.0406179
0.0403777
0.0438297
0.0521188
0.066704
0.0892749
0.121569
0.165083
0.220701
0.28832
0.366546
0.452567
0.542256
0.63051
0.711785
0.780738
0.832841
0.864875
0.875207
0.863851
0.832339
0.783448
0.720852
0.64874
0.571422
0.492971
0.41695
0.346236
0.282945
0.228459
0.183222
0.146808
0.11938
0.098995
0.0838311
0.0725364
0.0640938
0.0577447
0.0529377
0.0492759
0.0464729
0.0443207
0.0426671
0.0413993
0.0404326
0.0397029
0.0391613
0.03877
0.0385015
0.0383422
0.0382797
0.0382953
0.038376
0.0385117
0.0386952
0.0389205
0.0391841
0.0245208
0.0216193
0.0191433
0.0168713
0.0150742
0.0138258
0.0130594
0.0127262
0.012792
0.0132264
0.0140007
0.0150904
0.0164764
0.0181443
0.0200821
0.0222584
0.0254264
0.0383544
0.0577147
0.0809915
0.106514
0.133063
0.159708
0.185657
0.208141
0.225494
0.237304
0.243463
0.244229
0.240277
0.232426
0.221539
0.20845
0.193906
0.178548
0.16291
0.147424
0.13243
0.118187
0.10489
0.0926822
0.081684
0.0720147
0.063829
0.0573571
0.0529508
0.051131
0.0526263
0.0583912
0.0695864
0.0875058
0.11344
0.148473
0.193245
0.24769
0.310824
0.380617
0.45401
0.527103
0.595523
0.654916
0.701464
0.732331
0.745942
0.742074
0.72176
0.687053
0.6407
0.585804
0.525515
0.46282
0.400411
0.340643
0.285475
0.236403
0.194395
0.159633
0.131622
0.109981
0.0936214
0.0812257
0.0718095
0.0646188
0.0590911
0.0548126
0.0514797
0.048869
0.0468145
0.0451924
0.043909
0.0428929
0.0420896
0.0414568
0.0409643
0.040599
0.0403477
0.040195
0.0401292
0.0401415
0.0402254
0.025291
0.0212151
0.0179782
0.0153346
0.0131175
0.0113004
0.0098067
0.00856233
0.0075143
0.00662709
0.00587425
0.00523479
0.00469191
0.00423276
0.00384857
0.00353614
0.00329777
0.00315828
0.00313408
0.00324339
0.00351102
0.00396961
0.00465358
0.00571654
0.0119149
0.0242831
0.0409771
0.0606589
0.0817829
0.101047
0.117101
0.129095
0.136841
0.140613
0.140929
0.138392
0.133605
0.127128
0.119464
0.111051
0.102267
0.0934314
0.0848216
0.0766866
0.0692716
0.0628475
0.0577461
0.0543992
0.0533742
0.0553999
0.0613708
0.0723181
0.0893408
0.113489
0.145602
0.186115
0.234849
0.290827
0.352166
0.416096
0.479154
0.537538
0.587573
0.626164
0.65115
0.661482
0.657226
0.639407
0.609775
0.570539
0.524135
0.47305
0.419703
0.366364
0.31507
0.267532
0.225016
0.188262
0.157486
0.132369
0.112228
0.0966939
0.0846881
0.0753803
0.0681277
0.0624401
0.0579485
0.0543769
0.0515181
0.0492166
0.0473546
0.0458426
0.0446121
0.0436107
0.0427977
0.0421453
0.0416386
0.041263
0.0410053
0.0408554
0.0221853
0.0187401
0.0158747
0.0134949
0.0115332
0.00993451
0.0086201
0.00753152
0.00662472
0.00586626
0.0052301
0.00469578
0.00424702
0.0038707
0.00355599
0.00329392
0.00307712
0.0029
0.00275811
0.00264728
0.00256276
0.00249916
0.00245179
0.00242072
0.00242327
0.00249223
0.00268221
0.00311291
0.00465784
0.0112865
0.0228601
0.0379211
0.0537908
0.068492
0.0806302
0.0895749
0.0952904
0.0980707
0.0983474
0.0965877
0.0932458
0.0887421
0.0834556
0.077726
0.071862
0.0661566
0.060909
0.0564523
0.0531849
0.0516023
0.0523224
0.0560978
0.0638067
0.0764136
0.0948956
0.120126
0.152719
0.192841
0.240015
0.29296
0.349542
0.406881
0.461641
0.510442
0.550301
0.578978
0.595172
0.598545
0.589618
0.569589
0.54013
0.503201
0.460904
0.415362
0.368624
0.322581
0.278867
0.238772
0.203168
0.172468
0.146662
0.125426
0.108164
0.0945219
0.0837541
0.0752267
0.0684393
0.0630035
0.0586215
0.055066
0.0521637
0.0497823
0.0478202
0.0461997
0.0448605
0.0437564
0.0428515
0.0421219
0.041552
0.0411276
0.0216489
0.0182628
0.0154085
0.0130897
0.0112083
0.00968704
0.00844531
0.00742595
0.00658705
0.00589791
0.00533502
0.00487953
0.00451551
0.0042291
0.00400776
0.00384022
0.00371626
0.00362685
0.00356405
0.00352115
0.00349258
0.00347405
0.0034628
0.00345815
0.00346139
0.00347355
0.00349199
0.00350994
0.00352295
0.00355359
0.00373711
0.00490252
0.00943071
0.018149
0.0299678
0.0427634
0.0545223
0.0639942
0.0707287
0.0747972
0.0765204
0.0763055
0.0745687
0.0717024
0.0680649
0.0639836
0.0597657
0.055717
0.0521656
0.0494896
0.0481452
0.0486912
0.0518035
0.0582734
0.0689831
0.0848514
0.10674
0.135316
0.17087
0.213112
0.26099
0.31262
0.365378
0.41619
0.461942
0.49989
0.527975
0.544983
0.550547
0.545054
0.529484
0.505246
0.474021
0.437634
0.397943
0.356756
0.315741
0.276349
0.239739
0.206724
0.177746
0.1529
0.132002
0.114686
0.10045
0.0889925
0.0797617
0.0722986
0.0662356
0.0612829
0.0572142
0.0538539
0.0510658
0.0487443
0.0468075
0.0451917
0.0438474
0.0427363
0.0418287
0.041104
0.0201241
0.0170225
0.0143773
0.0122311
0.0105205
0.00917006
0.00810902
0.00729234
0.00668388
0.00625101
0.00596299
0.00579079
0.00570728
0.00568795
0.0057114
0.00575984
0.00581901
0.0058781
0.00592933
0.00596744
0.00598914
0.00599266
0.00597737
0.00594359
0.00589249
0.00582665
0.00575055
0.00567021
0.00559552
0.00554581
0.00553026
0.0055525
0.00569993
0.00650388
0.00916457
0.0150833
0.024396
0.0353575
0.0457047
0.0539666
0.059648
0.0628656
0.0639975
0.063487
0.0617578
0.0591884
0.0561132
0.0528375
0.0496587
0.0468918
0.0448973
0.0441081
0.0450525
0.0483692
0.0548076
0.065209
0.0804587
0.101397
0.12868
0.162581
0.202766
0.248114
0.29667
0.345809
0.392578
0.434126
0.468072
0.492737
0.50723
0.511403
0.505739
0.491204
0.4691
0.44094
0.408335
0.372909
0.336217
0.299682
0.264521
0.231696
0.201876
0.175433
0.152465
0.132853
0.116323
0.102528
0.0910612
0.0816675
0.0739561
0.0676015
0.0623436
0.0579735
0.0543254
0.0512689
0.0487011
0.0465415
0.0447268
0.0432074
0.0419445
0.0409072
0.0189596
0.0160956
0.0136408
0.0117595
0.0104312
0.00957632
0.00910767
0.00894816
0.00901789
0.00923981
0.00954708
0.00988649
0.0102184
0.0105152
0.0107597
0.0109421
0.0110588
0.0111102
0.0110993
0.0110312
0.010912
0.0107487
0.0105492
0.0103227
0.0100789
0.00983382
0.00962001
0.00943186
0.00926126
0.00909124
0.00891221
0.00873215
0.00857374
0.00850847
0.00874763
0.00983192
0.0128252
0.0189238
0.027966
0.037831
0.0462007
0.0519755
0.0551385
0.0561592
0.0555994
0.0539565
0.0516321
0.0489501
0.0461905
0.0436241
0.041544
0.0402958
0.040303
0.0420883
0.0462865
0.0536435
0.0649974
0.0812241
0.103133
0.131292
0.16579
0.205988
0.250395
0.29674
0.342285
0.384246
0.420182
0.44826
0.467364
0.477081
0.477605
0.469608
0.454112
0.432366
0.405746
0.37567
0.343529
0.310626
0.278119
0.246976
0.217936
0.191497
0.167924
0.147273
0.129443
0.114222
0.101334
0.0904862
0.0813734
0.073749
0.0673886
0.0620623
0.0575853
0.0538099
0.0506186
0.047917
0.0456296
0.0436963
0.0420697
0.0407116
0.0175128
0.0154169
0.0139992
0.0135514
0.0139313
0.0148108
0.0159114
0.0170488
0.0181005
0.0189942
0.0196967
0.0201999
0.0205108
0.0206444
0.0206196
0.0204564
0.0201747
0.0197938
0.0193317
0.0188058
0.0182331
0.017631
0.0170211
0.0164456
0.015897
0.015355
0.0147884
0.0142023
0.0136033
0.0129997
0.0124011
0.0118199
0.0112761
0.0108106
0.0105154
0.0105956
0.0114957
0.0140816
0.0195133
0.0279431
0.0372352
0.0446498
0.0490338
0.0507039
0.0504665
0.0490532
0.0469777
0.0445841
0.0421222
0.0398102
0.037879
0.0366055
0.0363377
0.0375165
0.0406931
0.0465376
0.0558357
0.069457
0.0882736
0.112995
0.143916
0.180625
0.221838
0.265462
0.308914
0.349545
0.385021
0.413579
0.434115
0.446167
0.44982
0.445592
0.434321
0.417059
0.394979
0.369308
0.341259
0.311984
0.282525
0.253777
0.226456
0.201087
0.178004
0.157361
0.139169
0.123326
0.109656
0.097941
0.0879495
0.0794536
0.0722394
0.0661113
0.060897
0.0564579
0.0526862
0.0494748
0.046738
0.0444067
0.0424262
0.0407518
0.0211897
0.0230789
0.0256134
0.0285319
0.0312973
0.0335329
0.0351728
0.0362675
0.0368878
0.0371053
0.0369853
0.0365853
0.0359551
0.0351378
0.0341714
0.0330886
0.0319182
0.0306862
0.0294163
0.0281332
0.0268682
0.025651
0.0244516
0.0232284
0.0219896
0.02075
0.0195241
0.0183255
0.0171671
0.0160612
0.0150196
0.0140567
0.0131937
0.0124686
0.0119557
0.0118017
0.0122926
0.0139936
0.0178982
0.0249895
0.0342923
0.0421763
0.0461756
0.0469007
0.0457871
0.0439494
0.0418671
0.0396829
0.0375368
0.035573
0.033957
0.032945
0.0328319
0.0340087
0.0369788
0.0423707
0.0509429
0.0635646
0.0811379
0.104416
0.133708
0.168572
0.207671
0.248917
0.289842
0.328012
0.361342
0.388293
0.407954
0.419967
0.42443
0.4218
0.412804
0.398349
0.379449
0.357155
0.332511
0.306509
0.280054
0.253929
0.22878
0.205098
0.183219
0.163338
0.145524
0.129746
0.115904
0.103849
0.093407
0.0843966
0.0766401
0.0699709
0.0642386
0.0593113
0.055075
0.0514317
0.0482984
0.0456057
0.043296
0.0413208
0.0581544
0.0626562
0.0644593
0.0653209
0.0655504
0.0652322
0.0644497
0.0632803
0.0617918
0.0600426
0.0580837
0.0559607
0.0537147
0.0513839
0.0490043
0.0466046
0.0442099
0.0418466
0.039548
0.0373365
0.0351709
0.0330221
0.0309178
0.0288781
0.0269202
0.0250591
0.023307
0.0216739
0.0201687
0.0188005
0.0175809
0.0165276
0.015672
0.0150736
0.0148555
0.0152833
0.0167801
0.0198629
0.0247981
0.0309467
0.0367284
0.0405
0.0417379
0.0411592
0.0396889
0.0379517
0.0361823
0.0344412
0.0328136
0.0314136
0.0303958
0.0299893
0.0304785
0.0322397
0.0357608
0.041656
0.0506712
0.0636574
0.0814698
0.104755
0.133641
0.16748
0.204802
0.243557
0.281501
0.316554
0.346889
0.370713
0.387841
0.398146
0.401805
0.39925
0.391124
0.378223
0.361425
0.34163
0.319729
0.296557
0.272876
0.24935
0.226525
0.204829
0.184567
0.165931
0.149012
0.13382
0.120301
0.108358
0.0978686
0.0886938
0.0806932
0.0737306
0.0676788
0.062422
0.0578579
0.0538966
0.0504606
0.0474839
0.0449103
0.0426924
0.117542
0.114008
0.110352
0.1068
0.103231
0.099527
0.0956517
0.0916348
0.0875256
0.0833713
0.079211
0.0750755
0.0709877
0.066964
0.0630886
0.0593726
0.0558494
0.0525487
0.0493987
0.0463573
0.0434451
0.0406731
0.0380515
0.0355902
0.0332961
0.0311741
0.0292288
0.0274656
0.0258941
0.0245303
0.023402
0.0225537
0.0220534
0.021995
0.0224884
0.0236259
0.0254263
0.0277699
0.0303831
0.0328425
0.0346516
0.0354482
0.0352383
0.0343606
0.0331862
0.0319551
0.0307677
0.0296788
0.028774
0.0281761
0.028056
0.0286491
0.0302586
0.0332793
0.0382138
0.0456798
0.0563953
0.0711166
0.0904961
0.114856
0.143947
0.17682
0.211916
0.247337
0.281158
0.311647
0.337364
0.357311
0.371286
0.379296
0.381537
0.378227
0.370046
0.357859
0.34242
0.324486
0.304801
0.28406
0.262887
0.241822
0.22131
0.201704
0.183257
0.166139
0.150439
0.136184
0.123348
0.111869
0.101661
0.0926224
0.0846459
0.0776238
0.0714532
0.0660378
0.0612902
0.057132
0.0534943
0.0503172
0.047549
0.0451455
0.156697
0.154696
0.150087
0.143927
0.137081
0.130053
0.123122
0.116429
0.110033
0.103943
0.0981512
0.0926538
0.0874574
0.0825705
0.0779872
0.0736644
0.0695321
0.0655347
0.0616942
0.0580134
0.0544922
0.0511308
0.0479273
0.0448809
0.0419943
0.0392768
0.0367446
0.0344223
0.0323413
0.0305376
0.0290468
0.0278991
0.0271134
0.026694
0.0266268
0.0268762
0.0273776
0.0280301
0.0286988
0.0292298
0.0294856
0.0294012
0.0290214
0.0284709
0.027879
0.0273409
0.0269263
0.0267132
0.0268132
0.0273792
0.0286156
0.0307886
0.0342361
0.0393784
0.04672
0.0568326
0.0703049
0.0876441
0.109126
0.134626
0.163504
0.194619
0.226489
0.257514
0.286191
0.311251
0.331754
0.347174
0.357406
0.362538
0.362791
0.358494
0.350174
0.338308
0.323728
0.307199
0.289337
0.270699
0.251779
0.232998
0.214702
0.197165
0.180588
0.165106
0.150796
0.137686
0.125764
0.114993
0.105309
0.0966418
0.0889092
0.0820293
0.075921
0.0705072
0.0657161
0.0614824
0.0577472
0.0544587
0.0515715
0.0490464
0.183984
0.179074
0.171382
0.16251
0.153406
0.144535
0.136097
0.128146
0.120657
0.11357
0.106813
0.100307
0.0940533
0.088059
0.0823124
0.0768062
0.071547
0.0665366
0.0617789
0.05728
0.0530453
0.0490818
0.0453982
0.0420044
0.0389095
0.0361217
0.0336463
0.0314859
0.0296394
0.0281016
0.026863
0.0259096
0.0252226
0.0247773
0.0245435
0.0244837
0.024553
0.0247009
0.0248753
0.0250308
0.0251405
0.0252072
0.0252668
0.0253784
0.0256104
0.0260365
0.0267433
0.0278433
0.0294845
0.0318571
0.0351996
0.0398039
0.0460155
0.054227
0.0648567
0.078305
0.0948849
0.114728
0.137684
0.163255
0.190593
0.218585
0.246001
0.271644
0.294477
0.313696
0.328777
0.339488
0.345835
0.347969
0.34614
0.340681
0.332003
0.320487
0.306561
0.291174
0.274872
0.258088
0.241194
0.224505
0.208278
0.192713
0.177961
0.16412
0.151251
0.139377
0.128493
0.118571
0.109569
0.101434
0.0941065
0.0875241
0.0816244
0.0763473
0.0716356
0.0674363
0.063701
0.0603864
0.0574538
0.0548705
0.156627
0.148334
0.138081
0.127792
0.118035
0.108983
0.100672
0.0930782
0.0861552
0.0798472
0.074098
0.0688543
0.0640259
0.0595506
0.0554014
0.0515602
0.0480086
0.0447311
0.0417139
0.0389463
0.0364193
0.0341255
0.0320584
0.0302117
0.0285793
0.0271548
0.0259316
0.0249025
0.0240599
0.0233957
0.0229011
0.0225664
0.0223814
0.0223349
0.0224154
0.0226109
0.0229105
0.0233051
0.0237907
0.0243712
0.025062
0.0258927
0.0269088
0.0281706
0.0297537
0.0317512
0.0342782
0.0374766
0.0415187
0.0466079
0.0529779
0.060886
0.0706011
0.0823807
0.0964374
0.112893
0.131726
0.152722
0.175447
0.19925
0.223316
0.24675
0.268673
0.288306
0.305028
0.31841
0.328222
0.334416
0.337082
0.336408
0.332643
0.326076
0.317003
0.305635
0.292337
0.278012
0.263128
0.248017
0.232952
0.21816
0.20382
0.190076
0.17703
0.164753
0.153285
0.142642
0.132821
0.123802
0.115554
0.108037
0.101208
0.0950189
0.0894235
0.084375
0.0798286
0.0757423
0.0720771
0.0687976
0.0658721
0.0632733
0.0755787
0.0710931
0.0665235
0.0623265
0.0585013
0.0550193
0.0518464
0.0489495
0.0462988
0.0438685
0.0416365
0.0395844
0.037695
0.0359539
0.0343499
0.0328743
0.0315204
0.0302835
0.0291601
0.0281477
0.0272445
0.0264498
0.025763
0.0251843
0.0247142
0.0243536
0.024104
0.0239671
0.0239454
0.0240418
0.0242597
0.0246038
0.0250794
0.0256934
0.0264546
0.0273741
0.0284663
0.0297501
0.0312499
0.0329979
0.0350348
0.037412
0.0401925
0.0434523
0.047281
0.0517833
0.057079
0.0633028
0.0706012
0.0791272
0.0890315
0.10045
0.113485
0.128185
0.144519
0.162351
0.181427
0.201363
0.221663
0.241746
0.260995
0.278811
0.294663
0.30812
0.318881
0.326773
0.331749
0.33387
0.333272
0.330146
0.324702
0.317146
0.307627
0.29612
0.283462
0.270181
0.256612
0.243008
0.229567
0.216446
0.203771
0.191635
0.180106
0.16923
0.159032
0.14952
0.140691
0.132527
0.125006
0.118097
0.111768
0.105982
0.100705
0.0958988
0.0915304
0.0875662
0.0839753
0.0807291
0.0778017
0.0751712
0.0533952
0.0516996
0.0500173
0.0484482
0.0469922
0.0456429
0.0443933
0.0432375
0.0421706
0.0411882
0.0402872
0.0394653
0.0387211
0.0380538
0.0374635
0.0369508
0.0365169
0.0361636
0.0358934
0.0357094
0.0356152
0.0356156
0.0357157
0.0359216
0.0362405
0.0366801
0.0372498
0.0379596
0.0388211
0.0398476
0.0410536
0.0424559
0.0440732
0.0459267
0.0480404
0.0504414
0.0531606
0.0562328
0.0596975
0.0635994
0.0679886
0.072921
0.0784582
0.084667
0.0916183
0.0993856
0.108042
0.117655
0.128282
0.139965
0.152717
0.166516
0.181293
0.196924
0.213219
0.229928
0.246735
0.26328
0.27917
0.294011
0.307429
0.319099
0.328763
0.336241
0.341438
0.344339
0.344997
0.343521
0.340052
0.33474
0.327705
0.319006
0.308559
0.297041
0.284904
0.272461
0.259946
0.247538
0.235375
0.223562
0.212181
0.20129
0.190932
0.181134
0.171908
0.163257
0.155174
0.147645
0.140651
0.134168
0.128172
0.122634
0.117527
0.112823
0.108495
0.104517
0.100864
0.097514
0.094446
0.0916425
0.0863961
0.0856612
0.0849019
0.0841819
0.0835095
0.082888
0.0823204
0.08181
0.0813603
0.0809755
0.0806598
0.080418
0.0802554
0.0801774
0.0801902
0.0803005
0.0805154
0.0808428
0.0812913
0.0818704
0.0825902
0.083462
0.0844978
0.085711
0.0871159
0.088728
0.0905643
0.0926429
0.0949834
0.0976068
0.100535
0.103793
0.107406
0.111399
0.1158
0.120639
0.125945
0.131747
0.138076
0.14496
0.152427
0.160503
0.16921
0.178563
0.188573
0.199239
0.210547
0.222467
0.234952
0.247929
0.261299
0.274936
0.288682
0.302354
0.31574
0.328611
0.340728
0.35185
0.361752
0.370229
0.377117
0.38229
0.385673
0.38724
0.387013
0.385052
0.38145
0.376311
0.369736
0.361784
0.352405
0.34168
0.330132
0.318093
0.305811
0.293484
0.281266
0.269273
0.257592
0.246291
0.235419
0.225009
0.215085
0.205659
0.196734
0.188307
0.18037
0.172909
0.165908
0.159347
0.153205
0.147461
0.142093
0.137078
0.132396
0.128025
0.123946
0.12014
0.116592
0.113287
0.166718
0.16768
0.168818
0.170014
0.171254
0.17254
0.173875
0.175267
0.176723
0.178249
0.179855
0.181547
0.183337
0.185234
0.18725
0.189395
0.191683
0.194128
0.196742
0.199542
0.202543
0.205762
0.209218
0.212928
0.216911
0.221187
0.225776
0.230699
0.235975
0.241625
0.247667
0.254119
0.260997
0.268316
0.276085
0.284312
0.292999
0.302144
0.311737
0.321761
0.332193
0.342998
0.354134
0.365546
0.377167
0.388921
0.400715
0.412448
0.424001
0.435248
0.446052
0.456267
0.465744
0.474332
0.481886
0.48827
0.493361
0.497057
0.499276
0.499967
0.499103
0.496689
0.492755
0.487355
0.480564
0.472466
0.463147
0.452681
0.441112
0.428316
0.414702
0.400661
0.386397
0.372087
0.357878
0.343891
0.330214
0.316916
0.304047
0.291644
0.279729
0.268318
0.257416
0.247025
0.237139
0.227749
0.218841
0.210401
0.202412
0.194854
0.187708
0.180954
0.174574
0.168546
0.162852
0.157474
0.152394
0.147596
0.143067
0.138793
0.267565
0.27096
0.27507
0.279406
0.283881
0.288484
0.293218
0.298091
0.30311
0.308285
0.313625
0.319141
0.324842
0.330741
0.33685
0.343181
0.349748
0.356564
0.363643
0.371
0.37865
0.386606
0.394884
0.403497
0.412459
0.42178
0.431472
0.441543
0.451997
0.462836
0.474058
0.485656
0.497615
0.509917
0.522532
0.535426
0.548551
0.561854
0.575266
0.588712
0.602104
0.615341
0.628317
0.640912
0.653
0.664449
0.675122
0.684883
0.693594
0.701122
0.707345
0.712148
0.715434
0.71712
0.717145
0.71547
0.712077
0.706972
0.700183
0.691756
0.681758
0.670267
0.657375
0.643175
0.62776
0.611214
0.593614
0.575031
0.555352
0.535367
0.515449
0.495721
0.476295
0.457274
0.438742
0.420762
0.403379
0.386625
0.370519
0.355072
0.340285
0.326155
0.312671
0.29982
0.287586
0.275949
0.264889
0.254384
0.244411
0.234946
0.225966
0.217449
0.209372
0.201712
0.194449
0.187561
0.181031
0.17484
0.168971
0.163412
0.339221
0.344504
0.351018
0.357956
0.365157
0.372598
0.38028
0.388213
0.396408
0.404878
0.413634
0.42269
0.432059
0.441755
0.451791
0.462182
0.472942
0.484086
0.495626
0.507576
0.519949
0.532755
0.546003
0.559702
0.573854
0.588462
0.603523
0.619028
0.634965
0.651312
0.668043
0.68512
0.702497
0.720117
0.737912
0.7558
0.773688
0.79147
0.809025
0.82622
0.842912
0.858946
0.874159
0.888382
0.901445
0.913176
0.923409
0.931985
0.938759
0.943602
0.946405
0.947082
0.945574
0.94185
0.935906
0.927766
0.917481
0.905126
0.890795
0.8746
0.85666
0.837102
0.816053
0.793628
0.769932
0.745053
0.719082
0.691994
0.664517
0.637466
0.610995
0.585184
0.560115
0.535855
0.512451
0.489936
0.468327
0.447631
0.427846
0.408959
0.390955
0.373812
0.357504
0.342005
0.327285
0.313312
0.300056
0.287484
0.275565
0.264268
0.253563
0.243419
0.233807
0.224701
0.216074
0.207901
0.200157
0.192821
0.18587
0.179288
0.0925023
0.0929468
0.0934097
0.093898
0.0944139
0.0949591
0.095535
0.0961425
0.0967821
0.0974542
0.0981588
0.0988958
0.0996647
0.100465
0.101296
0.102157
0.103046
0.103963
0.104906
0.105873
0.106864
0.107877
0.10891
0.109961
0.111029
0.112112
0.113208
0.114315
0.115432
0.116556
0.117685
0.118818
0.119953
0.121087
0.122219
0.123347
0.124469
0.125583
0.126688
0.12778
0.12886
0.129924
0.13097
0.131999
0.133006
0.133992
0.134954
0.135891
0.136802
0.137685
0.138539
0.139362
0.140154
0.140914
0.141641
0.142334
0.142993
0.143617
0.144207
0.144761
0.145281
0.145767
0.146219
0.146638
0.147027
0.147386
0.147718
0.148025
0.148311
0.148579
0.148832
0.149078
0.149321
0.149568
0.149827
0.150108
0.150423
0.150783
0.151204
0.151705
0.152307
0.153036
0.153924
0.155009
0.156339
0.157973
0.159989
0.162486
0.165596
0.169499
0.174447
0.180808
0.189138
0.20033
0.215922
0.238823
0.27534
0.342279
0.502944
1.21046
0.0499399
0.0500298
0.0501186
0.050213
0.0503173
0.050435
0.0505693
0.0507228
0.050898
0.0510968
0.0513209
0.0515716
0.0518501
0.0521572
0.0524935
0.0528594
0.0532551
0.0536807
0.0541359
0.0546204
0.0551337
0.0556752
0.056244
0.0568391
0.0574593
0.0581034
0.0587698
0.0594568
0.0601628
0.0608856
0.0616231
0.0623731
0.063133
0.0639001
0.0646718
0.065445
0.0662166
0.0669835
0.0677422
0.0684893
0.0692214
0.0699347
0.0706257
0.0712908
0.0719264
0.0725288
0.0730946
0.0736204
0.0741031
0.0745396
0.0749271
0.0752631
0.0755455
0.0757724
0.0759422
0.0760539
0.0761069
0.0761008
0.0760361
0.0759133
0.0757339
0.0754995
0.0752123
0.074875
0.0744909
0.0740636
0.073597
0.0730957
0.0725645
0.0720084
0.0714329
0.0708436
0.0702465
0.0696475
0.0690531
0.0684695
0.0679033
0.0673614
0.0668507
0.0663786
0.065953
0.0655823
0.0652761
0.0650453
0.0649029
0.0648648
0.0649511
0.0651882
0.0656116
0.0662709
0.067237
0.0686164
0.0705747
0.0733849
0.0775296
0.0839502
0.0947604
0.115872
0.171291
0.456552
0.0384744
0.0385168
0.0385539
0.0385944
0.0386418
0.0386982
0.0387647
0.0388412
0.0389276
0.039023
0.0391264
0.0392366
0.0393523
0.0394725
0.0395957
0.0397208
0.0398466
0.0399721
0.0400961
0.0402177
0.040336
0.0404501
0.0405591
0.0406624
0.0407591
0.0408486
0.0409302
0.0410034
0.0410676
0.0411222
0.0411667
0.0412006
0.0412235
0.0412351
0.0412348
0.0412223
0.0411974
0.0411598
0.0411092
0.0410454
0.0409683
0.0408776
0.0407735
0.0406557
0.0405243
0.0403795
0.0402213
0.0400498
0.0398654
0.0396682
0.0394587
0.0392372
0.0390043
0.0387603
0.038506
0.0382419
0.0379689
0.0376876
0.037399
0.0371039
0.0368033
0.0364983
0.03619
0.0358796
0.0355683
0.0352575
0.0349486
0.034643
0.0343425
0.0340485
0.0337631
0.033488
0.0332253
0.0329774
0.0327466
0.0325356
0.0323475
0.0321856
0.0320537
0.0319561
0.0318978
0.0318848
0.0319241
0.0320242
0.0321954
0.0324509
0.032807
0.0332854
0.0339145
0.0347334
0.035797
0.0371859
0.0390234
0.04151
0.044996
0.0501585
0.0585031
0.074184
0.11359
0.304145
0.0307118
0.0307714
0.0308288
0.0308865
0.0309453
0.0310056
0.0310673
0.0311302
0.0311939
0.0312579
0.0313217
0.0313846
0.031446
0.0315053
0.0315619
0.0316152
0.0316647
0.0317098
0.0317502
0.0317854
0.031815
0.0318386
0.031856
0.0318668
0.0318708
0.0318677
0.0318575
0.03184
0.0318151
0.0317827
0.0317427
0.0316952
0.0316403
0.0315779
0.0315083
0.0314314
0.0313476
0.0312571
0.03116
0.0310567
0.0309474
0.0308326
0.0307126
0.0305877
0.0304585
0.0303255
0.030189
0.0300497
0.0299081
0.0297647
0.0296203
0.0294753
0.0293306
0.0291867
0.0290443
0.0289042
0.0287672
0.0286339
0.0285052
0.0283819
0.0282649
0.028155
0.0280531
0.0279601
0.0278771
0.027805
0.0277448
0.0276978
0.0276651
0.0276479
0.0276477
0.0276658
0.027704
0.027764
0.0278477
0.0279574
0.0280955
0.028265
0.0284691
0.0287118
0.0289976
0.0293319
0.0297215
0.0301745
0.0307009
0.0313135
0.0320288
0.0328682
0.0338606
0.0350455
0.0364788
0.0382426
0.040463
0.0433442
0.0472424
0.0528424
0.0616559
0.0778107
0.117404
0.304812
0.0269131
0.0269428
0.0269743
0.0270078
0.0270432
0.0270805
0.0271193
0.0271592
0.0272
0.0272412
0.0272823
0.0273231
0.027363
0.0274019
0.0274393
0.027475
0.0275087
0.0275402
0.0275694
0.027596
0.02762
0.0276413
0.0276598
0.0276754
0.0276882
0.0276981
0.0277052
0.0277095
0.0277111
0.0277101
0.0277067
0.0277008
0.0276928
0.0276827
0.0276707
0.027657
0.0276419
0.0276255
0.0276081
0.02759
0.0275713
0.0275524
0.0275336
0.0275152
0.0274974
0.0274806
0.0274651
0.0274513
0.0274395
0.0274301
0.0274235
0.0274199
0.0274199
0.0274238
0.0274321
0.0274451
0.0274634
0.0274874
0.0275176
0.0275544
0.0275985
0.0276504
0.0277107
0.02778
0.027859
0.0279484
0.028049
0.0281617
0.0282875
0.0284272
0.0285822
0.0287537
0.0289431
0.0291521
0.0293825
0.0296364
0.0299164
0.0302253
0.0305664
0.0309437
0.031362
0.031827
0.0323457
0.0329268
0.0335808
0.0343216
0.0351665
0.0361386
0.0372687
0.038599
0.0401896
0.0421282
0.0445499
0.0476736
0.051881
0.0579069
0.067376
0.0847378
0.127472
0.33395
0.0249214
0.0249277
0.024943
0.0249656
0.0249946
0.0250292
0.0250684
0.0251116
0.025158
0.0252071
0.0252582
0.025311
0.0253649
0.0254197
0.0254749
0.0255304
0.0255858
0.0256409
0.0256957
0.02575
0.0258037
0.0258567
0.025909
0.0259605
0.0260113
0.0260613
0.0261106
0.0261593
0.0262073
0.0262549
0.0263019
0.0263486
0.0263951
0.0264414
0.0264876
0.0265341
0.0265807
0.0266278
0.0266755
0.0267239
0.0267733
0.0268238
0.0268755
0.0269288
0.0269838
0.0270408
0.0270999
0.0271614
0.0272256
0.0272927
0.027363
0.0274368
0.0275144
0.027596
0.0276821
0.0277729
0.0278688
0.0279703
0.0280777
0.0281915
0.0283122
0.0284402
0.0285762
0.0287207
0.0288744
0.0290381
0.0292124
0.0293984
0.0295969
0.0298091
0.0300361
0.0302793
0.0305403
0.0308207
0.0311227
0.0314485
0.0318008
0.0321827
0.0325978
0.0330504
0.0335458
0.0340901
0.0346909
0.0353575
0.0361015
0.0369376
0.0378847
0.0389675
0.0402192
0.0416852
0.0434298
0.0455472
0.0481816
0.0515668
0.0561098
0.0625918
0.0727352
0.0912386
0.136458
0.352547
0.0240135
0.0240077
0.0240156
0.0240345
0.0240631
0.0240999
0.0241439
0.024194
0.0242493
0.024309
0.0243724
0.0244388
0.0245078
0.0245789
0.0246516
0.0247258
0.024801
0.0248772
0.024954
0.0250314
0.0251093
0.0251875
0.025266
0.0253447
0.0254237
0.0255029
0.0255823
0.0256621
0.0257421
0.0258225
0.0259033
0.0259845
0.0260664
0.0261489
0.0262322
0.0263163
0.0264014
0.0264876
0.0265751
0.0266639
0.0267542
0.0268462
0.02694
0.0270358
0.0271338
0.0272341
0.027337
0.0274427
0.0275514
0.0276633
0.0277786
0.0278977
0.0280208
0.0281482
0.0282802
0.0284172
0.0285595
0.0287074
0.0288615
0.0290221
0.0291898
0.029365
0.0295483
0.0297404
0.0299419
0.0301536
0.0303763
0.0306109
0.0308585
0.0311201
0.0313971
0.031691
0.0320033
0.0323358
0.0326908
0.0330707
0.0334783
0.0339169
0.0343904
0.0349034
0.0354613
0.0360708
0.0367399
0.0374784
0.0382988
0.0392165
0.0402516
0.0414304
0.0427879
0.0443723
0.0462516
0.0485255
0.0513468
0.0549629
0.0598042
0.0666978
0.0774677
0.0970986
0.145155
0.377706
0.0236377
0.0236256
0.0236301
0.0236479
0.0236773
0.0237168
0.023765
0.0238207
0.0238828
0.0239504
0.0240228
0.0240991
0.0241789
0.0242616
0.0243468
0.0244341
0.0245232
0.0246139
0.0247059
0.0247992
0.0248935
0.0249888
0.025085
0.025182
0.0252799
0.0253785
0.0254779
0.0255782
0.0256793
0.0257812
0.0258841
0.025988
0.026093
0.0261991
0.0263064
0.026415
0.0265251
0.0266367
0.02675
0.026865
0.026982
0.027101
0.0272222
0.0273458
0.027472
0.0276009
0.0277326
0.0278675
0.0280058
0.0281476
0.0282932
0.0284429
0.0285969
0.0287555
0.0289191
0.029088
0.0292626
0.0294432
0.0296303
0.0298244
0.0300259
0.0302354
0.0304535
0.0306808
0.030918
0.0311661
0.0314257
0.031698
0.0319839
0.0322847
0.0326017
0.0329365
0.0332908
0.0336666
0.0340661
0.034492
0.0349472
0.0354353
0.0359604
0.0365273
0.037142
0.0378113
0.0385439
0.0393503
0.0402434
0.0412399
0.0423611
0.0436346
0.0450978
0.0468015
0.0488179
0.0512524
0.0542664
0.0581209
0.0632704
0.070586
0.0819872
0.102711
0.153275
0.397091
0.0236047
0.0235902
0.0235935
0.0236112
0.0236415
0.0236828
0.0237338
0.023793
0.0238594
0.0239321
0.0240101
0.0240927
0.0241794
0.0242695
0.0243626
0.0244584
0.0245565
0.0246566
0.0247585
0.0248621
0.0249672
0.0250737
0.0251814
0.0252905
0.0254007
0.0255122
0.0256248
0.0257386
0.0258537
0.02597
0.0260876
0.0262066
0.026327
0.0264489
0.0265724
0.0266975
0.0268245
0.0269533
0.0270841
0.027217
0.0273522
0.0274899
0.02763
0.0277729
0.0279186
0.0280674
0.0282195
0.028375
0.0285343
0.0286974
0.0288647
0.0290364
0.0292129
0.0293943
0.0295811
0.0297736
0.0299722
0.0301773
0.0303893
0.0306087
0.030836
0.0310719
0.0313169
0.0315717
0.0318371
0.0321139
0.032403
0.0327054
0.0330224
0.033355
0.0337049
0.0340735
0.0344628
0.0348748
0.0353119
0.0357768
0.0362727
0.0368033
0.037373
0.0379868
0.0386511
0.039373
0.0401616
0.041028
0.0419859
0.0430527
0.0442507
0.0456091
0.0471671
0.048978
0.0511175
0.053696
0.0568828
0.0609512
0.0663768
0.0740711
0.0860427
0.107775
0.160803
0.418329
0.0237829
0.023768
0.0237714
0.0237896
0.0238209
0.0238636
0.0239163
0.0239777
0.0240468
0.0241224
0.0242039
0.0242903
0.0243812
0.0244758
0.0245739
0.0246749
0.0247785
0.0248846
0.0249928
0.0251029
0.0252149
0.0253286
0.0254439
0.0255608
0.0256792
0.0257991
0.0259204
0.0260433
0.0261677
0.0262936
0.0264211
0.0265502
0.0266811
0.0268138
0.0269483
0.0270848
0.0272234
0.0273641
0.0275072
0.0276526
0.0278007
0.0279514
0.0281049
0.0282615
0.0284213
0.0285845
0.0287512
0.0289217
0.0290963
0.0292751
0.0294584
0.0296465
0.0298397
0.0300382
0.0302426
0.030453
0.03067
0.0308939
0.0311251
0.0313643
0.031612
0.0318687
0.0321351
0.0324119
0.0327
0.0330001
0.0333133
0.0336407
0.0339833
0.0343426
0.0347202
0.0351175
0.0355367
0.0359799
0.0364495
0.0369486
0.0374804
0.0380488
0.0386584
0.0393147
0.040024
0.0407941
0.0416346
0.0425569
0.0435756
0.044709
0.0459804
0.0474206
0.0490705
0.0509862
0.0532469
0.0559683
0.0593274
0.0636103
0.0693137
0.0773894
0.0899326
0.112658
0.168
0.436642
0.0241159
0.0241022
0.0241067
0.0241259
0.0241581
0.0242018
0.0242557
0.0243184
0.0243889
0.0244663
0.0245496
0.0246381
0.0247313
0.0248285
0.0249293
0.0250334
0.0251403
0.0252498
0.0253618
0.0254759
0.0255921
0.0257103
0.0258303
0.0259521
0.0260756
0.0262009
0.0263278
0.0264565
0.026587
0.0267192
0.0268532
0.0269892
0.027127
0.0272669
0.0274089
0.0275532
0.0276997
0.0278486
0.0280001
0.0281543
0.0283112
0.0284711
0.0286342
0.0288005
0.0289703
0.0291438
0.0293211
0.0295026
0.0296883
0.0298786
0.0300738
0.0302741
0.0304799
0.0306914
0.030909
0.0311331
0.0313642
0.0316027
0.031849
0.0321036
0.0323673
0.0326405
0.032924
0.0332185
0.0335249
0.033844
0.0341769
0.0345247
0.0348887
0.0352702
0.0356709
0.0360925
0.036537
0.0370068
0.0375044
0.0380328
0.0385957
0.0391971
0.0398416
0.0405352
0.0412843
0.0420973
0.042984
0.0439565
0.0450299
0.0462234
0.0475614
0.0490759
0.0508097
0.0528213
0.0551931
0.0580459
0.0615637
0.0660443
0.072004
0.0804317
0.0935032
0.117153
0.174705
0.455163
0.0245593
0.0245479
0.0245541
0.0245747
0.0246081
0.0246528
0.0247075
0.0247711
0.0248424
0.0249205
0.0250047
0.0250943
0.0251885
0.025287
0.0253892
0.0254948
0.0256034
0.0257148
0.0258287
0.025945
0.0260636
0.0261843
0.0263069
0.0264316
0.0265582
0.0266866
0.026817
0.0269493
0.0270834
0.0272196
0.0273577
0.027498
0.0276403
0.0277849
0.0279318
0.0280811
0.0282329
0.0283873
0.0285444
0.0287045
0.0288676
0.0290338
0.0292034
0.0293766
0.0295534
0.0297342
0.0299191
0.0301084
0.0303022
0.030501
0.0307048
0.0309141
0.0311292
0.0313504
0.0315781
0.0318126
0.0320545
0.0323041
0.032562
0.0328287
0.0331049
0.0333912
0.0336882
0.0339969
0.034318
0.0346525
0.0350015
0.0353661
0.0357476
0.0361475
0.0365675
0.0370095
0.0374754
0.0379677
0.0384892
0.039043
0.0396328
0.0402628
0.040938
0.0416644
0.042449
0.0433002
0.0442284
0.0452462
0.0463695
0.0476181
0.0490175
0.050601
0.0524133
0.0545152
0.0569926
0.0599709
0.0636417
0.0683139
0.0745237
0.0832967
0.0968878
0.121443
0.181114
0.472071
0.0250884
0.0250802
0.0250889
0.0251113
0.0251461
0.0251919
0.0252473
0.0253114
0.0253831
0.0254616
0.0255461
0.0256359
0.0257305
0.0258293
0.0259319
0.026038
0.0261472
0.0262592
0.0263739
0.0264912
0.0266107
0.0267325
0.0268564
0.0269824
0.0271105
0.0272406
0.0273727
0.0275068
0.027643
0.0277813
0.0279218
0.0280644
0.0282094
0.0283567
0.0285065
0.0286588
0.0288138
0.0289715
0.0291322
0.029296
0.029463
0.0296333
0.0298072
0.0299848
0.0301663
0.030352
0.030542
0.0307366
0.030936
0.0311406
0.0313505
0.0315662
0.0317879
0.0320161
0.032251
0.0324932
0.032743
0.0330009
0.0332675
0.0335434
0.0338291
0.0341254
0.0344329
0.0347526
0.0350852
0.0354319
0.0357936
0.0361717
0.0365675
0.0369824
0.0374183
0.037877
0.0383607
0.0388719
0.0394135
0.0399888
0.0406015
0.0412561
0.0419577
0.0427126
0.043528
0.0444127
0.0453775
0.0464354
0.047603
0.0489007
0.0503551
0.0520008
0.053884
0.0560678
0.0586412
0.0617342
0.0655453
0.0703942
0.0768357
0.0859305
0.100009
0.125419
0.187121
0.488573
0.0256826
0.0256784
0.0256901
0.0257148
0.0257513
0.0257982
0.0258544
0.025919
0.025991
0.0260695
0.026154
0.0262436
0.026338
0.0264365
0.0265389
0.0266447
0.0267537
0.0268656
0.0269803
0.0270974
0.027217
0.0273389
0.027463
0.0275892
0.0277176
0.0278481
0.0279808
0.0281155
0.0282524
0.0283915
0.0285329
0.0286765
0.0288226
0.0289711
0.0291222
0.029276
0.0294326
0.0295921
0.0297546
0.0299203
0.0300894
0.0302621
0.0304384
0.0306186
0.0308029
0.0309915
0.0311847
0.0313826
0.0315856
0.031794
0.0320079
0.0322279
0.0324541
0.032687
0.032927
0.0331745
0.03343
0.033694
0.033967
0.0342496
0.0345425
0.0348463
0.0351619
0.0354901
0.0358318
0.0361881
0.03656
0.0369489
0.0373561
0.0377833
0.0382322
0.0387047
0.0392033
0.0397303
0.0402889
0.0408823
0.0415145
0.0421901
0.0429145
0.0436939
0.044536
0.0454498
0.0464464
0.0475394
0.0487456
0.0500865
0.0515893
0.0532898
0.0552356
0.0574921
0.0601509
0.0633463
0.0672828
0.0722907
0.0789417
0.0883293
0.102855
0.129059
0.192667
0.504066
0.0263277
0.0263281
0.0263434
0.0263709
0.0264094
0.0264578
0.026515
0.0265801
0.0266523
0.0267309
0.0268151
0.0269044
0.0269982
0.0270962
0.0271979
0.027303
0.0274113
0.0275225
0.0276364
0.0277529
0.0278718
0.027993
0.0281165
0.0282422
0.0283701
0.0285001
0.0286323
0.0287667
0.0289033
0.0290422
0.0291834
0.029327
0.029473
0.0296216
0.0297728
0.0299269
0.0300838
0.0302437
0.0304067
0.0305731
0.0307429
0.0309164
0.0310937
0.0312751
0.0314606
0.0316507
0.0318454
0.0320451
0.03225
0.0324605
0.0326767
0.0328992
0.0331281
0.033364
0.0336072
0.0338582
0.0341174
0.0343854
0.0346628
0.03495
0.035248
0.0355572
0.0358786
0.036213
0.0365614
0.0369248
0.0373044
0.0377015
0.0381175
0.0385542
0.0390132
0.0394967
0.0400069
0.0405466
0.0411188
0.0417269
0.042375
0.0430678
0.0438108
0.0446105
0.0454747
0.0464128
0.0474362
0.0485587
0.0497978
0.0511754
0.0527195
0.054467
0.0564666
0.0587855
0.0615179
0.0648016
0.0688466
0.0739917
0.0808242
0.0904662
0.105384
0.132299
0.197686
0.518813
0.0270776
0.0270832
0.0271024
0.0271328
0.0271735
0.0272233
0.0272814
0.0273469
0.0274191
0.0274973
0.0275809
0.0276694
0.0277622
0.0278591
0.0279596
0.0280634
0.0281703
0.0282801
0.0283925
0.0285075
0.028625
0.0287447
0.0288667
0.028991
0.0291174
0.0292461
0.0293769
0.0295099
0.0296452
0.0297828
0.0299227
0.0300651
0.0302099
0.0303574
0.0305076
0.0306606
0.0308166
0.0309756
0.0311379
0.0313035
0.0314727
0.0316457
0.0318225
0.0320035
0.0321888
0.0323787
0.0325734
0.0327733
0.0329784
0.0331893
0.0334061
0.0336293
0.0338592
0.0340962
0.0343407
0.0345932
0.0348542
0.0351242
0.0354038
0.0356937
0.0359944
0.0363068
0.0366318
0.0369701
0.0373227
0.0376909
0.0380756
0.0384784
0.0389007
0.0393441
0.0398106
0.0403022
0.0408213
0.0413707
0.0419535
0.0425732
0.043234
0.0439407
0.0446991
0.0455157
0.0463985
0.0473572
0.0484033
0.0495513
0.0508188
0.0522282
0.0538084
0.0555967
0.0576432
0.0600162
0.0628119
0.0661706
0.070306
0.0755625
0.0825366
0.0923668
0.107552
0.134896
0.20119
0.526881
0.027997
0.0280099
0.0280349
0.02807
0.0281141
0.0281665
0.0282264
0.0282931
0.0283659
0.0284442
0.0285275
0.0286154
0.0287074
0.0288032
0.0289024
0.0290049
0.0291102
0.0292184
0.0293291
0.0294424
0.029558
0.0296759
0.029796
0.0299183
0.0300428
0.0301695
0.0302984
0.0304294
0.0305628
0.0306984
0.0308365
0.0309769
0.0311199
0.0312656
0.031414
0.0315652
0.0317195
0.0318769
0.0320376
0.0322017
0.0323694
0.032541
0.0327165
0.0328963
0.0330806
0.0332695
0.0334633
0.0336624
0.0338671
0.0340775
0.0342941
0.0345173
0.0347473
0.0349847
0.0352298
0.0354832
0.0357454
0.0360169
0.0362983
0.0365903
0.0368936
0.037209
0.0375374
0.0378796
0.0382367
0.0386098
0.0390002
0.0394093
0.0398386
0.0402899
0.0407652
0.0412665
0.0417964
0.0423578
0.0429538
0.0435883
0.0442654
0.0449902
0.0457687
0.0466077
0.0475155
0.048502
0.0495794
0.0507624
0.0520695
0.0535239
0.0551554
0.0570027
0.0591176
0.0615708
0.0644616
0.067935
0.0722118
0.0776473
0.0848563
0.0950118
0.110686
0.138877
0.207145
0.543167
0.028944
0.0289651
0.0289965
0.0290367
0.0290849
0.0291404
0.0292024
0.0292706
0.0293442
0.0294228
0.029506
0.0295933
0.0296845
0.0297791
0.029877
0.0299778
0.0300814
0.0301877
0.0302964
0.0304075
0.0305209
0.0306365
0.0307543
0.0308742
0.0309962
0.0311204
0.0312467
0.0313752
0.031506
0.031639
0.0317744
0.0319123
0.0320526
0.0321956
0.0323414
0.03249
0.0326417
0.0327965
0.0329546
0.0331162
0.0332815
0.0334506
0.0336238
0.0338013
0.0339833
0.0341701
0.0343619
0.034559
0.0347618
0.0349706
0.0351856
0.0354073
0.0356362
0.0358725
0.0361168
0.0363696
0.0366314
0.0369028
0.0371844
0.0374769
0.037781
0.0380977
0.0384276
0.0387719
0.0391315
0.0395078
0.0399018
0.0403152
0.0407495
0.0412065
0.0416882
0.0421969
0.0427352
0.043306
0.0439127
0.0445591
0.0452496
0.0459895
0.0467849
0.0476428
0.0485719
0.0495825
0.050687
0.0519007
0.0532427
0.0547369
0.0564141
0.0583144
0.060491
0.0630169
0.0659946
0.0695735
0.0739809
0.0795826
0.0870113
0.0974723
0.113607
0.142596
0.212698
0.557641
0.0299016
0.0299313
0.0299697
0.0300156
0.0300682
0.030127
0.0301916
0.0302615
0.0303362
0.0304153
0.0304985
0.0305854
0.0306757
0.0307692
0.0308656
0.0309648
0.0310666
0.0311708
0.0312774
0.0313862
0.0314971
0.0316102
0.0317253
0.0318425
0.0319618
0.0320831
0.0322066
0.0323321
0.0324599
0.0325899
0.0327222
0.0328569
0.0329942
0.033134
0.0332766
0.0334221
0.0335706
0.0337222
0.0338771
0.0340355
0.0341976
0.0343636
0.0345337
0.0347081
0.0348871
0.0350708
0.0352597
0.035454
0.035654
0.0358601
0.0360725
0.0362918
0.0365182
0.0367523
0.0369946
0.0372455
0.0375056
0.0377755
0.0380558
0.0383473
0.0386507
0.0389668
0.0392967
0.0396412
0.0400014
0.0403786
0.0407742
0.0411896
0.0416264
0.0420866
0.0425721
0.0430854
0.0436291
0.0442062
0.0448202
0.045475
0.0461752
0.0469262
0.0477341
0.0486065
0.0495522
0.0505816
0.0517076
0.0529461
0.0543165
0.0558436
0.057559
0.0595038
0.061733
0.0643215
0.0673746
0.0710457
0.0755682
0.0813175
0.0889422
0.0996774
0.116228
0.14594
0.217737
0.571653
0.0308567
0.0308954
0.0309413
0.0309931
0.0310505
0.0311132
0.0311806
0.0312525
0.0313285
0.0314084
0.0314917
0.0315783
0.031668
0.0317605
0.0318556
0.0319532
0.0320532
0.0321554
0.0322598
0.0323662
0.0324747
0.0325852
0.0326976
0.032812
0.0329284
0.0330468
0.0331671
0.0332896
0.0334142
0.033541
0.0336701
0.0338015
0.0339354
0.0340719
0.034211
0.034353
0.034498
0.0346461
0.0347975
0.0349524
0.035111
0.0352734
0.0354399
0.0356107
0.0357862
0.0359664
0.0361518
0.0363426
0.0365392
0.0367418
0.036951
0.0371669
0.0373902
0.0376212
0.0378604
0.0381084
0.0383657
0.0386329
0.0389108
0.0391999
0.0395012
0.0398154
0.0401436
0.0404866
0.0408458
0.0412222
0.0416173
0.0420326
0.0424698
0.0429308
0.0434177
0.043933
0.0444793
0.0450598
0.045678
0.046338
0.0470444
0.0478029
0.0486197
0.0495025
0.0504604
0.0515042
0.0526471
0.0539052
0.0552988
0.0568531
0.0586005
0.0605835
0.0628583
0.0655018
0.068622
0.0723762
0.0770036
0.0828888
0.0906955
0.101687
0.118629
0.149024
0.222402
0.584252
0.0317989
0.031847
0.0319005
0.0319586
0.0320212
0.0320879
0.0321584
0.0322326
0.0323102
0.0323909
0.0324747
0.0325612
0.0326504
0.032742
0.0328359
0.0329321
0.0330303
0.0331307
0.0332329
0.0333371
0.0334432
0.0335512
0.033661
0.0337726
0.0338862
0.0340016
0.034119
0.0342384
0.0343599
0.0344835
0.0346093
0.0347374
0.0348679
0.035001
0.0351367
0.0352752
0.0354167
0.0355612
0.035709
0.0358603
0.0360151
0.0361739
0.0363367
0.0365038
0.0366754
0.0368519
0.0370335
0.0372205
0.0374133
0.0376121
0.0378175
0.0380297
0.0382492
0.0384765
0.038712
0.0389564
0.0392101
0.0394738
0.0397483
0.0400341
0.0403322
0.0406433
0.0409685
0.0413088
0.0416653
0.0420394
0.0424324
0.0428458
0.0432815
0.0437413
0.0442275
0.0447425
0.045289
0.0458704
0.04649
0.0471523
0.0478619
0.0486245
0.0494467
0.0503362
0.0513023
0.0523561
0.0535112
0.0547841
0.0561955
0.0577712
0.0595445
0.0615587
0.0638715
0.0665614
0.0697391
0.0735654
0.0782848
0.08429
0.092259
0.103481
0.120775
0.151787
0.226603
0.595948
0.0327186
0.032776
0.0328373
0.032902
0.0329698
0.0330407
0.0331145
0.0331911
0.0332705
0.0333523
0.0334366
0.0335232
0.033612
0.0337029
0.0337959
0.0338907
0.0339874
0.034086
0.0341863
0.0342884
0.0343923
0.0344978
0.0346052
0.0347143
0.0348251
0.0349378
0.0350524
0.0351689
0.0352874
0.035408
0.0355308
0.0356558
0.0357831
0.035913
0.0360454
0.0361806
0.0363187
0.0364598
0.0366041
0.0367519
0.0369032
0.0370583
0.0372175
0.0373809
0.0375489
0.0377216
0.0378994
0.0380825
0.0382714
0.0384664
0.0386678
0.038876
0.0390916
0.0393148
0.0395464
0.0397867
0.0400364
0.0402961
0.0405665
0.0408483
0.0411424
0.0414496
0.041771
0.0421075
0.0424604
0.0428308
0.0432204
0.0436306
0.0440632
0.0445202
0.0450038
0.0455165
0.0460612
0.0466411
0.0472598
0.0479217
0.0486317
0.0493954
0.0502197
0.0511124
0.052083
0.0531429
0.0543059
0.0555889
0.0570129
0.0586045
0.0603976
0.0624365
0.0647799
0.0675084
0.0707346
0.0746227
0.0794222
0.0855337
0.093648
0.105078
0.122693
0.154271
0.230399
0.60644
0.0336073
0.033674
0.033743
0.033814
0.0338871
0.0339622
0.0340393
0.0341185
0.0341996
0.0342827
0.0343676
0.0344544
0.0345429
0.0346332
0.0347253
0.0348189
0.0349143
0.0350112
0.0351098
0.03521
0.0353118
0.0354152
0.0355203
0.035627
0.0357355
0.0358457
0.0359578
0.0360717
0.0361875
0.0363054
0.0364254
0.0365476
0.0366722
0.0367991
0.0369287
0.0370609
0.037196
0.0373341
0.0374753
0.0376199
0.037768
0.0379199
0.0380758
0.0382358
0.0384003
0.0385696
0.0387438
0.0389234
0.0391086
0.0392998
0.0394974
0.0397018
0.0399134
0.0401327
0.0403601
0.0405963
0.0408418
0.0410973
0.0413634
0.0416409
0.0419306
0.0422334
0.0425503
0.0428823
0.0432307
0.0435968
0.0439819
0.0443877
0.044816
0.0452688
0.0457483
0.0462571
0.0467981
0.0473746
0.0479902
0.0486494
0.0493571
0.0501192
0.0509425
0.0518351
0.0528066
0.0538686
0.0550352
0.0563236
0.0577552
0.0593571
0.0611638
0.0632205
0.0655872
0.0683456
0.0716107
0.0755497
0.0804166
0.0866189
0.0948595
0.106473
0.124374
0.156457
0.233763
0.61592
0.0344575
0.034533
0.0346094
0.0346866
0.0347647
0.0348438
0.0349241
0.0350057
0.0350885
0.0351727
0.0352583
0.0353453
0.0354336
0.0355234
0.0356146
0.0357072
0.0358013
0.0358968
0.0359937
0.0360922
0.0361922
0.0362937
0.0363968
0.0365015
0.0366079
0.036716
0.0368258
0.0369376
0.0370512
0.0371668
0.0372845
0.0374044
0.0375266
0.0376512
0.0377784
0.0379082
0.0380408
0.0381764
0.0383151
0.0384571
0.0386026
0.0387517
0.0389049
0.0390621
0.0392237
0.03939
0.0395612
0.0397377
0.0399197
0.0401076
0.0403018
0.0405027
0.0407107
0.0409263
0.0411499
0.0413822
0.0416237
0.041875
0.0421368
0.0424099
0.0426951
0.0429933
0.0433054
0.0436326
0.0439761
0.044337
0.044717
0.0451177
0.0455407
0.0459882
0.0464625
0.046966
0.0475018
0.048073
0.0486837
0.049338
0.0500411
0.050799
0.0516185
0.0525078
0.0534767
0.0545371
0.055703
0.0569922
0.0584264
0.060033
0.0618472
0.0639149
0.066297
0.0690768
0.0723712
0.07635
0.0812714
0.0875496
0.095898
0.107671
0.125825
0.158361
0.236723
0.624319
0.0352635
0.0353471
0.0354302
0.035513
0.0355956
0.0356784
0.0357615
0.0358452
0.0359295
0.0360146
0.0361006
0.0361877
0.0362757
0.0363649
0.0364553
0.0365468
0.0366397
0.0367339
0.0368294
0.0369263
0.0370247
0.0371245
0.0372259
0.0373289
0.0374335
0.0375399
0.037648
0.037758
0.0378698
0.0379837
0.0380997
0.0382179
0.0383383
0.0384612
0.0385866
0.0387146
0.0388455
0.0389793
0.0391161
0.0392563
0.0393999
0.0395472
0.0396983
0.0398535
0.040013
0.040177
0.040346
0.04052
0.0406996
0.0408849
0.0410764
0.0412744
0.0414794
0.0416918
0.0419122
0.042141
0.0423788
0.0426263
0.0428842
0.0431531
0.043434
0.0437276
0.0440351
0.0443573
0.0446956
0.0450513
0.0454258
0.0458207
0.0462378
0.0466792
0.0471472
0.0476444
0.0481736
0.0487382
0.0493422
0.0499898
0.0506862
0.0514374
0.0522504
0.0531334
0.0540965
0.0551514
0.0563127
0.057598
0.0590296
0.0606352
0.0624504
0.0645219
0.0669115
0.0697036
0.0730167
0.0770234
0.0819855
0.0883229
0.0967592
0.108667
0.127039
0.159972
0.239271
0.631735
0.0360204
0.036111
0.0361999
0.0362874
0.0363739
0.0364596
0.036545
0.0366302
0.0367156
0.0368013
0.0368875
0.0369743
0.0370618
0.0371503
0.0372397
0.0373302
0.0374218
0.0375147
0.0376088
0.0377043
0.0378013
0.0378997
0.0379997
0.0381013
0.0382045
0.0383095
0.0384163
0.038525
0.0386357
0.0387484
0.0388633
0.0389804
0.0390998
0.0392217
0.0393461
0.0394732
0.039603
0.0397359
0.0398718
0.040011
0.0401536
0.0402999
0.0404499
0.040604
0.0407623
0.0409251
0.0410927
0.0412653
0.0414433
0.0416269
0.0418165
0.0420126
0.0422154
0.0424255
0.0426434
0.0428694
0.0431043
0.0433487
0.0436031
0.0438684
0.0441454
0.0444348
0.0447378
0.0450553
0.0453886
0.0457389
0.0461077
0.0464966
0.0469075
0.0473423
0.0478033
0.0482932
0.0488149
0.0493717
0.0499675
0.0506067
0.0512945
0.0520369
0.0528409
0.0537149
0.0546689
0.0557148
0.0568673
0.0581442
0.059568
0.0611667
0.0629765
0.0650442
0.0674326
0.0702271
0.0735477
0.0775691
0.0825563
0.0889346
0.0974364
0.109451
0.128005
0.16128
0.241405
0.638183
0.0367256
0.0368219
0.0369153
0.0370064
0.0370956
0.0371834
0.0372702
0.0373563
0.037442
0.0375276
0.0376134
0.0376995
0.0377862
0.0378736
0.0379618
0.0380509
0.0381412
0.0382327
0.0383254
0.0384196
0.0385152
0.0386123
0.0387111
0.0388115
0.0389137
0.0390178
0.0391238
0.0392317
0.0393417
0.0394539
0.0395683
0.039685
0.0398041
0.0399257
0.04005
0.040177
0.0403069
0.0404397
0.0405757
0.0407149
0.0408576
0.0410039
0.041154
0.041308
0.0414663
0.0416289
0.0417963
0.0419685
0.042146
0.0423291
0.042518
0.0427131
0.0429148
0.0431236
0.0433399
0.0435642
0.0437971
0.0440391
0.044291
0.0445534
0.0448271
0.045113
0.045412
0.0457252
0.0460538
0.046399
0.0467623
0.0471452
0.0475497
0.0479777
0.0484314
0.0489135
0.0494269
0.0499749
0.0505614
0.0511909
0.0518684
0.0526
0.0533928
0.0542552
0.0551971
0.0562306
0.0573703
0.0586344
0.0600452
0.061631
0.0634282
0.0654842
0.0678621
0.070648
0.0739632
0.0779838
0.0829778
0.0893747
0.0979144
0.110001
0.12869
0.162245
0.243085
0.643707
0.037377
0.0374771
0.0375735
0.0376667
0.0377574
0.037846
0.0379331
0.0380191
0.0381042
0.038189
0.0382737
0.0383585
0.0384437
0.0385295
0.0386161
0.0387037
0.0387923
0.0388822
0.0389735
0.0390662
0.0391605
0.0392565
0.0393542
0.0394537
0.0395552
0.0396587
0.0397642
0.0398719
0.0399818
0.040094
0.0402086
0.0403257
0.0404453
0.0405676
0.0406926
0.0408204
0.0409512
0.0410851
0.0412222
0.0413626
0.0415065
0.041654
0.0418053
0.0419605
0.0421199
0.0422837
0.0424521
0.0426253
0.0428036
0.0429873
0.0431767
0.0433721
0.043574
0.0437827
0.0439987
0.0442223
0.0444543
0.0446951
0.0449454
0.0452058
0.0454772
0.0457603
0.0460562
0.0463657
0.0466902
0.0470308
0.047389
0.0477663
0.0481645
0.0485856
0.0490319
0.0495059
0.0500106
0.0505492
0.0511256
0.0517443
0.0524102
0.0531295
0.0539092
0.0547576
0.0556848
0.0567027
0.0578261
0.0590729
0.0604656
0.0620326
0.0638102
0.0658459
0.0682031
0.0709683
0.0742631
0.0782649
0.0832429
0.0896296
0.0981706
0.11028
0.129041
0.162784
0.244201
0.648264
0.037977
0.0380789
0.0381762
0.0382697
0.0383601
0.038448
0.0385338
0.0386182
0.0387016
0.0387843
0.0388668
0.0389494
0.0390323
0.0391157
0.0392001
0.0392854
0.0393719
0.0394599
0.0395493
0.0396404
0.0397332
0.0398279
0.0399246
0.0400233
0.0401242
0.0402273
0.0403327
0.0404406
0.0405508
0.0406636
0.0407791
0.0408972
0.041018
0.0411417
0.0412684
0.041398
0.0415308
0.0416668
0.041806
0.0419487
0.042095
0.0422449
0.0423987
0.0425565
0.0427184
0.0428846
0.0430554
0.0432309
0.0434114
0.0435972
0.0437886
0.0439858
0.0441892
0.0443991
0.0446161
0.0448405
0.0450728
0.0453136
0.0455635
0.0458232
0.0460934
0.0463748
0.0466685
0.0469754
0.0472966
0.0476333
0.047987
0.0483592
0.0487517
0.0491663
0.0496053
0.0500714
0.0505672
0.0510962
0.051662
0.0522692
0.0529227
0.0536285
0.0543936
0.0552263
0.0561365
0.0571362
0.05824
0.0594656
0.0608356
0.062378
0.0641291
0.0661362
0.0684623
0.0711937
0.0744516
0.0784129
0.0833468
0.0896856
0.0981755
0.110235
0.128958
0.16272
0.244448
0.651643
0.0385249
0.0386262
0.0387222
0.0388139
0.0389021
0.0389873
0.0390704
0.0391517
0.0392318
0.0393112
0.0393903
0.0394695
0.0395491
0.0396293
0.0397106
0.039793
0.0398768
0.0399622
0.0400493
0.0401384
0.0402295
0.0403228
0.0404183
0.0405163
0.0406167
0.0407196
0.0408252
0.0409335
0.0410446
0.0411585
0.0412754
0.0413952
0.0415181
0.041644
0.0417732
0.0419056
0.0420414
0.0421805
0.0423232
0.0424694
0.0426193
0.042773
0.0429306
0.0430923
0.0432581
0.0434282
0.0436029
0.0437823
0.0439665
0.0441559
0.0443507
0.0445512
0.0447576
0.0449704
0.0451899
0.0454164
0.0456506
0.0458929
0.0461438
0.0464041
0.0466743
0.0469553
0.047248
0.0475533
0.0478723
0.0482061
0.0485562
0.0489241
0.0493114
0.0497201
0.0501524
0.0506108
0.051098
0.0516174
0.0521726
0.052768
0.0534086
0.0541002
0.0548499
0.0556657
0.0565575
0.0575371
0.0586189
0.0598205
0.0611641
0.0626775
0.0643964
0.0663675
0.0686531
0.0713381
0.0745425
0.0784405
0.0832978
0.0895411
0.0979078
0.109801
0.128288
0.161702
0.242999
0.653102
0.0394005
0.0394903
0.0395742
0.0396536
0.0397293
0.039802
0.0398725
0.0399414
0.0400093
0.0400768
0.0401442
0.0402121
0.0402808
0.0403507
0.0404221
0.0404953
0.0405705
0.0406479
0.0407278
0.0408103
0.0408955
0.0409836
0.0410747
0.041169
0.0412665
0.0413672
0.0414713
0.0415788
0.0416898
0.0418043
0.0419224
0.042044
0.0421694
0.0422983
0.042431
0.0425675
0.0427077
0.0428517
0.0429996
0.0431515
0.0433072
0.043467
0.0436309
0.0437989
0.0439713
0.0441479
0.0443291
0.0445148
0.0447053
0.0449008
0.0451013
0.0453073
0.0455188
0.0457363
0.04596
0.0461902
0.0464275
0.0466722
0.0469248
0.047186
0.0474564
0.0477366
0.0480276
0.0483302
0.0486455
0.0489746
0.0493187
0.0496794
0.0500584
0.0504574
0.0508786
0.0513244
0.0517976
0.0523014
0.0528395
0.053416
0.0540359
0.054705
0.0554301
0.0562193
0.0570821
0.0580304
0.0590781
0.0602427
0.0615458
0.063015
0.0646851
0.0666019
0.0688265
0.0714419
0.0745649
0.0783656
0.0831017
0.0891871
0.0973334
0.10889
0.126794
0.158973
0.236564
0.623098
0.0403338
0.0403835
0.0404292
0.0404725
0.040514
0.0405544
0.0405944
0.0406346
0.0406758
0.0407183
0.0407627
0.0408095
0.0408591
0.0409119
0.0409682
0.0410283
0.0410925
0.0411611
0.0412343
0.0413122
0.041395
0.0414829
0.0415759
0.0416742
0.0417777
0.0418867
0.042001
0.0421208
0.042246
0.0423767
0.0425127
0.0426542
0.042801
0.0429531
0.0431105
0.043273
0.0434408
0.0436136
0.0437915
0.0439743
0.0441621
0.0443547
0.0445521
0.0447542
0.0449611
0.0451727
0.0453889
0.0456098
0.0458355
0.0460658
0.046301
0.0465411
0.0467861
0.0470363
0.0472919
0.047553
0.0478199
0.048093
0.0483726
0.0486592
0.0489533
0.0492555
0.0495665
0.0498871
0.0502181
0.0505607
0.050916
0.0512853
0.0516702
0.0520726
0.0524944
0.0529379
0.0534059
0.0539015
0.0544282
0.0549903
0.0555926
0.056241
0.0569421
0.057704
0.0585365
0.0594512
0.0604622
0.0615872
0.0628479
0.064272
0.0658947
0.0677624
0.0699365
0.0725011
0.0755743
0.0793279
0.0840226
0.0900768
0.0982099
0.109785
0.127766
0.160147
0.23833
0.62988
0.0408163
0.0407982
0.0407812
0.0407664
0.0407542
0.0407451
0.0407396
0.0407382
0.0407413
0.0407494
0.0407629
0.0407822
0.0408077
0.0408398
0.0408786
0.0409246
0.0409779
0.0410389
0.0411076
0.0411842
0.0412689
0.0413618
0.0414629
0.0415722
0.0416899
0.0418159
0.0419501
0.0420925
0.0422431
0.0424018
0.0425684
0.0427428
0.042925
0.0431146
0.0433116
0.0435158
0.043727
0.043945
0.0441695
0.0444004
0.0446375
0.0448805
0.0451292
0.0453834
0.045643
0.0459076
0.0461771
0.0464514
0.0467302
0.0470134
0.0473009
0.0475926
0.0478884
0.0481883
0.0484923
0.0488005
0.0491128
0.0494295
0.0497508
0.050077
0.0504083
0.0507453
0.0510884
0.0514383
0.0517957
0.0521616
0.0525369
0.0529229
0.053321
0.0537329
0.0541604
0.0546058
0.0550717
0.055561
0.0560773
0.0566247
0.0572079
0.0578326
0.0585056
0.0592348
0.0600297
0.0609021
0.061866
0.062939
0.0641426
0.0655046
0.0670601
0.0688552
0.0709515
0.0734327
0.0764168
0.0800752
0.0846682
0.0906131
0.0986274
0.110069
0.12789
0.160036
0.237707
0.627726
0.0409086
0.040795
0.0406903
0.0405951
0.0405094
0.0404332
0.0403666
0.0403099
0.0402632
0.0402267
0.0402008
0.0401856
0.0401813
0.0401883
0.0402066
0.0402366
0.0402783
0.0403319
0.0403974
0.0404751
0.0405649
0.0406669
0.040781
0.0409073
0.0410456
0.0411959
0.041358
0.0415318
0.0417171
0.0419137
0.0421214
0.0423399
0.0425689
0.0428081
0.0430572
0.0433158
0.0435837
0.0438603
0.0441453
0.0444383
0.044739
0.0450468
0.0453613
0.0456822
0.046009
0.0463413
0.0466786
0.0470207
0.047367
0.0477172
0.048071
0.048428
0.048788
0.0491507
0.0495158
0.0498832
0.0502528
0.0506245
0.0509983
0.0513742
0.0517525
0.0521332
0.0525168
0.0529037
0.0532944
0.0536897
0.0540904
0.0544976
0.0549125
0.0553366
0.0557716
0.0562197
0.0566833
0.0571652
0.0576688
0.058198
0.0587575
0.0593528
0.0599905
0.0606784
0.061426
0.0622446
0.0631483
0.0641542
0.0652839
0.0665645
0.0680309
0.0697288
0.0717188
0.0740841
0.0769411
0.0804595
0.0848968
0.0906658
0.0984759
0.109669
0.12716
0.158789
0.235336
0.621477
0.0406813
0.0404471
0.0402325
0.0400373
0.0398608
0.0397024
0.0395617
0.0394385
0.0393326
0.0392439
0.0391723
0.0391178
0.0390804
0.03906
0.0390568
0.0390707
0.0391018
0.03915
0.0392153
0.0392978
0.0393973
0.0395137
0.0396469
0.0397968
0.0399632
0.0401457
0.0403443
0.0405585
0.0407881
0.0410327
0.0412918
0.0415651
0.0418522
0.0421524
0.0424653
0.0427903
0.0431269
0.0434744
0.0438323
0.0441999
0.0445766
0.0449617
0.0453545
0.0457545
0.0461608
0.0465728
0.04699
0.0474115
0.0478368
0.0482652
0.0486961
0.049129
0.0495633
0.0499984
0.050434
0.0508695
0.0513047
0.0517391
0.0521725
0.0526048
0.0530359
0.0534657
0.0538944
0.0543222
0.0547495
0.0551767
0.0556045
0.0560337
0.0564655
0.0569012
0.0573422
0.0577906
0.0582485
0.0587187
0.0592044
0.0597093
0.060238
0.0607958
0.061389
0.0620254
0.0627142
0.0634665
0.064296
0.0652197
0.0662585
0.0674393
0.0687961
0.0703739
0.0722321
0.0744523
0.0771489
0.0804881
0.0847226
0.0902568
0.0977862
0.108626
0.125627
0.156456
0.231207
0.609868
0.040268
0.0398935
0.0395518
0.0392417
0.0389615
0.03871
0.0384862
0.0382892
0.0381183
0.0379729
0.0378525
0.0377568
0.0376854
0.0376381
0.0376146
0.0376147
0.0376383
0.037685
0.0377548
0.0378473
0.0379624
0.0380998
0.0382592
0.0384402
0.0386426
0.0388659
0.0391096
0.0393733
0.0396565
0.0399586
0.040279
0.040617
0.0409721
0.0413434
0.0417302
0.0421317
0.0425471
0.0429755
0.0434162
0.0438681
0.0443303
0.044802
0.0452822
0.0457699
0.0462642
0.0467642
0.0472688
0.0477772
0.0482884
0.0488016
0.0493157
0.04983
0.0503436
0.0508558
0.0513657
0.0518727
0.0523762
0.0528755
0.0533702
0.0538598
0.0543439
0.0548224
0.0552951
0.0557619
0.0562231
0.0566788
0.0571296
0.057576
0.0580191
0.0584598
0.0588997
0.0593403
0.0597838
0.0602328
0.0606903
0.0611598
0.0616457
0.0621532
0.0626884
0.0632589
0.0638735
0.0645432
0.0652814
0.0661046
0.0670333
0.0680936
0.0693189
0.0707529
0.0724538
0.0745011
0.0770062
0.0801305
0.0841199
0.0893682
0.0965517
0.106949
0.123329
0.153134
0.225552
0.593641
0.0398464
0.0393146
0.0388319
0.0383952
0.038002
0.03765
0.0373373
0.0370622
0.0368236
0.03662
0.0364507
0.0363147
0.0362113
0.0361398
0.0360997
0.0360905
0.0361116
0.0361626
0.036243
0.0363524
0.0364903
0.0366562
0.0368496
0.03707
0.0373167
0.0375892
0.0378867
0.0382087
0.0385542
0.0389225
0.0393128
0.0397241
0.0401555
0.040606
0.0410745
0.0415601
0.0420616
0.0425779
0.0431077
0.04365
0.0442035
0.0447669
0.0453391
0.0459188
0.0465047
0.0470957
0.0476903
0.0482875
0.048886
0.0494846
0.050082
0.0506772
0.0512691
0.0518565
0.0524384
0.0530139
0.0535819
0.0541417
0.0546923
0.0552332
0.0557637
0.0562833
0.0567916
0.0572885
0.0577737
0.0582474
0.0587099
0.0591615
0.0596031
0.0600355
0.0604599
0.0608781
0.0612919
0.0617035
0.0621159
0.0625325
0.0629575
0.0633958
0.0638537
0.0643382
0.0648581
0.0654241
0.0660491
0.0667491
0.0675442
0.0684596
0.0695277
0.0707907
0.0723048
0.0741467
0.0764241
0.0792935
0.0829925
0.0879014
0.0946735
0.104543
0.120184
0.14877
0.218418
0.572709
0.0396557
0.0389508
0.0383136
0.0377399
0.0372255
0.0367669
0.0363612
0.0360057
0.0356983
0.0354371
0.0352204
0.0350466
0.0349147
0.0348234
0.0347717
0.0347587
0.0347835
0.0348454
0.0349434
0.0350769
0.035245
0.0354471
0.0356822
0.0359496
0.0362483
0.0365775
0.0369362
0.0373234
0.037738
0.038179
0.0386452
0.0391353
0.0396482
0.0401825
0.0407369
0.04131
0.0419005
0.0425067
0.0431273
0.0437607
0.0444054
0.04506
0.0457227
0.0463922
0.0470669
0.0477452
0.0484256
0.0491065
0.0497865
0.050464
0.0511376
0.0518059
0.0524674
0.0531208
0.0537648
0.0543982
0.0550194
0.0556273
0.0562206
0.0567986
0.0573604
0.0579053
0.0584327
0.0589421
0.0594332
0.0599059
0.0603602
0.0607965
0.0612152
0.0616172
0.0620034
0.0623754
0.0627349
0.0630842
0.063426
0.0637637
0.0641013
0.0644438
0.0647969
0.0651676
0.0655645
0.0659979
0.0664802
0.067027
0.0676575
0.0683959
0.0692734
0.0703304
0.0716207
0.0732175
0.0752237
0.0777885
0.0811382
0.0856354
0.0919023
0.101114
0.115815
0.142828
0.208864
0.545141
0.0399938
0.0391019
0.0382964
0.0375734
0.0369279
0.0363554
0.0358517
0.0354129
0.0350357
0.0347171
0.0344545
0.0342458
0.034089
0.0339822
0.0339239
0.0339126
0.033947
0.0340258
0.0341477
0.0343115
0.0345161
0.0347604
0.035043
0.0353628
0.0357185
0.0361089
0.0365327
0.0369886
0.037475
0.0379906
0.0385339
0.0391033
0.0396974
0.0403145
0.0409531
0.0416112
0.0422868
0.0429782
0.0436837
0.0444015
0.0451298
0.0458668
0.0466107
0.0473596
0.0481118
0.0488654
0.0496187
0.0503697
0.0511167
0.0518579
0.0525915
0.0533157
0.0540289
0.0547294
0.0554155
0.0560856
0.0567383
0.057372
0.0579856
0.0585776
0.0591471
0.059693
0.0602145
0.0607108
0.0611815
0.0616262
0.0620449
0.0624375
0.0628045
0.0631465
0.0634646
0.0637599
0.0640344
0.06429
0.0645296
0.0647564
0.0649744
0.0651882
0.0654038
0.0656278
0.0658685
0.0661359
0.0664422
0.066802
0.0672339
0.067761
0.0684127
0.0692273
0.0702557
0.0715667
0.0732571
0.0754669
0.0784084
0.0824213
0.0880884
0.09651
0.110066
0.135136
0.196664
0.510306
0.0411597
0.040078
0.0391027
0.0382275
0.0374468
0.0367557
0.0361505
0.0356261
0.035178
0.0348021
0.0344949
0.0342531
0.034074
0.033955
0.0338936
0.0338878
0.0339356
0.034035
0.0341842
0.0343815
0.0346252
0.0349135
0.0352448
0.0356174
0.0360296
0.0364796
0.0369657
0.0374861
0.0380391
0.0386228
0.0392353
0.0398747
0.0405391
0.0412266
0.0419352
0.0426629
0.0434077
0.0441676
0.0449405
0.0457245
0.0465174
0.0473173
0.0481221
0.0489297
0.0497381
0.0505451
0.0513487
0.0521468
0.0529373
0.0537182
0.0544872
0.0552425
0.0559819
0.0567035
0.0574054
0.0580856
0.0587423
0.0593739
0.0599786
0.060555
0.0611017
0.0616173
0.0621009
0.0625515
0.0629684
0.0633511
0.0636992
0.0640129
0.0642924
0.0645382
0.0647514
0.0649332
0.0650853
0.06521
0.0653099
0.0653884
0.0654495
0.0654978
0.065539
0.06558
0.0656287
0.0656948
0.06579
0.0659285
0.0661278
0.0664098
0.066802
0.0673402
0.0680718
0.0690604
0.0703955
0.0722062
0.0746877
0.0781521
0.0831345
0.0906443
0.102863
0.125634
0.18177
0.468125
0.0434388
0.042177
0.0410393
0.0400186
0.0391086
0.038304
0.0376003
0.0369935
0.0364777
0.0360478
0.0356989
0.035427
0.035228
0.0350987
0.0350356
0.0350359
0.0350968
0.0352155
0.0353896
0.0356167
0.0358944
0.0362204
0.0365924
0.0370083
0.0374658
0.0379627
0.0384968
0.039066
0.0396681
0.0403009
0.0409623
0.04165
0.042362
0.0430961
0.0438501
0.0446218
0.0454091
0.0462099
0.0470219
0.047843
0.0486709
0.0495036
0.0503386
0.0511739
0.0520071
0.0528359
0.053658
0.054471
0.0552726
0.0560604
0.0568321
0.0575852
0.0583174
0.0590263
0.0597098
0.0603655
0.0609913
0.0615851
0.0621449
0.062669
0.0631557
0.0636034
0.0640108
0.0643768
0.0647005
0.0649813
0.0652188
0.065413
0.0655641
0.0656729
0.0657402
0.0657674
0.0657565
0.0657098
0.0656301
0.0655208
0.0653862
0.065231
0.0650611
0.0648831
0.0647051
0.0645365
0.0643886
0.0642749
0.0642121
0.0642205
0.0643257
0.0645608
0.0649688
0.065608
0.066559
0.0679384
0.0699219
0.0727898
0.077022
0.0835226
0.0942441
0.114409
0.164375
0.419309
0.047207
0.0457861
0.0445037
0.0433522
0.0423251
0.0414169
0.0406234
0.0399406
0.0393616
0.0388803
0.0384908
0.038188
0.037967
0.0378233
0.0377529
0.0377517
0.0378161
0.0379428
0.0381284
0.0383697
0.0386637
0.0390076
0.0393985
0.0398337
0.0403104
0.0408262
0.0413784
0.0419647
0.0425825
0.0432295
0.0439034
0.0446019
0.0453227
0.0460636
0.0468223
0.0475968
0.0483848
0.0491842
0.0499927
0.0508081
0.0516283
0.0524508
0.0532735
0.0540939
0.0549097
0.0557183
0.0565172
0.0573038
0.0580755
0.0588296
0.0595634
0.0602741
0.060959
0.0616153
0.0622404
0.0628316
0.0633863
0.0639021
0.0643766
0.0648076
0.0651932
0.0655316
0.0658212
0.0660607
0.0662491
0.0663858
0.0664703
0.0665026
0.0664832
0.0664127
0.0662925
0.0661241
0.0659097
0.065652
0.0653541
0.0650198
0.0646536
0.0642606
0.0638468
0.0634191
0.0629856
0.0625555
0.0621399
0.0617517
0.0614064
0.061123
0.0609251
0.0608424
0.0609137
0.0611907
0.0617448
0.0626785
0.064146
0.0663924
0.0698363
0.0752656
0.0843793
0.101716
0.144918
0.365279
0.0529422
0.0513908
0.0499879
0.0487256
0.0475977
0.0465991
0.0457266
0.0449739
0.0443335
0.0437983
0.0433618
0.0430178
0.0427608
0.0425853
0.0424864
0.0424594
0.0424999
0.0426037
0.0427669
0.0429857
0.0432566
0.0435763
0.0439414
0.044349
0.0447962
0.04528
0.0457979
0.0463472
0.0469256
0.0475306
0.04816
0.0488115
0.0494831
0.0501725
0.0508778
0.051597
0.0523279
0.0530685
0.0538169
0.0545708
0.055328
0.0560865
0.0568438
0.0575975
0.0583451
0.0590839
0.0598112
0.0605241
0.0612197
0.0618948
0.0625464
0.0631712
0.0637659
0.0643274
0.0648523
0.0653376
0.0657801
0.0661768
0.066525
0.0668221
0.0670656
0.0672536
0.0673843
0.0674562
0.0674682
0.0674197
0.0673104
0.0671405
0.0669106
0.0666218
0.0662758
0.0658746
0.0654209
0.0649178
0.0643691
0.0637792
0.0631529
0.062496
0.0618148
0.0611166
0.0604095
0.0597029
0.0590075
0.0583356
0.0577019
0.0571237
0.0566223
0.0562241
0.0559632
0.0558843
0.0560491
0.056545
0.0575032
0.0591313
0.0617835
0.0661243
0.0735853
0.0879824
0.124105
0.308254
0.0612859
0.0596255
0.0581179
0.0567558
0.0555332
0.0544464
0.0534936
0.0526625
0.0519449
0.0513334
0.0508209
0.0504009
0.0500672
0.0498139
0.0496358
0.0495276
0.0494847
0.0495026
0.0495771
0.0497042
0.0498803
0.050102
0.050366
0.0506693
0.051009
0.0513824
0.0517871
0.0522207
0.0526809
0.0531657
0.053673
0.0542009
0.0547476
0.0553114
0.0558903
0.0564828
0.0570871
0.0577013
0.0583237
0.0589523
0.0595851
0.0602199
0.0608544
0.0614861
0.0621125
0.0627305
0.0633372
0.0639293
0.0645034
0.0650558
0.0655829
0.0660808
0.0665454
0.066973
0.0673595
0.0677011
0.0679939
0.0682344
0.0684193
0.0685454
0.0686101
0.0686108
0.0685457
0.0684133
0.0682125
0.0679428
0.0676042
0.0671973
0.0667232
0.0661836
0.0655808
0.0649175
0.0641972
0.0634239
0.0626021
0.0617369
0.0608341
0.0598999
0.0589413
0.0579662
0.0569828
0.0560006
0.0550301
0.054083
0.0531729
0.0523156
0.0515299
0.0508386
0.0502709
0.0498643
0.0496701
0.0497605
0.050243
0.0512873
0.0531817
0.0564666
0.0623035
0.0737823
0.102836
0.250927
0.0731037
0.0713137
0.0696754
0.0681823
0.0668297
0.0656162
0.0645317
0.0635626
0.0627009
0.0619391
0.0612702
0.0606879
0.060186
0.0597591
0.059402
0.05911
0.0588785
0.0587034
0.058581
0.0585078
0.0584803
0.0584957
0.058551
0.0586437
0.0587713
0.0589317
0.0591227
0.0593423
0.0595889
0.0598607
0.0601562
0.0604737
0.0608119
0.0611694
0.0615447
0.0619365
0.0623433
0.0627636
0.0631957
0.063638
0.0640884
0.0645449
0.065005
0.0654661
0.0659254
0.0663794
0.0668248
0.0672577
0.067674
0.0680692
0.0684387
0.0687779
0.0690817
0.0693453
0.0695638
0.0697323
0.0698462
0.0699012
0.0698932
0.0698187
0.0696745
0.0694579
0.0691671
0.0688005
0.0683574
0.0678377
0.0672419
0.0665714
0.065828
0.0650144
0.0641339
0.0631902
0.0621879
0.061132
0.0600283
0.0588828
0.0577022
0.0564937
0.055265
0.0540243
0.0527804
0.0515427
0.0503214
0.0491276
0.0479737
0.0468736
0.0458434
0.0449025
0.0440746
0.0433901
0.0428898
0.0426307
0.0426971
0.0432216
0.044429
0.0467399
0.0510571
0.0597773
0.0821261
0.196223
0.0893623
0.0873193
0.0854238
0.0836696
0.0820536
0.0805756
0.0792103
0.0779501
0.0767877
0.0757167
0.0747311
0.0738255
0.072995
0.0722349
0.071541
0.0709096
0.0703371
0.0698202
0.0693559
0.0689414
0.0685742
0.0682519
0.0679723
0.0677334
0.0675333
0.0673702
0.0672425
0.0671487
0.0670873
0.0670571
0.0670568
0.0670851
0.0671408
0.0672229
0.0673302
0.0674613
0.067615
0.06779
0.0679846
0.0681971
0.0684254
0.0686673
0.06892
0.0691806
0.0694455
0.069711
0.0699726
0.0702256
0.0704648
0.0706846
0.0708793
0.0710428
0.0711689
0.0712513
0.071284
0.071261
0.0711768
0.0710261
0.0708043
0.0705074
0.0701319
0.0696753
0.0691358
0.0685124
0.067805
0.0670143
0.0661419
0.0651903
0.0641625
0.0630627
0.0618954
0.0606659
0.0593803
0.0580448
0.0566666
0.0552529
0.0538115
0.0523505
0.0508783
0.0494035
0.0479352
0.0464826
0.0450554
0.0436638
0.0423187
0.0410319
0.0398168
0.0386886
0.0376658
0.0367716
0.0360367
0.0355034
0.0352344
0.0353278
0.0359498
0.0374119
0.0403824
0.0466334
0.0629711
0.146855
0.110488
0.107908
0.105478
0.103192
0.101048
0.0990225
0.0971058
0.095292
0.0935759
0.0919524
0.0904172
0.0889661
0.0875953
0.0863014
0.0850812
0.0839317
0.0828501
0.0818338
0.0808803
0.0799875
0.079153
0.0783748
0.0776511
0.07698
0.0763597
0.0757886
0.0752651
0.0747878
0.0743552
0.073966
0.0736189
0.0733126
0.0730458
0.0728174
0.0726261
0.0724704
0.0723491
0.0722605
0.0722029
0.0721741
0.0721718
0.0721932
0.072235
0.0722935
0.0723642
0.0724422
0.0725219
0.0725972
0.0726614
0.0727073
0.0727275
0.0727142
0.0726595
0.0725559
0.0723957
0.0721719
0.0718779
0.071508
0.0710569
0.0705207
0.0698962
0.0691812
0.0683748
0.0674772
0.0664893
0.0654135
0.064253
0.0630119
0.0616952
0.0603088
0.0588591
0.0573532
0.0557988
0.0542038
0.0525767
0.0509259
0.0492603
0.0475887
0.04592
0.044263
0.0426264
0.0410192
0.03945
0.0379276
0.0364611
0.0350598
0.0337337
0.0324942
0.0313543
0.0303301
0.0294429
0.0287219
0.0282101
0.0279755
0.0281339
0.0289028
0.0307508
0.0349219
0.0461941
0.10486
0.13503
0.131502
0.128147
0.124957
0.121919
0.119016
0.116242
0.113593
0.111065
0.108652
0.106352
0.10416
0.102073
0.100087
0.098198
0.0964038
0.0947011
0.0930867
0.0915579
0.0901119
0.088746
0.0874578
0.0862448
0.0851046
0.084035
0.0830339
0.0820992
0.0812288
0.0804209
0.0796737
0.0789854
0.0783543
0.0777787
0.077257
0.0767874
0.0763682
0.0759975
0.0756732
0.0753929
0.075154
0.0749533
0.0747871
0.0746509
0.0745398
0.0744479
0.0743686
0.0742945
0.0742175
0.0741288
0.0740191
0.073879
0.0736988
0.0734688
0.0731798
0.0728232
0.072391
0.0718762
0.0712729
0.0705763
0.0697832
0.0688915
0.0679006
0.0668111
0.0656252
0.0643462
0.0629786
0.0615278
0.0600006
0.058404
0.0567463
0.0550359
0.0532819
0.0514937
0.0496805
0.0478521
0.0460179
0.0441871
0.0423689
0.0405721
0.0388049
0.0370754
0.0353912
0.0337595
0.032187
0.0306804
0.029246
0.0278904
0.0266206
0.0254446
0.0243719
0.0234154
0.0225928
0.0219311
0.0214735
0.0212949
0.0215378
0.022512
0.0250446
0.0323239
0.0712916
0.158355
0.153582
0.149037
0.144706
0.140568
0.136618
0.132849
0.129253
0.125825
0.122558
0.119448
0.116487
0.11367
0.110993
0.108449
0.106035
0.103745
0.101575
0.0995201
0.0975768
0.0957409
0.0940085
0.0923759
0.0908396
0.0893962
0.0880425
0.0867754
0.085592
0.0844895
0.0834653
0.0825167
0.0816414
0.080837
0.0801012
0.0794316
0.0788259
0.0782813
0.0777952
0.0773643
0.076985
0.0766528
0.0763628
0.076109
0.0758845
0.0756813
0.0754906
0.0753025
0.0751064
0.074891
0.0746448
0.074356
0.0740133
0.0736057
0.0731229
0.0725561
0.0718974
0.0711404
0.0702806
0.069315
0.0682422
0.0670628
0.0657787
0.0643935
0.0629124
0.0613416
0.0596887
0.0579619
0.0561705
0.0543243
0.0524335
0.0505086
0.0485601
0.0465986
0.0446344
0.0426775
0.0407375
0.0388233
0.0369434
0.0351055
0.0333167
0.0315832
0.0299106
0.0283038
0.0267669
0.0253035
0.0239168
0.0226097
0.021385
0.0202459
0.0191963
0.0182419
0.0173914
0.0166588
0.016068
0.0156623
0.0155263
0.0158473
0.0171322
0.0213469
0.0450853
0.173136
0.167312
0.161782
0.156528
0.151534
0.146788
0.142278
0.137995
0.133926
0.130063
0.126397
0.122918
0.119619
0.116491
0.113528
0.110722
0.108067
0.105556
0.103185
0.100946
0.0988348
0.0968465
0.094976
0.093219
0.0915712
0.0900285
0.0885872
0.0872437
0.0859946
0.0848367
0.0837671
0.0827828
0.0818809
0.0810587
0.0803133
0.0796417
0.0790403
0.0785053
0.0780322
0.0776156
0.0772492
0.0769256
0.0766361
0.0763708
0.0761188
0.0758679
0.0756053
0.0753176
0.0749911
0.0746125
0.0741688
0.0736481
0.0730396
0.0723342
0.0715245
0.0706051
0.0695724
0.068425
0.0671635
0.0657904
0.06431
0.0627283
0.0610526
0.0592916
0.0574549
0.055553
0.053597
0.0515984
0.0495687
0.0475197
0.0454627
0.0434089
0.0413689
0.0393525
0.0373691
0.035427
0.0335339
0.0316964
0.02992
0.0282096
0.026569
0.025001
0.0235076
0.0220902
0.0207494
0.0194852
0.0182973
0.0171851
0.0161479
0.0151856
0.0142984
0.0134885
0.0127602
0.012123
0.0115961
0.0112192
0.0110831
0.0114372
0.0132633
0.0249574
)
;

boundaryField
{
    jetInlet
    {
        type            fixedValue;
        value           uniform 0.001;
    }
    returnOutlet
    {
        type            inletOutlet;
        inletValue      uniform 0.001;
        value           nonuniform List<scalar> 
35
(
3.16898
1.70752
1.65822
1.84226
2.12238
2.4514
2.7969
3.13043
3.4276
3.67068
3.84966
3.95184
0.001
0.001
0.001
0.001
0.001
0.001
0.001
0.001
0.001
0.001
0.001
0.001
0.001
0.001
0.156697
0.183984
0.156627
0.0755787
0.0533952
0.0863961
0.166718
0.267565
0.339221
)
;
    }
    flatBed
    {
        type            epsilonWallFunction;
        blending        stepwise;
        value           nonuniform List<scalar> 
100
(
3.16898
3.23788
3.3022
3.36132
3.41448
3.46096
3.50029
3.5326
3.55554
3.55751
3.53612
3.49
3.41878
3.32306
3.20431
3.06476
2.90727
2.73514
2.55201
2.36167
2.16793
1.97448
1.78472
1.60169
1.42794
1.26542
1.11552
0.979003
0.856102
0.746574
0.649816
0.564964
0.491002
0.426843
0.371398
0.323621
0.282539
0.247266
0.217009
0.191063
0.168811
0.149711
0.133298
0.119167
0.106978
0.0964406
0.0873139
0.0793989
0.0725331
0.0665844
0.0614459
0.0570295
0.0532615
0.0500774
0.047419
0.045232
0.0434651
0.04207
0.041002
0.0402204
0.0396893
0.0393774
0.0392583
0.0393097
0.0395131
0.0398533
0.0403175
0.0408893
0.0415361
0.04225
0.0430245
0.0438549
0.0447378
0.0456721
0.0466586
0.0477015
0.0488089
0.0499637
0.0511439
0.0523409
0.0535467
0.0547531
0.0559513
0.0571317
0.0582836
0.0593951
0.0604529
0.0614414
0.0623427
0.0631353
0.0637934
0.0642854
0.0645713
0.0646014
0.0643155
0.0636436
0.0625069
0.0608771
0.0591515
0.0600464
)
;
    }
    slope
    {
        type            epsilonWallFunction;
        blending        stepwise;
        value           nonuniform List<scalar> 
50
(
1.21046
0.456552
0.304145
0.304812
0.33395
0.352547
0.377706
0.397091
0.418329
0.436642
0.455163
0.472071
0.488573
0.504066
0.518813
0.526881
0.543167
0.557641
0.571653
0.584252
0.595948
0.60644
0.61592
0.624319
0.631735
0.638183
0.643707
0.648264
0.651643
0.653102
0.623098
0.62988
0.627726
0.621477
0.609868
0.593641
0.572709
0.545141
0.510306
0.468125
0.419309
0.365279
0.308254
0.250927
0.196223
0.146855
0.10486
0.0712916
0.0450853
0.0249574
)
;
    }
    top
    {
        type            symmetryPlane;
    }
    frontAndBack
    {
        type            empty;
    }
    defaultFaces
    {
        type            empty;
    }
}


// ************************************************************************* //
