/*--------------------------------*- C++ -*----------------------------------*\
| =========                 |                                                 |
| \\      /  F ield         | OpenFOAM: The Open Source CFD Toolbox           |
|  \\    /   O peration     | Version:  2206                                  |
|   \\  /    A nd           | Website:  www.openfoam.com                      |
|    \\/     M anipulation  |                                                 |
\*---------------------------------------------------------------------------*/
FoamFile
{
    version     2.0;
    format      ascii;
    arch        "LSB;label=32;scalar=64";
    class       volScalarField;
    location    "1100";
    object      k;
}
// * * * * * * * * * * * * * * * * * * * * * * * * * * * * * * * * * * * * * //

dimensions      [0 2 -2 0 0 0 0];

internalField   nonuniform List<scalar> 
10000
(
0.284615
0.289977
0.294728
0.298848
0.302218
0.304796
0.306135
0.305117
0.301458
0.295045
0.285928
0.274301
0.260475
0.244855
0.227909
0.210142
0.192064
0.174157
0.156847
0.140477
0.125291
0.111434
0.0989639
0.0878655
0.0780745
0.0694956
0.0620183
0.0555273
0.0499083
0.0450517
0.0408549
0.0372234
0.0340728
0.0313288
0.0289286
0.0268211
0.0249659
0.0233333
0.0219021
0.0206578
0.0195899
0.0186897
0.0179483
0.0173556
0.0169003
0.0165704
0.0163548
0.016244
0.0162142
0.0162409
0.016315
0.0164293
0.0165776
0.0167544
0.0169556
0.0171772
0.0174161
0.0176696
0.0179352
0.0182111
0.0184952
0.0187861
0.0190824
0.0193827
0.0196859
0.019991
0.020297
0.020603
0.0209082
0.0212118
0.021513
0.0218112
0.0221057
0.022396
0.0226815
0.0229617
0.0232364
0.0235054
0.0237686
0.0240265
0.0242799
0.0245303
0.0247801
0.0250287
0.0252645
0.025485
0.0256877
0.025869
0.0260245
0.0261486
0.0262336
0.0262688
0.0262398
0.0261261
0.0258992
0.0255141
0.0248879
0.0238776
0.0223156
0.0199837
0.551291
0.560826
0.569851
0.578269
0.585694
0.591576
0.595257
0.59539
0.591178
0.582099
0.567939
0.54879
0.525018
0.497218
0.466165
0.432758
0.397965
0.362762
0.328061
0.294654
0.263163
0.234016
0.207456
0.183562
0.162291
0.143516
0.12706
0.112725
0.100303
0.0895877
0.0803771
0.0724788
0.0657117
0.0599095
0.0549235
0.0506249
0.0469061
0.0436809
0.0408833
0.0384644
0.0363887
0.0346294
0.0331638
0.0319697
0.0310234
0.030299
0.0297698
0.0294098
0.0291824
0.0290652
0.0290401
0.029092
0.0292081
0.0293783
0.029594
0.0298482
0.0301351
0.03045
0.0307889
0.0311486
0.0315262
0.0319194
0.0323262
0.0327448
0.0331737
0.0336116
0.0340571
0.0345093
0.0349671
0.0354296
0.0358958
0.0363651
0.0368365
0.0373094
0.0377829
0.0382565
0.0387294
0.0392009
0.0396705
0.0401375
0.0406014
0.0410618
0.0415182
0.0419705
0.0424143
0.0428474
0.0432671
0.0436702
0.0440527
0.0444089
0.0447314
0.04501
0.0452298
0.0453695
0.0453961
0.0452579
0.0448827
0.0441638
0.0427587
0.0392821
0.73638
0.746153
0.756135
0.766031
0.775382
0.783494
0.789525
0.791573
0.788362
0.77901
0.763079
0.740562
0.711831
0.677563
0.638666
0.596219
0.551408
0.505462
0.459576
0.41483
0.37212
0.332108
0.295217
0.261649
0.231431
0.204465
0.180578
0.159559
0.141182
0.125217
0.111432
0.0995964
0.0894846
0.0808762
0.0735619
0.067349
0.0620663
0.0575675
0.0537323
0.0504657
0.0476947
0.0453632
0.0434268
0.0418478
0.0405905
0.0396197
0.0388995
0.0383947
0.0380625
0.0378724
0.0378001
0.0378252
0.0379312
0.0381042
0.0383331
0.0386085
0.0389231
0.0392707
0.0396464
0.040046
0.0404662
0.0409041
0.0413572
0.0418236
0.0423015
0.0427894
0.0432858
0.0437897
0.0442998
0.0448152
0.0453349
0.045858
0.0463838
0.0469112
0.0474396
0.0479682
0.0484961
0.0490226
0.0495468
0.0500678
0.0505848
0.0510965
0.0516018
0.0521002
0.0525877
0.0530615
0.0535185
0.0539549
0.0543658
0.054745
0.0550839
0.0553709
0.0555889
0.0557125
0.0557009
0.0554878
0.0549705
0.0539676
0.0519616
0.0474825
0.893067
0.902927
0.913914
0.925832
0.938085
0.949713
0.959568
0.965127
0.96456
0.956618
0.940674
0.916674
0.885029
0.846494
0.802073
0.752941
0.700404
0.645843
0.590648
0.536132
0.48344
0.433471
0.386848
0.343927
0.304839
0.269546
0.23791
0.20974
0.184828
0.162959
0.143915
0.127471
0.113392
0.101435
0.0913456
0.0828742
0.07578
0.0698438
0.0648745
0.060713
0.0572317
0.054331
0.0519335
0.0499775
0.0484111
0.0471875
0.0462627
0.0455941
0.0451337
0.0448439
0.044695
0.0446624
0.0447256
0.0448678
0.0450751
0.0453364
0.0456427
0.0459866
0.0463621
0.0467645
0.0471898
0.0476347
0.0480966
0.0485731
0.0490623
0.0495626
0.0500727
0.0505911
0.0511168
0.0516488
0.0521861
0.0527278
0.0532731
0.0538211
0.0543711
0.0549221
0.0554734
0.056024
0.056573
0.0571194
0.0576618
0.058199
0.0587292
0.0592517
0.0597625
0.0602584
0.0607355
0.061189
0.0616131
0.0619996
0.0623376
0.0626118
0.0627998
0.0628679
0.0627633
0.0624031
0.0616597
0.0603184
0.0578859
0.0532505
1.03803
1.04852
1.06117
1.07621
1.09284
1.10966
1.12485
1.13535
1.13865
1.13314
1.11809
1.09352
1.05996
1.01829
0.96962
0.915179
0.85631
0.794452
0.731101
0.66774
0.605727
0.546195
0.489982
0.437619
0.389368
0.345273
0.305247
0.269139
0.236778
0.207993
0.182615
0.160468
0.141357
0.12506
0.111321
0.0998524
0.0903537
0.0825246
0.0760851
0.0707888
0.0664302
0.0628446
0.0599043
0.0575107
0.055586
0.0540664
0.0528961
0.0520248
0.0513978
0.0509715
0.050711
0.0505872
0.0505758
0.0506568
0.0508139
0.0510337
0.0513054
0.0516206
0.051972
0.0523542
0.0527626
0.0531935
0.0536438
0.054111
0.0545931
0.0550882
0.0555948
0.0561117
0.0566376
0.0571716
0.0577126
0.0582598
0.0588123
0.0593693
0.0599299
0.0604933
0.0610585
0.0616247
0.0621907
0.0627553
0.0633172
0.0638748
0.0644261
0.0649694
0.0655018
0.066019
0.0665167
0.0669893
0.0674296
0.0678282
0.0681718
0.0684423
0.0686135
0.0686468
0.0684842
0.0680381
0.0671778
0.0656972
0.0631978
0.058939
1.17317
1.18516
1.20042
1.21991
1.24258
1.26635
1.28838
1.30496
1.31286
1.31023
1.29637
1.27152
1.23648
1.19236
1.14039
1.08182
1.01796
0.9502
0.880029
0.809005
0.738642
0.670277
0.604959
0.543411
0.48604
0.432991
0.384237
0.339672
0.299171
0.26262
0.229918
0.200968
0.175664
0.15386
0.135357
0.119887
0.107127
0.0967112
0.0882665
0.0814392
0.0759187
0.0714478
0.067824
0.0648922
0.0625344
0.0606595
0.0591942
0.0580763
0.0572427
0.0566432
0.0562374
0.0559914
0.0558771
0.055871
0.0559538
0.05611
0.0563269
0.0565944
0.0569042
0.05725
0.0576264
0.0580291
0.0584547
0.0589005
0.059364
0.0598433
0.0603368
0.0608431
0.0613609
0.0618891
0.0624268
0.062973
0.0635268
0.0640874
0.0646538
0.0652253
0.0658007
0.0663791
0.0669593
0.06754
0.0681197
0.0686966
0.0692687
0.0698334
0.0703884
0.0709289
0.0714501
0.0719455
0.0724073
0.0728247
0.0731833
0.0734632
0.0736363
0.0736629
0.0734851
0.0730188
0.0721428
0.0706761
0.0683092
0.0645359
1.29503
1.30973
1.32899
1.35475
1.38546
1.41804
1.44848
1.47196
1.48473
1.48484
1.47189
1.44656
1.41008
1.3639
1.30942
1.24791
1.18054
1.10855
1.03327
0.956231
0.878992
0.803044
0.729625
0.659651
0.593691
0.532001
0.474625
0.421505
0.372568
0.327757
0.287043
0.250423
0.217902
0.189456
0.165003
0.144371
0.127283
0.113363
0.102172
0.0932452
0.0861465
0.0804949
0.0759817
0.0723683
0.0694757
0.0671708
0.0653522
0.0639398
0.0628582
0.0620489
0.0614651
0.0610679
0.0608246
0.0607079
0.0606956
0.0607692
0.0609142
0.0611185
0.0613727
0.0616691
0.0620017
0.0623655
0.0627567
0.0631721
0.0636089
0.064065
0.0645386
0.0650281
0.0655322
0.0660496
0.0665794
0.0671205
0.067672
0.0682329
0.0688023
0.0693792
0.0699627
0.0705515
0.0711445
0.0717402
0.072337
0.072933
0.0735259
0.0741131
0.0746921
0.0752579
0.0758053
0.0763277
0.0768164
0.0772603
0.0776443
0.0779482
0.0781441
0.0781936
0.0780425
0.0776147
0.0768039
0.0754582
0.0733421
0.0701052
1.39753
1.41676
1.44224
1.47689
1.51829
1.56191
1.60211
1.63282
1.65002
1.65206
1.63917
1.6127
1.57452
1.5265
1.47025
1.40704
1.33786
1.26363
1.18541
1.1045
1.02241
0.940689
0.860727
0.783622
0.710114
0.64058
0.575143
0.513804
0.456554
0.403394
0.354362
0.309549
0.269074
0.233055
0.201568
0.174599
0.152004
0.133484
0.118599
0.106813
0.0975612
0.0903141
0.0846217
0.0801277
0.0765634
0.073732
0.0714896
0.0697283
0.0683541
0.0672972
0.0665029
0.065926
0.0655289
0.06528
0.0651532
0.0651274
0.0651853
0.065313
0.0654993
0.0657355
0.0660145
0.0663306
0.0666793
0.0670569
0.0674604
0.0678874
0.0683357
0.0688036
0.0692896
0.0697924
0.0703107
0.0708436
0.0713898
0.0719485
0.0725185
0.073099
0.0736886
0.0742864
0.0748909
0.0755006
0.0761138
0.0767286
0.0773425
0.0779527
0.0785567
0.0791495
0.0797257
0.0802786
0.0807996
0.0812773
0.0816971
0.0820393
0.0822778
0.082377
0.0822883
0.0819454
0.0812577
0.0801007
0.0782937
0.0755819
1.47317
1.49989
1.53524
1.58272
1.63829
1.69542
1.74598
1.78321
1.80335
1.80563
1.79131
1.76268
1.72234
1.67264
1.61543
1.55194
1.48289
1.40878
1.33023
1.24813
1.1638
1.07872
0.994344
0.911954
0.832463
0.756369
0.683881
0.61508
0.550046
0.488841
0.431572
0.37842
0.329613
0.285405
0.246041
0.211702
0.182441
0.158135
0.138446
0.122846
0.110683
0.101276
0.0940053
0.0883564
0.0839344
0.0804498
0.0776948
0.0755199
0.0738026
0.0724575
0.071419
0.0706341
0.0700588
0.0696568
0.0693977
0.0692568
0.0692138
0.0692528
0.0693605
0.0695269
0.0697436
0.0700041
0.0703032
0.0706368
0.0710013
0.0713939
0.0718122
0.0722543
0.0727184
0.073203
0.0737068
0.0742285
0.0747669
0.075321
0.0758896
0.0764716
0.0770657
0.0776708
0.0782854
0.078908
0.0795367
0.0801696
0.0808041
0.0814375
0.082067
0.082688
0.0832952
0.0838819
0.0844397
0.084958
0.0854229
0.0858162
0.086114
0.0862848
0.0862863
0.086062
0.0855361
0.0846073
0.0831354
0.0809288
1.51323
1.55283
1.60433
1.67046
1.74446
1.81711
1.87668
1.91773
1.93763
1.93731
1.91944
1.88739
1.84444
1.79341
1.7363
1.67426
1.60765
1.53647
1.46071
1.3807
1.29735
1.21196
1.12592
1.04067
0.957319
0.876462
0.798396
0.723305
0.65142
0.582866
0.517814
0.456555
0.39941
0.34676
0.299008
0.256528
0.21961
0.188372
0.162691
0.142163
0.126141
0.113835
0.104446
0.0972684
0.0917361
0.087429
0.0840465
0.0813775
0.079258
0.0775792
0.0762603
0.0752379
0.0744601
0.0738845
0.0734757
0.0732048
0.0730484
0.0729874
0.0730068
0.0730945
0.0732411
0.073439
0.0736822
0.0739659
0.0742861
0.0746396
0.0750237
0.075436
0.0758747
0.0763379
0.0768241
0.077332
0.0778601
0.0784072
0.0789721
0.0795536
0.0801503
0.0807609
0.081384
0.082018
0.082661
0.083311
0.0839655
0.0846217
0.085277
0.0859271
0.0865668
0.0871899
0.0877886
0.0883531
0.0888707
0.0893253
0.0896958
0.0899548
0.0900663
0.0899828
0.0896417
0.0889607
0.0878288
0.0860965
1.50657
1.57073
1.6493
1.74221
1.8389
1.92582
1.9895
2.02835
2.04262
2.03565
2.0117
1.97505
1.92948
1.87799
1.8226
1.76427
1.70295
1.63804
1.56878
1.49478
1.41634
1.3344
1.25009
1.16506
1.08058
0.997325
0.91566
0.835881
0.758512
0.683714
0.611708
0.542955
0.477844
0.416877
0.360598
0.309554
0.264266
0.22513
0.192317
0.165671
0.144683
0.128552
0.116339
0.107129
0.100145
0.0947875
0.0906267
0.0873608
0.0847665
0.0827009
0.0810615
0.07977
0.0787646
0.0779948
0.0774194
0.0770045
0.0767226
0.0765514
0.0764733
0.0764744
0.0765437
0.0766725
0.0768539
0.0770823
0.0773534
0.0776633
0.0780089
0.0783878
0.0787975
0.0792362
0.0797019
0.0801931
0.0807083
0.0812461
0.081805
0.0823838
0.082981
0.0835953
0.0842251
0.0848687
0.0855245
0.0861904
0.0868639
0.0875423
0.0882233
0.0889028
0.0895761
0.0902376
0.0908802
0.0914952
0.0920716
0.0925951
0.0930478
0.0934064
0.0936405
0.0937109
0.0935658
0.0931381
0.0923388
0.0910481
1.43478
1.55373
1.67728
1.80623
1.92658
2.01791
2.07449
2.10099
2.10227
2.08411
2.05191
2.01033
1.9631
1.91304
1.86193
1.81039
1.75793
1.7033
1.64495
1.58161
1.51279
1.43887
1.36044
1.27938
1.19721
1.11455
1.03185
0.94946
0.868487
0.789028
0.7113
0.636089
0.563783
0.495015
0.430466
0.37082
0.31681
0.269103
0.228205
0.194296
0.16715
0.146105
0.130179
0.118277
0.109382
0.102669
0.0975304
0.0935334
0.0903729
0.0878568
0.0858505
0.0842553
0.0829955
0.0820106
0.0812517
0.0806791
0.0802602
0.0799691
0.0797852
0.0796923
0.0796777
0.0797313
0.0798454
0.0800135
0.0802307
0.0804927
0.0807961
0.0811377
0.0815152
0.081926
0.0823683
0.0828402
0.0833399
0.0838658
0.0844165
0.0849904
0.085586
0.0862018
0.0868363
0.0874879
0.0881547
0.0888349
0.0895262
0.090226
0.0909321
0.0916411
0.0923486
0.0930497
0.0937383
0.0944069
0.095046
0.0956435
0.0961844
0.0966491
0.0970126
0.0972423
0.0972957
0.0971177
0.0966357
0.0957518
1.2812
1.51713
1.7092
1.87577
2.00229
2.0757
2.10842
2.11098
2.09238
2.0598
2.01879
1.97354
1.92715
1.88183
1.83882
1.7983
1.75925
1.71973
1.67737
1.62992
1.57601
1.51534
1.44834
1.37633
1.3007
1.22239
1.14191
1.05955
0.977522
0.89561
0.813869
0.733772
0.655509
0.579896
0.507771
0.439899
0.377223
0.320643
0.271013
0.228883
0.194419
0.16727
0.146573
0.131142
0.119733
0.111258
0.104876
0.0999695
0.096126
0.0930804
0.0906524
0.0887141
0.0871707
0.0859486
0.0849893
0.0842453
0.0836786
0.0832586
0.0829611
0.0827674
0.0826626
0.0826355
0.082677
0.0827801
0.082939
0.083149
0.0834061
0.0837071
0.0840488
0.0844288
0.0848447
0.0852945
0.0857761
0.0862877
0.0868277
0.0873944
0.0879862
0.0886015
0.0892387
0.0898962
0.0905724
0.0912653
0.0919729
0.0926929
0.0934236
0.0941615
0.0949033
0.0956446
0.0963803
0.0971041
0.097808
0.0984823
0.0991143
0.0996879
0.100183
0.100571
0.100819
0.100881
0.100697
0.100185
1.12627
1.52198
1.778
1.94432
2.02758
2.05164
2.04136
2.01112
1.97046
1.92539
1.87978
1.83627
1.79671
1.76234
1.73374
1.71054
1.6912
1.67313
1.65306
1.62774
1.59481
1.5532
1.50292
1.44493
1.38057
1.31099
1.2371
1.15972
1.08019
0.9989
0.915493
0.83288
0.750515
0.669574
0.591101
0.515848
0.445022
0.379689
0.321081
0.270078
0.227309
0.192877
0.16623
0.146257
0.131563
0.120788
0.112809
0.10676
0.102083
0.0984084
0.095492
0.0931646
0.0913051
0.0898221
0.0886446
0.0877159
0.0869908
0.0864332
0.0860149
0.0857139
0.0855135
0.0854004
0.0853645
0.085398
0.0854943
0.0856483
0.0858555
0.0861121
0.0864149
0.086761
0.0871476
0.0875725
0.0880334
0.0885283
0.0890553
0.0896125
0.0901983
0.090811
0.091449
0.0921105
0.0927941
0.093498
0.0942204
0.0949594
0.0957134
0.0964798
0.0972553
0.0980366
0.0988195
0.0995989
0.100368
0.10112
0.101843
0.102525
0.103149
0.103693
0.104127
0.104415
0.104505
0.104331
1.23921
1.63421
1.80381
1.84688
1.82861
1.78861
1.74309
1.69813
1.65616
1.61832
1.5855
1.5587
1.53885
1.52672
1.52265
1.5261
1.53524
1.54688
1.55685
1.56072
1.55527
1.53891
1.51122
1.47256
1.42466
1.36893
1.30649
1.23842
1.16588
1.08963
1.01013
0.928696
0.845011
0.76113
0.678301
0.59708
0.519186
0.445693
0.378344
0.31823
0.266467
0.223721
0.189927
0.164259
0.145331
0.131561
0.121517
0.114021
0.108313
0.103884
0.100397
0.0976253
0.0954121
0.0936421
0.0922278
0.0911006
0.0902066
0.0895031
0.0889572
0.0885432
0.0882417
0.0880378
0.0879201
0.0878796
0.0879093
0.0880034
0.088157
0.088366
0.0886266
0.0889357
0.0892902
0.0896875
0.0901252
0.0906009
0.0911126
0.0916582
0.092236
0.0928441
0.0934808
0.0941446
0.0948338
0.0955468
0.0962823
0.0970387
0.097815
0.0986086
0.099417
0.100238
0.101067
0.101901
0.102735
0.103563
0.104376
0.105164
0.105912
0.106603
0.107213
0.107709
0.108051
0.108182
0.0717548
0.198992
0.365282
0.538446
0.694116
0.81994
0.912919
0.976553
1.01781
1.04452
1.06375
1.08127
1.10144
1.12737
1.16097
1.20271
1.25116
1.30287
1.3528
1.39375
1.42272
1.43938
1.44346
1.43497
1.41435
1.38256
1.34076
1.29024
1.23225
1.16786
1.098
1.02369
0.945567
0.864549
0.780483
0.694704
0.610642
0.528879
0.452244
0.381797
0.319293
0.266112
0.222861
0.189269
0.16421
0.146004
0.132861
0.123211
0.116002
0.110503
0.10623
0.102863
0.100187
0.0980471
0.0963326
0.094957
0.0938537
0.0929709
0.0922685
0.0917162
0.0912911
0.090976
0.0907577
0.0906262
0.0905737
0.0905936
0.0906806
0.0908301
0.0910379
0.0913003
0.0916142
0.0919763
0.092384
0.0928347
0.0933259
0.0938556
0.0944217
0.0950222
0.0956555
0.0963198
0.0970136
0.0977354
0.0984839
0.0992578
0.100057
0.100878
0.101721
0.102583
0.103462
0.104356
0.105259
0.106168
0.107076
0.107976
0.108854
0.109698
0.110486
0.111194
0.111786
0.112218
0.00725674
0.0101659
0.0147847
0.024236
0.0405495
0.0640881
0.0942172
0.129818
0.169874
0.2139
0.262184
0.31585
0.376788
0.447378
0.529688
0.622013
0.718047
0.814756
0.908926
0.999096
1.08188
1.15341
1.21123
1.25402
1.28109
1.2925
1.28898
1.27169
1.24208
1.20154
1.15149
1.09328
1.02807
0.956981
0.880761
0.800403
0.717023
0.631097
0.546919
0.466127
0.391704
0.325976
0.27041
0.225701
0.191485
0.166373
0.148205
0.135123
0.125588
0.118488
0.113082
0.108888
0.105588
0.102967
0.100871
0.0991857
0.097826
0.096726
0.0958359
0.0951185
0.0945461
0.0940984
0.0937602
0.0935199
0.0933688
0.0932997
0.0933064
0.093384
0.0935278
0.0937336
0.0939978
0.0943169
0.0946877
0.0951072
0.0955729
0.0960823
0.0966331
0.0972233
0.097851
0.0985145
0.0992123
0.0999429
0.100705
0.101498
0.10232
0.103172
0.104052
0.104959
0.105892
0.106849
0.107828
0.108824
0.109834
0.110851
0.111865
0.112866
0.113838
0.114758
0.1156
0.116328
0.00602181
0.00608205
0.00614736
0.00622833
0.0063806
0.00667346
0.00722096
0.00819363
0.00982778
0.0124442
0.0164948
0.0226587
0.0320106
0.0460644
0.0669172
0.0995607
0.151712
0.226185
0.323056
0.438893
0.566382
0.695763
0.817688
0.925298
1.01461
1.0839
1.13297
1.16254
1.17393
1.16872
1.14868
1.11556
1.07106
1.01673
0.953928
0.883973
0.808082
0.727288
0.642896
0.557052
0.474399
0.397396
0.329048
0.271687
0.226178
0.19179
0.16683
0.14906
0.136376
0.12716
0.120305
0.115089
0.111045
0.107867
0.105342
0.103317
0.101681
0.100349
0.0992606
0.0983691
0.0976416
0.0970541
0.0965889
0.0962331
0.0959768
0.0958122
0.0957326
0.0957325
0.0958067
0.0959507
0.0961602
0.0964315
0.0967609
0.0971452
0.0975813
0.0980665
0.0985984
0.0991748
0.0997936
0.100453
0.101152
0.101888
0.102661
0.103469
0.104313
0.105193
0.106107
0.107056
0.108039
0.109055
0.110102
0.111178
0.11228
0.113402
0.114538
0.115678
0.11681
0.117915
0.118972
0.119951
0.00598997
0.00598094
0.00597801
0.00598717
0.00601539
0.00606743
0.00614589
0.0062527
0.00639067
0.00656486
0.00678396
0.00706255
0.00742876
0.00813094
0.00989659
0.0140388
0.0231052
0.0410174
0.0728568
0.123971
0.198242
0.295975
0.412629
0.539474
0.666071
0.783087
0.883931
0.964943
1.02477
1.0636
1.08256
1.08325
1.06755
1.03735
0.994447
0.940587
0.877345
0.806161
0.728462
0.645853
0.559667
0.475294
0.396436
0.326725
0.268735
0.223344
0.189722
0.165726
0.148815
0.136792
0.12806
0.121562
0.116619
0.112788
0.109776
0.107375
0.105438
0.10386
0.102561
0.101487
0.100596
0.0998617
0.0992628
0.0987849
0.0984172
0.098151
0.0979792
0.0978957
0.0978951
0.0979723
0.0981225
0.0983416
0.0986256
0.0989706
0.0993735
0.0998312
0.100341
0.1009
0.101507
0.10216
0.102856
0.103595
0.104376
0.105198
0.10606
0.106964
0.107909
0.108896
0.109924
0.110992
0.112101
0.113249
0.114432
0.115647
0.116889
0.11815
0.119419
0.120681
0.12192
0.123111
0.00598705
0.00597397
0.00596432
0.00596133
0.00596856
0.00599035
0.00603198
0.00609949
0.00619917
0.00633672
0.00651686
0.00674319
0.00701732
0.00734077
0.00773611
0.00832983
0.00957947
0.0125819
0.0194167
0.0334459
0.0592963
0.102177
0.166363
0.253195
0.359595
0.478207
0.599342
0.71359
0.813686
0.895099
0.955714
0.995193
1.01434
1.01462
0.997826
0.965858
0.920591
0.863803
0.797187
0.722406
0.641128
0.555719
0.469592
0.389387
0.319291
0.261889
0.217895
0.185958
0.163482
0.147744
0.136566
0.128442
0.122391
0.117784
0.11421
0.111388
0.109124
0.10728
0.105758
0.104491
0.103429
0.10254
0.101801
0.101194
0.100708
0.100335
0.100065
0.0998926
0.099812
0.0998175
0.0999041
0.100067
0.100301
0.100604
0.10097
0.101397
0.101881
0.102421
0.103013
0.103656
0.104348
0.105087
0.105873
0.106705
0.107583
0.108508
0.10948
0.1105
0.111567
0.112682
0.113845
0.115054
0.116308
0.117604
0.118936
0.120299
0.121684
0.123079
0.124469
0.125835
0.00598686
0.0059732
0.00596174
0.00595605
0.00596034
0.00597939
0.00601826
0.00608205
0.00617579
0.00630433
0.00647222
0.00668381
0.00694306
0.00725154
0.00760604
0.00799962
0.00845076
0.00912046
0.0105412
0.0138887
0.021285
0.0360367
0.0625448
0.105586
0.168865
0.253224
0.355427
0.468431
0.583177
0.690877
0.784638
0.86004
0.914917
0.948814
0.962428
0.95715
0.934715
0.89699
0.845845
0.783107
0.710617
0.630465
0.545244
0.457699
0.377169
0.307758
0.252196
0.210645
0.181067
0.16048
0.146115
0.135907
0.128475
0.122931
0.118698
0.115397
0.11277
0.110637
0.108876
0.107404
0.106161
0.105108
0.10422
0.103478
0.102868
0.10238
0.102006
0.10174
0.101574
0.101504
0.101522
0.101625
0.101806
0.102062
0.102389
0.102782
0.103238
0.103755
0.10433
0.104961
0.105645
0.106382
0.107171
0.108011
0.108901
0.109843
0.110838
0.111886
0.112987
0.114142
0.115351
0.116613
0.117927
0.11929
0.120698
0.122147
0.123628
0.125131
0.126645
0.128154
0.0059873
0.0059741
0.00596274
0.00595595
0.00595695
0.00596938
0.00599738
0.00604563
0.0061193
0.00622412
0.00636624
0.00655177
0.00678636
0.00707448
0.00741785
0.00781244
0.00824561
0.00870668
0.00925178
0.0101688
0.0122055
0.0168171
0.0264246
0.0445359
0.0754634
0.123424
0.191066
0.277931
0.379746
0.489132
0.597438
0.696699
0.780871
0.846182
0.890878
0.914739
0.918566
0.903767
0.872061
0.825287
0.765352
0.694278
0.614381
0.528465
0.440802
0.360559
0.293076
0.240582
0.202328
0.175565
0.157082
0.144199
0.135027
0.128331
0.123314
0.119457
0.116418
0.113966
0.111945
0.11025
0.108813
0.107587
0.106541
0.105654
0.104911
0.104303
0.103819
0.103453
0.103198
0.103046
0.102993
0.103031
0.103156
0.103363
0.103647
0.104003
0.104429
0.104921
0.105476
0.106092
0.106767
0.107499
0.108288
0.109132
0.110031
0.110987
0.112
0.113071
0.114201
0.115389
0.116637
0.117943
0.119306
0.120725
0.122195
0.123714
0.125273
0.126865
0.128479
0.130102
0.00598801
0.0059755
0.00596483
0.00595818
0.00595827
0.00596836
0.00599233
0.00603463
0.00610024
0.00619453
0.00632311
0.0064917
0.00670596
0.00697129
0.00729219
0.00767067
0.00810291
0.00857483
0.00906565
0.00958969
0.0103201
0.0117851
0.0150798
0.0220959
0.0357019
0.0596669
0.0981021
0.154329
0.229423
0.321106
0.423716
0.529428
0.630086
0.718755
0.790504
0.842486
0.8736
0.884018
0.874742
0.847248
0.803282
0.744767
0.673872
0.593265
0.50664
0.419057
0.34039
0.276289
0.227992
0.193642
0.169936
0.153633
0.142257
0.134128
0.128158
0.123643
0.120127
0.117312
0.114999
0.11306
0.111411
0.109996
0.10878
0.107739
0.106856
0.106119
0.105519
0.105047
0.104696
0.104459
0.10433
0.1043
0.104366
0.10452
0.104759
0.105076
0.105469
0.105933
0.106466
0.107065
0.107727
0.108452
0.109238
0.110084
0.110989
0.111956
0.112983
0.114073
0.115225
0.11644
0.117719
0.11906
0.120463
0.121927
0.123447
0.125021
0.126643
0.128304
0.129998
0.131712
0.00598893
0.00597712
0.00596723
0.00596092
0.00596034
0.00596821
0.00598792
0.00602351
0.0060797
0.00616178
0.00627552
0.00642694
0.00662211
0.00686692
0.00716681
0.00752609
0.00794643
0.00842341
0.00894134
0.00947374
0.0100147
0.01068
0.0118795
0.0145084
0.0201487
0.0312553
0.051173
0.0837707
0.132555
0.199373
0.283194
0.379673
0.481883
0.581886
0.672357
0.747632
0.804046
0.839764
0.854379
0.848464
0.823228
0.780274
0.721556
0.649543
0.567542
0.480083
0.393267
0.317825
0.258621
0.215378
0.185239
0.164622
0.150452
0.140523
0.133372
0.128058
0.123975
0.120734
0.118087
0.115871
0.113984
0.112361
0.110959
0.10975
0.108716
0.107842
0.107117
0.106534
0.106082
0.105755
0.105545
0.105445
0.105448
0.105547
0.105738
0.106014
0.106371
0.106805
0.107314
0.107893
0.108541
0.109256
0.110037
0.110882
0.11179
0.112763
0.1138
0.114904
0.116073
0.11731
0.118612
0.119982
0.121416
0.122915
0.124474
0.126091
0.127761
0.129477
0.131231
0.133015
0.00599004
0.00597894
0.00596982
0.00596391
0.00596286
0.00596903
0.00598553
0.00601621
0.00606566
0.00613912
0.00624234
0.00638135
0.00656222
0.00679092
0.00707319
0.00741418
0.00781784
0.00828528
0.00881104
0.00937736
0.0099534
0.0105223
0.0111709
0.012247
0.0145374
0.0194482
0.0291825
0.0467951
0.0759305
0.120092
0.181478
0.259771
0.351496
0.45044
0.548986
0.639691
0.716465
0.775079
0.81313
0.82971
0.824998
0.799929
0.756024
0.695434
0.621139
0.537247
0.449356
0.364623
0.294463
0.24138
0.203629
0.177688
0.160001
0.147793
0.139157
0.132847
0.128067
0.124312
0.121265
0.118725
0.116566
0.114707
0.113098
0.111705
0.110506
0.109484
0.108627
0.107924
0.107367
0.106945
0.106651
0.106476
0.106413
0.106455
0.106595
0.106827
0.107147
0.10755
0.108032
0.10859
0.109222
0.109924
0.110697
0.111538
0.112446
0.113422
0.114466
0.115579
0.116761
0.118013
0.119334
0.120724
0.122182
0.123707
0.125295
0.126945
0.128651
0.130407
0.132208
0.134045
0.00599132
0.00598103
0.00597272
0.00596714
0.00596555
0.00597006
0.00598355
0.0060096
0.00605263
0.00611783
0.00621097
0.00633816
0.00650558
0.00671943
0.00698581
0.00731042
0.00769821
0.0081526
0.00867374
0.00925439
0.00987369
0.0104963
0.0110987
0.0117552
0.0127868
0.0149299
0.0195024
0.028569
0.0450075
0.0722962
0.11387
0.172054
0.246875
0.335354
0.431742
0.528687
0.618748
0.6956
0.754637
0.793019
0.809413
0.803657
0.776522
0.72965
0.665645
0.588254
0.50263
0.415358
0.335326
0.272098
0.225789
0.193489
0.171432
0.156333
0.145798
0.138214
0.132548
0.128147
0.124608
0.121676
0.119194
0.117063
0.115219
0.11362
0.11224
0.111057
0.110057
0.109228
0.108557
0.108036
0.107653
0.107401
0.10727
0.107252
0.10734
0.107527
0.107808
0.108178
0.108632
0.109167
0.109779
0.110468
0.11123
0.112064
0.112969
0.113946
0.114993
0.116112
0.117302
0.118564
0.119897
0.121302
0.122777
0.12432
0.125929
0.127602
0.129334
0.13112
0.132954
0.134829
0.00599279
0.00598373
0.00597661
0.00597159
0.00596987
0.00597368
0.00598587
0.00600989
0.00605002
0.0061113
0.00619929
0.00631969
0.00647824
0.00668078
0.00693326
0.00724153
0.00761105
0.00804656
0.00855129
0.00912479
0.00975816
0.0104273
0.0110927
0.011728
0.0124065
0.0134471
0.0155765
0.0200862
0.0289855
0.0450641
0.0716948
0.112228
0.168974
0.242059
0.328695
0.423356
0.518849
0.607747
0.683581
0.74146
0.778183
0.792084
0.78283
0.751316
0.699653
0.63123
0.55084
0.46474
0.380499
0.307725
0.252406
0.212837
0.185472
0.166709
0.153703
0.144446
0.137616
0.132376
0.128207
0.124787
0.121912
0.119458
0.117341
0.11551
0.113928
0.11257
0.111416
0.11045
0.109661
0.109034
0.108559
0.108226
0.108024
0.107945
0.107979
0.10812
0.108361
0.108697
0.109121
0.109632
0.110224
0.110897
0.111646
0.112472
0.113372
0.114345
0.115393
0.116513
0.117708
0.118976
0.120317
0.121731
0.123216
0.124771
0.126394
0.128082
0.129832
0.131637
0.133494
0.135396
0.0059963
0.00599357
0.0059955
0.00600187
0.00601396
0.00603357
0.00606231
0.00610194
0.0061547
0.00622331
0.00631107
0.00642176
0.00655999
0.00673177
0.00694444
0.00720632
0.00752611
0.00791217
0.00837166
0.00890924
0.00952426
0.0102054
0.010924
0.011636
0.0123149
0.0130423
0.0141534
0.0163959
0.0210819
0.0302295
0.0466113
0.0735468
0.114296
0.171061
0.243871
0.329893
0.423607
0.517831
0.605082
0.678715
0.733573
0.766217
0.774929
0.759631
0.721806
0.664422
0.591909
0.510143
0.426274
0.348099
0.284143
0.236747
0.203132
0.179741
0.16347
0.151952
0.143542
0.137175
0.132178
0.128131
0.124768
0.121923
0.119487
0.117388
0.11558
0.114028
0.112706
0.111596
0.110679
0.109943
0.109372
0.108955
0.10868
0.108538
0.108518
0.108612
0.108812
0.109113
0.109508
0.109994
0.110565
0.11122
0.111956
0.112771
0.113663
0.114631
0.115676
0.116796
0.117991
0.119261
0.120605
0.122023
0.123514
0.125076
0.126707
0.128404
0.130163
0.131981
0.133852
0.135771
0.00610693
0.00631303
0.00661998
0.00702338
0.00750581
0.00804459
0.0086118
0.00917327
0.00969081
0.0101267
0.0104492
0.0106381
0.0106888
0.0106135
0.0104406
0.0102108
0.00997231
0.00977514
0.00966605
0.00968439
0.0098585
0.0102014
0.0107044
0.0113313
0.0120233
0.0127395
0.0135569
0.0148242
0.017327
0.0224348
0.0322275
0.049517
0.0776058
0.119651
0.177655
0.251387
0.337744
0.430969
0.523654
0.608089
0.677445
0.726541
0.752186
0.753206
0.730309
0.685895
0.623904
0.549695
0.469833
0.391568
0.321716
0.266552
0.22587
0.196656
0.17598
0.161315
0.150694
0.142769
0.136656
0.13179
0.12781
0.124487
0.12167
0.119263
0.117199
0.115432
0.113929
0.112663
0.111612
0.11076
0.11009
0.109587
0.109239
0.109032
0.108958
0.109005
0.109165
0.109432
0.109798
0.110258
0.110809
0.111446
0.112167
0.11297
0.113853
0.114814
0.115853
0.116969
0.118162
0.119431
0.120775
0.122194
0.123686
0.12525
0.126883
0.128584
0.130348
0.132171
0.134049
0.135977
0.0153223
0.0240855
0.033523
0.0432301
0.0524439
0.060662
0.06753
0.0727387
0.0760445
0.0773144
0.076555
0.0739074
0.0696619
0.0641786
0.0578637
0.0511355
0.0443881
0.0379617
0.0321212
0.0270486
0.0228453
0.0195419
0.01711
0.0154727
0.0145142
0.014099
0.0141205
0.0145979
0.0158327
0.0185981
0.024307
0.0351187
0.0539166
0.0840067
0.12841
0.188794
0.264375
0.351359
0.443318
0.532429
0.611001
0.672683
0.7131
0.729989
0.723079
0.693875
0.645484
0.582449
0.510505
0.436106
0.365591
0.304086
0.255807
0.219229
0.192467
0.173321
0.159541
0.149428
0.141793
0.135848
0.131083
0.127171
0.123901
0.121136
0.118784
0.116779
0.115078
0.113645
0.112454
0.111482
0.110709
0.110119
0.109695
0.109426
0.109297
0.109298
0.10942
0.109654
0.109992
0.110429
0.11096
0.11158
0.112287
0.113078
0.11395
0.114903
0.115935
0.117045
0.118232
0.119497
0.120838
0.122254
0.123744
0.125306
0.126938
0.128638
0.130401
0.132225
0.134105
0.136036
0.0260812
0.039306
0.0545011
0.0718364
0.0898924
0.107631
0.124561
0.140328
0.154559
0.166899
0.17707
0.185082
0.189111
0.188986
0.184975
0.177525
0.16722
0.154812
0.141085
0.126759
0.11246
0.0986933
0.0858305
0.0741223
0.0637117
0.054653
0.0469363
0.0405248
0.035413
0.0317159
0.0297901
0.0303688
0.0346844
0.0445248
0.0621426
0.0899387
0.129909
0.182957
0.24828
0.323042
0.402488
0.480508
0.550531
0.606527
0.643881
0.659956
0.6543
0.628517
0.58589
0.530806
0.46817
0.402989
0.340276
0.284136
0.239446
0.206839
0.183449
0.16677
0.154683
0.145679
0.138761
0.133288
0.128851
0.125189
0.12213
0.119557
0.117391
0.115573
0.114061
0.112819
0.111819
0.111037
0.110453
0.110049
0.109807
0.109714
0.109757
0.109926
0.11021
0.110603
0.111097
0.111687
0.112368
0.113136
0.11399
0.114925
0.115941
0.117036
0.118211
0.119463
0.120793
0.122199
0.12368
0.125233
0.126857
0.128549
0.130305
0.132122
0.133995
0.13592
0.0182834
0.0173315
0.0164887
0.0156305
0.0150394
0.0148076
0.0149158
0.0153644
0.0161686
0.0173457
0.0188696
0.0207527
0.0269272
0.0365926
0.048307
0.0609802
0.0737883
0.0847019
0.0923855
0.0966418
0.0976395
0.0958615
0.0919052
0.0863831
0.0798582
0.0728158
0.065655
0.0586934
0.0521861
0.046362
0.0414843
0.0379352
0.036319
0.037567
0.0430062
0.0543422
0.0735024
0.102317
0.142067
0.192981
0.253811
0.321622
0.391932
0.459247
0.517913
0.563025
0.591179
0.600845
0.592356
0.567559
0.529323
0.481102
0.426729
0.370305
0.316232
0.26826
0.228461
0.199172
0.177908
0.162472
0.15109
0.142489
0.135819
0.130521
0.126235
0.122719
0.119815
0.117409
0.115421
0.113792
0.112476
0.111435
0.110638
0.11006
0.109678
0.109472
0.109425
0.109523
0.109753
0.110103
0.110565
0.111131
0.111793
0.112547
0.113388
0.114312
0.115317
0.116399
0.117558
0.118792
0.120102
0.121485
0.122942
0.12447
0.126068
0.127732
0.129461
0.131251
0.133098
0.134997
0.0184549
0.0167465
0.0153782
0.0141512
0.0130144
0.0120143
0.0111436
0.0103841
0.00972741
0.00917515
0.00874063
0.00844912
0.00835186
0.00849943
0.00895687
0.00981968
0.0112211
0.0154178
0.0236107
0.0344307
0.0458071
0.0553909
0.0623141
0.0664007
0.0679043
0.0672696
0.0649894
0.061538
0.0573457
0.0527972
0.0482501
0.044074
0.0407122
0.0387622
0.0390611
0.042751
0.0512861
0.0663445
0.0896165
0.122469
0.16552
0.2182
0.278437
0.342625
0.40601
0.463423
0.510167
0.54275
0.559271
0.559417
0.544205
0.515637
0.476427
0.429819
0.379459
0.329129
0.282357
0.242054
0.209327
0.185041
0.167204
0.154031
0.144138
0.136549
0.130603
0.125863
0.122034
0.118918
0.116376
0.114309
0.112643
0.111321
0.110299
0.10954
0.109013
0.108693
0.108558
0.108587
0.108765
0.109076
0.10951
0.110055
0.110702
0.111446
0.112278
0.113196
0.114194
0.115269
0.116417
0.117638
0.118931
0.120295
0.12173
0.123235
0.124808
0.126447
0.12815
0.129915
0.131738
0.133614
0.0181591
0.0165482
0.0151043
0.0138004
0.0126498
0.0116669
0.010842
0.0101733
0.00966169
0.00930729
0.00910631
0.00905123
0.00913334
0.0093418
0.00965634
0.0100448
0.0104825
0.0109724
0.0116237
0.0127018
0.0153458
0.0213142
0.0298128
0.0385704
0.0458958
0.0510207
0.0538694
0.0547112
0.0539388
0.0519687
0.0492063
0.0460473
0.0429035
0.0402509
0.038696
0.0390478
0.0423757
0.0500224
0.0635422
0.0845333
0.114351
0.153711
0.202246
0.258156
0.318154
0.377834
0.432402
0.477513
0.509918
0.527778
0.53064
0.519239
0.495253
0.461074
0.419614
0.374115
0.327916
0.28417
0.245383
0.213129
0.187607
0.168606
0.154443
0.143785
0.135638
0.129306
0.124308
0.120321
0.117118
0.114543
0.112481
0.110849
0.109582
0.10863
0.107951
0.107511
0.107283
0.107242
0.107367
0.107641
0.108047
0.108574
0.109209
0.109945
0.110773
0.111688
0.112685
0.11376
0.114907
0.116124
0.117411
0.118766
0.120189
0.12168
0.123237
0.12486
0.126546
0.128294
0.130101
0.131963
0.018049
0.0164427
0.0149757
0.0137126
0.0126764
0.0118928
0.011377
0.011143
0.0111893
0.0114946
0.0120195
0.0127128
0.0135186
0.0143831
0.0152589
0.0161097
0.016917
0.0176792
0.0183856
0.018977
0.0193411
0.0195048
0.0203398
0.0237231
0.0295996
0.036206
0.0418139
0.0456293
0.047574
0.0478984
0.0469606
0.0451422
0.0428313
0.0404431
0.0384634
0.0375088
0.0383912
0.0421676
0.050151
0.0638507
0.0848116
0.114325
0.153013
0.200371
0.254431
0.311797
0.368124
0.418903
0.460242
0.489373
0.504838
0.506426
0.494979
0.472164
0.440259
0.401954
0.360152
0.317766
0.277465
0.241389
0.210844
0.186205
0.167091
0.152695
0.14179
0.133445
0.12698
0.121912
0.117906
0.114725
0.112203
0.110216
0.108673
0.107506
0.106659
0.106089
0.105761
0.105643
0.10571
0.105942
0.10632
0.106827
0.107452
0.108183
0.10901
0.109926
0.110926
0.112006
0.113161
0.114385
0.115677
0.117036
0.11846
0.11995
0.121505
0.123123
0.124804
0.126546
0.128347
0.130203
0.0178565
0.0163409
0.0149965
0.0140552
0.0136617
0.0138758
0.0146793
0.015991
0.0176746
0.0195716
0.021532
0.0234326
0.025183
0.0267245
0.0280247
0.0290715
0.0298682
0.0304316
0.0307938
0.0310036
0.0311301
0.0312998
0.0312729
0.030754
0.0307605
0.032808
0.0366535
0.0405912
0.0433561
0.0446296
0.0445802
0.0435222
0.0417946
0.0397476
0.0377722
0.0363495
0.0361115
0.0379004
0.0428093
0.0521821
0.0675359
0.0903698
0.121823
0.162198
0.210489
0.264167
0.319439
0.371943
0.417568
0.453082
0.476453
0.486865
0.484583
0.470739
0.447112
0.415922
0.379648
0.340854
0.302012
0.26531
0.232434
0.204401
0.181496
0.163368
0.149328
0.138622
0.130395
0.124019
0.119042
0.115138
0.11207
0.109669
0.107809
0.106397
0.105361
0.104645
0.104203
0.103999
0.104002
0.104187
0.104531
0.105017
0.105629
0.106354
0.107181
0.108102
0.109109
0.110196
0.111362
0.1126
0.113907
0.115279
0.116717
0.118218
0.119782
0.121408
0.123095
0.124843
0.126649
0.128509
0.0177663
0.016791
0.016655
0.0178884
0.0205041
0.0241211
0.0282531
0.0324756
0.0364671
0.0400198
0.0430235
0.0454379
0.0472683
0.0485478
0.0493265
0.0496661
0.0496414
0.0493471
0.0489329
0.048548
0.0480781
0.0472942
0.0461404
0.0445154
0.0424193
0.0404316
0.0399308
0.041372
0.0432492
0.0441452
0.0438225
0.0425895
0.0407986
0.0387487
0.0367319
0.0351039
0.0343497
0.0351449
0.0384079
0.0453258
0.0573279
0.075962
0.102616
0.138056
0.181877
0.232129
0.28544
0.337651
0.384654
0.423087
0.450687
0.466354
0.470034
0.462519
0.445231
0.420027
0.389021
0.354438
0.318467
0.283125
0.250113
0.220674
0.195508
0.174761
0.158139
0.145078
0.134904
0.126994
0.120875
0.116114
0.112403
0.109514
0.107283
0.105586
0.104332
0.103447
0.102876
0.102573
0.102502
0.102631
0.102937
0.103397
0.103993
0.10471
0.105537
0.106461
0.107476
0.108574
0.109752
0.111006
0.11233
0.113723
0.115181
0.116702
0.118285
0.119929
0.121633
0.123395
0.125214
0.127088
0.0197536
0.0234075
0.0297902
0.0379961
0.0466647
0.0546879
0.0615471
0.0670915
0.0713406
0.074395
0.0763865
0.077453
0.0777283
0.0773392
0.0764099
0.0750699
0.0734766
0.0718253
0.0699504
0.0677087
0.0651657
0.0623664
0.0593278
0.0560412
0.0525242
0.0489762
0.0460564
0.0448156
0.0451523
0.0452602
0.0441213
0.0420983
0.0397561
0.0374178
0.0352778
0.0335616
0.0326247
0.033016
0.0355282
0.0412337
0.0514844
0.0678284
0.0917708
0.12431
0.165323
0.213112
0.264489
0.315435
0.361977
0.400864
0.42989
0.447933
0.454839
0.451229
0.4383
0.417636
0.391055
0.360477
0.327804
0.294816
0.263072
0.23381
0.207876
0.18569
0.167277
0.152359
0.140478
0.131116
0.123786
0.118063
0.113601
0.110135
0.107461
0.105425
0.103909
0.102824
0.1021
0.10168
0.10152
0.101584
0.101843
0.10227
0.102846
0.103553
0.104376
0.105303
0.106325
0.107434
0.108626
0.109895
0.11124
0.112655
0.114137
0.115683
0.117291
0.11896
0.120686
0.122469
0.124307
0.126198
0.0432046
0.0606986
0.076251
0.0890781
0.0989947
0.1062
0.111095
0.114077
0.11549
0.115619
0.114698
0.112922
0.110458
0.107456
0.104075
0.100496
0.0966554
0.0923757
0.0877967
0.0830269
0.0781559
0.0732499
0.0683488
0.0634802
0.0586978
0.0541528
0.0502195
0.0475897
0.0466512
0.0459617
0.0437835
0.040704
0.0377763
0.0352679
0.0331764
0.0315912
0.0307799
0.0312231
0.0336511
0.0390823
0.0488365
0.0644711
0.0875409
0.119086
0.158951
0.205346
0.255046
0.304128
0.348866
0.386351
0.414655
0.432823
0.440759
0.439039
0.42873
0.411218
0.38808
0.360967
0.331513
0.301249
0.271538
0.243502
0.217976
0.19548
0.176219
0.160136
0.146976
0.136372
0.127925
0.121248
0.116003
0.111907
0.108735
0.106308
0.104487
0.103165
0.102258
0.101698
0.101432
0.101417
0.101618
0.102007
0.102557
0.103251
0.104069
0.105
0.10603
0.107152
0.108357
0.109643
0.111006
0.112443
0.11395
0.115523
0.117157
0.11885
0.120598
0.1224
0.124252
0.126153
0.116744
0.137994
0.150486
0.158049
0.162264
0.163937
0.163608
0.161724
0.158643
0.154635
0.149906
0.144613
0.138896
0.132892
0.126711
0.120198
0.113446
0.106602
0.0997754
0.093049
0.0864779
0.0800853
0.0738632
0.0677832
0.0618887
0.0565673
0.0520614
0.0485887
0.0459054
0.0432876
0.0402431
0.0371567
0.0345205
0.0324022
0.0307597
0.0296765
0.0294188
0.0304616
0.0335237
0.0396067
0.0500101
0.0662595
0.0898378
0.121631
0.161257
0.206787
0.255205
0.302196
0.343936
0.378509
0.404458
0.421089
0.428423
0.427066
0.41801
0.402499
0.381912
0.357664
0.331143
0.303642
0.276313
0.250122
0.225815
0.203904
0.184666
0.168165
0.154299
0.142844
0.133514
0.126001
0.120008
0.115273
0.111567
0.108705
0.106534
0.104934
0.103808
0.103078
0.102683
0.10257
0.102701
0.10304
0.103559
0.104236
0.105049
0.105983
0.107024
0.108161
0.109386
0.110693
0.11208
0.113544
0.115079
0.116678
0.118338
0.120052
0.121817
0.123628
0.125481
0.127371
0.215605
0.22211
0.224036
0.22265
0.218908
0.213448
0.206744
0.199311
0.191439
0.183275
0.174908
0.166424
0.157894
0.149318
0.140629
0.131969
0.123389
0.114926
0.106596
0.0983897
0.0902807
0.0822456
0.0743006
0.0665588
0.0592878
0.052883
0.0476002
0.0434478
0.0401786
0.0374153
0.0349049
0.0327014
0.0309321
0.029619
0.0287999
0.0286376
0.0294614
0.0317967
0.0363999
0.044287
0.0567204
0.075083
0.100548
0.133534
0.173189
0.217312
0.262768
0.305881
0.343743
0.374737
0.397774
0.412105
0.417789
0.415789
0.407054
0.392716
0.373989
0.352089
0.328179
0.303334
0.278501
0.25448
0.231899
0.21121
0.192688
0.176452
0.162485
0.150668
0.140815
0.132705
0.126108
0.120801
0.116581
0.113273
0.110725
0.108813
0.107432
0.106499
0.105943
0.105708
0.105746
0.106019
0.106493
0.107142
0.107941
0.108872
0.109919
0.111068
0.11231
0.113638
0.115049
0.116537
0.118094
0.119711
0.121381
0.123098
0.124856
0.12665
0.128473
0.130319
0.285636
0.281918
0.273778
0.263234
0.251725
0.239971
0.2283
0.216842
0.205639
0.194685
0.183917
0.173142
0.162409
0.151708
0.14104
0.130375
0.119717
0.109089
0.0985501
0.088219
0.0782774
0.0689593
0.0605164
0.0531652
0.0470372
0.0421468
0.0383807
0.0355336
0.0333605
0.0316429
0.0302592
0.029212
0.0285607
0.0283834
0.0288263
0.0301551
0.0327868
0.0373164
0.0445379
0.0554394
0.071131
0.0926513
0.120618
0.154801
0.19386
0.235466
0.27676
0.314893
0.347761
0.37412
0.393192
0.404623
0.408583
0.405563
0.396609
0.38293
0.365607
0.345679
0.324111
0.301774
0.279432
0.257725
0.23716
0.218107
0.200809
0.185389
0.17187
0.160196
0.150254
0.141895
0.13495
0.129249
0.124628
0.120935
0.118036
0.115812
0.114163
0.113002
0.112258
0.111869
0.111784
0.111959
0.112358
0.112949
0.113706
0.114606
0.11563
0.116763
0.117993
0.119314
0.120724
0.122205
0.123746
0.125337
0.126969
0.128633
0.130324
0.132034
0.133757
0.135486
0.292744
0.283706
0.270194
0.255055
0.23971
0.224704
0.210146
0.19594
0.181911
0.168176
0.154919
0.14222
0.129957
0.118117
0.106748
0.0959266
0.0857376
0.0762735
0.0676247
0.0598689
0.0530613
0.0472275
0.0423582
0.0384091
0.0353041
0.0329423
0.0312085
0.0299883
0.0291846
0.0287368
0.0286382
0.0289422
0.0297544
0.0312377
0.033638
0.0373109
0.0427409
0.0505495
0.0614833
0.0763602
0.0959441
0.120732
0.150683
0.184988
0.222048
0.259716
0.295699
0.327972
0.355112
0.376269
0.390988
0.399175
0.401076
0.396983
0.387647
0.374382
0.358221
0.340039
0.320621
0.300662
0.280759
0.26141
0.243007
0.225841
0.210108
0.195915
0.183295
0.172225
0.162635
0.154424
0.147474
0.14166
0.136856
0.13294
0.129801
0.127335
0.125453
0.124075
0.123131
0.122561
0.122312
0.12234
0.122605
0.123073
0.123715
0.124507
0.125428
0.126461
0.127595
0.128828
0.13014
0.131511
0.132927
0.134375
0.135846
0.137332
0.138825
0.140319
0.141808
0.143288
0.219379
0.205435
0.188489
0.171746
0.156112
0.141846
0.128978
0.117443
0.107145
0.0978102
0.0892295
0.0813395
0.0740876
0.0674423
0.0613822
0.0558948
0.0509727
0.0466093
0.042797
0.0395245
0.0367767
0.0345333
0.0327703
0.0314605
0.0305759
0.0300907
0.0299853
0.0302525
0.030904
0.0319798
0.0335558
0.0357528
0.0387421
0.0427569
0.0481036
0.0551708
0.0644267
0.0764004
0.0916355
0.110606
0.133588
0.160506
0.190797
0.223365
0.256688
0.289052
0.318826
0.344699
0.365791
0.381611
0.391969
0.396929
0.396733
0.391503
0.381777
0.368907
0.353852
0.337328
0.319959
0.302284
0.284759
0.267759
0.251578
0.236436
0.222478
0.20979
0.1984
0.188297
0.179434
0.171742
0.165134
0.159517
0.154795
0.150873
0.147661
0.145074
0.143035
0.141474
0.140329
0.139543
0.139069
0.138863
0.138886
0.139106
0.139492
0.140021
0.140673
0.141432
0.142293
0.143251
0.14426
0.145306
0.146377
0.147462
0.148552
0.149639
0.150718
0.151784
0.152835
0.153867
0.10506
0.0975379
0.0901007
0.0834246
0.0774879
0.0722041
0.0674829
0.0632452
0.0594255
0.0559663
0.0528244
0.0499715
0.0473891
0.0450663
0.0429977
0.0411819
0.0396207
0.0383178
0.0372793
0.0365125
0.0360267
0.0358333
0.0359466
0.0363849
0.0371719
0.0383391
0.0399286
0.0419969
0.0446192
0.0478946
0.0519519
0.0569546
0.0631053
0.0706481
0.0798675
0.0910785
0.104606
0.120749
0.139724
0.161596
0.186198
0.213064
0.241413
0.270194
0.298208
0.324266
0.347345
0.366685
0.381818
0.392535
0.398827
0.400825
0.398682
0.392218
0.382199
0.369863
0.355974
0.341101
0.325727
0.310256
0.295026
0.28031
0.266322
0.253216
0.241097
0.230024
0.220017
0.211064
0.203129
0.196159
0.19009
0.184848
0.180358
0.176545
0.173337
0.170665
0.168463
0.166674
0.165245
0.164127
0.163278
0.162659
0.162237
0.161983
0.16187
0.161879
0.161992
0.162204
0.162518
0.162873
0.163259
0.163664
0.164079
0.164497
0.164911
0.165319
0.165715
0.166098
0.166468
0.166822
0.0846268
0.0813853
0.0782272
0.075324
0.0726688
0.0702446
0.0680363
0.0660325
0.0642255
0.0626109
0.0611873
0.059956
0.0589204
0.0580866
0.0574632
0.0570613
0.0568951
0.0569818
0.0573419
0.0579997
0.0589836
0.060327
0.0620688
0.0642547
0.0669379
0.0701807
0.074056
0.0786488
0.0840583
0.0903985
0.0978
0.106409
0.116384
0.127892
0.141094
0.156131
0.173099
0.192015
0.212787
0.235177
0.258779
0.283018
0.307176
0.330458
0.35207
0.371303
0.387606
0.400611
0.410139
0.416164
0.418768
0.418046
0.413824
0.406069
0.395862
0.384093
0.37131
0.357943
0.344348
0.330817
0.317588
0.304851
0.292752
0.281395
0.270846
0.261143
0.252291
0.244279
0.237075
0.230637
0.224912
0.219843
0.215373
0.211441
0.207992
0.204969
0.202324
0.200008
0.19798
0.1962
0.194636
0.193257
0.192036
0.190949
0.189979
0.18911
0.188335
0.187657
0.187019
0.186412
0.18583
0.185265
0.184714
0.184174
0.183642
0.183117
0.182596
0.18208
0.181568
0.181058
0.147029
0.144934
0.142748
0.140647
0.138657
0.136791
0.135064
0.133488
0.132081
0.130858
0.129838
0.12904
0.128486
0.128198
0.128201
0.128522
0.129192
0.130244
0.131713
0.133641
0.136071
0.139051
0.142633
0.146874
0.151835
0.15758
0.164179
0.171701
0.180218
0.189803
0.200522
0.212434
0.225586
0.24
0.255668
0.272534
0.290489
0.309347
0.328847
0.348643
0.368312
0.387376
0.40533
0.421685
0.436004
0.447944
0.457271
0.463869
0.467727
0.468904
0.467478
0.463307
0.456085
0.446563
0.435571
0.423626
0.411115
0.398345
0.385558
0.372951
0.360683
0.348876
0.337623
0.326987
0.317007
0.307701
0.299069
0.291095
0.283755
0.277013
0.270831
0.265165
0.259973
0.255211
0.250835
0.246806
0.243087
0.239642
0.23644
0.233454
0.230656
0.228026
0.225544
0.223191
0.220957
0.21883
0.216811
0.214855
0.212955
0.211106
0.209305
0.20755
0.205838
0.204167
0.202538
0.200948
0.199398
0.197885
0.196408
0.194961
0.268249
0.268747
0.269347
0.269995
0.27069
0.271448
0.272286
0.273225
0.274289
0.275502
0.276893
0.278492
0.280331
0.282445
0.28487
0.287648
0.29082
0.294431
0.298526
0.303153
0.308361
0.314198
0.320711
0.327945
0.33594
0.344733
0.354348
0.364802
0.376097
0.38822
0.401135
0.414787
0.429092
0.443937
0.459176
0.474628
0.490074
0.505262
0.519912
0.533721
0.54638
0.557587
0.567066
0.574584
0.579965
0.583098
0.583938
0.582496
0.578825
0.573003
0.564977
0.554397
0.54205
0.528599
0.514437
0.499895
0.485227
0.470632
0.456262
0.442239
0.428657
0.415587
0.403078
0.391164
0.379862
0.369174
0.359093
0.349602
0.340679
0.332295
0.32442
0.317019
0.310061
0.303511
0.297338
0.291509
0.285998
0.280775
0.275818
0.271102
0.266608
0.262318
0.258214
0.254283
0.250512
0.246893
0.243396
0.240012
0.236737
0.233565
0.230493
0.227517
0.224635
0.221845
0.219143
0.216528
0.213997
0.211545
0.209167
0.206849
0.399236
0.403334
0.408243
0.413418
0.418769
0.424296
0.430012
0.435934
0.442082
0.44848
0.455151
0.46212
0.469414
0.477062
0.485094
0.493538
0.502426
0.511787
0.521648
0.532035
0.542967
0.55446
0.566518
0.579139
0.592304
0.60598
0.620118
0.634645
0.649468
0.66447
0.679508
0.694418
0.709011
0.723079
0.736398
0.748735
0.75985
0.76951
0.777493
0.783597
0.787651
0.78952
0.78911
0.78637
0.781289
0.773892
0.764222
0.752333
0.738287
0.722167
0.703571
0.683775
0.663489
0.642992
0.622529
0.602307
0.582485
0.563176
0.544467
0.526417
0.509071
0.492454
0.476581
0.461454
0.447067
0.433405
0.420448
0.40817
0.396543
0.385536
0.375115
0.365247
0.355899
0.347039
0.338635
0.330656
0.323075
0.315864
0.308998
0.302454
0.296211
0.290247
0.284546
0.279091
0.273863
0.268844
0.264018
0.259375
0.254907
0.250606
0.246466
0.242479
0.23864
0.234944
0.231384
0.227956
0.224654
0.22147
0.218395
0.215406
0.483706
0.49038
0.49853
0.507209
0.516251
0.525639
0.535388
0.545518
0.556051
0.56701
0.578421
0.590308
0.602694
0.615604
0.62906
0.643081
0.657683
0.67288
0.688675
0.705066
0.722038
0.739566
0.757607
0.776101
0.794966
0.814097
0.833363
0.852608
0.871646
0.890265
0.90823
0.925284
0.941157
0.955571
0.968249
0.978926
0.987355
0.993323
0.996653
0.997216
0.994931
0.989766
0.981737
0.970898
0.957329
0.94112
0.92235
0.901074
0.877357
0.851074
0.82289
0.794517
0.766419
0.738783
0.711795
0.685602
0.660305
0.635968
0.612631
0.590312
0.569016
0.548734
0.529451
0.511142
0.493777
0.477322
0.46174
0.446992
0.433037
0.419832
0.407338
0.395512
0.384316
0.37371
0.363658
0.354124
0.345075
0.336481
0.328311
0.320538
0.313137
0.306084
0.299358
0.292936
0.286799
0.280926
0.275303
0.269915
0.26475
0.259796
0.255043
0.250482
0.246103
0.241898
0.23786
0.233982
0.230257
0.226674
0.223219
0.219864
0.0153021
0.015217
0.0151414
0.0150724
0.0150091
0.0149506
0.0148963
0.0148455
0.0147978
0.0147526
0.0147096
0.0146685
0.0146288
0.0145905
0.0145533
0.014517
0.0144814
0.0144466
0.0144123
0.0143784
0.014345
0.014312
0.0142793
0.0142469
0.0142147
0.0141828
0.0141511
0.0141196
0.0140882
0.0140571
0.0140261
0.0139953
0.0139647
0.0139342
0.0139038
0.0138736
0.0138435
0.0138134
0.0137835
0.0137537
0.0137239
0.0136942
0.0136645
0.0136348
0.013605
0.0135753
0.0135454
0.0135155
0.0134854
0.0134551
0.0134246
0.0133938
0.0133628
0.0133313
0.0132995
0.0132672
0.0132343
0.0132009
0.0131667
0.0131318
0.0130961
0.0130594
0.0130217
0.0129828
0.0129428
0.0129013
0.0128584
0.0128138
0.0127675
0.0127192
0.0126689
0.0126162
0.0125611
0.0125032
0.0124425
0.0123785
0.0123111
0.01224
0.0121647
0.0120851
0.0120006
0.011911
0.0118156
0.011714
0.0116058
0.0114901
0.0113665
0.0112342
0.0110923
0.01094
0.0107765
0.0106007
0.0104117
0.0102086
0.00999046
0.00975643
0.00950447
0.00922556
0.00887105
0.00823974
0.0270532
0.0266764
0.0263419
0.0260428
0.0257754
0.025536
0.0253213
0.0251281
0.0249537
0.0247953
0.0246508
0.0245181
0.0243954
0.0242813
0.0241744
0.0240736
0.0239779
0.0238867
0.0237991
0.0237146
0.0236328
0.0235533
0.0234757
0.0233997
0.0233251
0.0232517
0.0231794
0.023108
0.0230375
0.0229676
0.0228984
0.0228297
0.0227615
0.0226937
0.0226264
0.0225593
0.0224926
0.0224261
0.0223598
0.0222936
0.0222276
0.0221616
0.0220956
0.0220295
0.0219634
0.0218971
0.0218305
0.0217637
0.0216964
0.0216287
0.0215605
0.0214916
0.021422
0.0213515
0.0212801
0.0212076
0.0211339
0.0210589
0.0209823
0.0209041
0.0208241
0.020742
0.0206577
0.0205709
0.0204815
0.0203891
0.0202935
0.0201945
0.0200915
0.0199845
0.0198728
0.0197562
0.0196342
0.0195062
0.0193718
0.0192303
0.0190811
0.0189235
0.0187565
0.0185794
0.018391
0.0181902
0.0179757
0.0177459
0.0174991
0.0172332
0.0169458
0.0166339
0.0162941
0.0159221
0.0155124
0.0150581
0.0145503
0.0139765
0.0133196
0.0125539
0.0116391
0.0105082
0.00905537
0.00761724
0.0366069
0.0360802
0.0356129
0.0351961
0.0348246
0.0344934
0.0341979
0.0339336
0.0336963
0.0334823
0.0332884
0.0331116
0.0329492
0.0327992
0.0326596
0.0325287
0.0324052
0.0322877
0.0321755
0.0320675
0.0319631
0.0318616
0.0317627
0.0316659
0.0315708
0.0314771
0.0313847
0.0312933
0.0312027
0.0311129
0.0310237
0.0309349
0.0308466
0.0307587
0.030671
0.0305836
0.0304964
0.0304093
0.0303223
0.0302353
0.0301482
0.0300612
0.0299739
0.0298866
0.0297989
0.029711
0.0296227
0.0295339
0.0294445
0.0293546
0.0292639
0.0291723
0.0290798
0.0289862
0.0288914
0.0287952
0.0286975
0.0285981
0.0284967
0.0283933
0.0282875
0.0281791
0.0280679
0.0279536
0.0278359
0.0277144
0.0275888
0.0274587
0.0273236
0.0271831
0.0270368
0.0268839
0.026724
0.0265563
0.0263802
0.0261947
0.025999
0.0257921
0.0255728
0.02534
0.0250921
0.0248276
0.0245446
0.024241
0.0239143
0.0235617
0.0231798
0.0227645
0.0223109
0.0218128
0.0212626
0.0206504
0.0199631
0.0191825
0.0182831
0.0172257
0.0159471
0.0143359
0.0121892
0.00963547
0.0447419
0.0441762
0.043674
0.0432254
0.042825
0.0424674
0.0421476
0.0418608
0.0416029
0.0413698
0.0411581
0.0409647
0.0407869
0.0406222
0.0404687
0.0403245
0.0401882
0.0400584
0.039934
0.0398142
0.0396981
0.0395851
0.0394746
0.0393662
0.0392594
0.039154
0.0390497
0.0389463
0.0388435
0.0387413
0.0386395
0.038538
0.0384368
0.0383356
0.0382346
0.0381336
0.0380325
0.0379313
0.03783
0.0377286
0.0376269
0.0375249
0.0374226
0.0373198
0.0372167
0.037113
0.0370086
0.0369036
0.0367978
0.0366912
0.0365835
0.0364747
0.0363646
0.0362531
0.03614
0.0360252
0.0359085
0.0357896
0.0356683
0.0355444
0.0354175
0.0352874
0.0351539
0.0350164
0.0348746
0.0347282
0.0345766
0.0344194
0.0342559
0.0340858
0.0339081
0.0337224
0.0335277
0.0333233
0.0331081
0.0328811
0.0326412
0.0323871
0.0321173
0.0318302
0.0315239
0.0311964
0.0308453
0.0304679
0.0300609
0.0296206
0.0291427
0.0286218
0.0280515
0.0274238
0.0267287
0.0259531
0.0250796
0.0240845
0.022933
0.0215721
0.019914
0.0177987
0.0149131
0.0112785
0.0522527
0.0516871
0.0511847
0.0507352
0.0503334
0.0499738
0.0496516
0.0493622
0.0491013
0.048865
0.0486499
0.0484529
0.0482713
0.0481028
0.0479452
0.0477968
0.0476561
0.0475217
0.0473926
0.0472677
0.0471463
0.0470278
0.0469115
0.0467969
0.0466838
0.0465717
0.0464603
0.0463495
0.0462391
0.0461289
0.0460187
0.0459086
0.0457983
0.0456878
0.0455771
0.0454661
0.0453547
0.0452429
0.0451307
0.045018
0.0449047
0.0447909
0.0446764
0.0445612
0.0444453
0.0443285
0.0442108
0.0440921
0.0439723
0.0438513
0.043729
0.0436052
0.0434797
0.0433525
0.0432232
0.0430918
0.042958
0.0428216
0.0426822
0.0425396
0.0423935
0.0422435
0.0420893
0.0419303
0.0417663
0.0415966
0.0414207
0.0412381
0.041048
0.0408499
0.0406428
0.040426
0.0401985
0.0399593
0.0397072
0.039441
0.0391593
0.0388605
0.0385429
0.0382045
0.0378431
0.0374562
0.0370409
0.036594
0.0361115
0.0355891
0.0350213
0.0344018
0.0337228
0.0329746
0.0321452
0.0312187
0.0301739
0.0289817
0.0275994
0.0259614
0.0239574
0.0213807
0.0178
0.0129411
0.0592364
0.0586941
0.0582131
0.0577831
0.0573988
0.057055
0.0567468
0.0564697
0.0562197
0.0559931
0.0557864
0.0555968
0.0554216
0.0552586
0.0551057
0.0549613
0.0548239
0.0546922
0.0545651
0.0544416
0.0543211
0.0542029
0.0540864
0.0539711
0.0538567
0.0537428
0.0536292
0.0535156
0.053402
0.053288
0.0531737
0.0530589
0.0529435
0.0528275
0.0527108
0.0525933
0.0524751
0.052356
0.0522361
0.0521152
0.0519934
0.0518707
0.0517468
0.0516219
0.0514958
0.0513684
0.0512397
0.0511096
0.050978
0.0508447
0.0507097
0.0505727
0.0504336
0.0502922
0.0501483
0.0500017
0.0498521
0.0496993
0.0495429
0.0493827
0.0492182
0.049049
0.0488747
0.0486948
0.0485089
0.0483162
0.0481163
0.0479083
0.0476916
0.0474653
0.0472286
0.0469803
0.0467195
0.0464449
0.0461553
0.045849
0.0455245
0.04518
0.0448135
0.0444225
0.0440046
0.0435569
0.0430759
0.0425578
0.0419981
0.0413916
0.040732
0.0400119
0.0392221
0.0383512
0.037385
0.0363048
0.0350857
0.0336929
0.0320756
0.0301549
0.0277969
0.0247468
0.0204522
0.0144001
0.0658805
0.0653742
0.0649262
0.0645266
0.0641699
0.0638511
0.0635657
0.0633093
0.063078
0.0628683
0.062677
0.0625013
0.0623387
0.0621871
0.0620445
0.0619094
0.0617804
0.0616561
0.0615357
0.0614182
0.0613028
0.0611891
0.0610763
0.0609642
0.0608522
0.0607402
0.0606279
0.060515
0.0604014
0.060287
0.0601717
0.0600552
0.0599377
0.059819
0.0596991
0.0595779
0.0594553
0.0593315
0.0592062
0.0590795
0.0589513
0.0588217
0.0586905
0.0585576
0.0584231
0.0582868
0.0581486
0.0580085
0.0578663
0.0577219
0.0575751
0.0574258
0.0572739
0.057119
0.0569609
0.0567995
0.0566344
0.0564654
0.056292
0.0561138
0.0559306
0.0557418
0.055547
0.0553456
0.0551369
0.0549204
0.0546953
0.0544609
0.0542164
0.0539606
0.0536928
0.0534116
0.053116
0.0528044
0.0524755
0.0521276
0.0517587
0.0513669
0.0509498
0.0505048
0.0500291
0.0495193
0.0489716
0.0483816
0.0477444
0.0470539
0.0463032
0.0454838
0.0445853
0.043595
0.0424967
0.0412692
0.0398841
0.038302
0.0364649
0.034282
0.0315984
0.0281145
0.0231574
0.015849
0.0722142
0.0717529
0.0713464
0.070985
0.0706635
0.0703771
0.0701213
0.0698921
0.0696857
0.0694988
0.0693285
0.069172
0.0690271
0.0688918
0.0687642
0.0686429
0.0685265
0.0684139
0.0683041
0.0681964
0.0680899
0.0679842
0.0678788
0.0677731
0.067667
0.06756
0.0674521
0.0673429
0.0672323
0.0671202
0.0670066
0.0668912
0.066774
0.0666551
0.0665343
0.0664116
0.0662869
0.0661602
0.0660316
0.0659009
0.0657681
0.0656331
0.065496
0.0653566
0.0652148
0.0650707
0.064924
0.0647747
0.0646226
0.0644677
0.0643097
0.0641484
0.0639837
0.0638153
0.063643
0.0634665
0.0632854
0.0630995
0.0629083
0.0627115
0.0625085
0.0622989
0.0620822
0.0618576
0.0616246
0.0613824
0.0611303
0.0608673
0.0605925
0.0603049
0.0600033
0.0596866
0.0593532
0.0590016
0.0586303
0.0582374
0.0578207
0.057378
0.0569068
0.0564041
0.0558668
0.0552911
0.0546729
0.0540072
0.0532886
0.0525104
0.0516648
0.0507424
0.0497319
0.0486189
0.0473854
0.0460078
0.0444545
0.0426812
0.0406228
0.0381768
0.0351672
0.0312502
0.0256364
0.0171353
0.078265
0.077855
0.0774959
0.0771783
0.0768971
0.0766478
0.0764262
0.0762286
0.0760513
0.0758913
0.0757458
0.0756124
0.0754889
0.0753734
0.0752643
0.0751601
0.0750597
0.0749619
0.074866
0.074771
0.0746765
0.0745818
0.0744865
0.0743902
0.0742926
0.0741934
0.0740924
0.0739895
0.0738844
0.0737771
0.0736675
0.0735555
0.073441
0.0733239
0.0732043
0.0730821
0.0729572
0.0728297
0.0726993
0.0725663
0.0724304
0.0722916
0.0721499
0.0720051
0.0718573
0.0717063
0.071552
0.0713943
0.071233
0.071068
0.0708991
0.0707261
0.0705488
0.0703668
0.07018
0.0699881
0.0697906
0.0695871
0.0693774
0.0691609
0.0689371
0.0687054
0.0684652
0.068216
0.0679569
0.0676871
0.0674058
0.067112
0.0668047
0.0664827
0.0661448
0.0657896
0.0654156
0.0650211
0.0646043
0.0641632
0.0636955
0.0631987
0.0626701
0.0621065
0.0615044
0.0608597
0.060168
0.059424
0.0586215
0.0577535
0.0568114
0.0557852
0.0546623
0.0534273
0.0520606
0.0505365
0.0488204
0.046864
0.0445958
0.0419031
0.0385911
0.0342758
0.0280562
0.0183683
0.0840226
0.0836691
0.0833618
0.0830921
0.0828553
0.082647
0.0824633
0.0823007
0.082156
0.0820263
0.0819089
0.0818017
0.0817027
0.08161
0.0815223
0.0814382
0.0813566
0.0812766
0.0811972
0.0811179
0.0810379
0.0809569
0.0808744
0.08079
0.0807035
0.0806145
0.080523
0.0804287
0.0803315
0.0802313
0.080128
0.0800214
0.0799117
0.0797986
0.0796822
0.0795623
0.079439
0.0793122
0.0791819
0.079048
0.0789105
0.0787692
0.0786241
0.0784752
0.0783223
0.0781654
0.0780042
0.0778387
0.0776687
0.077494
0.0773145
0.0771298
0.0769397
0.076744
0.0765424
0.0763344
0.0761198
0.075898
0.0756687
0.0754312
0.0751852
0.0749299
0.0746647
0.0743889
0.0741016
0.073802
0.0734892
0.0731621
0.0728195
0.0724603
0.0720831
0.0716863
0.0712684
0.0708275
0.0703617
0.0698688
0.0693463
0.0687917
0.0682018
0.0675734
0.0669026
0.0661851
0.0654162
0.06459
0.0637002
0.062739
0.0616975
0.0605646
0.0593271
0.0579683
0.0564672
0.0547962
0.0529179
0.0507801
0.0483054
0.0453713
0.041765
0.0370641
0.0302628
0.0194656
0.0894773
0.0891838
0.0889317
0.088713
0.0885234
0.0883589
0.0882158
0.0880909
0.0879813
0.0878842
0.0877975
0.0877189
0.0876468
0.0875794
0.0875155
0.0874539
0.0873935
0.0873335
0.0872731
0.0872117
0.0871487
0.0870836
0.0870162
0.086946
0.0868728
0.0867963
0.0867164
0.0866329
0.0865457
0.0864546
0.0863596
0.0862606
0.0861575
0.0860502
0.0859388
0.0858231
0.085703
0.0855787
0.0854499
0.0853166
0.0851787
0.0850362
0.084889
0.0847369
0.0845799
0.0844179
0.0842506
0.0840779
0.0838997
0.0837157
0.0835257
0.0833295
0.0831267
0.0829171
0.0827002
0.0824758
0.0822434
0.0820025
0.0817527
0.0814934
0.0812239
0.0809436
0.0806518
0.0803477
0.0800305
0.0796991
0.0793526
0.0789899
0.0786097
0.0782107
0.0777914
0.0773503
0.0768856
0.0763954
0.0758775
0.0753297
0.0747494
0.0741337
0.0734794
0.0727831
0.0720406
0.0712475
0.0703986
0.0694879
0.0685086
0.0674525
0.0663102
0.06507
0.0637179
0.0622363
0.0606029
0.0587884
0.0567532
0.0544417
0.0517711
0.0486105
0.0447311
0.0396758
0.0323411
0.0204829
0.0946145
0.0943836
0.094189
0.0940236
0.0938832
0.0937644
0.0936638
0.0935786
0.0935059
0.0934436
0.0933893
0.0933414
0.0932981
0.093258
0.09322
0.0931828
0.0931457
0.0931077
0.0930683
0.0930268
0.0929827
0.0929357
0.0928854
0.0928314
0.0927735
0.0927115
0.0926452
0.0925744
0.0924991
0.0924191
0.0923342
0.0922445
0.0921499
0.0920502
0.0919454
0.0918355
0.0917203
0.0915998
0.091474
0.0913426
0.0912057
0.0910632
0.0909149
0.0907608
0.0906006
0.0904342
0.0902615
0.0900823
0.0898963
0.0897034
0.0895032
0.0892955
0.08908
0.0888563
0.088624
0.0883827
0.088132
0.0878714
0.0876002
0.0873179
0.0870239
0.0867173
0.0863975
0.0860637
0.0857147
0.0853497
0.0849676
0.0845672
0.0841471
0.0837059
0.0832422
0.0827542
0.08224
0.0816977
0.0811251
0.0805196
0.0798785
0.079199
0.0784776
0.0777106
0.0768938
0.0760225
0.0750913
0.074094
0.0730233
0.0718709
0.0706267
0.0692786
0.067812
0.0662084
0.0644443
0.0624891
0.0603009
0.0578212
0.0549625
0.0515857
0.0474474
0.0420583
0.0342248
0.021386
0.0994239
0.0992571
0.0991214
0.0990105
0.0989207
0.0988488
0.098792
0.0987477
0.0987134
0.098687
0.0986667
0.0986508
0.0986379
0.0986266
0.0986159
0.0986048
0.0985925
0.0985783
0.0985615
0.0985416
0.0985182
0.0984909
0.0984594
0.0984233
0.0983825
0.0983367
0.0982857
0.0982294
0.0981677
0.0981004
0.0980274
0.0979486
0.097864
0.0977734
0.0976768
0.0975741
0.0974652
0.09735
0.0972283
0.0971002
0.0969655
0.096824
0.0966757
0.0965204
0.0963578
0.096188
0.0960105
0.0958253
0.0956321
0.0954306
0.0952205
0.0950015
0.0947733
0.0945355
0.0942876
0.0940291
0.0937597
0.0934787
0.0931855
0.0928795
0.09256
0.0922262
0.0918773
0.0915123
0.0911303
0.0907303
0.0903109
0.0898711
0.0894093
0.0889242
0.0884141
0.0878772
0.0873116
0.0867152
0.0860856
0.0854204
0.0847166
0.0839713
0.0831808
0.0823414
0.0814487
0.0804979
0.0794832
0.0783984
0.0772359
0.075987
0.0746414
0.0731866
0.0716072
0.0698842
0.0679933
0.0659023
0.0635679
0.0609287
0.0578931
0.0543152
0.0499384
0.0442445
0.0359572
0.0222032
0.103899
0.103796
0.10372
0.103664
0.103626
0.103601
0.103589
0.103586
0.103591
0.103602
0.103616
0.103633
0.103652
0.10367
0.103688
0.103704
0.103718
0.103729
0.103736
0.103739
0.103738
0.103732
0.103721
0.103704
0.103681
0.103653
0.103619
0.103579
0.103532
0.103479
0.103419
0.103353
0.10328
0.1032
0.103112
0.103018
0.102917
0.102808
0.102692
0.102568
0.102437
0.102297
0.10215
0.101994
0.10183
0.101657
0.101476
0.101285
0.101085
0.100876
0.100656
0.100426
0.100185
0.0999332
0.0996696
0.0993939
0.0991055
0.0988038
0.0984881
0.0981579
0.0978123
0.0974504
0.0970715
0.0966745
0.0962585
0.0958222
0.0953645
0.094884
0.0943793
0.0938489
0.093291
0.0927038
0.0920853
0.0914334
0.0907455
0.0900191
0.0892514
0.088439
0.0875784
0.0866657
0.0856963
0.0846653
0.083567
0.0823946
0.0811407
0.0797962
0.0783505
0.0767907
0.0751011
0.073262
0.0712484
0.0690269
0.0665528
0.0637622
0.0605601
0.0567942
0.0521962
0.0462218
0.0375188
0.0229252
0.108036
0.107999
0.107982
0.107981
0.107993
0.108016
0.108049
0.108088
0.108132
0.10818
0.10823
0.10828
0.108331
0.10838
0.108427
0.108472
0.108512
0.108549
0.108581
0.108609
0.10863
0.108647
0.108657
0.108661
0.108658
0.108649
0.108632
0.108609
0.108579
0.108541
0.108496
0.108443
0.108382
0.108314
0.108237
0.108153
0.10806
0.107959
0.107849
0.107731
0.107603
0.107467
0.107321
0.107166
0.107001
0.106827
0.106642
0.106446
0.10624
0.106023
0.105794
0.105553
0.1053
0.105034
0.104755
0.104462
0.104154
0.103832
0.103493
0.103138
0.102766
0.102376
0.101967
0.101537
0.101086
0.100613
0.100116
0.0995946
0.0990462
0.0984697
0.0978633
0.0972251
0.0965531
0.0958449
0.0950982
0.0943102
0.0934781
0.0925984
0.0916676
0.0906816
0.0896359
0.0885254
0.0873442
0.0860855
0.0847417
0.0833035
0.0817601
0.0800984
0.0783022
0.0763514
0.0742202
0.0718745
0.069268
0.066335
0.0629773
0.0590373
0.0542364
0.0480073
0.0389302
0.0235644
0.112358
0.11239
0.112437
0.112495
0.112563
0.112637
0.112717
0.112802
0.112888
0.112976
0.113064
0.113151
0.113236
0.113318
0.113397
0.113472
0.113542
0.113607
0.113666
0.113719
0.113766
0.113806
0.113839
0.113865
0.113883
0.113894
0.113897
0.113892
0.113879
0.113857
0.113827
0.113789
0.113741
0.113685
0.113619
0.113544
0.11346
0.113366
0.113262
0.113148
0.113024
0.112889
0.112744
0.112588
0.112421
0.112242
0.112051
0.111849
0.111633
0.111405
0.111164
0.110909
0.11064
0.110356
0.110057
0.109742
0.109411
0.109062
0.108696
0.108311
0.107906
0.107481
0.107035
0.106566
0.106073
0.105556
0.105012
0.104441
0.103841
0.10321
0.102546
0.101848
0.101113
0.10034
0.0995246
0.0986653
0.0977589
0.0968021
0.095791
0.0947217
0.0935895
0.0923892
0.091115
0.0897599
0.0883161
0.0867743
0.0851234
0.0833501
0.0814378
0.079366
0.0771082
0.0746295
0.0718823
0.0687989
0.0652778
0.0611563
0.056146
0.0496577
0.0402097
0.024116
0.11673
0.11684
0.116959
0.117084
0.117213
0.117346
0.117481
0.117617
0.117753
0.117888
0.118021
0.11815
0.118276
0.118398
0.118515
0.118627
0.118732
0.118831
0.118924
0.119009
0.119087
0.119158
0.11922
0.119274
0.11932
0.119357
0.119386
0.119405
0.119415
0.119416
0.119407
0.119388
0.11936
0.119321
0.119272
0.119212
0.119141
0.11906
0.118967
0.118863
0.118747
0.118619
0.118478
0.118326
0.11816
0.117981
0.117789
0.117583
0.117362
0.117126
0.116876
0.11661
0.116327
0.116028
0.115711
0.115376
0.115023
0.11465
0.114257
0.113843
0.113407
0.112948
0.112465
0.111957
0.111423
0.110861
0.110271
0.10965
0.108997
0.108311
0.10759
0.106831
0.106032
0.105192
0.104308
0.103376
0.102394
0.101359
0.100266
0.0991125
0.0978927
0.0966017
0.0952334
0.093781
0.0922365
0.0905905
0.0888316
0.0869464
0.0849179
0.0827251
0.0803408
0.0777292
0.0748412
0.0716069
0.0679214
0.0636158
0.0583899
0.0516282
0.0417703
0.0247959
0.120574
0.120758
0.120946
0.121136
0.121326
0.121516
0.121705
0.121892
0.122077
0.122259
0.122436
0.122609
0.122777
0.122939
0.123095
0.123245
0.123387
0.123522
0.12365
0.123769
0.12388
0.123983
0.124076
0.124161
0.124236
0.124302
0.124358
0.124404
0.12444
0.124465
0.124479
0.124483
0.124476
0.124457
0.124427
0.124385
0.124331
0.124264
0.124185
0.124093
0.123988
0.123869
0.123737
0.12359
0.123429
0.123253
0.123062
0.122854
0.122631
0.122391
0.122134
0.121859
0.121566
0.121254
0.120922
0.12057
0.120198
0.119803
0.119386
0.118946
0.118481
0.117991
0.117474
0.11693
0.116357
0.115753
0.115119
0.114451
0.113749
0.11301
0.112234
0.111417
0.110557
0.109654
0.108702
0.107701
0.106647
0.105536
0.104366
0.10313
0.101826
0.100448
0.0989893
0.0974434
0.0958022
0.094056
0.0921936
0.0902011
0.0880613
0.0857529
0.083248
0.0805099
0.0774884
0.0741116
0.0702715
0.0657939
0.0603685
0.0533569
0.04313
0.0253664
0.123916
0.124172
0.124425
0.124677
0.124925
0.12517
0.125412
0.125649
0.125882
0.126109
0.126331
0.126547
0.126757
0.126959
0.127154
0.127342
0.127522
0.127694
0.127857
0.128011
0.128156
0.128291
0.128417
0.128534
0.12864
0.128735
0.12882
0.128894
0.128957
0.129008
0.129048
0.129076
0.129091
0.129095
0.129085
0.129063
0.129027
0.128977
0.128913
0.128836
0.128743
0.128636
0.128513
0.128374
0.128219
0.128048
0.127859
0.127653
0.127429
0.127187
0.126925
0.126643
0.126341
0.126019
0.125674
0.125307
0.124917
0.124503
0.124064
0.123599
0.123107
0.122587
0.122039
0.12146
0.12085
0.120208
0.119531
0.118819
0.118069
0.11728
0.116451
0.115578
0.114661
0.113696
0.112681
0.111614
0.110491
0.109308
0.108063
0.106751
0.105367
0.103906
0.102362
0.100729
0.0989971
0.0971578
0.0951994
0.0931079
0.0908661
0.088452
0.0858376
0.0829853
0.0798439
0.07634
0.0723628
0.0677335
0.0621327
0.0549016
0.0443482
0.0258621
0.126791
0.127112
0.127428
0.127738
0.128042
0.12834
0.128631
0.128917
0.129196
0.129468
0.129733
0.129991
0.130242
0.130484
0.130719
0.130945
0.131162
0.13137
0.131569
0.131758
0.131938
0.132107
0.132266
0.132414
0.132552
0.132678
0.132793
0.132896
0.132987
0.133065
0.133131
0.133184
0.133224
0.13325
0.133263
0.133261
0.133244
0.133213
0.133166
0.133104
0.133026
0.132931
0.132819
0.13269
0.132543
0.132378
0.132194
0.131991
0.131768
0.131524
0.131259
0.130973
0.130664
0.130332
0.129976
0.129596
0.12919
0.128758
0.128299
0.127812
0.127295
0.126749
0.126171
0.12556
0.124916
0.124236
0.12352
0.122765
0.121971
0.121136
0.120257
0.119332
0.11836
0.117338
0.116264
0.115135
0.113947
0.112698
0.111384
0.110001
0.108543
0.107007
0.105385
0.103672
0.101858
0.0999339
0.0978888
0.0957082
0.0933748
0.0908664
0.0881545
0.0852009
0.0819534
0.0783372
0.0742391
0.0694759
0.0637202
0.0562941
0.045448
0.0262941
0.129233
0.129616
0.12999
0.130354
0.13071
0.131058
0.131398
0.131729
0.132053
0.132369
0.132676
0.132975
0.133266
0.133548
0.133821
0.134085
0.134339
0.134584
0.134819
0.135043
0.135257
0.13546
0.135653
0.135834
0.136003
0.13616
0.136305
0.136438
0.136558
0.136664
0.136757
0.136836
0.136901
0.136952
0.136987
0.137007
0.137011
0.136999
0.136971
0.136925
0.136862
0.136781
0.136682
0.136564
0.136427
0.136269
0.136091
0.135892
0.135672
0.135429
0.135163
0.134873
0.134559
0.13422
0.133855
0.133464
0.133045
0.132597
0.13212
0.131613
0.131074
0.130503
0.129898
0.129258
0.128582
0.127869
0.127116
0.126324
0.125489
0.12461
0.123685
0.122713
0.121691
0.120617
0.119488
0.118302
0.117056
0.115746
0.11437
0.112921
0.111398
0.109793
0.108101
0.106315
0.104427
0.102428
0.100305
0.0980456
0.0956308
0.0930386
0.0902403
0.0871971
0.083856
0.0801407
0.0759358
0.0710544
0.0651614
0.0575619
0.0464521
0.0266743
0.13128
0.13172
0.132148
0.132563
0.132968
0.133363
0.133748
0.134124
0.134491
0.134848
0.135196
0.135536
0.135866
0.136186
0.136497
0.136798
0.13709
0.137371
0.137641
0.137901
0.13815
0.138387
0.138613
0.138826
0.139028
0.139217
0.139393
0.139556
0.139705
0.13984
0.139961
0.140067
0.140158
0.140233
0.140292
0.140335
0.140361
0.140369
0.14036
0.140333
0.140286
0.140221
0.140136
0.14003
0.139903
0.139755
0.139585
0.139392
0.139175
0.138935
0.13867
0.138379
0.138062
0.137718
0.137346
0.136945
0.136515
0.136055
0.135563
0.135038
0.13448
0.133887
0.133258
0.132592
0.131888
0.131144
0.130359
0.129532
0.12866
0.127742
0.126776
0.125761
0.124694
0.123573
0.122395
0.121158
0.119859
0.118494
0.117061
0.115555
0.113971
0.112305
0.11055
0.1087
0.106746
0.10468
0.102488
0.100158
0.0976705
0.0950041
0.0921292
0.0890067
0.0855826
0.0817795
0.0774801
0.0724938
0.0664787
0.0587236
0.0473744
0.0270097
0.132969
0.133461
0.133938
0.134401
0.134852
0.135292
0.13572
0.136138
0.136546
0.136944
0.137332
0.13771
0.138078
0.138437
0.138785
0.139124
0.139451
0.139768
0.140074
0.140369
0.140653
0.140924
0.141184
0.141431
0.141665
0.141886
0.142093
0.142287
0.142466
0.14263
0.142779
0.142913
0.143031
0.143132
0.143216
0.143282
0.143331
0.143361
0.143372
0.143364
0.143336
0.143287
0.143217
0.143125
0.143011
0.142874
0.142713
0.142527
0.142317
0.142081
0.141818
0.141528
0.14121
0.140864
0.140487
0.14008
0.139641
0.13917
0.138665
0.138126
0.137551
0.13694
0.136291
0.135602
0.134873
0.134103
0.133289
0.13243
0.131526
0.130573
0.129571
0.128517
0.127409
0.126246
0.125024
0.123741
0.122394
0.120981
0.119497
0.117939
0.116302
0.11458
0.112769
0.110862
0.108849
0.106722
0.104469
0.102076
0.0995244
0.0967919
0.0938489
0.0906559
0.0871581
0.0832771
0.0788935
0.0738138
0.0676896
0.0597949
0.0482276
0.0273066
0.134336
0.134876
0.135398
0.135906
0.1364
0.136881
0.137351
0.137809
0.138257
0.138693
0.13912
0.139536
0.139942
0.140338
0.140724
0.141098
0.141462
0.141815
0.142157
0.142487
0.142805
0.143111
0.143404
0.143685
0.143952
0.144205
0.144445
0.14467
0.144879
0.145074
0.145252
0.145414
0.145559
0.145687
0.145797
0.145888
0.145961
0.146014
0.146047
0.146059
0.14605
0.146019
0.145966
0.145889
0.145789
0.145664
0.145514
0.145338
0.145136
0.144906
0.144648
0.144361
0.144044
0.143697
0.143318
0.142907
0.142462
0.141983
0.141468
0.140917
0.140329
0.139701
0.139034
0.138327
0.137576
0.136782
0.135943
0.135058
0.134124
0.133141
0.132106
0.131017
0.129874
0.128672
0.127411
0.126087
0.124698
0.123241
0.121712
0.120107
0.118421
0.116651
0.114789
0.11283
0.110764
0.108584
0.106275
0.103826
0.101216
0.0984245
0.0954205
0.0921643
0.0886006
0.0846498
0.0801911
0.0750278
0.0688059
0.0607852
0.0490186
0.0275684
0.135415
0.135998
0.136563
0.137112
0.137646
0.138168
0.138676
0.139173
0.139659
0.140134
0.140598
0.141051
0.141494
0.141927
0.142349
0.14276
0.14316
0.143548
0.143926
0.144291
0.144644
0.144985
0.145312
0.145627
0.145927
0.146214
0.146486
0.146742
0.146983
0.147208
0.147417
0.147608
0.147782
0.147937
0.148074
0.148191
0.148289
0.148366
0.148421
0.148455
0.148467
0.148456
0.14842
0.148361
0.148276
0.148165
0.148028
0.147863
0.147671
0.147449
0.147198
0.146915
0.146602
0.146256
0.145877
0.145463
0.145015
0.14453
0.144008
0.143448
0.142849
0.142209
0.141527
0.140802
0.140034
0.13922
0.138359
0.137449
0.13649
0.135479
0.134415
0.133297
0.132121
0.130885
0.129589
0.128228
0.126801
0.125304
0.123733
0.122086
0.120357
0.118542
0.116635
0.114628
0.112515
0.110285
0.107927
0.105426
0.102764
0.0999183
0.096859
0.0935456
0.0899223
0.0859086
0.0813823
0.076144
0.0698344
0.0617006
0.049752
0.0277974
0.136237
0.136861
0.137465
0.138052
0.138625
0.139184
0.13973
0.140264
0.140787
0.141299
0.141799
0.14229
0.142769
0.143238
0.143696
0.144143
0.144579
0.145004
0.145417
0.145818
0.146206
0.146581
0.146944
0.147292
0.147627
0.147947
0.148252
0.148541
0.148814
0.149071
0.14931
0.149532
0.149735
0.149919
0.150084
0.150228
0.150352
0.150454
0.150534
0.150591
0.150624
0.150634
0.150618
0.150577
0.150509
0.150414
0.150291
0.150139
0.149958
0.149746
0.149503
0.149228
0.148919
0.148577
0.148199
0.147786
0.147336
0.146848
0.146321
0.145754
0.145146
0.144495
0.143802
0.143063
0.142279
0.141447
0.140567
0.139636
0.138655
0.137619
0.13653
0.135383
0.134178
0.132912
0.131583
0.130189
0.128727
0.127194
0.125586
0.123899
0.122131
0.120274
0.118325
0.116275
0.114117
0.111842
0.109437
0.106889
0.104179
0.101284
0.0981733
0.0948074
0.0911296
0.0870586
0.0824711
0.0771653
0.0707772
0.0625421
0.0504288
0.0279934
0.136834
0.137494
0.138134
0.138758
0.139367
0.139962
0.140544
0.141114
0.141673
0.142221
0.142758
0.143284
0.143799
0.144304
0.144799
0.145282
0.145754
0.146215
0.146663
0.1471
0.147524
0.147935
0.148332
0.148716
0.149085
0.149439
0.149778
0.150101
0.150407
0.150696
0.150967
0.151219
0.151453
0.151667
0.151861
0.152033
0.152184
0.152312
0.152418
0.152499
0.152556
0.152588
0.152593
0.152571
0.152522
0.152444
0.152337
0.1522
0.152031
0.151831
0.151598
0.151331
0.151029
0.150692
0.150318
0.149907
0.149457
0.148967
0.148437
0.147865
0.14725
0.146592
0.145888
0.145137
0.144339
0.143492
0.142595
0.141646
0.140644
0.139587
0.138473
0.137301
0.136069
0.134775
0.133417
0.131992
0.130497
0.12893
0.127287
0.125564
0.123758
0.121863
0.119874
0.117783
0.115583
0.113265
0.110817
0.108223
0.105467
0.102525
0.0993671
0.0959519
0.0922231
0.0880991
0.0834553
0.0780884
0.07163
0.063305
0.0510441
0.0281533
0.13723
0.137924
0.138599
0.139257
0.1399
0.14053
0.141147
0.141752
0.142346
0.142929
0.143502
0.144064
0.144615
0.145156
0.145686
0.146206
0.146714
0.147211
0.147696
0.148169
0.148629
0.149076
0.149509
0.149928
0.150333
0.150722
0.151095
0.151452
0.151792
0.152114
0.152418
0.152703
0.152968
0.153213
0.153437
0.153639
0.153818
0.153974
0.154106
0.154213
0.154294
0.154349
0.154377
0.154376
0.154347
0.154287
0.154197
0.154076
0.153921
0.153734
0.153512
0.153255
0.152962
0.152631
0.152262
0.151854
0.151406
0.150917
0.150385
0.149809
0.149189
0.148524
0.147811
0.14705
0.14624
0.14538
0.144467
0.143501
0.14248
0.141402
0.140267
0.139071
0.137814
0.136494
0.135107
0.133652
0.132126
0.130527
0.12885
0.127092
0.12525
0.123317
0.121289
0.119159
0.116919
0.114559
0.112067
0.109431
0.10663
0.103643
0.100438
0.096975
0.0931973
0.0890226
0.0843259
0.0789022
0.0723802
0.0639757
0.0515861
0.0282694
0.137452
0.138178
0.138884
0.139575
0.140251
0.140914
0.141565
0.142204
0.142833
0.143451
0.144059
0.144656
0.145244
0.145821
0.146387
0.146943
0.147488
0.148021
0.148543
0.149052
0.149549
0.150033
0.150503
0.150958
0.151399
0.151824
0.152233
0.152625
0.152999
0.153356
0.153693
0.154011
0.154309
0.154586
0.154841
0.155073
0.155282
0.155466
0.155626
0.15576
0.155867
0.155946
0.155997
0.156019
0.15601
0.155971
0.155899
0.155794
0.155655
0.155482
0.155273
0.155026
0.154742
0.15442
0.154057
0.153653
0.153208
0.152719
0.152187
0.151609
0.150985
0.150314
0.149593
0.148823
0.148002
0.147129
0.146201
0.145219
0.14418
0.143083
0.141926
0.140708
0.139426
0.138079
0.136665
0.135181
0.133625
0.131993
0.130283
0.128491
0.126612
0.124643
0.122577
0.120407
0.118126
0.115725
0.113191
0.11051
0.107665
0.104632
0.10138
0.0978687
0.0940414
0.0898158
0.0850666
0.0795884
0.0730086
0.0645372
0.0520449
0.02833
0.137521
0.138276
0.139013
0.139735
0.140443
0.141138
0.141822
0.142495
0.143158
0.14381
0.144453
0.145086
0.145709
0.146323
0.146926
0.147518
0.1481
0.14867
0.149229
0.149776
0.15031
0.150831
0.151338
0.15183
0.152308
0.152769
0.153215
0.153643
0.154053
0.154445
0.154818
0.15517
0.155501
0.155811
0.156098
0.156362
0.156601
0.156816
0.157004
0.157165
0.157299
0.157404
0.15748
0.157524
0.157538
0.157519
0.157466
0.157379
0.157257
0.157098
0.156902
0.156668
0.156394
0.15608
0.155724
0.155325
0.154883
0.154397
0.153864
0.153284
0.152657
0.15198
0.151252
0.150473
0.149642
0.148756
0.147814
0.146816
0.145759
0.144642
0.143464
0.142223
0.140917
0.139544
0.138102
0.136589
0.135002
0.133338
0.131595
0.129767
0.127852
0.125845
0.123739
0.121529
0.119206
0.11676
0.114181
0.111454
0.10856
0.105477
0.102175
0.0986111
0.0947303
0.0904501
0.0856456
0.0801119
0.0734765
0.0649489
0.0523828
0.0283006
0.137413
0.138223
0.139017
0.139796
0.140563
0.141319
0.142064
0.142799
0.143525
0.144241
0.144948
0.145646
0.146335
0.147015
0.147685
0.148344
0.148994
0.149632
0.150259
0.150873
0.151475
0.152064
0.152639
0.153199
0.153743
0.154272
0.154783
0.155277
0.155752
0.156208
0.156643
0.157057
0.157449
0.157818
0.158163
0.158484
0.158778
0.159046
0.159286
0.159497
0.159679
0.159829
0.159948
0.160035
0.160087
0.160104
0.160086
0.160031
0.159937
0.159805
0.159632
0.159418
0.159161
0.158861
0.158517
0.158127
0.15769
0.157206
0.156672
0.156088
0.155453
0.154765
0.154024
0.153227
0.152375
0.151465
0.150496
0.149467
0.148377
0.147224
0.146006
0.144722
0.143369
0.141947
0.140453
0.138885
0.137239
0.135514
0.133706
0.131812
0.129827
0.127747
0.125566
0.123277
0.120873
0.118344
0.115679
0.112863
0.109878
0.1067
0.1033
0.0996356
0.0956497
0.0912592
0.0863375
0.0806766
0.073899
0.0652053
0.0524373
0.0280664
0.136496
0.137388
0.138268
0.139139
0.140001
0.140856
0.141704
0.142545
0.143379
0.144207
0.145029
0.145844
0.146652
0.147452
0.148245
0.149029
0.149804
0.15057
0.151325
0.152069
0.152801
0.153521
0.154227
0.154918
0.155594
0.156254
0.156896
0.15752
0.158125
0.158709
0.159271
0.159811
0.160327
0.160818
0.161283
0.161721
0.162131
0.162511
0.16286
0.163178
0.163462
0.163712
0.163927
0.164105
0.164245
0.164345
0.164406
0.164425
0.164401
0.164333
0.164221
0.164061
0.163855
0.163599
0.163293
0.162937
0.162528
0.162065
0.161548
0.160974
0.160344
0.159655
0.158907
0.158098
0.157227
0.156293
0.155294
0.154229
0.153097
0.151897
0.150626
0.149283
0.147867
0.146376
0.144808
0.14316
0.14143
0.139616
0.137715
0.135722
0.133635
0.131449
0.129158
0.126756
0.124235
0.121587
0.118799
0.115858
0.112746
0.10944
0.105909
0.102112
0.0979914
0.0934638
0.088401
0.0825922
0.0756523
0.06676
0.0536701
0.0281805
0.135124
0.136096
0.137063
0.138027
0.138989
0.139947
0.140904
0.141858
0.142809
0.143758
0.144703
0.145645
0.146583
0.147516
0.148444
0.149366
0.15028
0.151187
0.152084
0.152972
0.153849
0.154713
0.155565
0.156402
0.157224
0.158029
0.158816
0.159583
0.16033
0.161055
0.161756
0.162433
0.163083
0.163706
0.1643
0.164864
0.165396
0.165894
0.166358
0.166786
0.167177
0.167528
0.167839
0.168109
0.168335
0.168517
0.168652
0.168741
0.16878
0.168769
0.168707
0.168592
0.168423
0.168199
0.167918
0.167579
0.167181
0.166722
0.166202
0.165618
0.164971
0.164258
0.163479
0.162632
0.161717
0.160731
0.159674
0.158544
0.157341
0.156063
0.154708
0.153275
0.151764
0.150171
0.148495
0.146735
0.144888
0.142951
0.140923
0.138799
0.136576
0.13425
0.131816
0.12927
0.126602
0.123804
0.120866
0.117774
0.114509
0.111051
0.107368
0.103421
0.0991533
0.094482
0.0892806
0.0833398
0.0762754
0.0672635
0.0540285
0.0279374
0.133489
0.134542
0.135597
0.136656
0.137718
0.138783
0.139851
0.140921
0.141993
0.143066
0.14414
0.145214
0.146287
0.147358
0.148426
0.149491
0.15055
0.151603
0.152649
0.153686
0.154712
0.155727
0.156729
0.157717
0.158688
0.159641
0.160575
0.161488
0.162379
0.163245
0.164085
0.164898
0.165681
0.166434
0.167153
0.167838
0.168487
0.169097
0.169668
0.170198
0.170685
0.171127
0.171522
0.17187
0.172168
0.172414
0.172608
0.172747
0.17283
0.172856
0.172823
0.172729
0.172574
0.172355
0.172072
0.171723
0.171308
0.170823
0.170269
0.169645
0.168948
0.168179
0.167335
0.166417
0.165422
0.164349
0.163198
0.161967
0.160656
0.159264
0.157789
0.156231
0.154587
0.152858
0.151041
0.149134
0.147136
0.145045
0.142858
0.140573
0.138186
0.135694
0.133091
0.130374
0.127534
0.124564
0.121453
0.118189
0.114756
0.111132
0.107288
0.103187
0.0987726
0.0939664
0.0886448
0.0826037
0.0754665
0.0664221
0.0532123
0.0270223
0.131751
0.132885
0.134029
0.135183
0.136346
0.137518
0.138697
0.139884
0.141077
0.142276
0.143479
0.144686
0.145895
0.147104
0.148314
0.149521
0.150726
0.151925
0.153118
0.154303
0.155478
0.156641
0.15779
0.158924
0.160041
0.161139
0.162215
0.163268
0.164295
0.165295
0.166266
0.167206
0.168112
0.168983
0.169816
0.170609
0.171361
0.172069
0.172732
0.173347
0.173912
0.174425
0.174886
0.17529
0.175638
0.175926
0.176154
0.176319
0.17642
0.176455
0.176423
0.176322
0.17615
0.175906
0.175589
0.175198
0.17473
0.174185
0.173563
0.172861
0.17208
0.171217
0.170273
0.169245
0.168134
0.166938
0.165657
0.16429
0.162836
0.161294
0.159664
0.157944
0.156134
0.154233
0.152239
0.150152
0.14797
0.145692
0.143316
0.140839
0.13826
0.135575
0.132781
0.129873
0.126845
0.12369
0.1204
0.116963
0.113365
0.109585
0.105598
0.101368
0.0968436
0.0919499
0.0865701
0.0805093
0.0734066
0.0644803
0.051536
0.02579
0.130086
0.131304
0.132537
0.133786
0.135049
0.136327
0.137617
0.138919
0.140232
0.141553
0.142883
0.144218
0.145559
0.146903
0.148249
0.149594
0.150937
0.152276
0.153608
0.154933
0.156247
0.157549
0.158836
0.160106
0.161356
0.162585
0.163789
0.164968
0.166117
0.167236
0.168321
0.16937
0.170381
0.171352
0.17228
0.173162
0.173996
0.174781
0.175512
0.176189
0.176809
0.17737
0.177869
0.178305
0.178676
0.178979
0.179212
0.179374
0.179462
0.179476
0.179412
0.179271
0.17905
0.178747
0.178362
0.177893
0.17734
0.1767
0.175973
0.175158
0.174254
0.173261
0.172177
0.171002
0.169736
0.168377
0.166925
0.165381
0.163743
0.162011
0.160185
0.158265
0.156251
0.154141
0.151936
0.149635
0.147238
0.144744
0.142151
0.13946
0.136668
0.133773
0.130773
0.127664
0.124442
0.121102
0.117636
0.114034
0.110284
0.106368
0.102263
0.097936
0.0933405
0.0884068
0.0830263
0.0770164
0.0700381
0.0613537
0.0488786
0.0240762
0.128702
0.130005
0.131328
0.132672
0.134035
0.135416
0.136814
0.138227
0.139653
0.141091
0.142539
0.143996
0.145459
0.146926
0.148396
0.149866
0.151334
0.152798
0.154254
0.155702
0.157137
0.158558
0.159962
0.161346
0.162709
0.164046
0.165356
0.166635
0.167882
0.169094
0.170268
0.171402
0.172493
0.173538
0.174534
0.175477
0.176366
0.177198
0.17797
0.17868
0.179325
0.179903
0.180412
0.180849
0.181212
0.181498
0.181706
0.181833
0.181878
0.181838
0.181712
0.181497
0.181193
0.180797
0.180309
0.179727
0.17905
0.178277
0.177407
0.17644
0.175373
0.174208
0.172944
0.17158
0.170117
0.168553
0.16689
0.165128
0.163267
0.161307
0.159248
0.157092
0.154838
0.152488
0.150041
0.147499
0.144862
0.14213
0.139303
0.136382
0.133366
0.130254
0.127045
0.123737
0.120328
0.116812
0.113186
0.10944
0.105564
0.101544
0.0973593
0.0929807
0.0883666
0.0834542
0.0781447
0.0722712
0.0655222
0.057218
0.0454232
0.0220548
0.127855
0.129246
0.130661
0.132098
0.133558
0.135038
0.136536
0.13805
0.139579
0.141121
0.142673
0.144234
0.145801
0.147371
0.148944
0.150515
0.152084
0.153647
0.155202
0.156744
0.15827
0.159779
0.161267
0.162733
0.164172
0.165583
0.166963
0.168309
0.169618
0.170887
0.172114
0.173295
0.174428
0.17551
0.176537
0.177507
0.178417
0.179264
0.180044
0.180756
0.181396
0.181962
0.18245
0.182859
0.183184
0.183425
0.183577
0.183639
0.183609
0.183483
0.183261
0.18294
0.182519
0.181995
0.181368
0.180635
0.179797
0.178852
0.1778
0.17664
0.175371
0.173995
0.17251
0.170917
0.169217
0.167411
0.165498
0.163481
0.161361
0.159138
0.156815
0.154393
0.151873
0.149257
0.146548
0.143746
0.140853
0.137871
0.134802
0.131647
0.128406
0.125082
0.121672
0.118178
0.114598
0.11093
0.10717
0.103311
0.0993469
0.0952643
0.0910462
0.086668
0.082093
0.0772658
0.0720985
0.066442
0.0600167
0.0522101
0.0412692
0.0197451
0.127855
0.129338
0.130843
0.132371
0.133919
0.135486
0.13707
0.138668
0.140279
0.1419
0.14353
0.145165
0.146803
0.148442
0.150079
0.151712
0.153339
0.154955
0.156559
0.158148
0.159719
0.161269
0.162795
0.164295
0.165767
0.167206
0.168611
0.169979
0.171306
0.17259
0.173828
0.175017
0.176154
0.177235
0.178258
0.179219
0.180115
0.180943
0.181699
0.182381
0.182984
0.183506
0.183944
0.184293
0.184551
0.184715
0.184782
0.184748
0.184612
0.18437
0.18402
0.18356
0.182987
0.182301
0.1815
0.180582
0.179547
0.178394
0.177122
0.175732
0.174224
0.172599
0.170857
0.169
0.167028
0.164944
0.16275
0.160447
0.158039
0.155527
0.152915
0.150205
0.147401
0.144504
0.14152
0.13845
0.135298
0.132066
0.128759
0.125377
0.121925
0.118404
0.114816
0.111161
0.107441
0.103654
0.099799
0.0958712
0.091865
0.0877709
0.083575
0.0792565
0.0747842
0.0701104
0.0651587
0.0597989
0.0537862
0.0465822
0.0366385
0.0172835
0.129103
0.130662
0.13224
0.133835
0.135447
0.137072
0.138709
0.140355
0.142008
0.143666
0.145326
0.146987
0.148645
0.1503
0.151947
0.153586
0.155213
0.156826
0.158422
0.16
0.161557
0.16309
0.164596
0.166074
0.167521
0.168933
0.170309
0.171646
0.172941
0.17419
0.175392
0.176543
0.17764
0.178679
0.179658
0.180572
0.181418
0.182192
0.182891
0.18351
0.184047
0.184495
0.184853
0.185115
0.185278
0.185338
0.185292
0.185135
0.184865
0.184477
0.183971
0.183342
0.182589
0.18171
0.180703
0.179567
0.178302
0.176907
0.175383
0.173731
0.17195
0.170043
0.168012
0.165859
0.163587
0.161198
0.158696
0.156084
0.153367
0.150548
0.147632
0.144623
0.141526
0.138345
0.135086
0.131752
0.128349
0.124881
0.121352
0.117767
0.114129
0.110442
0.106709
0.102933
0.0991152
0.095256
0.0913553
0.087411
0.0834189
0.079372
0.075259
0.0710631
0.0667583
0.0623043
0.0576363
0.0526431
0.0471154
0.0405919
0.0317401
0.0147608
0.132046
0.133642
0.135249
0.136865
0.138488
0.140117
0.141748
0.143379
0.14501
0.146637
0.148259
0.149873
0.151479
0.153075
0.154658
0.156227
0.15778
0.159315
0.16083
0.162324
0.163794
0.165239
0.166657
0.168046
0.169402
0.170725
0.172012
0.173261
0.174468
0.175631
0.176747
0.177814
0.178827
0.179783
0.180679
0.18151
0.182273
0.182962
0.183574
0.184104
0.184547
0.184898
0.185153
0.185305
0.185351
0.185285
0.185103
0.1848
0.184372
0.183816
0.183128
0.182305
0.181345
0.180245
0.179004
0.177621
0.176097
0.174431
0.172625
0.170679
0.168597
0.166381
0.164033
0.161559
0.158962
0.156247
0.153419
0.150483
0.147445
0.144311
0.141087
0.137779
0.134394
0.130938
0.127417
0.123838
0.120207
0.11653
0.112812
0.109059
0.105276
0.101468
0.0976389
0.0937924
0.089931
0.0860568
0.0821703
0.0782707
0.0743555
0.0704193
0.0664535
0.0624444
0.0583707
0.0541991
0.0498758
0.0453082
0.0403216
0.0345308
0.0268195
0.0123005
0.137139
0.138691
0.140243
0.141792
0.143337
0.144876
0.146406
0.147927
0.149436
0.150934
0.152419
0.153889
0.155345
0.156785
0.158208
0.159614
0.161002
0.16237
0.163718
0.165044
0.166348
0.167628
0.168883
0.170112
0.171312
0.172482
0.17362
0.174724
0.175791
0.17682
0.177806
0.178746
0.179638
0.180477
0.181258
0.181979
0.182632
0.183214
0.183718
0.18414
0.184472
0.184708
0.184843
0.18487
0.184783
0.184575
0.18424
0.183774
0.183171
0.182426
0.181535
0.180494
0.179302
0.177956
0.176455
0.174798
0.172987
0.171021
0.168905
0.16664
0.16423
0.161679
0.158994
0.156179
0.153241
0.150186
0.147022
0.143756
0.140396
0.13695
0.133427
0.129833
0.126178
0.12247
0.118717
0.114925
0.111104
0.10726
0.1034
0.0995302
0.095657
0.0917855
0.0879208
0.0840668
0.0802269
0.0764034
0.0725978
0.0688098
0.0650378
0.0612779
0.0575231
0.0537624
0.0499785
0.0461443
0.0422159
0.038118
0.0337083
0.028673
0.0221019
0.0100014
0.144735
0.146105
0.147462
0.148804
0.15013
0.15144
0.152732
0.154006
0.155263
0.156502
0.157724
0.158929
0.160118
0.161289
0.162445
0.163584
0.164707
0.165814
0.166905
0.16798
0.169038
0.170079
0.171101
0.172105
0.173089
0.17405
0.174989
0.175903
0.176788
0.177644
0.178466
0.179252
0.179996
0.180696
0.181344
0.181937
0.182468
0.182931
0.183318
0.183622
0.183836
0.183951
0.183959
0.183852
0.183622
0.183262
0.182763
0.182119
0.181323
0.18037
0.179256
0.177975
0.176527
0.174908
0.173119
0.17116
0.169033
0.16674
0.164286
0.161675
0.158914
0.156009
0.152967
0.149797
0.146508
0.143109
0.139609
0.136018
0.132348
0.128607
0.124806
0.120955
0.117064
0.113143
0.109201
0.105247
0.10129
0.0973372
0.0933966
0.089475
0.0855786
0.0817131
0.0778834
0.0740935
0.0703468
0.0666454
0.0629908
0.0593829
0.0558203
0.0522998
0.0488157
0.0453588
0.0419151
0.0384626
0.0349661
0.0313655
0.0275476
0.0232628
0.0177872
0.00795108
0.154907
0.15589
0.156852
0.157794
0.158715
0.159617
0.1605
0.161366
0.162216
0.16305
0.163871
0.164681
0.165479
0.166268
0.167048
0.167822
0.168589
0.16935
0.170106
0.170857
0.171604
0.172345
0.173082
0.173813
0.174537
0.175253
0.17596
0.176655
0.177336
0.178
0.178643
0.179262
0.179851
0.180405
0.180918
0.181383
0.181793
0.182139
0.182411
0.182601
0.182698
0.182692
0.182573
0.18233
0.181952
0.18143
0.180755
0.179918
0.178911
0.177729
0.176366
0.174818
0.173084
0.171162
0.169053
0.166759
0.164285
0.161635
0.158815
0.155834
0.1527
0.149423
0.146014
0.142483
0.138842
0.135104
0.131281
0.127385
0.123429
0.119426
0.115386
0.111323
0.107248
0.10317
0.0991012
0.0950503
0.0910263
0.0870375
0.0830912
0.0791941
0.0753521
0.0715701
0.0678525
0.0642027
0.0606231
0.0571155
0.0536803
0.0503173
0.0470248
0.0437995
0.0406363
0.0375274
0.0344612
0.0314198
0.0283752
0.0252801
0.0220461
0.0184784
0.0140149
0.00621897
0.167212
0.167564
0.167902
0.168228
0.168544
0.168851
0.169151
0.169447
0.169741
0.170035
0.170331
0.17063
0.170936
0.171249
0.17157
0.171903
0.172246
0.172603
0.172972
0.173355
0.173752
0.174162
0.174586
0.175023
0.175472
0.17593
0.176398
0.176871
0.177348
0.177824
0.178295
0.178757
0.179202
0.179625
0.180018
0.180371
0.180674
0.180918
0.181089
0.181176
0.181166
0.181045
0.180799
0.180416
0.179883
0.179187
0.178317
0.177264
0.17602
0.174577
0.17293
0.171078
0.169019
0.166753
0.164285
0.16162
0.158763
0.155723
0.152511
0.149137
0.145615
0.141957
0.138177
0.13429
0.130311
0.126256
0.122139
0.117975
0.113778
0.109564
0.105345
0.101134
0.0969428
0.0927831
0.088665
0.0845978
0.0805899
0.0766488
0.0727809
0.0689919
0.0652863
0.061668
0.0581397
0.0547037
0.0513609
0.0481119
0.0449561
0.0418922
0.0389177
0.0360292
0.0332215
0.0304876
0.0278175
0.0251966
0.0226026
0.0199985
0.0173168
0.0144092
0.0108474
0.00478142
0.18058
0.180085
0.179601
0.179132
0.178679
0.178244
0.177831
0.17744
0.177075
0.176737
0.176428
0.176149
0.175903
0.175691
0.175513
0.175372
0.175267
0.1752
0.17517
0.175178
0.175224
0.175307
0.175427
0.175581
0.17577
0.17599
0.17624
0.176516
0.176815
0.177132
0.177461
0.177797
0.17813
0.178453
0.178755
0.179024
0.179248
0.179412
0.179501
0.179499
0.179388
0.179153
0.178776
0.178241
0.177532
0.176636
0.175539
0.174232
0.172706
0.170955
0.168976
0.166768
0.164332
0.161675
0.158801
0.155721
0.152445
0.148986
0.145359
0.141579
0.137663
0.133628
0.129492
0.125274
0.120991
0.116661
0.112302
0.107929
0.10356
0.0992084
0.0948886
0.0906135
0.0863947
0.0822426
0.0781665
0.0741744
0.0702734
0.066469
0.0627661
0.0591681
0.0556779
0.0522973
0.0490271
0.0458676
0.0428182
0.0398777
0.0370443
0.0343154
0.0316876
0.0291569
0.0267181
0.0243646
0.0220876
0.0198756
0.0177113
0.0155674
0.0133911
0.0110685
0.00827488
0.00362299
0.193495
0.192033
0.190626
0.189275
0.187981
0.186746
0.185572
0.184458
0.183408
0.18242
0.181497
0.18064
0.179848
0.179122
0.178462
0.177869
0.177342
0.176882
0.176487
0.176157
0.175892
0.175689
0.175548
0.175467
0.175442
0.175473
0.175554
0.175683
0.175854
0.176061
0.176297
0.176553
0.176819
0.177084
0.177333
0.177551
0.177722
0.177826
0.177845
0.177757
0.177541
0.177177
0.176644
0.175923
0.174996
0.173849
0.172468
0.170844
0.16897
0.166844
0.164465
0.161836
0.158965
0.155859
0.152533
0.148999
0.145275
0.141378
0.137329
0.133147
0.128855
0.124472
0.120021
0.115522
0.110996
0.106462
0.101939
0.0974432
0.0929914
0.0885979
0.0842756
0.080036
0.0758891
0.0718434
0.067906
0.0640825
0.0603773
0.0567938
0.0533339
0.0499989
0.0467889
0.0437036
0.0407415
0.0379011
0.03518
0.0325753
0.0300838
0.027702
0.0254258
0.0232506
0.0211713
0.0191826
0.0172772
0.0154446
0.0136699
0.01193
0.0101849
0.00835059
0.00618886
0.00268679
0.204417
0.202009
0.199708
0.197512
0.195422
0.193437
0.191556
0.189778
0.188104
0.186533
0.185063
0.183694
0.182427
0.181258
0.180189
0.179218
0.178343
0.177563
0.176878
0.176284
0.175782
0.175368
0.17504
0.174796
0.174631
0.174543
0.174527
0.174576
0.174685
0.174845
0.175047
0.175279
0.175527
0.175775
0.176006
0.176199
0.176331
0.17638
0.17632
0.176124
0.175769
0.17523
0.174482
0.173507
0.172286
0.170805
0.169053
0.167025
0.164717
0.162131
0.159274
0.156156
0.152788
0.149187
0.145372
0.141364
0.137186
0.13286
0.128412
0.123866
0.119247
0.11458
0.109888
0.105193
0.100516
0.0958777
0.091295
0.0867841
0.0823594
0.0780333
0.0738163
0.0697172
0.0657429
0.0618988
0.058189
0.0546158
0.0511807
0.0478838
0.0447245
0.0417013
0.038812
0.036054
0.033424
0.0309186
0.0285341
0.0262666
0.0241118
0.0220656
0.0201241
0.0182824
0.0165354
0.0148764
0.013298
0.0117911
0.0103442
0.00894037
0.00755119
0.00611779
0.00447386
0.00191846
0.212175
0.208982
0.205949
0.20307
0.200341
0.197761
0.195326
0.193034
0.190883
0.188871
0.186995
0.185253
0.183643
0.182162
0.180809
0.179582
0.178478
0.177495
0.176631
0.175882
0.175247
0.174721
0.174302
0.173987
0.173769
0.173645
0.173608
0.17365
0.173763
0.173935
0.174152
0.174401
0.174661
0.174911
0.175129
0.175287
0.175357
0.175309
0.175114
0.174741
0.174162
0.173351
0.172284
0.170942
0.169311
0.16738
0.165145
0.162605
0.159765
0.156635
0.15323
0.149565
0.145664
0.141548
0.137243
0.132777
0.128178
0.123473
0.118692
0.113862
0.109009
0.104158
0.0993339
0.0945577
0.0898491
0.0852259
0.0807031
0.0762941
0.0720096
0.0678585
0.0638476
0.0599818
0.0562645
0.0526972
0.0492806
0.0460136
0.0428948
0.0399215
0.0370906
0.0343983
0.0318408
0.0294137
0.0271126
0.024933
0.0228704
0.0209205
0.0190785
0.0173398
0.0156993
0.0141515
0.0126911
0.0113124
0.0100093
0.00877489
0.00760094
0.00647588
0.00538095
0.00427802
0.00305985
0.00128401
0.216139
0.212454
0.208964
0.205661
0.202541
0.1996
0.196832
0.194235
0.191805
0.189539
0.187432
0.185483
0.183688
0.182045
0.18055
0.179202
0.177996
0.176931
0.176003
0.17521
0.174547
0.174011
0.173597
0.173301
0.173117
0.173038
0.173054
0.173155
0.173329
0.17356
0.173829
0.174114
0.174391
0.174631
0.174802
0.174873
0.174808
0.174573
0.174135
0.173462
0.172527
0.171304
0.169776
0.167928
0.165753
0.163249
0.160421
0.157277
0.153833
0.150107
0.146122
0.141904
0.137482
0.132886
0.128147
0.123296
0.118366
0.113386
0.108386
0.103394
0.098435
0.0935335
0.0887103
0.0839843
0.0793715
0.0748856
0.0705377
0.0663366
0.0622887
0.0583986
0.0546689
0.0511006
0.0476931
0.044445
0.0413536
0.0384154
0.0356266
0.0329825
0.0304784
0.0281094
0.0258704
0.0237564
0.0217626
0.0198837
0.0181149
0.0164511
0.0148871
0.0134181
0.0120392
0.0107455
0.00953249
0.00839533
0.00732927
0.00632913
0.00538885
0.00450053
0.00365198
0.00281972
0.00194146
0.00078726
)
;

boundaryField
{
    jetInlet
    {
        type            fixedValue;
        value           uniform 0.006;
    }
    returnOutlet
    {
        type            inletOutlet;
        inletValue      uniform 0.006;
        value           nonuniform List<scalar> 
35
(
0.284615
0.551291
0.73638
0.893067
1.03803
1.17317
1.29503
1.39753
1.47317
1.51323
1.50657
1.43478
0.006
0.006
0.006
0.006
0.006
0.006
0.006
0.006
0.006
0.006
0.006
0.006
0.006
0.006
0.285636
0.292744
0.219379
0.10506
0.0846268
0.147029
0.268249
0.399236
0.483706
)
;
    }
    flatBed
    {
        type            kqRWallFunction;
        value           nonuniform List<scalar> 
100
(
0.284615
0.289977
0.294728
0.298848
0.302218
0.304796
0.306135
0.305117
0.301458
0.295045
0.285928
0.274301
0.260475
0.244855
0.227909
0.210142
0.192064
0.174157
0.156847
0.140477
0.125291
0.111434
0.0989639
0.0878655
0.0780745
0.0694956
0.0620183
0.0555273
0.0499083
0.0450517
0.0408549
0.0372234
0.0340728
0.0313288
0.0289286
0.0268211
0.0249659
0.0233333
0.0219021
0.0206578
0.0195899
0.0186897
0.0179483
0.0173556
0.0169003
0.0165704
0.0163548
0.016244
0.0162142
0.0162409
0.016315
0.0164293
0.0165776
0.0167544
0.0169556
0.0171772
0.0174161
0.0176696
0.0179352
0.0182111
0.0184952
0.0187861
0.0190824
0.0193827
0.0196859
0.019991
0.020297
0.020603
0.0209082
0.0212118
0.021513
0.0218112
0.0221057
0.022396
0.0226815
0.0229617
0.0232364
0.0235054
0.0237686
0.0240265
0.0242799
0.0245303
0.0247801
0.0250287
0.0252645
0.025485
0.0256877
0.025869
0.0260245
0.0261486
0.0262336
0.0262688
0.0262398
0.0261261
0.0258992
0.0255141
0.0248879
0.0238776
0.0223156
0.0199837
)
;
    }
    slope
    {
        type            kqRWallFunction;
        value           nonuniform List<scalar> 
50
(
0.00823974
0.00761724
0.00963547
0.0112785
0.0129411
0.0144001
0.015849
0.0171353
0.0183683
0.0194656
0.0204829
0.021386
0.0222032
0.0229252
0.0235644
0.024116
0.0247959
0.0253664
0.0258621
0.0262941
0.0266743
0.0270097
0.0273066
0.0275684
0.0277974
0.0279934
0.0281533
0.0282694
0.02833
0.0283006
0.0280664
0.0281805
0.0279374
0.0270223
0.02579
0.0240762
0.0220548
0.0197451
0.0172835
0.0147608
0.0123005
0.0100014
0.00795108
0.00621897
0.00478142
0.00362299
0.00268679
0.00191846
0.00128401
0.00078726
)
;
    }
    top
    {
        type            symmetryPlane;
    }
    frontAndBack
    {
        type            empty;
    }
    defaultFaces
    {
        type            empty;
    }
}


// ************************************************************************* //
