/*--------------------------------*- C++ -*----------------------------------*\
| =========                 |                                                 |
| \\      /  F ield         | OpenFOAM: The Open Source CFD Toolbox           |
|  \\    /   O peration     | Version:  2206                                  |
|   \\  /    A nd           | Website:  www.openfoam.com                      |
|    \\/     M anipulation  |                                                 |
\*---------------------------------------------------------------------------*/
FoamFile
{
    version     2.0;
    format      ascii;
    arch        "LSB;label=32;scalar=64";
    class       volScalarField;
    location    "1300";
    object      k;
}
// * * * * * * * * * * * * * * * * * * * * * * * * * * * * * * * * * * * * * //

dimensions      [0 2 -2 0 0 0 0];

internalField   nonuniform List<scalar> 
10000
(
0.284332
0.289777
0.294613
0.298819
0.302277
0.304942
0.306409
0.305531
0.302021
0.295764
0.286806
0.275335
0.261658
0.246174
0.229348
0.211679
0.193675
0.175815
0.158526
0.142149
0.126934
0.113028
0.100492
0.0893171
0.0794418
0.0707751
0.0632097
0.0566329
0.0509327
0.0460012
0.0417368
0.0380456
0.0348431
0.0320546
0.0296164
0.0274761
0.0255921
0.023933
0.0224764
0.0212067
0.0201127
0.0191856
0.0184166
0.0177962
0.0173133
0.0169562
0.0167136
0.0165756
0.0165342
0.0165537
0.0166235
0.0167361
0.016885
0.0170651
0.0172718
0.0175013
0.0177505
0.0180167
0.0182976
0.0185911
0.0188956
0.0192095
0.0195315
0.0198604
0.0201953
0.0205351
0.020879
0.0212263
0.0215762
0.0219281
0.0222814
0.0226355
0.02299
0.0233444
0.0236984
0.0240515
0.0244038
0.0247551
0.0251057
0.0254561
0.0258074
0.0261614
0.0265207
0.0268898
0.0272564
0.0276177
0.027972
0.0283169
0.0286495
0.0289653
0.029258
0.0295186
0.0297336
0.0298825
0.0299353
0.0298413
0.0295024
0.0287402
0.0273282
0.0249498
0.550866
0.560561
0.569749
0.578332
0.585924
0.591981
0.595863
0.596222
0.592256
0.583442
0.569561
0.550695
0.527203
0.499672
0.468865
0.435672
0.401055
0.365979
0.331355
0.297974
0.266459
0.237245
0.21058
0.186552
0.165125
0.14618
0.129547
0.115034
0.102438
0.0915576
0.0821935
0.0741557
0.0672644
0.0613538
0.0562744
0.051896
0.0481091
0.0448251
0.0419753
0.0395085
0.0373874
0.0355843
0.0340764
0.0328422
0.0318591
0.0311024
0.0305464
0.0301652
0.0299315
0.0298139
0.0297947
0.0298581
0.0299912
0.0301834
0.0304258
0.0307114
0.0310341
0.0313893
0.031773
0.0321817
0.0326129
0.0330641
0.0335335
0.0340193
0.0345202
0.0350349
0.0355624
0.0361017
0.036652
0.0372125
0.0377827
0.0383618
0.0389493
0.0395447
0.0401476
0.0407575
0.041374
0.0419969
0.0426257
0.0432604
0.0439006
0.0445464
0.0451977
0.0458546
0.0465137
0.0471741
0.0478342
0.0484918
0.0491439
0.0497864
0.0504134
0.0510161
0.0515815
0.0520899
0.0525092
0.0527867
0.0528419
0.0525471
0.0515098
0.0481154
0.735626
0.745599
0.755792
0.765893
0.775444
0.783759
0.790018
0.792327
0.789409
0.780379
0.76479
0.742627
0.714254
0.680334
0.641767
0.599617
0.555062
0.509319
0.463578
0.418915
0.376227
0.336179
0.299202
0.265505
0.235125
0.207973
0.183883
0.162652
0.14406
0.127882
0.113891
0.101861
0.0915688
0.0827966
0.0753363
0.0689952
0.063601
0.0590053
0.0550855
0.0517439
0.0489047
0.0465104
0.0445156
0.0428826
0.0415768
0.0405641
0.0398102
0.0392807
0.038939
0.0387492
0.0386858
0.0387277
0.0388576
0.0390613
0.039327
0.0396452
0.0400084
0.0404101
0.0408454
0.04131
0.0418005
0.0423141
0.0428485
0.0434015
0.0439716
0.0445573
0.0451573
0.0457707
0.0463963
0.0470335
0.0476814
0.0483393
0.0490066
0.0496827
0.0503671
0.0510591
0.0517583
0.0524642
0.0531763
0.0538939
0.0546166
0.0553436
0.0560739
0.0568064
0.0575389
0.0582694
0.0589954
0.0597139
0.0604209
0.0611108
0.0617764
0.062407
0.0629873
0.0634937
0.0638874
0.0641046
0.0640425
0.0635131
0.0619723
0.0577709
0.891835
0.901925
0.91316
0.925315
0.937794
0.949644
0.959732
0.965575
0.965334
0.957755
0.942203
0.918612
0.887384
0.849263
0.805238
0.756476
0.704269
0.649988
0.595012
0.540649
0.488041
0.438091
0.391427
0.348411
0.309185
0.27372
0.241886
0.2135
0.188358
0.166252
0.146968
0.130287
0.115979
0.103803
0.0935123
0.0848578
0.0776008
0.0715218
0.0664283
0.0621588
0.058583
0.0555984
0.0531259
0.0511028
0.0494774
0.0482035
0.0472381
0.04654
0.0460668
0.0457765
0.0456377
0.0456246
0.0457159
0.0458941
0.0461448
0.0464563
0.0468193
0.0472261
0.0476706
0.0481477
0.0486536
0.0491848
0.0497386
0.0503128
0.0509054
0.051515
0.05214
0.0527795
0.0534322
0.0540974
0.0547743
0.055462
0.05616
0.0568675
0.0575841
0.058309
0.0590417
0.0597816
0.0605279
0.0612799
0.0620367
0.0627972
0.0635602
0.064324
0.0650863
0.0658445
0.0665955
0.0673353
0.0680587
0.0687587
0.0694255
0.0700456
0.0705988
0.0710544
0.0713636
0.0714478
0.0711817
0.0703453
0.0684198
0.0641581
1.03618
1.04693
1.05986
1.07516
1.09204
1.10912
1.12454
1.13534
1.139
1.1339
1.1193
1.09518
1.06209
1.02089
0.972679
0.91867
0.860199
0.798692
0.735635
0.672502
0.610646
0.551199
0.495003
0.442597
0.39425
0.350017
0.30982
0.273512
0.240929
0.211904
0.186272
0.16386
0.14448
0.127916
0.113916
0.102203
0.09248
0.0844506
0.077836
0.072389
0.0679014
0.0642054
0.0611701
0.0586944
0.0566994
0.0551209
0.0539035
0.0529974
0.0523542
0.0519257
0.0516752
0.0515723
0.0515916
0.0517123
0.0519171
0.052192
0.0525258
0.0529095
0.0533358
0.0537987
0.0542937
0.0548168
0.055365
0.0559356
0.0565267
0.0571363
0.0577631
0.0584057
0.0590631
0.0597342
0.0604184
0.0611147
0.0618225
0.0625412
0.0632699
0.0640082
0.0647552
0.0655103
0.0662727
0.0670414
0.0678154
0.0685933
0.0693737
0.0701546
0.0709336
0.0717078
0.0724734
0.0732258
0.0739588
0.0746641
0.0753303
0.0759414
0.0764739
0.0768933
0.077146
0.0771496
0.0767768
0.0758192
0.0738637
0.0700978
1.17061
1.18288
1.19844
1.21822
1.24116
1.26519
1.28749
1.30442
1.31274
1.31056
1.2972
1.27286
1.23834
1.19474
1.14327
1.08518
1.02178
0.954431
0.884622
0.813898
0.743765
0.675555
0.61032
0.548787
0.491373
0.438232
0.389346
0.344614
0.303916
0.267142
0.23419
0.204969
0.179374
0.157265
0.138449
0.12267
0.109616
0.098929
0.0902438
0.0832091
0.0775131
0.0728957
0.0691498
0.0661163
0.0636742
0.0617303
0.0602104
0.0590521
0.0581984
0.0575944
0.0571976
0.056973
0.0568908
0.0569265
0.0570599
0.0572744
0.0575567
0.0578962
0.0582842
0.0587138
0.0591797
0.0596773
0.0602031
0.0607542
0.0613282
0.0619232
0.0625373
0.0631694
0.0638181
0.0644825
0.0651615
0.0658545
0.0665606
0.0672791
0.0680094
0.0687506
0.069502
0.0702628
0.0710321
0.0718089
0.072592
0.0733799
0.0741709
0.0749629
0.0757535
0.0765393
0.0773165
0.0780798
0.0788223
0.0795351
0.0802055
0.0808164
0.0813432
0.0817502
0.0819849
0.0819692
0.0815872
0.0806611
0.0788807
0.0757117
1.29172
1.30671
1.3263
1.35237
1.38336
1.41623
1.447
1.47088
1.48412
1.48475
1.47236
1.44759
1.41168
1.36606
1.31211
1.25112
1.18424
1.11271
1.03786
0.961176
0.884234
0.808509
0.73524
0.665344
0.599399
0.53767
0.48021
0.426967
0.377872
0.33287
0.291933
0.255055
0.222242
0.193472
0.16867
0.147672
0.130218
0.115947
0.104434
0.0952258
0.0878885
0.0820401
0.0773669
0.0736244
0.0706283
0.0682411
0.0663586
0.0648994
0.063793
0.0629763
0.0624
0.0620237
0.061813
0.0617394
0.0617792
0.0619131
0.0621252
0.0624032
0.0627369
0.0631183
0.063541
0.0639999
0.0644908
0.0650106
0.0655563
0.0661259
0.0667173
0.0673292
0.0679601
0.0686089
0.0692746
0.0699563
0.0706531
0.0713643
0.0720891
0.0728266
0.0735761
0.0743368
0.0751075
0.0758872
0.0766746
0.0774682
0.0782661
0.0790662
0.0798659
0.0806619
0.08145
0.0822247
0.082979
0.0837034
0.0843853
0.0850073
0.0855453
0.0859655
0.0862196
0.0862386
0.0859241
0.0851328
0.0836391
0.0810915
1.39353
1.41305
1.43887
1.47384
1.51553
1.55947
1.60005
1.63122
1.64897
1.6516
1.63933
1.61348
1.5759
1.52847
1.47278
1.4101
1.34143
1.26769
1.18993
1.10943
1.02769
0.946263
0.866516
0.789552
0.716119
0.646604
0.581137
0.519728
0.462368
0.409062
0.359848
0.31481
0.274066
0.237731
0.205881
0.178509
0.155485
0.136531
0.121233
0.109072
0.0994985
0.0919854
0.0860796
0.0814174
0.0777222
0.07479
0.0724713
0.0706549
0.0692503
0.0681823
0.0673934
0.0668364
0.0664717
0.0662662
0.0661923
0.0662275
0.0663533
0.066555
0.0668208
0.0671415
0.0675094
0.0679187
0.0683647
0.0688436
0.0693522
0.069888
0.0704489
0.0710332
0.0716393
0.0722659
0.072912
0.0735765
0.0742584
0.0749569
0.0756712
0.0764004
0.0771435
0.0778997
0.078668
0.079447
0.0802355
0.0810319
0.0818344
0.0826406
0.0834481
0.0842536
0.0850528
0.0858403
0.0866092
0.0873501
0.0880509
0.0886951
0.0892604
0.0897164
0.0900209
0.0901158
0.0899206
0.0893238
0.0881616
0.0861938
1.46859
1.49557
1.53127
1.57907
1.63493
1.69238
1.74342
1.78118
1.80195
1.80489
1.79125
1.76329
1.72358
1.67448
1.61783
1.55487
1.48633
1.41272
1.33464
1.25299
1.16905
1.08432
1.00022
0.918034
0.83868
0.762665
0.690208
0.621393
0.556306
0.495011
0.437613
0.384287
0.335253
0.290761
0.251049
0.216296
0.186568
0.161758
0.141561
0.12548
0.112889
0.103124
0.0955661
0.0896937
0.0851017
0.0814897
0.078641
0.0763997
0.074645
0.0732843
0.0722482
0.0714814
0.0709378
0.0705789
0.0703726
0.0702927
0.0703175
0.0704299
0.070616
0.070865
0.0711682
0.0715187
0.0719111
0.0723411
0.0728051
0.0733003
0.0738241
0.0743747
0.0749502
0.0755494
0.0761707
0.0768132
0.0774758
0.0781574
0.0788572
0.0795742
0.0803074
0.0810559
0.0818186
0.0825941
0.0833813
0.0841784
0.0849835
0.0857945
0.0866089
0.0874236
0.0882345
0.0890364
0.0898227
0.0905848
0.0913113
0.0919874
0.0925934
0.093103
0.0934808
0.0936793
0.0936346
0.093261
0.0924393
0.091001
1.50827
1.54808
1.59988
1.66632
1.74062
1.81361
1.87374
1.91542
1.93603
1.93643
1.9193
1.88794
1.84564
1.7952
1.73864
1.6771
1.61097
1.54027
1.46497
1.38542
1.3025
1.2175
1.1318
1.0468
0.963649
0.882936
0.804969
0.729923
0.658046
0.589465
0.524348
0.462977
0.405666
0.352786
0.304728
0.261858
0.224464
0.19268
0.166409
0.14529
0.128718
0.115937
0.106162
0.0986831
0.0929251
0.0884524
0.0849515
0.0822007
0.0800342
0.0783337
0.0770134
0.0760066
0.075259
0.0747256
0.0743691
0.0741586
0.0740691
0.0740803
0.0741762
0.0743439
0.0745735
0.0748572
0.0751886
0.0755627
0.0759756
0.076424
0.0769051
0.0774167
0.0779568
0.0785238
0.0791162
0.0797326
0.080372
0.0810332
0.0817151
0.0824168
0.0831371
0.0838751
0.0846296
0.0853994
0.0861831
0.086979
0.0877854
0.0886
0.0894207
0.0902446
0.0910677
0.0918855
0.0926918
0.0934788
0.0942367
0.0949525
0.0956094
0.0961854
0.0966516
0.09697
0.0970908
0.0969485
0.0964551
0.0954883
1.50151
1.56578
1.64457
1.73775
1.83475
1.92213
1.9864
2.02597
2.04102
2.03483
2.01164
1.97569
1.93075
1.87982
1.82494
1.76706
1.70617
1.64168
1.57286
1.4993
1.4213
1.33978
1.25588
1.17114
1.08691
1.00387
0.922377
0.842703
0.765407
0.690653
0.618652
0.549859
0.484657
0.42353
0.367011
0.315631
0.269899
0.23021
0.196756
0.169423
0.147757
0.131013
0.118287
0.108672
0.101383
0.0958062
0.0914911
0.0881221
0.0854675
0.083372
0.0817258
0.0804466
0.0794692
0.0787402
0.078216
0.0778605
0.0776441
0.0775433
0.0775393
0.0776171
0.0777654
0.0779749
0.0782385
0.0785506
0.0789066
0.0793028
0.0797362
0.0802041
0.0807044
0.0812352
0.0817948
0.0823817
0.0829946
0.0836322
0.0842933
0.0849769
0.0856818
0.0864069
0.087151
0.087913
0.0886913
0.0894846
0.0902909
0.0911083
0.0919348
0.0927677
0.0936036
0.0944384
0.0952667
0.0960819
0.0968755
0.0976365
0.0983512
0.0990016
0.0995646
0.10001
0.1003
0.100384
0.100196
0.0996453
1.42997
1.54884
1.67247
1.80161
1.92232
2.01428
2.07156
2.09887
2.10096
2.08359
2.05214
2.01122
1.96458
1.91502
1.86433
1.81317
1.76106
1.70678
1.64881
1.58587
1.51747
1.44398
1.36603
1.28528
1.20341
1.12104
1.0386
0.956364
0.875531
0.796197
0.718552
0.643377
0.571069
0.502222
0.437518
0.377615
0.323229
0.275008
0.233462
0.198803
0.170865
0.149058
0.132465
0.120022
0.110717
0.103708
0.0983632
0.0942337
0.0909946
0.0884367
0.0864162
0.0848285
0.0835936
0.0826475
0.0819382
0.0814234
0.0810685
0.0808457
0.080733
0.0807132
0.080773
0.0809019
0.0810918
0.0813362
0.0816301
0.0819693
0.0823504
0.0827704
0.083227
0.0837179
0.0842413
0.0847954
0.0853788
0.0859901
0.0866279
0.0872909
0.0879781
0.0886882
0.08942
0.0901723
0.0909437
0.0917329
0.092538
0.0933573
0.0941891
0.095031
0.0958801
0.0967329
0.0975848
0.0984303
0.0992623
0.100072
0.100849
0.101577
0.10224
0.102814
0.103269
0.103567
0.103656
0.103468
1.27709
1.51257
1.70457
1.87134
1.99842
2.07261
2.10613
2.10951
2.0917
2.05987
2.01953
1.97487
1.92897
1.88405
1.84138
1.80113
1.76232
1.72305
1.68097
1.63387
1.58034
1.52009
1.45352
1.3819
1.30663
1.22866
1.14856
1.06638
0.984568
0.902876
0.821299
0.741316
0.663157
0.587555
0.515372
0.447344
0.384393
0.327378
0.277143
0.23425
0.198914
0.170865
0.149331
0.133194
0.121235
0.112358
0.105696
0.100618
0.0966698
0.0935656
0.0911127
0.0891752
0.0876524
0.0864662
0.0855544
0.0848664
0.0843616
0.0840075
0.0837782
0.0836537
0.0836187
0.0836611
0.0837717
0.0839434
0.0841704
0.0844482
0.0847728
0.0851411
0.0855503
0.085998
0.0864821
0.0870006
0.0875519
0.0881343
0.0887464
0.0893869
0.0900543
0.0907476
0.0914654
0.0922064
0.0929695
0.0937533
0.0945564
0.0953769
0.0962135
0.0970643
0.0979268
0.098798
0.0996744
0.100551
0.101424
0.102284
0.103124
0.103932
0.104694
0.105392
0.106003
0.106497
0.106834
0.106961
1.12296
1.51804
1.77399
1.94082
2.02492
2.04976
2.04024
2.01073
1.97076
1.9263
1.88124
1.83818
1.79899
1.76489
1.73649
1.71343
1.69422
1.67628
1.65639
1.63132
1.59872
1.55749
1.50763
1.45005
1.38609
1.31689
1.24337
1.16629
1.08705
1.0061
0.922938
0.840507
0.758388
0.677546
0.599128
0.523834
0.452864
0.387208
0.328089
0.276369
0.232703
0.197267
0.169618
0.148749
0.133331
0.122015
0.113652
0.107378
0.102558
0.0988004
0.0958439
0.0935078
0.0916628
0.0902118
0.089079
0.088204
0.0875385
0.0870441
0.0866908
0.0864553
0.0863196
0.0862702
0.0862967
0.086391
0.0865468
0.086759
0.0870234
0.0873364
0.087695
0.0880964
0.0885384
0.0890187
0.0895354
0.0900868
0.0906712
0.0912871
0.0919332
0.092608
0.0933103
0.0940388
0.0947924
0.0955698
0.0963697
0.0971908
0.0980319
0.0988913
0.0997672
0.100657
0.101558
0.102468
0.10338
0.104291
0.105194
0.10608
0.106937
0.107753
0.108508
0.109179
0.109735
0.110132
1.23676
1.63184
1.80189
1.84562
1.82794
1.78847
1.74347
1.69902
1.65755
1.62015
1.58772
1.56122
1.54159
1.5296
1.52559
1.52904
1.53817
1.54981
1.55985
1.56387
1.55868
1.54265
1.51535
1.47709
1.4296
1.37428
1.31223
1.24453
1.17235
1.09645
1.01728
0.936161
0.852925
0.769211
0.686589
0.605453
0.527577
0.4539
0.386178
0.325453
0.272838
0.229042
0.194109
0.167351
0.147495
0.133007
0.122445
0.114643
0.108738
0.104191
0.100641
0.097848
0.095641
0.0938975
0.092524
0.0914477
0.0906107
0.0899677
0.0894835
0.089131
0.0888894
0.0887435
0.0886814
0.0886941
0.0887747
0.0889176
0.0891182
0.0893726
0.0896775
0.0900298
0.0904271
0.0908668
0.0913469
0.0918653
0.0924202
0.09301
0.0936332
0.0942882
0.0949738
0.0956887
0.0964318
0.0972018
0.0979979
0.098819
0.0996641
0.100532
0.101421
0.102329
0.103255
0.104196
0.105149
0.10611
0.107073
0.108033
0.108981
0.109905
0.110791
0.11162
0.112367
0.112996
0.0714886
0.198331
0.364278
0.537432
0.693389
0.819721
0.913321
0.977583
1.01941
1.04658
1.06617
1.08394
1.10426
1.13024
1.16382
1.20547
1.25381
1.30541
1.35531
1.39637
1.42551
1.44241
1.44679
1.43866
1.41843
1.38706
1.34569
1.29557
1.23798
1.17399
1.10451
1.03058
0.952877
0.872263
0.788863
0.703302
0.619505
0.537726
0.46092
0.390039
0.326803
0.272597
0.228113
0.193233
0.166993
0.147826
0.133995
0.123901
0.116405
0.110731
0.10636
0.102949
0.100264
0.0981426
0.0964632
0.0951342
0.0940844
0.0932585
0.0926139
0.0921184
0.0917478
0.091484
0.0913137
0.0912267
0.0912153
0.0912733
0.0913957
0.0915782
0.0918172
0.0921094
0.0924517
0.0928416
0.0932767
0.0937546
0.0942733
0.0948311
0.0954261
0.0960568
0.0967219
0.09742
0.0981499
0.0989106
0.0997011
0.100521
0.101369
0.102244
0.103147
0.104075
0.105027
0.106002
0.106997
0.108011
0.109038
0.110075
0.111115
0.112148
0.113164
0.114147
0.115076
0.115925
0.00725081
0.0101582
0.0148051
0.0242141
0.0404893
0.0640176
0.0941869
0.129892
0.170117
0.214371
0.262926
0.316886
0.378117
0.448967
0.531471
0.623925
0.720018
0.816727
0.910858
1.00095
1.08373
1.15536
1.21338
1.25646
1.2839
1.29574
1.29268
1.27587
1.24673
1.20667
1.15709
1.09933
1.0346
0.963986
0.888326
0.808491
0.725804
0.640171
0.556265
0.475335
0.400454
0.333877
0.277107
0.230972
0.195304
0.168886
0.149812
0.13606
0.126078
0.118699
0.11313
0.108851
0.105519
0.102899
0.100828
0.0991828
0.0978711
0.0968231
0.0959857
0.0953195
0.0947952
0.0943914
0.0940925
0.093887
0.0937661
0.0937231
0.0937525
0.0938495
0.0940101
0.0942307
0.094508
0.0948389
0.0952207
0.0956509
0.0961271
0.0966473
0.0972095
0.097812
0.0984534
0.0991322
0.0998472
0.100597
0.101382
0.1022
0.103051
0.103936
0.104853
0.105802
0.106783
0.107795
0.108837
0.109906
0.111
0.112117
0.113249
0.114391
0.115534
0.116664
0.117765
0.118814
0.00602174
0.00608195
0.00614807
0.00622832
0.00637962
0.00667128
0.0072177
0.00819041
0.00982763
0.012453
0.0165222
0.0227188
0.0321222
0.0462478
0.0671958
0.0999247
0.152133
0.226624
0.323475
0.439264
0.566724
0.696146
0.818215
0.926081
1.01575
1.08549
1.13508
1.16521
1.17716
1.17254
1.15307
1.12052
1.07659
1.02283
0.960638
0.891308
0.816105
0.735958
0.652357
0.566723
0.484137
0.406617
0.337254
0.278493
0.231385
0.195504
0.16923
0.150462
0.137096
0.127446
0.12033
0.114968
0.110855
0.107656
0.10514
0.103145
0.101549
0.100264
0.0992223
0.0983762
0.0976904
0.0971395
0.0967054
0.0963751
0.0961389
0.0959892
0.0959201
0.0959266
0.0960042
0.096149
0.0963572
0.0966256
0.096951
0.0973305
0.0977617
0.098242
0.0987694
0.0993421
0.0999582
0.100616
0.101315
0.102054
0.102832
0.103647
0.104502
0.105394
0.106325
0.107295
0.108303
0.109349
0.110433
0.111552
0.112706
0.113892
0.115105
0.11634
0.117588
0.118839
0.12008
0.121291
0.00599
0.00598094
0.00597786
0.00598663
0.00601419
0.00606526
0.00614243
0.00624761
0.00638364
0.0065556
0.00677222
0.00704819
0.00741188
0.00811436
0.00988156
0.0140239
0.0230803
0.0409578
0.0727203
0.123703
0.197797
0.295349
0.411886
0.538741
0.665513
0.782869
0.884191
0.965783
1.02626
1.06577
1.08542
1.08682
1.07181
1.0423
1.0001
0.946961
0.884482
0.814092
0.737245
0.655371
0.569963
0.485572
0.40616
0.335382
0.275815
0.228623
0.193276
0.167877
0.149962
0.137281
0.128145
0.121413
0.116344
0.112458
0.109434
0.107048
0.105143
0.103603
0.102345
0.10131
0.100454
0.0997494
0.0991738
0.0987127
0.0983552
0.0980935
0.097921
0.0978322
0.0978225
0.0978875
0.0980232
0.0982259
0.0984921
0.0988186
0.0992025
0.0996412
0.100132
0.100674
0.101263
0.1019
0.102582
0.103309
0.104079
0.104892
0.105748
0.106648
0.107592
0.10858
0.109612
0.110689
0.11181
0.112974
0.11418
0.115425
0.116707
0.118019
0.119354
0.120705
0.122057
0.123397
0.00598707
0.00597399
0.00596424
0.00596103
0.00596785
0.00598897
0.00602959
0.00609566
0.00619339
0.00632843
0.00650545
0.00672806
0.00699789
0.00731671
0.00770749
0.00829667
0.00953895
0.0125233
0.0193148
0.0332544
0.0589472
0.101592
0.165484
0.252023
0.358214
0.476784
0.598089
0.712715
0.81336
0.895445
0.95681
0.99708
1.01704
1.01814
1.00216
0.971032
0.926632
0.870754
0.805099
0.731297
0.651015
0.566475
0.480317
0.399638
0.328248
0.268992
0.222959
0.18919
0.165308
0.148611
0.136827
0.128339
0.122083
0.117371
0.113754
0.110927
0.10868
0.106865
0.105377
0.104141
0.103108
0.102242
0.101518
0.10092
0.100435
0.100056
0.0997752
0.0995868
0.0994857
0.0994673
0.0995272
0.0996613
0.0998658
0.100137
0.100472
0.100867
0.101321
0.10183
0.102392
0.103006
0.103671
0.104384
0.105146
0.105956
0.106814
0.10772
0.108675
0.109679
0.110733
0.111837
0.11299
0.114193
0.115443
0.116739
0.118077
0.119452
0.120859
0.122289
0.123731
0.125173
0.00598688
0.0059732
0.00596167
0.00595579
0.00595971
0.00597815
0.0060161
0.00607859
0.00617059
0.00629685
0.00646189
0.00667
0.00692508
0.00722871
0.00757785
0.00796592
0.00841159
0.00907415
0.0104799
0.0137919
0.0211121
0.0357218
0.0619994
0.104718
0.167617
0.251613
0.353569
0.466529
0.581475
0.689607
0.78399
0.86015
0.915871
0.950665
0.965206
0.96088
0.939427
0.902727
0.852663
0.791065
0.719756
0.640723
0.556271
0.469178
0.38783
0.316779
0.259061
0.215306
0.183877
0.161947
0.146701
0.13595
0.1282
0.12248
0.118161
0.114827
0.112198
0.110081
0.108344
0.106896
0.105674
0.104637
0.103757
0.103015
0.102397
0.101895
0.101501
0.101208
0.101012
0.100907
0.100888
0.100951
0.101091
0.101305
0.101589
0.10194
0.102355
0.10283
0.103364
0.103956
0.104602
0.105302
0.106055
0.106861
0.107719
0.10863
0.109594
0.110612
0.111685
0.112812
0.113993
0.115227
0.116514
0.117852
0.119236
0.120663
0.122128
0.123621
0.125134
0.126655
0.00598731
0.0059741
0.00596267
0.00595572
0.00595641
0.00596834
0.00599558
0.00604274
0.00611493
0.0062178
0.00635741
0.00653979
0.00677052
0.00705401
0.007392
0.00778063
0.00820762
0.00866269
0.00920101
0.0101056
0.0121134
0.0166612
0.0261449
0.0440445
0.0746556
0.122207
0.1894
0.275874
0.377461
0.48686
0.595447
0.695233
0.780126
0.846299
0.891952
0.916837
0.92174
0.908073
0.877564
0.832065
0.773474
0.703751
0.625078
0.540131
0.452781
0.371389
0.301893
0.246982
0.206452
0.177904
0.158186
0.144518
0.134872
0.127902
0.122737
0.118809
0.115743
0.113289
0.111279
0.109599
0.108175
0.106956
0.10591
0.105016
0.104259
0.103628
0.103114
0.102713
0.102417
0.102221
0.102121
0.10211
0.102185
0.10234
0.102572
0.102877
0.103251
0.103693
0.104198
0.104765
0.105393
0.106079
0.106823
0.107623
0.10848
0.109394
0.110366
0.111396
0.112483
0.113629
0.114833
0.116095
0.117412
0.118783
0.120205
0.121673
0.123183
0.124726
0.126295
0.127878
0.00598802
0.00597548
0.00596475
0.00595794
0.00595776
0.00596741
0.0059907
0.00603204
0.00609632
0.00618884
0.00631515
0.00648086
0.00669159
0.00695265
0.00726848
0.00764111
0.00806686
0.00853208
0.0090165
0.00953389
0.0102534
0.0116935
0.0149324
0.0218373
0.0352472
0.0589067
0.0969242
0.152657
0.227265
0.318579
0.421041
0.526885
0.627958
0.717289
0.789894
0.842876
0.8751
0.886721
0.878737
0.852633
0.810153
0.753186
0.683828
0.604608
0.51891
0.431365
0.351125
0.284637
0.233745
0.197156
0.171796
0.154395
0.142335
0.133799
0.127595
0.122955
0.119379
0.116539
0.114221
0.112284
0.110637
0.109222
0.107998
0.106942
0.106035
0.105268
0.10463
0.104115
0.103716
0.103426
0.103241
0.103154
0.10316
0.103255
0.103434
0.103692
0.104026
0.104432
0.104908
0.10545
0.106058
0.10673
0.107463
0.108257
0.109112
0.110028
0.111006
0.112044
0.113144
0.114305
0.115527
0.11681
0.118151
0.119549
0.121001
0.122502
0.124047
0.125629
0.127241
0.128872
0.00598893
0.00597709
0.00596713
0.00596068
0.00595986
0.00596734
0.00598645
0.0060212
0.00607621
0.00615671
0.00626838
0.00641718
0.00660908
0.00684991
0.00714502
0.00749867
0.00791256
0.00838245
0.00889313
0.00941872
0.00995305
0.0106082
0.011785
0.0143623
0.0198981
0.0308171
0.0504354
0.0826098
0.13087
0.197135
0.280483
0.376684
0.478896
0.57921
0.670282
0.746403
0.803858
0.840776
0.856728
0.852286
0.828652
0.78741
0.730466
0.660171
0.579588
0.492875
0.405674
0.328176
0.266242
0.22037
0.188127
0.166032
0.150906
0.14039
0.132893
0.12738
0.123189
0.119893
0.117218
0.114988
0.113092
0.111458
0.11004
0.108808
0.107743
0.106831
0.106062
0.105427
0.104919
0.104533
0.10426
0.104094
0.104031
0.104064
0.104188
0.104398
0.10469
0.105061
0.105506
0.106024
0.106611
0.107267
0.107989
0.108776
0.109628
0.110544
0.111525
0.112569
0.113678
0.114852
0.116088
0.117388
0.118748
0.120167
0.121641
0.123167
0.124739
0.126352
0.127996
0.129665
0.00599002
0.0059789
0.00596971
0.00596366
0.00596239
0.00596821
0.00598419
0.00601412
0.0060625
0.00613452
0.00623585
0.00637244
0.00655026
0.00677522
0.00705296
0.00738858
0.00778598
0.00824631
0.00876433
0.00932284
0.0098917
0.0104539
0.0110926
0.0121468
0.0143868
0.0191948
0.0287427
0.046054
0.0747553
0.118364
0.179143
0.25688
0.348225
0.447067
0.545839
0.637097
0.714716
0.774423
0.813781
0.831859
0.828825
0.805594
0.763649
0.705043
0.632555
0.549987
0.462512
0.376861
0.304046
0.248101
0.20783
0.179988
0.161011
0.147985
0.138849
0.132242
0.127289
0.123436
0.120332
0.117758
0.115574
0.113692
0.112057
0.110632
0.109395
0.108328
0.107419
0.106659
0.106039
0.105551
0.105187
0.104941
0.104806
0.104776
0.104844
0.105006
0.105256
0.10559
0.106004
0.106496
0.107063
0.107702
0.108412
0.109191
0.110038
0.110952
0.111934
0.112983
0.114099
0.115281
0.116528
0.11784
0.119214
0.120649
0.12214
0.123685
0.125278
0.126913
0.128583
0.13028
0.00599129
0.00598096
0.00597258
0.00596688
0.00596509
0.00596929
0.00598231
0.00600769
0.00604976
0.00611364
0.00620504
0.00632997
0.00649453
0.00670484
0.00696691
0.00728636
0.00766806
0.00811544
0.00862869
0.00920087
0.00981179
0.0104269
0.0110225
0.0116691
0.0126784
0.0147698
0.0192365
0.028111
0.0442374
0.0710726
0.112062
0.169586
0.243781
0.331799
0.428006
0.525118
0.615708
0.693429
0.753638
0.793465
0.811552
0.807714
0.782679
0.738
0.676112
0.600502
0.515967
0.428775
0.346726
0.280687
0.231566
0.196949
0.17322
0.157012
0.145774
0.137761
0.131835
0.127279
0.123643
0.120649
0.118122
0.115952
0.114071
0.112432
0.111005
0.109771
0.108713
0.10782
0.107081
0.106488
0.106031
0.105702
0.105494
0.1054
0.105411
0.105524
0.105731
0.106028
0.106412
0.106877
0.107423
0.108045
0.108741
0.109511
0.110351
0.111263
0.112244
0.113295
0.114414
0.115602
0.116857
0.118178
0.119562
0.121008
0.122512
0.12407
0.125678
0.12733
0.129019
0.130738
0.00599275
0.00598364
0.00597646
0.00597132
0.00596943
0.00597297
0.00598473
0.00600815
0.0060474
0.00610748
0.00619384
0.00631213
0.006468
0.0066672
0.0069156
0.00721894
0.00758261
0.00801129
0.00850819
0.00907295
0.00969707
0.0103572
0.0110148
0.0116431
0.0123112
0.0133279
0.0154018
0.0197981
0.0284924
0.0442386
0.0703859
0.110292
0.166326
0.238722
0.324833
0.419259
0.514889
0.604325
0.68109
0.740265
0.778622
0.794457
0.78739
0.758224
0.708917
0.642628
0.563836
0.478423
0.393427
0.318176
0.259954
0.217734
0.1883
0.168082
0.154117
0.144252
0.137043
0.131567
0.127248
0.123728
0.120782
0.11827
0.116103
0.11422
0.112584
0.111167
0.109949
0.108915
0.108052
0.107349
0.106796
0.106383
0.1061
0.10594
0.105895
0.105958
0.106123
0.106383
0.106735
0.107175
0.107698
0.108302
0.108984
0.109743
0.110577
0.111484
0.112463
0.113513
0.114635
0.115826
0.117085
0.118411
0.119803
0.121256
0.122769
0.124336
0.125955
0.127619
0.129322
0.131057
0.00599624
0.00599346
0.00599533
0.0060016
0.00601357
0.00603298
0.00606143
0.00610064
0.00615278
0.00622052
0.00630707
0.00641611
0.00655217
0.00672111
0.00693014
0.00718743
0.00750159
0.00788089
0.00833244
0.00886094
0.00946596
0.0101367
0.0108454
0.011549
0.0122203
0.0129362
0.0140203
0.0162005
0.0207606
0.0296825
0.0457012
0.0721115
0.112182
0.168176
0.24024
0.325688
0.41914
0.513508
0.601356
0.676042
0.732386
0.766909
0.777828
0.764968
0.72966
0.674666
0.604137
0.523591
0.439758
0.360206
0.293531
0.243318
0.207291
0.182074
0.164526
0.152163
0.143209
0.136493
0.13127
0.127072
0.123604
0.120677
0.118173
0.116011
0.11414
0.112522
0.111131
0.109947
0.108954
0.108137
0.107484
0.106984
0.106626
0.106401
0.106299
0.106313
0.106435
0.106659
0.106981
0.107394
0.107895
0.108481
0.109149
0.109896
0.110721
0.111622
0.112598
0.113647
0.114768
0.11596
0.117221
0.11855
0.119945
0.121403
0.122921
0.124495
0.126121
0.127793
0.129506
0.131253
0.00610688
0.00631297
0.00661998
0.00702364
0.00750661
0.00804641
0.00861523
0.00917905
0.0096997
0.0101393
0.010466
0.010659
0.0107131
0.01064
0.0104674
0.0102355
0.00999217
0.00978739
0.00966791
0.00967326
0.00983215
0.0101582
0.010644
0.0112547
0.0119331
0.0126378
0.0134398
0.0146742
0.0171039
0.0220671
0.0316048
0.0484891
0.0759981
0.117301
0.174472
0.247405
0.333161
0.426137
0.519036
0.604204
0.674813
0.725642
0.753425
0.75688
0.736568
0.694698
0.634961
0.562404
0.48324
0.404447
0.332815
0.274942
0.231654
0.200273
0.177949
0.162129
0.150736
0.142304
0.135859
0.130772
0.126639
0.123204
0.120298
0.117813
0.115676
0.113837
0.112259
0.110915
0.109785
0.10885
0.108095
0.107507
0.107073
0.106782
0.106624
0.10659
0.106671
0.10686
0.107151
0.107539
0.108019
0.108587
0.10924
0.109976
0.110792
0.111686
0.112656
0.113702
0.114821
0.116011
0.117273
0.118603
0.119999
0.121459
0.12298
0.124558
0.126188
0.127865
0.129585
0.131341
0.0153227
0.0240855
0.033526
0.0432417
0.0524707
0.0607115
0.0676107
0.0728588
0.0762113
0.0775324
0.0768251
0.0742262
0.0700209
0.0645662
0.0582659
0.0515371
0.0447742
0.0383189
0.0324387
0.0273186
0.023063
0.0197053
0.0172197
0.0155313
0.0145263
0.014071
0.0140574
0.0144985
0.0156803
0.0183499
0.0238834
0.0343968
0.0527314
0.0821706
0.125756
0.185242
0.259997
0.346409
0.438218
0.527708
0.60722
0.670376
0.712729
0.731916
0.727531
0.70091
0.654937
0.593885
0.523191
0.449044
0.37765
0.314263
0.263451
0.224517
0.195702
0.175008
0.160142
0.149298
0.141181
0.134917
0.129937
0.125873
0.122488
0.119629
0.117192
0.115108
0.113327
0.111813
0.110539
0.109482
0.108623
0.107946
0.107436
0.107081
0.106868
0.106787
0.106828
0.106984
0.107248
0.107612
0.108073
0.108624
0.109264
0.109989
0.110795
0.111681
0.112645
0.113686
0.114801
0.115989
0.117248
0.118577
0.119973
0.121433
0.122954
0.124533
0.126165
0.127846
0.12957
0.131332
0.0260707
0.0392682
0.0544428
0.0717673
0.0898242
0.107576
0.124534
0.140341
0.154626
0.167034
0.177284
0.185376
0.189549
0.189569
0.185697
0.17837
0.168165
0.155825
0.142132
0.127807
0.11348
0.0996606
0.0867266
0.074934
0.064431
0.0552762
0.0474632
0.0409566
0.0357492
0.0319488
0.0298968
0.0303029
0.0343668
0.0438396
0.0609417
0.0880611
0.127217
0.179385
0.24388
0.318023
0.397222
0.475513
0.546411
0.603899
0.64329
0.6618
0.658776
0.635593
0.595299
0.54206
0.480563
0.415593
0.351972
0.293872
0.246274
0.211132
0.185782
0.167709
0.154691
0.145081
0.137766
0.132027
0.127404
0.123602
0.12043
0.117759
0.115502
0.113596
0.111995
0.110665
0.109576
0.108706
0.108034
0.107542
0.107214
0.107038
0.107001
0.107092
0.107301
0.107621
0.108046
0.108568
0.109183
0.109888
0.110678
0.11155
0.112502
0.113533
0.11464
0.115822
0.117076
0.118401
0.119795
0.121254
0.122775
0.124354
0.125988
0.127672
0.1294
0.131168
0.018292
0.0173319
0.0164829
0.0156208
0.0150254
0.0147882
0.0148896
0.0153296
0.0161232
0.017287
0.0187969
0.0206638
0.0266887
0.0362526
0.0479113
0.0605652
0.0733852
0.0844313
0.0922784
0.0967114
0.0978755
0.0962393
0.0923926
0.0869461
0.0804647
0.073437
0.0662664
0.0592748
0.0527207
0.0468342
0.0418759
0.0382195
0.0364536
0.0374856
0.0426127
0.0535102
0.0720842
0.100165
0.13907
0.189108
0.249157
0.316443
0.386649
0.454418
0.514152
0.560921
0.591202
0.603292
0.597322
0.574939
0.538818
0.492213
0.438735
0.382277
0.327092
0.277109
0.234794
0.203069
0.179957
0.16322
0.150962
0.14178
0.134719
0.12915
0.124666
0.120998
0.117966
0.115448
0.113357
0.111629
0.110217
0.109082
0.108194
0.107526
0.107056
0.106765
0.106637
0.106656
0.10681
0.107088
0.107481
0.10798
0.108579
0.109271
0.110053
0.110919
0.111866
0.11289
0.11399
0.115164
0.11641
0.117727
0.119112
0.120564
0.122078
0.123653
0.125284
0.126968
0.128701
0.130476
0.0184641
0.0167548
0.0153839
0.0141548
0.0130169
0.0120164
0.0111456
0.0103867
0.00973132
0.00918107
0.00874867
0.00845873
0.00836124
0.00850755
0.00896181
0.00981829
0.0112051
0.0152133
0.0232335
0.0339336
0.0453306
0.0550248
0.0621068
0.0663618
0.0680187
0.0675106
0.0653265
0.0619405
0.0577849
0.0532466
0.0486842
0.0444658
0.0410285
0.0389574
0.0390704
0.0424836
0.0506229
0.0651429
0.0877254
0.119758
0.161921
0.213758
0.273353
0.337277
0.400923
0.4592
0.507398
0.541927
0.560727
0.563305
0.550488
0.524087
0.486614
0.441111
0.391039
0.340076
0.291791
0.249347
0.214291
0.187946
0.168581
0.154344
0.143728
0.135648
0.129361
0.124375
0.120361
0.117095
0.114426
0.112246
0.110475
0.109055
0.107938
0.107088
0.106474
0.10607
0.105853
0.105805
0.105909
0.106151
0.106518
0.107
0.107587
0.108273
0.109051
0.109916
0.110864
0.111888
0.112986
0.114158
0.1154
0.116713
0.118094
0.119541
0.121052
0.122625
0.124257
0.125945
0.127686
0.129474
0.0181697
0.0165578
0.0151124
0.0138077
0.0126574
0.0116759
0.010854
0.0101902
0.00968617
0.00934212
0.00915417
0.00911429
0.00921292
0.00943841
0.00977
0.0101749
0.0106268
0.011126
0.0117747
0.0128293
0.01533
0.0210856
0.0294389
0.0381867
0.0456045
0.0508674
0.0538586
0.0548268
0.0541559
0.0522594
0.0495422
0.0463994
0.0432405
0.0405351
0.0388782
0.0390606
0.0421272
0.0493935
0.0623893
0.082702
0.111704
0.15017
0.197847
0.253099
0.312818
0.372745
0.428157
0.474684
0.508978
0.529043
0.53425
0.525148
0.503228
0.470694
0.430289
0.385113
0.338431
0.293434
0.252818
0.218491
0.190943
0.170372
0.15507
0.143614
0.134916
0.128196
0.122921
0.118725
0.115358
0.112648
0.110469
0.108732
0.107368
0.106325
0.10556
0.105039
0.104733
0.104618
0.104673
0.10488
0.105224
0.105691
0.106272
0.106955
0.107734
0.108603
0.109555
0.110588
0.111693
0.112871
0.114119
0.115436
0.11682
0.118271
0.119786
0.121364
0.123004
0.124702
0.126455
0.128259
0.0180598
0.0164532
0.0149853
0.0137233
0.0126918
0.011918
0.0114183
0.0112074
0.0112834
0.0116234
0.0121859
0.0129175
0.0137604
0.0146592
0.0155651
0.0164412
0.0172679
0.0180436
0.0187588
0.0193576
0.01973
0.019882
0.0206032
0.0237606
0.0294377
0.0359788
0.0416362
0.0455536
0.0476094
0.0480327
0.0471727
0.045407
0.0431209
0.0407255
0.0386987
0.0376444
0.038355
0.0418628
0.0494529
0.0626107
0.0828713
0.111548
0.149336
0.19586
0.249332
0.306533
0.363245
0.414998
0.457842
0.488887
0.506515
0.510336
0.501015
0.480049
0.44956
0.412105
0.370493
0.327601
0.28615
0.248445
0.216043
0.189614
0.168993
0.15347
0.141756
0.132841
0.12597
0.120611
0.116387
0.113039
0.11038
0.108278
0.106635
0.105378
0.104448
0.103801
0.103399
0.103213
0.103217
0.103388
0.103708
0.104163
0.104737
0.105421
0.106205
0.107082
0.108044
0.109089
0.110211
0.111404
0.112667
0.113998
0.115396
0.11686
0.118389
0.119981
0.121635
0.123348
0.125119
0.126944
0.0178677
0.0163543
0.0150166
0.0140942
0.0137368
0.0140046
0.014876
0.0162637
0.0180252
0.0199962
0.022023
0.0239801
0.0257766
0.0273537
0.0286797
0.0297432
0.0305485
0.031113
0.0314694
0.0316672
0.0317784
0.0319342
0.0318991
0.0313533
0.0312114
0.0330095
0.0366691
0.0405623
0.0433706
0.0447152
0.044735
0.0437324
0.0420411
0.0400066
0.038013
0.036531
0.0361768
0.0377704
0.042378
0.0513146
0.066075
0.0881569
0.118739
0.158227
0.205776
0.259047
0.314406
0.367567
0.414396
0.451561
0.476882
0.489378
0.489148
0.477167
0.455075
0.424976
0.389259
0.350438
0.310988
0.273165
0.238808
0.20914
0.184662
0.165173
0.150092
0.138618
0.129836
0.123064
0.1178
0.113683
0.110452
0.107921
0.105955
0.104452
0.103336
0.102548
0.102041
0.101776
0.101723
0.101855
0.102151
0.102591
0.103161
0.103846
0.104637
0.105524
0.106501
0.107561
0.108701
0.109916
0.111202
0.112556
0.113977
0.115463
0.117014
0.118628
0.120304
0.122039
0.123834
0.125682
0.0177839
0.0168421
0.0167791
0.0181286
0.0208885
0.0246544
0.0289224
0.0332591
0.0373409
0.0409614
0.0440133
0.0464595
0.0483084
0.0495953
0.0503722
0.0507022
0.0506608
0.0503435
0.049898
0.0494784
0.048969
0.0481416
0.0469441
0.0452792
0.0431347
0.0410304
0.0402961
0.0415254
0.0433416
0.0442712
0.0439978
0.0428034
0.0410372
0.0389963
0.0369681
0.0352986
0.0344581
0.0351022
0.0381232
0.0446783
0.056168
0.074125
0.0999568
0.134511
0.17753
0.227259
0.2805
0.333182
0.381192
0.421076
0.450433
0.468011
0.473601
0.467857
0.45208
0.428027
0.397739
0.36339
0.327158
0.291092
0.256978
0.226193
0.1996
0.177501
0.159716
0.145719
0.134823
0.126417
0.119933
0.114905
0.110995
0.107956
0.105608
0.103818
0.102486
0.101536
0.100907
0.100553
0.100436
0.100523
0.10079
0.101214
0.101777
0.102464
0.103263
0.104162
0.105154
0.106232
0.107392
0.10863
0.109942
0.111324
0.112774
0.11429
0.11587
0.117512
0.119216
0.12098
0.122802
0.124678
0.0199284
0.0238318
0.030502
0.0389646
0.0478273
0.0559808
0.0629205
0.0685104
0.0727811
0.0758405
0.0778254
0.078877
0.0791309
0.0787152
0.0777541
0.076376
0.0747346
0.0730348
0.0711119
0.0688174
0.0662179
0.0633593
0.0602599
0.0569115
0.0533277
0.0496892
0.0466095
0.0451281
0.0453006
0.0454137
0.0443324
0.0423411
0.0400059
0.037662
0.0355046
0.0337508
0.0327415
0.0330057
0.0353108
0.0406988
0.0504899
0.0662096
0.0893721
0.121047
0.161258
0.208502
0.259767
0.311118
0.358566
0.39877
0.429393
0.449171
0.457815
0.455824
0.444294
0.424731
0.398891
0.368656
0.335916
0.302467
0.26992
0.239598
0.212461
0.189051
0.169501
0.153603
0.140928
0.130957
0.123172
0.117114
0.112408
0.108763
0.105956
0.10382
0.102228
0.101083
0.100309
0.0998489
0.0996548
0.0996891
0.0999212
0.100326
0.100881
0.101569
0.102376
0.103288
0.104297
0.105395
0.106577
0.107839
0.109178
0.110591
0.112073
0.113622
0.115235
0.11691
0.118645
0.120439
0.122289
0.124193
0.0444866
0.0624007
0.0781414
0.0910298
0.100944
0.108118
0.11297
0.115906
0.117272
0.117354
0.116386
0.114563
0.112051
0.109
0.105567
0.101929
0.0980358
0.0936996
0.0890613
0.0842293
0.0792931
0.0743186
0.0693456
0.0644002
0.0595318
0.0548806
0.050798
0.0479506
0.0468051
0.0461045
0.0440231
0.0409709
0.0380242
0.0354932
0.0333781
0.0317557
0.0308778
0.031205
0.0334428
0.0385787
0.0478994
0.062937
0.085254
0.115967
0.155076
0.200987
0.25063
0.300149
0.345768
0.384482
0.414245
0.433976
0.443458
0.44317
0.434098
0.417567
0.39511
0.36835
0.338913
0.308344
0.278039
0.249178
0.222674
0.199133
0.178848
0.161829
0.147865
0.136606
0.127646
0.12058
0.115046
0.110739
0.107413
0.104875
0.102975
0.101595
0.100645
0.100054
0.099765
0.0997328
0.0999206
0.100298
0.100841
0.101528
0.102342
0.103269
0.104297
0.105417
0.106623
0.107912
0.10928
0.110725
0.112241
0.113824
0.115471
0.117177
0.11894
0.120758
0.122629
0.124549
0.119614
0.140756
0.153055
0.160437
0.1645
0.166045
0.165611
0.163642
0.160488
0.156414
0.151624
0.146275
0.140501
0.134438
0.128203
0.121645
0.114843
0.107945
0.101059
0.0942669
0.0876239
0.0811514
0.0748402
0.068659
0.062668
0.0572183
0.0525484
0.0489048
0.0461096
0.0434798
0.0404678
0.0373809
0.0347219
0.0325811
0.0309148
0.0297941
0.0294698
0.0303982
0.033274
0.0390694
0.0490519
0.0647253
0.0875874
0.11861
0.157569
0.202699
0.251068
0.298723
0.341361
0.37709
0.404361
0.422378
0.431058
0.430929
0.42292
0.408234
0.388219
0.364275
0.337786
0.31006
0.282274
0.255434
0.230341
0.207569
0.187456
0.170122
0.155506
0.143409
0.133551
0.125621
0.119309
0.114334
0.110454
0.107466
0.105209
0.10355
0.102385
0.101631
0.101222
0.101104
0.101234
0.101576
0.102101
0.102784
0.103606
0.104548
0.105599
0.106747
0.107983
0.109304
0.110708
0.112189
0.113741
0.115358
0.117036
0.118768
0.120551
0.12238
0.124252
0.126162
0.219444
0.225077
0.22655
0.22489
0.22096
0.215356
0.208535
0.201042
0.193112
0.184896
0.176481
0.167952
0.159379
0.150764
0.142034
0.133329
0.124701
0.116182
0.10779
0.0995154
0.091332
0.083216
0.0751817
0.0673384
0.0599499
0.0534068
0.0479818
0.0437106
0.0403674
0.0375784
0.0350656
0.0328536
0.0310687
0.0297378
0.0288936
0.028688
0.0294363
0.031646
0.0360511
0.0436415
0.0556548
0.0734661
0.0982827
0.13062
0.169773
0.213677
0.259294
0.303054
0.341778
0.373811
0.398016
0.413643
0.420469
0.419489
0.411607
0.397923
0.379639
0.357964
0.334064
0.309027
0.283824
0.259282
0.236071
0.214685
0.195442
0.178502
0.16388
0.15148
0.141129
0.132609
0.125685
0.120126
0.115717
0.112272
0.109629
0.107654
0.106235
0.105282
0.10472
0.104488
0.104537
0.104825
0.105317
0.105986
0.106806
0.107759
0.108827
0.109998
0.111263
0.112616
0.114053
0.115567
0.117147
0.118787
0.120477
0.122213
0.123988
0.125796
0.127633
0.129492
0.287575
0.283736
0.275479
0.264836
0.253247
0.24143
0.229708
0.218212
0.206974
0.195987
0.185186
0.174386
0.163625
0.152892
0.142191
0.131489
0.12079
0.110113
0.0995191
0.089123
0.0791044
0.0696961
0.0611508
0.0536893
0.0474503
0.0424562
0.0386029
0.0356922
0.0334812
0.0317466
0.0303559
0.0293004
0.0286364
0.0284394
0.0288492
0.0301213
0.0326597
0.0370434
0.0440476
0.0546419
0.0699267
0.0909532
0.118392
0.15211
0.190883
0.232479
0.274089
0.312853
0.346524
0.373808
0.393889
0.406347
0.41128
0.409132
0.400845
0.387657
0.370648
0.350858
0.329261
0.306743
0.284087
0.261956
0.240884
0.221273
0.203396
0.187403
0.173342
0.161174
0.150797
0.142067
0.134818
0.128874
0.124066
0.120234
0.117235
0.114946
0.113258
0.112079
0.111332
0.110952
0.110885
0.111084
0.11151
0.112131
0.112918
0.113849
0.114904
0.116068
0.11733
0.118686
0.120128
0.121637
0.123202
0.124814
0.126462
0.128139
0.129839
0.131554
0.13328
0.13501
0.29377
0.284689
0.271143
0.25598
0.240618
0.225602
0.211038
0.196831
0.182806
0.169055
0.155773
0.143045
0.130757
0.118892
0.107492
0.0966342
0.0864026
0.0768897
0.068186
0.0603703
0.0534994
0.0476009
0.042668
0.038659
0.0355003
0.0330931
0.031324
0.0300788
0.0292594
0.0288023
0.0286959
0.0289889
0.0297834
0.0312374
0.03359
0.0371879
0.0425045
0.050149
0.0608572
0.0754408
0.0946712
0.119076
0.148669
0.182723
0.219715
0.257545
0.293926
0.326794
0.354644
0.376584
0.392121
0.40111
0.40376
0.400387
0.391582
0.378657
0.36269
0.344566
0.325081
0.304944
0.284768
0.265069
0.246261
0.228655
0.212467
0.197823
0.184775
0.173309
0.163364
0.154846
0.147638
0.141613
0.136641
0.132598
0.129367
0.126839
0.12492
0.123524
0.122578
0.122018
0.121789
0.121842
0.122136
0.122637
0.123312
0.124137
0.12509
0.126156
0.127326
0.128597
0.129936
0.131327
0.132758
0.134215
0.13569
0.137175
0.138662
0.140146
0.141623
0.143087
0.219836
0.205899
0.18897
0.172228
0.156586
0.142307
0.129421
0.117866
0.107546
0.0982038
0.0896153
0.0817155
0.0744524
0.0677942
0.0617193
0.0562152
0.0512742
0.0468902
0.0430558
0.0397603
0.0369891
0.0347227
0.0329377
0.0316077
0.0307053
0.0302049
0.0300873
0.0303447
0.0309881
0.0320553
0.0336201
0.0357998
0.0387623
0.0427359
0.0480213
0.0550004
0.0641345
0.0759472
0.0909806
0.109715
0.132445
0.15913
0.189252
0.221765
0.255184
0.287808
0.317994
0.344389
0.366068
0.382508
0.393487
0.39904
0.399398
0.394744
0.38541
0.372751
0.357792
0.341262
0.323798
0.30595
0.288188
0.270902
0.2544
0.238915
0.224609
0.211578
0.199862
0.189458
0.180324
0.172394
0.165584
0.1598
0.154944
0.150918
0.147629
0.144989
0.142917
0.141339
0.14019
0.139411
0.13895
0.138762
0.138807
0.139049
0.13946
0.140013
0.140689
0.141476
0.142372
0.143343
0.144359
0.145407
0.146474
0.147549
0.148624
0.149692
0.150748
0.151788
0.15281
0.15381
0.105433
0.0978991
0.0904477
0.0837688
0.0778286
0.0725406
0.0678146
0.063572
0.0597476
0.0562842
0.0531382
0.0502811
0.0476943
0.0453667
0.0432928
0.0414714
0.039904
0.0385947
0.0375493
0.0367755
0.0362828
0.0360826
0.0361894
0.0366216
0.0374029
0.0385648
0.040149
0.0422115
0.0448264
0.0480917
0.052134
0.0571144
0.0632327
0.0707298
0.0798864
0.0910146
0.104438
0.120456
0.139291
0.161021
0.185496
0.212279
0.240614
0.269474
0.29767
0.324011
0.347455
0.367213
0.382791
0.393955
0.400679
0.403083
0.401335
0.39533
0.385566
0.373331
0.359461
0.344537
0.32905
0.313417
0.297984
0.283037
0.268796
0.255429
0.243048
0.23172
0.221471
0.212294
0.204159
0.197013
0.190792
0.185423
0.180829
0.176934
0.173662
0.170942
0.168707
0.166896
0.165454
0.164329
0.163478
0.162861
0.162442
0.162192
0.162084
0.162098
0.16222
0.162449
0.162755
0.163099
0.163468
0.163853
0.164243
0.164633
0.165017
0.165391
0.165752
0.166098
0.166429
0.166745
0.0857335
0.0824633
0.0792724
0.0763372
0.0736513
0.0711978
0.0689617
0.0669316
0.0650998
0.0634619
0.0620166
0.0607651
0.0597108
0.0588597
0.0582204
0.057804
0.0576247
0.0576994
0.0580487
0.0586968
0.0596721
0.0610078
0.0627428
0.0649224
0.0675997
0.0708366
0.0747056
0.0792911
0.0846911
0.0910189
0.0984035
0.10699
0.116935
0.128403
0.141557
0.156536
0.173438
0.192287
0.212995
0.235337
0.258918
0.283178
0.307411
0.330826
0.352629
0.372103
0.388681
0.401978
0.411797
0.418101
0.420965
0.420501
0.416624
0.409143
0.399048
0.387298
0.374475
0.361022
0.347304
0.33362
0.320215
0.307286
0.294986
0.283424
0.272673
0.262774
0.253738
0.245555
0.238196
0.231618
0.225771
0.220597
0.216036
0.212028
0.208514
0.205439
0.202749
0.200396
0.198337
0.196531
0.194943
0.193542
0.192301
0.191195
0.190207
0.189322
0.188539
0.187833
0.187164
0.186526
0.185909
0.18531
0.184724
0.184147
0.183578
0.183015
0.182457
0.181903
0.181355
0.180809
0.149288
0.147183
0.144983
0.142864
0.140855
0.138969
0.13722
0.135623
0.134193
0.132947
0.131904
0.131083
0.130506
0.130195
0.130175
0.130475
0.131124
0.132155
0.133605
0.135514
0.137926
0.140888
0.144453
0.148677
0.153621
0.15935
0.16593
0.173434
0.181931
0.191494
0.202188
0.214073
0.227194
0.241575
0.257207
0.274038
0.291959
0.310791
0.330276
0.350074
0.369769
0.388886
0.406922
0.423387
0.437841
0.449931
0.459415
0.466166
0.470165
0.47147
0.47017
0.466216
0.459175
0.449723
0.438726
0.426721
0.414114
0.401218
0.388286
0.37552
0.36308
0.351096
0.339662
0.328847
0.318692
0.309217
0.300425
0.292301
0.284822
0.277953
0.271655
0.265885
0.2606
0.255753
0.251302
0.247206
0.243426
0.239926
0.236675
0.233642
0.230802
0.228131
0.22561
0.223222
0.220954
0.218798
0.216739
0.214742
0.212802
0.210914
0.209076
0.207284
0.205537
0.203833
0.202171
0.200551
0.198971
0.197431
0.195927
0.194455
0.271057
0.271578
0.272206
0.27288
0.273602
0.274384
0.275247
0.27621
0.277296
0.27853
0.279941
0.281558
0.283413
0.285542
0.287981
0.29077
0.293952
0.29757
0.30167
0.3063
0.311508
0.317343
0.323852
0.331078
0.339064
0.347844
0.357444
0.36788
0.379156
0.391256
0.404147
0.417774
0.432053
0.446872
0.462087
0.477517
0.492947
0.508125
0.522774
0.536592
0.54927
0.560507
0.570026
0.57759
0.583021
0.586202
0.587086
0.585681
0.58204
0.576238
0.56832
0.55778
0.545395
0.531866
0.51759
0.502904
0.488073
0.473303
0.45875
0.444539
0.430768
0.41751
0.404817
0.392723
0.381247
0.370394
0.360156
0.350518
0.341457
0.332946
0.324953
0.317445
0.310387
0.303747
0.297491
0.291587
0.286006
0.28072
0.275704
0.270935
0.266391
0.262054
0.257908
0.253937
0.250128
0.24647
0.242933
0.239512
0.236202
0.232998
0.229896
0.226894
0.223988
0.221175
0.218453
0.21582
0.213273
0.210807
0.208416
0.206089
0.401747
0.405862
0.410797
0.415999
0.421379
0.426936
0.432681
0.438633
0.444812
0.45124
0.457941
0.464939
0.472263
0.479939
0.487998
0.496468
0.505381
0.514765
0.524647
0.535052
0.546001
0.557508
0.569579
0.582209
0.595382
0.609065
0.623208
0.637739
0.652566
0.667572
0.682616
0.697534
0.712137
0.726218
0.739555
0.751913
0.763053
0.772741
0.780755
0.786891
0.790979
0.792879
0.792498
0.789782
0.784721
0.777337
0.767678
0.755799
0.741764
0.725655
0.707161
0.687242
0.666779
0.6461
0.62544
0.605011
0.584975
0.565451
0.546527
0.528267
0.510715
0.493899
0.477836
0.462527
0.447967
0.434142
0.421032
0.408612
0.396853
0.385723
0.37519
0.365219
0.355777
0.346831
0.338348
0.330299
0.322653
0.315384
0.308465
0.301873
0.295586
0.289584
0.283848
0.27836
0.273103
0.268052
0.263197
0.258529
0.254039
0.24972
0.245563
0.241563
0.237713
0.234007
0.23044
0.227008
0.223703
0.220518
0.217443
0.214457
0.485732
0.492403
0.500556
0.509239
0.518286
0.527679
0.537432
0.547565
0.5581
0.569062
0.580473
0.592358
0.604742
0.617648
0.631097
0.645111
0.659705
0.67489
0.690673
0.70705
0.724007
0.741519
0.759544
0.778022
0.796872
0.815991
0.835249
0.85449
0.87353
0.892159
0.910141
0.927223
0.943133
0.957595
0.97033
0.981073
0.989576
0.995623
0.999036
0.999681
0.997477
0.992389
0.984432
0.973659
0.960153
0.944009
0.925313
0.904131
0.880522
0.854454
0.826181
0.797627
0.769334
0.741488
0.714282
0.687864
0.662341
0.637781
0.614224
0.591693
0.570193
0.549718
0.53025
0.511766
0.494238
0.477631
0.461907
0.447028
0.432951
0.419636
0.40704
0.395122
0.383842
0.373161
0.363041
0.353446
0.344343
0.3357
0.327487
0.319676
0.312241
0.305158
0.298406
0.291961
0.285802
0.27991
0.274271
0.268869
0.263693
0.258731
0.253972
0.249406
0.245025
0.24082
0.236784
0.232909
0.229188
0.225612
0.222165
0.21882
0.0197556
0.0196549
0.0195617
0.0194735
0.01939
0.0193106
0.0192349
0.0191625
0.0190932
0.0190265
0.0189622
0.0189
0.0188397
0.018781
0.0187239
0.0186681
0.0186135
0.0185599
0.0185072
0.0184554
0.0184043
0.0183539
0.0183041
0.0182548
0.0182059
0.0181575
0.0181095
0.0180618
0.0180144
0.0179673
0.0179204
0.0178737
0.0178272
0.0177809
0.0177346
0.0176885
0.0176424
0.0175964
0.0175504
0.0175044
0.0174583
0.0174122
0.0173659
0.0173195
0.0172729
0.017226
0.0171789
0.0171314
0.0170836
0.0170353
0.0169866
0.0169373
0.0168874
0.0168367
0.0167854
0.0167331
0.01668
0.0166258
0.0165705
0.016514
0.0164561
0.0163968
0.0163359
0.0162732
0.0162087
0.0161421
0.0160733
0.0160022
0.0159284
0.0158518
0.0157722
0.0156893
0.0156028
0.0155125
0.0154179
0.0153189
0.0152149
0.0151056
0.0149904
0.014869
0.0147406
0.0146048
0.0144607
0.0143076
0.0141445
0.0139705
0.0137845
0.013585
0.0133706
0.0131395
0.0128896
0.0126186
0.0123235
0.0120011
0.0116472
0.0112571
0.0108237
0.0103332
0.00973401
0.00883409
0.0350039
0.0345853
0.0341996
0.0338418
0.0335103
0.033203
0.0329181
0.0326538
0.0324081
0.0321794
0.031966
0.0317665
0.0315793
0.0314033
0.0312372
0.03108
0.0309306
0.0307881
0.0306519
0.0305212
0.0303953
0.0302737
0.0301559
0.0300415
0.02993
0.0298212
0.0297146
0.0296101
0.0295074
0.0294063
0.0293065
0.0292079
0.0291103
0.0290137
0.0289178
0.0288225
0.0287278
0.0286335
0.0285394
0.0284456
0.0283519
0.0282582
0.0281644
0.0280704
0.0279761
0.0278814
0.0277863
0.0276905
0.027594
0.0274967
0.0273985
0.0272992
0.0271986
0.0270967
0.0269933
0.0268882
0.0267813
0.0266724
0.0265612
0.0264476
0.0263314
0.0262123
0.02609
0.0259644
0.0258351
0.0257017
0.025564
0.0254216
0.0252741
0.0251211
0.0249621
0.0247966
0.0246241
0.0244439
0.0242554
0.0240579
0.0238505
0.0236325
0.0234027
0.0231601
0.0229035
0.0226313
0.022342
0.0220338
0.0217044
0.0213513
0.0209716
0.0205617
0.0201171
0.0196325
0.0191011
0.0185141
0.0178598
0.0171223
0.0162785
0.0152937
0.0141113
0.0126312
0.0106727
0.00844086
0.0466012
0.0460431
0.0455291
0.0450536
0.0446143
0.0442088
0.0438345
0.0434889
0.0431695
0.0428737
0.0425994
0.0423444
0.0421065
0.041884
0.0416751
0.0414783
0.0412921
0.0411154
0.0409468
0.0407855
0.0406306
0.0404812
0.0403366
0.0401962
0.0400594
0.0399258
0.0397949
0.0396664
0.0395399
0.0394151
0.0392918
0.0391696
0.0390485
0.0389282
0.0388086
0.0386894
0.0385707
0.0384521
0.0383336
0.0382151
0.0380964
0.0379774
0.0378581
0.0377383
0.0376179
0.0374967
0.0373746
0.0372516
0.0371275
0.0370021
0.0368753
0.0367469
0.0366168
0.0364848
0.0363507
0.0362143
0.0360754
0.0359337
0.035789
0.0356411
0.0354897
0.0353344
0.0351749
0.0350109
0.034842
0.0346678
0.0344879
0.0343017
0.0341088
0.0339086
0.0337004
0.0334837
0.0332576
0.0330215
0.0327743
0.0325152
0.032243
0.0319567
0.0316547
0.0313358
0.0309981
0.0306399
0.0302588
0.0298524
0.0294178
0.0289515
0.0284496
0.0279071
0.0273181
0.0266751
0.0259689
0.0251873
0.024314
0.0233263
0.0221916
0.0208592
0.0192443
0.0171899
0.0143759
0.0106513
0.0558199
0.0552496
0.0547249
0.0542397
0.0537916
0.0533778
0.0529957
0.0526427
0.0523161
0.0520135
0.0517325
0.0514708
0.0512264
0.0509973
0.0507818
0.0505784
0.0503854
0.0502017
0.0500261
0.0498575
0.049695
0.0495377
0.049385
0.0492362
0.0490907
0.048948
0.0488077
0.0486694
0.0485327
0.0483973
0.048263
0.0481295
0.0479965
0.047864
0.0477317
0.0475995
0.0474671
0.0473345
0.0472016
0.0470681
0.0469341
0.0467992
0.0466635
0.0465268
0.046389
0.0462498
0.0461093
0.0459672
0.0458234
0.0456777
0.0455299
0.0453799
0.0452274
0.0450723
0.0449143
0.0447532
0.0445887
0.0444205
0.0442483
0.0440718
0.0438907
0.0437045
0.0435129
0.0433155
0.0431116
0.042901
0.0426829
0.0424568
0.042222
0.0419779
0.0417236
0.0414584
0.0411813
0.0408913
0.0405874
0.0402683
0.0399326
0.0395789
0.0392055
0.0388106
0.038392
0.0379474
0.0374741
0.0369688
0.036428
0.0358474
0.0352218
0.0345453
0.0338102
0.0330073
0.0321248
0.0311474
0.0300543
0.0288168
0.0273929
0.0257168
0.0236775
0.0210642
0.0174252
0.0123749
0.0638851
0.0633453
0.0628487
0.0623894
0.061965
0.0615728
0.0612105
0.0608754
0.060565
0.060277
0.0600091
0.0597591
0.0595251
0.0593052
0.0590977
0.0589011
0.0587141
0.0585353
0.0583637
0.0581983
0.0580381
0.0578824
0.0577305
0.0575817
0.0574355
0.0572914
0.0571491
0.057008
0.056868
0.0567286
0.0565897
0.0564509
0.0563121
0.0561731
0.0560337
0.0558937
0.0557531
0.0556116
0.0554691
0.0553255
0.0551806
0.0550343
0.0548865
0.0547371
0.0545858
0.0544326
0.0542773
0.0541197
0.0539596
0.0537969
0.0536313
0.0534627
0.0532908
0.0531153
0.052936
0.0527527
0.0525649
0.0523724
0.0521748
0.0519718
0.0517629
0.0515476
0.0513255
0.0510961
0.0508589
0.0506131
0.0503583
0.0500936
0.0498182
0.0495315
0.0492324
0.0489201
0.0485933
0.048251
0.0478918
0.0475144
0.0471171
0.0466982
0.0462559
0.0457878
0.0452916
0.0447645
0.0442032
0.0436042
0.0429632
0.0422752
0.0415343
0.0407334
0.0398637
0.0389144
0.0378718
0.0367177
0.0354279
0.0339686
0.03229
0.0303137
0.0279062
0.0248089
0.020443
0.014043
0.0710572
0.0705681
0.0701189
0.069704
0.0693208
0.068967
0.06864
0.0683376
0.0680573
0.0677969
0.0675543
0.0673275
0.0671146
0.066914
0.0667242
0.0665436
0.0663711
0.0662055
0.0660457
0.0658908
0.0657401
0.0655927
0.0654481
0.0653056
0.0651648
0.0650252
0.0648864
0.0647481
0.0646099
0.0644717
0.064333
0.0641938
0.0640537
0.0639127
0.0637705
0.063627
0.0634821
0.0633356
0.0631873
0.0630371
0.062885
0.0627306
0.062574
0.0624148
0.0622531
0.0620886
0.0619211
0.0617504
0.0615764
0.0613989
0.0612175
0.0610321
0.0608424
0.0606481
0.060449
0.0602445
0.0600346
0.0598186
0.0595963
0.0593672
0.0591307
0.0588865
0.058634
0.0583725
0.0581014
0.05782
0.0575277
0.0572235
0.0569066
0.056576
0.0562308
0.0558698
0.0554918
0.0550954
0.0546792
0.0542415
0.0537807
0.0532946
0.0527812
0.0522379
0.051662
0.0510504
0.0503994
0.0497049
0.0489622
0.0481655
0.0473082
0.0463823
0.0453778
0.0442825
0.0430806
0.0417517
0.040268
0.0385908
0.0366627
0.0343934
0.0316272
0.02806
0.0229958
0.0153957
0.077603
0.0771734
0.0767796
0.0764164
0.0760814
0.0757723
0.0754869
0.075223
0.0749784
0.074751
0.0745389
0.0743402
0.0741534
0.0739768
0.0738091
0.073649
0.0734952
0.0733469
0.0732029
0.0730626
0.0729251
0.0727899
0.0726562
0.0725236
0.0723917
0.0722599
0.0721281
0.0719957
0.0718626
0.0717285
0.0715931
0.0714563
0.0713178
0.0711775
0.0710352
0.0708908
0.070744
0.0705948
0.070443
0.0702884
0.0701309
0.0699703
0.0698066
0.0696394
0.0694687
0.0692942
0.0691158
0.0689332
0.0687462
0.0685546
0.0683581
0.0681564
0.0679492
0.0677362
0.0675171
0.0672915
0.0670589
0.066819
0.0665713
0.0663152
0.0660504
0.0657761
0.0654917
0.0651967
0.0648903
0.0645716
0.0642399
0.0638944
0.0635339
0.0631575
0.062764
0.0623522
0.0619207
0.0614681
0.0609928
0.060493
0.0599667
0.0594117
0.0588258
0.0582061
0.0575497
0.0568531
0.0561125
0.0553233
0.0544803
0.0535774
0.0526073
0.0515612
0.0504283
0.0491953
0.0478449
0.0463546
0.0446942
0.0428209
0.0406713
0.0381454
0.0350695
0.0311007
0.0254353
0.0166724
0.0836002
0.0832343
0.0829001
0.0825924
0.0823092
0.0820485
0.081808
0.0815859
0.0813801
0.0811887
0.0810101
0.0808426
0.0806846
0.0805349
0.080392
0.080255
0.0801227
0.0799942
0.0798687
0.0797454
0.0796237
0.0795029
0.0793826
0.0792622
0.0791414
0.0790198
0.0788969
0.0787727
0.0786466
0.0785186
0.0783885
0.0782559
0.0781207
0.0779828
0.0778419
0.0776979
0.0775507
0.0774001
0.0772459
0.0770879
0.0769261
0.0767602
0.07659
0.0764154
0.0762362
0.0760521
0.0758629
0.0756684
0.0754683
0.0752624
0.0750503
0.0748318
0.0746065
0.074374
0.074134
0.073886
0.0736296
0.0733643
0.0730896
0.072805
0.0725098
0.0722034
0.0718851
0.0715543
0.0712101
0.0708516
0.070478
0.0700883
0.0696814
0.0692563
0.0688115
0.0683459
0.067858
0.0673461
0.0668085
0.0662434
0.0656487
0.0650219
0.0643606
0.0636619
0.0629225
0.0621388
0.0613066
0.0604211
0.0594766
0.0584667
0.0573835
0.0562176
0.0549575
0.0535886
0.0520925
0.0504449
0.048613
0.0465504
0.0441882
0.041417
0.0380463
0.0336973
0.0274709
0.0177022
0.0891123
0.0888119
0.0885384
0.0882874
0.0880571
0.0878455
0.0876509
0.0874714
0.0873053
0.0871509
0.0870067
0.0868712
0.0867432
0.0866213
0.0865045
0.0863916
0.086282
0.0861745
0.0860687
0.0859636
0.0858589
0.0857539
0.0856481
0.0855412
0.0854327
0.0853223
0.0852098
0.0850947
0.0849769
0.0848561
0.0847322
0.0846049
0.084474
0.0843393
0.0842007
0.084058
0.0839111
0.0837597
0.0836037
0.0834429
0.0832771
0.0831062
0.0829299
0.0827479
0.0825602
0.0823665
0.0821664
0.0819598
0.0817462
0.0815256
0.0812974
0.0810614
0.0808171
0.0805642
0.0803023
0.0800308
0.0797494
0.0794573
0.0791542
0.0788394
0.0785122
0.078172
0.077818
0.0774495
0.0770655
0.0766653
0.0762477
0.0758118
0.0753564
0.0748804
0.0743823
0.0738609
0.0733145
0.0727415
0.07214
0.0715081
0.0708435
0.0701438
0.0694063
0.0686281
0.0678056
0.0669351
0.0660122
0.0650319
0.0639883
0.0628746
0.0616825
0.0604021
0.0590213
0.0575249
0.0558934
0.0541011
0.0521133
0.0498806
0.0473299
0.0443443
0.0407195
0.0360469
0.0293422
0.0186398
0.0941643
0.0939294
0.0937167
0.0935223
0.0933446
0.0931822
0.0930333
0.0928964
0.09277
0.0926526
0.092543
0.0924398
0.0923419
0.0922483
0.0921578
0.0920697
0.0919831
0.0918973
0.0918116
0.0917255
0.0916384
0.0915498
0.0914593
0.0913665
0.091271
0.0911726
0.091071
0.0909658
0.0908569
0.090744
0.0906269
0.0905054
0.0903793
0.0902484
0.0901125
0.0899715
0.0898251
0.0896733
0.0895157
0.0893522
0.0891825
0.0890065
0.088824
0.0886346
0.0884382
0.0882344
0.0880231
0.0878038
0.0875762
0.0873401
0.0870951
0.0868407
0.0865766
0.0863022
0.0860173
0.0857211
0.0854133
0.0850932
0.0847602
0.0844137
0.084053
0.0836773
0.0832859
0.082878
0.0824525
0.0820087
0.0815454
0.0810615
0.0805559
0.0800273
0.0794743
0.0788955
0.0782892
0.0776537
0.0769871
0.0762873
0.0755521
0.074779
0.0739651
0.0731073
0.0722022
0.0712457
0.0702334
0.06916
0.0680196
0.0668049
0.0655075
0.064117
0.0626208
0.0610031
0.0592434
0.0573148
0.0551809
0.0527898
0.0500642
0.0468804
0.0430216
0.0380518
0.0309123
0.0194043
0.0987805
0.0986102
0.0984571
0.0983181
0.0981921
0.0980777
0.0979735
0.0978784
0.0977909
0.0977099
0.0976343
0.0975629
0.0974948
0.0974291
0.0973648
0.0973012
0.0972377
0.0971735
0.0971081
0.0970409
0.0969716
0.0968996
0.0968245
0.0967461
0.0966639
0.0965777
0.0964873
0.0963922
0.0962924
0.0961876
0.0960776
0.0959621
0.0958409
0.095714
0.095581
0.0954417
0.095296
0.0951437
0.0949845
0.0948182
0.0946446
0.0944634
0.0942744
0.0940773
0.0938718
0.0936577
0.0934346
0.0932022
0.0929601
0.092708
0.0924455
0.092172
0.0918873
0.0915907
0.0912819
0.0909602
0.0906251
0.090276
0.0899122
0.0895331
0.0891379
0.0887258
0.0882961
0.0878478
0.08738
0.0868918
0.0863819
0.0858494
0.085293
0.0847114
0.0841031
0.0834667
0.0828005
0.0821028
0.0813715
0.0806047
0.0797999
0.0789546
0.078066
0.0771308
0.0761456
0.0751063
0.0740083
0.0728462
0.0716138
0.070304
0.0689078
0.0674148
0.065812
0.0640828
0.0622063
0.0601546
0.0578897
0.0553579
0.0524783
0.0491218
0.0450612
0.0398372
0.032325
0.0200844
0.10298
0.102872
0.102777
0.102692
0.102616
0.102548
0.102487
0.102432
0.102383
0.102337
0.102294
0.102254
0.102215
0.102177
0.102138
0.102099
0.102058
0.102015
0.101969
0.101921
0.101869
0.101814
0.101754
0.10169
0.101621
0.101547
0.101468
0.101383
0.101292
0.101196
0.101093
0.100983
0.100867
0.100744
0.100614
0.100476
0.100331
0.100179
0.100018
0.0998484
0.0996707
0.0994841
0.0992884
0.0990834
0.0988686
0.0986439
0.0984087
0.0981628
0.0979058
0.0976373
0.0973568
0.0970638
0.096758
0.0964388
0.0961056
0.0957579
0.0953951
0.0950165
0.0946215
0.0942093
0.0937793
0.0933305
0.0928621
0.0923733
0.0918631
0.0913304
0.0907741
0.0901932
0.0895863
0.0889521
0.0882893
0.0875962
0.0868712
0.0861125
0.0853181
0.084486
0.0836138
0.0826989
0.0817385
0.0807292
0.0796676
0.0785496
0.0773704
0.0761248
0.0748063
0.0734076
0.0719198
0.070332
0.0686309
0.0667996
0.0648165
0.0626529
0.0602696
0.0576107
0.0545926
0.0510811
0.0468392
0.0413867
0.0335399
0.020655
0.106783
0.106736
0.106697
0.106663
0.106635
0.106612
0.106592
0.106577
0.106563
0.106551
0.106541
0.10653
0.106519
0.106507
0.106494
0.106478
0.106459
0.106437
0.106411
0.106381
0.106347
0.106307
0.106263
0.106213
0.106157
0.106095
0.106027
0.105952
0.105871
0.105782
0.105686
0.105583
0.105471
0.105352
0.105225
0.105089
0.104944
0.104791
0.104628
0.104456
0.104274
0.104082
0.103879
0.103666
0.103442
0.103207
0.102959
0.1027
0.102428
0.102143
0.101844
0.101532
0.101205
0.100863
0.100505
0.100132
0.0997412
0.0993333
0.0989073
0.0984623
0.0979978
0.0975127
0.0970063
0.0964776
0.0959257
0.0953495
0.094748
0.0941198
0.0934639
0.0927789
0.0920632
0.0913155
0.0905341
0.0897171
0.0888626
0.0879685
0.0870324
0.0860518
0.0850238
0.0839451
0.0828123
0.0816211
0.080367
0.0790443
0.0776469
0.0761671
0.0745959
0.0729223
0.0711328
0.06921
0.0671319
0.064869
0.0623811
0.0596107
0.0564715
0.052825
0.0484259
0.0427757
0.034637
0.021163
0.110213
0.110223
0.110237
0.110252
0.11027
0.110289
0.11031
0.110331
0.110352
0.110373
0.110393
0.110411
0.110427
0.110441
0.110451
0.110458
0.11046
0.110458
0.110452
0.11044
0.110422
0.110399
0.110369
0.110333
0.11029
0.11024
0.110183
0.110118
0.110045
0.109964
0.109875
0.109778
0.109671
0.109556
0.109431
0.109297
0.109153
0.108999
0.108834
0.108659
0.108473
0.108275
0.108066
0.107845
0.107612
0.107366
0.107106
0.106833
0.106547
0.106245
0.105929
0.105597
0.10525
0.104885
0.104504
0.104105
0.103688
0.103251
0.102795
0.102318
0.10182
0.1013
0.100757
0.10019
0.0995981
0.0989802
0.0983353
0.0976621
0.0969595
0.0962262
0.0954606
0.0946614
0.0938268
0.092955
0.0920442
0.0910922
0.0900967
0.0890552
0.0879647
0.0868222
0.0856239
0.0843658
0.0830432
0.0816506
0.0801815
0.0786285
0.0769822
0.0752317
0.073363
0.0713586
0.0691958
0.0668446
0.0642638
0.0613944
0.0581478
0.0543815
0.0498426
0.0440156
0.0356144
0.0216054
0.113292
0.113357
0.11342
0.113482
0.113543
0.113603
0.113661
0.113717
0.113772
0.113824
0.113873
0.113918
0.113961
0.113998
0.114032
0.11406
0.114084
0.114101
0.114113
0.114119
0.114118
0.11411
0.114094
0.114072
0.114041
0.114003
0.113956
0.113901
0.113837
0.113764
0.113682
0.113591
0.113489
0.113378
0.113256
0.113123
0.11298
0.112825
0.112659
0.112481
0.112291
0.112088
0.111873
0.111644
0.111402
0.111145
0.110874
0.110589
0.110288
0.109971
0.109637
0.109287
0.10892
0.108534
0.10813
0.107707
0.107264
0.1068
0.106316
0.105809
0.105279
0.104726
0.104148
0.103545
0.102915
0.102258
0.101572
0.100857
0.100111
0.0993328
0.0985209
0.0976739
0.0967902
0.0958681
0.0949056
0.0939006
0.0928509
0.0917539
0.0906068
0.0894063
0.088149
0.0868306
0.0854465
0.0839912
0.0824582
0.0808398
0.0791267
0.0773077
0.0753687
0.0732918
0.071054
0.0686245
0.0659613
0.0630041
0.0596623
0.0557896
0.0511266
0.0451429
0.0365078
0.0220013
0.116426
0.116547
0.116663
0.116774
0.116879
0.116981
0.117078
0.117171
0.117259
0.117343
0.117423
0.117497
0.117565
0.117628
0.117686
0.117737
0.117781
0.117819
0.117849
0.117873
0.117888
0.117896
0.117895
0.117886
0.117868
0.117841
0.117805
0.117759
0.117704
0.117638
0.117562
0.117476
0.117379
0.11727
0.11715
0.117018
0.116874
0.116718
0.116549
0.116366
0.116171
0.115961
0.115738
0.1155
0.115246
0.114978
0.114693
0.114392
0.114075
0.11374
0.113387
0.113016
0.112627
0.112217
0.111788
0.111338
0.110866
0.110372
0.109856
0.109316
0.108752
0.108163
0.107547
0.106905
0.106235
0.105536
0.104807
0.104047
0.103255
0.102429
0.101568
0.100671
0.0997358
0.098761
0.0977446
0.0966847
0.0955788
0.0944245
0.093219
0.0919592
0.0906413
0.0892613
0.0878145
0.0862953
0.0846972
0.0830124
0.0812315
0.079343
0.0773326
0.0751821
0.0728679
0.0703587
0.0676112
0.0645637
0.0611234
0.0571403
0.0523481
0.0462014
0.0373281
0.0223432
0.119491
0.119673
0.119845
0.120007
0.120161
0.120308
0.120447
0.12058
0.120706
0.120825
0.120938
0.121044
0.121143
0.121235
0.121319
0.121396
0.121465
0.121526
0.121579
0.121624
0.121659
0.121686
0.121703
0.121711
0.121709
0.121697
0.121675
0.121642
0.121598
0.121544
0.121477
0.121399
0.121309
0.121207
0.121092
0.120963
0.120822
0.120667
0.120498
0.120315
0.120116
0.119903
0.119674
0.11943
0.119168
0.11889
0.118595
0.118282
0.117951
0.117601
0.117232
0.116842
0.116433
0.116003
0.11555
0.115076
0.114579
0.114058
0.113514
0.112944
0.112348
0.111726
0.111076
0.110398
0.109691
0.108953
0.108184
0.107383
0.106549
0.105679
0.104774
0.103831
0.102849
0.101826
0.10076
0.0996502
0.0984932
0.0972868
0.0960283
0.0947144
0.0933416
0.0919058
0.0904022
0.0888252
0.0871682
0.0854233
0.0835809
0.0816294
0.0795541
0.0773365
0.0749522
0.0723693
0.0695433
0.0664109
0.0628764
0.0587853
0.0538629
0.0475447
0.0384017
0.0228034
0.122108
0.122345
0.122569
0.122779
0.122979
0.123168
0.123348
0.123519
0.123681
0.123835
0.12398
0.124117
0.124246
0.124366
0.124478
0.124581
0.124675
0.12476
0.124836
0.124902
0.124959
0.125006
0.125042
0.125069
0.125084
0.125088
0.125082
0.125063
0.125033
0.124991
0.124936
0.124868
0.124788
0.124694
0.124586
0.124464
0.124328
0.124177
0.124011
0.123829
0.123632
0.123418
0.123187
0.122939
0.122673
0.12239
0.122087
0.121766
0.121425
0.121064
0.120682
0.12028
0.119855
0.119408
0.118938
0.118445
0.117928
0.117385
0.116817
0.116223
0.115601
0.114952
0.114274
0.113566
0.112828
0.112059
0.111257
0.110421
0.109551
0.108645
0.107702
0.10672
0.105698
0.104635
0.103528
0.102375
0.101174
0.099923
0.0986189
0.0972586
0.0958384
0.0943542
0.0928012
0.0911736
0.0894649
0.087667
0.0857701
0.0837623
0.0816286
0.07935
0.0769018
0.074251
0.0713522
0.0681403
0.064517
0.0603237
0.0552773
0.0487959
0.0393977
0.0232159
0.124325
0.124614
0.124885
0.125141
0.125383
0.125613
0.125831
0.126038
0.126235
0.126422
0.126599
0.126766
0.126925
0.127073
0.127212
0.127341
0.127461
0.127571
0.12767
0.127759
0.127838
0.127906
0.127963
0.128008
0.128042
0.128065
0.128075
0.128072
0.128057
0.128029
0.127988
0.127933
0.127864
0.12778
0.127682
0.127569
0.12744
0.127296
0.127135
0.126958
0.126763
0.126551
0.126322
0.126073
0.125807
0.12552
0.125214
0.124888
0.124541
0.124173
0.123782
0.12337
0.122934
0.122475
0.121992
0.121484
0.12095
0.12039
0.119804
0.11919
0.118547
0.117876
0.117175
0.116443
0.115679
0.114883
0.114054
0.113189
0.112289
0.111353
0.110378
0.109363
0.108307
0.107209
0.106066
0.104877
0.103639
0.10235
0.101006
0.0996061
0.098145
0.096619
0.0950231
0.0933517
0.0915979
0.0897537
0.087809
0.0857517
0.0835666
0.0812342
0.0787292
0.076018
0.0730541
0.0697708
0.0660674
0.0617813
0.0566219
0.0499901
0.0403527
0.0236023
0.126189
0.126525
0.12684
0.127138
0.127421
0.127688
0.127943
0.128185
0.128416
0.128635
0.128843
0.129041
0.129229
0.129405
0.129572
0.129728
0.129873
0.130008
0.130132
0.130245
0.130346
0.130436
0.130514
0.130581
0.130635
0.130676
0.130704
0.13072
0.130722
0.130709
0.130683
0.130643
0.130587
0.130516
0.13043
0.130327
0.130208
0.130073
0.12992
0.12975
0.129561
0.129354
0.129128
0.128883
0.128617
0.128332
0.128025
0.127697
0.127347
0.126975
0.12658
0.126161
0.125718
0.125251
0.124758
0.124239
0.123693
0.123121
0.12252
0.121891
0.121232
0.120543
0.119824
0.119072
0.118288
0.11747
0.116618
0.11573
0.114806
0.113843
0.112842
0.1118
0.110716
0.109589
0.108416
0.107196
0.105926
0.104604
0.103228
0.101794
0.100297
0.0987355
0.0971028
0.0953934
0.0936005
0.0917159
0.0897294
0.0876286
0.085398
0.0830178
0.0804622
0.0776967
0.0746739
0.0713256
0.0675489
0.063177
0.0579122
0.0511388
0.0412735
0.023965
0.127741
0.128121
0.128478
0.128815
0.129135
0.12944
0.129729
0.130005
0.130269
0.13052
0.130759
0.130987
0.131203
0.131409
0.131603
0.131786
0.131958
0.132118
0.132267
0.132405
0.13253
0.132643
0.132744
0.132832
0.132908
0.13297
0.133018
0.133053
0.133073
0.133079
0.13307
0.133046
0.133006
0.13295
0.132877
0.132788
0.132681
0.132557
0.132415
0.132254
0.132074
0.131874
0.131655
0.131415
0.131155
0.130873
0.130569
0.130242
0.129893
0.12952
0.129124
0.128702
0.128256
0.127783
0.127285
0.126759
0.126205
0.125624
0.125013
0.124373
0.123702
0.123
0.122266
0.1215
0.120699
0.119865
0.118994
0.118087
0.117143
0.11616
0.115137
0.114072
0.112965
0.111814
0.110616
0.10937
0.108073
0.106724
0.105319
0.103855
0.102329
0.100736
0.0990707
0.097328
0.0955006
0.0935801
0.0915562
0.0894163
0.0871446
0.0847209
0.0821188
0.0793034
0.0762261
0.0728173
0.068972
0.0645197
0.0591555
0.0522479
0.0421645
0.0243066
0.12902
0.12944
0.129836
0.130211
0.130567
0.130906
0.13123
0.131539
0.131834
0.132117
0.132387
0.132645
0.132891
0.133125
0.133348
0.133558
0.133757
0.133945
0.13412
0.134283
0.134433
0.134571
0.134696
0.134808
0.134906
0.13499
0.135061
0.135116
0.135157
0.135183
0.135193
0.135187
0.135165
0.135126
0.13507
0.134996
0.134904
0.134793
0.134664
0.134515
0.134347
0.134158
0.133948
0.133717
0.133464
0.133188
0.13289
0.132569
0.132223
0.131853
0.131458
0.131038
0.130591
0.130117
0.129616
0.129087
0.12853
0.127943
0.127326
0.126678
0.125999
0.125288
0.124544
0.123766
0.122953
0.122105
0.121221
0.120299
0.119339
0.118339
0.117298
0.116215
0.115088
0.113916
0.112697
0.111429
0.110109
0.108736
0.107306
0.105817
0.104263
0.102642
0.100948
0.0991753
0.0973163
0.0953628
0.0933044
0.0911281
0.088818
0.0863535
0.0837079
0.0808453
0.0777165
0.0742504
0.07034
0.0658113
0.0603526
0.0533171
0.0430244
0.0246264
0.130059
0.130517
0.130949
0.13136
0.131751
0.132124
0.132481
0.132822
0.13315
0.133463
0.133764
0.134052
0.134328
0.134592
0.134843
0.135083
0.13531
0.135525
0.135728
0.135917
0.136095
0.136258
0.136409
0.136546
0.136669
0.136777
0.136871
0.13695
0.137013
0.137061
0.137092
0.137107
0.137105
0.137085
0.137048
0.136992
0.136917
0.136823
0.136709
0.136575
0.136421
0.136245
0.136047
0.135827
0.135585
0.135319
0.13503
0.134716
0.134377
0.134013
0.133623
0.133206
0.132763
0.132291
0.131791
0.131262
0.130703
0.130114
0.129494
0.128842
0.128158
0.127441
0.12669
0.125904
0.125083
0.124225
0.123329
0.122396
0.121423
0.120409
0.119353
0.118254
0.117111
0.115921
0.114683
0.113396
0.112055
0.110661
0.109208
0.107695
0.106117
0.104469
0.102748
0.100947
0.0990579
0.097073
0.0949816
0.0927706
0.0904237
0.08792
0.0852324
0.0823245
0.0791461
0.0756251
0.0716524
0.0670507
0.061502
0.0543448
0.043852
0.0249243
0.130888
0.131381
0.131848
0.132293
0.132718
0.133124
0.133513
0.133887
0.134246
0.134591
0.134923
0.135243
0.135549
0.135843
0.136124
0.136393
0.13665
0.136894
0.137125
0.137343
0.137548
0.13774
0.137918
0.138082
0.138231
0.138366
0.138485
0.138589
0.138677
0.138749
0.138804
0.138841
0.138861
0.138863
0.138847
0.138811
0.138756
0.138681
0.138585
0.138469
0.138331
0.138171
0.137988
0.137783
0.137553
0.1373
0.137022
0.136719
0.13639
0.136034
0.135652
0.135242
0.134803
0.134336
0.13384
0.133314
0.132757
0.132168
0.131548
0.130895
0.130208
0.129488
0.128732
0.127941
0.127113
0.126247
0.125343
0.1244
0.123416
0.12239
0.121322
0.120209
0.119051
0.117845
0.11659
0.115284
0.113924
0.112509
0.111035
0.109499
0.107897
0.106225
0.104477
0.102648
0.10073
0.0987141
0.0965903
0.0943451
0.091962
0.0894198
0.086691
0.0837388
0.0805122
0.0769381
0.0729054
0.0682338
0.0625995
0.0553267
0.0446434
0.0251984
0.131533
0.132059
0.13256
0.133038
0.133495
0.133934
0.134355
0.134761
0.135153
0.13553
0.135893
0.136244
0.136582
0.136907
0.137219
0.137519
0.137806
0.138081
0.138342
0.13859
0.138825
0.139046
0.139253
0.139446
0.139623
0.139786
0.139933
0.140064
0.140179
0.140277
0.140357
0.14042
0.140465
0.140491
0.140498
0.140485
0.140452
0.140398
0.140323
0.140226
0.140107
0.139965
0.1398
0.139611
0.139398
0.139159
0.138895
0.138605
0.138288
0.137943
0.137571
0.13717
0.13674
0.13628
0.135789
0.135268
0.134715
0.134129
0.13351
0.132858
0.132171
0.131448
0.13069
0.129895
0.129062
0.12819
0.127279
0.126327
0.125334
0.124297
0.123217
0.122091
0.120919
0.119698
0.118426
0.117103
0.115724
0.114289
0.112793
0.111235
0.109609
0.107911
0.106137
0.10428
0.102332
0.100285
0.0981289
0.0958493
0.0934298
0.0908491
0.0880795
0.0850835
0.0818096
0.0781837
0.0740931
0.0693548
0.0636394
0.0562579
0.0453947
0.0254471
0.132015
0.132574
0.133107
0.133617
0.134106
0.134577
0.135031
0.13547
0.135893
0.136303
0.136699
0.137082
0.137452
0.137809
0.138154
0.138486
0.138805
0.139111
0.139404
0.139684
0.13995
0.140202
0.14044
0.140663
0.140871
0.141064
0.141241
0.141401
0.141545
0.141671
0.141779
0.141869
0.141941
0.141993
0.142026
0.142038
0.142029
0.141999
0.141947
0.141872
0.141775
0.141653
0.141508
0.141338
0.141142
0.14092
0.140672
0.140397
0.140094
0.139763
0.139402
0.139012
0.138592
0.138141
0.137658
0.137143
0.136595
0.136014
0.135398
0.134748
0.134061
0.133339
0.132579
0.13178
0.130943
0.130066
0.129148
0.128189
0.127186
0.12614
0.125048
0.123909
0.122722
0.121486
0.120197
0.118856
0.117458
0.116002
0.114484
0.112902
0.111251
0.109528
0.107726
0.10584
0.103862
0.101783
0.0995929
0.097278
0.0948215
0.0922018
0.0893909
0.0863512
0.0830306
0.079354
0.0752076
0.0704057
0.064614
0.0571314
0.0461005
0.0256674
0.132355
0.132945
0.133509
0.134051
0.134572
0.135076
0.135562
0.136033
0.136489
0.136932
0.137361
0.137777
0.13818
0.138571
0.138949
0.139314
0.139667
0.140007
0.140333
0.140646
0.140945
0.14123
0.141501
0.141757
0.141997
0.142222
0.14243
0.142622
0.142796
0.142953
0.143091
0.143211
0.143311
0.143392
0.143452
0.143491
0.143509
0.143505
0.143478
0.143427
0.143353
0.143254
0.14313
0.142981
0.142805
0.142602
0.142372
0.142114
0.141826
0.141509
0.141163
0.140785
0.140376
0.139935
0.139461
0.138954
0.138413
0.137836
0.137225
0.136577
0.135892
0.135169
0.134408
0.133607
0.132766
0.131883
0.130959
0.129991
0.128979
0.127922
0.126818
0.125665
0.124464
0.123211
0.121905
0.120544
0.119126
0.117647
0.116107
0.114499
0.112822
0.111071
0.10924
0.107323
0.105313
0.103201
0.100976
0.0986239
0.096129
0.0934692
0.0906162
0.0875323
0.0841649
0.0804383
0.0762377
0.0713753
0.0655123
0.0579366
0.0467517
0.0258544
0.13257
0.13319
0.133784
0.134357
0.13491
0.135446
0.135965
0.136469
0.136959
0.137435
0.137898
0.138348
0.138786
0.139211
0.139624
0.140024
0.140412
0.140786
0.141147
0.141495
0.141829
0.142149
0.142454
0.142744
0.143019
0.143277
0.143519
0.143744
0.143951
0.144141
0.144311
0.144462
0.144594
0.144705
0.144795
0.144863
0.144909
0.144932
0.144932
0.144908
0.144859
0.144784
0.144684
0.144557
0.144402
0.14422
0.144009
0.143768
0.143498
0.143197
0.142865
0.142501
0.142104
0.141674
0.14121
0.140711
0.140176
0.139606
0.138998
0.138353
0.137669
0.136946
0.136184
0.13538
0.134534
0.133646
0.132714
0.131738
0.130716
0.129646
0.128529
0.127362
0.126144
0.124873
0.123547
0.122165
0.120725
0.119222
0.117656
0.116022
0.114316
0.112535
0.110672
0.108722
0.106678
0.10453
0.102267
0.0998768
0.0973416
0.0946399
0.0917433
0.088614
0.085199
0.0814223
0.077168
0.0722471
0.0663172
0.0586565
0.047334
0.0259995
0.132673
0.133322
0.133947
0.134551
0.135136
0.135704
0.136256
0.136793
0.137317
0.137828
0.138326
0.138811
0.139284
0.139745
0.140194
0.14063
0.141054
0.141465
0.141863
0.142247
0.142617
0.142974
0.143315
0.143641
0.143952
0.144246
0.144523
0.144783
0.145026
0.145249
0.145454
0.145638
0.145802
0.145946
0.146067
0.146166
0.146243
0.146295
0.146324
0.146327
0.146305
0.146256
0.14618
0.146077
0.145945
0.145784
0.145593
0.145372
0.14512
0.144835
0.144519
0.144168
0.143784
0.143365
0.142911
0.14242
0.141893
0.141328
0.140724
0.140081
0.139399
0.138675
0.13791
0.137103
0.136252
0.135356
0.134416
0.133429
0.132395
0.131312
0.130179
0.128995
0.127759
0.126468
0.12512
0.123715
0.122249
0.120721
0.119126
0.117463
0.115726
0.113912
0.112015
0.11003
0.107948
0.105762
0.103459
0.101027
0.0984487
0.0957021
0.0927591
0.0895815
0.0861163
0.0822873
0.0779784
0.0729997
0.0670069
0.0592721
0.0478357
0.0260907
0.132678
0.133355
0.13401
0.134645
0.135261
0.135862
0.136448
0.137019
0.137577
0.138123
0.138657
0.139178
0.139688
0.140186
0.140672
0.141145
0.141607
0.142056
0.142491
0.142914
0.143322
0.143716
0.144096
0.14446
0.144808
0.14514
0.145455
0.145752
0.14603
0.14629
0.14653
0.14675
0.146949
0.147126
0.147281
0.147412
0.14752
0.147604
0.147662
0.147694
0.1477
0.147679
0.147629
0.14755
0.147442
0.147303
0.147134
0.146932
0.146698
0.146431
0.14613
0.145794
0.145423
0.145015
0.14457
0.144088
0.143567
0.143007
0.142406
0.141765
0.141082
0.140357
0.139589
0.138776
0.137918
0.137014
0.136063
0.135064
0.134016
0.132917
0.131767
0.130564
0.129306
0.127993
0.126621
0.12519
0.123697
0.122139
0.120513
0.118817
0.117046
0.115196
0.113261
0.111237
0.109114
0.106884
0.104537
0.102058
0.0994318
0.0966352
0.0936403
0.090409
0.0868886
0.0830027
0.0786354
0.0735971
0.0675432
0.059744
0.0482214
0.0260963
0.132531
0.133266
0.133978
0.134673
0.135351
0.136014
0.136663
0.137299
0.137924
0.138536
0.139137
0.139727
0.140306
0.140873
0.141429
0.141973
0.142505
0.143024
0.143531
0.144025
0.144504
0.144969
0.145419
0.145854
0.146272
0.146673
0.147056
0.147421
0.147767
0.148093
0.148399
0.148683
0.148944
0.149183
0.149399
0.149589
0.149754
0.149894
0.150006
0.15009
0.150146
0.150172
0.150168
0.150133
0.150066
0.149967
0.149833
0.149666
0.149463
0.149225
0.148949
0.148636
0.148285
0.147895
0.147464
0.146993
0.14648
0.145925
0.145327
0.144684
0.143997
0.143263
0.142484
0.141656
0.140781
0.139856
0.13888
0.137854
0.136774
0.135641
0.134453
0.133209
0.131907
0.130546
0.129124
0.127638
0.126087
0.124468
0.122779
0.121015
0.119174
0.11725
0.115239
0.113135
0.110929
0.108614
0.106177
0.103607
0.100885
0.0979904
0.0948939
0.0915571
0.0879267
0.0839255
0.0794356
0.0742644
0.0680624
0.0600904
0.0483557
0.0259151
0.131874
0.132699
0.133508
0.134303
0.135087
0.135859
0.136621
0.137373
0.138116
0.138849
0.139574
0.14029
0.140997
0.141694
0.142382
0.143059
0.143725
0.14438
0.145023
0.145654
0.146271
0.146874
0.147462
0.148034
0.14859
0.149128
0.149647
0.150148
0.150627
0.151086
0.151522
0.151935
0.152324
0.152688
0.153025
0.153335
0.153617
0.153869
0.154091
0.154282
0.15444
0.154565
0.154656
0.154711
0.15473
0.154711
0.154655
0.154559
0.154422
0.154245
0.154026
0.153763
0.153457
0.153105
0.152708
0.152265
0.151774
0.151234
0.150646
0.150007
0.149317
0.148576
0.147782
0.146934
0.146032
0.145074
0.14406
0.142989
0.141859
0.14067
0.139421
0.138109
0.136734
0.135294
0.133788
0.132214
0.130569
0.128852
0.127059
0.125188
0.123235
0.121196
0.119066
0.116838
0.114507
0.112063
0.109495
0.106791
0.103934
0.100901
0.0976649
0.0941864
0.0904119
0.0862637
0.0816224
0.0762921
0.0699152
0.0617298
0.0496551
0.0260875
0.130911
0.13183
0.13274
0.133642
0.134537
0.135426
0.13631
0.137187
0.13806
0.138926
0.139787
0.140642
0.14149
0.142331
0.143164
0.143989
0.144804
0.14561
0.146405
0.147187
0.147957
0.148713
0.149454
0.150179
0.150886
0.151575
0.152245
0.152893
0.153519
0.154122
0.154701
0.155253
0.155778
0.156275
0.156742
0.157178
0.157581
0.157951
0.158286
0.158586
0.158847
0.15907
0.159254
0.159396
0.159496
0.159553
0.159565
0.159531
0.159451
0.159323
0.159146
0.158919
0.158641
0.158311
0.157928
0.157491
0.157
0.156453
0.155849
0.155188
0.154469
0.15369
0.152852
0.151953
0.150992
0.14997
0.148883
0.147733
0.146518
0.145237
0.143889
0.142473
0.140988
0.139433
0.137806
0.136105
0.134329
0.132476
0.130543
0.128528
0.126426
0.124236
0.121952
0.119568
0.117078
0.114474
0.111745
0.108879
0.105859
0.102664
0.0992661
0.0956277
0.0916957
0.0873935
0.0826029
0.0771291
0.0706149
0.0622949
0.0500574
0.0258895
0.129738
0.130753
0.131765
0.132776
0.133787
0.134796
0.135805
0.136813
0.137819
0.138823
0.139825
0.140824
0.14182
0.14281
0.143795
0.144774
0.145744
0.146706
0.147658
0.148599
0.149526
0.15044
0.151338
0.152219
0.153082
0.153925
0.154746
0.155544
0.156317
0.157064
0.157783
0.158473
0.159132
0.159758
0.160349
0.160905
0.161424
0.161903
0.162342
0.162739
0.163092
0.163401
0.163663
0.163876
0.164041
0.164155
0.164217
0.164225
0.164179
0.164077
0.163919
0.163702
0.163426
0.16309
0.162692
0.162233
0.16171
0.161124
0.160472
0.159755
0.158972
0.158122
0.157204
0.156217
0.155162
0.154036
0.15284
0.151573
0.150235
0.148824
0.147341
0.145785
0.144154
0.142447
0.140665
0.138804
0.136864
0.134843
0.132739
0.13055
0.128273
0.125904
0.12344
0.120875
0.118203
0.115417
0.112507
0.109461
0.106264
0.102895
0.099329
0.0955289
0.091444
0.0869999
0.0820821
0.0765004
0.0699048
0.0615421
0.0493162
0.0250415
0.128467
0.129577
0.130692
0.131813
0.132939
0.134069
0.135204
0.136342
0.137483
0.138626
0.13977
0.140914
0.142057
0.143198
0.144335
0.145467
0.146592
0.14771
0.148817
0.149914
0.150997
0.152066
0.153118
0.154151
0.155164
0.156155
0.157122
0.158062
0.158975
0.159857
0.160708
0.161524
0.162305
0.163049
0.163752
0.164414
0.165032
0.165606
0.166131
0.166608
0.167034
0.167408
0.167727
0.167991
0.168197
0.168344
0.16843
0.168454
0.168416
0.168312
0.168142
0.167905
0.1676
0.167226
0.166781
0.166264
0.165676
0.165014
0.16428
0.163471
0.162588
0.16163
0.160595
0.159485
0.158299
0.157035
0.155694
0.154276
0.15278
0.151205
0.149552
0.14782
0.146009
0.144118
0.142146
0.140093
0.137957
0.135738
0.133434
0.131044
0.128565
0.125995
0.12333
0.120567
0.1177
0.114723
0.111627
0.108401
0.105033
0.101504
0.0977891
0.0938552
0.0896546
0.0851172
0.0801346
0.0745255
0.0679548
0.0596974
0.0477188
0.0238707
0.127252
0.128458
0.129676
0.130906
0.132146
0.133396
0.134654
0.135921
0.137194
0.138472
0.139755
0.14104
0.142326
0.143612
0.144895
0.146174
0.147448
0.148713
0.149968
0.151211
0.152441
0.153654
0.154848
0.156021
0.157172
0.158297
0.159395
0.160463
0.161498
0.1625
0.163464
0.16439
0.165274
0.166115
0.16691
0.167657
0.168354
0.168998
0.169588
0.170121
0.170595
0.171008
0.171359
0.171645
0.171865
0.172017
0.172099
0.172109
0.172046
0.171909
0.171697
0.171407
0.17104
0.170594
0.170068
0.169461
0.168773
0.168002
0.167149
0.166213
0.165194
0.16409
0.162903
0.161631
0.160275
0.158835
0.157311
0.155702
0.15401
0.152233
0.150373
0.14843
0.146403
0.144293
0.1421
0.139824
0.137465
0.135023
0.132496
0.129885
0.127187
0.124402
0.121527
0.118559
0.115495
0.112329
0.109054
0.105662
0.10214
0.0984721
0.094637
0.090604
0.0863294
0.0817485
0.0767604
0.0711958
0.0647406
0.0567117
0.0451802
0.0222434
0.126298
0.127601
0.128921
0.130257
0.131608
0.132974
0.134352
0.135741
0.13714
0.138546
0.139958
0.141375
0.142793
0.144212
0.145628
0.14704
0.148446
0.149843
0.151229
0.152601
0.153957
0.155294
0.15661
0.157902
0.159167
0.160403
0.161607
0.162777
0.163911
0.165005
0.166058
0.167066
0.168028
0.16894
0.1698
0.170605
0.171351
0.172038
0.172662
0.173222
0.173714
0.174137
0.174489
0.174768
0.174971
0.175097
0.175143
0.175108
0.174991
0.174789
0.174502
0.174127
0.173665
0.173113
0.172471
0.171738
0.170913
0.169997
0.168987
0.167885
0.166691
0.165403
0.164023
0.16255
0.160986
0.15933
0.157583
0.155747
0.153821
0.151808
0.149707
0.14752
0.145247
0.142891
0.140451
0.13793
0.135327
0.132643
0.12988
0.127037
0.124114
0.121111
0.118028
0.114861
0.11161
0.10827
0.104835
0.1013
0.0976536
0.0938826
0.0899679
0.0858826
0.0815878
0.0770251
0.072103
0.0666671
0.0604296
0.0527625
0.0418802
0.0203215
0.125866
0.127265
0.128685
0.130124
0.131582
0.133055
0.134543
0.136044
0.137554
0.139073
0.140598
0.142127
0.143657
0.145186
0.146711
0.148231
0.149743
0.151245
0.152733
0.154206
0.155657
0.157086
0.15849
0.159865
0.16121
0.162522
0.163797
0.165035
0.16623
0.167382
0.168486
0.169541
0.170544
0.17149
0.172379
0.173207
0.17397
0.174667
0.175295
0.17585
0.176331
0.176735
0.177059
0.1773
0.177457
0.177527
0.177508
0.177398
0.177194
0.176896
0.176501
0.176008
0.175416
0.174723
0.173929
0.173034
0.172036
0.170935
0.169732
0.168426
0.167017
0.165507
0.163897
0.162186
0.160376
0.158469
0.156466
0.154368
0.152178
0.149897
0.147528
0.145071
0.142531
0.139908
0.137205
0.134424
0.131567
0.128636
0.125632
0.122559
0.119416
0.116204
0.112925
0.109577
0.10616
0.102672
0.0991091
0.0954657
0.0917344
0.0879038
0.083958
0.0798738
0.0756172
0.0711369
0.0663515
0.0611233
0.0551948
0.0480023
0.0379333
0.0181365
0.126272
0.127767
0.129282
0.130816
0.132368
0.133935
0.135514
0.137104
0.138702
0.140306
0.141913
0.143521
0.145127
0.146729
0.148325
0.149911
0.151485
0.153044
0.154586
0.156108
0.157606
0.159079
0.160523
0.161935
0.163314
0.164656
0.165958
0.167218
0.168433
0.1696
0.170716
0.171779
0.172784
0.173729
0.174612
0.175428
0.176175
0.17685
0.177449
0.177969
0.178408
0.178762
0.179027
0.179202
0.179283
0.179267
0.179152
0.178936
0.178615
0.178189
0.177655
0.177011
0.176256
0.175389
0.17441
0.173317
0.17211
0.170791
0.169358
0.167812
0.166155
0.164388
0.162513
0.160531
0.158444
0.156255
0.153967
0.151581
0.149102
0.146532
0.143874
0.141133
0.13831
0.135411
0.132438
0.129395
0.126285
0.123112
0.119878
0.116587
0.113242
0.109843
0.106394
0.102895
0.0993465
0.0957481
0.0920978
0.0883919
0.0846246
0.0807872
0.0768665
0.0728429
0.0686877
0.0643565
0.059779
0.0548351
0.0493
0.04268
0.0335563
0.0158177
0.127913
0.129485
0.131073
0.132676
0.134292
0.135917
0.13755
0.139188
0.140829
0.14247
0.144109
0.145744
0.147372
0.148991
0.150598
0.152191
0.153768
0.155326
0.156863
0.158376
0.159862
0.16132
0.162747
0.16414
0.165496
0.166814
0.16809
0.169322
0.170507
0.171642
0.172725
0.173751
0.174717
0.175622
0.17646
0.177229
0.177925
0.178544
0.179083
0.179537
0.179904
0.180179
0.180359
0.180439
0.180417
0.180288
0.180051
0.179701
0.179235
0.178653
0.17795
0.177126
0.176178
0.175107
0.17391
0.172589
0.171142
0.169571
0.167877
0.166061
0.164124
0.162071
0.159902
0.157621
0.155231
0.152737
0.150141
0.147449
0.144665
0.141793
0.138838
0.135805
0.132699
0.129525
0.126288
0.122993
0.119645
0.116248
0.112806
0.109325
0.105807
0.102256
0.0986758
0.0950676
0.0914333
0.0877735
0.0840877
0.0803736
0.0766272
0.0728417
0.0690066
0.0651058
0.0611152
0.0569975
0.0526929
0.0480995
0.0430256
0.0370496
0.0289558
0.0134559
0.131233
0.132837
0.134448
0.136066
0.137688
0.139312
0.140934
0.142553
0.144167
0.145773
0.147371
0.148957
0.15053
0.152089
0.153631
0.155154
0.156657
0.158138
0.159595
0.161026
0.162429
0.163802
0.165143
0.166451
0.167722
0.168955
0.170147
0.171295
0.172398
0.173451
0.174452
0.175398
0.176285
0.17711
0.177868
0.178556
0.179169
0.179704
0.180155
0.180518
0.180788
0.180961
0.181031
0.180995
0.180847
0.180584
0.180201
0.179694
0.17906
0.178297
0.177401
0.17637
0.175203
0.173899
0.172458
0.170879
0.169164
0.167313
0.165329
0.163215
0.160973
0.158607
0.156121
0.15352
0.150809
0.147993
0.145078
0.142069
0.138974
0.135798
0.132547
0.129229
0.12585
0.122417
0.118935
0.115412
0.111853
0.108264
0.104651
0.10102
0.0973745
0.0937194
0.0900584
0.0863947
0.0827308
0.0790679
0.0754066
0.0717456
0.0680823
0.0644113
0.0607242
0.0570082
0.0532431
0.0493982
0.0454238
0.0412354
0.0366734
0.0313874
0.0243633
0.0111658
0.136663
0.138212
0.139757
0.141298
0.14283
0.144353
0.145865
0.147364
0.148849
0.15032
0.151774
0.153211
0.15463
0.15603
0.15741
0.15877
0.160108
0.161423
0.162714
0.163981
0.165222
0.166435
0.167619
0.168772
0.169893
0.17098
0.172031
0.173042
0.174013
0.174938
0.175817
0.176644
0.177416
0.178129
0.178778
0.179359
0.179866
0.180295
0.180638
0.180891
0.181048
0.181102
0.181048
0.180878
0.180589
0.180174
0.179628
0.178946
0.178124
0.177158
0.176046
0.174786
0.173375
0.171813
0.1701
0.168238
0.166227
0.164071
0.161772
0.159336
0.156765
0.154067
0.151246
0.14831
0.145266
0.14212
0.138881
0.135557
0.132155
0.128684
0.125153
0.121569
0.117941
0.114277
0.110584
0.106871
0.103145
0.0994113
0.0956779
0.0919504
0.0882342
0.0845341
0.0808545
0.0771988
0.0735698
0.0699693
0.0663979
0.0628552
0.0593391
0.0558454
0.0523673
0.0488941
0.0454095
0.0418884
0.0382902
0.0345463
0.0305274
0.0259492
0.0199884
0.00903898
0.144517
0.145869
0.147204
0.148523
0.149823
0.151105
0.152367
0.153611
0.154834
0.156039
0.157225
0.158391
0.15954
0.16067
0.161781
0.162875
0.163951
0.165008
0.166047
0.167068
0.168069
0.169049
0.170009
0.170946
0.17186
0.172749
0.17361
0.174441
0.17524
0.176004
0.176728
0.17741
0.178044
0.178625
0.179148
0.179608
0.179996
0.180308
0.180535
0.180669
0.180704
0.180631
0.180443
0.180132
0.179689
0.17911
0.178386
0.177512
0.176483
0.175296
0.173946
0.172431
0.170751
0.168905
0.166894
0.164721
0.162389
0.159901
0.157264
0.154483
0.151566
0.148519
0.145352
0.142073
0.138692
0.135219
0.131663
0.128035
0.124344
0.120602
0.116818
0.113003
0.109165
0.105314
0.10146
0.09761
0.0937727
0.0899554
0.0861648
0.0824072
0.0786882
0.0750124
0.0713841
0.0678065
0.0642822
0.0608126
0.0573985
0.0540391
0.0507327
0.0474755
0.0442617
0.0410823
0.037924
0.0347664
0.031577
0.028301
0.0248361
0.0209569
0.0160119
0.00715373
0.154819
0.155769
0.156696
0.157602
0.158487
0.159352
0.160198
0.161026
0.161838
0.162634
0.163417
0.164187
0.164946
0.165695
0.166435
0.167167
0.167892
0.16861
0.169322
0.170027
0.170726
0.171418
0.172103
0.172779
0.173445
0.1741
0.174742
0.175367
0.175974
0.176558
0.177115
0.177641
0.178129
0.178575
0.17897
0.179307
0.179578
0.179774
0.179886
0.179903
0.179816
0.179615
0.179289
0.178829
0.178225
0.177468
0.176552
0.175468
0.174211
0.172777
0.171163
0.169366
0.167387
0.165227
0.162888
0.160375
0.157693
0.154849
0.151851
0.148707
0.145428
0.142023
0.138505
0.134885
0.131175
0.127387
0.123534
0.119628
0.115682
0.111707
0.107716
0.103718
0.0997263
0.0957493
0.091797
0.0878781
0.0840006
0.080172
0.0763986
0.0726863
0.0690398
0.0654635
0.0619605
0.0585334
0.0551838
0.0519125
0.0487194
0.0456034
0.0425622
0.0395922
0.036688
0.0338418
0.0310425
0.0282734
0.0255087
0.0227053
0.0197834
0.0165682
0.0125562
0.00556905
0.167095
0.167407
0.167705
0.167991
0.168267
0.168536
0.168799
0.169058
0.169316
0.169574
0.169836
0.170102
0.170374
0.170655
0.170944
0.171244
0.171556
0.171879
0.172215
0.172564
0.172925
0.173299
0.173684
0.17408
0.174484
0.174896
0.175312
0.17573
0.176146
0.176555
0.176952
0.177332
0.177686
0.178008
0.178289
0.178517
0.178684
0.178776
0.178783
0.17869
0.178485
0.178156
0.177689
0.177072
0.176293
0.175343
0.174211
0.172891
0.171377
0.169664
0.16775
0.165634
0.16332
0.160809
0.158107
0.155222
0.152161
0.148936
0.145557
0.142036
0.138388
0.134625
0.130763
0.126815
0.122798
0.118725
0.114612
0.110472
0.106321
0.10217
0.0980334
0.093922
0.0898472
0.0858191
0.081847
0.0779391
0.0741027
0.0703443
0.0666692
0.0630819
0.0595862
0.0561846
0.0528791
0.0496709
0.0465602
0.0435465
0.0406287
0.0378046
0.0350714
0.032425
0.0298601
0.0273697
0.024944
0.0225694
0.0202252
0.0178779
0.0154668
0.0128592
0.00967309
0.00426192
0.180294
0.179762
0.179243
0.178739
0.178254
0.177789
0.177346
0.176928
0.176536
0.176173
0.175841
0.17554
0.175273
0.17504
0.174843
0.174682
0.174558
0.174471
0.174422
0.17441
0.174434
0.174495
0.17459
0.174718
0.174877
0.175064
0.175277
0.175511
0.175761
0.176023
0.176289
0.176551
0.176801
0.177027
0.177219
0.177364
0.177447
0.177453
0.177366
0.17717
0.176849
0.176386
0.175765
0.174972
0.173994
0.172818
0.171435
0.169838
0.168021
0.165983
0.163721
0.16124
0.158544
0.15564
0.152537
0.149247
0.145781
0.142155
0.138383
0.134483
0.130471
0.126365
0.122183
0.117941
0.113658
0.109351
0.105035
0.100727
0.0964413
0.0921911
0.0879896
0.0838482
0.0797772
0.075786
0.0718824
0.0680733
0.0643643
0.0607602
0.0572645
0.0538796
0.0506073
0.0474484
0.0444029
0.0414701
0.0386488
0.0359368
0.0333317
0.0308303
0.0284289
0.0261228
0.0239068
0.0217742
0.0197166
0.0177228
0.0157771
0.0138546
0.0119076
0.00983462
0.00734721
0.00321555
0.192964
0.191478
0.190049
0.188677
0.187365
0.186113
0.184924
0.183798
0.182736
0.181739
0.180807
0.179942
0.179144
0.178412
0.177747
0.17715
0.176618
0.176153
0.175753
0.175417
0.175144
0.174933
0.174781
0.174686
0.174645
0.174655
0.174712
0.174809
0.174942
0.175102
0.175282
0.175469
0.175654
0.175821
0.175956
0.176042
0.176059
0.17599
0.175814
0.17551
0.175057
0.174437
0.173631
0.172622
0.171396
0.169941
0.168249
0.166313
0.164132
0.161705
0.159037
0.156134
0.153006
0.149665
0.146126
0.142404
0.138517
0.134485
0.130328
0.126065
0.121718
0.117308
0.112854
0.108377
0.103896
0.0994286
0.0949919
0.0906017
0.0862723
0.0820166
0.0778461
0.0737707
0.0697991
0.0659383
0.062194
0.0585708
0.0550719
0.0516993
0.0484541
0.0453365
0.0423458
0.0394806
0.0367389
0.0341183
0.0316156
0.0292276
0.0269503
0.0247798
0.0227115
0.0207408
0.0188621
0.0170701
0.0153577
0.0137148
0.0121276
0.0105751
0.00902143
0.00739168
0.00547497
0.00237619
0.203647
0.201231
0.198924
0.196724
0.194632
0.192646
0.190766
0.188992
0.187322
0.185756
0.184293
0.182932
0.181673
0.180514
0.179453
0.178491
0.177625
0.176854
0.176176
0.17559
0.175092
0.174682
0.174355
0.174108
0.173937
0.173838
0.173805
0.17383
0.173906
0.174023
0.174169
0.17433
0.17449
0.174631
0.174733
0.174774
0.174731
0.174579
0.174293
0.173848
0.173221
0.17239
0.171334
0.170038
0.168487
0.166673
0.164589
0.162234
0.15961
0.156724
0.153584
0.150205
0.146602
0.142792
0.138798
0.134639
0.13034
0.125925
0.121417
0.11684
0.112218
0.107573
0.102929
0.0983042
0.0937192
0.0891912
0.0847364
0.0803689
0.0761012
0.071944
0.0679062
0.0639951
0.0602162
0.0565736
0.05307
0.0497069
0.0464845
0.043402
0.040458
0.03765
0.0349753
0.0324303
0.0300113
0.0277142
0.0255348
0.0234686
0.0215111
0.0196577
0.0179041
0.0162453
0.0146758
0.0131892
0.0117783
0.0104344
0.00914675
0.00789996
0.00666852
0.00540004
0.00394746
0.00169255
0.211231
0.208045
0.20502
0.20215
0.199433
0.196866
0.194446
0.192171
0.190037
0.188043
0.186186
0.184463
0.182873
0.181412
0.18008
0.178872
0.177787
0.176822
0.175975
0.175241
0.174619
0.174105
0.173694
0.173382
0.173164
0.173033
0.172981
0.173
0.173077
0.1732
0.173353
0.173518
0.173673
0.173795
0.173857
0.173832
0.173691
0.173404
0.172943
0.172279
0.171387
0.170245
0.168836
0.167144
0.165161
0.162881
0.160307
0.157442
0.154297
0.150884
0.147222
0.143331
0.139234
0.134955
0.130521
0.125958
0.121294
0.116556
0.111772
0.106967
0.102165
0.0973897
0.0926627
0.0880033
0.0834291
0.0789554
0.0745955
0.0703607
0.0662601
0.0623008
0.0584882
0.0548259
0.0513158
0.0479587
0.0447538
0.0416995
0.0387933
0.0360318
0.0334112
0.0309272
0.0285751
0.0263501
0.0242473
0.0222617
0.0203885
0.0186228
0.0169598
0.0153943
0.0139212
0.0125349
0.0112301
0.010001
0.00884183
0.00774605
0.00670581
0.00571054
0.0047433
0.00377013
0.00269622
0.00113152
0.215109
0.211439
0.207965
0.204681
0.20158
0.19866
0.195915
0.193342
0.190936
0.188695
0.186615
0.184693
0.182925
0.181309
0.179841
0.178518
0.177338
0.176297
0.175392
0.174619
0.173974
0.173453
0.17305
0.17276
0.172574
0.172485
0.172482
0.172552
0.172679
0.172844
0.173027
0.173202
0.173341
0.173414
0.173389
0.173231
0.172908
0.172386
0.171636
0.170629
0.169342
0.167758
0.165863
0.163651
0.16112
0.158273
0.155121
0.151677
0.147961
0.143994
0.139801
0.135411
0.130851
0.126153
0.121347
0.116462
0.11153
0.106578
0.101633
0.0967208
0.0918649
0.0870862
0.0824035
0.0778331
0.073389
0.0690827
0.0649235
0.0609183
0.0570722
0.0533882
0.0498676
0.0465104
0.0433151
0.0402792
0.0373993
0.0346711
0.0320901
0.029651
0.0273487
0.0251776
0.0231321
0.0212069
0.0193967
0.0176959
0.0160994
0.0146017
0.0131977
0.0118824
0.0106506
0.00949761
0.00841875
0.00740937
0.00646477
0.00558
0.00474933
0.00396547
0.00321739
0.0024841
0.0017105
0.000693769
)
;

boundaryField
{
    jetInlet
    {
        type            fixedValue;
        value           uniform 0.006;
    }
    returnOutlet
    {
        type            inletOutlet;
        inletValue      uniform 0.006;
        value           nonuniform List<scalar> 
35
(
0.284332
0.550866
0.735626
0.891835
1.03618
1.17061
1.29172
1.39353
1.46859
1.50827
1.50151
1.42997
0.006
0.006
0.006
0.006
0.006
0.006
0.006
0.006
0.006
0.006
0.006
0.006
0.006
0.006
0.287575
0.29377
0.219836
0.105433
0.0857335
0.149288
0.271057
0.401747
0.485732
)
;
    }
    flatBed
    {
        type            kqRWallFunction;
        value           nonuniform List<scalar> 
100
(
0.284332
0.289777
0.294613
0.298819
0.302277
0.304942
0.306409
0.305531
0.302021
0.295764
0.286806
0.275335
0.261658
0.246174
0.229348
0.211679
0.193675
0.175815
0.158526
0.142149
0.126934
0.113028
0.100492
0.0893171
0.0794418
0.0707751
0.0632097
0.0566329
0.0509327
0.0460012
0.0417368
0.0380456
0.0348431
0.0320546
0.0296164
0.0274761
0.0255921
0.023933
0.0224764
0.0212067
0.0201127
0.0191856
0.0184166
0.0177962
0.0173133
0.0169562
0.0167136
0.0165756
0.0165342
0.0165537
0.0166235
0.0167361
0.016885
0.0170651
0.0172718
0.0175013
0.0177505
0.0180167
0.0182976
0.0185911
0.0188956
0.0192095
0.0195315
0.0198604
0.0201953
0.0205351
0.020879
0.0212263
0.0215762
0.0219281
0.0222814
0.0226355
0.02299
0.0233444
0.0236984
0.0240515
0.0244038
0.0247551
0.0251057
0.0254561
0.0258074
0.0261614
0.0265207
0.0268898
0.0272564
0.0276177
0.027972
0.0283169
0.0286495
0.0289653
0.029258
0.0295186
0.0297336
0.0298825
0.0299353
0.0298413
0.0295024
0.0287402
0.0273282
0.0249498
)
;
    }
    slope
    {
        type            kqRWallFunction;
        value           nonuniform List<scalar> 
50
(
0.00883409
0.00844086
0.0106513
0.0123749
0.014043
0.0153957
0.0166724
0.0177022
0.0186398
0.0194043
0.0200844
0.020655
0.021163
0.0216054
0.0220013
0.0223432
0.0228034
0.0232159
0.0236023
0.023965
0.0243066
0.0246264
0.0249243
0.0251984
0.0254471
0.0256674
0.0258544
0.0259995
0.0260907
0.0260963
0.0259151
0.0260875
0.0258895
0.0250415
0.0238707
0.0222434
0.0203215
0.0181365
0.0158177
0.0134559
0.0111658
0.00903898
0.00715373
0.00556905
0.00426192
0.00321555
0.00237619
0.00169255
0.00113152
0.000693769
)
;
    }
    top
    {
        type            symmetryPlane;
    }
    frontAndBack
    {
        type            empty;
    }
    defaultFaces
    {
        type            empty;
    }
}


// ************************************************************************* //
