/*--------------------------------*- C++ -*----------------------------------*\
| =========                 |                                                 |
| \\      /  F ield         | OpenFOAM: The Open Source CFD Toolbox           |
|  \\    /   O peration     | Version:  2206                                  |
|   \\  /    A nd           | Website:  www.openfoam.com                      |
|    \\/     M anipulation  |                                                 |
\*---------------------------------------------------------------------------*/
FoamFile
{
    version     2.0;
    format      ascii;
    arch        "LSB;label=32;scalar=64";
    class       volScalarField;
    location    "1300";
    object      p;
}
// * * * * * * * * * * * * * * * * * * * * * * * * * * * * * * * * * * * * * //

dimensions      [0 2 -2 0 0 0 0];

internalField   nonuniform List<scalar> 
10000
(
-0.10863
-0.14034
-0.151092
-0.120428
-0.0388433
0.102478
0.309219
0.580898
0.909784
1.28386
1.68878
2.10981
2.5332
2.94719
3.34248
3.71238
4.05273
4.3616
4.63891
4.88597
5.10505
5.29896
5.47068
5.62314
5.75904
5.88073
5.99019
6.08905
6.1786
6.25988
6.3337
6.40067
6.46132
6.51605
6.5652
6.60909
6.648
6.68223
6.71205
6.73776
6.75966
6.77804
6.79322
6.80547
6.81508
6.8223
6.82738
6.83054
6.83199
6.83192
6.83051
6.82791
6.82428
6.81975
6.81444
6.80847
6.80196
6.79501
6.78771
6.78016
6.77243
6.76462
6.75679
6.74901
6.74137
6.73392
6.72673
6.71985
6.71336
6.70731
6.70175
6.69674
6.69235
6.68862
6.68562
6.68339
6.68201
6.68153
6.68201
6.68352
6.68613
6.68993
6.69498
6.70139
6.70927
6.71873
6.72991
6.74296
6.75805
6.77539
6.79522
6.81783
6.84359
6.87319
6.90735
6.94537
6.98597
7.03985
7.1374
7.23671
-0.104949
-0.132238
-0.148999
-0.126712
-0.0546799
0.0766324
0.27373
0.536968
0.858814
1.22751
1.62889
2.04823
2.47173
2.88742
3.28574
3.65966
4.00466
4.31845
4.60062
4.85225
5.07545
5.27293
5.44769
5.60269
5.74068
5.86411
5.97505
6.07517
6.16585
6.24816
6.32294
6.39085
6.4524
6.50803
6.55808
6.60285
6.64265
6.67773
6.70838
6.73486
6.75748
6.7765
6.79224
6.80497
6.81497
6.82252
6.82785
6.83121
6.83281
6.83287
6.83156
6.82904
6.82547
6.82098
6.81571
6.80976
6.80327
6.79632
6.78901
6.78145
6.77371
6.76587
6.75802
6.75021
6.74253
6.73504
6.72781
6.72088
6.71434
6.70822
6.7026
6.69752
6.69305
6.68924
6.68615
6.68382
6.68233
6.68173
6.68207
6.68344
6.68589
6.6895
6.69434
6.70052
6.70814
6.7173
6.72813
6.74076
6.75536
6.77209
6.79118
6.81283
6.83734
6.86519
6.89682
6.93156
6.96797
7.01282
7.08642
7.15229
-0.106327
-0.128447
-0.153202
-0.141312
-0.0802823
0.0403879
0.228217
0.484433
0.801287
1.16688
1.56688
1.98639
2.41142
2.82981
3.23175
3.60994
3.95956
4.27804
4.56475
4.82056
5.04746
5.24814
5.42558
5.58279
5.72261
5.84756
5.95977
6.061
6.15267
6.23588
6.31152
6.38025
6.44262
6.49907
6.54996
6.5956
6.63629
6.67229
6.70387
6.73128
6.75478
6.77463
6.79111
6.80449
6.81504
6.82304
6.82872
6.83234
6.83415
6.83436
6.83316
6.83072
6.82719
6.82274
6.81747
6.81153
6.80503
6.79807
6.79074
6.78315
6.77538
6.7675
6.7596
6.75176
6.74402
6.73648
6.72918
6.72219
6.71557
6.70938
6.70367
6.69851
6.69394
6.69002
6.6868
6.68435
6.68272
6.68196
6.68215
6.68333
6.68558
6.68896
6.69355
6.69944
6.70674
6.71554
6.72595
6.7381
6.75213
6.76821
6.78651
6.80723
6.8306
6.85696
6.8866
6.91908
6.95339
6.99311
7.0483
7.09112
-0.113364
-0.137338
-0.172936
-0.173049
-0.12295
-0.0110062
0.171219
0.425417
0.742993
1.11124
1.51513
1.93928
2.36932
2.7928
3.19969
3.58255
3.93639
4.25855
4.54833
4.8066
5.03541
5.2375
5.41595
5.5739
5.71426
5.83963
5.9522
6.05378
6.14579
6.22936
6.30537
6.37449
6.43726
6.49411
6.54542
6.59149
6.63264
6.66914
6.70125
6.72923
6.75333
6.77378
6.79084
6.80474
6.81575
6.82412
6.8301
6.83394
6.83591
6.83623
6.83509
6.83268
6.82917
6.8247
6.81941
6.81344
6.80689
6.79988
6.7925
6.78486
6.77702
6.76909
6.76113
6.75321
6.74541
6.73779
6.73041
6.72334
6.71664
6.71035
6.70455
6.69927
6.69459
6.69055
6.6872
6.68461
6.68282
6.68189
6.68189
6.68286
6.68488
6.68801
6.69232
6.6979
6.70484
6.71323
6.72318
6.73479
6.74819
6.76352
6.78093
6.80056
6.8226
6.84725
6.87464
6.90443
6.93582
6.97037
7.01268
7.04198
-0.121853
-0.155888
-0.206118
-0.220241
-0.181413
-0.0767035
0.102866
0.358798
0.681317
1.05638
1.46796
1.89996
2.33752
2.76791
3.18091
3.56894
3.92698
4.25236
4.54443
4.80417
5.03377
5.23616
5.41458
5.57231
5.71238
5.8375
5.9499
6.0514
6.14344
6.22715
6.30337
6.37277
6.43585
6.493
6.54459
6.59091
6.63226
6.66894
6.70123
6.7294
6.75372
6.77443
6.79176
6.80595
6.81723
6.82584
6.83201
6.83598
6.83803
6.83839
6.83726
6.83483
6.83127
6.82674
6.82138
6.81533
6.8087
6.80161
6.79415
6.78642
6.77851
6.77049
6.76244
6.75444
6.74656
6.73885
6.73138
6.72422
6.71742
6.71103
6.70512
6.69973
6.69493
6.69076
6.68727
6.68453
6.68258
6.68148
6.68128
6.68205
6.68384
6.68671
6.69074
6.69599
6.70257
6.71055
6.72002
6.73108
6.74384
6.75841
6.77491
6.79344
6.81413
6.83707
6.86225
6.88933
6.91755
6.94715
6.97992
7.00168
-0.129472
-0.181231
-0.249988
-0.280122
-0.252985
-0.154411
0.0248801
0.285498
0.615997
1.00073
1.42252
1.86444
2.31117
2.74966
3.16956
3.56319
3.92551
4.2539
4.54783
4.80845
5.03818
5.24017
5.41789
5.57479
5.71405
5.83847
5.95033
6.05147
6.14334
6.22705
6.30343
6.37311
6.43654
6.49409
6.54605
6.59269
6.63428
6.6711
6.70345
6.73162
6.75592
6.77662
6.79397
6.80821
6.81955
6.82823
6.83446
6.83847
6.84052
6.84085
6.83967
6.83715
6.8335
6.82886
6.82339
6.81722
6.81048
6.80327
6.7957
6.78786
6.77984
6.77172
6.76357
6.75547
6.74748
6.73967
6.7321
6.72484
6.71793
6.71143
6.7054
6.6999
6.69497
6.69066
6.68704
6.68414
6.68203
6.68075
6.68036
6.68091
6.68246
6.68507
6.6888
6.69373
6.69994
6.70749
6.71648
6.72698
6.73908
6.75287
6.76844
6.78586
6.80518
6.82641
6.84945
6.8739
6.89896
6.9241
6.94967
6.96598
-0.13531
-0.212135
-0.302726
-0.350184
-0.334586
-0.240706
-0.0590962
0.209131
0.550191
0.946797
1.38057
1.83382
2.29075
2.73807
3.16528
3.56466
3.93118
4.2623
4.55764
4.81858
5.04782
5.24881
5.42524
5.58076
5.71874
5.84206
5.95305
6.05355
6.14499
6.22852
6.30491
6.37478
6.43855
6.49652
6.54896
6.59605
6.63801
6.67507
6.70751
6.73566
6.75982
6.78034
6.7975
6.81157
6.82278
6.83135
6.83749
6.84142
6.84338
6.8436
6.84229
6.83964
6.83584
6.83105
6.82542
6.8191
6.81221
6.80485
6.79714
6.78917
6.78102
6.77278
6.76451
6.75629
6.74819
6.74027
6.73259
6.72521
6.71818
6.71157
6.70542
6.69979
6.69473
6.69028
6.68651
6.68345
6.68117
6.67971
6.67912
6.67945
6.68076
6.6831
6.68654
6.69113
6.69696
6.70408
6.71257
6.7225
6.73393
6.74693
6.76156
6.77786
6.79581
6.81537
6.83633
6.85828
6.8804
6.90176
6.92204
6.93495
-0.139092
-0.248216
-0.362864
-0.427757
-0.422613
-0.331162
-0.144075
0.134688
0.48845
0.898462
1.34526
1.8105
2.278
2.73429
3.16879
3.57373
3.94411
4.2775
4.57369
4.83434
5.06247
5.26186
5.43647
5.59015
5.72645
5.84833
5.95816
6.05775
6.14852
6.23163
6.30784
6.37772
6.4417
6.50004
6.55294
6.60055
6.64299
6.68043
6.71309
6.74127
6.7653
6.78555
6.80238
6.8161
6.82698
6.83526
6.84115
6.84485
6.84661
6.84663
6.84513
6.84228
6.83828
6.83329
6.82747
6.82096
6.81388
6.80636
6.79848
6.79036
6.78206
6.77367
6.76527
6.75692
6.74869
6.74064
6.73284
6.72534
6.71819
6.71145
6.70517
6.69941
6.69421
6.68962
6.6857
6.68248
6.68002
6.67837
6.67758
6.67769
6.67876
6.68083
6.68396
6.68821
6.69365
6.70034
6.70832
6.71767
6.72843
6.74063
6.75433
6.7695
6.78611
6.80404
6.82305
6.84268
6.86212
6.88031
6.89666
6.90706
-0.140901
-0.289585
-0.428848
-0.509538
-0.512556
-0.42
-0.223667
0.0681737
0.43604
0.860055
1.31995
1.79691
2.27455
2.73931
3.18054
3.59047
3.9641
4.29911
4.59549
4.85519
5.0816
5.27887
5.4512
5.60266
5.737
5.85722
5.9657
6.06418
6.15409
6.23659
6.3124
6.38209
6.44609
6.50464
6.5579
6.60598
6.64894
6.68686
6.71987
6.7482
6.77217
6.79216
6.80858
6.82182
6.8322
6.84001
6.84547
6.84879
6.85022
6.84995
6.84817
6.84506
6.84081
6.83557
6.82952
6.82279
6.81551
6.80778
6.79972
6.79141
6.78295
6.7744
6.76585
6.75736
6.74899
6.74081
6.73287
6.72524
6.71796
6.71109
6.70468
6.69878
6.69344
6.6887
6.68462
6.68124
6.67861
6.67677
6.67576
6.67565
6.67647
6.67826
6.68109
6.685
6.69005
6.69629
6.70377
6.71253
6.72261
6.73403
6.74679
6.76087
6.77618
6.79257
6.80975
6.82727
6.84435
6.85991
6.87331
6.88205
-0.140765
-0.336287
-0.498407
-0.590905
-0.598345
-0.49945
-0.289663
0.0164741
0.398527
0.835798
1.30758
1.7949
2.28135
2.75334
3.20024
3.61421
3.99025
4.32611
4.62198
4.8801
5.10426
5.29901
5.46874
5.61773
5.74997
5.86846
5.97554
6.07285
6.16177
6.24354
6.31879
6.38808
6.45191
6.51045
6.5639
6.61233
6.65574
6.69415
6.72759
6.75621
6.78023
6.80003
6.81604
6.82872
6.83846
6.84563
6.85049
6.85328
6.85425
6.85357
6.85142
6.84797
6.84341
6.83789
6.83156
6.82458
6.81706
6.80911
6.80084
6.79234
6.78369
6.77498
6.76626
6.75761
6.7491
6.74077
6.73269
6.72492
6.71751
6.7105
6.70395
6.69791
6.69242
6.68753
6.68329
6.67975
6.67693
6.6749
6.67369
6.67335
6.67391
6.67543
6.67795
6.68151
6.68617
6.69196
6.69894
6.70712
6.71652
6.72716
6.73902
6.75203
6.7661
6.78104
6.79655
6.81217
6.82718
6.84057
6.85174
6.8592
-0.140979
-0.387095
-0.566651
-0.663904
-0.669998
-0.559381
-0.332999
-0.0131534
0.381261
0.829293
1.31026
1.80535
2.29827
2.77553
3.22648
3.6432
4.02062
4.35653
4.65125
4.9073
5.12888
5.32094
5.48799
5.63449
5.76466
5.88153
5.98736
6.08353
6.17145
6.25248
6.32709
6.39584
6.45931
6.51764
6.57107
6.61965
6.66337
6.7022
6.73606
6.76504
6.78925
6.80898
6.82464
6.83673
6.84576
6.85215
6.85624
6.85834
6.8587
6.85748
6.85486
6.851
6.84607
6.84021
6.83358
6.82631
6.81853
6.81034
6.80184
6.79313
6.78429
6.77539
6.7665
6.75769
6.74901
6.74054
6.73231
6.72439
6.71684
6.70969
6.703
6.69681
6.69117
6.68613
6.68173
6.67801
6.67502
6.67279
6.67137
6.6708
6.67111
6.67235
6.67456
6.67777
6.68204
6.6874
6.69387
6.70147
6.71022
6.7201
6.73107
6.74307
6.75597
6.76956
6.78355
6.79747
6.8107
6.8223
6.83175
6.8383
-0.159329
-0.439736
-0.622542
-0.714419
-0.713157
-0.588523
-0.345767
-0.0144839
0.388711
0.843497
1.32965
1.82877
2.32485
2.80456
3.25721
3.6748
4.05213
4.38701
4.67986
4.93345
5.15242
5.34207
5.50703
5.65151
5.77999
5.89561
6.00055
6.09579
6.18279
6.2632
6.3372
6.40534
6.46837
6.52632
6.57952
6.62805
6.67188
6.71098
6.74518
6.77453
6.799
6.81877
6.8342
6.84576
6.85404
6.85955
6.86274
6.86398
6.86359
6.8617
6.85851
6.85415
6.84877
6.84253
6.83556
6.82798
6.81991
6.81146
6.80272
6.79379
6.78474
6.77564
6.76657
6.75758
6.74874
6.74011
6.73173
6.72367
6.71596
6.70867
6.70183
6.6955
6.68971
6.68451
6.67995
6.67606
6.67288
6.67046
6.66883
6.66802
6.66809
6.66905
6.67095
6.67382
6.6777
6.68261
6.68859
6.69563
6.70373
6.71287
6.723
6.73404
6.74584
6.75819
6.7708
6.78324
6.79492
6.80505
6.81317
6.81899
-0.176556
-0.498696
-0.651364
-0.726104
-0.710332
-0.569835
-0.317452
0.0193997
0.425273
0.880831
1.36656
1.86464
2.35949
2.83794
3.2893
3.70536
4.08081
4.41345
4.70375
4.95471
5.17131
5.35901
5.52245
5.66587
5.79367
5.9089
6.01374
6.10863
6.195
6.27518
6.34876
6.41631
6.47894
6.53644
6.58927
6.63756
6.68131
6.72049
6.75488
6.78453
6.80928
6.8292
6.84451
6.85566
6.86321
6.8678
6.86997
6.87023
6.86893
6.86624
6.86235
6.8574
6.85152
6.84484
6.83748
6.82956
6.82118
6.81245
6.80346
6.7943
6.78503
6.77573
6.76647
6.7573
6.7483
6.7395
6.73096
6.72275
6.71489
6.70745
6.70046
6.69398
6.68804
6.68269
6.67796
6.6739
6.67054
6.66792
6.66608
6.66505
6.66486
6.66555
6.66714
6.66966
6.67316
6.67764
6.68313
6.68962
6.6971
6.70554
6.71487
6.725
6.73578
6.747
6.75837
6.7695
6.77986
6.78877
6.79584
6.80109
-0.172577
-0.533882
-0.622495
-0.671087
-0.640744
-0.491617
-0.241429
0.0911016
0.490738
0.939021
1.41725
1.90824
2.39683
2.87001
3.31694
3.72916
4.10116
4.43075
4.71824
4.96672
5.18167
5.36846
5.53125
5.67458
5.80303
5.91902
6.02437
6.11988
6.20689
6.28765
6.36116
6.42832
6.49076
6.54779
6.60016
6.64814
6.69167
6.73078
6.76514
6.79499
6.81996
6.84006
6.85538
6.86623
6.87315
6.87683
6.87791
6.87707
6.87473
6.87111
6.8664
6.86076
6.8543
6.84712
6.83934
6.83104
6.82234
6.81332
6.80407
6.79466
6.78516
6.77566
6.7662
6.75685
6.74767
6.73871
6.73001
6.72164
6.71363
6.70604
6.69891
6.69227
6.68618
6.68067
6.67578
6.67154
6.668
6.66519
6.66314
6.66188
6.66145
6.66186
6.66315
6.66534
6.66845
6.67252
6.67754
6.6835
6.69038
6.69814
6.70671
6.71599
6.72582
6.73601
6.74628
6.75626
6.7655
6.77339
6.77962
6.78442
-0.00204415
-0.44628
-0.514287
-0.53577
-0.502898
-0.36623
-0.130064
0.188507
0.573315
1.00675
1.47101
1.94958
2.42761
2.89215
3.33214
3.73873
4.10629
4.43253
4.71719
4.96356
5.17806
5.36579
5.52998
5.67569
5.80713
5.92584
6.03329
6.13059
6.21903
6.30032
6.37419
6.44191
6.50415
6.56039
6.61233
6.65999
6.70313
6.74199
6.77608
6.80598
6.83107
6.85129
6.86664
6.87729
6.88369
6.88649
6.88648
6.88447
6.88097
6.87628
6.87065
6.86421
6.85709
6.84936
6.84112
6.83243
6.82338
6.81405
6.80452
6.79486
6.78514
6.77542
6.76577
6.75623
6.74688
6.73774
6.72889
6.72036
6.7122
6.70446
6.69717
6.69039
6.68414
6.67847
6.67342
6.66901
6.66529
6.66229
6.66003
6.65855
6.65787
6.65802
6.65901
6.66086
6.66361
6.66726
6.67182
6.67726
6.68357
6.69068
6.69853
6.70701
6.71598
6.72523
6.7345
6.74347
6.75174
6.7588
6.76439
6.76879
0.65768
0.191662
-0.0327248
-0.146503
-0.183158
-0.113916
0.0629345
0.33175
0.674843
1.0738
1.51006
1.96626
2.4268
2.87802
3.30805
3.70737
4.07044
4.39497
4.67918
4.92728
5.1469
5.34212
5.51588
5.67072
5.80818
5.93101
6.04157
6.14141
6.23187
6.31427
6.38901
6.45714
6.5193
6.57626
6.62894
6.67569
6.71758
6.75547
6.78897
6.81884
6.84392
6.86417
6.87959
6.89015
6.89613
6.89809
6.89696
6.89365
6.88871
6.88266
6.87582
6.86836
6.86038
6.85196
6.84313
6.83395
6.82448
6.81478
6.80492
6.79497
6.78497
6.775
6.76511
6.75536
6.74579
6.73645
6.72741
6.71869
6.71035
6.70243
6.69496
6.688
6.68157
6.67572
6.67047
6.66587
6.66194
6.65871
6.65621
6.65447
6.65351
6.65335
6.65401
6.65549
6.65782
6.66101
6.66506
6.66993
6.6756
6.682
6.68908
6.69671
6.70475
6.71302
6.72127
6.72923
6.73655
6.7428
6.74783
6.75176
0.306386
0.0566181
-0.106406
-0.149639
-0.114411
-0.00218682
0.189241
0.451683
0.773329
1.1417
1.54391
1.96705
2.39857
2.82604
3.23667
3.61998
3.97318
4.29629
4.58999
4.85523
5.09104
5.29904
5.48326
5.64666
5.79182
5.92154
6.03808
6.14308
6.23791
6.32377
6.40136
6.47158
6.53515
6.59276
6.64498
6.69162
6.7344
6.77223
6.80532
6.83451
6.85879
6.87884
6.89434
6.9049
6.91059
6.9119
6.90974
6.90494
6.89826
6.89048
6.88206
6.87325
6.86416
6.85482
6.84525
6.83546
6.82547
6.81533
6.80508
6.79478
6.78447
6.77421
6.76405
6.75404
6.74423
6.73467
6.7254
6.71647
6.70792
6.6998
6.69213
6.68497
6.67834
6.67227
6.66681
6.66199
6.65782
6.65435
6.65158
6.64956
6.64829
6.64779
6.64808
6.64916
6.65105
6.65374
6.65724
6.6615
6.66649
6.67216
6.67843
6.68519
6.69231
6.69961
6.70688
6.71388
6.72031
6.72583
6.73032
6.73396
0.196937
0.114094
0.0334973
0.014843
0.0535242
0.14973
0.30916
0.530648
0.807191
1.1293
1.48643
1.86766
2.26227
2.66075
3.05578
3.44165
3.81003
4.15227
4.46486
4.74581
4.99484
5.21492
5.41048
5.58516
5.74182
5.88272
6.00962
6.1239
6.22682
6.31951
6.40284
6.47771
6.54489
6.6051
6.65896
6.70687
6.7499
6.7879
6.82152
6.85004
6.87392
6.89391
6.90918
6.9195
6.925
6.92599
6.92294
6.91665
6.90821
6.8986
6.88847
6.87817
6.86783
6.85748
6.8471
6.83664
6.82611
6.81551
6.80486
6.79421
6.78358
6.77304
6.76261
6.75235
6.74231
6.73253
6.72305
6.71392
6.70517
6.69685
6.68899
6.68164
6.67481
6.66855
6.66289
6.65785
6.65346
6.64975
6.64673
6.64444
6.64287
6.64206
6.642
6.64269
6.64415
6.64638
6.64935
6.65305
6.65742
6.66242
6.66796
6.67395
6.68025
6.68672
6.69315
6.69935
6.70506
6.71
6.71409
6.71756
0.138169
0.102668
0.0575206
0.0517821
0.0987245
0.199554
0.355829
0.56563
0.822786
1.11896
1.44521
1.79264
2.15331
2.52039
2.8877
3.24895
3.5977
3.92967
4.24271
4.53462
4.80324
5.04756
5.26789
5.46558
5.64278
5.80193
5.94518
6.07415
6.19009
6.29409
6.38709
6.47004
6.5438
6.60919
6.66698
6.71781
6.76256
6.8016
6.8356
6.86497
6.88937
6.90871
6.92363
6.93372
6.93908
6.9397
6.93583
6.92829
6.91825
6.90684
6.89495
6.88307
6.87141
6.85998
6.84873
6.83758
6.82648
6.8154
6.80435
6.79335
6.78241
6.77158
6.76089
6.75039
6.74012
6.73012
6.72044
6.71111
6.70217
6.69366
6.68561
6.67807
6.67106
6.66461
6.65875
6.6535
6.6489
6.64496
6.6417
6.63914
6.6373
6.63618
6.63579
6.63612
6.63717
6.63895
6.64145
6.64462
6.64843
6.65281
6.6577
6.663
6.66859
6.67433
6.68006
6.68559
6.69072
6.69521
6.69899
6.70237
0.103293
0.0915275
0.0797234
0.0967358
0.155868
0.259316
0.407601
0.599655
0.831735
1.09827
1.39273
1.70834
2.03842
2.37624
2.71582
3.05209
3.38053
3.69773
4.00159
4.2908
4.56433
4.82135
5.06101
5.2824
5.48492
5.66879
5.83493
5.98461
6.11912
6.23958
6.34697
6.44225
6.52636
6.60023
6.66478
6.72086
6.76939
6.81108
6.84668
6.87688
6.90186
6.92236
6.93737
6.947
6.95196
6.95219
6.94775
6.93929
6.92789
6.91486
6.90127
6.88782
6.87481
6.86227
6.85012
6.83825
6.82657
6.81501
6.80356
6.7922
6.78095
6.76984
6.7589
6.74816
6.73767
6.72746
6.71757
6.70805
6.69892
6.69023
6.68201
6.67429
6.66709
6.66046
6.65441
6.64897
6.64416
6.64001
6.63652
6.63371
6.6316
6.63019
6.62948
6.62947
6.63014
6.63152
6.63356
6.63625
6.63954
6.64337
6.64768
6.65237
6.65734
6.66246
6.66759
6.67257
6.67723
6.68136
6.6849
6.68826
0.0756254
0.0751209
0.0816009
0.110877
0.173612
0.273526
0.411731
0.587788
0.799246
1.042
1.31083
1.59995
1.90333
2.21535
2.53091
2.84576
3.15633
3.4598
3.7541
4.0378
4.31011
4.57067
4.81922
5.05512
5.27727
5.48439
5.67538
5.84973
6.00755
6.14938
6.27598
6.38819
6.48693
6.57315
6.64788
6.71215
6.76702
6.81344
6.85238
6.88468
6.91096
6.93207
6.94832
6.95861
6.96314
6.96301
6.95815
6.94903
6.93663
6.92224
6.90714
6.89222
6.8779
6.86427
6.85124
6.83865
6.82638
6.81434
6.80248
6.79077
6.77921
6.76783
6.75663
6.74567
6.73496
6.72455
6.71447
6.70476
6.69546
6.68659
6.6782
6.6703
6.66294
6.65613
6.6499
6.64428
6.63928
6.63491
6.63121
6.62816
6.6258
6.62411
6.62312
6.62278
6.6231
6.62409
6.62573
6.62797
6.63079
6.63412
6.63791
6.64206
6.64649
6.65108
6.6557
6.66022
6.6645
6.66836
6.67174
6.67509
0.0476355
0.0529991
0.0702797
0.108197
0.174126
0.271608
0.401756
0.564288
0.757454
0.978074
1.22212
1.48507
1.76227
2.04919
2.34161
2.63575
2.92837
3.21706
3.50027
3.7768
4.04574
4.30656
4.55907
4.80299
5.03758
5.26163
5.47347
5.67137
5.85384
6.02002
6.16964
6.30294
6.4205
6.52312
6.6118
6.68764
6.75183
6.80554
6.84994
6.88614
6.91508
6.93771
6.95479
6.96636
6.97198
6.97174
6.96654
6.95698
6.94388
6.92849
6.91218
6.89601
6.88053
6.86591
6.85204
6.83876
6.82592
6.81341
6.80114
6.78908
6.77721
6.76555
6.75412
6.74292
6.73201
6.7214
6.71114
6.70126
6.69178
6.68275
6.6742
6.66614
6.65862
6.65165
6.64525
6.63945
6.63426
6.62971
6.62579
6.62253
6.61993
6.61799
6.61671
6.61608
6.61607
6.61671
6.61796
6.6198
6.62219
6.62508
6.6284
6.63208
6.63604
6.64017
6.64436
6.64851
6.65248
6.65613
6.65939
6.66278
0.0152104
0.0235782
0.0466837
0.0892511
0.155719
0.248761
0.369434
0.51774
0.692604
0.891861
1.11258
1.35134
1.60448
1.86831
2.13928
2.41415
2.69013
2.96501
3.23729
3.50607
3.77067
4.03043
4.28488
4.53373
4.77654
5.01242
5.23996
5.45722
5.66204
5.85235
6.02654
6.18367
6.32346
6.44618
6.55252
6.64346
6.72021
6.78409
6.83647
6.87869
6.91201
6.9376
6.95645
6.96925
6.9764
6.97743
6.97244
6.96262
6.94911
6.93311
6.91599
6.8989
6.88252
6.86708
6.85249
6.83859
6.82521
6.81222
6.79955
6.78714
6.77497
6.76304
6.75136
6.73995
6.72883
6.71804
6.7076
6.69755
6.68792
6.67873
6.67003
6.66182
6.65414
6.64702
6.64046
6.6345
6.62914
6.62441
6.6203
6.61683
6.61401
6.61183
6.6103
6.60938
6.60907
6.60938
6.61029
6.61176
6.61376
6.61625
6.61916
6.62243
6.62598
6.62972
6.63355
6.63739
6.64111
6.6446
6.6478
6.65123
-0.0237678
-0.0140115
0.0118843
0.0565141
0.122019
0.209879
0.320962
0.455581
0.613218
0.792462
0.991246
1.20707
1.43718
1.67866
1.92869
2.18459
2.44404
2.70509
2.96631
3.22674
3.48586
3.7432
3.9982
4.25026
4.49889
4.74344
4.98282
5.21536
5.43886
5.65079
5.84864
6.03027
6.19421
6.33976
6.46692
6.57628
6.66884
6.74591
6.809
6.85965
6.89939
6.92967
6.95177
6.96674
6.97544
6.9783
6.9748
6.96547
6.95184
6.93558
6.91811
6.90056
6.88365
6.86767
6.85254
6.83812
6.82425
6.81083
6.79776
6.78499
6.77252
6.76031
6.74839
6.73676
6.72544
6.71447
6.70387
6.69366
6.68387
6.67455
6.6657
6.65735
6.64954
6.64227
6.63557
6.62945
6.62394
6.61903
6.61475
6.61109
6.60806
6.60566
6.60389
6.60272
6.60213
6.60214
6.60272
6.60386
6.60551
6.60764
6.61019
6.61309
6.61629
6.6197
6.62324
6.62681
6.63035
6.63372
6.63687
6.64037
-0.0702882
-0.0602241
-0.033491
0.0115965
0.0750928
0.156956
0.257845
0.37849
0.518898
0.678316
0.855492
1.04883
1.25643
1.47614
1.70575
1.94314
2.18641
2.43389
2.68424
2.93646
3.18986
3.44404
3.6986
3.95289
4.20614
4.4576
4.70642
4.95126
5.19018
5.42069
5.63989
5.84492
6.03323
6.20299
6.35319
6.48367
6.59497
6.68818
6.76476
6.82639
6.87482
6.91176
6.93881
6.95736
6.96858
6.97337
6.97213
6.9645
6.95159
6.93544
6.91813
6.90065
6.88371
6.86756
6.85215
6.83737
6.82309
6.80925
6.79579
6.78267
6.76988
6.75739
6.74522
6.73337
6.72186
6.71071
6.69995
6.68959
6.67967
6.67021
6.66123
6.65276
6.64481
6.63741
6.63058
6.62433
6.61867
6.61361
6.60916
6.60532
6.6021
6.5995
6.5975
6.59611
6.59527
6.59499
6.59528
6.59611
6.59745
6.59926
6.60149
6.60408
6.60697
6.6101
6.61338
6.61675
6.62013
6.62342
6.62656
6.63014
-0.124584
-0.115247
-0.088976
-0.043937
0.0171879
0.0924482
0.182656
0.289205
0.412567
0.552504
0.708491
0.879757
1.06519
1.26334
1.47256
1.69128
1.91805
2.15157
2.39068
2.63436
2.8818
3.13242
3.38579
3.64139
3.8984
4.15586
4.41278
4.66805
4.92005
5.16651
5.40457
5.63101
5.84262
6.0366
6.21088
6.3643
6.49666
6.60857
6.70127
6.77642
6.83591
6.88167
6.91558
6.93935
6.95448
6.96219
6.96339
6.95849
6.9475
6.93227
6.91569
6.8989
6.88249
6.86666
6.85131
6.83636
6.82178
6.80757
6.79372
6.78023
6.7671
6.75432
6.74189
6.72982
6.71811
6.70679
6.69587
6.68537
6.67532
6.66573
6.65664
6.64805
6.63999
6.63247
6.62552
6.61914
6.61335
6.60815
6.60355
6.59956
6.59616
6.59337
6.59117
6.58956
6.58848
6.58795
6.58797
6.58852
6.58958
6.59111
6.59305
6.59537
6.598
6.60089
6.60396
6.60716
6.61043
6.61366
6.61681
6.62048
-0.186222
-0.179421
-0.154567
-0.108639
-0.0495744
0.0182062
0.0965197
0.18785
0.293156
0.412739
0.546873
0.695677
0.858835
1.03547
1.22441
1.42459
1.63498
1.85463
2.08256
2.31777
2.55936
2.8065
3.05857
3.31501
3.57511
3.83792
4.10226
4.36696
4.63061
4.89122
5.14607
5.39192
5.62522
5.84251
6.04082
6.21799
6.3729
6.50549
6.61656
6.70759
6.78048
6.83729
6.88012
6.91097
6.93165
6.94368
6.94831
6.94656
6.93842
6.92572
6.9106
6.89515
6.87991
6.86494
6.85004
6.83515
6.82039
6.80584
6.7916
6.77773
6.76423
6.75114
6.73843
6.72612
6.71422
6.70272
6.69165
6.68102
6.67084
6.66114
6.65194
6.64325
6.63508
6.62747
6.62041
6.61391
6.608
6.60268
6.59794
6.5938
6.59025
6.58729
6.5849
6.58309
6.5818
6.58102
6.5808
6.58111
6.58191
6.58319
6.58489
6.58697
6.58937
6.59206
6.59496
6.59803
6.6012
6.6044
6.60758
6.61133
-0.253616
-0.253662
-0.230255
-0.180515
-0.122286
-0.0616572
0.00542225
0.0822685
0.169861
0.268932
0.380627
0.506076
0.64586
0.799615
0.966697
1.14664
1.33904
1.5434
1.75904
1.98503
2.22036
2.46397
2.71492
2.97233
3.23543
3.50331
3.77478
4.04853
4.32312
4.59672
4.86686
5.13039
5.38369
5.62293
5.84449
6.04534
6.22347
6.37801
6.50918
6.61812
6.70657
6.7766
6.83046
6.87036
6.89839
6.91637
6.92584
6.92811
6.924
6.91463
6.90243
6.8891
6.87569
6.86226
6.84829
6.83376
6.81897
6.80413
6.7895
6.77521
6.76132
6.74787
6.73487
6.72231
6.71019
6.69852
6.6873
6.67653
6.66625
6.65645
6.64715
6.63836
6.63011
6.6224
6.61524
6.60865
6.60264
6.5972
6.59234
6.58807
6.58438
6.58126
6.57871
6.57672
6.57522
6.57422
6.57377
6.57385
6.57443
6.57548
6.57696
6.57884
6.58106
6.58357
6.58633
6.58929
6.59239
6.59558
6.59879
6.60264
-0.323529
-0.344873
-0.315683
-0.256371
-0.203027
-0.155721
-0.104297
-0.0449379
0.0227818
0.0999484
0.188608
0.290974
0.408522
0.540813
0.687387
0.848252
1.02346
1.21296
1.41638
1.63292
1.86159
2.10134
2.35102
2.6095
2.87572
3.14872
3.42742
3.71056
3.99655
4.28339
4.56854
4.84899
5.12117
5.38114
5.62484
5.84862
6.04968
6.22637
6.37827
6.50608
6.61134
6.69611
6.76273
6.8136
6.851
6.87697
6.89325
6.90133
6.90244
6.89796
6.8897
6.87981
6.86914
6.85817
6.84589
6.83213
6.81751
6.80246
6.78743
6.77269
6.75837
6.74453
6.7312
6.71836
6.70602
6.69417
6.6828
6.67191
6.66152
6.65163
6.64225
6.63339
6.62506
6.61727
6.61003
6.60336
6.59725
6.59171
6.58675
6.58237
6.57855
6.5753
6.57261
6.57045
6.56874
6.56751
6.56685
6.56673
6.56711
6.56797
6.56926
6.57096
6.57302
6.57539
6.57803
6.5809
6.58396
6.58714
6.5904
6.59432
-0.375125
-0.474942
-0.414541
-0.318227
-0.259497
-0.221816
-0.184305
-0.142644
-0.0970071
-0.0455613
0.0150661
0.0887165
0.178473
0.283416
0.403796
0.540725
0.69508
0.867547
1.05797
1.26521
1.48785
1.72442
1.97335
2.23308
2.50228
2.77979
3.06455
3.35551
3.65134
3.95005
4.24901
4.54511
4.83479
5.11391
5.37805
5.62295
5.84513
6.04245
6.21425
6.36119
6.48483
6.58715
6.67027
6.7363
6.78729
6.82516
6.85169
6.86852
6.87715
6.87921
6.87653
6.87099
6.86362
6.85549
6.84487
6.83161
6.81697
6.80152
6.78593
6.77058
6.75569
6.74137
6.72763
6.71448
6.70188
6.68982
6.67829
6.66728
6.65679
6.64681
6.63736
6.62843
6.62003
6.61218
6.60488
6.59813
6.59194
6.58632
6.58127
6.57678
6.57285
6.56948
6.56666
6.56435
6.56245
6.56102
6.56019
6.5599
6.56012
6.56083
6.56198
6.56355
6.5655
6.56779
6.57037
6.57322
6.57629
6.57954
6.58293
6.58691
-0.41148
-0.821001
-0.739265
-0.603705
-0.547573
-0.528347
-0.512025
-0.495648
-0.481644
-0.467774
-0.447984
-0.411052
-0.356567
-0.290989
-0.214612
-0.125364
-0.0208346
0.103165
0.249749
0.41997
0.614512
0.833018
1.0738
1.33474
1.61386
1.90918
2.21847
2.53915
2.86834
3.20309
3.54042
3.87724
4.21026
4.53602
4.85099
5.15166
5.43461
5.69655
5.93434
6.14531
6.32757
6.48046
6.60468
6.70221
6.77594
6.82928
6.86574
6.88865
6.90102
6.90549
6.90418
6.89871
6.89015
6.8774
6.86024
6.84151
6.82324
6.80493
6.78692
6.76949
6.75284
6.73705
6.72211
6.70799
6.69464
6.68199
6.66999
6.65861
6.64781
6.63757
6.62788
6.61874
6.61015
6.6021
6.59459
6.58764
6.58124
6.57539
6.5701
6.56536
6.56117
6.55752
6.55441
6.55183
6.54975
6.54809
6.54689
6.54627
6.54618
6.5466
6.54748
6.54882
6.55056
6.55269
6.55517
6.55796
6.56106
6.5644
6.56793
6.57151
-0.233821
-0.470851
-0.437117
-0.374531
-0.35044
-0.342133
-0.333749
-0.325441
-0.320412
-0.320768
-0.329127
-0.352002
-0.382364
-0.40049
-0.399494
-0.379921
-0.337383
-0.269573
-0.183816
-0.0848141
0.0313499
0.171088
0.337462
0.53259
0.757342
1.01102
1.29194
1.59789
1.92629
2.27411
2.63792
3.01388
3.39774
3.78476
4.16967
4.54664
4.9094
5.25155
5.56703
5.8507
6.09887
6.30962
6.48296
6.62064
6.72579
6.80244
6.85502
6.88795
6.9054
6.91114
6.90849
6.90024
6.88857
6.87465
6.85927
6.84254
6.8231
6.80205
6.78188
6.76246
6.74391
6.72637
6.70992
6.69452
6.68013
6.66664
6.65399
6.64209
6.63089
6.62032
6.61037
6.601
6.5922
6.58395
6.57626
6.56912
6.56252
6.55647
6.55097
6.54602
6.54162
6.53777
6.53446
6.5317
6.52949
6.52776
6.52642
6.52552
6.52515
6.52529
6.52592
6.52701
6.52856
6.53054
6.53292
6.5357
6.53885
6.54236
6.54614
6.55002
-0.227145
-0.467859
-0.460104
-0.416606
-0.401527
-0.398227
-0.393569
-0.387199
-0.380968
-0.375084
-0.368799
-0.361134
-0.35044
-0.337445
-0.325328
-0.318333
-0.322969
-0.337929
-0.346451
-0.330025
-0.282037
-0.209232
-0.118044
-0.00447661
0.137157
0.310649
0.517934
0.759354
1.0339
1.3395
1.67316
2.03106
2.40864
2.80065
3.2013
3.60427
4.00294
4.39057
4.76053
5.10669
5.4238
5.70776
5.95598
6.16751
6.34298
6.48447
6.59508
6.67859
6.73903
6.78036
6.80629
6.82015
6.82481
6.82265
6.81556
6.80492
6.79151
6.77636
6.7592
6.74092
6.72326
6.70625
6.69006
6.67479
6.66046
6.64705
6.6345
6.62274
6.61171
6.60134
6.5916
6.58244
6.57383
6.56578
6.55825
6.55124
6.54476
6.5388
6.53335
6.52842
6.52401
6.52013
6.51677
6.51393
6.51163
6.50985
6.50849
6.50748
6.50696
6.50696
6.50747
6.50848
6.50998
6.51195
6.51438
6.51727
6.5206
6.52436
6.52848
6.53277
-0.197764
-0.404189
-0.394298
-0.356165
-0.345334
-0.345802
-0.345052
-0.34259
-0.340226
-0.338442
-0.337037
-0.33579
-0.334379
-0.332244
-0.328697
-0.323222
-0.315494
-0.304697
-0.291909
-0.283084
-0.283192
-0.282797
-0.262735
-0.214925
-0.141305
-0.0415376
0.0888144
0.254268
0.457454
0.699063
0.97811
1.29213
1.63736
2.00892
2.401
2.80714
3.22035
3.63336
4.0388
4.42948
4.79864
5.1403
5.44963
5.72329
5.95961
6.15865
6.32199
6.45246
6.55362
6.62942
6.68385
6.72071
6.74349
6.75524
6.75863
6.75585
6.74866
6.7384
6.72594
6.71224
6.69732
6.68194
6.66721
6.65309
6.63964
6.62692
6.61494
6.60367
6.59307
6.5831
6.57371
6.56487
6.55656
6.54876
6.54145
6.53464
6.52832
6.52248
6.51713
6.51228
6.50791
6.50405
6.50069
6.49784
6.4955
6.49368
6.49238
6.49143
6.49084
6.49078
6.49125
6.49225
6.49377
6.49579
6.49832
6.50134
6.50485
6.50886
6.51329
6.51789
-0.183517
-0.3767
-0.371432
-0.340772
-0.335552
-0.340494
-0.343757
-0.344818
-0.345276
-0.345445
-0.344998
-0.343663
-0.341294
-0.337833
-0.333353
-0.32807
-0.322244
-0.315968
-0.309018
-0.300878
-0.2905
-0.277747
-0.266473
-0.255257
-0.233599
-0.190577
-0.120474
-0.0194797
0.117246
0.294065
0.513311
0.775017
1.07714
1.41585
1.78582
2.18055
2.59276
3.01459
3.43796
3.85474
4.25709
4.63776
4.99039
5.30995
5.59302
5.83797
6.04499
6.21581
6.35332
6.46113
6.5432
6.60347
6.64572
6.6734
6.68958
6.69692
6.69766
6.69363
6.68627
6.6767
6.66564
6.65383
6.6415
6.62923
6.61745
6.60611
6.59528
6.58496
6.57517
6.56589
6.55709
6.54877
6.54091
6.5335
6.52653
6.52001
6.51393
6.5083
6.50312
6.4984
6.49414
6.49036
6.48705
6.48422
6.48189
6.48007
6.47876
6.47794
6.47749
6.47741
6.47789
6.47892
6.48049
6.48261
6.48526
6.48845
6.49218
6.49646
6.5012
6.50614
-0.165931
-0.34066
-0.336458
-0.310506
-0.308556
-0.316242
-0.322567
-0.326966
-0.33079
-0.334232
-0.336967
-0.338762
-0.339505
-0.339115
-0.337527
-0.334709
-0.330668
-0.325459
-0.319198
-0.312082
-0.304227
-0.295542
-0.285348
-0.272114
-0.255851
-0.235224
-0.203153
-0.149571
-0.0655658
0.0561515
0.221172
0.432633
0.690835
0.99342
1.33582
1.71176
2.1138
2.53371
2.96284
3.39246
3.81398
4.21926
4.60095
4.9528
5.27008
5.54985
5.79107
5.99449
6.16226
6.29756
6.40408
6.48573
6.54634
6.58955
6.61865
6.63657
6.64585
6.64867
6.64678
6.64164
6.63431
6.62562
6.61618
6.60642
6.59651
6.58676
6.57738
6.56832
6.55957
6.55116
6.54309
6.53539
6.52804
6.52106
6.51445
6.50823
6.5024
6.49697
6.49195
6.48736
6.4832
6.47948
6.47623
6.47344
6.47113
6.46931
6.468
6.4672
6.46684
6.46686
6.46737
6.46845
6.4701
6.47232
6.4751
6.47846
6.4824
6.48692
6.49196
6.49719
-0.146896
-0.303628
-0.303071
-0.284937
-0.289162
-0.301943
-0.313289
-0.322755
-0.33142
-0.339284
-0.345959
-0.351187
-0.35484
-0.356855
-0.357217
-0.355957
-0.353137
-0.348837
-0.343124
-0.336311
-0.328751
-0.320448
-0.311368
-0.301183
-0.288565
-0.271687
-0.248594
-0.214804
-0.16152
-0.0774501
0.0477323
0.220894
0.444811
0.718536
1.03813
1.39744
1.78883
2.20377
2.63324
3.06807
3.49927
3.91821
4.31693
4.68853
5.02745
5.32992
5.59408
5.81997
6.00922
6.16457
6.28945
6.38759
6.46278
6.51864
6.55855
6.58556
6.60236
6.61131
6.61438
6.61322
6.60914
6.60315
6.59599
6.58815
6.58003
6.57189
6.56379
6.55578
6.54796
6.54036
6.533
6.52587
6.519
6.51241
6.50612
6.50014
6.4945
6.48922
6.48431
6.47979
6.47568
6.472
6.46875
6.46596
6.46364
6.4618
6.46045
6.45964
6.45934
6.45945
6.46
6.46112
6.46285
6.46517
6.46809
6.4716
6.47573
6.48049
6.4858
6.49131
-0.121278
-0.257293
-0.263048
-0.255868
-0.267979
-0.286677
-0.303924
-0.31942
-0.333702
-0.346524
-0.357489
-0.366371
-0.373067
-0.377541
-0.379787
-0.379824
-0.377677
-0.373949
-0.369285
-0.36349
-0.356431
-0.348301
-0.339202
-0.32906
-0.317425
-0.303169
-0.284238
-0.25728
-0.216319
-0.151044
-0.0479003
0.104301
0.310555
0.570343
0.879475
1.23139
1.61806
2.0306
2.45975
2.89621
3.33084
3.75495
4.16049
4.54036
4.88879
5.20172
5.477
5.71437
5.91509
6.08166
6.21726
6.32544
6.4098
6.47387
6.52097
6.55416
6.57616
6.58938
6.59592
6.59751
6.5956
6.59133
6.58557
6.57893
6.57184
6.56454
6.55717
6.54986
6.54266
6.53559
6.52865
6.52186
6.51525
6.50885
6.50269
6.49679
6.49119
6.4859
6.48096
6.47639
6.47222
6.46845
6.46512
6.46224
6.45982
6.45789
6.45647
6.45557
6.45521
6.45533
6.45593
6.45709
6.45887
6.46127
6.46429
6.46794
6.47224
6.4772
6.48274
6.48851
-0.0892843
-0.204225
-0.221305
-0.230199
-0.252704
-0.27876
-0.302903
-0.324741
-0.344373
-0.361548
-0.376025
-0.387686
-0.39648
-0.402351
-0.405302
-0.405971
-0.405358
-0.403291
-0.399305
-0.393612
-0.386469
-0.378086
-0.368609
-0.358082
-0.346307
-0.332525
-0.315217
-0.290895
-0.25234
-0.187768
-0.0828369
0.0736818
0.285853
0.551977
0.866904
1.22342
1.61315
2.02711
2.45613
2.89111
3.3232
3.74403
4.14593
4.52224
4.86762
5.17846
5.45299
5.69096
5.89308
6.06174
6.19999
6.31116
6.39857
6.4656
6.51541
6.55098
6.57498
6.58981
6.59754
6.59997
6.59858
6.59458
6.5889
6.58223
6.57505
6.56767
6.56025
6.5529
6.54565
6.53852
6.53151
6.52464
6.51793
6.51139
6.50507
6.49899
6.49319
6.48769
6.48252
6.47773
6.47332
6.46932
6.46577
6.46268
6.46007
6.45796
6.45636
6.4553
6.4548
6.45487
6.45547
6.45664
6.45844
6.4609
6.46401
6.46778
6.47223
6.47736
6.48311
6.48912
-0.0531162
-0.143038
-0.179586
-0.208098
-0.24074
-0.273175
-0.30289
-0.329495
-0.352932
-0.373083
-0.389849
-0.403145
-0.41285
-0.418986
-0.422954
-0.425542
-0.425923
-0.423922
-0.41984
-0.413996
-0.40663
-0.397881
-0.387712
-0.375876
-0.361938
-0.344737
-0.322287
-0.291312
-0.244067
-0.166228
-0.0420881
0.137255
0.372409
0.659217
0.991199
1.36058
1.75886
2.17724
2.60685
3.03895
3.46512
3.87745
4.26881
4.63315
4.96588
5.26403
5.52652
5.75401
5.9477
6.10966
6.24296
6.35076
6.43544
6.50023
6.54815
6.58204
6.60448
6.6178
6.62405
6.62497
6.62205
6.6165
6.60928
6.60111
6.59249
6.58377
6.57514
6.56671
6.5585
6.55053
6.54278
6.53524
6.52792
6.52082
6.51396
6.50737
6.50107
6.49509
6.48946
6.48422
6.47939
6.475
6.47107
6.46763
6.46469
6.46229
6.46042
6.45913
6.45842
6.45831
6.45882
6.45997
6.46179
6.46429
6.46747
6.47135
6.47593
6.48122
6.48716
6.4934
-0.0286957
-0.0884209
-0.139757
-0.183168
-0.223174
-0.259937
-0.293221
-0.322903
-0.348769
-0.370718
-0.388566
-0.402198
-0.412242
-0.420378
-0.426433
-0.429311
-0.429267
-0.426617
-0.42156
-0.414178
-0.404429
-0.392098
-0.376721
-0.357538
-0.333561
-0.303532
-0.26474
-0.211371
-0.133323
-0.0178041
0.145685
0.361221
0.627097
0.938375
1.28839
1.66949
2.07351
2.49208
2.91684
3.33961
3.75259
4.14855
4.52112
4.86513
5.17685
5.45418
5.69649
5.90476
6.08127
6.22826
6.34852
6.44549
6.52187
6.57998
6.62189
6.65027
6.66768
6.67638
6.67833
6.67525
6.66857
6.65948
6.64892
6.63761
6.62606
6.61462
6.60351
6.59283
6.58261
6.57284
6.5635
6.55455
6.54598
6.53775
6.52987
6.52234
6.51518
6.5084
6.50204
6.49611
6.49064
6.48565
6.48117
6.47722
6.47382
6.47099
6.46876
6.46713
6.46612
6.46577
6.46613
6.46723
6.46904
6.47157
6.47481
6.47878
6.48349
6.48894
6.49507
6.50155
-0.0303405
-0.0771123
-0.122308
-0.165215
-0.205252
-0.24214
-0.275547
-0.305157
-0.3306
-0.35136
-0.367116
-0.379845
-0.39098
-0.398992
-0.402966
-0.403114
-0.399636
-0.392597
-0.381968
-0.367628
-0.349333
-0.326661
-0.298879
-0.264678
-0.221802
-0.166683
-0.0941937
0.00226683
0.130304
0.29723
0.507866
0.763046
1.0601
1.3941
1.75874
2.14687
2.55089
2.96305
3.37563
3.78118
4.17267
4.54382
4.88927
5.20494
5.48817
5.73779
5.95389
6.13775
6.29159
6.41785
6.51914
6.59837
6.65918
6.70473
6.73674
6.75613
6.76525
6.76634
6.76132
6.75179
6.73914
6.7245
6.70877
6.69263
6.67661
6.66103
6.64611
6.63195
6.61859
6.60599
6.59413
6.58294
6.57236
6.56236
6.5529
6.54397
6.53554
6.52762
6.52022
6.51335
6.50702
6.50125
6.49606
6.49147
6.48749
6.48415
6.48145
6.47941
6.47805
6.47743
6.47765
6.47868
6.48046
6.48298
6.48627
6.49031
6.49512
6.50071
6.50701
6.5137
-0.0337691
-0.0753896
-0.110861
-0.146199
-0.179774
-0.210416
-0.237189
-0.259321
-0.277686
-0.294404
-0.310078
-0.322466
-0.329877
-0.332563
-0.330677
-0.324256
-0.313234
-0.297423
-0.276466
-0.249769
-0.216406
-0.175026
-0.12376
-0.0601522
0.0188787
0.117034
0.238552
0.387956
0.569575
0.786767
1.04097
1.33116
1.65412
2.00501
2.37792
2.76624
3.16302
3.56119
3.95381
4.33429
4.69662
5.0356
5.34708
5.62815
5.8772
6.09391
6.27901
6.4341
6.56143
6.66348
6.74288
6.80227
6.84443
6.87262
6.89012
6.89726
6.89523
6.8861
6.8717
6.85356
6.83295
6.81092
6.78832
6.76581
6.74385
6.72278
6.70278
6.68397
6.66635
6.64991
6.63458
6.62029
6.60695
6.5945
6.58286
6.572
6.56186
6.55243
6.54368
6.53561
6.52821
6.52149
6.51545
6.51011
6.50546
6.50152
6.4983
6.49581
6.49406
6.49325
6.4934
6.49435
6.49606
6.49856
6.50185
6.50594
6.51082
6.5165
6.52291
6.52977
-0.0291479
-0.0526593
-0.0730214
-0.0949763
-0.117413
-0.139641
-0.161319
-0.18201
-0.200043
-0.213437
-0.221801
-0.225306
-0.223721
-0.216769
-0.204101
-0.185285
-0.159774
-0.126871
-0.0856856
-0.0350961
0.0262901
0.100169
0.188565
0.293819
0.418543
0.565514
0.737502
0.937022
1.16598
1.42524
1.71423
2.03079
2.37128
2.73095
3.10424
3.48508
3.86717
4.24422
4.61016
4.9594
5.28705
5.58908
5.86252
6.10556
6.31753
6.49878
6.65052
6.77458
6.87326
6.94902
7.00444
7.04205
7.06432
7.07429
7.07505
7.06762
7.05232
7.03105
7.00552
6.97712
6.94702
6.91619
6.88539
6.85525
6.82618
6.79849
6.77236
6.74789
6.72508
6.70389
6.68426
6.66608
6.64926
6.63369
6.6193
6.60599
6.59369
6.58235
6.57193
6.56239
6.5537
6.54585
6.53883
6.53263
6.52724
6.52266
6.51888
6.51592
6.51394
6.51302
6.51303
6.51383
6.51545
6.51789
6.52115
6.52523
6.53013
6.53584
6.54231
6.54924
-0.0195498
-0.0332043
-0.0476131
-0.0622504
-0.0759353
-0.0878476
-0.0973435
-0.103945
-0.107117
-0.106139
-0.100274
-0.0888472
-0.0712052
-0.0467041
-0.014669
0.0256412
0.0750686
0.134582
0.205302
0.288513
0.38567
0.498385
0.628402
0.77754
0.947608
1.14029
1.35696
1.59854
1.86522
2.15628
2.46992
2.80326
3.15242
3.51276
3.87908
4.24585
4.60748
4.95848
5.29375
5.60874
5.89963
6.1635
6.39844
6.60351
6.77876
6.92503
7.04383
7.13713
7.20723
7.25657
7.28763
7.30281
7.30452
7.29633
7.28045
7.25738
7.22777
7.1934
7.15582
7.11628
7.07583
7.03538
6.99561
6.95707
6.92017
6.88517
6.85223
6.82144
6.79279
6.76623
6.74168
6.71903
6.69817
6.67897
6.66132
6.64511
6.63025
6.61665
6.60424
6.59296
6.58276
6.57359
6.56544
6.55826
6.55204
6.54676
6.54241
6.5391
6.53695
6.53585
6.5356
6.5362
6.53766
6.53998
6.54315
6.54716
6.552
6.55767
6.56411
6.57105
-0.00596232
-0.00806346
-0.0102451
-0.0118077
-0.01199
-0.0100364
-0.00517068
0.00340337
0.0164849
0.0348508
0.0592578
0.0904656
0.129257
0.176447
0.232902
0.299544
0.377368
0.467445
0.570925
0.689022
0.823006
0.974161
1.14374
1.3329
1.54261
1.77353
2.02595
2.29956
2.59343
2.90586
3.23434
3.57561
3.92572
4.2802
4.63425
4.98293
5.32134
5.64482
5.94916
6.23076
6.48676
6.71513
6.91473
7.08529
7.22729
7.34189
7.43076
7.49592
7.53966
7.56436
7.57239
7.56608
7.54869
7.52364
7.49207
7.45356
7.40976
7.36238
7.31279
7.26211
7.2113
7.16117
7.11235
7.06533
7.02048
6.97803
6.93812
6.90081
6.8661
6.83393
6.8042
6.7768
6.7516
6.72846
6.70726
6.68785
6.67014
6.654
6.63935
6.62611
6.61419
6.60354
6.5941
6.58584
6.5787
6.57266
6.56778
6.56417
6.5617
6.56017
6.55955
6.55986
6.56107
6.56319
6.56619
6.57005
6.57477
6.58033
6.58669
6.59358
0.00677478
0.0177941
0.0294477
0.0424776
0.0575961
0.0755569
0.097133
0.123122
0.154349
0.191665
0.235936
0.288049
0.348909
0.419447
0.500623
0.593425
0.698869
0.817991
0.951831
1.10141
1.26772
1.45163
1.6539
1.87505
2.11536
2.37471
2.65256
2.94785
3.25892
3.58352
3.9188
4.26134
4.60728
4.95239
5.2923
5.62261
5.93904
6.23768
6.51505
6.7683
6.99525
7.19452
7.36546
7.50816
7.62336
7.71234
7.77683
7.81885
7.84063
7.84443
7.83248
7.80794
7.77581
7.73722
7.69093
7.63863
7.58223
7.52322
7.46282
7.40207
7.34185
7.28291
7.22581
7.17099
7.11879
7.06941
7.02298
6.97955
6.93909
6.90155
6.86683
6.83481
6.80535
6.77831
6.75356
6.73094
6.71033
6.6916
6.67465
6.65936
6.64566
6.63346
6.62269
6.61329
6.60521
6.59845
6.59305
6.5889
6.58581
6.58375
6.58269
6.58263
6.58353
6.58538
6.58815
6.59183
6.59637
6.60178
6.60801
6.61482
0.0185523
0.0428799
0.0676127
0.0942424
0.123368
0.155792
0.192365
0.233949
0.281421
0.33568
0.39764
0.468234
0.548413
0.639139
0.741384
0.856121
0.984313
1.1269
1.28475
1.45869
1.64941
1.85745
2.08313
2.32653
2.5874
2.86512
3.15864
3.46642
3.78647
4.11626
4.45281
4.79274
5.13233
5.46764
5.79469
6.10952
6.4084
6.68792
6.94515
7.17774
7.38394
7.56271
7.71365
7.83702
7.93361
8.00471
8.052
8.07744
8.0831
8.07101
8.04399
8.00909
7.96776
7.91733
7.85957
7.79675
7.73055
7.66235
7.59331
7.52442
7.45654
7.39034
7.32635
7.26501
7.20659
7.15131
7.09928
7.05053
7.00506
6.96281
6.92367
6.88753
6.85425
6.8237
6.79572
6.77016
6.74689
6.72577
6.70667
6.68949
6.67412
6.66046
6.64844
6.63797
6.629
6.62152
6.61542
6.61054
6.60681
6.6042
6.60269
6.60225
6.60282
6.60439
6.60692
6.61039
6.61476
6.62001
6.62611
6.63286
0.0271325
0.0603629
0.093713
0.129729
0.168724
0.211431
0.258693
0.31137
0.370345
0.436523
0.510829
0.594202
0.687592
0.791949
0.908219
1.03733
1.18016
1.33755
1.51025
1.69889
1.90397
2.12579
2.36442
2.61965
2.89095
3.17744
3.47781
3.79035
4.11291
4.44294
4.77747
5.11323
5.44669
5.77419
6.09203
6.39659
6.68447
6.95259
7.19834
7.41959
7.61479
7.78301
7.9239
8.03768
8.12509
8.1873
8.22586
8.24251
8.23897
8.21777
8.18614
8.14725
8.09878
8.0411
7.97663
7.90745
7.83518
7.76116
7.68656
7.61238
7.53943
7.46837
7.39972
7.3339
7.27119
7.21178
7.1558
7.10328
7.05422
7.00857
6.96622
6.92708
6.891
6.85784
6.82746
6.79972
6.77445
6.75153
6.73082
6.7122
6.69555
6.68078
6.66778
6.65647
6.6468
6.63864
6.63185
6.62636
6.62213
6.6191
6.61723
6.61647
6.61678
6.61812
6.62046
6.62375
6.62796
6.63307
6.63905
6.64572
0.0324125
0.0702547
0.108036
0.148948
0.193101
0.241192
0.294067
0.352591
0.417653
0.490165
0.57106
0.661281
0.761783
0.873514
0.997411
1.13438
1.28528
1.4509
1.63192
1.82893
2.0423
2.27225
2.51872
2.78138
3.05958
3.35229
3.65811
3.97521
4.30139
4.63401
4.97013
5.30647
5.63955
5.96578
6.28154
6.58332
6.86781
7.13207
7.37354
7.5902
7.78055
7.94369
8.07929
8.18755
8.26918
8.32531
8.35743
8.36709
8.35603
8.32876
8.29313
8.24962
8.19481
8.13099
8.06077
7.98611
7.90858
7.82959
7.7503
7.67169
7.59457
7.51959
7.44727
7.378
7.31204
7.2496
7.19077
7.13559
7.08405
7.03609
6.99161
6.9505
6.91261
6.87779
6.84591
6.81679
6.79029
6.76626
6.74456
6.72506
6.70764
6.69217
6.67856
6.6667
6.6565
6.64784
6.64062
6.63478
6.63024
6.62695
6.62484
6.62389
6.62402
6.62521
6.62742
6.63061
6.63473
6.63977
6.64572
6.65246
7.15258
7.14987
7.1487
7.14784
7.14689
7.1459
7.14492
7.14394
7.14297
7.142
7.14103
7.14006
7.13909
7.13813
7.13717
7.13621
7.13526
7.13431
7.13336
7.13242
7.13148
7.13055
7.12963
7.12871
7.1278
7.1269
7.126
7.12511
7.12422
7.12335
7.12248
7.12162
7.12077
7.11993
7.1191
7.11827
7.11746
7.11665
7.11585
7.11506
7.11428
7.11351
7.11275
7.112
7.11126
7.11052
7.1098
7.10908
7.10837
7.10767
7.10698
7.1063
7.10563
7.10496
7.1043
7.10366
7.10302
7.10238
7.10176
7.10114
7.10054
7.09993
7.09934
7.09875
7.09818
7.0976
7.09704
7.09648
7.09593
7.09538
7.09484
7.09431
7.09379
7.09327
7.09275
7.09224
7.09174
7.09124
7.09075
7.09026
7.08978
7.08931
7.08884
7.08837
7.08791
7.08745
7.087
7.08655
7.08611
7.08567
7.08524
7.08481
7.08439
7.08397
7.08355
7.08314
7.08275
7.08237
7.0819
7.08137
7.06972
7.0652
7.06307
7.06158
7.06002
7.05843
7.05685
7.05529
7.05374
7.05221
7.05069
7.04917
7.04766
7.04617
7.04468
7.04319
7.04172
7.04025
7.03879
7.03733
7.03588
7.03444
7.03301
7.03158
7.03016
7.02874
7.02733
7.02593
7.02454
7.02315
7.02177
7.0204
7.01904
7.01768
7.01633
7.01499
7.01366
7.01233
7.01102
7.00971
7.00841
7.00712
7.00583
7.00455
7.00329
7.00202
7.00077
6.99953
6.99829
6.99706
6.99584
6.99462
6.99342
6.99222
6.99103
6.98984
6.98867
6.98749
6.98633
6.98517
6.98402
6.98288
6.98174
6.98061
6.97949
6.97837
6.97726
6.97615
6.97505
6.97395
6.97286
6.97177
6.97069
6.96962
6.96855
6.96748
6.96642
6.96536
6.9643
6.96325
6.96221
6.96116
6.96012
6.95909
6.95805
6.95702
6.95599
6.95497
6.95395
6.95293
6.95191
6.95089
6.94988
6.94887
6.94786
6.94686
6.94588
6.94486
6.94365
6.94246
7.04649
7.04277
7.04075
7.03923
7.0377
7.03614
7.0346
7.03308
7.03157
7.03007
7.02858
7.0271
7.02562
7.02414
7.02267
7.02119
7.01972
7.01825
7.01677
7.0153
7.01383
7.01235
7.01087
7.00939
7.00791
7.00643
7.00495
7.00347
7.00199
7.00051
6.99903
6.99755
6.99606
6.99458
6.99311
6.99163
6.99015
6.98868
6.98721
6.98574
6.98427
6.98281
6.98135
6.97989
6.97844
6.97699
6.97555
6.9741
6.97267
6.97123
6.9698
6.96838
6.96696
6.96554
6.96413
6.96273
6.96133
6.95993
6.95854
6.95715
6.95577
6.95439
6.95302
6.95166
6.95029
6.94894
6.94759
6.94624
6.9449
6.94356
6.94223
6.9409
6.93958
6.93826
6.93695
6.93564
6.93433
6.93303
6.93174
6.93045
6.92916
6.92788
6.9266
6.92532
6.92405
6.92278
6.92152
6.92026
6.919
6.91775
6.9165
6.91525
6.91401
6.91277
6.91154
6.91032
6.90913
6.9079
6.90647
6.90509
7.00354
6.99958
6.99719
6.99527
6.99335
6.99141
6.9895
6.98761
6.98574
6.98389
6.98205
6.98022
6.9784
6.97659
6.97478
6.97298
6.97119
6.96939
6.9676
6.96581
6.96402
6.96223
6.96044
6.95865
6.95686
6.95507
6.95328
6.95149
6.94971
6.94792
6.94613
6.94435
6.94257
6.94078
6.939
6.93723
6.93545
6.93368
6.93191
6.93014
6.92838
6.92662
6.92486
6.92311
6.92136
6.91962
6.91788
6.91615
6.91442
6.9127
6.91098
6.90927
6.90756
6.90586
6.90417
6.90248
6.9008
6.89913
6.89746
6.8958
6.89415
6.8925
6.89086
6.88923
6.8876
6.88598
6.88437
6.88277
6.88117
6.87958
6.878
6.87642
6.87485
6.87329
6.87173
6.87019
6.86865
6.86711
6.86558
6.86406
6.86255
6.86104
6.85954
6.85804
6.85656
6.85507
6.8536
6.85213
6.85066
6.8492
6.84775
6.8463
6.84486
6.84343
6.842
6.84059
6.83921
6.83778
6.83613
6.83451
6.97687
6.97365
6.97148
6.96964
6.96782
6.96598
6.96417
6.96237
6.96058
6.9588
6.95703
6.95526
6.95349
6.95172
6.94995
6.94818
6.94641
6.94463
6.94285
6.94106
6.93927
6.93747
6.93567
6.93387
6.93205
6.93024
6.92841
6.92659
6.92476
6.92293
6.92109
6.91925
6.91741
6.91556
6.91372
6.91187
6.91002
6.90818
6.90633
6.90448
6.90264
6.9008
6.89896
6.89712
6.89529
6.89346
6.89163
6.88981
6.88799
6.88618
6.88438
6.88258
6.88079
6.879
6.87722
6.87545
6.87369
6.87193
6.87019
6.86845
6.86672
6.865
6.86329
6.86159
6.8599
6.85822
6.85654
6.85488
6.85323
6.85159
6.84996
6.84834
6.84673
6.84513
6.84354
6.84196
6.84039
6.83883
6.83728
6.83574
6.83421
6.8327
6.83119
6.82969
6.8282
6.82672
6.82525
6.82379
6.82234
6.8209
6.81947
6.81805
6.81663
6.81523
6.81383
6.81246
6.81111
6.80974
6.80817
6.80664
6.94537
6.94225
6.93996
6.93796
6.93598
6.934
6.93204
6.93009
6.92815
6.92623
6.92431
6.92239
6.92048
6.91857
6.91665
6.91474
6.91282
6.9109
6.90898
6.90705
6.90511
6.90318
6.90124
6.89929
6.89734
6.89538
6.89342
6.89146
6.8895
6.88753
6.88556
6.88359
6.88162
6.87964
6.87767
6.8757
6.87373
6.87176
6.86979
6.86783
6.86587
6.86391
6.86196
6.86001
6.85807
6.85614
6.85421
6.85229
6.85037
6.84847
6.84657
6.84468
6.84281
6.84094
6.83908
6.83723
6.83539
6.83357
6.83175
6.82995
6.82816
6.82638
6.82461
6.82285
6.82111
6.81938
6.81766
6.81596
6.81427
6.81259
6.81092
6.80927
6.80763
6.806
6.80438
6.80278
6.80119
6.79961
6.79805
6.79649
6.79495
6.79342
6.79191
6.7904
6.7889
6.78742
6.78594
6.78448
6.78303
6.78158
6.78015
6.77872
6.77731
6.7759
6.7745
6.77313
6.77178
6.7704
6.76882
6.76726
6.9205
6.91789
6.91578
6.91388
6.91201
6.91014
6.90828
6.90642
6.90457
6.90272
6.90088
6.89903
6.89718
6.89532
6.89346
6.8916
6.88972
6.88784
6.88596
6.88406
6.88216
6.88025
6.87833
6.8764
6.87447
6.87253
6.87058
6.86863
6.86668
6.86472
6.86275
6.86078
6.85881
6.85684
6.85487
6.85289
6.85092
6.84895
6.84698
6.84501
6.84305
6.84109
6.83913
6.83718
6.83524
6.8333
6.83137
6.82944
6.82753
6.82562
6.82373
6.82184
6.81997
6.8181
6.81625
6.81441
6.81258
6.81077
6.80897
6.80718
6.80541
6.80365
6.8019
6.80017
6.79846
6.79676
6.79508
6.79341
6.79176
6.79012
6.7885
6.7869
6.78531
6.78374
6.78219
6.78065
6.77913
6.77762
6.77613
6.77465
6.77319
6.77175
6.77032
6.7689
6.7675
6.76612
6.76475
6.76339
6.76205
6.76072
6.7594
6.75809
6.7568
6.75552
6.75426
6.75301
6.7518
6.75056
6.74918
6.74782
6.89521
6.89276
6.89065
6.88872
6.88682
6.88492
6.88303
6.88114
6.87926
6.87738
6.8755
6.87362
6.87173
6.86984
6.86795
6.86604
6.86413
6.86222
6.86029
6.85836
6.85642
6.85447
6.85251
6.85055
6.84858
6.8466
6.84462
6.84264
6.84065
6.83866
6.83666
6.83466
6.83267
6.83067
6.82867
6.82667
6.82468
6.82269
6.8207
6.81872
6.81674
6.81477
6.81281
6.81086
6.80891
6.80697
6.80505
6.80313
6.80123
6.79934
6.79746
6.79559
6.79374
6.7919
6.79008
6.78828
6.78649
6.78472
6.78296
6.78122
6.7795
6.7778
6.77611
6.77444
6.7728
6.77117
6.76955
6.76796
6.76639
6.76484
6.7633
6.76179
6.76029
6.75881
6.75735
6.75591
6.75448
6.75308
6.75169
6.75032
6.74897
6.74763
6.74631
6.74501
6.74372
6.74245
6.74119
6.73994
6.73871
6.73749
6.73629
6.7351
6.73392
6.73275
6.73159
6.73045
6.72934
6.72821
6.72694
6.72567
6.87314
6.87102
6.86905
6.86721
6.86541
6.86361
6.86182
6.86002
6.85822
6.85642
6.85462
6.85281
6.85099
6.84917
6.84733
6.84549
6.84364
6.84178
6.83991
6.83803
6.83614
6.83424
6.83234
6.83043
6.82851
6.82658
6.82465
6.82271
6.82077
6.81882
6.81687
6.81492
6.81297
6.81102
6.80907
6.80713
6.80518
6.80324
6.80131
6.79938
6.79746
6.79554
6.79363
6.79174
6.78985
6.78797
6.78611
6.78426
6.78242
6.78059
6.77878
6.77699
6.77521
6.77344
6.7717
6.76997
6.76826
6.76657
6.7649
6.76324
6.76161
6.76
6.7584
6.75683
6.75528
6.75375
6.75224
6.75075
6.74929
6.74784
6.74642
6.74501
6.74363
6.74227
6.74093
6.73961
6.73832
6.73704
6.73578
6.73454
6.73332
6.73213
6.73095
6.72978
6.72864
6.72751
6.7264
6.72531
6.72424
6.72318
6.72213
6.7211
6.72009
6.71908
6.7181
6.71713
6.71619
6.71523
6.71418
6.71316
6.8519
6.84994
6.84804
6.84625
6.84449
6.84273
6.84098
6.83922
6.83746
6.83569
6.83392
6.83214
6.83036
6.82856
6.82676
6.82495
6.82312
6.82129
6.81945
6.8176
6.81574
6.81387
6.81199
6.81011
6.80821
6.80632
6.80442
6.80251
6.8006
6.79869
6.79678
6.79486
6.79295
6.79104
6.78914
6.78723
6.78533
6.78344
6.78156
6.77968
6.77781
6.77595
6.7741
6.77227
6.77044
6.76864
6.76684
6.76506
6.7633
6.76155
6.75982
6.75811
6.75642
6.75475
6.7531
6.75147
6.74986
6.74828
6.74671
6.74517
6.74365
6.74216
6.74069
6.73924
6.73781
6.73642
6.73504
6.73369
6.73236
6.73106
6.72978
6.72852
6.72729
6.72609
6.7249
6.72374
6.7226
6.72148
6.72039
6.71932
6.71826
6.71723
6.71622
6.71523
6.71425
6.7133
6.71236
6.71144
6.71053
6.70965
6.70877
6.70791
6.70706
6.70623
6.70541
6.70461
6.70382
6.70303
6.70216
6.70131
6.83255
6.8308
6.82902
6.82733
6.82568
6.82402
6.82236
6.82069
6.81901
6.81733
6.81565
6.81395
6.81224
6.81053
6.8088
6.80706
6.80531
6.80355
6.80179
6.80001
6.79822
6.79642
6.79462
6.79281
6.79099
6.78917
6.78734
6.78552
6.78368
6.78185
6.78002
6.77818
6.77635
6.77453
6.7727
6.77089
6.76908
6.76727
6.76548
6.7637
6.76192
6.76016
6.75841
6.75668
6.75496
6.75325
6.75157
6.7499
6.74824
6.74661
6.745
6.74341
6.74184
6.74029
6.73876
6.73726
6.73578
6.73432
6.73289
6.73149
6.73011
6.72875
6.72742
6.72611
6.72483
6.72358
6.72235
6.72115
6.71998
6.71883
6.7177
6.71661
6.71553
6.71448
6.71346
6.71246
6.71149
6.71054
6.70961
6.7087
6.70782
6.70696
6.70612
6.7053
6.7045
6.70372
6.70296
6.70222
6.70149
6.70078
6.70009
6.69942
6.69876
6.69811
6.69748
6.69686
6.69627
6.69567
6.69503
6.69443
6.81428
6.81268
6.81101
6.8094
6.80783
6.80625
6.80467
6.80308
6.80148
6.79988
6.79826
6.79664
6.795
6.79336
6.7917
6.79003
6.78835
6.78666
6.78496
6.78326
6.78154
6.77981
6.77808
6.77634
6.7746
6.77285
6.7711
6.76935
6.76759
6.76584
6.76409
6.76234
6.76059
6.75885
6.75711
6.75539
6.75367
6.75196
6.75026
6.74857
6.7469
6.74524
6.74359
6.74196
6.74035
6.73876
6.73719
6.73563
6.7341
6.73259
6.7311
6.72963
6.72819
6.72678
6.72538
6.72402
6.72268
6.72137
6.72008
6.71882
6.71759
6.71639
6.71521
6.71406
6.71295
6.71186
6.71079
6.70976
6.70876
6.70778
6.70683
6.70591
6.70501
6.70415
6.70331
6.70249
6.7017
6.70094
6.7002
6.69949
6.6988
6.69813
6.69749
6.69686
6.69626
6.69568
6.69511
6.69457
6.69404
6.69353
6.69304
6.69256
6.6921
6.69165
6.69122
6.6908
6.69039
6.68998
6.68956
6.68919
6.79731
6.79587
6.79431
6.79282
6.79135
6.78988
6.78839
6.7869
6.7854
6.78389
6.78237
6.78083
6.77929
6.77774
6.77617
6.77459
6.773
6.7714
6.7698
6.76818
6.76655
6.76492
6.76328
6.76164
6.75999
6.75834
6.75669
6.75503
6.75338
6.75173
6.75008
6.74843
6.74679
6.74516
6.74354
6.74192
6.74032
6.73872
6.73714
6.73558
6.73403
6.73249
6.73098
6.72948
6.728
6.72654
6.72511
6.72369
6.7223
6.72094
6.7196
6.71828
6.71699
6.71573
6.71449
6.71329
6.71211
6.71096
6.70984
6.70875
6.70769
6.70665
6.70565
6.70468
6.70374
6.70283
6.70194
6.70109
6.70027
6.69948
6.69871
6.69797
6.69727
6.69659
6.69594
6.69531
6.69471
6.69414
6.69359
6.69307
6.69257
6.6921
6.69165
6.69122
6.69081
6.69042
6.69006
6.68971
6.68938
6.68907
6.68878
6.68851
6.68825
6.688
6.68777
6.68756
6.68735
6.68715
6.68697
6.68686
6.78137
6.78008
6.77864
6.77726
6.77589
6.77452
6.77314
6.77175
6.77035
6.76894
6.76751
6.76608
6.76463
6.76318
6.76171
6.76023
6.75874
6.75724
6.75573
6.75421
6.75268
6.75115
6.74961
6.74807
6.74653
6.74498
6.74344
6.74189
6.74034
6.7388
6.73727
6.73574
6.73421
6.7327
6.73119
6.7297
6.72822
6.72675
6.7253
6.72386
6.72244
6.72104
6.71966
6.7183
6.71696
6.71565
6.71436
6.71309
6.71185
6.71063
6.70944
6.70828
6.70715
6.70605
6.70497
6.70393
6.70291
6.70193
6.70098
6.70006
6.69917
6.69831
6.69748
6.69669
6.69593
6.69519
6.69449
6.69382
6.69319
6.69258
6.692
6.69146
6.69094
6.69045
6.69
6.68957
6.68916
6.68879
6.68844
6.68812
6.68783
6.68756
6.68731
6.68709
6.68689
6.68672
6.68656
6.68643
6.68632
6.68622
6.68615
6.68609
6.68605
6.68602
6.68601
6.68601
6.68602
6.68604
6.6861
6.68627
6.76641
6.76525
6.76393
6.76266
6.76141
6.76015
6.75887
6.75759
6.75629
6.75499
6.75367
6.75233
6.75099
6.74964
6.74827
6.74689
6.7455
6.74411
6.7427
6.74129
6.73987
6.73845
6.73702
6.73559
6.73415
6.73272
6.73129
6.72986
6.72843
6.72701
6.7256
6.72419
6.72279
6.72141
6.72003
6.71867
6.71732
6.71599
6.71468
6.71338
6.71211
6.71085
6.70962
6.70841
6.70723
6.70607
6.70493
6.70383
6.70275
6.7017
6.70067
6.69968
6.69872
6.69779
6.69689
6.69603
6.69519
6.69439
6.69363
6.69289
6.69219
6.69152
6.69089
6.69029
6.68972
6.68919
6.68868
6.68822
6.68778
6.68738
6.68701
6.68667
6.68636
6.68608
6.68584
6.68562
6.68543
6.68527
6.68514
6.68504
6.68496
6.68491
6.68488
6.68488
6.6849
6.68495
6.68501
6.6851
6.68521
6.68534
6.68548
6.68565
6.68583
6.68603
6.68624
6.68646
6.68669
6.68692
6.68724
6.6877
6.75003
6.74902
6.74784
6.7467
6.74557
6.74444
6.74329
6.74213
6.74096
6.73977
6.73858
6.73737
6.73615
6.73492
6.73368
6.73242
6.73116
6.72989
6.72862
6.72733
6.72605
6.72476
6.72346
6.72217
6.72087
6.71958
6.71829
6.71701
6.71573
6.71446
6.7132
6.71195
6.71071
6.70948
6.70827
6.70707
6.7059
6.70474
6.7036
6.70248
6.70138
6.70031
6.69927
6.69825
6.69725
6.69629
6.69535
6.69444
6.69357
6.69272
6.69191
6.69113
6.69038
6.68967
6.68899
6.68834
6.68773
6.68716
6.68662
6.68611
6.68564
6.68521
6.68481
6.68444
6.68411
6.68382
6.68356
6.68333
6.68314
6.68298
6.68286
6.68277
6.68271
6.68268
6.68268
6.68272
6.68278
6.68287
6.683
6.68314
6.68332
6.68352
6.68375
6.68401
6.68429
6.68459
6.68491
6.68526
6.68563
6.68602
6.68642
6.68685
6.6873
6.68776
6.68823
6.68872
6.68921
6.68971
6.69034
6.69111
6.73283
6.73201
6.73099
6.73001
6.72905
6.72807
6.72708
6.72608
6.72506
6.72404
6.723
6.72195
6.72089
6.71982
6.71874
6.71765
6.71656
6.71545
6.71434
6.71323
6.71212
6.711
6.70988
6.70877
6.70765
6.70654
6.70544
6.70434
6.70325
6.70218
6.70111
6.70006
6.69902
6.698
6.69699
6.696
6.69504
6.69409
6.69317
6.69227
6.6914
6.69056
6.68974
6.68895
6.68819
6.68746
6.68676
6.68609
6.68546
6.68486
6.68429
6.68376
6.68327
6.68281
6.68238
6.682
6.68164
6.68133
6.68105
6.68081
6.68061
6.68044
6.68031
6.68022
6.68016
6.68014
6.68016
6.68021
6.68029
6.68041
6.68057
6.68076
6.68098
6.68123
6.68152
6.68184
6.68219
6.68257
6.68298
6.68342
6.68389
6.68439
6.68491
6.68546
6.68604
6.68664
6.68727
6.68792
6.6886
6.68929
6.69001
6.69075
6.69151
6.69228
6.69308
6.69388
6.69468
6.69549
6.69648
6.69764
6.71691
6.71625
6.71541
6.71458
6.71378
6.71296
6.71213
6.71128
6.71043
6.70956
6.70868
6.7078
6.7069
6.70599
6.70508
6.70416
6.70323
6.7023
6.70137
6.70043
6.69949
6.69855
6.69762
6.69669
6.69576
6.69484
6.69393
6.69303
6.69214
6.69126
6.6904
6.68955
6.68872
6.68791
6.68712
6.68635
6.68561
6.68489
6.68419
6.68352
6.68288
6.68227
6.68169
6.68114
6.68062
6.68014
6.67969
6.67927
6.67889
6.67855
6.67824
6.67797
6.67773
6.67754
6.67738
6.67726
6.67718
6.67713
6.67713
6.67716
6.67724
6.67735
6.6775
6.67768
6.67791
6.67817
6.67847
6.67881
6.67918
6.67959
6.68004
6.68052
6.68103
6.68158
6.68217
6.68278
6.68343
6.68411
6.68483
6.68557
6.68634
6.68715
6.68798
6.68884
6.68973
6.69065
6.69159
6.69256
6.69355
6.69457
6.69561
6.69667
6.69775
6.69885
6.69997
6.70111
6.70222
6.70337
6.70472
6.70628
6.70214
6.70165
6.70097
6.70031
6.69967
6.69901
6.69834
6.69766
6.69698
6.69628
6.69557
6.69485
6.69413
6.6934
6.69266
6.69192
6.69117
6.69042
6.68967
6.68892
6.68817
6.68743
6.68669
6.68595
6.68523
6.68451
6.68381
6.68311
6.68244
6.68177
6.68113
6.6805
6.67989
6.67931
6.67874
6.67821
6.67769
6.67721
6.67675
6.67633
6.67593
6.67556
6.67523
6.67493
6.67467
6.67444
6.67425
6.67409
6.67398
6.67389
6.67385
6.67385
6.67389
6.67396
6.67408
6.67423
6.67443
6.67466
6.67494
6.67525
6.67561
6.676
6.67643
6.67691
6.67742
6.67797
6.67856
6.67919
6.67986
6.68056
6.6813
6.68208
6.68289
6.68374
6.68462
6.68554
6.68649
6.68748
6.6885
6.68955
6.69063
6.69175
6.69289
6.69407
6.69528
6.69651
6.69778
6.69907
6.70039
6.70173
6.70311
6.7045
6.70592
6.70736
6.70882
6.71029
6.71174
6.71322
6.71495
6.71693
6.68839
6.68806
6.68755
6.68705
6.68657
6.68608
6.68558
6.68506
6.68454
6.68402
6.68348
6.68294
6.68239
6.68184
6.68128
6.68072
6.68016
6.6796
6.67905
6.67849
6.67794
6.67739
6.67686
6.67633
6.67581
6.67531
6.67481
6.67434
6.67388
6.67344
6.67302
6.67262
6.67224
6.67189
6.67156
6.67126
6.67099
6.67075
6.67054
6.67037
6.67022
6.67011
6.67004
6.67
6.66999
6.67003
6.6701
6.67021
6.67036
6.67055
6.67078
6.67105
6.67137
6.67172
6.67211
6.67255
6.67303
6.67355
6.67411
6.67471
6.67535
6.67603
6.67676
6.67752
6.67833
6.67918
6.68006
6.68099
6.68195
6.68296
6.684
6.68508
6.6862
6.68735
6.68854
6.68977
6.69104
6.69234
6.69367
6.69504
6.69644
6.69788
6.69935
6.70085
6.70239
6.70395
6.70555
6.70718
6.70883
6.71052
6.71223
6.71397
6.71573
6.71752
6.71933
6.72115
6.72295
6.72477
6.72689
6.7293
6.67557
6.67539
6.67504
6.67471
6.67439
6.67406
6.67373
6.67339
6.67304
6.67269
6.67233
6.67197
6.67161
6.67124
6.67087
6.6705
6.67014
6.66977
6.66941
6.66906
6.66871
6.66838
6.66805
6.66774
6.66744
6.66715
6.66688
6.66663
6.6664
6.66619
6.666
6.66584
6.6657
6.66559
6.66551
6.66546
6.66544
6.66545
6.6655
6.66558
6.6657
6.66585
6.66604
6.66626
6.66653
6.66683
6.66718
6.66756
6.66799
6.66846
6.66897
6.66952
6.67012
6.67075
6.67144
6.67216
6.67293
6.67373
6.67459
6.67548
6.67642
6.6774
6.67842
6.67949
6.68059
6.68174
6.68293
6.68416
6.68543
6.68674
6.68809
6.68948
6.69091
6.69237
6.69388
6.69542
6.697
6.69862
6.70028
6.70197
6.7037
6.70546
6.70726
6.7091
6.71097
6.71287
6.7148
6.71677
6.71877
6.7208
6.72286
6.72495
6.72707
6.72921
6.73138
6.73355
6.7357
6.73788
6.74039
6.74324
6.66356
6.66354
6.66335
6.66318
6.66303
6.66287
6.66271
6.66254
6.66237
6.66219
6.66202
6.66184
6.66166
6.66148
6.66131
6.66114
6.66097
6.66081
6.66066
6.66051
6.66038
6.66026
6.66015
6.66005
6.65998
6.65992
6.65988
6.65986
6.65987
6.6599
6.65995
6.66004
6.66015
6.66029
6.66046
6.66066
6.6609
6.66118
6.66148
6.66183
6.66221
6.66263
6.6631
6.6636
6.66414
6.66472
6.66535
6.66601
6.66673
6.66748
6.66828
6.66912
6.67
6.67093
6.6719
6.67292
6.67398
6.67508
6.67623
6.67743
6.67866
6.67994
6.68126
6.68263
6.68404
6.68549
6.68699
6.68852
6.6901
6.69172
6.69338
6.69508
6.69683
6.69861
6.70043
6.7023
6.7042
6.70615
6.70813
6.71015
6.71221
6.71431
6.71644
6.71861
6.72082
6.72307
6.72535
6.72766
6.73002
6.7324
6.73482
6.73726
6.73974
6.74224
6.74477
6.74731
6.74982
6.75236
6.75526
6.75855
6.65229
6.65242
6.6524
6.6524
6.65241
6.65242
6.65243
6.65243
6.65244
6.65245
6.65246
6.65247
6.65248
6.6525
6.65252
6.65255
6.65259
6.65264
6.6527
6.65277
6.65285
6.65295
6.65307
6.6532
6.65336
6.65353
6.65373
6.65396
6.65421
6.65448
6.65479
6.65512
6.65549
6.65589
6.65632
6.65678
6.65729
6.65783
6.65841
6.65902
6.65968
6.66038
6.66111
6.66189
6.66272
6.66358
6.66449
6.66544
6.66644
6.66748
6.66857
6.6697
6.67088
6.6721
6.67337
6.67468
6.67604
6.67744
6.67889
6.68039
6.68193
6.68351
6.68514
6.68682
6.68854
6.6903
6.69211
6.69396
6.69585
6.69779
6.69977
6.70179
6.70386
6.70597
6.70812
6.71031
6.71254
6.71481
6.71713
6.71948
6.72188
6.72431
6.72679
6.7293
6.73185
6.73444
6.73707
6.73974
6.74245
6.74519
6.74796
6.75077
6.75361
6.75648
6.75938
6.76228
6.76515
6.76805
6.77136
6.77509
6.6417
6.64198
6.64212
6.64228
6.64246
6.64264
6.64282
6.643
6.64319
6.64338
6.64358
6.64378
6.64399
6.64421
6.64444
6.64467
6.64492
6.64518
6.64546
6.64575
6.64606
6.64639
6.64674
6.64711
6.6475
6.64792
6.64836
6.64883
6.64933
6.64986
6.65042
6.65102
6.65165
6.65231
6.65301
6.65375
6.65452
6.65534
6.65619
6.65709
6.65803
6.65901
6.66003
6.6611
6.66221
6.66337
6.66457
6.66582
6.66711
6.66845
6.66984
6.67127
6.67275
6.67428
6.67585
6.67747
6.67914
6.68085
6.68261
6.68441
6.68627
6.68816
6.6901
6.69209
6.69412
6.6962
6.69832
6.70049
6.70269
6.70495
6.70724
6.70958
6.71197
6.71439
6.71686
6.71937
6.72193
6.72453
6.72717
6.72985
6.73258
6.73535
6.73817
6.74102
6.74392
6.74686
6.74984
6.75286
6.75592
6.75902
6.76216
6.76533
6.76854
6.77178
6.77505
6.77832
6.78156
6.78483
6.78854
6.79272
6.63171
6.63214
6.63244
6.63276
6.63311
6.63346
6.63381
6.63418
6.63455
6.63493
6.63532
6.63572
6.63613
6.63655
6.63699
6.63744
6.6379
6.63838
6.63888
6.6394
6.63994
6.64051
6.64109
6.64171
6.64234
6.64301
6.6437
6.64443
6.64519
6.64598
6.6468
6.64766
6.64856
6.64949
6.65047
6.65148
6.65253
6.65363
6.65477
6.65595
6.65717
6.65844
6.65975
6.66111
6.66251
6.66396
6.66546
6.667
6.66859
6.67023
6.67191
6.67365
6.67542
6.67725
6.67912
6.68104
6.68301
6.68502
6.68708
6.68919
6.69134
6.69354
6.69579
6.69808
6.70042
6.70281
6.70524
6.70772
6.71025
6.71282
6.71544
6.7181
6.72082
6.72358
6.72638
6.72923
6.73213
6.73507
6.73806
6.74109
6.74417
6.74729
6.75046
6.75366
6.75692
6.76021
6.76355
6.76692
6.77034
6.7738
6.7773
6.78084
6.78441
6.78802
6.79167
6.79532
6.79893
6.80258
6.8067
6.81133
6.62228
6.62286
6.62332
6.62381
6.62432
6.62484
6.62537
6.62592
6.62648
6.62705
6.62763
6.62823
6.62885
6.62948
6.63013
6.63079
6.63148
6.63219
6.63292
6.63367
6.63445
6.63525
6.63608
6.63694
6.63783
6.63875
6.63971
6.64069
6.64172
6.64277
6.64387
6.645
6.64617
6.64739
6.64864
6.64994
6.65128
6.65266
6.65409
6.65556
6.65708
6.65864
6.66025
6.66191
6.66361
6.66537
6.66717
6.66902
6.67091
6.67286
6.67485
6.67689
6.67899
6.68113
6.68331
6.68555
6.68784
6.69017
6.69256
6.69499
6.69747
6.7
6.70257
6.7052
6.70787
6.71059
6.71336
6.71617
6.71903
6.72194
6.72489
6.72788
6.73092
6.73401
6.73713
6.7403
6.74352
6.74678
6.75008
6.75342
6.75681
6.76024
6.76372
6.76724
6.77081
6.77443
6.7781
6.78182
6.78558
6.7894
6.79326
6.79717
6.80112
6.80512
6.80915
6.81319
6.81719
6.82122
6.82575
6.83085
6.61333
6.61406
6.61468
6.61533
6.61601
6.6167
6.61742
6.61815
6.61889
6.61966
6.62045
6.62125
6.62208
6.62292
6.62379
6.62468
6.6256
6.62654
6.62751
6.6285
6.62952
6.63057
6.63166
6.63277
6.63392
6.6351
6.63632
6.63758
6.63887
6.6402
6.64157
6.64299
6.64444
6.64594
6.64748
6.64906
6.65069
6.65236
6.65408
6.65585
6.65766
6.65953
6.66143
6.66339
6.6654
6.66745
6.66955
6.6717
6.67391
6.67615
6.67845
6.6808
6.68319
6.68564
6.68813
6.69067
6.69326
6.6959
6.69858
6.70131
6.70409
6.70692
6.70979
6.7127
6.71567
6.71867
6.72173
6.72483
6.72797
6.73116
6.73439
6.73767
6.741
6.74438
6.74781
6.75128
6.75481
6.75839
6.76203
6.76572
6.76946
6.77326
6.77712
6.78104
6.78501
6.78904
6.79313
6.79726
6.80145
6.80568
6.80996
6.81428
6.81863
6.82302
6.82744
6.83186
6.83622
6.84062
6.84555
6.85115
6.60489
6.60578
6.60657
6.60739
6.60824
6.60911
6.61001
6.61092
6.61186
6.61283
6.61381
6.61483
6.61586
6.61692
6.61801
6.61913
6.62027
6.62145
6.62265
6.62389
6.62516
6.62646
6.6278
6.62917
6.63058
6.63203
6.63352
6.63505
6.63662
6.63823
6.63988
6.64158
6.64332
6.64511
6.64694
6.64882
6.65075
6.65272
6.65475
6.65682
6.65894
6.66111
6.66333
6.66559
6.66791
6.67028
6.6727
6.67517
6.67768
6.68025
6.68287
6.68554
6.68825
6.69102
6.69383
6.6967
6.69961
6.70257
6.70558
6.70864
6.71175
6.71491
6.71811
6.72137
6.72467
6.72803
6.73143
6.73489
6.73839
6.74195
6.74556
6.74922
6.75293
6.7567
6.76052
6.76439
6.76831
6.77227
6.77629
6.78036
6.78447
6.78862
6.79282
6.79705
6.80132
6.80563
6.80998
6.81436
6.81878
6.82324
6.82775
6.83229
6.83689
6.84154
6.84625
6.85101
6.85574
6.86057
6.86606
6.87233
6.59666
6.59766
6.5986
6.59958
6.60061
6.60166
6.60275
6.60387
6.60501
6.60619
6.60739
6.60863
6.6099
6.61119
6.61252
6.61388
6.61528
6.61671
6.61817
6.61967
6.6212
6.62277
6.62438
6.62603
6.62772
6.62946
6.63123
6.63304
6.6349
6.6368
6.63875
6.64074
6.64278
6.64487
6.647
6.64918
6.65141
6.65368
6.65601
6.65838
6.66081
6.66328
6.6658
6.66837
6.67099
6.67366
6.67638
6.67915
6.68197
6.68483
6.68775
6.69072
6.69373
6.69679
6.69991
6.70307
6.70628
6.70953
6.71284
6.71619
6.71959
6.72304
6.72653
6.73007
6.73366
6.73729
6.74097
6.74469
6.74846
6.75227
6.75613
6.76003
6.76397
6.76795
6.77197
6.77603
6.78013
6.78428
6.78847
6.7927
6.79698
6.80132
6.8057
6.81015
6.81466
6.81925
6.82391
6.82867
6.83351
6.83846
6.84352
6.8487
6.85399
6.85941
6.86494
6.87057
6.87622
6.88198
6.88848
6.89564
6.58957
6.59077
6.59186
6.593
6.59418
6.59541
6.59666
6.59795
6.59928
6.60064
6.60203
6.60346
6.60492
6.60642
6.60796
6.60953
6.61115
6.6128
6.61449
6.61622
6.61799
6.6198
6.62166
6.62356
6.6255
6.62749
6.62953
6.63162
6.63375
6.63593
6.63816
6.64043
6.64276
6.64514
6.64757
6.65005
6.65259
6.65517
6.65781
6.6605
6.66324
6.66603
6.66887
6.67177
6.67472
6.67772
6.68077
6.68387
6.68702
6.69023
6.69348
6.69678
6.70014
6.70354
6.70699
6.71049
6.71404
6.71764
6.72128
6.72497
6.72871
6.73249
6.73632
6.7402
6.74412
6.74809
6.7521
6.75616
6.76027
6.76442
6.76862
6.77288
6.77718
6.78154
6.78595
6.79043
6.79496
6.79957
6.80424
6.80898
6.81381
6.81871
6.8237
6.82878
6.83395
6.83921
6.84456
6.85001
6.85555
6.86118
6.86688
6.87266
6.87849
6.88438
6.89031
6.89622
6.90203
6.90786
6.91442
6.92165
6.5745
6.57662
6.57818
6.5797
6.58129
6.58293
6.58461
6.58634
6.5881
6.58992
6.59177
6.59367
6.59562
6.59761
6.59965
6.60173
6.60387
6.60605
6.60829
6.61057
6.61291
6.6153
6.61775
6.62025
6.62281
6.62542
6.62809
6.63081
6.6336
6.63644
6.63935
6.64231
6.64533
6.64842
6.65156
6.65477
6.65803
6.66136
6.66475
6.6682
6.67171
6.67529
6.67892
6.68262
6.68638
6.6902
6.69407
6.69801
6.70201
6.70607
6.71019
6.71437
6.71861
6.7229
6.72726
6.73167
6.73614
6.74067
6.74525
6.74989
6.75459
6.75935
6.76416
6.76902
6.77394
6.77892
6.78395
6.78903
6.79417
6.79936
6.8046
6.80989
6.81523
6.82062
6.82606
6.83155
6.83708
6.84265
6.84827
6.85392
6.85961
6.86532
6.87107
6.87684
6.88264
6.88845
6.89427
6.9001
6.90593
6.91175
6.91757
6.92337
6.92915
6.9349
6.94061
6.94623
6.95171
6.95733
6.9637
6.96967
6.5534
6.55595
6.55801
6.56007
6.56222
6.56446
6.56677
6.56915
6.57161
6.57414
6.57673
6.5794
6.58215
6.58496
6.58784
6.5908
6.59382
6.59692
6.60009
6.60333
6.60664
6.61002
6.61347
6.61699
6.62058
6.62425
6.62798
6.63178
6.63565
6.6396
6.64361
6.64768
6.65183
6.65604
6.66032
6.66466
6.66907
6.67354
6.67808
6.68268
6.68733
6.69205
6.69683
6.70167
6.70656
6.71151
6.71651
6.72156
6.72667
6.73183
6.73704
6.7423
6.7476
6.75296
6.75835
6.76379
6.76927
6.77479
6.78036
6.78596
6.79159
6.79726
6.80297
6.80871
6.81448
6.82028
6.82611
6.83196
6.83784
6.84375
6.84967
6.85562
6.8616
6.86759
6.8736
6.87962
6.88567
6.89173
6.8978
6.90389
6.91
6.91612
6.92225
6.9284
6.93456
6.94073
6.94692
6.95313
6.95935
6.96558
6.97183
6.9781
6.98437
6.99066
6.99696
7.0032
7.00937
7.01576
7.02295
7.02954
6.53669
6.53977
6.54241
6.54507
6.54785
6.55075
6.55376
6.55686
6.56006
6.56336
6.56676
6.57025
6.57384
6.57753
6.58131
6.58519
6.58916
6.59322
6.59738
6.60162
6.60596
6.61038
6.61489
6.61949
6.62417
6.62894
6.63379
6.63872
6.64374
6.64883
6.65399
6.65924
6.66456
6.66994
6.6754
6.68093
6.68653
6.69219
6.69791
6.70369
6.70953
6.71543
6.72138
6.72738
6.73343
6.73953
6.74568
6.75187
6.7581
6.76437
6.77068
6.77702
6.7834
6.7898
6.79624
6.8027
6.80918
6.81569
6.82221
6.82875
6.83532
6.84189
6.84848
6.85507
6.86168
6.8683
6.87492
6.88155
6.88818
6.89482
6.90146
6.9081
6.91474
6.92138
6.92802
6.93467
6.94131
6.94796
6.9546
6.96125
6.9679
6.97455
6.98121
6.98787
6.99454
7.00122
7.00791
7.01461
7.02133
7.02805
7.03479
7.04155
7.04831
7.05509
7.06186
7.06858
7.07521
7.08208
7.08971
7.09652
6.52219
6.52575
6.52894
6.53219
6.53561
6.53917
6.54287
6.5467
6.55067
6.55476
6.55899
6.56335
6.56783
6.57243
6.57716
6.58201
6.58698
6.59206
6.59726
6.60257
6.60799
6.61351
6.61914
6.62488
6.63071
6.63663
6.64265
6.64876
6.65496
6.66124
6.6676
6.67404
6.68056
6.68714
6.69379
6.70051
6.70728
6.71411
6.721
6.72793
6.73491
6.74194
6.749
6.7561
6.76323
6.77039
6.77758
6.78479
6.79202
6.79926
6.80652
6.81378
6.82106
6.82833
6.83561
6.84289
6.85016
6.85743
6.86469
6.87194
6.87918
6.8864
6.89361
6.9008
6.90797
6.91512
6.92225
6.92936
6.93644
6.9435
6.95054
6.95755
6.96454
6.9715
6.97844
6.98536
6.99226
6.99913
7.00599
7.01282
7.01964
7.02644
7.03323
7.04
7.04676
7.05351
7.06025
7.06698
7.0737
7.08042
7.08712
7.09382
7.1005
7.10717
7.11381
7.12037
7.12682
7.13347
7.14071
7.14688
6.51087
6.51495
6.51873
6.52261
6.52669
6.53096
6.5354
6.54002
6.5448
6.54974
6.55485
6.56012
6.56555
6.57114
6.57687
6.58275
6.58877
6.59494
6.60124
6.60767
6.61423
6.62091
6.62771
6.63462
6.64165
6.64877
6.656
6.66332
6.67072
6.67822
6.68579
6.69343
6.70114
6.70892
6.71675
6.72463
6.73257
6.74054
6.74855
6.75659
6.76465
6.77274
6.78085
6.78896
6.79709
6.80521
6.81334
6.82146
6.82956
6.83766
6.84574
6.85379
6.86182
6.86983
6.8778
6.88575
6.89365
6.90151
6.90933
6.91711
6.92485
6.93254
6.94018
6.94777
6.95531
6.9628
6.97023
6.97762
6.98495
6.99222
6.99945
7.00662
7.01373
7.0208
7.02781
7.03477
7.04168
7.04855
7.05536
7.06213
7.06885
7.07553
7.08217
7.08877
7.09533
7.10186
7.10835
7.1148
7.12123
7.12762
7.13398
7.14031
7.1466
7.15285
7.15906
7.16516
7.17116
7.17732
7.18391
7.18931
6.50229
6.50689
6.51126
6.51578
6.52055
6.52554
6.53075
6.53616
6.54179
6.54762
6.55365
6.55987
6.56629
6.57289
6.57967
6.58662
6.59374
6.60103
6.60847
6.61607
6.6238
6.63167
6.63967
6.64779
6.65603
6.66437
6.67282
6.68135
6.68997
6.69866
6.70743
6.71625
6.72513
6.73406
6.74303
6.75202
6.76104
6.77007
6.77912
6.78816
6.79721
6.80624
6.81526
6.82426
6.83324
6.84218
6.85108
6.85993
6.86875
6.87751
6.88621
6.89486
6.90344
6.91196
6.92041
6.92879
6.93709
6.94532
6.95347
6.96153
6.96952
6.97742
6.98523
6.99296
7.0006
7.00815
7.01562
7.023
7.03029
7.03749
7.0446
7.05163
7.05858
7.06544
7.07221
7.07891
7.08552
7.09206
7.09852
7.1049
7.11121
7.11745
7.12362
7.12973
7.13577
7.14174
7.14766
7.15352
7.15932
7.16506
7.17074
7.17637
7.18194
7.18745
7.19288
7.1982
7.20341
7.20872
7.21425
7.21854
6.49681
6.50194
6.50693
6.51212
6.51759
6.52334
6.52935
6.53561
6.54212
6.54887
6.55587
6.56309
6.57054
6.5782
6.58608
6.59415
6.60242
6.61087
6.6195
6.62829
6.63723
6.64632
6.65553
6.66487
6.67433
6.68388
6.69352
6.70325
6.71304
6.7229
6.73281
6.74275
6.75273
6.76273
6.77273
6.78273
6.79273
6.80271
6.81267
6.82259
6.83247
6.84231
6.85209
6.86181
6.87146
6.88103
6.89053
6.89994
6.90927
6.9185
6.92763
6.93665
6.94557
6.95438
6.96308
6.97166
6.98013
6.98848
6.9967
7.0048
7.01278
7.02064
7.02837
7.03598
7.04346
7.05082
7.05806
7.06517
7.07216
7.07904
7.08579
7.09242
7.09894
7.10534
7.11164
7.11782
7.12389
7.12986
7.13573
7.14149
7.14716
7.15273
7.1582
7.16359
7.16889
7.1741
7.17924
7.18429
7.18926
7.19416
7.19897
7.20372
7.20838
7.21297
7.21746
7.22183
7.22609
7.2304
7.23476
7.23792
6.49441
6.50011
6.50574
6.51163
6.51784
6.52438
6.53122
6.53836
6.54579
6.55351
6.5615
6.56976
6.57827
6.58703
6.59603
6.60525
6.61467
6.6243
6.63411
6.64409
6.65422
6.6645
6.67492
6.68544
6.69608
6.7068
6.71759
6.72845
6.73935
6.7503
6.76126
6.77223
6.7832
6.79415
6.80508
6.81597
6.82681
6.83759
6.84831
6.85895
6.8695
6.87995
6.89031
6.90055
6.91067
6.92068
6.93055
6.94028
6.94988
6.95934
6.96864
6.9778
6.9868
6.99564
7.00433
7.01286
7.02123
7.02943
7.03747
7.04535
7.05307
7.06063
7.06803
7.07526
7.08234
7.08926
7.09603
7.10264
7.1091
7.11542
7.12158
7.1276
7.13349
7.13923
7.14483
7.15031
7.15565
7.16087
7.16597
7.17094
7.1758
7.18055
7.18519
7.18972
7.19414
7.19847
7.2027
7.20683
7.21087
7.21482
7.21868
7.22245
7.22613
7.22971
7.23319
7.23655
7.2398
7.24304
7.24619
7.24828
6.49542
6.5017
6.50799
6.51457
6.52155
6.52889
6.53659
6.54463
6.55301
6.56171
6.57073
6.58004
6.58964
6.59951
6.60963
6.61999
6.63058
6.64137
6.65236
6.66351
6.67482
6.68627
6.69785
6.70952
6.72128
6.73311
6.74498
6.75689
6.76882
6.78074
6.79265
6.80452
6.81635
6.82812
6.83981
6.85142
6.86293
6.87433
6.8856
6.89674
6.90774
6.91859
6.92929
6.93982
6.95017
6.96035
6.97035
6.98016
6.98978
6.9992
7.00843
7.01746
7.02629
7.03492
7.04335
7.05158
7.05961
7.06743
7.07506
7.08249
7.08972
7.09676
7.10361
7.11027
7.11674
7.12303
7.12914
7.13507
7.14083
7.14642
7.15185
7.15711
7.16221
7.16716
7.17196
7.17662
7.18113
7.1855
7.18974
7.19386
7.19784
7.2017
7.20545
7.20908
7.2126
7.21602
7.21933
7.22253
7.22564
7.22866
7.23157
7.23439
7.23712
7.23975
7.24227
7.24467
7.24697
7.24922
7.2513
7.2525
6.5001
6.50695
6.51388
6.52117
6.52891
6.53708
6.54565
6.55461
6.56395
6.57365
6.5837
6.59408
6.60477
6.61575
6.62701
6.63851
6.65024
6.66219
6.67432
6.68661
6.69905
6.7116
6.72426
6.73699
6.74977
6.76259
6.77542
6.78824
6.80103
6.81377
6.82645
6.83905
6.85155
6.86393
6.87618
6.88828
6.90023
6.91201
6.92361
6.93502
6.94622
6.95723
6.96801
6.97858
6.98891
6.99902
7.00889
7.01853
7.02792
7.03707
7.04598
7.05465
7.06308
7.07126
7.07921
7.08692
7.09439
7.10163
7.10864
7.11543
7.12199
7.12834
7.13448
7.1404
7.14612
7.15164
7.15697
7.1621
7.16705
7.17182
7.17642
7.18084
7.18511
7.18921
7.19316
7.19696
7.20061
7.20413
7.20751
7.21076
7.21389
7.21689
7.21978
7.22256
7.22523
7.2278
7.23026
7.23262
7.23489
7.23706
7.23914
7.24112
7.24302
7.24481
7.24651
7.24809
7.24959
7.25101
7.25221
7.25276
6.50865
6.51607
6.52365
6.53166
6.54018
6.54917
6.55862
6.5685
6.57881
6.58951
6.60058
6.61201
6.62376
6.63582
6.64816
6.66075
6.67357
6.68658
6.69977
6.7131
6.72656
6.7401
6.75371
6.76736
6.78102
6.79467
6.80829
6.82184
6.83532
6.84869
6.86194
6.87505
6.888
6.90078
6.91336
6.92574
6.93789
6.94982
6.9615
6.97293
6.9841
6.99501
7.00564
7.016
7.02607
7.03587
7.04538
7.0546
7.06354
7.0722
7.08057
7.08867
7.09649
7.10404
7.11132
7.11833
7.12508
7.13158
7.13784
7.14385
7.14962
7.15516
7.16048
7.16558
7.17047
7.17515
7.17963
7.18392
7.18803
7.19196
7.19571
7.1993
7.20273
7.206
7.20913
7.21211
7.21496
7.21768
7.22027
7.22274
7.22509
7.22733
7.22947
7.2315
7.23344
7.23528
7.23702
7.23868
7.24025
7.24173
7.24313
7.24444
7.24567
7.24681
7.24786
7.24882
7.2497
7.25049
7.25107
7.25122
6.52117
6.52913
6.53735
6.54607
6.55534
6.56515
6.57545
6.58623
6.59746
6.60912
6.62117
6.63358
6.64634
6.6594
6.67274
6.68633
6.70013
6.7141
6.72823
6.74248
6.7568
6.77119
6.78559
6.79999
6.81436
6.82866
6.84287
6.85696
6.87092
6.88471
6.89831
6.91171
6.92489
6.93782
6.9505
6.9629
6.97503
6.98685
6.99838
7.00959
7.02049
7.03107
7.04132
7.05124
7.06083
7.0701
7.07904
7.08765
7.09595
7.10393
7.11159
7.11895
7.12601
7.13277
7.13925
7.14545
7.15138
7.15704
7.16245
7.16761
7.17252
7.17721
7.18167
7.18592
7.18996
7.1938
7.19746
7.20092
7.20421
7.20734
7.2103
7.21311
7.21577
7.2183
7.22069
7.22295
7.22509
7.22712
7.22903
7.23084
7.23256
7.23417
7.23569
7.23713
7.23848
7.23975
7.24094
7.24206
7.2431
7.24406
7.24495
7.24577
7.24652
7.24719
7.24779
7.24831
7.24876
7.24913
7.24932
7.24927
6.53754
6.54602
6.55484
6.56421
6.5742
6.58476
6.59586
6.60746
6.61955
6.63208
6.64501
6.65833
6.67198
6.68594
6.70016
6.71461
6.72926
6.74405
6.75897
6.77396
6.789
6.80404
6.81906
6.83402
6.8489
6.86364
6.87824
6.89266
6.90688
6.92087
6.9346
6.94807
6.96124
6.97411
6.98666
6.99887
7.01073
7.02224
7.03339
7.04418
7.05459
7.06463
7.0743
7.0836
7.09252
7.10109
7.10929
7.11714
7.12465
7.13182
7.13865
7.14516
7.15137
7.15727
7.16287
7.1682
7.17325
7.17804
7.18257
7.18687
7.19094
7.19478
7.19841
7.20184
7.20508
7.20814
7.21102
7.21373
7.21629
7.2187
7.22097
7.22311
7.22512
7.22701
7.22878
7.23045
7.23202
7.2335
7.23488
7.23617
7.23739
7.23852
7.23959
7.24058
7.2415
7.24235
7.24315
7.24387
7.24454
7.24515
7.24569
7.24618
7.2466
7.24697
7.24727
7.24752
7.24771
7.24784
7.24784
7.24773
6.55725
6.56617
6.57551
6.58547
6.59608
6.60731
6.61912
6.63145
6.64429
6.65758
6.6713
6.68539
6.69981
6.71453
6.7295
6.74467
6.76
6.77546
6.79099
6.80657
6.82214
6.83766
6.85311
6.86845
6.88363
6.89863
6.91342
6.92796
6.94223
6.95621
6.96987
6.9832
6.99617
7.00876
7.02098
7.03279
7.04421
7.05521
7.0658
7.07597
7.08573
7.09507
7.104
7.11253
7.12066
7.12839
7.13575
7.14274
7.14937
7.15564
7.16159
7.1672
7.17251
7.17752
7.18224
7.18669
7.19087
7.19481
7.19851
7.20199
7.20526
7.20833
7.2112
7.2139
7.21642
7.21879
7.22101
7.22308
7.22502
7.22684
7.22854
7.23013
7.23162
7.23301
7.23431
7.23552
7.23666
7.23772
7.23871
7.23962
7.24048
7.24128
7.24201
7.24269
7.24331
7.24389
7.2444
7.24487
7.24529
7.24566
7.24598
7.24626
7.24649
7.24667
7.2468
7.2469
7.24695
7.24695
7.24689
7.24679
6.57918
6.58842
6.59819
6.60865
6.61979
6.63159
6.64399
6.65695
6.67043
6.68437
6.69873
6.71347
6.72854
6.74388
6.75945
6.77519
6.79107
6.80704
6.82304
6.83903
6.85497
6.87081
6.88652
6.90206
6.91738
6.93246
6.94726
6.96175
6.97591
6.9897
7.00312
7.01613
7.02872
7.04088
7.0526
7.06386
7.07467
7.08502
7.09491
7.10434
7.11332
7.12186
7.12995
7.13762
7.14487
7.15172
7.15817
7.16425
7.16997
7.17535
7.18039
7.18513
7.18956
7.19371
7.19759
7.20122
7.2046
7.20777
7.21072
7.21347
7.21604
7.21843
7.22066
7.22274
7.22467
7.22647
7.22815
7.22972
7.23117
7.23253
7.23379
7.23497
7.23607
7.23709
7.23804
7.23893
7.23975
7.24052
7.24123
7.24189
7.24249
7.24305
7.24357
7.24403
7.24446
7.24484
7.24517
7.24547
7.24573
7.24595
7.24613
7.24627
7.24638
7.24646
7.2465
7.24652
7.24652
7.24648
7.24641
7.24635
6.60171
6.61114
6.62127
6.63215
6.64376
6.65605
6.66897
6.68247
6.6965
6.711
6.72593
6.74122
6.75683
6.77269
6.78875
6.80497
6.82128
6.83763
6.85397
6.87026
6.88644
6.90247
6.9183
6.9339
6.94923
6.96425
6.97892
6.99322
7.00712
7.02059
7.03362
7.04619
7.05828
7.06987
7.08098
7.09158
7.10168
7.11127
7.12037
7.12899
7.13712
7.14478
7.15199
7.15877
7.16512
7.17106
7.17662
7.18181
7.18665
7.19116
7.19536
7.19926
7.20289
7.20626
7.20939
7.21229
7.21498
7.21747
7.21979
7.22193
7.22392
7.22576
7.22747
7.22906
7.23053
7.2319
7.23317
7.23435
7.23544
7.23646
7.23741
7.23829
7.23911
7.23988
7.24058
7.24124
7.24185
7.24242
7.24293
7.24341
7.24385
7.24424
7.2446
7.24492
7.2452
7.24545
7.24566
7.24585
7.246
7.24612
7.24621
7.24628
7.24632
7.24635
7.24635
7.24634
7.24632
7.24629
7.24625
7.24622
6.62283
6.6323
6.64273
6.65398
6.66598
6.67869
6.69206
6.70603
6.72053
6.73551
6.75092
6.76668
6.78273
6.79903
6.8155
6.83209
6.84874
6.86539
6.88199
6.89848
6.91482
6.93095
6.94683
6.96242
6.97767
6.99255
7.00702
7.02106
7.03463
7.04771
7.06029
7.07235
7.08388
7.09486
7.10529
7.11519
7.12454
7.13335
7.14164
7.14942
7.1567
7.16351
7.16985
7.17576
7.18125
7.18634
7.19106
7.19544
7.19948
7.20322
7.20667
7.20986
7.2128
7.21551
7.21801
7.22032
7.22245
7.22442
7.22623
7.22791
7.22946
7.23089
7.23222
7.23345
7.23459
7.23565
7.23663
7.23755
7.23839
7.23918
7.23992
7.2406
7.24123
7.24181
7.24236
7.24286
7.24332
7.24374
7.24412
7.24447
7.24478
7.24505
7.2453
7.24551
7.24569
7.24585
7.24597
7.24608
7.24616
7.24621
7.24626
7.24628
7.24629
7.24629
7.24629
7.24628
7.24626
7.24624
7.24623
7.24622
6.64069
6.65015
6.6609
6.67257
6.68501
6.69819
6.71206
6.72655
6.74158
6.7571
6.77303
6.78931
6.80587
6.82264
6.83956
6.85656
6.87357
6.89053
6.90739
6.92408
6.94056
6.95677
6.97266
6.98818
7.00331
7.01799
7.0322
7.0459
7.05907
7.07169
7.08375
7.09523
7.10612
7.11643
7.12615
7.13529
7.14386
7.15187
7.15934
7.16629
7.17274
7.17871
7.18423
7.18933
7.19403
7.19835
7.20233
7.20598
7.20934
7.21241
7.21524
7.21783
7.22021
7.22239
7.2244
7.22624
7.22793
7.22949
7.23093
7.23225
7.23348
7.23461
7.23566
7.23663
7.23753
7.23837
7.23914
7.23986
7.24053
7.24116
7.24174
7.24227
7.24276
7.24322
7.24364
7.24402
7.24436
7.24467
7.24495
7.2452
7.24541
7.2456
7.24576
7.24589
7.246
7.24609
7.24615
7.2462
7.24624
7.24626
7.24627
7.24628
7.24628
7.24627
7.24627
7.24626
7.24625
7.24625
7.24625
7.24625
6.65332
6.66267
6.67368
6.68569
6.69848
6.71201
6.72625
6.74112
6.75655
6.77246
6.78878
6.80545
6.82237
6.83949
6.85674
6.87404
6.89132
6.90852
6.92558
6.94243
6.95903
6.97531
6.99122
7.00672
7.02177
7.03632
7.05034
7.06381
7.07669
7.08897
7.10063
7.11167
7.12207
7.13185
7.141
7.14954
7.15748
7.16484
7.17166
7.17794
7.18373
7.18904
7.19392
7.19838
7.20247
7.2062
7.20961
7.21273
7.21558
7.21818
7.22057
7.22274
7.22474
7.22657
7.22825
7.22979
7.23121
7.23252
7.23373
7.23485
7.23589
7.23685
7.23775
7.23858
7.23936
7.24008
7.24075
7.24137
7.24194
7.24248
7.24297
7.24342
7.24383
7.2442
7.24454
7.24484
7.24511
7.24534
7.24554
7.24571
7.24585
7.24597
7.24606
7.24613
7.24619
7.24623
7.24625
7.24627
7.24628
7.24628
7.24628
7.24627
7.24627
7.24626
7.24626
7.24625
7.24625
7.24625
7.24625
7.24625
6.66003
6.66961
6.68128
6.69402
6.70757
6.72191
6.73701
6.75276
6.7691
6.78593
6.80317
6.82073
6.83854
6.85649
6.87453
6.89256
6.91051
6.9283
6.94587
6.96315
6.98007
6.99658
7.01262
7.02815
7.04313
7.0575
7.07126
7.08436
7.09679
7.10853
7.11959
7.12995
7.13963
7.14864
7.15699
7.16471
7.17183
7.17837
7.18437
7.18985
7.19486
7.19943
7.2036
7.20739
7.21084
7.21398
7.21684
7.21945
7.22182
7.22398
7.22596
7.22777
7.22942
7.23093
7.23233
7.2336
7.23478
7.23587
7.23687
7.2378
7.23866
7.23946
7.24019
7.24087
7.2415
7.24208
7.24262
7.24311
7.24355
7.24396
7.24433
7.24465
7.24494
7.2452
7.24542
7.24561
7.24577
7.2459
7.24601
7.2461
7.24616
7.24621
7.24624
7.24627
7.24628
7.24628
7.24628
7.24628
7.24627
7.24627
7.24626
7.24626
7.24625
7.24625
7.24625
7.24625
7.24625
7.24625
7.24625
7.24625
)
;

boundaryField
{
    jetInlet
    {
        type            zeroGradient;
    }
    returnOutlet
    {
        type            fixedValue;
        value           uniform 0;
    }
    flatBed
    {
        type            zeroGradient;
    }
    slope
    {
        type            zeroGradient;
    }
    top
    {
        type            symmetryPlane;
    }
    frontAndBack
    {
        type            empty;
    }
    defaultFaces
    {
        type            empty;
    }
}


// ************************************************************************* //
