/*--------------------------------*- C++ -*----------------------------------*\
| =========                 |                                                 |
| \\      /  F ield         | OpenFOAM: The Open Source CFD Toolbox           |
|  \\    /   O peration     | Version:  2206                                  |
|   \\  /    A nd           | Website:  www.openfoam.com                      |
|    \\/     M anipulation  |                                                 |
\*---------------------------------------------------------------------------*/
FoamFile
{
    version     2.0;
    format      ascii;
    arch        "LSB;label=32;scalar=64";
    class       volScalarField;
    location    "2000";
    object      epsilon;
}
// * * * * * * * * * * * * * * * * * * * * * * * * * * * * * * * * * * * * * //

dimensions      [0 2 -3 0 0 0 0];

internalField   nonuniform List<scalar> 
10000
(
3.13355
3.20954
3.28132
3.34814
3.40921
3.4638
3.51135
3.55185
3.58623
3.60108
3.59342
3.56161
3.50503
3.42401
3.31971
3.19407
3.04963
2.88943
2.71682
2.53538
2.34873
2.16042
1.97381
1.79195
1.61747
1.45247
1.29855
1.15673
1.02748
0.910832
0.806428
0.71362
0.631576
0.559359
0.495996
0.440533
0.392063
0.34975
0.312835
0.28064
0.25256
0.228062
0.206677
0.187993
0.171651
0.15734
0.144792
0.133777
0.124101
0.1156
0.108137
0.101596
0.0958843
0.0909205
0.0866368
0.0829743
0.0798802
0.0773065
0.0752085
0.0735444
0.0722751
0.0713639
0.070777
0.0704833
0.0704547
0.0706658
0.0710941
0.0717193
0.0725237
0.0734914
0.0746029
0.0758383
0.0771943
0.0786716
0.0802665
0.0819608
0.0837444
0.0856089
0.0875459
0.0895471
0.0916036
0.0937057
0.0958425
0.0980014
0.100167
0.102321
0.104441
0.106496
0.10845
0.110252
0.11184
0.113126
0.113993
0.114282
0.113771
0.11214
0.108891
0.103259
0.0942606
0.0812535
1.69939
1.71646
1.73016
1.74108
1.74853
1.75273
1.75395
1.7525
1.74878
1.738
1.7189
1.6908
1.65337
1.60661
1.55082
1.48666
1.41506
1.33718
1.25437
1.16808
1.07983
0.991145
0.903468
0.81814
0.736331
0.659001
0.586876
0.520433
0.45991
0.40533
0.356535
0.313229
0.275027
0.241488
0.212153
0.186569
0.164305
0.144964
0.128184
0.113645
0.101058
0.0901713
0.0807631
0.0726386
0.065628
0.0595836
0.0543775
0.0498994
0.0460547
0.0427625
0.039954
0.0375704
0.0355614
0.0338838
0.0324999
0.0313767
0.0304844
0.0297967
0.0292895
0.0289411
0.028732
0.0286449
0.0286645
0.0287775
0.0289723
0.0292389
0.0295688
0.0299548
0.0303906
0.030871
0.0313923
0.0319469
0.0325343
0.0331551
0.033807
0.0344848
0.0351865
0.0359103
0.0366543
0.0374166
0.0381952
0.0389882
0.0397931
0.0406073
0.0414276
0.0422499
0.0430696
0.0438807
0.0446755
0.0454444
0.046175
0.0468512
0.0474519
0.0479491
0.0483045
0.0484673
0.048379
0.0479627
0.0469676
0.0447042
1.64286
1.65747
1.67043
1.68197
1.69186
1.70042
1.70766
1.71324
1.71652
1.71486
1.70607
1.68885
1.66233
1.62606
1.58002
1.52459
1.46053
1.3889
1.31095
1.22812
1.14194
1.05394
0.96567
0.878571
0.79397
0.713017
0.636644
0.565545
0.500161
0.440692
0.387124
0.339269
0.296809
0.259345
0.226431
0.197614
0.17245
0.150527
0.131465
0.114925
0.100602
0.088229
0.0775658
0.0684007
0.0605458
0.0538339
0.0481168
0.0432634
0.0391582
0.0356999
0.0328003
0.0303827
0.0283813
0.026739
0.0254068
0.0243422
0.0235084
0.0228733
0.0224086
0.0220897
0.0218949
0.0218054
0.0218049
0.0218796
0.0220179
0.02221
0.0224478
0.022725
0.0230362
0.0233779
0.0237456
0.0241365
0.0245493
0.0249836
0.0254389
0.0259125
0.0264037
0.0269122
0.0274377
0.0279802
0.0285395
0.0291158
0.0297093
0.0303202
0.0309486
0.0315947
0.0322585
0.03294
0.0336385
0.0343531
0.0350815
0.0358201
0.0365625
0.0372973
0.0380051
0.0386532
0.0391916
0.0395282
0.0394088
0.0383086
1.8124
1.83125
1.85117
1.87181
1.89282
1.9143
1.93588
1.95668
1.9754
1.98948
1.99541
1.99099
1.97472
1.94572
1.90379
1.84929
1.78308
1.70641
1.62081
1.52796
1.42968
1.32778
1.22412
1.12045
1.01845
0.919615
0.825254
0.736404
0.65382
0.577959
0.508999
0.446874
0.391324
0.341953
0.298282
0.259794
0.225972
0.196323
0.170392
0.147767
0.128082
0.111007
0.0962508
0.0835487
0.0726632
0.0633783
0.0554973
0.0488411
0.0432475
0.0385704
0.0346796
0.0314603
0.0288122
0.0266488
0.0248956
0.0234896
0.0223768
0.0215115
0.0208548
0.0203734
0.0200391
0.0198275
0.0197181
0.0196935
0.0197392
0.0198432
0.0199958
0.0201892
0.0204171
0.020675
0.0209586
0.0212651
0.0215931
0.0219416
0.0223099
0.022697
0.0231023
0.0235258
0.0239679
0.0244291
0.02491
0.0254117
0.025935
0.0264814
0.027052
0.0276484
0.028272
0.0289243
0.0296065
0.0303196
0.0310635
0.0318365
0.0326343
0.033448
0.0342606
0.0350428
0.035747
0.0362913
0.0364961
0.0360704
2.07347
2.09996
2.13105
2.166
2.2042
2.24533
2.28837
2.33163
2.37286
2.40886
2.43444
2.44622
2.44192
2.4203
2.38108
2.32482
2.25273
2.16649
2.06809
1.95966
1.84341
1.72155
1.59625
1.46965
1.34376
1.22049
1.10155
0.988376
0.882117
0.783563
0.693154
0.611004
0.536949
0.470621
0.41151
0.359028
0.312566
0.271531
0.235369
0.20358
0.175717
0.151381
0.130214
0.111892
0.096121
0.0826277
0.0711571
0.0614702
0.0533437
0.0465699
0.0409585
0.0363371
0.0325526
0.0294708
0.0269763
0.024971
0.0233721
0.0221106
0.021129
0.0203793
0.0198217
0.0194227
0.0191546
0.0189942
0.0189224
0.0189233
0.0189843
0.0190949
0.0192472
0.0194346
0.0196523
0.0198967
0.0201655
0.0204571
0.0207707
0.0211055
0.0214607
0.0218363
0.0222328
0.0226509
0.0230913
0.0235552
0.0240439
0.0245589
0.0251018
0.0256742
0.0262779
0.0269146
0.0275857
0.0282921
0.0290337
0.0298087
0.030613
0.0314379
0.0322684
0.0330795
0.0338333
0.0344703
0.0348804
0.0349128
2.3805
2.41745
2.46353
2.51787
2.57974
2.64807
2.72084
2.79508
2.86714
2.93238
2.98353
3.01571
3.0258
3.01228
2.97505
2.91516
2.83447
2.7354
2.62064
2.49296
2.35507
2.20961
2.05909
1.90593
1.75246
1.6009
1.45335
1.31165
1.17738
1.0517
0.935406
0.828841
0.732004
0.644599
0.566115
0.495908
0.433275
0.377518
0.327979
0.284063
0.245237
0.211029
0.181018
0.154826
0.132105
0.11253
0.0957946
0.0816003
0.0696606
0.0596992
0.0514534
0.0446772
0.0391454
0.0346562
0.0310327
0.0281234
0.0258002
0.0239568
0.0225056
0.0213748
0.0205059
0.0198512
0.0193714
0.0190346
0.0188147
0.0186904
0.0186443
0.0186627
0.0187345
0.0188509
0.0190053
0.0191928
0.01941
0.0196544
0.0199244
0.0202189
0.0205369
0.0208781
0.0212425
0.0216308
0.0220437
0.022482
0.0229471
0.0234403
0.0239631
0.0245169
0.0251033
0.0257238
0.0263792
0.0270703
0.0277964
0.0285557
0.029344
0.0301535
0.0309719
0.0317797
0.0325493
0.0332407
0.0337887
0.0341152
2.70299
2.75313
2.81827
2.8979
2.99127
3.09615
3.20892
3.32477
3.43799
3.54122
3.62465
3.68162
3.70823
3.70301
3.66644
3.6005
3.50815
3.39291
3.25847
3.10841
2.9461
2.77462
2.59677
2.41515
2.23226
2.05052
1.87228
1.69973
1.53482
1.37915
1.23388
1.09967
0.976745
0.864941
0.763799
0.672648
0.590709
0.517185
0.451319
0.392421
0.339881
0.293157
0.251772
0.215299
0.183352
0.155569
0.131604
0.111116
0.093768
0.0792211
0.067141
0.0572016
0.0490923
0.0425249
0.0372396
0.0330087
0.0296372
0.0269623
0.0248499
0.0231911
0.0218981
0.0209007
0.0201422
0.0195772
0.0191694
0.0188892
0.0187132
0.0186223
0.0186014
0.0186386
0.0187247
0.018853
0.0190184
0.019217
0.0194461
0.0197039
0.019989
0.0203004
0.0206377
0.021001
0.0213908
0.0218076
0.0222525
0.0227265
0.0232307
0.0237663
0.0243346
0.0249364
0.0255725
0.026243
0.0269473
0.0276833
0.0284472
0.0292327
0.0300301
0.0308251
0.0315982
0.0323236
0.0329628
0.0334745
3.01467
3.08101
3.17027
3.28295
3.41825
3.57186
3.73768
3.90836
4.07536
4.22633
4.34851
4.43345
4.47696
4.47828
4.43918
4.36323
4.255
4.1195
3.96171
3.78627
3.59727
3.39822
3.19214
2.98167
2.76927
2.55734
2.34829
2.14448
1.94817
1.76134
1.58553
1.42178
1.27059
1.13202
1.00572
0.891044
0.787173
0.693228
0.608372
0.531843
0.462968
0.401147
0.345856
0.296634
0.253068
0.214778
0.181399
0.152568
0.127918
0.107071
0.0896363
0.0752176
0.0634186
0.0538553
0.0461679
0.0400298
0.0351543
0.0312975
0.0282567
0.025867
0.0239961
0.022539
0.0214125
0.020551
0.0199025
0.0194259
0.0190886
0.0188645
0.0187326
0.0186767
0.0186844
0.0187463
0.018855
0.0190048
0.0191915
0.0194122
0.0196645
0.0199468
0.020258
0.0205975
0.0209653
0.0213617
0.021787
0.0222421
0.0227277
0.0232446
0.0237937
0.0243755
0.0249905
0.0256386
0.0263189
0.0270297
0.0277678
0.0285283
0.0293039
0.0300842
0.0308561
0.031603
0.0323025
0.0329326
3.2934
3.38008
3.50114
3.65882
3.85126
4.07019
4.30564
4.54688
4.78166
4.98883
5.15298
5.26473
5.32089
5.32269
5.27428
5.18158
5.05133
4.89038
4.70519
4.5015
4.28413
4.057
3.82319
3.58517
3.34511
3.10512
2.86737
2.63418
2.40792
2.19083
1.98484
1.79134
1.61116
1.44465
1.29173
1.15182
1.02409
0.90761
0.801517
0.705021
0.617424
0.53809
0.466464
0.402068
0.344483
0.293325
0.248228
0.208831
0.174764
0.145636
0.121029
0.100501
0.0835868
0.0698158
0.0587233
0.0498691
0.042852
0.0373199
0.0329741
0.0295686
0.0269054
0.0248275
0.0232116
0.0219616
0.0210025
0.020276
0.0197361
0.0193468
0.019079
0.0189111
0.0188259
0.0188103
0.018854
0.018949
0.019089
0.0192695
0.0194869
0.0197387
0.0200228
0.020338
0.0206835
0.021059
0.0214646
0.0219005
0.0223671
0.0228649
0.0233944
0.0239559
0.0245496
0.0251752
0.0258321
0.0265187
0.0272325
0.0279699
0.0287253
0.0294918
0.0302604
0.0310206
0.0317595
0.0324653
3.52344
3.63825
3.80607
4.02994
4.30371
4.61152
4.93735
5.26603
5.57956
5.84374
6.043
6.16999
6.22511
6.21355
6.14315
6.02293
5.86213
5.66948
5.45278
5.21869
4.97259
4.71858
4.45956
4.19758
3.93424
3.67102
3.40953
3.15169
2.89971
2.65595
2.42259
2.20134
1.99334
1.79937
1.61978
1.4541
1.30153
1.16118
1.03219
0.913844
0.8055
0.706518
0.616335
0.534482
0.460568
0.394223
0.335096
0.282849
0.237133
0.197569
0.163746
0.135206
0.111452
0.0919513
0.0761518
0.0635012
0.0534711
0.0455786
0.0394002
0.0345792
0.0308236
0.0279008
0.0256285
0.0238651
0.0225017
0.0214542
0.0206579
0.0200614
0.0196256
0.0193207
0.0191234
0.0190156
0.018983
0.0190145
0.0191012
0.0192366
0.0194155
0.0196339
0.019889
0.0201783
0.0205004
0.0208543
0.0212394
0.0216557
0.022103
0.0225816
0.0230915
0.023633
0.024206
0.0248102
0.0254452
0.0261095
0.0268015
0.0275182
0.0282559
0.0290097
0.0297736
0.0305412
0.031305
0.0320589
3.6965
3.86062
4.10968
4.44097
4.83599
5.26601
5.70616
6.1351
6.52037
6.82011
7.02516
7.13618
7.16092
7.11061
6.99775
6.83466
6.6327
6.4019
6.15078
5.88627
5.61376
5.33708
5.05863
4.77971
4.50097
4.22295
3.94636
3.6723
3.40249
3.13911
2.88444
2.6404
2.4083
2.18944
1.98503
1.79468
1.61766
1.45317
1.30044
1.15899
1.02843
0.908111
0.797486
0.696146
0.603799
0.520101
0.444728
0.377395
0.317792
0.265578
0.220372
0.181737
0.14918
0.122149
0.10004
0.0822141
0.0680237
0.0568456
0.0481093
0.0413167
0.0360499
0.0319704
0.0288106
0.026363
0.0244683
0.0230051
0.021881
0.021023
0.0203775
0.0199038
0.0195699
0.0193511
0.0192277
0.0191845
0.0192094
0.0192932
0.0194285
0.0196098
0.0198327
0.0200939
0.0203909
0.020722
0.0210859
0.0214819
0.0219096
0.0223689
0.0228596
0.0233816
0.0239349
0.0245192
0.0251339
0.0257781
0.0264505
0.0271489
0.0278708
0.0286128
0.0293708
0.030141
0.0309193
0.0317024
3.80215
4.10062
4.51288
5.03022
5.60691
6.19776
6.76678
7.2822
7.67474
7.94054
8.08349
8.11861
8.06386
7.93711
7.75474
7.53098
7.27779
7.00495
6.72029
6.42988
6.13819
5.84811
5.56104
5.27713
4.99579
4.7163
4.43809
4.16111
3.88608
3.61467
3.349
3.09103
2.84187
2.60336
2.37864
2.16693
1.96768
1.78029
1.60412
1.43923
1.28584
1.14322
1.01082
0.888364
0.775855
0.672941
0.579323
0.494837
0.419229
0.352209
0.293457
0.242579
0.199119
0.162553
0.132276
0.107608
0.0878166
0.0721506
0.059887
0.050365
0.0430093
0.0373408
0.0329739
0.0296069
0.0270083
0.0250022
0.0234551
0.0222642
0.0213554
0.0206722
0.0201708
0.0198173
0.0195851
0.0194534
0.0194058
0.0194297
0.0195151
0.0196543
0.0198414
0.0200717
0.0203414
0.020648
0.0209895
0.0213646
0.0217724
0.0222123
0.022684
0.0231872
0.0237217
0.0242872
0.0248831
0.0255089
0.0261635
0.0268453
0.0275526
0.0282829
0.0290338
0.0298027
0.0305875
0.0313868
3.98278
4.60766
5.35621
6.1763
6.98615
7.72719
8.35335
8.80288
9.05997
9.15753
9.12753
9.00084
8.80369
8.55728
8.27821
7.97922
7.66992
7.35747
7.04711
6.74255
6.44621
6.15922
5.88139
5.61126
5.34666
5.08529
4.82502
4.56423
4.30233
4.04002
3.77897
3.52109
3.26819
3.02237
2.78565
2.55878
2.34197
2.13511
1.93742
1.75003
1.57464
1.40995
1.25537
1.11081
0.977101
0.853688
0.740216
0.636853
0.543398
0.459611
0.38529
0.320094
0.263623
0.215426
0.174955
0.14155
0.114445
0.0928017
0.0757654
0.0625107
0.0522847
0.0444348
0.0384207
0.0338113
0.0302731
0.0275525
0.0254537
0.0238356
0.0225937
0.0216491
0.0209413
0.0204237
0.0200602
0.0198228
0.0196897
0.0196436
0.0196714
0.0197625
0.0199091
0.0201049
0.0203447
0.0206248
0.0209424
0.0212955
0.0216827
0.022103
0.0225557
0.0230404
0.0235567
0.0241042
0.0246825
0.0252911
0.025929
0.0265952
0.0272883
0.0280068
0.0287489
0.029513
0.0302983
0.0311042
4.88228
6.39499
7.68648
8.7999
9.68224
10.307
10.6001
10.6152
10.4528
10.1778
9.83716
9.46293
9.07598
8.68954
8.31182
7.94783
7.60053
7.27158
6.96171
6.67104
6.3991
6.14474
5.90584
5.67917
5.46075
5.24645
5.03228
4.81471
4.5915
4.36203
4.12716
3.88848
3.64811
3.4087
3.17237
2.94074
2.71495
2.49587
2.28411
2.08078
1.88688
1.70237
1.52683
1.36018
1.20562
1.06153
0.927242
0.803953
0.691366
0.589225
0.497637
0.416295
0.344843
0.282967
0.230235
0.186067
0.149738
0.120375
0.0970409
0.0787758
0.0646526
0.0538257
0.0455655
0.0392715
0.0344711
0.0307999
0.0279775
0.0258074
0.0241416
0.0228689
0.0219051
0.0211865
0.0206641
0.0203001
0.0200654
0.0199373
0.019898
0.0199339
0.0200343
0.0201912
0.0203977
0.0206488
0.0209406
0.0212703
0.0216359
0.022036
0.0224694
0.0229356
0.0234338
0.0239638
0.0245249
0.0251166
0.0257384
0.0263893
0.0270683
0.0277741
0.0285057
0.029262
0.0300428
0.0308481
11.0254
13.0264
13.9091
14.0386
13.6678
12.9503
12.1151
11.2873
10.5216
9.83502
9.22695
8.68924
8.21193
7.78599
7.40425
7.06134
6.75329
6.47707
6.23017
6.01036
5.81543
5.64292
5.48953
5.35085
5.22131
5.09491
4.96545
4.82707
4.67559
4.50917
4.32788
4.13298
3.92667
3.7122
3.49277
3.27102
3.0492
2.82922
2.61273
2.40123
2.19623
1.99865
1.80877
1.62718
1.45511
1.29231
1.13734
0.994537
0.862692
0.741276
0.631355
0.532551
0.444472
0.367086
0.30014
0.243193
0.195654
0.156658
0.12526
0.100433
0.0811136
0.0662703
0.0549653
0.0463887
0.039889
0.034939
0.0311614
0.0282737
0.0260649
0.0243778
0.0230953
0.0221294
0.0214137
0.0208975
0.0205419
0.0203168
0.0201993
0.0201711
0.0202186
0.0203312
0.0205003
0.0207192
0.0209827
0.0212871
0.0216297
0.0220084
0.0224218
0.0228688
0.0233487
0.0238609
0.0244048
0.0249798
0.0255853
0.0262206
0.0268848
0.027577
0.0282963
0.029042
0.0298141
0.0306132
0.29366
0.816193
1.50833
2.28581
3.06309
3.76314
4.34238
4.78167
5.08126
5.25517
5.3253
5.31633
5.25204
5.15329
5.03709
4.91662
4.80153
4.69851
4.6119
4.54425
4.49669
4.46908
4.45959
4.46458
4.47778
4.49149
4.49679
4.48304
4.44123
4.37307
4.27987
4.16326
4.0253
3.868
3.69474
3.50907
3.31442
3.11392
2.91033
2.70611
2.50339
2.30385
2.10879
1.9194
1.73676
1.56144
1.39382
1.23504
1.08503
0.942242
0.810919
0.691235
0.582439
0.485347
0.399973
0.326045
0.263326
0.210922
0.167991
0.133531
0.106402
0.0854067
0.0693829
0.057238
0.0480485
0.0411038
0.0358521
0.0318715
0.0288471
0.0265466
0.0247986
0.0234762
0.0224852
0.0217544
0.0212301
0.0208712
0.0206464
0.0205314
0.0205076
0.0205609
0.0206803
0.0208569
0.0210837
0.0213557
0.0216692
0.0220212
0.0224099
0.0228337
0.0232916
0.0237826
0.0243061
0.0248614
0.0254479
0.0260648
0.0267113
0.0273868
0.0280905
0.028822
0.0295814
0.0303693
0.00504631
0.0148161
0.0307705
0.0518773
0.0767646
0.116451
0.171954
0.242558
0.326161
0.419895
0.520783
0.626272
0.73458
0.844872
0.957309
1.07301
1.19395
1.32288
1.46314
1.61837
1.79213
1.98664
2.19854
2.41254
2.62327
2.82427
3.00909
3.17385
3.31625
3.42918
3.50857
3.55291
3.56264
3.53943
3.48547
3.40373
3.29768
3.17107
3.02771
2.87133
2.70539
2.53299
2.35683
2.17932
2.00252
1.8281
1.65749
1.49201
1.33247
1.17945
1.0343
0.89749
0.768096
0.650452
0.5445
0.449764
0.366854
0.295712
0.236038
0.187066
0.147763
0.11686
0.0929766
0.074793
0.0610934
0.0508279
0.043146
0.0373884
0.03306
0.0297961
0.0273301
0.0254677
0.0240663
0.0230206
0.0222522
0.0217021
0.0213257
0.0210892
0.0209666
0.0209383
0.0209897
0.021109
0.0212866
0.0215155
0.0217906
0.022108
0.0224649
0.022859
0.0232888
0.0237531
0.0242509
0.0247812
0.0253433
0.0259363
0.0265596
0.0272124
0.0278941
0.0286043
0.0293432
0.0301115
0.00103899
0.00118216
0.00143612
0.00174454
0.0019777
0.00229541
0.00277136
0.00348645
0.00455699
0.00613941
0.00842684
0.011642
0.016035
0.0218928
0.0295654
0.0395089
0.0523487
0.0689705
0.090648
0.119088
0.155955
0.20405
0.2692
0.365896
0.498277
0.668662
0.876362
1.11696
1.38201
1.65845
1.93077
2.18364
2.40442
2.58461
2.72005
2.81013
2.85678
2.86349
2.83463
2.77495
2.68924
2.58217
2.45807
2.32094
2.17438
2.02152
1.86514
1.70762
1.5509
1.39668
1.24654
1.10162
0.962825
0.831717
0.708665
0.594166
0.492342
0.402077
0.32416
0.258275
0.203932
0.160183
0.125789
0.0993122
0.0792711
0.064275
0.0531218
0.044839
0.0386772
0.0340778
0.0306326
0.0280455
0.0261023
0.0246471
0.0235656
0.0227733
0.0222071
0.0218198
0.0215759
0.0214483
0.0214169
0.0214669
0.0215855
0.0217634
0.0219934
0.0222702
0.0225901
0.02295
0.0233478
0.0237816
0.0242501
0.024752
0.0252864
0.0258523
0.0264488
0.0270751
0.0277306
0.0284151
0.0291285
0.0298715
0.000997988
0.000997353
0.000999365
0.00100383
0.00100938
0.00101857
0.00103269
0.00105303
0.00108116
0.00111917
0.00116993
0.00123726
0.00132607
0.00144268
0.00159533
0.00179537
0.00205921
0.00240932
0.00288082
0.00366095
0.00576209
0.0100884
0.0180581
0.0321508
0.0559267
0.0940762
0.152221
0.236396
0.352132
0.503069
0.689449
0.906922
1.14624
1.39427
1.63619
1.85801
2.04868
2.20105
2.31181
2.38081
2.41017
2.40343
2.3649
2.29921
2.21098
2.10462
1.98424
1.85352
1.71574
1.57378
1.43017
1.28702
1.14619
1.00939
0.877922
0.75302
0.636272
0.527317
0.431369
0.347548
0.276426
0.217536
0.170093
0.132846
0.104271
0.0827479
0.066738
0.0549074
0.0461793
0.0397282
0.0349425
0.0313781
0.0287154
0.0267245
0.025239
0.0241379
0.0233325
0.0227569
0.0223625
0.0221127
0.0219801
0.0219454
0.0219924
0.0221084
0.0222843
0.0225129
0.022789
0.0231088
0.0234691
0.0238676
0.0243023
0.0247717
0.0252744
0.0258092
0.026375
0.026971
0.0275964
0.0282508
0.0289342
0.0296473
0.00099705
0.000994012
0.000991228
0.000988933
0.000987294
0.000986521
0.00098688
0.000988727
0.000992553
0.000998976
0.00100872
0.00102257
0.00104138
0.00106601
0.00109732
0.00113616
0.00118349
0.00124321
0.00132298
0.00143541
0.00162742
0.00200515
0.00278471
0.00439431
0.00762191
0.0137967
0.0249834
0.044167
0.0753595
0.12349
0.193965
0.291827
0.420547
0.580671
0.76873
0.976953
1.19409
1.4072
1.60386
1.7739
1.91041
2.00983
2.07144
2.09674
2.08866
2.05101
1.98804
1.90404
1.80319
1.68939
1.56622
1.43686
1.30411
1.17046
1.03803
0.90871
0.784223
0.665922
0.555878
0.454162
0.365865
0.290333
0.227776
0.177392
0.13793
0.107779
0.0851849
0.0684735
0.0561972
0.0471929
0.0405743
0.0356893
0.0320674
0.0293719
0.0273622
0.0258654
0.0247564
0.0239441
0.0233619
0.0229605
0.0227035
0.0225639
0.0225227
0.0225633
0.0226733
0.0228437
0.0230674
0.0233394
0.0236555
0.0240126
0.0244081
0.0248399
0.0253063
0.0258056
0.0263366
0.0268981
0.0274893
0.0281097
0.0287591
0.0294381
0.000996983
0.000993823
0.000990709
0.000987834
0.000985474
0.000983976
0.000983744
0.000985211
0.000988808
0.000994959
0.00100409
0.00101662
0.00103302
0.00105378
0.00107944
0.0011106
0.00114792
0.00119222
0.00124471
0.00130723
0.00138402
0.00148606
0.00164031
0.00190977
0.00243199
0.00348529
0.00559097
0.00965089
0.017107
0.0301075
0.0516471
0.0855954
0.136494
0.209031
0.307177
0.433053
0.585816
0.760944
0.950336
1.14337
1.32861
1.4956
1.63614
1.74493
1.81946
1.85963
1.86715
1.84495
1.79668
1.72631
1.63789
1.53532
1.42222
1.30191
1.17736
1.05118
0.925741
0.803119
0.685343
0.574037
0.471393
0.37865
0.299899
0.234525
0.181971
0.140985
0.109826
0.0866046
0.0695256
0.0570467
0.0479387
0.041273
0.0363709
0.0327463
0.0300534
0.0280464
0.02655
0.0254382
0.0246198
0.0240288
0.0236165
0.0233473
0.0231968
0.0231442
0.0231735
0.0232729
0.0234333
0.0236479
0.0239115
0.0242199
0.0245696
0.024958
0.0253826
0.0258415
0.0263331
0.0268559
0.0274089
0.0279913
0.0286029
0.0292441
0.00099701
0.000993892
0.000990822
0.000987938
0.000985429
0.00098352
0.000982467
0.000982561
0.000984132
0.000987555
0.00099326
0.00100173
0.0010135
0.00102915
0.00104933
0.00107475
0.00110615
0.0011443
0.00118999
0.00124407
0.00130757
0.00138222
0.00147183
0.00158592
0.00174788
0.00201184
0.00249418
0.00342747
0.00524319
0.0086832
0.0149316
0.0257561
0.0436383
0.0718279
0.114222
0.174983
0.257858
0.365243
0.497171
0.650557
0.819045
0.993689
1.1643
1.32101
1.45561
1.56227
1.63775
1.68114
1.69341
1.67688
1.63475
1.57069
1.48854
1.3921
1.28495
1.17041
1.0515
0.930977
0.811344
0.694905
0.583936
0.48046
0.386435
0.305035
0.237669
0.183829
0.142063
0.110497
0.08711
0.0700017
0.0575586
0.0485098
0.0419047
0.0370543
0.0334686
0.0308012
0.0288074
0.0273137
0.0261962
0.0253661
0.0247591
0.0243287
0.0240409
0.0238722
0.0238017
0.0238139
0.0238972
0.0240427
0.0242435
0.0244942
0.0247904
0.0251284
0.0255051
0.0259182
0.0263653
0.0268448
0.0273554
0.027896
0.0284661
0.0290661
0.000997091
0.000994047
0.000991084
0.000988309
0.000985882
0.000984002
0.00098291
0.000982884
0.000984243
0.000987346
0.000992589
0.00100041
0.00101127
0.00102571
0.00104425
0.0010675
0.00109608
0.00113066
0.00117195
0.00122074
0.00127786
0.00134422
0.001421
0.00151016
0.00161606
0.00174935
0.00193542
0.00223109
0.00275471
0.00373607
0.00559054
0.00901665
0.0151103
0.0254881
0.0424003
0.0687774
0.108122
0.164173
0.240303
0.33869
0.459417
0.599775
0.754108
0.914364
1.07126
1.21569
1.33991
1.4383
1.50758
1.54664
1.55621
1.53836
1.49603
1.43269
1.352
1.25764
1.15311
1.0417
0.926491
0.810333
0.69593
0.585845
0.482563
0.38856
0.305472
0.23735
0.183142
0.14136
0.109995
0.0868958
0.0700774
0.0578839
0.0490308
0.0425686
0.0378156
0.0342901
0.0316541
0.02967
0.0281701
0.0270358
0.026182
0.0255476
0.025088
0.0247739
0.024579
0.0244835
0.0244724
0.0245341
0.0246597
0.024842
0.0250753
0.0253548
0.0256767
0.0260376
0.0264348
0.0268662
0.0273299
0.0278247
0.0283498
0.0289053
0.000997208
0.000994248
0.000991394
0.000988733
0.000986383
0.000984496
0.000983254
0.000982875
0.000983618
0.000985784
0.000989728
0.000995855
0.00100463
0.00101657
0.00103225
0.00105229
0.00107735
0.00110814
0.00114542
0.00118996
0.00124258
0.00130411
0.00137544
0.00145753
0.00155172
0.0016605
0.00178956
0.00195257
0.00218097
0.00254234
0.00317214
0.0043238
0.00644007
0.0102432
0.0168382
0.0278234
0.0453852
0.0723192
0.111899
0.167529
0.242158
0.3375
0.453223
0.586376
0.731331
0.88038
1.02484
1.15633
1.26781
1.35425
1.41276
1.44252
1.44435
1.42029
1.37325
1.30658
1.22382
1.12855
1.02422
0.914153
0.801522
0.689371
0.580648
0.478195
0.384548
0.301957
0.233926
0.180248
0.139225
0.108652
0.0862548
0.0699961
0.0582162
0.0496498
0.0433735
0.0387307
0.0352607
0.0326415
0.0306481
0.0291224
0.0279524
0.0270583
0.0263825
0.0258832
0.025532
0.0253026
0.0251753
0.025135
0.02517
0.025271
0.0254305
0.0256421
0.0259009
0.0262027
0.0265439
0.0269217
0.0273339
0.0277788
0.0282552
0.028763
0.000997363
0.000994494
0.000991752
0.000989204
0.00098694
0.000985081
0.000983782
0.000983238
0.000983682
0.000985401
0.00098873
0.000994065
0.00100185
0.00101259
0.00102683
0.00104516
0.00106822
0.00109667
0.00113122
0.00117264
0.00122172
0.00127929
0.00134623
0.00142341
0.0015118
0.00161254
0.00172738
0.00185992
0.00201849
0.00222247
0.00251443
0.00298175
0.00379206
0.00524621
0.00784975
0.0123992
0.0200793
0.0325621
0.052079
0.0814004
0.123654
0.181929
0.258668
0.354911
0.469579
0.599071
0.737393
0.876883
1.00931
1.12705
1.22393
1.29575
1.34033
1.35734
1.34792
1.31428
1.25936
1.18649
1.09918
1.00098
0.895432
0.785994
0.676067
0.568956
0.467813
0.375551
0.294639
0.227856
0.175708
0.136205
0.106946
0.0855759
0.0700583
0.0587768
0.050522
0.044422
0.0398621
0.0364127
0.0337747
0.0317391
0.0301588
0.0289293
0.0279756
0.0272423
0.0266937
0.0262967
0.0260256
0.0258607
0.0257865
0.0257906
0.0258632
0.0259959
0.0261823
0.026417
0.0266953
0.0270137
0.0273693
0.02776
0.028184
0.0286408
0.000997553
0.000994791
0.000992168
0.000989726
0.000987523
0.000985655
0.000984248
0.000983461
0.000983496
0.000984606
0.000987104
0.000991366
0.000997828
0.00100698
0.00101938
0.00103562
0.00105635
0.00108224
0.00111401
0.00115245
0.00119837
0.00125262
0.00131608
0.00138966
0.00147427
0.00157085
0.00168044
0.00180446
0.00194545
0.00210906
0.00230834
0.00257242
0.00296228
0.00359711
0.00469517
0.00663128
0.0100098
0.0157494
0.0251759
0.0401083
0.0628945
0.0963302
0.1434
0.20681
0.288336
0.3881
0.503993
0.631505
0.7641
0.894099
1.01378
1.11637
1.19674
1.2517
1.27989
1.28161
1.2584
1.21272
1.14763
1.06657
0.973164
0.871175
0.764385
0.656553
0.551357
0.452285
0.362453
0.284311
0.22007
0.170421
0.133074
0.105494
0.0853223
0.070592
0.0597845
0.0517821
0.0457875
0.0412402
0.0377486
0.0350389
0.0329186
0.031251
0.0299377
0.0289067
0.0281051
0.0274967
0.027047
0.0267294
0.0265231
0.0264116
0.0263817
0.0264228
0.026526
0.0266844
0.0268922
0.0271447
0.0274383
0.02777
0.0281377
0.0285403
0.000997781
0.000995176
0.000992737
0.000990469
0.000988436
0.000986764
0.000985611
0.000985158
0.000985624
0.000987281
0.000990455
0.000995522
0.00100291
0.00101309
0.00102657
0.00104388
0.00106556
0.0010922
0.00112439
0.00116279
0.00120811
0.0012611
0.00132255
0.00139334
0.00147437
0.00156659
0.001671
0.00178871
0.00192109
0.00207031
0.0022407
0.00244194
0.00269562
0.00304737
0.00358769
0.00448473
0.00603185
0.00871023
0.0132641
0.0207857
0.0328021
0.0513362
0.0788863
0.118257
0.172203
0.24287
0.331116
0.435867
0.553762
0.679279
0.80539
0.924554
1.02974
1.11523
1.17703
1.21298
1.2226
1.20681
1.16764
1.10793
1.03109
0.94093
0.84148
0.736886
0.631284
0.528676
0.432744
0.34661
0.272521
0.212025
0.165618
0.130797
0.105002
0.0859722
0.0718962
0.0614048
0.053504
0.0474844
0.0428443
0.0392292
0.0363876
0.0341396
0.0323549
0.0309375
0.0298153
0.0289396
0.028267
0.0277617
0.0273954
0.0271459
0.0269955
0.0269298
0.0269376
0.0270096
0.0271383
0.0273177
0.0275431
0.0278109
0.028118
0.0284631
0.000998456
0.000997364
0.000997847
0.00100044
0.00100582
0.00101468
0.00102767
0.00104539
0.00106832
0.00109677
0.00113085
0.00117037
0.00121488
0.00126366
0.0013158
0.00137022
0.00142585
0.00148167
0.00153694
0.00159126
0.00164467
0.00169765
0.00175118
0.00180663
0.00186576
0.00193055
0.0020032
0.00208598
0.00218125
0.00229143
0.00241941
0.00256953
0.00275008
0.00297852
0.00329144
0.00376183
0.00452661
0.00582719
0.00806448
0.0118666
0.018167
0.0282888
0.0440159
0.0676069
0.101687
0.148967
0.211766
0.29138
0.387427
0.497381
0.616536
0.73847
0.855918
0.961756
1.04985
1.11559
1.15614
1.17039
1.15879
1.12311
1.06617
0.991534
0.903294
0.805833
0.703642
0.601135
0.502455
0.411243
0.330357
0.261596
0.205659
0.162787
0.130427
0.106143
0.0879088
0.0741443
0.0636783
0.0556524
0.0494402
0.0445885
0.0407692
0.0377435
0.0353356
0.0334151
0.0318841
0.0306683
0.029717
0.0289809
0.028421
0.0280069
0.0277145
0.027525
0.0274233
0.0273972
0.0274372
0.0275356
0.0276863
0.0278847
0.0281268
0.0284106
0.00104355
0.00114949
0.00134324
0.00164983
0.00208636
0.00266408
0.00338888
0.0042589
0.00526215
0.00637538
0.00756414
0.00878404
0.00998323
0.0111061
0.0120977
0.012909
0.0135006
0.0138471
0.0139384
0.01378
0.0133925
0.0128086
0.0120696
0.0112215
0.0103112
0.00938312
0.00847625
0.0076229
0.00684775
0.00616797
0.00559394
0.00513058
0.00477932
0.00454139
0.00442337
0.00444673
0.00466372
0.00518218
0.00620196
0.00806431
0.0113141
0.0167729
0.0256192
0.0394636
0.0603802
0.0908378
0.133472
0.190666
0.263965
0.353426
0.457097
0.570859
0.688749
0.803705
0.908517
0.996715
1.06324
1.10482
1.12003
1.10924
1.0743
1.01822
0.944882
0.858649
0.76415
0.666018
0.568672
0.476087
0.391533
0.317317
0.254607
0.203259
0.163499
0.132887
0.109362
0.0912405
0.0772598
0.0664483
0.0580478
0.0514831
0.0463234
0.0422462
0.0390093
0.0364307
0.0343728
0.0327311
0.0314307
0.0304119
0.0296185
0.0290086
0.0285497
0.0282167
0.0279895
0.0278525
0.0277932
0.0278019
0.0278708
0.0279939
0.0281663
0.0283851
0.00700723
0.0149752
0.0261346
0.0405795
0.0575762
0.0764317
0.0965266
0.117153
0.137516
0.156805
0.174245
0.189135
0.200888
0.209059
0.21339
0.213821
0.210481
0.203698
0.193916
0.181681
0.167601
0.152306
0.136405
0.120457
0.104944
0.090255
0.076678
0.0644023
0.053528
0.0440787
0.0360176
0.0292624
0.0237018
0.0192085
0.015652
0.0129108
0.010885
0.00951273
0.0087931
0.00882073
0.00983422
0.0122767
0.0168629
0.0246507
0.0371131
0.0561792
0.0841898
0.123704
0.177121
0.246112
0.330965
0.430008
0.53935
0.653129
0.764238
0.865347
0.949915
1.01295
1.05138
1.06414
1.05192
1.01687
0.962207
0.891853
0.810148
0.721574
0.63052
0.541042
0.45661
0.379868
0.312458
0.254966
0.207199
0.168907
0.138558
0.11448
0.0955576
0.0808098
0.0693259
0.0603687
0.0533631
0.0478621
0.0435232
0.0400857
0.0373526
0.0351752
0.0334418
0.0320803
0.0310068
0.0301649
0.0295114
0.0290126
0.0286421
0.0283798
0.0282095
0.028119
0.0280983
0.0281397
0.0282374
0.0283871
0.0812822
0.108463
0.139214
0.176764
0.218315
0.261464
0.305206
0.348947
0.391971
0.433531
0.472951
0.509627
0.542996
0.572529
0.597734
0.618227
0.634052
0.642371
0.642599
0.634991
0.620016
0.598373
0.570969
0.538847
0.503151
0.465115
0.425868
0.386441
0.347731
0.310468
0.275203
0.242323
0.212065
0.184546
0.159781
0.137711
0.118221
0.101165
0.0863828
0.0737234
0.063069
0.0543649
0.0476575
0.0431421
0.0412167
0.0425379
0.048063
0.0590623
0.0770743
0.10378
0.140776
0.189265
0.249693
0.321428
0.402557
0.489865
0.57904
0.665065
0.742761
0.807363
0.855043
0.883276
0.891025
0.878717
0.848077
0.801847
0.743439
0.676584
0.604978
0.531987
0.460447
0.392569
0.329975
0.273791
0.224649
0.18267
0.148616
0.121956
0.101189
0.0850838
0.0726376
0.0630079
0.0555267
0.049681
0.0450839
0.0414456
0.0385495
0.0362337
0.0343883
0.0329275
0.0317709
0.0308552
0.0301344
0.0295738
0.0291471
0.0288335
0.0286174
0.0284862
0.0284302
0.0284418
0.0250877
0.0220315
0.0194404
0.0170883
0.0152251
0.0139154
0.0130891
0.0126952
0.012698
0.0130661
0.0137702
0.0147854
0.0160917
0.0176741
0.0195219
0.0216016
0.0240177
0.034407
0.0518585
0.0737842
0.0984064
0.124451
0.15093
0.177048
0.201164
0.220594
0.234818
0.243569
0.2469
0.245284
0.239429
0.230142
0.218246
0.204507
0.189607
0.174124
0.158538
0.143233
0.128512
0.114604
0.101683
0.0898859
0.0793339
0.0701652
0.0625687
0.0568261
0.0533571
0.0527607
0.0558438
0.063621
0.0772726
0.0980479
0.127109
0.165324
0.213045
0.269882
0.334552
0.404816
0.477558
0.549008
0.615116
0.671991
0.716343
0.745838
0.759298
0.756737
0.739233
0.708697
0.667571
0.618522
0.564179
0.506956
0.448963
0.392005
0.337611
0.287048
0.241341
0.201128
0.166593
0.137795
0.114934
0.0968799
0.0826807
0.0715276
0.0627481
0.055806
0.050284
0.0458624
0.042298
0.039405
0.0370575
0.0351612
0.0336329
0.0323987
0.0314039
0.030607
0.029976
0.0294857
0.0291168
0.0288537
0.025901
0.0217244
0.018396
0.0156803
0.0134084
0.0115484
0.0100204
0.00874866
0.00767886
0.00677423
0.00600739
0.00535659
0.00480448
0.00433747
0.00394574
0.00362426
0.00337247
0.00320916
0.00315258
0.003221
0.00343788
0.00383304
0.00444168
0.00535132
0.00878474
0.0187293
0.0334837
0.0516372
0.072037
0.0920007
0.109581
0.123674
0.133752
0.139809
0.142188
0.141409
0.138047
0.13267
0.125798
0.117898
0.109379
0.10059
0.0918342
0.0833777
0.0754694
0.0683658
0.0623617
0.057825
0.0552322
0.0551982
0.0584915
0.066024
0.0788083
0.0978743
0.124146
0.158286
0.200516
0.250441
0.306919
0.367995
0.430971
0.492608
0.549461
0.598281
0.63639
0.661966
0.674163
0.673089
0.659657
0.635364
0.602065
0.56176
0.516455
0.468065
0.418371
0.368987
0.321333
0.276596
0.235696
0.199257
0.167587
0.140591
0.118447
0.100659
0.0864288
0.0750637
0.0659756
0.0586836
0.0528046
0.0480386
0.0441526
0.0409661
0.0383471
0.0362026
0.0344538
0.0330261
0.0318633
0.0309221
0.0301684
0.0295753
0.0227987
0.0192511
0.0162979
0.0138501
0.0118365
0.0101975
0.00885127
0.00773769
0.00681172
0.0060392
0.00539367
0.00485437
0.0044048
0.00403152
0.00372337
0.00347084
0.00326591
0.00310205
0.00297411
0.00287749
0.00280738
0.00275829
0.00272463
0.00270372
0.0027041
0.00275389
0.00289558
0.00320563
0.00392486
0.00799647
0.0168814
0.029952
0.0450083
0.0601096
0.0736027
0.0844296
0.0921754
0.096891
0.0988825
0.0985644
0.0963778
0.0927498
0.0880765
0.0827171
0.0769974
0.0712196
0.0656787
0.0606855
0.0565936
0.0538287
0.0529161
0.0544986
0.05934
0.0683049
0.0823108
0.102247
0.128862
0.162616
0.203517
0.250964
0.303635
0.35947
0.415797
0.469595
0.517857
0.557949
0.587895
0.606534
0.613527
0.609259
0.594686
0.571151
0.540231
0.503605
0.462965
0.419947
0.37608
0.332742
0.291122
0.252187
0.216652
0.184957
0.157296
0.133572
0.1138
0.0976793
0.0845874
0.073971
0.0653544
0.0583429
0.0526169
0.047921
0.0440534
0.0408551
0.038204
0.0360161
0.0342196
0.0327471
0.0315464
0.0305761
0.0222289
0.0187488
0.0158116
0.0134284
0.0114993
0.00994255
0.00867565
0.00764102
0.00679687
0.00611238
0.0055636
0.00513083
0.0047969
0.0045463
0.00436472
0.00423903
0.0041573
0.00410896
0.00408488
0.00407735
0.00408008
0.00408824
0.00409862
0.00411001
0.00412351
0.00414115
0.00416236
0.00418179
0.00419258
0.00420171
0.00426453
0.00464961
0.00715564
0.0131906
0.0228265
0.0346834
0.0468348
0.0576424
0.0661548
0.0720697
0.0754985
0.0767532
0.076217
0.0742798
0.0713114
0.0676529
0.0636214
0.0595216
0.0556646
0.0523912
0.0500976
0.0492597
0.050452
0.0543551
0.0617462
0.0734671
0.0903658
0.113203
0.142525
0.178503
0.220765
0.26826
0.319211
0.371225
0.421537
0.467359
0.506228
0.536263
0.556303
0.565914
0.565305
0.555202
0.536698
0.511127
0.479951
0.444669
0.406752
0.36759
0.328442
0.290405
0.254382
0.221058
0.190895
0.164129
0.140802
0.120756
0.104006
0.0901841
0.0788181
0.0694812
0.061806
0.0554853
0.050267
0.0459473
0.0423621
0.0393807
0.0369007
0.0348499
0.0331648
0.0317883
0.0206406
0.0174596
0.0147427
0.0125461
0.0108096
0.00945741
0.00841901
0.00764964
0.00711101
0.0067659
0.00657767
0.00651109
0.00653336
0.00661524
0.0067318
0.00686281
0.00699265
0.00710994
0.00720696
0.00727895
0.00732343
0.00733954
0.00732762
0.00728889
0.00722541
0.00714041
0.00703897
0.00692744
0.00681707
0.00673441
0.00668665
0.00667153
0.00672453
0.0070767
0.00842779
0.0119422
0.0185929
0.0279944
0.0383794
0.0478485
0.0552576
0.0602606
0.0629995
0.063827
0.0631489
0.0613554
0.0587997
0.0558008
0.0526575
0.0496694
0.0471604
0.0455043
0.0451479
0.0466294
0.0505863
0.0577506
0.0689239
0.0849261
0.106509
0.134227
0.168266
0.20826
0.253144
0.30113
0.349853
0.396657
0.438959
0.47456
0.501853
0.519906
0.528431
0.527699
0.518412
0.501582
0.478421
0.450241
0.418383
0.384153
0.348776
0.313359
0.278856
0.246049
0.215533
0.187711
0.162803
0.140861
0.12181
0.10546
0.0917874
0.0803977
0.070933
0.0630746
0.0565481
0.0511228
0.0466076
0.042846
0.0397109
0.037099
0.034931
0.033147
0.0193759
0.0164706
0.0139994
0.0121653
0.0109594
0.0102903
0.0100501
0.0101389
0.0104558
0.0109072
0.0114158
0.0119237
0.0123903
0.0127898
0.0131078
0.013338
0.0134804
0.0135384
0.0135181
0.0134271
0.0132736
0.0130666
0.0128155
0.0125307
0.0122231
0.0119085
0.011624
0.0113637
0.0111163
0.0108588
0.0105849
0.0103011
0.0100242
0.00979798
0.00973846
0.0101365
0.0116169
0.0151884
0.021663
0.0304447
0.039517
0.0469995
0.0520789
0.0548043
0.0556032
0.0549749
0.0533643
0.0511364
0.0485955
0.0460154
0.0436699
0.0418615
0.040948
0.0413638
0.0436368
0.0483953
0.0563631
0.0683345
0.0851195
0.107445
0.135797
0.170218
0.210104
0.254096
0.300151
0.345795
0.388485
0.425944
0.456398
0.478693
0.49229
0.497198
0.493866
0.483076
0.465828
0.443258
0.416557
0.386913
0.355462
0.323252
0.291211
0.260126
0.23063
0.203194
0.178128
0.155596
0.135634
0.118171
0.103062
0.0901464
0.0792754
0.0701489
0.0625019
0.0561014
0.0507461
0.0462663
0.0425207
0.0393927
0.0367865
0.0346231
0.0179867
0.0161516
0.0151618
0.0152765
0.0162577
0.0176769
0.0192091
0.0206641
0.0219316
0.0229578
0.0237281
0.0242507
0.0245452
0.0246361
0.0245488
0.0243084
0.0239384
0.0234603
0.0228943
0.0222589
0.0215721
0.0208523
0.0201201
0.0194112
0.0187319
0.018061
0.0173624
0.0166415
0.0159062
0.0151654
0.0144283
0.0137054
0.0130113
0.0123728
0.0118462
0.0115518
0.0117395
0.0129041
0.0158937
0.0215934
0.0296932
0.0380818
0.0445552
0.0483235
0.0497265
0.049465
0.0481565
0.0462459
0.0440435
0.0417886
0.0397024
0.0380253
0.0370472
0.0371289
0.0387195
0.0423702
0.0487382
0.0585789
0.0727109
0.0919365
0.116892
0.147827
0.184357
0.225319
0.268825
0.312524
0.353967
0.390945
0.421725
0.445152
0.460643
0.46812
0.467914
0.460668
0.447236
0.428607
0.405832
0.37997
0.352045
0.323011
0.293723
0.264919
0.237209
0.211066
0.186828
0.164706
0.1448
0.127111
0.111569
0.0980484
0.0863823
0.0763701
0.0678908
0.060733
0.0546985
0.0496172
0.0453451
0.0417613
0.0387636
0.036266
0.0249726
0.0282297
0.0317084
0.0351746
0.0381627
0.0404047
0.04193
0.0428476
0.0432622
0.0432634
0.0429262
0.042313
0.0414757
0.0404576
0.0392956
0.0380211
0.0366617
0.035242
0.0337844
0.0323111
0.0308475
0.0294323
0.0280439
0.0266451
0.0252306
0.023817
0.0224193
0.0210515
0.0197263
0.0184552
0.0172485
0.0161173
0.0150761
0.0141496
0.0133844
0.0128689
0.012769
0.0134013
0.0153538
0.0195371
0.0265418
0.034955
0.0415954
0.0448713
0.0453417
0.0443591
0.0428294
0.0410056
0.0390596
0.0371425
0.0354127
0.0340464
0.0333146
0.0335279
0.0350866
0.0384975
0.0443815
0.0534743
0.0666027
0.0846071
0.108174
0.137576
0.172405
0.211444
0.25279
0.294167
0.333286
0.36814
0.397183
0.419434
0.434425
0.442117
0.442817
0.437098
0.425718
0.409552
0.389528
0.36658
0.341609
0.315457
0.288883
0.262545
0.236991
0.212658
0.189868
0.168838
0.14969
0.132463
0.117127
0.103605
0.0917802
0.0815145
0.0726607
0.0650629
0.0585677
0.0530302
0.0483321
0.0443716
0.0410414
0.0382509
0.0731505
0.0765829
0.076949
0.0765371
0.0757284
0.0745781
0.0731186
0.0713843
0.069412
0.0672386
0.0649023
0.0624431
0.059897
0.0572938
0.054659
0.0520146
0.0493808
0.0467787
0.0442357
0.0417912
0.0394166
0.03707
0.0347715
0.0325414
0.0303959
0.0283488
0.0264113
0.024592
0.0228981
0.0213358
0.0199124
0.0186386
0.0175332
0.0166331
0.016014
0.0158343
0.0163567
0.0179472
0.0210182
0.0256435
0.0311063
0.0360131
0.0390837
0.0400516
0.0395251
0.0383225
0.03691
0.0354071
0.0339043
0.0325054
0.0313396
0.0305749
0.0304543
0.0312766
0.0334276
0.0373997
0.0438019
0.0533607
0.0668886
0.0851852
0.108839
0.137957
0.17193
0.209404
0.24848
0.287053
0.323138
0.355002
0.380778
0.400134
0.412894
0.419131
0.419172
0.413548
0.402944
0.388139
0.36995
0.349191
0.326645
0.303035
0.27901
0.255133
0.231875
0.209611
0.188624
0.169111
0.151191
0.134913
0.120272
0.107219
0.0956717
0.0855269
0.0766681
0.068973
0.0623196
0.0565909
0.0516785
0.0474835
0.0439163
0.0408966
0.137722
0.129482
0.123208
0.118013
0.113302
0.108741
0.104182
0.0995958
0.0949929
0.0903975
0.0858324
0.0813706
0.0770414
0.0728419
0.0687743
0.0648524
0.0611053
0.0575716
0.0542184
0.0509834
0.0478779
0.0449119
0.0420933
0.0394302
0.0369285
0.0345916
0.0324218
0.0304213
0.0285949
0.0269512
0.025507
0.0242908
0.0233488
0.0227495
0.022584
0.0229525
0.0239276
0.0254952
0.0275294
0.0297763
0.0318589
0.0333589
0.0340018
0.0338299
0.0331271
0.0322016
0.031225
0.030265
0.0293951
0.0287156
0.0283625
0.0285197
0.0294351
0.0314243
0.0348909
0.0403404
0.0483833
0.0597161
0.0750556
0.0950022
0.119834
0.149293
0.182476
0.21792
0.253837
0.28839
0.319906
0.346963
0.368502
0.384228
0.394091
0.398232
0.396883
0.390493
0.379849
0.365697
0.348739
0.329673
0.309161
0.287809
0.266155
0.244662
0.223714
0.203618
0.184607
0.166844
0.150429
0.135411
0.121792
0.109539
0.0985945
0.0888799
0.0803057
0.0727764
0.0661952
0.0604673
0.0555031
0.0512192
0.04754
0.0443969
0.166708
0.164165
0.158935
0.152185
0.144822
0.137357
0.130061
0.123065
0.116415
0.110111
0.104133
0.0984622
0.0930925
0.0880214
0.0832436
0.0787288
0.0744204
0.0702574
0.0662363
0.0623654
0.0586444
0.0550737
0.0516513
0.0483752
0.0452463
0.0422702
0.0394598
0.0368349
0.0344232
0.032258
0.0303755
0.0288101
0.0275897
0.0267306
0.0262343
0.0260847
0.0262434
0.0266442
0.0271921
0.027765
0.0282283
0.0284685
0.0284387
0.0281835
0.0278066
0.0274136
0.0270817
0.0268784
0.0268935
0.0272502
0.0281131
0.029698
0.0322825
0.0362135
0.0419161
0.0498916
0.0606964
0.0748894
0.0929344
0.115061
0.141113
0.170454
0.201988
0.234299
0.265859
0.295216
0.321127
0.342644
0.359198
0.370629
0.376987
0.378466
0.375372
0.368157
0.357362
0.34348
0.327376
0.30968
0.290935
0.271627
0.252182
0.232963
0.214269
0.196338
0.179348
0.163424
0.148646
0.13505
0.12264
0.111391
0.101261
0.0921883
0.0841055
0.0769381
0.0706101
0.0650464
0.0601748
0.055928
0.0522439
0.0490663
0.189164
0.18407
0.176228
0.167254
0.15807
0.149127
0.140618
0.1326
0.125047
0.117901
0.111088
0.104536
0.0981865
0.0920767
0.086204
0.0805601
0.0751485
0.0699719
0.0650348
0.0603446
0.0559085
0.051734
0.04783
0.0442067
0.040874
0.037841
0.0351149
0.0327002
0.0305981
0.0288063
0.0273185
0.0261244
0.0252092
0.0245538
0.0241341
0.0239205
0.0238775
0.0239639
0.0241347
0.0243453
0.0245585
0.0247549
0.0249413
0.025153
0.025445
0.0258824
0.0265396
0.0275095
0.0289139
0.0309109
0.0337002
0.037529
0.0426952
0.049546
0.0584683
0.0698643
0.0841066
0.10147
0.122042
0.145638
0.171743
0.199521
0.227894
0.255678
0.28172
0.30501
0.324755
0.340424
0.351758
0.358736
0.361492
0.360261
0.355368
0.347208
0.336201
0.32271
0.307332
0.290845
0.273703
0.25628
0.238897
0.221821
0.205272
0.189423
0.174404
0.160303
0.147176
0.135047
0.123917
0.113765
0.104558
0.0962479
0.0887828
0.0821047
0.0761543
0.0708728
0.0662032
0.0620918
0.058489
0.0553506
0.158957
0.15074
0.140577
0.130366
0.120633
0.111542
0.10316
0.0954744
0.0884445
0.0820217
0.0761551
0.0707949
0.0658866
0.0613336
0.0571018
0.0531741
0.0495335
0.0461652
0.0430558
0.0401939
0.0375706
0.0351785
0.0330111
0.0310623
0.0293263
0.0277974
0.0264696
0.0253365
0.0243915
0.0236276
0.0230373
0.0226126
0.0223452
0.0222262
0.0222464
0.0223963
0.0226669
0.0230507
0.0235426
0.0241431
0.0248605
0.0257143
0.0267379
0.0279796
0.029503
0.0313876
0.033732
0.036658
0.0403143
0.0448787
0.0505584
0.0575868
0.0662164
0.0767042
0.0892878
0.104151
0.121381
0.140919
0.162518
0.185724
0.209886
0.234204
0.257813
0.279865
0.299609
0.316443
0.329945
0.339882
0.346197
0.348973
0.348391
0.344702
0.338202
0.329206
0.318012
0.304825
0.290243
0.274964
0.259358
0.243706
0.228241
0.213153
0.198594
0.184683
0.171506
0.159123
0.147568
0.136853
0.126976
0.117917
0.109648
0.102133
0.0953295
0.0891931
0.0836772
0.078736
0.0743248
0.0704011
0.0669259
0.0638646
0.077056
0.0725327
0.067908
0.0636524
0.0597893
0.0562913
0.053101
0.0501841
0.0475121
0.0450596
0.042805
0.0407299
0.0388187
0.0370561
0.0354309
0.0339336
0.0325574
0.0312972
0.0301494
0.0291114
0.0281814
0.0273585
0.0266424
0.0260333
0.0255319
0.0251395
0.0248576
0.0246884
0.0246348
0.0246999
0.024888
0.0252039
0.0256537
0.0262448
0.026986
0.0278886
0.0289663
0.0302369
0.0317224
0.033451
0.0354585
0.0377896
0.0404992
0.0436541
0.0473338
0.0516312
0.0566535
0.0625221
0.0693709
0.0773428
0.0865833
0.0972311
0.109405
0.123184
0.138591
0.155564
0.17394
0.193441
0.213669
0.234125
0.254239
0.273412
0.291071
0.306705
0.319908
0.330391
0.33799
0.342662
0.344469
0.343549
0.340096
0.334338
0.326505
0.316803
0.305355
0.292408
0.278706
0.264649
0.250507
0.236489
0.222759
0.209447
0.196654
0.184457
0.172908
0.162044
0.151882
0.142426
0.133668
0.125591
0.11817
0.111376
0.105176
0.0995334
0.0944129
0.0897783
0.0855944
0.081828
0.0784481
0.075428
0.0575039
0.055747
0.0539863
0.0523375
0.0508037
0.0493792
0.0480572
0.046832
0.0456985
0.0446524
0.0436904
0.0428101
0.04201
0.0412896
0.0406487
0.0400879
0.0396085
0.0392122
0.0389014
0.0386792
0.0385492
0.038516
0.0385846
0.0387611
0.0390525
0.0394665
0.0400123
0.0406998
0.0415405
0.0425472
0.0437345
0.0451186
0.0467178
0.0485527
0.0506463
0.0530246
0.0557168
0.0587557
0.0621782
0.0660255
0.0703439
0.0751844
0.0806035
0.0866622
0.0934257
0.100962
0.109339
0.118624
0.128873
0.140133
0.152429
0.165756
0.180072
0.195288
0.211259
0.22778
0.244586
0.261358
0.277737
0.293339
0.307786
0.320723
0.331844
0.34091
0.347758
0.352304
0.354542
0.354532
0.352389
0.348265
0.342327
0.334739
0.32562
0.314999
0.303094
0.290493
0.277546
0.264506
0.251561
0.238855
0.2265
0.214578
0.203153
0.19227
0.181959
0.172238
0.163113
0.154581
0.14663
0.139245
0.132405
0.126084
0.120256
0.114892
0.109965
0.105446
0.101307
0.0975224
0.094068
0.0909234
0.0946864
0.0939829
0.0932438
0.0925379
0.0918751
0.091259
0.0906929
0.0901804
0.0897254
0.0893322
0.0890055
0.0887503
0.0885723
0.0884771
0.0884713
0.0885615
0.0887553
0.0890608
0.0894865
0.0900422
0.0907379
0.091585
0.0925956
0.0937827
0.0951606
0.0967447
0.0985516
0.100599
0.102906
0.105493
0.108383
0.111597
0.115161
0.119099
0.12344
0.128209
0.133435
0.139147
0.145372
0.152138
0.159472
0.167396
0.175931
0.185092
0.19489
0.205324
0.216384
0.228045
0.240266
0.252984
0.266116
0.27955
0.293148
0.306745
0.320151
0.333153
0.345524
0.357031
0.367447
0.376556
0.384173
0.390147
0.394369
0.396778
0.39736
0.396146
0.393206
0.388641
0.382572
0.37512
0.366393
0.356452
0.345226
0.333116
0.320514
0.307667
0.294781
0.282012
0.269483
0.257284
0.245483
0.234129
0.223259
0.212895
0.203052
0.193732
0.184935
0.176653
0.168872
0.161578
0.15475
0.148367
0.142409
0.136851
0.131671
0.126847
0.122356
0.118178
0.114294
0.110689
0.17609
0.177161
0.178435
0.179774
0.181156
0.182582
0.184058
0.185588
0.187179
0.188838
0.190574
0.192393
0.194306
0.196322
0.198452
0.200707
0.203098
0.205639
0.208344
0.211227
0.214303
0.217588
0.2211
0.224856
0.228875
0.233174
0.237775
0.242695
0.247955
0.253573
0.259568
0.265958
0.272757
0.279981
0.287638
0.295737
0.30428
0.313265
0.322684
0.332522
0.342756
0.353355
0.364279
0.375475
0.386883
0.398429
0.410026
0.421579
0.432976
0.444097
0.454812
0.464982
0.474463
0.483108
0.490774
0.497323
0.502628
0.50658
0.509088
0.510086
0.509535
0.507422
0.503763
0.4986
0.491998
0.484042
0.474828
0.46446
0.453032
0.440623
0.42728
0.412883
0.398137
0.383239
0.368332
0.353558
0.339036
0.324856
0.311085
0.297774
0.284957
0.272659
0.260892
0.249664
0.238972
0.228813
0.219175
0.210046
0.20141
0.193248
0.185543
0.178272
0.171416
0.164954
0.158865
0.15313
0.147728
0.142642
0.137855
0.133354
0.272789
0.276181
0.280321
0.284701
0.289223
0.293872
0.298652
0.303568
0.308629
0.313842
0.319217
0.324763
0.330491
0.33641
0.342533
0.348872
0.355438
0.362244
0.369303
0.37663
0.384237
0.392138
0.400346
0.408875
0.417736
0.426941
0.436499
0.446419
0.456704
0.467357
0.478377
0.489756
0.501483
0.513539
0.525901
0.538533
0.551395
0.564436
0.577593
0.590796
0.603961
0.616996
0.629797
0.642252
0.65424
0.665633
0.676299
0.686102
0.694907
0.702582
0.709002
0.714049
0.71762
0.719626
0.719998
0.718686
0.715663
0.710926
0.704492
0.696402
0.686715
0.67551
0.662877
0.648919
0.633742
0.617457
0.600165
0.581959
0.562922
0.543107
0.522542
0.502087
0.481918
0.462116
0.442769
0.423951
0.405722
0.388125
0.371188
0.354929
0.339357
0.324472
0.310269
0.296737
0.283861
0.271623
0.260004
0.248982
0.238533
0.228635
0.219262
0.210391
0.201997
0.194058
0.186549
0.179449
0.172736
0.16639
0.160394
0.15473
0.339335
0.344442
0.350789
0.357564
0.364599
0.371864
0.37936
0.387097
0.395083
0.40333
0.411851
0.420656
0.429759
0.439171
0.448907
0.458979
0.469401
0.480185
0.491345
0.502893
0.514839
0.527195
0.53997
0.55317
0.5668
0.580861
0.595352
0.610266
0.625591
0.64131
0.657398
0.673824
0.690545
0.707511
0.72466
0.741918
0.759202
0.776414
0.793442
0.810166
0.826451
0.842151
0.857115
0.871181
0.884184
0.895959
0.906341
0.915172
0.922306
0.927606
0.930958
0.932264
0.931455
0.928484
0.923334
0.916015
0.906566
0.89505
0.881553
0.866183
0.849061
0.830322
0.810104
0.788547
0.765789
0.741954
0.71715
0.691473
0.665021
0.637749
0.610719
0.58433
0.55866
0.533773
0.509724
0.486555
0.464294
0.442956
0.422545
0.403055
0.384475
0.366787
0.349969
0.333994
0.318834
0.30446
0.290839
0.277941
0.265732
0.25418
0.243255
0.232924
0.223158
0.213927
0.205203
0.196959
0.189169
0.181809
0.174856
0.168288
0.0590989
0.0589275
0.0587585
0.0586006
0.0584522
0.058312
0.0581789
0.058052
0.0579302
0.057813
0.0576996
0.0575894
0.0574819
0.0573767
0.0572733
0.0571714
0.0570708
0.0569711
0.0568722
0.0567738
0.0566759
0.0565783
0.0564809
0.0563837
0.0562866
0.0561897
0.056093
0.0559964
0.0559001
0.0558042
0.0557088
0.0556139
0.0555199
0.0554267
0.0553348
0.0552442
0.0551553
0.0550684
0.0549837
0.0549015
0.0548224
0.0547466
0.0546746
0.0546069
0.0545439
0.0544863
0.0544346
0.0543894
0.0543515
0.0543215
0.0543003
0.0542886
0.0542875
0.0542979
0.0543208
0.0543575
0.0544091
0.0544771
0.0545628
0.0546679
0.0547942
0.0549434
0.0551177
0.0553194
0.055551
0.0558153
0.0561153
0.0564545
0.0568367
0.0572661
0.0577477
0.0582868
0.0588896
0.0595631
0.0603156
0.0611564
0.0620963
0.0631482
0.0643271
0.0656508
0.0671409
0.0688233
0.07073
0.0729005
0.0753843
0.0782449
0.0815644
0.0854513
0.0900527
0.0955726
0.102303
0.110679
0.121377
0.135509
0.155048
0.183839
0.230447
0.317932
0.528849
1.34683
0.0377894
0.0376399
0.0374973
0.0373612
0.0372311
0.0371067
0.0369875
0.0368734
0.0367641
0.0366592
0.0365587
0.0364624
0.0363701
0.0362817
0.0361972
0.0361165
0.0360394
0.035966
0.0358963
0.0358302
0.0357678
0.0357091
0.0356541
0.0356029
0.0355555
0.035512
0.0354725
0.0354372
0.035406
0.0353792
0.0353569
0.0353391
0.0353262
0.0353183
0.0353155
0.0353182
0.0353264
0.0353405
0.0353606
0.0353872
0.0354204
0.0354606
0.0355081
0.0355632
0.0356264
0.035698
0.0357784
0.0358681
0.0359676
0.0360773
0.0361978
0.0363296
0.0364734
0.0366298
0.0367994
0.0369831
0.0371816
0.0373958
0.0376265
0.0378747
0.0381416
0.0384282
0.0387358
0.0390658
0.0394197
0.039799
0.0402057
0.0406417
0.0411091
0.0416105
0.0421487
0.0427267
0.0433479
0.0440165
0.0447369
0.0455143
0.0463548
0.0472654
0.0482542
0.049331
0.0505073
0.0517971
0.0532172
0.0547884
0.0565365
0.0584942
0.0607034
0.0632188
0.0661136
0.069488
0.0734836
0.0783077
0.0842772
0.0919057
0.102087
0.116541
0.139065
0.180066
0.280295
0.75296
0.0348229
0.0346903
0.0345691
0.0344568
0.034353
0.0342574
0.0341696
0.0340892
0.034016
0.0339498
0.0338902
0.0338371
0.0337902
0.0337493
0.0337144
0.0336851
0.0336615
0.0336434
0.0336306
0.0336231
0.0336209
0.0336239
0.0336319
0.0336451
0.0336634
0.0336868
0.0337153
0.0337489
0.0337877
0.0338318
0.0338811
0.0339359
0.0339961
0.0340618
0.0341333
0.0342106
0.0342939
0.0343833
0.034479
0.0345812
0.0346902
0.034806
0.034929
0.0350594
0.0351975
0.0353436
0.0354979
0.0356609
0.0358329
0.0360142
0.0362053
0.0364067
0.0366187
0.0368419
0.0370769
0.0373242
0.0375846
0.0378585
0.038147
0.0384506
0.0387705
0.0391074
0.0394625
0.039837
0.0402321
0.0406492
0.0410901
0.0415563
0.0420499
0.0425731
0.0431283
0.0437183
0.0443463
0.0450159
0.0457313
0.0464972
0.0473191
0.0482034
0.0491578
0.0501912
0.0513141
0.0525396
0.053883
0.0553637
0.0570054
0.0588381
0.0609005
0.0632427
0.0659317
0.0690592
0.0727538
0.0772036
0.0826945
0.0896873
0.098979
0.112089
0.132348
0.168791
0.256761
0.679368
0.0343661
0.0342757
0.0341965
0.0341257
0.0340631
0.0340085
0.0339616
0.033922
0.0338896
0.0338642
0.0338455
0.0338333
0.0338273
0.0338275
0.0338336
0.0338455
0.033863
0.0338859
0.0339143
0.0339479
0.0339867
0.0340305
0.0340793
0.0341331
0.0341918
0.0342554
0.0343239
0.0343972
0.0344754
0.0345584
0.0346464
0.0347394
0.0348374
0.0349404
0.0350487
0.0351623
0.0352812
0.0354056
0.0355357
0.0356717
0.0358136
0.0359616
0.036116
0.036277
0.0364448
0.0366197
0.0368019
0.0369918
0.0371896
0.0373957
0.0376106
0.0378345
0.038068
0.0383114
0.0385654
0.0388305
0.0391073
0.0393964
0.0396986
0.0400146
0.0403453
0.0406917
0.0410548
0.0414357
0.0418357
0.0422562
0.0426987
0.043165
0.043657
0.0441769
0.044727
0.0453103
0.0459297
0.046589
0.0472921
0.0480439
0.0488498
0.0497162
0.0506506
0.051662
0.052761
0.0539602
0.0552753
0.0567253
0.0583339
0.060131
0.0621549
0.0644557
0.0671
0.0701789
0.0738204
0.0782111
0.0836353
0.09055
0.0997454
0.112727
0.132787
0.16886
0.255911
0.67768
0.0341741
0.0341243
0.0340832
0.0340488
0.0340209
0.0339995
0.0339844
0.0339755
0.0339727
0.0339758
0.0339847
0.0339992
0.0340193
0.0340447
0.0340754
0.0341112
0.034152
0.0341977
0.0342483
0.0343035
0.0343634
0.0344279
0.0344968
0.0345703
0.0346481
0.0347303
0.0348169
0.0349079
0.0350032
0.0351029
0.035207
0.0353156
0.0354287
0.0355464
0.0356687
0.0357957
0.0359275
0.0360643
0.0362062
0.0363533
0.0365057
0.0366637
0.0368275
0.0369971
0.037173
0.0373552
0.0375441
0.0377399
0.037943
0.0381536
0.0383722
0.0385992
0.0388349
0.0390798
0.0393345
0.0395994
0.0398751
0.0401624
0.0404619
0.0407743
0.0411005
0.0414414
0.0417981
0.0421717
0.0425633
0.0429744
0.0434066
0.0438614
0.0443408
0.044847
0.0453824
0.0459496
0.0465519
0.0471926
0.047876
0.0486067
0.0493901
0.0502326
0.0511416
0.0521259
0.0531961
0.0543649
0.0556475
0.057063
0.0586348
0.0603927
0.0623747
0.0646304
0.0672259
0.0702516
0.0738346
0.0781598
0.083509
0.0903351
0.0994204
0.112254
0.132092
0.167756
0.253776
0.671825
0.0339069
0.03389
0.0338792
0.0338732
0.0338721
0.0338757
0.0338842
0.0338976
0.0339158
0.0339388
0.0339665
0.0339989
0.034036
0.0340775
0.0341236
0.034174
0.0342287
0.0342877
0.0343509
0.0344182
0.0344896
0.034565
0.0346443
0.0347276
0.0348148
0.034906
0.035001
0.0350998
0.0352026
0.0353094
0.03542
0.0355347
0.0356533
0.0357761
0.0359031
0.0360343
0.0361699
0.03631
0.0364546
0.0366039
0.0367581
0.0369174
0.0370818
0.0372517
0.0374272
0.0376085
0.0377959
0.0379897
0.0381901
0.0383975
0.0386123
0.0388347
0.0390652
0.0393043
0.0395524
0.0398101
0.0400779
0.0403564
0.0406463
0.0409484
0.0412634
0.0415924
0.0419362
0.0422959
0.0426727
0.0430681
0.0434834
0.0439204
0.0443809
0.044867
0.045381
0.0459257
0.0465041
0.0471196
0.0477762
0.0484786
0.0492322
0.050043
0.0509185
0.0518674
0.0529001
0.0540289
0.0552691
0.0566394
0.0581629
0.0598689
0.0617951
0.0639903
0.06652
0.0694731
0.0729752
0.0772089
0.0824522
0.0891519
0.0980798
0.110704
0.130233
0.165358
0.250103
0.66308
0.0335715
0.0335809
0.0335941
0.0336103
0.0336296
0.0336523
0.0336784
0.0337081
0.0337415
0.0337785
0.0338193
0.0338638
0.033912
0.0339639
0.0340195
0.0340788
0.0341417
0.0342082
0.0342783
0.0343519
0.034429
0.0345096
0.0345936
0.0346811
0.034772
0.0348663
0.0349641
0.0350652
0.0351699
0.035278
0.0353896
0.0355047
0.0356235
0.0357459
0.035872
0.036002
0.0361358
0.0362737
0.0364157
0.0365619
0.0367126
0.0368678
0.0370276
0.0371924
0.0373623
0.0375375
0.0377183
0.0379048
0.0380974
0.0382965
0.0385022
0.038715
0.0389353
0.0391634
0.0393999
0.0396452
0.0398999
0.0401646
0.0404398
0.0407264
0.0410252
0.0413369
0.0416625
0.0420031
0.0423599
0.0427341
0.0431272
0.0435408
0.0439767
0.044437
0.0449239
0.04544
0.0459883
0.0465723
0.0471957
0.0478631
0.0485798
0.0493517
0.0501862
0.0510916
0.0520781
0.053158
0.0543461
0.0556608
0.0571247
0.0587665
0.0606232
0.0627427
0.0651891
0.0680499
0.0714481
0.0755629
0.0806671
0.0871989
0.0959151
0.108255
0.127365
0.16176
0.244781
0.649948
0.0332118
0.0332424
0.0332747
0.0333084
0.0333437
0.0333809
0.0334204
0.0334622
0.0335065
0.0335535
0.0336033
0.0336559
0.0337113
0.0337697
0.033831
0.0338953
0.0339625
0.0340327
0.0341059
0.034182
0.0342611
0.0343431
0.034428
0.0345159
0.0346068
0.0347006
0.0347973
0.034897
0.0349998
0.0351055
0.0352144
0.0353263
0.0354414
0.0355598
0.0356814
0.0358064
0.0359348
0.0360668
0.0362025
0.036342
0.0364854
0.0366328
0.0367845
0.0369405
0.0371011
0.0372665
0.0374369
0.0376126
0.0377937
0.0379806
0.0381737
0.0383731
0.0385794
0.0387928
0.0390139
0.0392431
0.0394809
0.0397279
0.0399847
0.040252
0.0405305
0.040821
0.0411246
0.0414421
0.0417747
0.0421236
0.0424903
0.0428763
0.0432833
0.0437133
0.0441685
0.0446514
0.045165
0.0457124
0.0462975
0.0469246
0.0475989
0.0483261
0.0491133
0.0499688
0.0509024
0.0519261
0.0530542
0.0543046
0.0556994
0.0572667
0.0590422
0.0610729
0.0634212
0.0661723
0.0694463
0.0734178
0.0783529
0.0846792
0.0931347
0.105123
0.123713
0.15721
0.238144
0.633881
0.0328558
0.0329038
0.0329515
0.0329991
0.033047
0.0330955
0.0331451
0.0331959
0.0332482
0.0333021
0.0333579
0.0334157
0.0334755
0.0335375
0.0336018
0.0336682
0.0337371
0.0338082
0.0338817
0.0339576
0.034036
0.0341167
0.0341999
0.0342855
0.0343736
0.0344642
0.0345573
0.034653
0.0347511
0.0348519
0.0349553
0.0350614
0.0351702
0.0352818
0.0353963
0.0355137
0.035634
0.0357576
0.0358843
0.0360143
0.0361478
0.0362848
0.0364256
0.0365702
0.0367189
0.0368719
0.0370293
0.0371914
0.0373584
0.0375306
0.0377083
0.0378917
0.0380813
0.0382775
0.0384805
0.0386909
0.0389092
0.0391359
0.0393715
0.0396168
0.0398724
0.0401392
0.0404179
0.0407096
0.0410154
0.0413364
0.0416739
0.0420295
0.0424048
0.0428017
0.0432223
0.0436692
0.044145
0.0446529
0.0451965
0.0457802
0.0464086
0.0470877
0.0478241
0.0486258
0.0495024
0.0504654
0.0515288
0.0527098
0.0540298
0.0555161
0.0572034
0.0591371
0.0613776
0.0640078
0.067144
0.0709558
0.0757013
0.0817952
0.089954
0.10154
0.119532
0.151993
0.230506
0.614934
0.0325181
0.0325805
0.0326409
0.0326997
0.0327576
0.0328149
0.0328722
0.0329296
0.0329876
0.0330463
0.0331059
0.0331668
0.0332289
0.0332924
0.0333575
0.0334242
0.0334926
0.0335627
0.0336346
0.0337084
0.033784
0.0338616
0.0339411
0.0340225
0.034106
0.0341915
0.0342791
0.0343687
0.0344604
0.0345544
0.0346505
0.0347488
0.0348495
0.0349525
0.035058
0.0351659
0.0352765
0.0353896
0.0355056
0.0356244
0.0357461
0.035871
0.0359991
0.0361306
0.0362656
0.0364044
0.036547
0.0366938
0.036845
0.0370008
0.0371614
0.0373272
0.0374985
0.0376757
0.0378591
0.0380491
0.0382463
0.0384511
0.038664
0.0388858
0.039117
0.0393585
0.039611
0.0398755
0.040153
0.0404446
0.0407516
0.0410754
0.0414177
0.0417803
0.0421651
0.0425746
0.0430114
0.0434785
0.0439794
0.0445182
0.0450997
0.0457292
0.0464134
0.0471598
0.0479777
0.0488783
0.0498749
0.0509843
0.0522271
0.0536295
0.055225
0.0570574
0.0591852
0.0616882
0.0646789
0.0683208
0.0728635
0.0787076
0.0865456
0.0976944
0.115033
0.146359
0.22223
0.594387
0.0322038
0.0322784
0.0323492
0.0324173
0.0324832
0.0325474
0.0326105
0.0326728
0.0327347
0.0327965
0.0328584
0.0329207
0.0329835
0.033047
0.0331115
0.0331769
0.0332433
0.033311
0.0333799
0.0334501
0.0335217
0.0335947
0.0336691
0.0337451
0.0338226
0.0339016
0.0339823
0.0340647
0.0341487
0.0342345
0.034322
0.0344114
0.0345027
0.0345959
0.0346911
0.0347884
0.0348878
0.0349895
0.0350935
0.0351999
0.0353088
0.0354204
0.0355347
0.035652
0.0357723
0.0358958
0.0360227
0.0361533
0.0362876
0.036426
0.0365687
0.036716
0.0368682
0.0370256
0.0371886
0.0373575
0.0375329
0.0377152
0.0379049
0.0381026
0.038309
0.0385248
0.0387507
0.0389877
0.0392366
0.0394987
0.0397751
0.0400672
0.0403765
0.0407048
0.041054
0.0414264
0.0418244
0.0422511
0.0427098
0.0432044
0.0437394
0.0443201
0.0449528
0.0456447
0.0464049
0.0472439
0.0481747
0.0492133
0.0503796
0.0516988
0.053203
0.0549346
0.0569496
0.059325
0.0621689
0.0656389
0.0699752
0.0755637
0.0830715
0.0937677
0.110427
0.140568
0.213668
0.572765
0.0319132
0.0319981
0.0320777
0.0321534
0.0322258
0.0322954
0.0323629
0.0324287
0.0324932
0.0325568
0.0326197
0.0326822
0.0327446
0.032807
0.0328696
0.0329327
0.0329962
0.0330603
0.0331252
0.0331909
0.0332574
0.0333248
0.0333933
0.0334628
0.0335334
0.0336052
0.0336782
0.0337524
0.0338278
0.0339047
0.0339829
0.0340625
0.0341436
0.0342263
0.0343105
0.0343964
0.0344841
0.0345736
0.034665
0.0347584
0.034854
0.0349517
0.0350517
0.0351543
0.0352594
0.0353673
0.0354781
0.0355921
0.0357093
0.0358301
0.0359547
0.0360833
0.0362163
0.0363539
0.0364965
0.0366445
0.0367982
0.0369582
0.037125
0.037299
0.037481
0.0376715
0.0378715
0.0380816
0.0383028
0.0385362
0.038783
0.0390443
0.0393218
0.0396171
0.0399321
0.0402688
0.0406298
0.0410179
0.0414362
0.0418885
0.0423792
0.0429133
0.0434968
0.0441368
0.0448418
0.045622
0.0464898
0.0474607
0.0485536
0.0497928
0.0512092
0.0528432
0.0547489
0.0569999
0.0597003
0.0630014
0.0671339
0.0724689
0.0796475
0.0898901
0.105866
0.134811
0.205108
0.55104
0.0316441
0.0317379
0.0318249
0.0319069
0.0319845
0.0320584
0.0321292
0.0321974
0.0322634
0.0323277
0.0323907
0.0324525
0.0325136
0.032574
0.0326341
0.032694
0.0327538
0.0328137
0.0328738
0.0329342
0.032995
0.0330563
0.0331182
0.0331807
0.0332439
0.0333078
0.0333725
0.033438
0.0335045
0.0335719
0.0336403
0.0337098
0.0337803
0.0338521
0.0339251
0.0339994
0.034075
0.0341521
0.0342307
0.034311
0.034393
0.0344768
0.0345625
0.0346503
0.0347403
0.0348326
0.0349275
0.035025
0.0351254
0.0352289
0.0353357
0.0354461
0.0355603
0.0356786
0.0358014
0.0359291
0.036062
0.0362005
0.0363452
0.0364966
0.0366552
0.0368218
0.036997
0.0371817
0.0373767
0.0375831
0.0378019
0.0380345
0.0382822
0.0385466
0.0388296
0.0391332
0.0394597
0.0398118
0.0401927
0.0406059
0.0410555
0.0415465
0.0420846
0.0426765
0.0433304
0.0440561
0.0448656
0.0457735
0.0467981
0.0479627
0.0492967
0.0508392
0.0526417
0.0547752
0.0573391
0.060479
0.0644162
0.069507
0.0763673
0.0861699
0.10148
0.129258
0.196814
0.529728
0.0313935
0.0314949
0.0315882
0.0316753
0.0317571
0.0318342
0.0319074
0.0319771
0.0320439
0.0321082
0.0321704
0.0322309
0.0322899
0.0323478
0.0324047
0.0324608
0.0325164
0.0325715
0.0326264
0.0326811
0.0327358
0.0327906
0.0328454
0.0329006
0.032956
0.0330117
0.0330679
0.0331246
0.0331818
0.0332396
0.0332981
0.0333572
0.0334172
0.033478
0.0335397
0.0336023
0.033666
0.0337308
0.0337968
0.0338641
0.0339327
0.0340028
0.0340745
0.034148
0.0342232
0.0343005
0.0343799
0.0344616
0.0345458
0.0346327
0.0347225
0.0348154
0.0349118
0.0350119
0.0351161
0.0352246
0.0353379
0.0354564
0.0355805
0.0357108
0.0358478
0.0359922
0.0361447
0.036306
0.036477
0.0366587
0.0368521
0.0370584
0.0372791
0.0375156
0.0377697
0.0380433
0.0383388
0.0386587
0.0390059
0.0393839
0.0397967
0.0402489
0.0407461
0.0412948
0.0419026
0.0425791
0.0433357
0.0441864
0.0451487
0.0462447
0.047503
0.0489606
0.0506671
0.0526902
0.0551255
0.0581122
0.0618626
0.0667185
0.0732709
0.0826458
0.0973086
0.12395
0.188858
0.509493
0.0311583
0.0312662
0.0313646
0.031456
0.031541
0.0316206
0.0316953
0.0317658
0.0318327
0.0318964
0.0319573
0.0320158
0.0320723
0.0321271
0.0321804
0.0322324
0.0322833
0.0323334
0.0323827
0.0324315
0.0324798
0.0325277
0.0325755
0.032623
0.0326705
0.0327181
0.0327657
0.0328134
0.0328614
0.0329096
0.0329582
0.0330072
0.0330567
0.0331067
0.0331573
0.0332086
0.0332606
0.0333135
0.0333672
0.0334219
0.0334777
0.0335347
0.033593
0.0336528
0.033714
0.033777
0.0338418
0.0339085
0.0339775
0.0340489
0.0341229
0.0341996
0.0342795
0.0343628
0.0344498
0.0345407
0.0346361
0.0347363
0.0348418
0.034953
0.0350705
0.0351949
0.035327
0.0354674
0.0356169
0.0357766
0.0359474
0.0361306
0.0363274
0.0365393
0.036768
0.0370154
0.0372836
0.0375751
0.0378928
0.03824
0.0386205
0.0390388
0.0395001
0.0400106
0.0405779
0.0412108
0.0419204
0.0427201
0.0436265
0.044661
0.0458505
0.0472308
0.048849
0.05077
0.0530852
0.0559278
0.059501
0.064132
0.0703873
0.0793468
0.0933777
0.118914
0.181277
0.490365
0.0309086
0.0310229
0.0311264
0.0312217
0.0313098
0.0313914
0.0314673
0.0315382
0.0316047
0.0316673
0.0317264
0.0317825
0.0318359
0.031887
0.0319361
0.0319834
0.0320291
0.0320735
0.0321167
0.0321589
0.0322003
0.0322409
0.0322809
0.0323203
0.0323594
0.0323981
0.0324366
0.032475
0.0325132
0.0325515
0.0325898
0.0326282
0.0326668
0.0327057
0.0327449
0.0327845
0.0328247
0.0328654
0.0329067
0.0329488
0.0329918
0.0330357
0.0330807
0.0331268
0.0331743
0.0332232
0.0332737
0.0333261
0.0333803
0.0334368
0.0334955
0.0335569
0.0336212
0.0336886
0.0337594
0.033834
0.0339128
0.0339961
0.0340844
0.0341782
0.034278
0.0343844
0.0344981
0.0346199
0.0347504
0.0348907
0.0350417
0.0352046
0.0353806
0.0355712
0.0357781
0.0360029
0.0362479
0.0365154
0.0368081
0.0371293
0.0374825
0.0378722
0.0383033
0.0387819
0.039315
0.0399113
0.0405812
0.0413377
0.0421966
0.0431782
0.0443085
0.0456214
0.0471619
0.048992
0.0511987
0.0539089
0.057316
0.0617317
0.0676947
0.0762321
0.0895939
0.113894
0.173195
0.467164
0.0306398
0.0307598
0.0308676
0.0309662
0.0310565
0.0311395
0.0312158
0.0312863
0.0313515
0.0314121
0.0314686
0.0315214
0.0315708
0.0316174
0.0316613
0.031703
0.0317426
0.0317803
0.0318164
0.0318511
0.0318845
0.0319168
0.031948
0.0319784
0.0320081
0.032037
0.0320655
0.0320934
0.032121
0.0321483
0.0321753
0.0322022
0.0322291
0.0322559
0.0322829
0.03231
0.0323374
0.0323652
0.0323934
0.0324221
0.0324515
0.0324816
0.0325125
0.0325445
0.0325776
0.0326119
0.0326477
0.032685
0.0327241
0.0327652
0.0328085
0.0328541
0.0329025
0.0329538
0.0330083
0.0330665
0.0331285
0.0331949
0.0332661
0.0333426
0.0334248
0.0335135
0.0336091
0.0337125
0.0338243
0.0339456
0.0340773
0.0342205
0.0343764
0.0345463
0.034732
0.034935
0.0351576
0.0354018
0.0356705
0.0359665
0.0362935
0.0366556
0.0370576
0.0375052
0.0380053
0.038566
0.0391974
0.0399118
0.0407244
0.0416545
0.042727
0.043974
0.0454388
0.0471802
0.0492814
0.0518634
0.0551109
0.0593211
0.0650082
0.0731527
0.0859029
0.109099
0.165751
0.44721
0.0303844
0.0305085
0.0306193
0.03072
0.0308114
0.0308946
0.0309705
0.0310397
0.031103
0.031161
0.0312143
0.0312633
0.0313084
0.0313501
0.0313887
0.0314245
0.0314578
0.0314889
0.0315179
0.0315452
0.0315708
0.0315949
0.0316177
0.0316394
0.03166
0.0316797
0.0316985
0.0317167
0.0317342
0.0317512
0.0317678
0.031784
0.0318
0.0318158
0.0318316
0.0318473
0.0318632
0.0318792
0.0318955
0.0319123
0.0319295
0.0319474
0.031966
0.0319854
0.0320059
0.0320275
0.0320505
0.0320749
0.0321011
0.0321291
0.0321592
0.0321916
0.0322266
0.0322645
0.0323056
0.0323501
0.0323986
0.0324513
0.0325086
0.0325712
0.0326395
0.032714
0.0327954
0.0328844
0.0329818
0.0330885
0.0332054
0.0333335
0.0334741
0.0336286
0.0337984
0.0339852
0.0341911
0.0344181
0.034669
0.0349466
0.0352543
0.0355962
0.0359768
0.0364016
0.0368773
0.0374117
0.0380145
0.0386975
0.0394753
0.0403665
0.0413948
0.0425913
0.0439973
0.0456695
0.0476874
0.0501674
0.0532865
0.0573298
0.0627907
0.0706097
0.0828477
0.105109
0.159479
0.429802
0.0301414
0.0302681
0.0303805
0.0304819
0.0305734
0.030656
0.0307304
0.0307977
0.0308584
0.0309133
0.0309628
0.0310076
0.0310481
0.0310847
0.0311178
0.0311477
0.0311748
0.0311992
0.0312213
0.0312413
0.0312594
0.0312757
0.0312905
0.0313039
0.031316
0.031327
0.031337
0.031346
0.0313543
0.0313619
0.031369
0.0313755
0.0313817
0.0313876
0.0313934
0.031399
0.0314047
0.0314105
0.0314165
0.0314228
0.0314296
0.031437
0.0314451
0.031454
0.0314639
0.031475
0.0314873
0.0315012
0.0315167
0.0315341
0.0315536
0.0315755
0.0315999
0.0316273
0.0316578
0.0316919
0.0317299
0.0317722
0.0318191
0.0318713
0.0319292
0.0319933
0.0320644
0.0321431
0.0322301
0.0323263
0.0324327
0.0325503
0.0326803
0.032824
0.0329828
0.0331585
0.0333529
0.0335682
0.0338069
0.0340718
0.0343662
0.034694
0.0350597
0.0354686
0.0359271
0.0364427
0.0370248
0.0376848
0.0384369
0.0392989
0.0402937
0.0414514
0.0428118
0.0444295
0.0463813
0.0487793
0.0517941
0.0557008
0.0609747
0.0685224
0.0803305
0.101802
0.154247
0.41548
0.0299105
0.0300382
0.0301509
0.0302519
0.0303424
0.0304233
0.0304956
0.0305601
0.0306176
0.0306688
0.0307142
0.0307545
0.03079
0.0308213
0.0308488
0.0308728
0.0308936
0.0309116
0.030927
0.03094
0.0309509
0.0309599
0.0309671
0.0309728
0.030977
0.03098
0.0309818
0.0309827
0.0309826
0.0309818
0.0309804
0.0309784
0.030976
0.0309732
0.0309703
0.0309672
0.0309642
0.0309613
0.0309586
0.0309562
0.0309544
0.0309531
0.0309526
0.030953
0.0309544
0.030957
0.030961
0.0309666
0.0309739
0.0309832
0.0309946
0.0310085
0.0310251
0.0310447
0.0310676
0.0310941
0.0311246
0.0311595
0.0311993
0.0312443
0.0312951
0.0313522
0.0314164
0.0314882
0.0315685
0.031658
0.0317577
0.0318686
0.0319918
0.0321287
0.0322807
0.0324494
0.0326367
0.0328446
0.0330756
0.0333325
0.0336185
0.0339373
0.0342932
0.0346916
0.0351385
0.0356414
0.0362092
0.0368531
0.0375869
0.0384278
0.0393981
0.040527
0.041853
0.0434293
0.0453302
0.0476645
0.0505977
0.0543964
0.0595215
0.0668515
0.0783116
0.0991376
0.149987
0.403483
0.0296922
0.0298195
0.0299312
0.0300306
0.0301189
0.0301973
0.0302665
0.0303276
0.0303813
0.0304282
0.0304691
0.0305045
0.0305349
0.0305608
0.0305826
0.0306006
0.0306154
0.030627
0.0306359
0.0306423
0.0306464
0.0306484
0.0306487
0.0306472
0.0306442
0.0306399
0.0306345
0.0306279
0.0306205
0.0306123
0.0306035
0.0305941
0.0305843
0.0305743
0.030564
0.0305537
0.0305435
0.0305334
0.0305237
0.0305144
0.0305056
0.0304976
0.0304904
0.0304842
0.0304791
0.0304754
0.0304732
0.0304727
0.0304741
0.0304775
0.0304834
0.0304918
0.030503
0.0305174
0.0305352
0.0305568
0.0305826
0.0306129
0.0306481
0.0306888
0.0307354
0.0307886
0.0308488
0.0309168
0.0309933
0.0310791
0.0311752
0.0312826
0.0314023
0.0315356
0.031684
0.0318491
0.0320326
0.0322366
0.0324635
0.032716
0.0329972
0.0333108
0.033661
0.0340529
0.0344926
0.0349872
0.0355457
0.0361787
0.0368997
0.0377258
0.0386785
0.0397862
0.0410867
0.0426317
0.0444938
0.046779
0.0496486
0.0533622
0.058369
0.0655244
0.0767031
0.0970019
0.14654
0.393766
0.0294876
0.029613
0.0297223
0.0298189
0.0299041
0.0299789
0.0300443
0.0301012
0.0301504
0.0301926
0.0302285
0.0302587
0.0302837
0.030304
0.0303201
0.0303323
0.030341
0.0303465
0.0303491
0.0303492
0.0303469
0.0303426
0.0303363
0.0303284
0.0303189
0.0303081
0.0302962
0.0302832
0.0302694
0.0302549
0.0302397
0.0302242
0.0302083
0.0301922
0.030176
0.0301599
0.0301439
0.0301283
0.0301131
0.0300985
0.0300846
0.0300716
0.0300595
0.0300486
0.0300391
0.030031
0.0300247
0.0300201
0.0300177
0.0300175
0.0300199
0.030025
0.0300332
0.0300447
0.0300598
0.0300789
0.0301022
0.0301303
0.0301635
0.0302023
0.0302472
0.0302987
0.0303574
0.0304241
0.0304993
0.030584
0.030679
0.0307853
0.030904
0.0310363
0.0311836
0.0313476
0.0315299
0.0317325
0.0319579
0.0322086
0.0324878
0.0327989
0.0331462
0.0335347
0.0339703
0.03446
0.0350126
0.0356386
0.0363511
0.0371669
0.0381071
0.0391997
0.0404816
0.0420035
0.0438366
0.0460846
0.0489057
0.0525541
0.0574693
0.0644886
0.0754456
0.0953246
0.143802
0.385885
0.0292981
0.02942
0.0295255
0.0296181
0.029699
0.0297693
0.02983
0.029882
0.0299262
0.0299631
0.0299937
0.0300183
0.0300377
0.0300523
0.0300625
0.0300688
0.0300716
0.0300712
0.0300678
0.0300619
0.0300537
0.0300434
0.0300312
0.0300175
0.0300022
0.0299857
0.0299682
0.0299497
0.0299305
0.0299106
0.0298903
0.0298697
0.0298489
0.0298281
0.0298073
0.0297868
0.0297666
0.029747
0.0297279
0.0297096
0.0296922
0.0296759
0.0296607
0.029647
0.0296347
0.0296242
0.0296155
0.029609
0.0296046
0.0296028
0.0296037
0.0296076
0.0296147
0.0296253
0.0296397
0.0296583
0.0296813
0.0297092
0.0297424
0.0297814
0.0298265
0.0298784
0.0299377
0.0300049
0.0300809
0.0301663
0.0302621
0.0303692
0.0304887
0.0306219
0.03077
0.0309347
0.0311176
0.0313207
0.0315464
0.0317971
0.032076
0.0323866
0.0327329
0.03312
0.0335535
0.0340406
0.0345896
0.0352111
0.035918
0.0367267
0.0376582
0.0387398
0.0400081
0.0415129
0.0433243
0.0455444
0.0483288
0.0519275
0.0567727
0.0636869
0.0744712
0.0940193
0.141651
0.379642
0.0291251
0.029242
0.0293424
0.0294297
0.0295052
0.02957
0.0296251
0.0296714
0.0297098
0.029741
0.0297657
0.0297844
0.0297979
0.0298066
0.0298109
0.0298114
0.0298083
0.0298021
0.0297931
0.0297815
0.0297678
0.029752
0.0297345
0.0297155
0.0296952
0.0296738
0.0296515
0.0296284
0.0296047
0.0295806
0.0295563
0.0295318
0.0295073
0.029483
0.029459
0.0294354
0.0294124
0.0293901
0.0293687
0.0293483
0.029329
0.029311
0.0292944
0.0292794
0.0292661
0.0292548
0.0292456
0.0292387
0.0292343
0.0292326
0.0292338
0.0292382
0.029246
0.0292575
0.029273
0.0292928
0.0293172
0.0293467
0.0293815
0.0294222
0.0294693
0.0295232
0.0295845
0.0296539
0.0297321
0.0298197
0.0299178
0.0300271
0.0301488
0.0302841
0.0304343
0.0306008
0.0307855
0.0309903
0.0312173
0.0314692
0.031749
0.0320601
0.0324066
0.0327934
0.0332261
0.0337117
0.0342586
0.0348771
0.0355801
0.0363838
0.0373088
0.0383824
0.0396405
0.0411324
0.0429275
0.0451267
0.0478836
0.0514451
0.0562377
0.063073
0.0737266
0.0930212
0.139992
0.374747
0.0289702
0.0290805
0.0291742
0.029255
0.0293239
0.0293822
0.0294308
0.0294706
0.0295025
0.0295273
0.0295457
0.0295582
0.0295655
0.029568
0.0295664
0.029561
0.0295521
0.0295403
0.0295258
0.0295089
0.02949
0.0294693
0.029447
0.0294234
0.0293988
0.0293732
0.0293469
0.0293201
0.0292929
0.0292656
0.0292382
0.029211
0.029184
0.0291575
0.0291315
0.0291062
0.0290817
0.0290583
0.0290359
0.0290148
0.0289951
0.0289769
0.0289604
0.0289457
0.0289331
0.0289226
0.0289144
0.0289087
0.0289058
0.0289058
0.0289089
0.0289153
0.0289254
0.0289393
0.0289573
0.0289798
0.0290071
0.0290395
0.0290774
0.0291212
0.0291715
0.0292287
0.0292933
0.029366
0.0294474
0.0295383
0.0296396
0.0297521
0.0298769
0.0300151
0.0301681
0.0303373
0.0305245
0.0307315
0.0309606
0.0312142
0.0314954
0.0318075
0.0321547
0.0325416
0.032974
0.0334587
0.034004
0.0346203
0.0353201
0.0361197
0.0370395
0.0381064
0.0393562
0.0408379
0.04262
0.0448028
0.0475384
0.0510716
0.0558248
0.0626014
0.0731581
0.092263
0.13873
0.371012
0.0288349
0.0289369
0.0290225
0.0290953
0.0291564
0.029207
0.0292481
0.0292806
0.0293054
0.0293231
0.0293346
0.0293404
0.0293412
0.0293374
0.0293296
0.0293183
0.0293037
0.0292864
0.0292667
0.0292448
0.0292211
0.0291959
0.0291694
0.0291418
0.0291134
0.0290844
0.029055
0.0290254
0.0289957
0.0289661
0.0289368
0.0289079
0.0288796
0.028852
0.0288252
0.0287995
0.0287749
0.0287515
0.0287296
0.0287092
0.0286904
0.0286735
0.0286585
0.0286456
0.028635
0.0286267
0.028621
0.0286181
0.028618
0.0286211
0.0286274
0.0286373
0.0286509
0.0286685
0.0286904
0.0287168
0.0287481
0.0287846
0.0288267
0.0288747
0.0289292
0.0289905
0.0290593
0.0291361
0.0292216
0.0293166
0.0294217
0.029538
0.0296664
0.0298081
0.0299643
0.0301366
0.0303265
0.030536
0.0307673
0.0310228
0.0313055
0.0316187
0.0319665
0.0323535
0.0327855
0.0332692
0.0338129
0.0344268
0.0351235
0.0359189
0.0368336
0.0378941
0.0391362
0.0406084
0.042379
0.0445475
0.0472653
0.0507756
0.055498
0.0622304
0.072716
0.0916835
0.137783
0.368237
0.0287208
0.0288127
0.0288887
0.0289521
0.0290041
0.0290459
0.0290784
0.0291026
0.0291193
0.0291293
0.0291333
0.029132
0.0291258
0.0291155
0.0291014
0.029084
0.0290638
0.0290411
0.0290163
0.0289897
0.0289616
0.0289323
0.0289021
0.0288711
0.0288397
0.028808
0.0287763
0.0287447
0.0287133
0.0286825
0.0286522
0.0286227
0.0285942
0.0285667
0.0285404
0.0285154
0.0284919
0.0284699
0.0284497
0.0284313
0.0284148
0.0284004
0.0283883
0.0283785
0.0283711
0.0283664
0.0283645
0.0283655
0.0283696
0.028377
0.0283878
0.0284023
0.0284206
0.0284431
0.0284698
0.0285012
0.0285375
0.028579
0.0286261
0.0286792
0.0287386
0.0288049
0.0288785
0.0289601
0.0290502
0.0291496
0.0292591
0.0293795
0.0295118
0.0296571
0.0298168
0.0299922
0.030185
0.0303969
0.0306303
0.0308875
0.0311714
0.0314854
0.0318335
0.0322203
0.0326514
0.0331335
0.033675
0.0342858
0.0349786
0.0357691
0.0366778
0.0377311
0.0389645
0.0404263
0.0421846
0.0443384
0.0470384
0.0505267
0.0552212
0.061916
0.0723457
0.0912131
0.137056
0.366256
0.0286292
0.0287091
0.0287736
0.0288261
0.0288676
0.0288993
0.0289221
0.028937
0.0289448
0.0289464
0.0289423
0.0289332
0.0289198
0.0289025
0.0288819
0.0288585
0.0288325
0.0288046
0.0287749
0.0287438
0.0287117
0.0286787
0.0286453
0.0286115
0.0285777
0.0285441
0.0285108
0.028478
0.028446
0.0284148
0.0283846
0.0283555
0.0283278
0.0283015
0.0282768
0.0282538
0.0282325
0.0282132
0.0281958
0.0281807
0.0281677
0.0281572
0.0281491
0.0281436
0.0281408
0.0281408
0.0281439
0.02815
0.0281594
0.0281722
0.0281885
0.0282086
0.0282327
0.0282609
0.0282934
0.0283306
0.0283727
0.02842
0.0284729
0.0285316
0.0285966
0.0286683
0.0287472
0.028834
0.0289291
0.0290333
0.0291473
0.029272
0.0294083
0.0295574
0.0297204
0.0298989
0.0300943
0.0303086
0.0305437
0.0308023
0.0310871
0.0314014
0.0317492
0.032135
0.0325645
0.0330443
0.0335825
0.0341892
0.0348768
0.035661
0.036562
0.0376062
0.0388288
0.0402777
0.0420207
0.0441562
0.0468343
0.050296
0.0549575
0.0616103
0.0719832
0.0907631
0.136423
0.36488
0.0285622
0.0286282
0.0286795
0.0287193
0.0287487
0.0287689
0.0287808
0.0287853
0.0287832
0.0287753
0.0287624
0.028745
0.0287238
0.0286992
0.0286719
0.0286421
0.0286105
0.0285772
0.0285428
0.0285075
0.0284716
0.0284355
0.0283993
0.0283633
0.0283277
0.0282928
0.0282587
0.0282256
0.0281937
0.028163
0.0281339
0.0281063
0.0280805
0.0280564
0.0280344
0.0280144
0.0279965
0.0279809
0.0279677
0.0279569
0.0279486
0.027943
0.0279402
0.0279401
0.027943
0.0279489
0.0279579
0.0279702
0.0279858
0.028005
0.0280278
0.0280545
0.0280851
0.0281198
0.028159
0.0282027
0.0282513
0.028305
0.0283641
0.0284289
0.0285
0.0285775
0.0286622
0.0287543
0.0288547
0.0289638
0.0290824
0.0292115
0.0293519
0.0295046
0.029671
0.0298523
0.0300502
0.0302664
0.0305031
0.0307626
0.0310477
0.0313618
0.0317086
0.0320928
0.0325199
0.0329963
0.0335302
0.0341315
0.0348124
0.0355886
0.0364798
0.0375124
0.0387209
0.040153
0.0418756
0.0439862
0.0466336
0.050057
0.0546694
0.0612577
0.0715426
0.0901952
0.135654
0.363848
0.0285201
0.0285702
0.0286063
0.0286317
0.0286474
0.0286545
0.0286541
0.028647
0.028634
0.0286159
0.0285934
0.028567
0.0285375
0.0285052
0.0284708
0.0284346
0.0283971
0.0283587
0.0283197
0.0282804
0.0282411
0.0282021
0.0281637
0.028126
0.0280893
0.0280538
0.0280197
0.027987
0.0279561
0.027927
0.0278998
0.0278747
0.0278517
0.027831
0.0278127
0.0277968
0.0277835
0.0277727
0.0277647
0.0277594
0.0277569
0.0277573
0.0277607
0.0277672
0.0277767
0.0277895
0.0278055
0.0278249
0.0278477
0.0278742
0.0279043
0.0279382
0.0279762
0.0280182
0.0280645
0.0281154
0.028171
0.0282316
0.0282975
0.0283689
0.0284463
0.02853
0.0286205
0.0287183
0.028824
0.0289382
0.0290615
0.0291949
0.0293393
0.0294956
0.0296651
0.0298491
0.0300491
0.030267
0.0305048
0.0307649
0.0310499
0.0313632
0.0317086
0.0320905
0.0325143
0.0329866
0.0335152
0.03411
0.0347829
0.0355493
0.0364289
0.0374472
0.0386384
0.0400493
0.0417454
0.0438227
0.0464271
0.0497933
0.0543274
0.0608033
0.0709168
0.0892876
0.134256
0.362615
0.0284909
0.0285074
0.028512
0.028508
0.0284962
0.0284777
0.0284533
0.028424
0.0283905
0.0283534
0.0283134
0.0282712
0.0282272
0.0281819
0.0281358
0.0280893
0.0280428
0.0279967
0.0279512
0.0279067
0.0278634
0.0278215
0.0277813
0.0277429
0.0277066
0.0276725
0.0276408
0.0276115
0.0275847
0.0275607
0.0275394
0.0275209
0.0275054
0.0274928
0.0274832
0.0274767
0.0274732
0.0274729
0.0274757
0.0274817
0.0274909
0.0275034
0.027519
0.027538
0.0275602
0.0275858
0.0276148
0.0276472
0.027683
0.0277224
0.0277655
0.0278122
0.0278627
0.0279172
0.0279758
0.0280386
0.0281058
0.0281777
0.0282545
0.0283365
0.0284239
0.0285173
0.0286169
0.0287234
0.0288371
0.0289587
0.0290889
0.0292285
0.0293784
0.0295396
0.0297132
0.0299006
0.0301033
0.030323
0.0305618
0.0308219
0.0311061
0.0314175
0.0317599
0.0321378
0.0325564
0.0330221
0.0335428
0.0341279
0.0347893
0.0355421
0.0364054
0.0374043
0.0385722
0.0399546
0.0416153
0.0436476
0.0461925
0.049477
0.0538915
0.0601775
0.0699518
0.0875911
0.130347
0.344668
0.0287321
0.0286693
0.0286007
0.0285287
0.0284542
0.0283779
0.0283005
0.0282225
0.0281445
0.028067
0.0279905
0.0279155
0.0278423
0.0277713
0.0277028
0.0276372
0.0275746
0.0275153
0.0274595
0.0274075
0.0273593
0.0273151
0.027275
0.0272391
0.0272074
0.0271801
0.0271572
0.0271387
0.0271245
0.0271148
0.0271094
0.0271084
0.0271118
0.0271194
0.0271312
0.0271472
0.0271673
0.0271914
0.0272195
0.0272515
0.0272873
0.0273268
0.02737
0.0274168
0.0274671
0.027521
0.0275782
0.0276389
0.0277029
0.0277703
0.0278411
0.0279152
0.0279927
0.0280737
0.0281582
0.0282463
0.0283382
0.028434
0.0285339
0.0286382
0.028747
0.0288608
0.0289799
0.0291047
0.0292357
0.0293735
0.0295188
0.0296723
0.0298348
0.0300074
0.0301912
0.0303875
0.0305978
0.0308239
0.0310676
0.0313315
0.0316181
0.0319307
0.032273
0.0326495
0.0330656
0.0335276
0.0340435
0.0346229
0.0352777
0.0360232
0.0368787
0.0378695
0.0390294
0.0404042
0.0420586
0.0440865
0.0466302
0.0499185
0.0543446
0.0606543
0.0704717
0.0881852
0.131082
0.34672
0.0292466
0.0290751
0.028907
0.0287441
0.0285867
0.0284349
0.0282891
0.0281493
0.0280158
0.0278888
0.0277685
0.027655
0.0275483
0.0274488
0.0273563
0.0272711
0.0271931
0.0271224
0.027059
0.0270029
0.0269541
0.0269126
0.0268782
0.026851
0.0268307
0.0268174
0.0268109
0.0268111
0.0268178
0.0268308
0.0268501
0.0268754
0.0269065
0.0269433
0.0269856
0.0270331
0.0270857
0.0271432
0.0272053
0.0272719
0.0273427
0.0274176
0.0274964
0.0275789
0.0276649
0.0277543
0.0278468
0.0279424
0.028041
0.0281424
0.0282465
0.0283533
0.0284626
0.0285746
0.0286891
0.0288063
0.0289261
0.0290487
0.0291741
0.0293026
0.0294344
0.0295698
0.029709
0.0298524
0.0300006
0.030154
0.0303133
0.0304792
0.0306524
0.0308341
0.0310253
0.0312273
0.0314415
0.0316698
0.0319141
0.0321767
0.0324604
0.0327684
0.0331045
0.0334732
0.0338798
0.0343309
0.0348343
0.0353999
0.0360397
0.036769
0.0376074
0.0385805
0.0397222
0.041079
0.042716
0.0447279
0.0472584
0.0505376
0.0549616
0.0612802
0.0711236
0.0888891
0.131876
0.348254
0.0300073
0.0296972
0.0294037
0.0291274
0.0288678
0.0286242
0.0283962
0.0281833
0.0279852
0.0278015
0.027632
0.0274763
0.0273341
0.0272052
0.0270893
0.0269861
0.0268953
0.0268168
0.0267502
0.0266953
0.0266518
0.0266193
0.0265976
0.0265864
0.0265853
0.0265941
0.0266124
0.0266398
0.026676
0.0267207
0.0267735
0.0268339
0.0269018
0.0269766
0.027058
0.0271457
0.0272392
0.0273382
0.0274424
0.0275513
0.0276647
0.0277822
0.0279035
0.0280282
0.028156
0.0282867
0.02842
0.0285557
0.0286934
0.028833
0.0289743
0.0291171
0.0292613
0.0294067
0.0295534
0.0297011
0.0298499
0.0299999
0.0301511
0.0303035
0.0304575
0.030613
0.0307706
0.0309304
0.0310928
0.0312585
0.0314279
0.0316018
0.0317809
0.0319663
0.0321589
0.03236
0.0325713
0.0327942
0.0330309
0.0332837
0.0335552
0.0338488
0.0341682
0.0345179
0.0349034
0.0353311
0.035809
0.0363469
0.036957
0.0376546
0.0384595
0.0393973
0.0405021
0.0418207
0.0434186
0.0453908
0.0478817
0.0511228
0.0555114
0.0617999
0.0716219
0.0893769
0.132363
0.349456
0.0309546
0.0304792
0.0300378
0.0296293
0.0292518
0.0289037
0.0285835
0.0282899
0.0280216
0.0277776
0.0275569
0.0273586
0.0271818
0.0270257
0.0268896
0.0267727
0.0266743
0.0265939
0.0265306
0.0264839
0.0264532
0.0264379
0.0264373
0.0264508
0.0264779
0.0265179
0.0265701
0.0266342
0.0267093
0.0267949
0.0268904
0.0269953
0.0271088
0.0272305
0.0273598
0.027496
0.0276387
0.0277872
0.027941
0.0280996
0.0282625
0.0284291
0.028599
0.0287718
0.0289469
0.0291239
0.0293025
0.0294822
0.0296628
0.0298438
0.0300249
0.030206
0.0303867
0.0305668
0.0307462
0.0309247
0.0311022
0.0312787
0.0314541
0.0316286
0.0318021
0.0319748
0.0321471
0.032319
0.0324911
0.0326637
0.0328374
0.0330129
0.0331908
0.0333723
0.0335582
0.0337498
0.0339487
0.0341565
0.0343751
0.034607
0.0348548
0.0351217
0.0354115
0.0357288
0.0360788
0.0364683
0.036905
0.0373987
0.0379616
0.0386092
0.0393609
0.0402424
0.0412879
0.0425439
0.0440757
0.0459784
0.0483958
0.0515588
0.0558638
0.0620602
0.071774
0.0893792
0.132067
0.348527
0.0320395
0.0313804
0.030776
0.0302234
0.029719
0.0292598
0.028843
0.0284661
0.0281269
0.0278234
0.0275537
0.0273162
0.0271091
0.0269311
0.0267808
0.026657
0.0265584
0.0264838
0.0264322
0.0264025
0.0263937
0.0264046
0.0264345
0.0264823
0.026547
0.0266278
0.0267236
0.0268337
0.0269571
0.0270928
0.0272402
0.0273982
0.0275661
0.027743
0.027928
0.0281205
0.0283196
0.0285245
0.0287345
0.0289489
0.029167
0.0293881
0.0296115
0.0298366
0.0300628
0.0302895
0.0305162
0.0307424
0.0309675
0.0311912
0.0314129
0.0316324
0.0318492
0.032063
0.0322736
0.0324807
0.0326841
0.0328838
0.0330796
0.0332714
0.0334594
0.0336436
0.0338242
0.0340013
0.0341754
0.0343468
0.034516
0.0346836
0.0348505
0.0350174
0.0351855
0.0353559
0.0355302
0.0357099
0.0358971
0.036094
0.0363034
0.0365285
0.0367731
0.0370415
0.0373393
0.0376728
0.03805
0.0384806
0.0389765
0.039553
0.0402296
0.0410317
0.0419929
0.0431594
0.0445958
0.046396
0.0487025
0.0517435
0.0559111
0.0619445
0.0714472
0.088729
0.130718
0.344471
0.0332481
0.0323965
0.0316229
0.0309223
0.0302891
0.0297188
0.0292069
0.0287497
0.0283437
0.0279857
0.0276729
0.0274026
0.0271726
0.0269805
0.0268244
0.0267023
0.0266123
0.0265529
0.0265222
0.0265189
0.0265414
0.0265883
0.0266581
0.0267495
0.0268612
0.0269919
0.0271402
0.027305
0.027485
0.0276791
0.027886
0.0281046
0.0283338
0.0285725
0.0288196
0.0290741
0.0293349
0.0296011
0.0298716
0.0301457
0.0304222
0.0307005
0.0309797
0.0312588
0.0315373
0.0318143
0.0320891
0.0323611
0.0326297
0.0328942
0.033154
0.0334088
0.033658
0.0339012
0.034138
0.034368
0.0345912
0.0348071
0.0350156
0.0352167
0.0354103
0.0355964
0.0357751
0.0359467
0.0361113
0.0362695
0.0364215
0.0365681
0.0367101
0.0368481
0.0369834
0.0371171
0.0372507
0.0373859
0.0375247
0.0376693
0.0378226
0.0379876
0.0381682
0.0383687
0.0385946
0.0388522
0.0391493
0.0394955
0.0399027
0.0403858
0.0409641
0.0416623
0.0425138
0.0435635
0.0448749
0.0465401
0.0486987
0.0515742
0.0555508
0.061354
0.0705553
0.087374
0.128363
0.337162
0.0346449
0.0336002
0.032658
0.0318114
0.031053
0.030376
0.0297746
0.0292433
0.0287773
0.0283723
0.0280244
0.0277298
0.0274854
0.027288
0.0271349
0.0270235
0.0269512
0.0269158
0.0269151
0.0269469
0.0270094
0.0271004
0.0272183
0.0273611
0.0275272
0.0277148
0.0279223
0.0281481
0.0283906
0.0286482
0.0289195
0.0292029
0.0294972
0.0298009
0.0301127
0.0304312
0.0307552
0.0310835
0.031415
0.0317484
0.0320826
0.0324167
0.0327495
0.0330801
0.0334076
0.0337309
0.0340494
0.034362
0.0346681
0.034967
0.0352578
0.0355401
0.0358132
0.0360766
0.0363298
0.0365724
0.0368041
0.0370245
0.0372335
0.0374308
0.0376164
0.0377902
0.0379523
0.0381027
0.0382418
0.0383699
0.0384875
0.0385952
0.0386938
0.0387841
0.0388673
0.0389445
0.0390173
0.0390874
0.0391567
0.0392276
0.0393028
0.0393856
0.0394795
0.0395892
0.0397197
0.0398776
0.0400704
0.0403075
0.0406004
0.0409638
0.0414162
0.0419817
0.0426924
0.0435919
0.0447414
0.0462298
0.0481916
0.0508426
0.0545531
0.0600226
0.0687653
0.084844
0.124179
0.324762
0.0364064
0.0351732
0.0340656
0.033075
0.0321942
0.0314146
0.0307285
0.0301286
0.0296088
0.0291634
0.0287871
0.0284753
0.0282236
0.0280282
0.0278854
0.0277918
0.0277442
0.0277395
0.0277751
0.0278481
0.0279561
0.0280965
0.028267
0.0284653
0.0286892
0.0289366
0.0292054
0.0294936
0.0297993
0.0301205
0.0304556
0.0308026
0.03116
0.031526
0.031899
0.0322776
0.0326602
0.0330454
0.0334317
0.0338179
0.0342027
0.0345849
0.0349632
0.0353366
0.0357038
0.0360635
0.0364147
0.0367565
0.0370881
0.0374085
0.0377169
0.0380128
0.0382952
0.0385637
0.0388176
0.0390565
0.0392798
0.0394873
0.0396785
0.0398534
0.0400117
0.0401533
0.0402784
0.040387
0.0404795
0.0405561
0.0406174
0.040664
0.0406967
0.0407164
0.0407242
0.0407214
0.0407095
0.0406904
0.040666
0.0406388
0.0406115
0.0405873
0.0405699
0.0405639
0.0405743
0.0406075
0.0406708
0.0407733
0.0409262
0.0411436
0.0414431
0.0418478
0.0423881
0.0431056
0.0440581
0.0453298
0.047048
0.0494166
0.0527856
0.0578159
0.0659373
0.0809835
0.11796
0.306727
0.0388496
0.037424
0.0361483
0.0350118
0.0340043
0.0331193
0.032347
0.0316785
0.0311058
0.0306215
0.0302192
0.0298928
0.0296369
0.0294464
0.0293167
0.0292434
0.0292225
0.0292503
0.0293231
0.0294377
0.0295908
0.0297793
0.0300004
0.0302512
0.0305291
0.0308314
0.0311558
0.0314999
0.0318613
0.0322378
0.0326274
0.0330279
0.0334374
0.0338541
0.0342761
0.0347016
0.0351289
0.0355565
0.0359828
0.0364061
0.0368252
0.0372385
0.0376447
0.0380425
0.0384306
0.0388078
0.0391729
0.0395248
0.0398625
0.040185
0.0404913
0.0407806
0.041052
0.0413048
0.0415382
0.0417518
0.0419449
0.0421171
0.042268
0.0423973
0.0425048
0.0425905
0.0426544
0.0426967
0.0427175
0.0427173
0.0426967
0.0426564
0.0425971
0.0425198
0.0424259
0.0423167
0.0421939
0.0420593
0.041915
0.0417637
0.041608
0.0414514
0.0412976
0.041151
0.0410168
0.040901
0.040811
0.0407554
0.0407449
0.0407928
0.0409159
0.0411357
0.0414806
0.0419894
0.0427157
0.0437373
0.0451723
0.0472088
0.05017
0.0546657
0.0620143
0.0757481
0.109671
0.282982
0.042204
0.0406063
0.039179
0.0379103
0.0367891
0.0358056
0.0349525
0.0342193
0.0335962
0.0330747
0.0326467
0.0323048
0.0320426
0.0318538
0.0317327
0.0316742
0.0316733
0.0317253
0.0318262
0.0319717
0.032158
0.0323816
0.0326389
0.0329268
0.0332421
0.0335819
0.0339432
0.0343236
0.0347202
0.0351308
0.035553
0.0359844
0.036423
0.0368667
0.0373135
0.0377616
0.038209
0.038654
0.039095
0.0395302
0.0399581
0.0403771
0.0407858
0.0411827
0.0415665
0.0419357
0.042289
0.0426253
0.0429433
0.0432419
0.04352
0.0437765
0.0440105
0.0442211
0.0444075
0.044569
0.0447049
0.0448147
0.0448978
0.0449541
0.0449833
0.0449852
0.04496
0.0449078
0.0448289
0.0447238
0.0445931
0.0444376
0.0442583
0.0440564
0.0438332
0.0435904
0.0433297
0.0430532
0.0427633
0.0424626
0.0421542
0.0418414
0.0415281
0.0412188
0.0409187
0.0406337
0.0403708
0.0401384
0.0399466
0.0398079
0.0397377
0.039756
0.0398888
0.0401711
0.0406518
0.0414011
0.0425254
0.0441942
0.0466979
0.0505844
0.0570368
0.069222
0.0994909
0.254184
0.046785
0.0450486
0.0434963
0.0421158
0.040896
0.039827
0.0389017
0.0381083
0.0374362
0.0368754
0.0364169
0.0360524
0.0357741
0.035575
0.0354485
0.0353884
0.0353891
0.0354453
0.035552
0.0357045
0.0358986
0.03613
0.036395
0.03669
0.0370115
0.0373563
0.0377213
0.0381037
0.0385008
0.0389099
0.0393286
0.0397546
0.0401857
0.0406196
0.0410544
0.0414882
0.0419189
0.0423449
0.0427643
0.0431755
0.0435766
0.0439663
0.0443427
0.0447045
0.0450499
0.0453777
0.0456863
0.0459742
0.0462402
0.046483
0.0467012
0.0468936
0.0470592
0.0471968
0.0473056
0.0473846
0.0474331
0.0474504
0.047436
0.0473895
0.0473106
0.0471994
0.0470558
0.04688
0.0466726
0.046434
0.0461651
0.0458668
0.0455404
0.0451872
0.0448088
0.0444071
0.0439843
0.0435425
0.0430845
0.0426132
0.0421317
0.0416439
0.0411536
0.0406655
0.0401847
0.0397171
0.0392695
0.0388498
0.0384676
0.0381343
0.037864
0.0376748
0.0375898
0.0376401
0.0378689
0.0383379
0.0391402
0.0404239
0.0424425
0.0456731
0.0511456
0.0616119
0.0877775
0.221474
0.0530333
0.0511951
0.0495471
0.0480774
0.0467758
0.0456334
0.0446409
0.0437863
0.0430581
0.0424461
0.0419403
0.0415319
0.0412124
0.0409741
0.0408099
0.0407129
0.040677
0.0406965
0.0407659
0.0408804
0.0410353
0.0412262
0.0414491
0.0417003
0.0419763
0.0422737
0.0425896
0.0429211
0.0432654
0.04362
0.0439826
0.0443507
0.0447224
0.0450954
0.0454678
0.0458377
0.0462032
0.0465625
0.0469139
0.0472555
0.0475857
0.0479027
0.0482049
0.0484905
0.048758
0.0490056
0.0492317
0.0494347
0.049613
0.0497651
0.0498894
0.0499845
0.0500491
0.0500819
0.0500817
0.0500474
0.0499782
0.0498732
0.0497318
0.0495536
0.0493383
0.0490858
0.0487962
0.0484699
0.0481075
0.0477096
0.0472774
0.0468121
0.0463151
0.0457882
0.0452333
0.0446527
0.0440488
0.0434244
0.0427824
0.0421261
0.0414591
0.0407853
0.040109
0.0394349
0.0387682
0.0381147
0.037481
0.0368746
0.0363042
0.0357802
0.0353154
0.0349255
0.0346308
0.0344579
0.0344438
0.034641
0.0351283
0.0360308
0.0375622
0.0401242
0.0445824
0.0532459
0.0750688
0.186533
0.0615388
0.0596205
0.0578909
0.0563392
0.0549565
0.0537361
0.0526631
0.0517255
0.0509121
0.0502125
0.0496169
0.0491162
0.0487021
0.0483666
0.0481027
0.0479035
0.0477631
0.0476755
0.0476356
0.0476385
0.0476797
0.047755
0.0478606
0.0479929
0.0481486
0.0483247
0.0485183
0.0487268
0.0489476
0.0491785
0.0494172
0.0496616
0.0499097
0.0501596
0.0504093
0.0506572
0.0509013
0.0511399
0.0513711
0.0515933
0.0518045
0.052003
0.0521869
0.0523543
0.0525034
0.0526321
0.0527387
0.052821
0.0528774
0.0529057
0.0529043
0.0528714
0.0528052
0.0527041
0.0525668
0.0523918
0.0521781
0.0519247
0.0516308
0.051296
0.0509199
0.0505025
0.0500441
0.0495451
0.0490064
0.0484289
0.0478141
0.0471635
0.0464791
0.0457631
0.0450177
0.0442459
0.0434505
0.0426347
0.0418021
0.0409563
0.0401013
0.0392414
0.0383812
0.0375254
0.0366795
0.035849
0.0350404
0.0342605
0.0335174
0.0328203
0.0321803
0.0316107
0.0311286
0.0307563
0.030524
0.0304747
0.0306725
0.0312192
0.0322878
0.0342034
0.0376655
0.0445362
0.0620117
0.15128
0.0730599
0.0710318
0.0691842
0.0675076
0.0659947
0.0646406
0.0634229
0.0623305
0.061353
0.0604808
0.0597049
0.0590172
0.05841
0.0578762
0.0574096
0.0570039
0.0566539
0.0563544
0.0561008
0.0558888
0.0557145
0.0555742
0.0554647
0.0553827
0.0553255
0.0552904
0.0552749
0.0552766
0.0552934
0.0553232
0.0553641
0.055414
0.0554712
0.0555339
0.0556001
0.0556682
0.0557363
0.0558026
0.0558651
0.055922
0.0559711
0.0560105
0.0560379
0.0560512
0.056048
0.056026
0.0559829
0.0559162
0.0558236
0.0557025
0.0555508
0.0553662
0.0551465
0.0548896
0.0545939
0.0542576
0.0538793
0.0534579
0.0529926
0.0524827
0.0519281
0.0513289
0.0506854
0.0499985
0.0492693
0.0484993
0.0476902
0.0468444
0.0459641
0.0450523
0.0441119
0.0431463
0.0421591
0.041154
0.0401352
0.0391069
0.0380735
0.0370396
0.0360101
0.03499
0.0339845
0.0329993
0.0320403
0.0311138
0.0302269
0.0293875
0.0286049
0.0278901
0.0272566
0.0267222
0.0263105
0.0260551
0.0260057
0.0262411
0.0268954
0.0282198
0.0307551
0.0359377
0.049301
0.1177
0.0883639
0.086092
0.0839911
0.0820536
0.080275
0.0786316
0.077112
0.0757066
0.0744067
0.0732043
0.072092
0.071063
0.0701111
0.0692308
0.0684166
0.0676639
0.0669681
0.0663251
0.0657313
0.065183
0.0646771
0.0642105
0.0637804
0.0633841
0.0630193
0.0626836
0.0623747
0.0620906
0.0618293
0.0615888
0.0613672
0.0611626
0.0609731
0.0607969
0.0606321
0.0604765
0.0603284
0.0601854
0.0600454
0.0599062
0.0597651
0.0596198
0.0594674
0.0593052
0.0591303
0.0589397
0.0587303
0.0584991
0.0582428
0.0579586
0.0576433
0.0572941
0.0569082
0.0564833
0.0560169
0.0555072
0.0549525
0.0543515
0.0537034
0.0530077
0.0522643
0.0514735
0.0506363
0.0497539
0.048828
0.0478607
0.0468545
0.0458123
0.0447373
0.043633
0.0425034
0.0413525
0.0401845
0.0390041
0.0378158
0.0366245
0.035435
0.0342522
0.0330813
0.0319272
0.0307951
0.0296903
0.0286182
0.0275843
0.0265946
0.0256555
0.0247744
0.0239596
0.0232213
0.0225727
0.022031
0.0216209
0.0213788
0.0213622
0.0216695
0.0224852
0.0242068
0.0278894
0.0375886
0.0875441
0.107631
0.104834
0.102206
0.0997387
0.0974223
0.0952347
0.0931678
0.0912147
0.0893685
0.0876232
0.0859732
0.0844132
0.0829383
0.0815439
0.0802258
0.07898
0.0778028
0.0766907
0.0756403
0.0746484
0.0737123
0.0728289
0.0719955
0.0712097
0.070469
0.0697709
0.0691131
0.0684933
0.0679095
0.0673593
0.0668405
0.0663511
0.0658888
0.0654513
0.0650363
0.0646413
0.0642639
0.0639013
0.0635508
0.0632093
0.0628737
0.0625407
0.0622068
0.0618683
0.0615214
0.0611622
0.0607867
0.060391
0.059971
0.0595228
0.0590427
0.0585271
0.0579726
0.0573763
0.0567355
0.0560481
0.0553123
0.0545269
0.0536912
0.0528051
0.0518689
0.0508837
0.0498509
0.0487725
0.0476512
0.0464899
0.0452921
0.0440617
0.0428027
0.0415198
0.0402176
0.0389011
0.0375754
0.0362456
0.034917
0.0335948
0.0322841
0.0309902
0.029718
0.0284724
0.0272582
0.0260801
0.0249426
0.0238503
0.0228078
0.0218197
0.0208913
0.0200284
0.0192377
0.018528
0.0179108
0.0174026
0.017028
0.0168263
0.016865
0.0172722
0.0183241
0.0207558
0.0273936
0.0620728
0.129389
0.125694
0.122191
0.118868
0.115702
0.112686
0.109814
0.107079
0.104476
0.101999
0.0996415
0.0973996
0.0952678
0.0932415
0.0913161
0.0894873
0.0877509
0.0861029
0.0845395
0.0830571
0.081652
0.0803209
0.0790604
0.0778675
0.0767389
0.0756717
0.0746629
0.0737097
0.0728092
0.0719586
0.0711551
0.0703957
0.0696776
0.0689979
0.0683534
0.067741
0.0671573
0.0665987
0.0660615
0.0655418
0.0650354
0.0645379
0.0640447
0.063551
0.0630518
0.0625421
0.0620168
0.0614708
0.0608992
0.0602972
0.0596602
0.0589841
0.058265
0.0574998
0.0566857
0.0558207
0.0549032
0.0539324
0.0529084
0.0518318
0.0507037
0.0495263
0.0483021
0.0470343
0.0457267
0.0443834
0.0430092
0.041609
0.0401881
0.038752
0.0373065
0.0358571
0.0344097
0.03297
0.0315436
0.0301358
0.0287518
0.0273967
0.0260749
0.0247909
0.0235487
0.022352
0.0212042
0.0201084
0.0190676
0.0180845
0.0171622
0.0163037
0.0155126
0.0147938
0.0141538
0.013602
0.0131535
0.0128326
0.0126827
0.0127865
0.0133252
0.0147834
0.0190324
0.0418826
0.149584
0.144747
0.140153
0.135783
0.131622
0.127662
0.123895
0.120311
0.116904
0.113666
0.110589
0.107666
0.104891
0.102256
0.0997567
0.0973859
0.0951381
0.0930078
0.0909897
0.0890787
0.08727
0.0855589
0.0839409
0.0824117
0.0809671
0.0796029
0.0783154
0.0771006
0.0759546
0.0748739
0.0738546
0.072893
0.0719853
0.0711275
0.0703158
0.0695458
0.0688132
0.0681135
0.0674416
0.0667926
0.0661609
0.065541
0.0649268
0.0643124
0.0636915
0.0630579
0.0624053
0.0617277
0.0610194
0.0602748
0.0594891
0.0586577
0.0577771
0.0568441
0.0558566
0.0548131
0.0537132
0.052557
0.0513459
0.0500817
0.0487672
0.0474058
0.0460018
0.0445598
0.043085
0.041583
0.0400598
0.0385217
0.0369748
0.0354256
0.0338805
0.0323457
0.0308273
0.029331
0.0278625
0.0264267
0.0250284
0.0236718
0.0223606
0.0210982
0.0198873
0.0187302
0.0176288
0.0165844
0.0155981
0.0146708
0.013803
0.0129954
0.0122488
0.0115646
0.0109451
0.0103945
0.00992015
0.00953518
0.00926407
0.00915547
0.009318
0.0100466
0.0124871
0.0263177
0.162163
0.156382
0.150906
0.145716
0.140795
0.136132
0.131712
0.127523
0.123555
0.119795
0.116233
0.11286
0.109666
0.106642
0.103781
0.101073
0.0985127
0.0960918
0.0938037
0.0916422
0.0896011
0.0876747
0.0858573
0.0841438
0.0825289
0.0810079
0.0795759
0.0782283
0.0769605
0.0757681
0.0746463
0.0735908
0.0725968
0.0716594
0.0707737
0.0699342
0.0691356
0.0683717
0.0676365
0.0669233
0.0662254
0.0655354
0.0648463
0.0641505
0.0634406
0.0627095
0.0619501
0.0611559
0.0603209
0.0594396
0.0585076
0.057521
0.0564771
0.055374
0.0542111
0.0529884
0.0517073
0.0503699
0.0489793
0.0475394
0.0460549
0.0445311
0.0429739
0.0413897
0.0397851
0.0381671
0.0365426
0.0349187
0.0333023
0.0317003
0.0301191
0.0285649
0.0270433
0.0255598
0.0241189
0.0227247
0.021381
0.0200905
0.0188555
0.0176779
0.0165586
0.0154984
0.0144972
0.0135547
0.0126702
0.0118425
0.0110704
0.0103526
0.00968766
0.00907457
0.0085127
0.00800235
0.00754541
0.00714669
0.00681668
0.00657791
0.00648264
0.00667552
0.0077266
0.0145153
)
;

boundaryField
{
    jetInlet
    {
        type            fixedValue;
        value           uniform 0.001;
    }
    returnOutlet
    {
        type            inletOutlet;
        inletValue      uniform 0.001;
        value           nonuniform List<scalar> 
35
(
3.13355
1.69939
1.64286
1.8124
2.07347
2.3805
2.70299
3.01467
3.2934
3.52344
3.6965
3.80215
0.001
0.001
0.001
0.001
0.001
0.001
0.001
0.001
0.001
0.001
0.001
0.001
0.001
0.001
0.166708
0.189164
0.158957
0.077056
0.0575039
0.0946864
0.17609
0.272789
0.339335
)
;
    }
    flatBed
    {
        type            epsilonWallFunction;
        blending        stepwise;
        value           nonuniform List<scalar> 
100
(
3.13355
3.20954
3.28132
3.34814
3.40921
3.4638
3.51135
3.55185
3.58623
3.60108
3.59342
3.56161
3.50503
3.42401
3.31971
3.19407
3.04963
2.88943
2.71682
2.53538
2.34873
2.16042
1.97381
1.79195
1.61747
1.45247
1.29855
1.15673
1.02748
0.910832
0.806428
0.71362
0.631576
0.559359
0.495996
0.440533
0.392063
0.34975
0.312835
0.28064
0.25256
0.228062
0.206677
0.187993
0.171651
0.15734
0.144792
0.133777
0.124101
0.1156
0.108137
0.101596
0.0958843
0.0909205
0.0866368
0.0829743
0.0798802
0.0773065
0.0752085
0.0735444
0.0722751
0.0713639
0.070777
0.0704833
0.0704547
0.0706658
0.0710941
0.0717193
0.0725237
0.0734914
0.0746029
0.0758383
0.0771943
0.0786716
0.0802665
0.0819608
0.0837444
0.0856089
0.0875459
0.0895471
0.0916036
0.0937057
0.0958425
0.0980014
0.100167
0.102321
0.104441
0.106496
0.10845
0.110252
0.11184
0.113126
0.113993
0.114282
0.113771
0.11214
0.108891
0.103259
0.0942606
0.0812535
)
;
    }
    slope
    {
        type            epsilonWallFunction;
        blending        stepwise;
        value           nonuniform List<scalar> 
50
(
1.34683
0.75296
0.679368
0.67768
0.671825
0.66308
0.649948
0.633881
0.614934
0.594387
0.572765
0.55104
0.529728
0.509493
0.490365
0.467164
0.44721
0.429802
0.41548
0.403483
0.393766
0.385885
0.379642
0.374747
0.371012
0.368237
0.366256
0.36488
0.363848
0.362615
0.344668
0.34672
0.348254
0.349456
0.348527
0.344471
0.337162
0.324762
0.306727
0.282982
0.254184
0.221474
0.186533
0.15128
0.1177
0.0875441
0.0620728
0.0418826
0.0263177
0.0145153
)
;
    }
    top
    {
        type            symmetryPlane;
    }
    frontAndBack
    {
        type            empty;
    }
    defaultFaces
    {
        type            empty;
    }
}


// ************************************************************************* //
