/*--------------------------------*- C++ -*----------------------------------*\
| =========                 |                                                 |
| \\      /  F ield         | OpenFOAM: The Open Source CFD Toolbox           |
|  \\    /   O peration     | Version:  2206                                  |
|   \\  /    A nd           | Website:  www.openfoam.com                      |
|    \\/     M anipulation  |                                                 |
\*---------------------------------------------------------------------------*/
FoamFile
{
    version     2.0;
    format      ascii;
    arch        "LSB;label=32;scalar=64";
    class       volScalarField;
    location    "2000";
    object      k;
}
// * * * * * * * * * * * * * * * * * * * * * * * * * * * * * * * * * * * * * //

dimensions      [0 2 -2 0 0 0 0];

internalField   nonuniform List<scalar> 
10000
(
0.290253
0.294927
0.299308
0.303358
0.307036
0.310305
0.313139
0.315542
0.317575
0.318452
0.318
0.316121
0.312765
0.307926
0.301641
0.293982
0.285051
0.274979
0.263917
0.252032
0.239506
0.226527
0.213288
0.199977
0.186775
0.173848
0.161338
0.149366
0.138021
0.127367
0.117437
0.108245
0.0997803
0.092021
0.0849333
0.0784772
0.0726095
0.0672862
0.062464
0.058101
0.0541576
0.0505961
0.0473814
0.0444808
0.0418641
0.0395035
0.0373742
0.0354539
0.033723
0.0321648
0.030765
0.0295118
0.028395
0.0274064
0.0265387
0.0257854
0.0251404
0.0245974
0.0241504
0.0237929
0.0235183
0.0233203
0.0231922
0.023128
0.0231218
0.0231679
0.0232614
0.0233976
0.0235722
0.0237814
0.0240207
0.0242852
0.0245739
0.0248865
0.0252217
0.0255755
0.0259452
0.026329
0.0267247
0.0271305
0.0275444
0.0279644
0.028388
0.0288129
0.0292361
0.0296539
0.0300623
0.0304557
0.0308273
0.0311684
0.0314673
0.0317085
0.0318709
0.0319254
0.0318309
0.0315267
0.0309159
0.0298417
0.0280829
0.025435
0.562329
0.570464
0.578532
0.586274
0.593597
0.600428
0.606596
0.611876
0.616011
0.618622
0.619218
0.6175
0.613255
0.606353
0.59675
0.584478
0.569641
0.552406
0.532996
0.511677
0.488752
0.464556
0.439443
0.413777
0.387923
0.362232
0.337027
0.312592
0.289162
0.266918
0.245986
0.226438
0.208303
0.191569
0.176198
0.162133
0.149302
0.137629
0.127036
0.117444
0.108778
0.100965
0.0939332
0.0876167
0.0819514
0.0768767
0.0723361
0.0682774
0.0646525
0.0614187
0.0585379
0.0559771
0.0537081
0.0517069
0.0499532
0.0484293
0.0471199
0.0460109
0.0450892
0.0443416
0.0437555
0.043318
0.0430166
0.0428391
0.0427737
0.0428095
0.0429363
0.0431448
0.0434266
0.043774
0.0441775
0.0446337
0.045138
0.0456864
0.0462772
0.0469066
0.0475698
0.0482634
0.0489845
0.0497304
0.0504981
0.051285
0.0520878
0.052903
0.0537264
0.0545529
0.0553761
0.0561877
0.0569771
0.05773
0.0584271
0.059042
0.0595377
0.0598606
0.0599317
0.0596307
0.0587752
0.0570601
0.0538249
0.0475849
0.750772
0.758971
0.767722
0.776456
0.784974
0.793214
0.800992
0.808018
0.813929
0.818263
0.820287
0.81952
0.815605
0.80831
0.797523
0.783249
0.765589
0.744729
0.720924
0.694486
0.665771
0.635174
0.603119
0.57005
0.536423
0.50269
0.469279
0.436587
0.404952
0.374655
0.345902
0.318835
0.293529
0.270008
0.24825
0.228204
0.209798
0.192949
0.17757
0.16357
0.150862
0.139363
0.128987
0.119656
0.111288
0.103806
0.0971346
0.0912005
0.0859336
0.0812682
0.0771438
0.0735053
0.0703037
0.0674962
0.0650454
0.0629192
0.0610899
0.059533
0.0582268
0.0571513
0.056288
0.0556191
0.0551277
0.0547975
0.0546131
0.05456
0.0546247
0.0547949
0.0550594
0.0554061
0.0558264
0.0563137
0.0568618
0.057465
0.0581183
0.0588197
0.0595632
0.0603441
0.0611584
0.0620026
0.0628733
0.0637667
0.0646791
0.065606
0.0665423
0.0674815
0.0684157
0.0693346
0.0702246
0.0710675
0.0718386
0.0725036
0.0730142
0.0733009
0.0732615
0.072744
0.0715237
0.0692481
0.0652583
0.0583895
0.90887
0.916931
0.926163
0.935958
0.946035
0.95629
0.966472
0.976179
0.984905
0.992063
0.996648
0.997971
0.995524
0.988984
0.978196
0.963157
0.943991
0.920918
0.89423
0.864276
0.831445
0.796163
0.758884
0.72009
0.680285
0.639982
0.59969
0.559891
0.521024
0.483464
0.447509
0.413378
0.381212
0.351079
0.322994
0.296924
0.27281
0.250571
0.230124
0.211379
0.194252
0.17866
0.16452
0.151752
0.140274
0.130003
0.120851
0.112732
0.105555
0.0992344
0.0936835
0.0888217
0.0845745
0.0808741
0.0776606
0.0748817
0.0724921
0.0704528
0.06873
0.0672942
0.0661192
0.0651812
0.0644585
0.0639308
0.0635793
0.0633863
0.0633356
0.0634123
0.0636029
0.0638923
0.0642711
0.0647306
0.0652628
0.0658606
0.0665176
0.0672302
0.0679931
0.0688001
0.0696465
0.0705277
0.0714396
0.0723778
0.0733377
0.074314
0.0753007
0.0762902
0.0772732
0.0782377
0.0791678
0.0800426
0.0808336
0.081502
0.0819941
0.0822345
0.0821157
0.0814846
0.0801238
0.0777136
0.0737248
0.0673588
1.05354
1.06183
1.07189
1.08328
1.09574
1.10906
1.12284
1.13649
1.14928
1.16042
1.16862
1.17296
1.17277
1.16766
1.15748
1.14226
1.12219
1.09755
1.0687
1.03605
1.00001
0.961017
0.919535
0.876045
0.831057
0.785109
0.738751
0.692532
0.646973
0.602541
0.559628
0.51854
0.479493
0.442616
0.407968
0.375549
0.345316
0.317203
0.291135
0.267032
0.24482
0.22443
0.205794
0.188847
0.173521
0.159743
0.147433
0.136501
0.126849
0.118372
0.110963
0.104513
0.0989158
0.0940732
0.0898945
0.086299
0.0832165
0.0805863
0.078357
0.0764844
0.0749309
0.0736638
0.0726544
0.0718772
0.071309
0.0709287
0.070717
0.0706563
0.0707304
0.0709225
0.071221
0.0716154
0.0720962
0.0726547
0.0732833
0.0739753
0.0747269
0.0755307
0.0763805
0.0772708
0.0781967
0.0791528
0.0801338
0.0811336
0.0821452
0.08316
0.0841677
0.0851546
0.0861036
0.0869919
0.0877894
0.0884555
0.0889355
0.0891551
0.089012
0.088366
0.0870263
0.0847283
0.0810715
0.0755061
1.18693
1.19599
1.20742
1.22116
1.237
1.2546
1.27331
1.29226
1.31039
1.32659
1.33927
1.34725
1.34976
1.34637
1.33697
1.32172
1.3009
1.27495
1.24431
1.20946
1.17086
1.12896
1.0842
1.03701
0.987886
0.937328
0.885888
0.834141
0.782665
0.732002
0.682634
0.634954
0.589261
0.545754
0.504545
0.465674
0.429125
0.394846
0.362775
0.332845
0.304998
0.279181
0.255354
0.233476
0.21351
0.195414
0.179134
0.1646
0.151725
0.140407
0.130526
0.121951
0.114547
0.108179
0.102721
0.0980532
0.0940719
0.0906854
0.087816
0.0853978
0.0833758
0.0817036
0.0803421
0.0792576
0.0784208
0.0778059
0.0773899
0.077152
0.0770718
0.0771317
0.0773178
0.0776174
0.0780191
0.0785127
0.0790889
0.0797391
0.0804586
0.0812395
0.0820742
0.0829562
0.0838793
0.0848373
0.085824
0.0868325
0.0878548
0.0888815
0.0899014
0.0909001
0.0918595
0.0927564
0.0935603
0.0942315
0.0947176
0.0949492
0.0948341
0.0942501
0.0930361
0.0909783
0.0877737
0.0830289
1.30583
1.31633
1.32994
1.34705
1.36759
1.39097
1.41616
1.44189
1.46668
1.48892
1.50671
1.51867
1.52392
1.52213
1.51332
1.49781
1.4761
1.44879
1.41647
1.37975
1.33913
1.29507
1.24797
1.1982
1.14616
1.09227
1.03704
0.981006
0.924764
0.868906
0.813985
0.760476
0.70876
0.659112
0.611708
0.566634
0.523905
0.48349
0.44534
0.409403
0.375635
0.344007
0.314501
0.28711
0.261836
0.23868
0.217633
0.198671
0.181745
0.16678
0.153669
0.142281
0.132462
0.124049
0.116874
0.110776
0.105605
0.10123
0.0975355
0.0944241
0.0918152
0.0896417
0.0878485
0.0863898
0.0852269
0.0843272
0.0836622
0.0832071
0.0829365
0.0828314
0.0828752
0.0830531
0.0833515
0.0837582
0.0842621
0.0848533
0.0855234
0.086266
0.0870717
0.0879324
0.0888408
0.0897896
0.0907717
0.0917792
0.0928034
0.0938344
0.0948602
0.0958662
0.096834
0.0977407
0.0985569
0.099245
0.0997565
0.100029
0.0999812
0.0995087
0.0984772
0.0967142
0.0939862
0.09
1.40462
1.41746
1.43446
1.45651
1.48363
1.51475
1.54828
1.58241
1.61521
1.64424
1.66741
1.68319
1.69078
1.69001
1.68117
1.66485
1.64182
1.61289
1.57888
1.54049
1.49833
1.45286
1.40444
1.35333
1.2998
1.24415
1.18674
1.12803
1.06858
1.00899
0.949843
0.891693
0.834992
0.780093
0.727244
0.676586
0.628168
0.581987
0.538011
0.496204
0.456541
0.419012
0.383623
0.3504
0.319382
0.290618
0.264156
0.240032
0.218258
0.198815
0.181644
0.166644
0.153671
0.142552
0.133089
0.125081
0.118328
0.112647
0.107875
0.103871
0.100518
0.0977185
0.0953937
0.0934795
0.0919234
0.0906821
0.0897194
0.0890044
0.0885064
0.0882032
0.0880754
0.0881054
0.0882773
0.0885765
0.0889899
0.0895055
0.0901124
0.0908037
0.0915686
0.0923975
0.0932818
0.094213
0.0951828
0.0961828
0.0972034
0.0982342
0.0992629
0.100275
0.101252
0.102172
0.103008
0.103724
0.104278
0.104612
0.104658
0.104325
0.103502
0.10205
0.0997838
0.096479
1.47645
1.49299
1.5154
1.54496
1.58152
1.62305
1.66714
1.71134
1.75316
1.78915
1.81718
1.83582
1.84456
1.84362
1.83366
1.81565
1.79065
1.75974
1.72394
1.68412
1.64095
1.59491
1.5463
1.49527
1.44191
1.38632
1.32868
1.2693
1.20862
1.14718
1.08559
1.02443
0.964206
0.905355
0.848204
0.792954
0.739696
0.688454
0.639224
0.591993
0.546763
0.503543
0.462364
0.423278
0.386361
0.351707
0.319419
0.289595
0.262324
0.237662
0.215627
0.196182
0.179234
0.164633
0.152182
0.141653
0.132804
0.125396
0.119208
0.114044
0.109737
0.106147
0.103162
0.10069
0.0986582
0.0970085
0.0956926
0.0946702
0.0939042
0.0933679
0.0930381
0.0928937
0.0929158
0.0930874
0.0933926
0.0938172
0.0943481
0.094976
0.0956897
0.0964778
0.09733
0.0982367
0.0991886
0.100176
0.101189
0.102217
0.103247
0.104265
0.105254
0.106192
0.107054
0.107807
0.108414
0.108825
0.108978
0.108799
0.108193
0.107046
0.105212
0.102512
1.51343
1.53619
1.5678
1.60936
1.65974
1.71529
1.77239
1.82792
1.87862
1.92024
1.95106
1.9702
1.9778
1.97467
1.96197
1.94107
1.91335
1.88013
1.84258
1.8017
1.75824
1.71268
1.66525
1.61596
1.5647
1.51133
1.45579
1.39813
1.33862
1.27769
1.2159
1.15383
1.092
1.03092
0.971022
0.912564
0.855678
0.800424
0.746827
0.694921
0.644746
0.596337
0.549746
0.505053
0.46237
0.42183
0.383582
0.347787
0.314603
0.284172
0.256601
0.231949
0.210208
0.191296
0.17506
0.161279
0.149692
0.140015
0.131968
0.125289
0.119748
0.11515
0.111334
0.108173
0.105563
0.103423
0.101688
0.100303
0.0992226
0.0984147
0.0978502
0.0975035
0.097352
0.0973753
0.0975548
0.0978735
0.0983161
0.0988688
0.0995215
0.10026
0.101074
0.10195
0.102879
0.10385
0.104853
0.105876
0.106907
0.107931
0.108933
0.109892
0.110784
0.111582
0.112249
0.112743
0.113011
0.112989
0.112597
0.111741
0.110302
0.108136
1.50481
1.54012
1.58888
1.65035
1.72106
1.79498
1.86709
1.93363
1.98993
2.0329
2.06187
2.07717
2.07995
2.07174
2.05424
2.02914
1.99806
1.96245
1.92356
1.88243
1.83982
1.79619
1.75168
1.70616
1.6593
1.61069
1.55996
1.50687
1.45142
1.39386
1.33463
1.27425
1.21322
1.15208
1.09144
1.03159
0.972686
0.914831
0.858087
0.802559
0.748367
0.695566
0.644229
0.594465
0.546435
0.500301
0.45625
0.414499
0.375268
0.338778
0.305228
0.274779
0.247535
0.223522
0.202674
0.184832
0.169755
0.157145
0.146676
0.13802
0.130878
0.124984
0.120116
0.116093
0.112771
0.110037
0.107802
0.105987
0.10454
0.103416
0.102581
0.102002
0.101651
0.101505
0.10154
0.101738
0.102078
0.102546
0.103128
0.10381
0.104578
0.105418
0.10632
0.107271
0.108261
0.109278
0.110309
0.11134
0.112355
0.113337
0.114263
0.115107
0.115838
0.116418
0.116801
0.116932
0.116744
0.116158
0.115076
0.113381
1.42858
1.49952
1.5822
1.67639
1.77534
1.8709
1.95696
2.02868
2.08153
2.11713
2.13651
2.14169
2.13491
2.11835
2.09404
2.06383
2.02934
1.99197
1.95289
1.91306
1.87315
1.83355
1.79429
1.7551
1.71541
1.67456
1.63185
1.58668
1.5387
1.48791
1.43456
1.37905
1.32173
1.26317
1.20431
1.14534
1.08648
1.02785
0.969537
0.911774
0.854841
0.798782
0.743676
0.689668
0.637009
0.585874
0.536472
0.489079
0.44397
0.401429
0.361739
0.32516
0.29191
0.262146
0.235929
0.213212
0.193833
0.177526
0.163953
0.152744
0.143528
0.135963
0.12975
0.12464
0.120434
0.116973
0.114131
0.111807
0.109928
0.108438
0.10729
0.106444
0.105867
0.105528
0.1054
0.10546
0.105686
0.106058
0.10656
0.107177
0.107893
0.108692
0.109562
0.110491
0.111465
0.112473
0.113502
0.114539
0.115568
0.116573
0.117533
0.118424
0.119218
0.119883
0.120377
0.120654
0.120656
0.120316
0.119554
0.118272
1.25736
1.42427
1.57048
1.71161
1.84191
1.95328
2.03981
2.09868
2.13387
2.14989
2.15046
2.13903
2.11848
2.09123
2.05925
2.02419
1.98742
1.95006
1.91303
1.87708
1.84269
1.81012
1.77928
1.74972
1.72065
1.69114
1.66014
1.62669
1.59004
1.54985
1.50615
1.45918
1.40932
1.35708
1.30312
1.24784
1.19157
1.13449
1.07663
1.0184
0.960453
0.9027
0.845187
0.788088
0.731881
0.676691
0.622706
0.570309
0.519811
0.471544
0.425875
0.38314
0.343662
0.307731
0.275559
0.247251
0.222777
0.201962
0.184516
0.170063
0.158187
0.148471
0.140534
0.134044
0.128728
0.12437
0.120787
0.11785
0.11546
0.113542
0.112033
0.110882
0.110047
0.10949
0.109178
0.109084
0.109181
0.109446
0.109859
0.110403
0.11106
0.111813
0.112647
0.113548
0.114503
0.1155
0.116526
0.117567
0.118608
0.119634
0.120626
0.121563
0.122418
0.123162
0.123761
0.124172
0.124347
0.124229
0.123751
0.12283
1.07555
1.39149
1.61759
1.79777
1.93654
2.02849
2.07843
2.09711
2.09525
2.07943
2.05438
2.02347
1.98905
1.95281
1.91604
1.87972
1.84469
1.81163
1.78109
1.7535
1.72915
1.70813
1.69021
1.67478
1.66085
1.64719
1.63244
1.61518
1.59428
1.56903
1.53919
1.5048
1.46615
1.42373
1.3781
1.32977
1.27912
1.2265
1.17218
1.11655
1.06001
1.00272
0.944698
0.886067
0.827924
0.770105
0.712672
0.656304
0.601292
0.547969
0.496832
0.448267
0.402669
0.360458
0.322006
0.287588
0.257348
0.231257
0.209135
0.190665
0.175434
0.162978
0.152837
0.144588
0.137872
0.13239
0.127894
0.124214
0.121216
0.118794
0.116866
0.115364
0.114235
0.113431
0.112914
0.112647
0.1126
0.112745
0.113058
0.113521
0.114112
0.114813
0.115606
0.116475
0.117408
0.118391
0.11941
0.120452
0.121504
0.122549
0.12357
0.124547
0.125458
0.126275
0.126969
0.127501
0.127832
0.127911
0.127681
0.127076
1.18633
1.5649
1.77414
1.87916
1.91721
1.9136
1.8882
1.85354
1.81602
1.77849
1.74211
1.70729
1.67418
1.64299
1.61401
1.58764
1.56432
1.54449
1.52855
1.51682
1.5095
1.50664
1.50797
1.51277
1.51984
1.52769
1.53456
1.53857
1.53815
1.53235
1.52074
1.5032
1.47982
1.45096
1.41739
1.37967
1.33828
1.29363
1.2461
1.1961
1.14403
1.0902
1.03479
0.978059
0.920496
0.862213
0.802946
0.744248
0.686146
0.628852
0.573182
0.519523
0.468282
0.420036
0.375308
0.334547
0.298101
0.26611
0.238565
0.215285
0.195928
0.180038
0.167107
0.156625
0.148137
0.14123
0.135602
0.131015
0.127284
0.124265
0.121847
0.119941
0.118475
0.117393
0.116643
0.116183
0.115975
0.115988
0.116191
0.116562
0.11708
0.117722
0.118468
0.119302
0.120208
0.121172
0.122181
0.12322
0.124277
0.125337
0.126382
0.127395
0.128354
0.129236
0.130013
0.130653
0.13112
0.131371
0.131359
0.131027
0.0450754
0.122137
0.22972
0.356519
0.490351
0.619324
0.735416
0.833783
0.912531
0.972181
1.01493
1.04389
1.06245
1.07387
1.08104
1.08641
1.09195
1.09921
1.10941
1.12345
1.14199
1.16542
1.19367
1.22603
1.2612
1.29743
1.33252
1.36372
1.38847
1.40687
1.41882
1.42425
1.42316
1.41564
1.40185
1.38214
1.35694
1.32674
1.29199
1.25318
1.21077
1.16514
1.11666
1.06568
1.01257
0.957604
0.901021
0.843342
0.784765
0.724991
0.665713
0.60753
0.550712
0.496164
0.444578
0.396569
0.352787
0.313526
0.27903
0.24935
0.22432
0.203578
0.186633
0.172891
0.161767
0.152774
0.145502
0.139615
0.134849
0.130999
0.127907
0.125452
0.123537
0.122084
0.121029
0.120316
0.1199
0.119739
0.1198
0.120051
0.12047
0.121032
0.121713
0.122495
0.12336
0.124294
0.125281
0.126308
0.127361
0.128426
0.129487
0.130527
0.131527
0.132465
0.133317
0.134056
0.134648
0.135059
0.135248
0.135169
0.00654725
0.00796774
0.0105929
0.0145858
0.0200433
0.0290491
0.0420893
0.0592543
0.0802701
0.104612
0.131649
0.160785
0.19156
0.223717
0.257239
0.292357
0.329538
0.369466
0.413002
0.461112
0.514745
0.574515
0.639575
0.706134
0.77322
0.839699
0.904474
0.967066
1.02731
1.08333
1.13372
1.17745
1.2138
1.24235
1.26279
1.27509
1.27942
1.27612
1.26564
1.2485
1.22526
1.19646
1.16261
1.12424
1.08182
1.03579
0.986602
0.934696
0.880433
0.824139
0.766463
0.707851
0.648269
0.589716
0.532835
0.478112
0.426527
0.378882
0.335864
0.297887
0.26512
0.237443
0.214481
0.195721
0.180557
0.168372
0.158598
0.150755
0.144456
0.139397
0.135345
0.132121
0.129586
0.12763
0.126165
0.125118
0.124429
0.124044
0.123919
0.124016
0.124307
0.124763
0.125357
0.126069
0.126877
0.127765
0.128717
0.129719
0.130758
0.131818
0.132885
0.133944
0.134976
0.135962
0.136881
0.137709
0.138417
0.138978
0.139357
0.139517
0.00600888
0.0060431
0.00610014
0.00616631
0.00622096
0.00629447
0.00640909
0.00659393
0.00689061
0.00735522
0.00805916
0.0090889
0.0105463
0.0125518
0.0152524
0.0188356
0.0235512
0.029744
0.0378984
0.0486533
0.0626259
0.0808093
0.105058
0.139563
0.185575
0.243738
0.313771
0.394346
0.483083
0.576476
0.670509
0.761339
0.845827
0.921779
0.987865
1.04343
1.08827
1.12252
1.14649
1.16067
1.16565
1.16206
1.15056
1.13183
1.10653
1.07529
1.03872
0.997416
0.951916
0.902753
0.850507
0.795703
0.738842
0.680761
0.621959
0.563022
0.506249
0.451993
0.401447
0.355367
0.314394
0.278854
0.248761
0.223824
0.203514
0.187174
0.174115
0.163706
0.155411
0.148798
0.143529
0.139345
0.136049
0.133485
0.131533
0.130092
0.129082
0.128437
0.128099
0.12802
0.128161
0.128494
0.128987
0.129613
0.130351
0.131181
0.132086
0.133051
0.134062
0.135104
0.136164
0.137225
0.138272
0.139288
0.140252
0.141145
0.141942
0.142618
0.143147
0.143497
0.00599321
0.00598552
0.00597906
0.00597562
0.00597774
0.0059889
0.00601142
0.00604655
0.00609477
0.00615622
0.00623118
0.00632038
0.00642526
0.00654806
0.00669211
0.00686213
0.00706489
0.00730994
0.00761304
0.00804101
0.00894049
0.0106658
0.0137947
0.0192955
0.0285311
0.0432636
0.0655651
0.0976154
0.141363
0.198042
0.267691
0.348827
0.438467
0.53255
0.626655
0.716721
0.799532
0.872866
0.935416
0.986588
1.0263
1.05482
1.07262
1.08033
1.07864
1.0683
1.05004
1.02462
0.992729
0.955079
0.912359
0.865227
0.814352
0.760451
0.704195
0.64633
0.587868
0.52912
0.472981
0.420004
0.371409
0.327945
0.290132
0.258086
0.231561
0.210019
0.192754
0.179025
0.168144
0.159528
0.152709
0.14732
0.143081
0.139775
0.137234
0.135324
0.133938
0.132987
0.1324
0.132117
0.132087
0.132275
0.132646
0.133171
0.133822
0.134578
0.135421
0.136334
0.137302
0.138311
0.139346
0.140393
0.141437
0.142461
0.143449
0.144381
0.145237
0.145997
0.146636
0.147131
0.00599099
0.00598151
0.00597287
0.00596603
0.0059618
0.005961
0.00596469
0.00597427
0.00599167
0.00601923
0.0060596
0.0061155
0.00618958
0.00628429
0.00640164
0.00654317
0.00671004
0.00690342
0.00712357
0.00737016
0.00764937
0.0079806
0.00842322
0.00913071
0.010417
0.0128279
0.0172192
0.024828
0.0373044
0.0566564
0.0850645
0.124542
0.176465
0.241078
0.317155
0.401982
0.491744
0.582176
0.669248
0.749647
0.820975
0.88172
0.931105
0.968905
0.995294
1.01071
1.01575
1.01113
0.997605
0.975968
0.947014
0.911527
0.870294
0.8241
0.77372
0.719964
0.663704
0.605792
0.547524
0.489479
0.434737
0.384059
0.338608
0.298994
0.265432
0.237707
0.21526
0.197342
0.183162
0.171985
0.163191
0.156281
0.150865
0.146645
0.143389
0.140915
0.13908
0.137769
0.13689
0.136367
0.136138
0.136154
0.136381
0.136782
0.137327
0.137991
0.138754
0.139597
0.140504
0.141462
0.142454
0.143468
0.144489
0.145501
0.146489
0.147435
0.148324
0.149135
0.149849
0.150447
0.00599073
0.00598083
0.00597111
0.00596236
0.00595575
0.00595275
0.00595507
0.00596452
0.00598291
0.00601198
0.00605343
0.00610896
0.00618028
0.00626921
0.00637753
0.00650704
0.00665948
0.00683666
0.00704031
0.00727145
0.00752996
0.00781433
0.00812229
0.00845645
0.00884224
0.00936633
0.0102328
0.0118246
0.0147707
0.0200181
0.0288889
0.0430836
0.0645883
0.0954475
0.137394
0.191387
0.257186
0.333129
0.41625
0.502735
0.588545
0.669997
0.744122
0.808793
0.862681
0.905119
0.93595
0.955389
0.963902
0.962128
0.950811
0.930757
0.902804
0.867808
0.826626
0.780135
0.729237
0.67488
0.618131
0.560053
0.502128
0.445603
0.39341
0.346421
0.305463
0.270834
0.242312
0.219307
0.201023
0.186622
0.175334
0.166508
0.159622
0.15427
0.150137
0.146979
0.144605
0.142866
0.14164
0.140833
0.140368
0.140183
0.140237
0.140489
0.140903
0.141453
0.142114
0.142867
0.143694
0.14458
0.145511
0.146471
0.147448
0.148426
0.149391
0.150328
0.151221
0.152054
0.15281
0.153473
0.00599084
0.00598112
0.00597158
0.0059628
0.00595557
0.00595086
0.00594976
0.0059535
0.0059635
0.00598135
0.00600883
0.00604793
0.00610081
0.00616976
0.00625724
0.00636581
0.00649801
0.00665621
0.00684257
0.00705886
0.0073063
0.00758509
0.00789372
0.0082283
0.00858288
0.00895426
0.00935752
0.00985971
0.0106301
0.0119955
0.0144986
0.0189623
0.0265473
0.0387703
0.057445
0.0845077
0.121711
0.170212
0.230155
0.300388
0.378469
0.460988
0.544108
0.62412
0.697864
0.762928
0.817678
0.861173
0.893032
0.913308
0.922364
0.920779
0.909277
0.888673
0.859836
0.823673
0.781122
0.73317
0.680866
0.625344
0.567905
0.509936
0.453001
0.399525
0.35141
0.309608
0.274384
0.24549
0.222288
0.203934
0.189549
0.178333
0.169616
0.162862
0.15765
0.153658
0.150632
0.148375
0.146735
0.145589
0.144842
0.14442
0.144263
0.144334
0.14459
0.144998
0.145533
0.146172
0.146896
0.147689
0.148536
0.149422
0.150332
0.151255
0.152174
0.153077
0.153949
0.154777
0.155544
0.156239
0.00599118
0.00598177
0.00597268
0.00596435
0.00595747
0.00595288
0.00595159
0.0059548
0.00596386
0.00598027
0.00600568
0.0060419
0.00609085
0.00615455
0.0062351
0.00633468
0.00645546
0.00659968
0.00676957
0.00696734
0.00719504
0.00745438
0.00774635
0.00807053
0.0084242
0.00880147
0.00919382
0.00959581
0.0100222
0.0105417
0.011325
0.012695
0.0151807
0.0195746
0.0269847
0.038851
0.0568913
0.0829408
0.11867
0.165205
0.222729
0.290214
0.365401
0.445076
0.525559
0.603228
0.674926
0.738182
0.791266
0.833136
0.863323
0.88181
0.888915
0.885198
0.871377
0.848287
0.816837
0.778006
0.732842
0.682482
0.628189
0.571366
0.513603
0.456715
0.402344
0.35372
0.311594
0.276263
0.247436
0.224405
0.206274
0.19213
0.181157
0.172673
0.166137
0.161123
0.157302
0.154419
0.152276
0.150722
0.149635
0.148924
0.148516
0.148366
0.148428
0.148663
0.149042
0.14954
0.150136
0.150812
0.151551
0.152339
0.153162
0.154006
0.154857
0.155702
0.156529
0.157325
0.158077
0.158774
0.00599167
0.00598261
0.00597398
0.00596613
0.00595958
0.00595495
0.00595304
0.00595477
0.00596124
0.00597373
0.00599372
0.00602292
0.00606322
0.00611672
0.00618565
0.00627239
0.00637937
0.00650905
0.00666389
0.00684625
0.00705839
0.00730238
0.00757992
0.00789215
0.00823911
0.00861892
0.00902656
0.00945305
0.00988708
0.0103234
0.0107841
0.011355
0.0122324
0.0137707
0.0165319
0.0213392
0.02932
0.041912
0.0607953
0.0877226
0.124234
0.171287
0.228891
0.295874
0.369904
0.44778
0.525902
0.600761
0.669308
0.729163
0.778656
0.816785
0.843105
0.857617
0.860653
0.852787
0.834768
0.807475
0.771898
0.729138
0.680429
0.627158
0.570897
0.513406
0.456553
0.402302
0.353601
0.311681
0.276762
0.248447
0.225945
0.208308
0.194605
0.184013
0.175855
0.16959
0.164796
0.161148
0.158393
0.156338
0.154837
0.153774
0.153065
0.152642
0.152465
0.152489
0.152677
0.153002
0.15344
0.153971
0.154578
0.155244
0.155955
0.156697
0.157457
0.158222
0.158981
0.159721
0.160431
0.161102
0.00599231
0.00598364
0.00597548
0.00596811
0.00596192
0.00595741
0.00595526
0.00595629
0.00596149
0.00597207
0.00598945
0.00601528
0.00605139
0.00609983
0.00616276
0.00624247
0.0063413
0.00646162
0.00660583
0.0067763
0.00697536
0.00720524
0.00746799
0.00776543
0.00809885
0.00846871
0.00887385
0.00931028
0.00976983
0.01024
0.0107078
0.0111732
0.0116756
0.0123347
0.0133953
0.0152731
0.0186021
0.0242826
0.0335133
0.0477767
0.0687448
0.0980806
0.137132
0.186567
0.246046
0.31406
0.388035
0.464668
0.540399
0.611865
0.676209
0.731246
0.77548
0.808047
0.828608
0.837236
0.834324
0.820502
0.796592
0.763588
0.722653
0.675134
0.622578
0.566736
0.50955
0.453108
0.399523
0.351375
0.310285
0.27632
0.248946
0.227289
0.210369
0.197251
0.187128
0.179335
0.173348
0.168757
0.165246
0.162575
0.16056
0.159063
0.157978
0.157225
0.156755
0.156519
0.156474
0.156588
0.156835
0.157191
0.157637
0.158155
0.15873
0.159346
0.159992
0.160654
0.161322
0.161983
0.162628
0.16325
0.0059931
0.00598488
0.00597722
0.00597029
0.00596436
0.00595981
0.0059572
0.00595718
0.00596063
0.00596861
0.00598243
0.00600368
0.00603415
0.00607588
0.00613106
0.00620205
0.00629126
0.00640117
0.0065343
0.00669314
0.0068802
0.00709786
0.00734838
0.00763378
0.00795581
0.00831575
0.00871412
0.00915006
0.00962015
0.010117
0.010628
0.0111372
0.0116335
0.0121303
0.0126999
0.0135157
0.0148965
0.0173501
0.0216186
0.02872
0.039961
0.0568916
0.0811694
0.114318
0.157394
0.210633
0.273187
0.343077
0.417394
0.492706
0.565521
0.632679
0.691596
0.74036
0.777717
0.802992
0.815989
0.816895
0.806212
0.784711
0.75341
0.713571
0.666697
0.614533
0.55905
0.502405
0.446835
0.394492
0.347664
0.308064
0.275561
0.249487
0.228907
0.212836
0.200365
0.190718
0.183263
0.177502
0.173047
0.169603
0.166945
0.164904
0.163353
0.162196
0.16136
0.160803
0.160474
0.160334
0.16035
0.160496
0.16075
0.161092
0.161504
0.16197
0.162479
0.163015
0.16357
0.164131
0.164689
0.165238
0.00599404
0.00598646
0.00597951
0.00597317
0.00596765
0.00596342
0.00596104
0.0059612
0.00596471
0.00597263
0.00598622
0.00600701
0.0060367
0.00607722
0.00613061
0.00619902
0.0062846
0.00638956
0.00651613
0.00666662
0.00684338
0.00704877
0.00728511
0.00755467
0.00785959
0.00820185
0.00858307
0.00900429
0.0094653
0.00996357
0.0104927
0.0110407
0.0115906
0.0121254
0.0126438
0.0131876
0.0138823
0.0149801
0.0169021
0.0202814
0.0260055
0.0352431
0.049428
0.0701677
0.0990514
0.137357
0.185701
0.243722
0.309935
0.381816
0.456133
0.529381
0.598218
0.659763
0.711755
0.752585
0.781253
0.797295
0.800711
0.791907
0.771656
0.74107
0.701578
0.654897
0.603008
0.548103
0.492496
0.438487
0.388165
0.343462
0.305948
0.275296
0.250736
0.231319
0.216094
0.204209
0.194946
0.18772
0.182072
0.177645
0.174168
0.171437
0.169296
0.167631
0.166349
0.165397
0.164721
0.164272
0.164013
0.163911
0.163938
0.164072
0.164294
0.164585
0.164932
0.165321
0.16574
0.16618
0.166631
0.167087
0.0059961
0.00599206
0.00599075
0.00599231
0.0059973
0.00600639
0.00602018
0.00603915
0.00606381
0.0060946
0.00613197
0.00617627
0.00622786
0.00628711
0.00635446
0.00643048
0.00651594
0.00661199
0.00672032
0.00684324
0.00698367
0.00714511
0.00733149
0.00754707
0.00779622
0.00808316
0.0084118
0.00878545
0.00920643
0.00967548
0.0101907
0.0107462
0.0113302
0.0119247
0.0125093
0.0130729
0.0136376
0.0142952
0.0152498
0.0168614
0.0196868
0.0245221
0.0324347
0.0447649
0.0630635
0.0889364
0.123786
0.168474
0.222985
0.28621
0.35595
0.429172
0.502407
0.572189
0.635391
0.689434
0.73238
0.76294
0.780448
0.784808
0.776449
0.756261
0.725545
0.685955
0.639448
0.588211
0.534581
0.480919
0.429443
0.382035
0.34014
0.305104
0.276456
0.253386
0.234998
0.220432
0.208932
0.199854
0.192676
0.18698
0.182446
0.178828
0.175938
0.173632
0.171801
0.17036
0.16926
0.168441
0.167854
0.167459
0.167222
0.167115
0.167117
0.167206
0.167367
0.167585
0.167848
0.168146
0.16847
0.168814
0.00607384
0.00622526
0.00646503
0.0068006
0.00722978
0.0077473
0.00834612
0.00901571
0.00974108
0.0105026
0.0112765
0.0120356
0.012751
0.0133935
0.0139361
0.0143561
0.0146369
0.01477
0.014755
0.0146006
0.0143233
0.0139466
0.0134994
0.0130133
0.0125212
0.0120549
0.0116437
0.0113131
0.0110839
0.0109717
0.0109864
0.0111316
0.0114028
0.0117866
0.0122595
0.0127907
0.013352
0.0139395
0.0146085
0.0155177
0.0169754
0.0194817
0.0237683
0.0308323
0.0419462
0.0586131
0.0824379
0.114893
0.156997
0.208966
0.269957
0.338009
0.410223
0.483125
0.553101
0.616781
0.67132
0.714561
0.745096
0.762249
0.766023
0.757009
0.7363
0.705407
0.666178
0.620719
0.571303
0.520256
0.469808
0.421926
0.37815
0.339386
0.306841
0.279946
0.257994
0.240219
0.225925
0.214473
0.205304
0.197949
0.192036
0.18727
0.183419
0.180303
0.177784
0.175753
0.174136
0.172874
0.171901
0.171163
0.17062
0.170237
0.169987
0.169847
0.169797
0.169821
0.169908
0.170045
0.170223
0.170437
0.0141215
0.0219541
0.030731
0.040279
0.0500523
0.0597141
0.0690462
0.0778301
0.0858425
0.092878
0.0987594
0.103342
0.106518
0.108224
0.108445
0.107222
0.104643
0.100849
0.0960074
0.0903099
0.0839667
0.077194
0.0702043
0.0631982
0.0563564
0.0498336
0.0437546
0.0382129
0.0332717
0.028966
0.0253066
0.0222831
0.0198681
0.0180199
0.0166849
0.0157991
0.0152924
0.0150964
0.0151615
0.0154858
0.0161578
0.0174083
0.0196639
0.0235904
0.0301257
0.0404918
0.0561587
0.07873
0.109722
0.150241
0.20062
0.260115
0.326795
0.397702
0.46924
0.537674
0.599583
0.652172
0.693426
0.722129
0.737808
0.740635
0.731337
0.7111
0.681488
0.644368
0.601811
0.555987
0.509026
0.462867
0.419112
0.378924
0.343068
0.312272
0.28633
0.264656
0.246803
0.232263
0.220474
0.210934
0.203216
0.196962
0.191883
0.187748
0.184376
0.181624
0.179385
0.177602
0.176176
0.175042
0.174148
0.173451
0.172916
0.172517
0.172231
0.172039
0.171927
0.171884
0.171899
0.171967
0.0225604
0.0303974
0.0394513
0.050277
0.0622871
0.0749601
0.0880491
0.101393
0.114804
0.128089
0.14106
0.153542
0.165368
0.176371
0.186398
0.195316
0.203081
0.208792
0.212186
0.213241
0.211992
0.208545
0.20307
0.195794
0.186987
0.176969
0.166054
0.154556
0.142771
0.130967
0.119375
0.108186
0.0975505
0.0875839
0.078366
0.0699459
0.0623457
0.055565
0.0495871
0.0443885
0.039952
0.0362876
0.0334593
0.03162
0.0310488
0.0321878
0.0356736
0.0423497
0.0532437
0.0694934
0.0922131
0.122308
0.160267
0.205976
0.258598
0.316549
0.377591
0.439016
0.497907
0.551428
0.597088
0.632952
0.657768
0.671006
0.672833
0.664023
0.645836
0.619866
0.587886
0.551695
0.513004
0.47336
0.434122
0.396478
0.361399
0.329563
0.302006
0.278966
0.259899
0.244258
0.231521
0.221171
0.212751
0.205876
0.200236
0.195584
0.191724
0.188504
0.18583
0.183626
0.181805
0.180293
0.179035
0.177989
0.177121
0.176404
0.175818
0.175347
0.174979
0.174704
0.0181561
0.0170942
0.0161029
0.0150611
0.014143
0.0134311
0.0129164
0.0125933
0.0124603
0.0125145
0.0127519
0.0131691
0.0137648
0.0145387
0.0154901
0.0166023
0.0179018
0.0216662
0.0279355
0.0361166
0.0456645
0.0561027
0.0670296
0.0781104
0.0886651
0.0975878
0.104622
0.109611
0.112515
0.113443
0.112594
0.110218
0.106589
0.101977
0.0966395
0.0908118
0.084702
0.0784917
0.0723347
0.0663592
0.0606717
0.0553636
0.0505234
0.0462525
0.0426875
0.0400266
0.0385592
0.0386954
0.0409879
0.0461389
0.0549786
0.0684103
0.0873166
0.112434
0.144213
0.182678
0.227318
0.277029
0.33013
0.384474
0.437631
0.487136
0.53074
0.566622
0.593537
0.610868
0.618606
0.617263
0.60774
0.591194
0.5689
0.542154
0.512213
0.480279
0.447491
0.414914
0.383526
0.354129
0.327281
0.303442
0.28317
0.266092
0.251807
0.239903
0.229982
0.221687
0.214713
0.208811
0.203778
0.199448
0.19572
0.192522
0.189781
0.18742
0.18538
0.183616
0.182094
0.180785
0.179667
0.178725
0.0183499
0.0167482
0.0153631
0.0141379
0.0130245
0.0120498
0.0111982
0.0104446
0.00977064
0.009166
0.00862401
0.00813978
0.00770988
0.00733259
0.00700862
0.00674346
0.0065473
0.0064381
0.00643117
0.00654066
0.00678651
0.00719648
0.00780172
0.00863881
0.0104635
0.0150282
0.0219708
0.0307462
0.040773
0.0507647
0.0597785
0.067283
0.0730063
0.0769016
0.0790725
0.0797051
0.0790213
0.0772515
0.0746201
0.0713382
0.0676
0.0635815
0.0594434
0.0553356
0.0514073
0.0478207
0.0447702
0.0425045
0.0413513
0.0417395
0.0442136
0.0494333
0.0581516
0.0711659
0.0892414
0.113009
0.142846
0.178754
0.22025
0.266312
0.315387
0.365502
0.414451
0.460037
0.500305
0.533721
0.559276
0.5765
0.585412
0.586425
0.580239
0.567736
0.549909
0.527802
0.502479
0.474997
0.446375
0.417571
0.389438
0.362694
0.337886
0.315314
0.295458
0.278348
0.263701
0.25121
0.240559
0.231454
0.223636
0.216886
0.211022
0.205894
0.201394
0.197457
0.194023
0.191021
0.188398
0.186111
0.184126
0.182417
0.0179565
0.0164505
0.015069
0.0138173
0.0127024
0.0117306
0.0108795
0.010133
0.00947953
0.00891121
0.00842272
0.00801067
0.0076728
0.00740729
0.00721218
0.00708495
0.00702255
0.00702192
0.00708019
0.00719376
0.00735703
0.00756158
0.00779719
0.00805737
0.00834512
0.0086791
0.00910688
0.0097246
0.010683
0.013054
0.0176259
0.0243601
0.0323496
0.0405437
0.0480378
0.0542535
0.0589414
0.0620833
0.0637914
0.0642396
0.0636254
0.0621505
0.0600108
0.0573935
0.0544771
0.0514366
0.048453
0.0457269
0.0434961
0.0420562
0.0417806
0.043137
0.0466945
0.0531167
0.0631339
0.077493
0.0968796
0.121816
0.152542
0.188889
0.230188
0.275237
0.322364
0.369583
0.414823
0.456158
0.491995
0.521185
0.543056
0.557379
0.564297
0.564246
0.557872
0.545967
0.529413
0.509144
0.486107
0.461237
0.43542
0.409469
0.384092
0.359863
0.33722
0.316412
0.297772
0.281416
0.267156
0.254763
0.243998
0.234633
0.226461
0.219305
0.213011
0.207455
0.202536
0.198198
0.194388
0.191049
0.188135
0.185609
0.0178951
0.016388
0.0149727
0.0137248
0.0126392
0.0117104
0.010919
0.0102562
0.00971916
0.00930945
0.00902953
0.00888041
0.00885986
0.00896154
0.00917495
0.00948608
0.00987848
0.0103344
0.0108359
0.0113658
0.0119081
0.0124492
0.0129789
0.0134915
0.0139878
0.0144711
0.0149386
0.0153734
0.0157424
0.0159938
0.0161313
0.0163578
0.0174949
0.020433
0.0253545
0.0316379
0.0382544
0.0442854
0.0491768
0.0527202
0.0549285
0.055928
0.055893
0.0550131
0.0534789
0.0514768
0.0491902
0.0468067
0.0445288
0.0425897
0.0412705
0.04092
0.0419701
0.044947
0.0504695
0.0592332
0.0719708
0.0893878
0.112067
0.140346
0.174183
0.213043
0.255846
0.30103
0.346707
0.390895
0.431746
0.467722
0.497696
0.520977
0.537273
0.546642
0.54941
0.546112
0.537429
0.524135
0.507061
0.487056
0.464962
0.44158
0.417652
0.393836
0.370688
0.348642
0.328014
0.308975
0.291836
0.27661
0.26316
0.251314
0.240889
0.23171
0.223617
0.21647
0.210147
0.204547
0.199587
0.195216
0.191388
0.188056
0.0176701
0.0162153
0.0148329
0.0136343
0.012656
0.0119174
0.0114319
0.0112225
0.0113029
0.0116697
0.0123007
0.0131584
0.0141942
0.0153547
0.0165866
0.0178408
0.0190754
0.0202563
0.0213579
0.0223617
0.0232559
0.0240338
0.0246927
0.0252336
0.0256608
0.0259834
0.0262166
0.02638
0.02651
0.0266908
0.0269238
0.0271262
0.0271528
0.0268855
0.0267501
0.027612
0.0301732
0.0343218
0.0391778
0.0437473
0.0473965
0.0498874
0.0512327
0.0515642
0.0510576
0.0498975
0.048266
0.0463417
0.0443067
0.0423579
0.0407223
0.0396742
0.0395535
0.0407824
0.0438759
0.0494441
0.0581785
0.0708172
0.0880796
0.110565
0.138613
0.172156
0.210588
0.252745
0.296992
0.34143
0.384142
0.423409
0.457852
0.486498
0.508777
0.52448
0.5337
0.536764
0.534177
0.526566
0.51464
0.499148
0.480856
0.460515
0.438843
0.416503
0.394086
0.372095
0.350938
0.330918
0.312245
0.29503
0.279526
0.265652
0.253296
0.242321
0.232588
0.223964
0.216324
0.209561
0.203579
0.198296
0.19365
0.189594
0.0174943
0.016147
0.0149497
0.0142077
0.014094
0.014677
0.0159404
0.0178053
0.0201354
0.0227663
0.0255367
0.0283077
0.0309706
0.0334467
0.0356843
0.0376533
0.0393403
0.0407438
0.0418713
0.0427359
0.0433552
0.0437503
0.043946
0.0439715
0.0438605
0.0436659
0.0435055
0.0433581
0.0431824
0.0428955
0.0424646
0.0418801
0.0411167
0.0401256
0.0388694
0.0374435
0.0362733
0.0361639
0.0377639
0.0407888
0.0441693
0.0469426
0.048684
0.0493752
0.0491747
0.0482836
0.0468938
0.0451767
0.0432926
0.0414053
0.0396981
0.0383908
0.0377583
0.038148
0.0399957
0.0438365
0.0503061
0.0601255
0.0740592
0.0928345
0.11701
0.146802
0.181915
0.221449
0.263955
0.307621
0.350535
0.390921
0.427305
0.458592
0.48408
0.50342
0.516567
0.523717
0.525247
0.521672
0.513593
0.50167
0.486586
0.469029
0.449667
0.429131
0.408001
0.386792
0.365942
0.345809
0.326667
0.308707
0.292045
0.276777
0.262997
0.250624
0.239561
0.229702
0.220937
0.213162
0.206283
0.200215
0.194884
0.190225
0.017484
0.0173224
0.0184532
0.0213475
0.0258274
0.0312929
0.0371384
0.0429159
0.0483232
0.0531823
0.0574103
0.060986
0.0639252
0.0662639
0.0680478
0.0693263
0.0701497
0.0705667
0.0706247
0.0703704
0.069851
0.0691176
0.0682308
0.0672907
0.0663135
0.0652377
0.0639587
0.0624976
0.0608812
0.0591345
0.0572777
0.0553229
0.0532716
0.0511166
0.0488539
0.0465137
0.0442229
0.0423118
0.041398
0.0421063
0.0442471
0.0466458
0.0482181
0.0486438
0.0481086
0.0469231
0.0453395
0.0435348
0.0416414
0.0397807
0.0380897
0.0367405
0.0359595
0.0360424
0.037372
0.0404323
0.0458182
0.0542324
0.0664593
0.0832953
0.105417
0.133185
0.166432
0.204348
0.245531
0.288199
0.330469
0.370594
0.407127
0.438992
0.465482
0.486223
0.501123
0.510317
0.51411
0.512939
0.507328
0.497857
0.485137
0.469788
0.452418
0.433611
0.41391
0.393809
0.373738
0.354066
0.335088
0.317035
0.300071
0.284303
0.269781
0.256501
0.244515
0.233759
0.224143
0.215579
0.207982
0.201274
0.195382
0.190239
0.0246544
0.0341678
0.0456219
0.0574862
0.0685164
0.0780289
0.0859057
0.0922528
0.0972318
0.101012
0.10375
0.105588
0.106648
0.107038
0.106849
0.106163
0.10505
0.103574
0.101795
0.0997727
0.0975729
0.095288
0.0928702
0.0902314
0.0873678
0.0843309
0.0811664
0.0779164
0.0746188
0.0713058
0.0680021
0.0647249
0.0614844
0.0582881
0.0551503
0.0521079
0.0492483
0.0467624
0.0450259
0.0446101
0.0458228
0.0477792
0.0488278
0.0483696
0.0467988
0.0448641
0.0429313
0.0410213
0.0391631
0.0374162
0.0358751
0.0346687
0.0340184
0.0341895
0.0355375
0.0385266
0.043741
0.0518898
0.0637867
0.0802761
0.102075
0.129535
0.162412
0.19978
0.240152
0.281745
0.322752
0.361552
0.396826
0.427629
0.453358
0.473699
0.48858
0.498125
0.50261
0.502427
0.498044
0.489979
0.47878
0.465002
0.449191
0.431874
0.413546
0.394657
0.375612
0.356757
0.338384
0.320726
0.303963
0.288221
0.273582
0.260087
0.247746
0.236538
0.226421
0.217335
0.209232
0.202065
0.195762
0.190257
0.0809634
0.103932
0.119787
0.131346
0.139791
0.145798
0.149851
0.152323
0.153503
0.153619
0.152857
0.151372
0.14929
0.146715
0.143728
0.1404
0.136787
0.132944
0.128932
0.12482
0.120567
0.116105
0.111499
0.106809
0.102086
0.0973765
0.0927171
0.088139
0.083666
0.0793155
0.0750983
0.0710196
0.0670791
0.0632742
0.0596079
0.0561237
0.0530304
0.0505003
0.048785
0.0479932
0.0478099
0.0475648
0.0466725
0.0450704
0.0430806
0.0410995
0.0392759
0.0375815
0.0360154
0.0346211
0.0334857
0.0327449
0.0326098
0.0333515
0.035332
0.0390249
0.0450286
0.0540688
0.0669661
0.0845348
0.10739
0.135696
0.168985
0.206153
0.245662
0.285824
0.325046
0.361954
0.394833
0.423231
0.446802
0.465354
0.478872
0.487488
0.49147
0.491181
0.487053
0.479556
0.469183
0.456428
0.441778
0.425699
0.408628
0.390967
0.373074
0.355265
0.337806
0.320915
0.304765
0.289486
0.275166
0.261862
0.249599
0.238378
0.22818
0.218973
0.210716
0.203362
0.19686
0.191157
0.188436
0.20065
0.207361
0.210772
0.211879
0.211235
0.209232
0.206186
0.202346
0.197902
0.192997
0.187787
0.182366
0.176777
0.171055
0.165235
0.159363
0.153481
0.147576
0.141604
0.135616
0.129649
0.123734
0.1179
0.112165
0.106541
0.10103
0.0956293
0.090326
0.0851048
0.0799498
0.0748534
0.0698297
0.0649336
0.0602783
0.0560353
0.0523927
0.0494453
0.0471699
0.0454334
0.0440128
0.0426523
0.041176
0.0395801
0.0379805
0.0364987
0.035172
0.0339959
0.0329968
0.0322432
0.0318485
0.0319795
0.0328706
0.0348285
0.0382537
0.0436562
0.0516579
0.0629721
0.0783333
0.0983591
0.123352
0.153117
0.186888
0.223435
0.261277
0.298908
0.334942
0.368175
0.397609
0.422801
0.443507
0.459624
0.471137
0.478081
0.480783
0.479671
0.475152
0.467659
0.457636
0.445526
0.431756
0.416731
0.400829
0.384396
0.367743
0.351139
0.334819
0.318973
0.303758
0.289291
0.275661
0.262924
0.251114
0.240242
0.230304
0.22128
0.213145
0.205864
0.199399
0.193712
0.27953
0.278091
0.274129
0.268305
0.261345
0.253754
0.245864
0.237882
0.229926
0.222048
0.214263
0.206576
0.198993
0.191514
0.184131
0.17679
0.169483
0.162193
0.154922
0.147668
0.140429
0.133203
0.125986
0.118776
0.111575
0.104394
0.0972621
0.0902226
0.0833414
0.0767031
0.0704055
0.0645498
0.0592273
0.0545082
0.0504339
0.0470123
0.044215
0.041974
0.0401903
0.038746
0.0375197
0.0364098
0.035361
0.0343747
0.0334881
0.0327425
0.0321693
0.0318089
0.0317342
0.0320579
0.0329395
0.0345938
0.037302
0.0414198
0.0473863
0.0557213
0.0670021
0.0818075
0.100618
0.123683
0.150884
0.181665
0.215078
0.249915
0.284889
0.318776
0.350508
0.379225
0.404322
0.425483
0.442557
0.455503
0.46437
0.469304
0.470546
0.468339
0.463102
0.455314
0.445392
0.43373
0.420697
0.40664
0.391877
0.376697
0.361358
0.346087
0.331076
0.316487
0.302451
0.28907
0.276419
0.264553
0.253504
0.243287
0.233903
0.225344
0.217592
0.210622
0.204409
0.198922
0.295811
0.2906
0.282206
0.272178
0.261494
0.250697
0.240063
0.229706
0.219636
0.209807
0.200148
0.190576
0.181033
0.171637
0.162431
0.153438
0.144625
0.135972
0.127489
0.119198
0.111128
0.103309
0.0957786
0.0885743
0.0817358
0.0753018
0.0693073
0.0637826
0.0587503
0.0542251
0.0502115
0.0467041
0.0436874
0.0411361
0.0390163
0.0372866
0.0358996
0.0348035
0.0339461
0.0332791
0.0327639
0.0323776
0.0321181
0.032005
0.0320746
0.0323767
0.0329765
0.0339633
0.0354603
0.03763
0.0406806
0.0448705
0.0505127
0.0579721
0.0676553
0.0799851
0.0953534
0.114053
0.136195
0.161628
0.189898
0.220269
0.251803
0.283476
0.314294
0.343371
0.36998
0.393577
0.413811
0.430502
0.443586
0.453091
0.459113
0.461811
0.461386
0.458026
0.452025
0.44388
0.434007
0.422757
0.410447
0.397363
0.383765
0.369889
0.355941
0.342104
0.32853
0.315351
0.302669
0.290569
0.279111
0.26834
0.258284
0.248956
0.240361
0.232491
0.225335
0.218876
0.213094
0.207966
0.231463
0.222255
0.210256
0.197726
0.185432
0.173667
0.162584
0.152223
0.142576
0.133615
0.125306
0.11761
0.110472
0.103734
0.0973532
0.0913151
0.0856067
0.0802176
0.0751396
0.0703671
0.065897
0.0617279
0.0578589
0.0542892
0.0510177
0.0480423
0.0453597
0.0429651
0.0408526
0.0390142
0.0374408
0.0361219
0.0350455
0.0341992
0.0335701
0.0331456
0.0329144
0.0328674
0.0329998
0.0333128
0.0338159
0.0345297
0.035488
0.0367389
0.038347
0.0403944
0.0429853
0.0462493
0.0503451
0.0554628
0.0618236
0.0696769
0.0792926
0.0909457
0.104893
0.121339
0.140392
0.162021
0.186018
0.211983
0.239338
0.267378
0.295338
0.322469
0.34809
0.371634
0.392662
0.410872
0.426088
0.438239
0.447336
0.453449
0.456693
0.457214
0.455159
0.450633
0.443929
0.43553
0.425809
0.415062
0.403551
0.391507
0.379137
0.366624
0.35413
0.341794
0.329735
0.31805
0.306821
0.296108
0.28596
0.276409
0.267476
0.25917
0.251494
0.244443
0.238006
0.232168
0.226914
0.222226
0.115516
0.10978
0.1037
0.0980094
0.0927873
0.0880142
0.0836189
0.07956
0.0758028
0.0723166
0.0690745
0.0660539
0.0632351
0.0605993
0.058133
0.0558254
0.053669
0.0516585
0.0497902
0.0480622
0.0464734
0.0450239
0.0437143
0.0425458
0.0415202
0.0406395
0.0399062
0.0393234
0.0388942
0.0386227
0.0385133
0.0385714
0.0388037
0.0392181
0.0398247
0.040636
0.0416676
0.0429396
0.0444773
0.0463124
0.0484849
0.051044
0.0540502
0.0575764
0.0617091
0.0665498
0.0722154
0.0788385
0.0865655
0.0955533
0.105963
0.117949
0.13165
0.147167
0.164544
0.183749
0.204652
0.227015
0.250488
0.274629
0.298926
0.32284
0.345847
0.367467
0.387296
0.405015
0.420399
0.433311
0.443692
0.451548
0.456932
0.459932
0.460651
0.459185
0.455588
0.449958
0.442721
0.434252
0.424837
0.414712
0.404085
0.393133
0.382015
0.370869
0.359814
0.348954
0.338374
0.328146
0.318328
0.308962
0.300081
0.291708
0.283855
0.276528
0.269725
0.263442
0.257667
0.252388
0.247591
0.24326
0.0964672
0.0937753
0.0909942
0.0883533
0.0858675
0.0835314
0.0813366
0.0792762
0.0773437
0.0755339
0.0738426
0.0722666
0.0708038
0.0694531
0.0682143
0.0670876
0.0660742
0.0651759
0.0643951
0.063735
0.0631997
0.0627938
0.0625229
0.0623936
0.0624133
0.0625904
0.0629345
0.0634565
0.0641683
0.0650838
0.0662183
0.067589
0.0692155
0.0711196
0.0733261
0.075863
0.0787618
0.0820582
0.0857925
0.0900101
0.0947619
0.100105
0.106101
0.112821
0.120337
0.128728
0.138075
0.148455
0.159944
0.172604
0.18648
0.20159
0.217919
0.235405
0.253936
0.273342
0.293395
0.313814
0.334275
0.354431
0.373925
0.392419
0.409606
0.425226
0.439075
0.451009
0.460941
0.468837
0.47471
0.478602
0.48058
0.480711
0.479046
0.475576
0.470369
0.46376
0.456067
0.447542
0.438394
0.428802
0.418917
0.40887
0.398776
0.388734
0.378828
0.369131
0.3597
0.350585
0.341824
0.333446
0.32547
0.31791
0.310773
0.30406
0.297768
0.291892
0.286422
0.281347
0.276655
0.272334
0.169946
0.168294
0.166463
0.16465
0.162885
0.161176
0.15953
0.157951
0.156447
0.155023
0.153686
0.152444
0.151303
0.150271
0.149357
0.148569
0.147917
0.147409
0.147056
0.146869
0.14686
0.14704
0.147423
0.148024
0.148857
0.149939
0.151286
0.152918
0.154854
0.157116
0.159726
0.162707
0.166085
0.169888
0.174142
0.178877
0.184124
0.189915
0.196282
0.203257
0.210873
0.219163
0.228156
0.237879
0.248355
0.259601
0.271624
0.28442
0.297971
0.31224
0.32717
0.342678
0.358657
0.374972
0.391461
0.407939
0.424201
0.44003
0.455207
0.469518
0.482763
0.49477
0.505392
0.514519
0.522077
0.528026
0.53236
0.535097
0.536279
0.535952
0.53416
0.530922
0.526167
0.520043
0.512823
0.504735
0.495976
0.486717
0.477105
0.467263
0.457296
0.447295
0.437338
0.427493
0.417815
0.408352
0.399143
0.390218
0.381602
0.373311
0.365359
0.357751
0.350492
0.343581
0.337015
0.330787
0.324893
0.319323
0.314068
0.30912
0.303924
0.304423
0.305041
0.305697
0.306377
0.307081
0.307814
0.308583
0.309397
0.310262
0.311189
0.312186
0.313265
0.314436
0.315712
0.317104
0.318627
0.320295
0.322123
0.324126
0.326321
0.328726
0.331358
0.334237
0.337382
0.340813
0.344551
0.348615
0.353028
0.357811
0.362982
0.368563
0.374572
0.381027
0.387943
0.395334
0.403209
0.411576
0.420438
0.429793
0.439632
0.449944
0.460706
0.471891
0.483461
0.495369
0.50756
0.519965
0.532505
0.54509
0.557619
0.569979
0.582051
0.593706
0.604813
0.615239
0.624854
0.633536
0.641174
0.647669
0.652942
0.656932
0.659599
0.660924
0.660905
0.659561
0.656922
0.653027
0.647918
0.641629
0.63418
0.625472
0.615862
0.605539
0.594643
0.583317
0.571693
0.559882
0.547977
0.536062
0.524204
0.512463
0.500889
0.489524
0.478403
0.467554
0.457
0.446758
0.436843
0.427261
0.418019
0.40912
0.400562
0.392344
0.38446
0.376907
0.369678
0.362766
0.356163
0.349864
0.443015
0.446103
0.449997
0.454155
0.458445
0.462841
0.467339
0.471944
0.476663
0.481503
0.486472
0.491579
0.496833
0.502244
0.507821
0.513576
0.51952
0.525664
0.532019
0.538598
0.545414
0.552478
0.559803
0.5674
0.575282
0.583459
0.59194
0.600735
0.609848
0.619286
0.629049
0.639136
0.649541
0.660255
0.671264
0.682547
0.694078
0.705824
0.717746
0.729797
0.741922
0.754058
0.766138
0.778082
0.789809
0.801227
0.812243
0.822758
0.83267
0.841878
0.85028
0.857777
0.864277
0.869693
0.873947
0.876974
0.878718
0.879139
0.87821
0.87592
0.872268
0.867271
0.860954
0.853353
0.844511
0.834476
0.823295
0.811014
0.79768
0.783326
0.767958
0.752106
0.735941
0.719562
0.703072
0.686567
0.670132
0.653839
0.637749
0.621912
0.606371
0.591162
0.576312
0.561844
0.547775
0.534117
0.520881
0.508071
0.495689
0.483736
0.472208
0.461103
0.450413
0.440133
0.430253
0.420766
0.411662
0.402933
0.394569
0.386561
0.530651
0.535464
0.541656
0.548338
0.555282
0.562433
0.569782
0.577333
0.585094
0.593072
0.601278
0.609721
0.61841
0.627356
0.636569
0.646058
0.655835
0.665908
0.676288
0.686983
0.698001
0.709351
0.721037
0.733065
0.745436
0.758152
0.771209
0.784602
0.798321
0.812352
0.826675
0.841267
0.856095
0.871123
0.886305
0.901587
0.916909
0.932201
0.947384
0.962371
0.977069
0.991375
1.00518
1.01837
1.03083
1.04244
1.05309
1.06264
1.071
1.07806
1.08372
1.0879
1.09053
1.09155
1.09092
1.08862
1.08465
1.07901
1.07173
1.06285
1.05242
1.04051
1.02716
1.01247
0.996487
0.979285
0.960922
0.941451
0.920939
0.89936
0.877398
0.855373
0.833394
0.811554
0.789941
0.768631
0.747687
0.727162
0.707097
0.687525
0.668474
0.649962
0.632002
0.614604
0.597771
0.581504
0.565802
0.55066
0.53607
0.522024
0.508512
0.495523
0.483045
0.471064
0.459568
0.448543
0.437975
0.427852
0.418158
0.408883
0.0221646
0.0221107
0.0220542
0.0219956
0.0219347
0.0218719
0.021807
0.0217402
0.0216715
0.0216011
0.0215289
0.021455
0.0213795
0.0213024
0.0212237
0.0211435
0.0210618
0.0209787
0.0208941
0.0208081
0.0207207
0.020632
0.0205419
0.0204505
0.0203578
0.0202638
0.0201684
0.0200718
0.0199739
0.0198747
0.0197743
0.0196726
0.0195696
0.0194654
0.0193599
0.0192532
0.0191452
0.0190359
0.0189254
0.0188136
0.0187006
0.0185862
0.0184706
0.0183538
0.0182356
0.0181161
0.0179954
0.0178733
0.0177499
0.0176251
0.017499
0.0173716
0.0172427
0.0171124
0.0169807
0.0168475
0.0167128
0.0165765
0.0164387
0.0162993
0.0161582
0.0160154
0.0158708
0.0157244
0.0155761
0.0154257
0.0152733
0.0151186
0.0149616
0.0148022
0.0146402
0.0144755
0.0143078
0.0141369
0.0139627
0.0137848
0.013603
0.0134169
0.0132262
0.0130303
0.0128288
0.0126212
0.0124066
0.0121843
0.0119534
0.0117128
0.011461
0.0111964
0.0109171
0.0106203
0.0103029
0.00996053
0.00958745
0.00917564
0.00871347
0.00818321
0.00755597
0.00678107
0.00576885
0.00464866
0.0349778
0.0346554
0.0343473
0.0340514
0.0337671
0.0334937
0.0332306
0.0329773
0.0327331
0.0324974
0.0322698
0.0320497
0.0318366
0.0316301
0.0314296
0.0312347
0.0310451
0.0308603
0.0306799
0.0305036
0.030331
0.0301619
0.0299959
0.0298328
0.0296722
0.0295139
0.0293577
0.0292033
0.0290506
0.0288994
0.0287493
0.0286004
0.0284523
0.0283051
0.0281584
0.0280122
0.0278663
0.0277206
0.027575
0.0274294
0.0272837
0.0271377
0.0269914
0.0268446
0.0266973
0.0265494
0.0264008
0.0262513
0.026101
0.0259496
0.0257972
0.0256435
0.0254886
0.0253323
0.0251745
0.025015
0.0248539
0.0246909
0.0245259
0.0243587
0.0241893
0.0240174
0.0238429
0.0236656
0.0234853
0.0233018
0.0231148
0.0229241
0.0227293
0.0225303
0.0223266
0.0221179
0.0219038
0.0216839
0.0214576
0.0212244
0.0209837
0.0207348
0.020477
0.0202094
0.0199311
0.0196409
0.0193375
0.0190195
0.0186852
0.0183325
0.017959
0.0175618
0.0171371
0.0166806
0.0161864
0.015647
0.0150521
0.0143873
0.0136314
0.0127505
0.0116867
0.0103256
0.00840565
0.00555036
0.0478102
0.0473815
0.0469721
0.0465795
0.0462027
0.0458411
0.0454938
0.0451601
0.0448392
0.0445305
0.0442332
0.0439467
0.0436702
0.0434031
0.0431449
0.0428948
0.0426524
0.042417
0.0421882
0.0419653
0.0417481
0.0415359
0.0413284
0.0411251
0.0409256
0.0407297
0.0405368
0.0403467
0.040159
0.0399735
0.0397899
0.0396079
0.0394272
0.0392476
0.0390689
0.0388908
0.0387131
0.0385357
0.0383583
0.0381807
0.0380027
0.0378243
0.0376451
0.0374651
0.0372841
0.0371018
0.0369182
0.0367331
0.0365463
0.0363577
0.036167
0.0359741
0.0357789
0.0355811
0.0353807
0.0351772
0.0349707
0.0347609
0.0345474
0.0343303
0.0341091
0.0338836
0.0336535
0.0334187
0.0331787
0.0329331
0.0326818
0.0324242
0.0321601
0.0318888
0.03161
0.031323
0.0310275
0.0307226
0.0304077
0.0300822
0.029745
0.0293953
0.029032
0.0286539
0.0282597
0.0278479
0.0274166
0.026964
0.0264875
0.0259844
0.0254512
0.0248841
0.0242778
0.0236262
0.0229212
0.0221521
0.0213048
0.0203587
0.0192839
0.0180323
0.0165196
0.014576
0.0117846
0.00717393
0.0589602
0.0584937
0.058048
0.0576203
0.0572099
0.0568158
0.0564373
0.0560735
0.0557237
0.055387
0.0550627
0.05475
0.0544482
0.0541565
0.0538743
0.0536009
0.0533357
0.0530779
0.0528271
0.0525826
0.0523438
0.0521104
0.0518817
0.0516572
0.0514365
0.0512193
0.051005
0.0507932
0.0505836
0.0503759
0.0501697
0.0499646
0.0497603
0.0495567
0.0493533
0.0491499
0.0489462
0.048742
0.0485371
0.0483312
0.0481241
0.0479155
0.0477052
0.0474931
0.0472789
0.0470624
0.0468434
0.0466217
0.0463971
0.0461693
0.0459381
0.0457034
0.0454649
0.0452224
0.0449756
0.0447244
0.0444683
0.0442073
0.0439409
0.0436689
0.0433911
0.043107
0.0428164
0.0425189
0.042214
0.0419015
0.0415807
0.0412514
0.0409129
0.0405648
0.0402063
0.039837
0.039456
0.0390626
0.0386559
0.0382351
0.037799
0.0373465
0.0368763
0.036387
0.0358769
0.035344
0.0347863
0.0342013
0.0335859
0.0329367
0.0322495
0.0315192
0.0307397
0.0299031
0.0289994
0.0280154
0.0269331
0.0257271
0.0243598
0.0227708
0.0208541
0.0183953
0.0148613
0.00892378
0.068826
0.0683548
0.0679037
0.0674701
0.0670532
0.0666522
0.0662663
0.0658947
0.0655367
0.0651914
0.0648582
0.0645362
0.0642247
0.0639231
0.0636304
0.0633462
0.0630697
0.0628003
0.0625374
0.0622803
0.0620285
0.0617814
0.0615386
0.0612994
0.0610635
0.0608304
0.0605995
0.0603706
0.0601431
0.0599168
0.0596912
0.059466
0.0592409
0.0590155
0.0587895
0.0585627
0.0583347
0.0581052
0.057874
0.0576409
0.0574055
0.0571677
0.0569271
0.0566836
0.0564368
0.0561866
0.0559327
0.0556748
0.0554128
0.0551463
0.0548752
0.0545992
0.054318
0.0540313
0.0537389
0.0534405
0.0531358
0.0528245
0.0525063
0.0521808
0.0518476
0.0515065
0.0511569
0.0507986
0.0504309
0.0500536
0.0496659
0.0492675
0.0488576
0.0484358
0.0480011
0.047553
0.0470906
0.046613
0.0461192
0.0456081
0.0450785
0.0445291
0.0439583
0.0433644
0.0427455
0.0420994
0.0414236
0.0407151
0.0399705
0.0391856
0.0383557
0.0374747
0.0365354
0.0355285
0.0344424
0.0332613
0.0319643
0.0305213
0.0288877
0.0269923
0.0247095
0.0217846
0.0175814
0.0104711
0.0776712
0.0772132
0.0767735
0.0763496
0.0759409
0.0755467
0.0751662
0.0747988
0.0744437
0.0741003
0.0737677
0.0734454
0.0731326
0.0728286
0.0725327
0.0722443
0.0719627
0.0716872
0.0714174
0.0711525
0.070892
0.0706354
0.0703822
0.0701318
0.0698838
0.0696376
0.0693929
0.0691493
0.0689062
0.0686634
0.0684204
0.0681768
0.0679324
0.0676869
0.0674397
0.0671908
0.0669396
0.0666861
0.0664298
0.0661705
0.065908
0.0656418
0.0653719
0.0650979
0.0648195
0.0645365
0.0642486
0.0639556
0.0636572
0.0633531
0.0630431
0.0627269
0.0624041
0.0620745
0.0617377
0.0613935
0.0610416
0.0606815
0.0603129
0.0599355
0.0595488
0.0591524
0.0587459
0.0583288
0.0579006
0.0574608
0.0570087
0.0565439
0.0560655
0.0555729
0.0550653
0.054542
0.0540018
0.0534439
0.0528672
0.0522704
0.0516521
0.0510109
0.050345
0.0496526
0.0489314
0.0481791
0.0473927
0.046569
0.045704
0.0447933
0.0438312
0.0428112
0.0417249
0.040562
0.0393091
0.0379488
0.036457
0.0347998
0.0329265
0.0307562
0.028146
0.0248055
0.0200062
0.0118543
0.0856791
0.0852452
0.0848271
0.0844224
0.0840307
0.0836515
0.083284
0.0829278
0.0825822
0.0822466
0.0819204
0.0816029
0.0812934
0.0809914
0.0806961
0.0804071
0.0801236
0.0798452
0.0795711
0.0793009
0.079034
0.0787699
0.0785081
0.0782481
0.0779894
0.0777316
0.0774742
0.0772168
0.076959
0.0767005
0.0764408
0.0761795
0.0759164
0.0756511
0.0753833
0.0751125
0.0748387
0.0745613
0.0742801
0.0739949
0.0737054
0.0734112
0.073112
0.0728077
0.0724979
0.0721824
0.0718608
0.0715328
0.0711983
0.0708569
0.0705082
0.0701521
0.0697881
0.069416
0.0690353
0.0686459
0.0682473
0.0678391
0.0674209
0.0669924
0.0665531
0.0661025
0.0656401
0.0651655
0.064678
0.0641772
0.0636623
0.0631328
0.0625878
0.0620266
0.0614484
0.0608522
0.060237
0.0596018
0.0589453
0.0582662
0.0575631
0.0568342
0.0560778
0.0552918
0.0544737
0.053621
0.0527304
0.0517984
0.0508208
0.0497925
0.0487076
0.0475586
0.0463366
0.0450302
0.0436246
0.0421006
0.0404318
0.0385808
0.0364916
0.0340746
0.0311716
0.0274606
0.0221322
0.0130674
0.0929879
0.0925852
0.092195
0.0918155
0.0914464
0.0910872
0.0907375
0.0903968
0.0900647
0.0897405
0.0894238
0.0891141
0.0888106
0.088513
0.0882206
0.0879329
0.0876493
0.0873693
0.0870924
0.086818
0.0865457
0.0862749
0.0860052
0.0857361
0.0854672
0.085198
0.0849282
0.0846573
0.0843848
0.0841105
0.083834
0.0835549
0.0832729
0.0829876
0.0826987
0.0824059
0.0821088
0.0818072
0.0815008
0.0811892
0.0808722
0.0805494
0.0802206
0.0798855
0.0795438
0.0791952
0.0788394
0.0784761
0.078105
0.0777257
0.0773381
0.0769417
0.0765362
0.0761213
0.0756966
0.0752617
0.0748163
0.0743599
0.0738922
0.0734127
0.0729209
0.0724163
0.0718985
0.0713668
0.0708207
0.0702596
0.0696827
0.0690895
0.0684791
0.0678506
0.0672032
0.066536
0.0658478
0.0651374
0.0644037
0.0636451
0.0628602
0.0620471
0.0612039
0.0603284
0.0594181
0.05847
0.0574809
0.056447
0.0553636
0.0542255
0.0530261
0.0517577
0.0504104
0.0489722
0.0474271
0.0457545
0.0439257
0.0419005
0.0396183
0.0369821
0.0338206
0.0297842
0.0239926
0.0141319
0.0996969
0.0993298
0.0989716
0.098621
0.0982779
0.0979418
0.0976127
0.0972901
0.0969737
0.096663
0.0963577
0.0960572
0.0957612
0.0954692
0.0951806
0.094895
0.094612
0.094331
0.0940515
0.0937732
0.0934955
0.0932181
0.0929404
0.092662
0.0923826
0.0921017
0.0918189
0.0915339
0.0912462
0.0909556
0.0906616
0.0903638
0.0900621
0.089756
0.0894451
0.0891293
0.0888082
0.0884814
0.0881487
0.0878097
0.0874643
0.087112
0.0867525
0.0863856
0.086011
0.0856284
0.0852374
0.0848378
0.0844292
0.0840114
0.0835839
0.0831464
0.0826986
0.0822402
0.0817707
0.0812898
0.0807971
0.0802921
0.0797744
0.0792436
0.0786991
0.0781404
0.0775671
0.0769784
0.0763739
0.0757529
0.0751146
0.0744583
0.0737832
0.0730885
0.0723732
0.0716363
0.0708766
0.070093
0.0692842
0.0684485
0.0675845
0.0666902
0.0657637
0.0648025
0.0638041
0.0627654
0.061683
0.0605527
0.0593699
0.058129
0.056823
0.0554437
0.0539808
0.0524214
0.0507489
0.048941
0.0469677
0.0447859
0.0423313
0.0395005
0.0361107
0.0317887
0.0255933
0.0150496
0.10588
0.105551
0.105227
0.104908
0.104593
0.104282
0.103975
0.103671
0.103372
0.103076
0.102782
0.102492
0.102204
0.101918
0.101633
0.10135
0.101067
0.100785
0.100503
0.100221
0.0999371
0.0996525
0.0993662
0.0990779
0.0987873
0.0984938
0.0981973
0.0978973
0.0975934
0.0972854
0.0969728
0.0966554
0.0963328
0.0960048
0.0956709
0.0953309
0.0949845
0.0946314
0.0942712
0.0939038
0.0935286
0.0931456
0.0927543
0.0923545
0.0919459
0.0915281
0.0911009
0.0906639
0.0902167
0.0897592
0.0892909
0.0888115
0.0883206
0.0878178
0.0873028
0.0867752
0.0862346
0.0856804
0.0851123
0.0845298
0.0839324
0.0833195
0.0826906
0.0820451
0.0813824
0.0807018
0.0800026
0.079284
0.0785451
0.0777852
0.0770032
0.0761981
0.0753687
0.0745138
0.0736321
0.0727219
0.0717815
0.0708092
0.0698028
0.0687598
0.0676776
0.066553
0.0653825
0.0641617
0.0628859
0.061549
0.0601441
0.0586624
0.0570934
0.0554234
0.0536349
0.051705
0.0496018
0.0472804
0.044673
0.0416711
0.0380819
0.0335122
0.0269687
0.0158414
0.111592
0.111303
0.111015
0.110728
0.110442
0.110156
0.109872
0.109589
0.109307
0.109025
0.108744
0.108464
0.108184
0.107903
0.107622
0.107341
0.107058
0.106775
0.106489
0.106201
0.105912
0.105619
0.105323
0.105024
0.104721
0.104414
0.104103
0.103787
0.103465
0.103139
0.102807
0.102468
0.102124
0.101772
0.101414
0.101049
0.100676
0.100295
0.0999063
0.099509
0.0991031
0.0986881
0.0982638
0.0978299
0.0973861
0.096932
0.0964675
0.095992
0.0955054
0.0950073
0.0944973
0.0939751
0.0934403
0.0928925
0.0923314
0.0917566
0.0911676
0.0905639
0.0899452
0.0893109
0.0886605
0.0879935
0.0873093
0.0866074
0.085887
0.0851475
0.0843882
0.0836083
0.082807
0.0819833
0.0811362
0.0802648
0.0793677
0.0784439
0.0774918
0.0765099
0.0754965
0.0744496
0.0733672
0.0722466
0.0710852
0.0698797
0.0686265
0.0673212
0.0659587
0.064533
0.0630368
0.0614612
0.059795
0.0580244
0.0561311
0.0540913
0.0518719
0.0494262
0.0466837
0.0435312
0.0397679
0.034983
0.0281394
0.0165184
0.116876
0.116628
0.116376
0.116122
0.115864
0.115605
0.115343
0.11508
0.114815
0.114548
0.114279
0.114008
0.113735
0.11346
0.113182
0.112902
0.112619
0.112332
0.112042
0.111749
0.111451
0.11115
0.110844
0.110532
0.110216
0.109895
0.109567
0.109234
0.108894
0.108548
0.108195
0.107834
0.107467
0.107091
0.106707
0.106315
0.105915
0.105505
0.105087
0.104658
0.104221
0.103773
0.103314
0.102845
0.102366
0.101874
0.101372
0.100857
0.10033
0.0997911
0.0992389
0.0986735
0.0980944
0.0975014
0.096894
0.0962719
0.0956345
0.0949815
0.0943124
0.0936267
0.0929239
0.0922034
0.0914648
0.0907073
0.0899304
0.0891333
0.0883154
0.0874758
0.0866137
0.0857283
0.0848184
0.0838831
0.0829211
0.0819313
0.0809121
0.079862
0.0787793
0.077662
0.0765078
0.0753145
0.074079
0.0727981
0.0714681
0.0700845
0.0686422
0.067135
0.0655553
0.0638942
0.06214
0.0602786
0.0582913
0.0561533
0.0538308
0.0512753
0.0484141
0.0451301
0.0412155
0.0362449
0.0291436
0.0171022
0.121768
0.12156
0.121344
0.121122
0.120893
0.120659
0.12042
0.120176
0.119927
0.119674
0.119416
0.119154
0.118887
0.118617
0.118341
0.118061
0.117776
0.117486
0.117191
0.116891
0.116585
0.116273
0.115955
0.115631
0.1153
0.114963
0.114619
0.114267
0.113908
0.113541
0.113165
0.112782
0.11239
0.111989
0.111579
0.111159
0.11073
0.110291
0.109842
0.109382
0.108911
0.10843
0.107937
0.107432
0.106916
0.106387
0.105846
0.105292
0.104725
0.104144
0.10355
0.102941
0.102318
0.10168
0.101026
0.100357
0.0996723
0.0989706
0.0982519
0.0975157
0.0967616
0.0959889
0.0951971
0.0943857
0.093554
0.0927012
0.0918268
0.0909298
0.0900095
0.089065
0.0880952
0.0870992
0.0860757
0.0850234
0.083941
0.0828269
0.0816793
0.0804962
0.0792754
0.0780145
0.0767105
0.0753602
0.0739598
0.0725046
0.0709896
0.0694084
0.0677533
0.066015
0.0641819
0.0622393
0.0601681
0.057943
0.0555292
0.0528769
0.0499115
0.0465125
0.042466
0.0373339
0.0300091
0.0176087
0.126297
0.126128
0.125947
0.125756
0.125556
0.125346
0.125128
0.124902
0.124669
0.124428
0.124181
0.123926
0.123665
0.123398
0.123123
0.122842
0.122555
0.12226
0.121959
0.121651
0.121335
0.121012
0.120682
0.120344
0.119998
0.119643
0.119281
0.11891
0.11853
0.118141
0.117743
0.117336
0.116919
0.116492
0.116055
0.115607
0.115148
0.114679
0.114199
0.113707
0.113203
0.112688
0.11216
0.111619
0.111066
0.1105
0.10992
0.109327
0.10872
0.108098
0.107462
0.106811
0.106144
0.105462
0.104763
0.104049
0.103317
0.102568
0.101801
0.101016
0.100213
0.09939
0.0985473
0.0976844
0.0968004
0.0958948
0.0949667
0.0940156
0.0930405
0.0920405
0.0910147
0.089962
0.0888813
0.0877712
0.0866303
0.0854571
0.0842498
0.0830065
0.0817249
0.0804024
0.0790363
0.0776231
0.076159
0.0746394
0.073059
0.0714114
0.0696889
0.0678818
0.0659785
0.0639638
0.0618183
0.0595162
0.0570219
0.0542846
0.0512278
0.0477282
0.0435667
0.0382944
0.0307755
0.0180592
0.130488
0.130357
0.130211
0.13005
0.129876
0.129689
0.129491
0.129283
0.129063
0.128834
0.128596
0.128348
0.128091
0.127826
0.127551
0.127268
0.126977
0.126677
0.126368
0.126051
0.125725
0.12539
0.125046
0.124692
0.12433
0.123958
0.123577
0.123186
0.122785
0.122374
0.121952
0.121521
0.121078
0.120624
0.120159
0.119683
0.119195
0.118696
0.118184
0.11766
0.117123
0.116574
0.116011
0.115436
0.114846
0.114243
0.113626
0.112994
0.112347
0.111686
0.111009
0.110316
0.109608
0.108883
0.108141
0.107383
0.106606
0.105812
0.105
0.104169
0.103318
0.102448
0.101558
0.100647
0.0997138
0.0987588
0.0977811
0.0967797
0.0957539
0.0947029
0.0936255
0.0925209
0.0913878
0.090225
0.0890309
0.0878042
0.0865429
0.0852452
0.0839087
0.082531
0.0811091
0.0796396
0.0781185
0.0765414
0.0749028
0.0731961
0.0714134
0.0695451
0.0675792
0.0655002
0.0632884
0.0609174
0.058351
0.0555371
0.052398
0.0488075
0.044542
0.0391428
0.0314494
0.0184621
0.134863
0.134771
0.134658
0.134527
0.134379
0.134214
0.134035
0.133842
0.133635
0.133415
0.133184
0.13294
0.132684
0.132418
0.13214
0.131852
0.131553
0.131244
0.130924
0.130593
0.130252
0.129901
0.129539
0.129167
0.128784
0.12839
0.127985
0.127569
0.127142
0.126704
0.126254
0.125793
0.12532
0.124834
0.124337
0.123828
0.123305
0.122771
0.122223
0.121662
0.121087
0.120499
0.119897
0.119282
0.118651
0.118007
0.117347
0.116672
0.115982
0.115276
0.114555
0.113817
0.113063
0.112291
0.111503
0.110697
0.109873
0.10903
0.108169
0.107289
0.106389
0.105468
0.104528
0.103566
0.102582
0.101575
0.100546
0.0994926
0.0984147
0.0973111
0.0961811
0.0950235
0.0938373
0.092621
0.0913734
0.0900928
0.0887775
0.0874254
0.0860343
0.0846017
0.0831245
0.0815993
0.0800222
0.0783885
0.0766925
0.0749278
0.0730862
0.0711578
0.0691303
0.0669881
0.064711
0.0622718
0.0596336
0.0567433
0.0535213
0.0498389
0.0454677
0.0399399
0.0320731
0.0188238
0.139417
0.139366
0.13929
0.139191
0.139071
0.13893
0.138771
0.138595
0.138401
0.138191
0.137966
0.137727
0.137473
0.137205
0.136924
0.13663
0.136323
0.136003
0.135671
0.135326
0.134969
0.1346
0.134219
0.133826
0.13342
0.133003
0.132573
0.13213
0.131676
0.131209
0.130729
0.130236
0.129731
0.129213
0.128681
0.128137
0.127579
0.127007
0.126422
0.125822
0.125209
0.124581
0.123939
0.123282
0.12261
0.121923
0.12122
0.120502
0.119768
0.119018
0.118251
0.117468
0.116668
0.115851
0.115016
0.114163
0.113292
0.112402
0.111493
0.110565
0.109617
0.108649
0.10766
0.106649
0.105617
0.104562
0.103484
0.102382
0.101255
0.100102
0.0989232
0.0977166
0.0964812
0.0952158
0.093919
0.0925892
0.0912245
0.089823
0.0883824
0.0868999
0.0853726
0.083797
0.0821691
0.0804839
0.0787358
0.076918
0.0750222
0.0730383
0.0709536
0.0687519
0.0664125
0.0639076
0.061199
0.0582324
0.0549258
0.051147
0.0466616
0.0409887
0.0329129
0.0193058
0.14356
0.143547
0.143504
0.143434
0.143339
0.14322
0.143079
0.142916
0.142734
0.142532
0.142313
0.142076
0.141822
0.141552
0.141266
0.140965
0.140649
0.140318
0.139973
0.139614
0.139242
0.138855
0.138455
0.138041
0.137614
0.137173
0.136718
0.136251
0.135769
0.135275
0.134766
0.134245
0.133709
0.133159
0.132596
0.132019
0.131427
0.130821
0.130201
0.129567
0.128917
0.128253
0.127574
0.12688
0.12617
0.125445
0.124704
0.123947
0.123174
0.122384
0.121578
0.120755
0.119915
0.119057
0.118182
0.117289
0.116377
0.115447
0.114498
0.113529
0.11254
0.111531
0.110502
0.109451
0.108378
0.107282
0.106164
0.105021
0.103854
0.102662
0.101443
0.100196
0.0989208
0.0976157
0.096279
0.0949094
0.0935048
0.0920633
0.0905825
0.0890596
0.0874916
0.0858749
0.0842052
0.0824776
0.0806862
0.0788239
0.0768824
0.0748509
0.0727166
0.0704628
0.068068
0.0655037
0.0627306
0.0596926
0.0563056
0.0524338
0.047836
0.0420184
0.0337323
0.0197713
0.14732
0.14734
0.147326
0.147281
0.147208
0.147106
0.14698
0.146829
0.146655
0.146459
0.146242
0.146005
0.14575
0.145476
0.145184
0.144875
0.144549
0.144207
0.143848
0.143475
0.143085
0.142681
0.142262
0.141828
0.141379
0.140916
0.140438
0.139946
0.139439
0.138918
0.138383
0.137833
0.137269
0.136691
0.136098
0.135491
0.134868
0.134232
0.13358
0.132913
0.132232
0.131535
0.130823
0.130096
0.129353
0.128595
0.12782
0.12703
0.126223
0.1254
0.12456
0.123703
0.122829
0.121938
0.121029
0.120103
0.119158
0.118194
0.117212
0.11621
0.115189
0.114148
0.113086
0.112003
0.110898
0.109771
0.108621
0.107448
0.10625
0.105026
0.103777
0.1025
0.101195
0.0998593
0.0984927
0.097093
0.0956585
0.0941868
0.0926757
0.0911222
0.0895232
0.087875
0.0861732
0.0844126
0.0825872
0.0806897
0.0787112
0.0766411
0.0744657
0.072168
0.0697258
0.0671096
0.0642792
0.0611767
0.0577156
0.0537564
0.0490512
0.0430926
0.0345965
0.0202552
0.150728
0.150777
0.150787
0.150762
0.150705
0.150618
0.150502
0.150359
0.150191
0.149998
0.149782
0.149543
0.149284
0.149004
0.148705
0.148386
0.14805
0.147695
0.147323
0.146934
0.146528
0.146106
0.145668
0.145215
0.144745
0.144261
0.14376
0.143245
0.142715
0.14217
0.14161
0.141035
0.140445
0.13984
0.13922
0.138586
0.137937
0.137272
0.136593
0.135899
0.13519
0.134465
0.133725
0.13297
0.132199
0.131413
0.130611
0.129792
0.128958
0.128108
0.127241
0.126357
0.125457
0.124539
0.123605
0.122652
0.121682
0.120693
0.119686
0.11866
0.117615
0.11655
0.115464
0.114358
0.113231
0.112081
0.110909
0.109714
0.108495
0.10725
0.10598
0.104682
0.103356
0.102
0.100613
0.099193
0.0977378
0.0962452
0.0947129
0.0931379
0.0915168
0.0898457
0.0881202
0.0863349
0.0844835
0.0825584
0.0805505
0.0784486
0.0762388
0.0739033
0.0714192
0.0687563
0.0658727
0.0627091
0.0591763
0.0551306
0.0503169
0.0442133
0.035497
0.020751
0.153819
0.15389
0.153918
0.153909
0.153865
0.153787
0.153678
0.15354
0.153374
0.153181
0.152963
0.152721
0.152456
0.152169
0.15186
0.151532
0.151183
0.150815
0.150429
0.150025
0.149603
0.149164
0.148708
0.148235
0.147746
0.147241
0.146721
0.146184
0.145632
0.145065
0.144483
0.143885
0.143272
0.142645
0.142002
0.141345
0.140672
0.139985
0.139282
0.138565
0.137833
0.137086
0.136324
0.135546
0.134753
0.133945
0.133122
0.132283
0.131428
0.130557
0.12967
0.128767
0.127848
0.126912
0.125959
0.124989
0.124001
0.122996
0.121973
0.120931
0.11987
0.11879
0.11769
0.11657
0.115429
0.114266
0.113081
0.111874
0.110642
0.109385
0.108103
0.106793
0.105455
0.104088
0.102689
0.101257
0.099789
0.0982838
0.0967384
0.0951496
0.0935141
0.0918276
0.0900855
0.0882823
0.0864114
0.0844649
0.0824334
0.0803053
0.078066
0.0756973
0.0731756
0.0704694
0.0675357
0.0643133
0.0607101
0.0565782
0.0516549
0.0454025
0.0364569
0.0212716
0.156624
0.156711
0.156753
0.156754
0.156718
0.156646
0.15654
0.156403
0.156236
0.156041
0.155818
0.15557
0.155297
0.155001
0.154683
0.154343
0.153982
0.1536
0.1532
0.15278
0.152343
0.151887
0.151414
0.150924
0.150417
0.149893
0.149354
0.148798
0.148227
0.147641
0.147039
0.146422
0.145791
0.145144
0.144482
0.143806
0.143115
0.142409
0.141689
0.140954
0.140205
0.13944
0.138662
0.137868
0.13706
0.136237
0.135399
0.134546
0.133677
0.132794
0.131895
0.13098
0.130049
0.129103
0.12814
0.12716
0.126164
0.12515
0.124119
0.123069
0.122002
0.120916
0.11981
0.118684
0.117538
0.116371
0.115181
0.113969
0.112733
0.111473
0.110186
0.108873
0.107531
0.10616
0.104756
0.103319
0.101847
0.100336
0.0987838
0.0971877
0.0955438
0.0938477
0.0920946
0.0902787
0.0883932
0.0864299
0.0843789
0.0822283
0.0799629
0.077564
0.0750069
0.0722594
0.0692768
0.065996
0.0623221
0.0581025
0.0530663
0.0466589
0.0374714
0.0218139
0.159175
0.159272
0.159321
0.159328
0.159295
0.159224
0.159118
0.158979
0.158808
0.158607
0.158377
0.158121
0.157839
0.157533
0.157203
0.156851
0.156477
0.156082
0.155667
0.155233
0.154779
0.154308
0.153819
0.153313
0.152789
0.15225
0.151694
0.151122
0.150535
0.149933
0.149315
0.148683
0.148035
0.147374
0.146698
0.146007
0.145303
0.144584
0.143851
0.143104
0.142343
0.141568
0.140779
0.139976
0.139159
0.138328
0.137482
0.136622
0.135748
0.134859
0.133955
0.133036
0.132102
0.131153
0.130188
0.129207
0.128209
0.127196
0.126165
0.125116
0.12405
0.122965
0.121862
0.120738
0.119595
0.118431
0.117244
0.116036
0.114803
0.113546
0.112263
0.110953
0.109614
0.108244
0.106843
0.105407
0.103935
0.102424
0.100871
0.0992727
0.0976251
0.0959239
0.0941639
0.0923391
0.0904425
0.0884655
0.0863979
0.0842272
0.081938
0.0795105
0.0769195
0.0741315
0.0711005
0.0677612
0.0640158
0.0597066
0.0545543
0.0479863
0.0385457
0.0223809
0.161501
0.161601
0.161653
0.16166
0.161625
0.161551
0.161441
0.161295
0.161117
0.160908
0.16067
0.160403
0.16011
0.159792
0.15945
0.159084
0.158697
0.158288
0.157859
0.157411
0.156943
0.156457
0.155954
0.155433
0.154896
0.154342
0.153772
0.153187
0.152587
0.151972
0.151342
0.150698
0.15004
0.149368
0.148682
0.147983
0.14727
0.146543
0.145804
0.145051
0.144284
0.143505
0.142712
0.141906
0.141087
0.140255
0.139409
0.138549
0.137676
0.136789
0.135888
0.134972
0.134043
0.133098
0.132139
0.131164
0.130173
0.129167
0.128144
0.127104
0.126046
0.124971
0.123877
0.122763
0.121629
0.120475
0.119299
0.1181
0.116877
0.11563
0.114356
0.113054
0.111724
0.110362
0.108968
0.107538
0.106072
0.104564
0.103014
0.101417
0.0997692
0.0980659
0.0963018
0.0944707
0.0925651
0.0905764
0.0884938
0.0863044
0.0839923
0.081537
0.0789124
0.076084
0.0730042
0.0696056
0.0657872
0.0613863
0.0561145
0.0493802
0.039675
0.0229702
0.163627
0.163726
0.163774
0.163776
0.163735
0.163653
0.163534
0.163379
0.163191
0.162971
0.16272
0.162442
0.162136
0.161805
0.161449
0.16107
0.160669
0.160246
0.159804
0.159342
0.158861
0.158362
0.157845
0.157312
0.156763
0.156198
0.155617
0.155022
0.154412
0.153788
0.15315
0.152499
0.151834
0.151156
0.150465
0.149762
0.149046
0.148318
0.147577
0.146824
0.146058
0.145281
0.144491
0.143689
0.142874
0.142048
0.141208
0.140356
0.139491
0.138614
0.137723
0.136818
0.1359
0.134968
0.134021
0.13306
0.132083
0.131091
0.130083
0.129059
0.128017
0.126957
0.125879
0.124781
0.123664
0.122525
0.121365
0.120182
0.118974
0.117741
0.116482
0.115194
0.113876
0.112526
0.111143
0.109723
0.108265
0.106765
0.10522
0.103627
0.101981
0.100278
0.0985115
0.0966755
0.0947622
0.0927626
0.0906657
0.0884581
0.0861232
0.0836401
0.0809817
0.0781122
0.0749829
0.071524
0.0676312
0.0631367
0.0577425
0.0508372
0.0408578
0.0235812
0.165579
0.165669
0.165707
0.165698
0.165646
0.165553
0.165421
0.165253
0.165051
0.164817
0.164553
0.16426
0.16394
0.163594
0.163224
0.162831
0.162416
0.16198
0.161524
0.161049
0.160556
0.160045
0.159517
0.158974
0.158415
0.157841
0.157253
0.15665
0.156034
0.155405
0.154763
0.154109
0.153442
0.152764
0.152073
0.151371
0.150658
0.149933
0.149197
0.14845
0.147692
0.146923
0.146142
0.145351
0.144548
0.143733
0.142908
0.14207
0.141221
0.140359
0.139485
0.138598
0.137699
0.136786
0.135859
0.134918
0.133962
0.132991
0.132004
0.131001
0.129981
0.128943
0.127887
0.126811
0.125715
0.124598
0.123458
0.122295
0.121107
0.119893
0.118652
0.117381
0.11608
0.114745
0.113376
0.111968
0.110521
0.10903
0.107493
0.105905
0.104263
0.10256
0.100792
0.098952
0.0970313
0.095021
0.0929096
0.0906833
0.0883251
0.0858133
0.0831202
0.0802088
0.0770287
0.0735081
0.0695394
0.0649494
0.0594305
0.0523503
0.0420886
0.0242114
0.167377
0.167452
0.167475
0.16745
0.167381
0.167272
0.167123
0.166939
0.16672
0.166469
0.166188
0.165879
0.165543
0.165181
0.164796
0.164388
0.163959
0.163509
0.16304
0.162553
0.162049
0.161528
0.160991
0.16044
0.159874
0.159294
0.1587
0.158094
0.157476
0.156846
0.156204
0.155551
0.154888
0.154213
0.153528
0.152833
0.152128
0.151413
0.150688
0.149953
0.149208
0.148453
0.147689
0.146914
0.146129
0.145334
0.144528
0.143712
0.142884
0.142046
0.141195
0.140333
0.139459
0.138571
0.13767
0.136756
0.135827
0.134883
0.133924
0.132948
0.131955
0.130944
0.129914
0.128865
0.127795
0.126703
0.125589
0.12445
0.123285
0.122094
0.120874
0.119623
0.118341
0.117024
0.11567
0.114277
0.112842
0.111362
0.109833
0.108252
0.106613
0.104912
0.103142
0.101297
0.0993683
0.0973465
0.0952196
0.0929737
0.0905909
0.088049
0.0853195
0.0823644
0.0791319
0.0755479
0.0715016
0.0668145
0.061169
0.0539117
0.043362
0.0248585
0.16904
0.169093
0.169094
0.169048
0.168958
0.168827
0.168658
0.168453
0.168214
0.167943
0.167643
0.167315
0.166961
0.166583
0.166181
0.165758
0.165314
0.164851
0.16437
0.163872
0.163358
0.162829
0.162285
0.161727
0.161157
0.160574
0.159979
0.159373
0.158756
0.158129
0.157492
0.156845
0.156189
0.155524
0.15485
0.154167
0.153475
0.152775
0.152067
0.15135
0.150625
0.149891
0.149149
0.148397
0.147637
0.146867
0.146088
0.145299
0.1445
0.143691
0.142871
0.142039
0.141196
0.14034
0.139471
0.138589
0.137692
0.136781
0.135853
0.13491
0.133949
0.13297
0.131972
0.130953
0.129913
0.128851
0.127764
0.126653
0.125515
0.124348
0.123152
0.121924
0.120662
0.119364
0.118027
0.11665
0.115228
0.113759
0.112239
0.110664
0.109029
0.107328
0.105556
0.103706
0.101768
0.0997335
0.0975896
0.095322
0.0929126
0.0903384
0.0875702
0.0845689
0.0812812
0.0776311
0.0735048
0.0687184
0.0629447
0.0555089
0.0446686
0.0255177
0.170587
0.170611
0.170584
0.170511
0.170395
0.170238
0.170043
0.169813
0.169551
0.169257
0.168935
0.168587
0.168213
0.167816
0.167397
0.166958
0.166499
0.166023
0.165531
0.165022
0.1645
0.163963
0.163414
0.162853
0.16228
0.161697
0.161104
0.160501
0.15989
0.15927
0.158642
0.158006
0.157362
0.156711
0.156053
0.155388
0.154716
0.154037
0.153351
0.152658
0.151958
0.151252
0.150537
0.149815
0.149086
0.148348
0.147602
0.146847
0.146082
0.145308
0.144524
0.143728
0.142922
0.142103
0.141272
0.140427
0.139568
0.138693
0.137803
0.136897
0.135972
0.135029
0.134065
0.133081
0.132074
0.131044
0.129989
0.128908
0.127798
0.126659
0.125488
0.124284
0.123044
0.121767
0.120448
0.119087
0.117679
0.116221
0.11471
0.11314
0.111508
0.109807
0.108032
0.106175
0.104226
0.102177
0.100014
0.0977218
0.0952829
0.0926733
0.0898628
0.0868114
0.0834645
0.0797441
0.0755334
0.0706435
0.0647383
0.0571225
0.0459921
0.0261796
0.172029
0.172019
0.171958
0.171851
0.171703
0.171515
0.17129
0.171032
0.170742
0.170422
0.170076
0.169704
0.169309
0.168891
0.168454
0.167998
0.167525
0.167036
0.166532
0.166015
0.165485
0.164943
0.164391
0.163828
0.163256
0.162676
0.162088
0.161493
0.160891
0.160282
0.159667
0.159046
0.15842
0.157788
0.157151
0.156509
0.155862
0.15521
0.154553
0.15389
0.153222
0.152548
0.151868
0.151181
0.150489
0.149789
0.149081
0.148365
0.147641
0.146908
0.146165
0.145412
0.144647
0.143871
0.143082
0.142279
0.141462
0.140629
0.139781
0.138915
0.13803
0.137126
0.136201
0.135254
0.134284
0.133288
0.132267
0.131218
0.130139
0.129028
0.127885
0.126706
0.125489
0.124232
0.122932
0.121587
0.120193
0.118746
0.117243
0.115678
0.114048
0.112346
0.110566
0.1087
0.106739
0.104672
0.102487
0.100168
0.0976961
0.095047
0.0921896
0.0890828
0.0856704
0.0818723
0.0775685
0.0725654
0.0665183
0.0587135
0.047291
0.0268194
0.174592
0.174492
0.174344
0.174155
0.173928
0.173665
0.173369
0.173043
0.172689
0.17231
0.171907
0.171483
0.171039
0.170578
0.170101
0.169608
0.169103
0.168586
0.168059
0.167522
0.166976
0.166423
0.165864
0.165299
0.164729
0.164154
0.163576
0.162994
0.16241
0.161823
0.161233
0.160642
0.160048
0.159452
0.158855
0.158255
0.157654
0.15705
0.156443
0.155834
0.155221
0.154605
0.153985
0.15336
0.152729
0.152093
0.151451
0.150801
0.150143
0.149477
0.1488
0.148114
0.147416
0.146705
0.145981
0.145243
0.144489
0.143718
0.142929
0.142121
0.141293
0.140443
0.13957
0.138672
0.137748
0.136796
0.135815
0.134802
0.133757
0.132676
0.131558
0.130401
0.129202
0.127958
0.126667
0.125326
0.123931
0.122478
0.120963
0.119382
0.117729
0.115998
0.114183
0.112275
0.110265
0.108142
0.105892
0.103501
0.100947
0.0982061
0.0952456
0.092023
0.0884799
0.0845335
0.0800592
0.0748564
0.0685684
0.0604575
0.048606
0.0273955
0.178188
0.177884
0.177544
0.177175
0.17678
0.17636
0.175919
0.175459
0.174981
0.174489
0.173985
0.17347
0.172945
0.172414
0.171876
0.171335
0.170791
0.170245
0.169698
0.169152
0.168608
0.168066
0.167527
0.166991
0.16646
0.165934
0.165413
0.164897
0.164386
0.163882
0.163382
0.162889
0.1624
0.161917
0.161438
0.160963
0.160493
0.160025
0.15956
0.159097
0.158635
0.158173
0.157711
0.157247
0.15678
0.15631
0.155836
0.155355
0.154868
0.154372
0.153867
0.153351
0.152823
0.152282
0.151726
0.151154
0.150564
0.149955
0.149325
0.148673
0.147997
0.147295
0.146566
0.145809
0.14502
0.144198
0.143342
0.142449
0.141517
0.140543
0.139526
0.138463
0.137352
0.136188
0.134969
0.133693
0.132354
0.130949
0.129474
0.127923
0.12629
0.124569
0.122754
0.120834
0.1188
0.11664
0.11434
0.111883
0.109246
0.106402
0.103318
0.0999447
0.0962204
0.0920537
0.0873085
0.0817644
0.0750283
0.0662832
0.0533789
0.0296726
0.18138
0.180806
0.180216
0.179615
0.179006
0.17839
0.17777
0.177147
0.176524
0.175902
0.175283
0.174668
0.174059
0.173458
0.172866
0.172283
0.171712
0.171153
0.170606
0.170074
0.169555
0.169052
0.168564
0.168092
0.167635
0.167195
0.16677
0.166361
0.165968
0.16559
0.165226
0.164877
0.164541
0.164218
0.163907
0.163606
0.163316
0.163034
0.16276
0.162493
0.16223
0.161971
0.161715
0.161459
0.161202
0.160944
0.160681
0.160413
0.160138
0.159853
0.159558
0.159251
0.15893
0.158592
0.158237
0.157862
0.157465
0.157045
0.156599
0.156126
0.155624
0.15509
0.154523
0.15392
0.15328
0.152599
0.151876
0.151109
0.150295
0.149431
0.148514
0.147543
0.146513
0.145422
0.144266
0.143041
0.141743
0.140369
0.138912
0.137368
0.13573
0.133992
0.132144
0.130179
0.128085
0.12585
0.123457
0.120889
0.118122
0.115126
0.111865
0.108288
0.104327
0.0998825
0.0948077
0.0888633
0.0816207
0.0721845
0.0581715
0.0318585
0.184025
0.183124
0.182235
0.18136
0.180501
0.179658
0.178834
0.178029
0.177245
0.176483
0.175744
0.175029
0.174338
0.173674
0.173037
0.172427
0.171846
0.171293
0.170769
0.170275
0.169811
0.169376
0.168971
0.168596
0.16825
0.167932
0.167642
0.16738
0.167144
0.166934
0.166748
0.166585
0.166444
0.166324
0.166223
0.166139
0.166071
0.166016
0.165974
0.165942
0.165918
0.165901
0.165887
0.165876
0.165864
0.16585
0.165832
0.165807
0.165773
0.165728
0.165669
0.165595
0.165503
0.16539
0.165255
0.165094
0.164907
0.16469
0.164441
0.164157
0.163837
0.163478
0.163078
0.162634
0.162143
0.161603
0.161012
0.160366
0.159664
0.158901
0.158076
0.157185
0.156224
0.155191
0.154081
0.152891
0.151616
0.150251
0.148791
0.147231
0.145564
0.143781
0.141876
0.139838
0.137656
0.135316
0.132802
0.130094
0.127168
0.123992
0.120528
0.11672
0.112497
0.107753
0.102331
0.0959728
0.0882165
0.0780896
0.0629741
0.0339681
0.185913
0.18465
0.18343
0.182257
0.181128
0.180045
0.179008
0.178016
0.177071
0.176172
0.17532
0.174515
0.173758
0.173048
0.172386
0.171772
0.171205
0.170687
0.170216
0.169792
0.169415
0.169084
0.168798
0.168557
0.168359
0.168204
0.168089
0.168013
0.167976
0.167974
0.168007
0.168071
0.168166
0.168289
0.168437
0.168608
0.1688
0.16901
0.169236
0.169475
0.169723
0.16998
0.17024
0.170503
0.170765
0.171023
0.171274
0.171516
0.171746
0.17196
0.172157
0.172333
0.172485
0.172611
0.172709
0.172774
0.172804
0.172797
0.17275
0.17266
0.172525
0.172341
0.172106
0.171817
0.171471
0.171066
0.170597
0.170064
0.169462
0.168788
0.168039
0.167212
0.166303
0.165309
0.164225
0.163047
0.16177
0.160391
0.158902
0.157299
0.155573
0.153719
0.151726
0.149584
0.147283
0.144807
0.14214
0.139261
0.136145
0.132759
0.129061
0.124995
0.120484
0.115417
0.109627
0.102841
0.0945646
0.0837539
0.0675636
0.0358816
0.186927
0.185292
0.183739
0.182266
0.180872
0.179556
0.178316
0.177151
0.176062
0.175046
0.174104
0.173234
0.172436
0.171709
0.171053
0.170467
0.16995
0.169501
0.169119
0.168802
0.168551
0.168362
0.168235
0.168167
0.168158
0.168204
0.168304
0.168454
0.168654
0.168899
0.169188
0.169517
0.169883
0.170284
0.170715
0.171174
0.171658
0.172162
0.172684
0.173221
0.173767
0.174321
0.174879
0.175437
0.175991
0.176539
0.177076
0.177599
0.178105
0.17859
0.179051
0.179485
0.179888
0.180257
0.180589
0.18088
0.181127
0.181328
0.181478
0.181575
0.181616
0.181597
0.181516
0.181368
0.181152
0.180864
0.180501
0.180059
0.179536
0.178928
0.178231
0.177441
0.176556
0.175572
0.174483
0.173286
0.171975
0.170547
0.168995
0.167312
0.165493
0.163529
0.161411
0.159129
0.156671
0.154022
0.151166
0.14808
0.144738
0.141107
0.137144
0.13279
0.127965
0.122553
0.116379
0.109157
0.100366
0.0888979
0.0717029
0.0375087
0.187103
0.185116
0.183249
0.181501
0.179867
0.178346
0.176933
0.175628
0.174427
0.173329
0.172332
0.171434
0.170633
0.169928
0.169317
0.168799
0.16837
0.168031
0.167778
0.167609
0.167522
0.167516
0.167586
0.16773
0.167947
0.168231
0.168581
0.168992
0.169462
0.169986
0.170561
0.171183
0.171848
0.172552
0.17329
0.17406
0.174855
0.175673
0.176508
0.177358
0.178216
0.179079
0.179944
0.180805
0.181658
0.182499
0.183325
0.18413
0.184912
0.185665
0.186387
0.187072
0.187718
0.188321
0.188876
0.18938
0.189829
0.19022
0.19055
0.190814
0.191009
0.191132
0.191179
0.191147
0.191032
0.190832
0.190541
0.190158
0.189679
0.1891
0.188417
0.187627
0.186726
0.18571
0.184574
0.183314
0.181926
0.180404
0.178743
0.176937
0.174979
0.172861
0.170574
0.168109
0.165451
0.162588
0.159502
0.156171
0.152569
0.148662
0.144405
0.139739
0.134582
0.128814
0.122256
0.114608
0.105328
0.0932534
0.0751623
0.0388088
0.186741
0.184436
0.182294
0.180309
0.178476
0.176791
0.175248
0.173844
0.172576
0.171439
0.170432
0.169549
0.16879
0.16815
0.167627
0.167218
0.16692
0.16673
0.166645
0.166662
0.166777
0.166987
0.167288
0.167676
0.168147
0.168698
0.169323
0.170018
0.170779
0.171601
0.172479
0.173409
0.174385
0.175402
0.176456
0.177541
0.178652
0.179785
0.180933
0.182093
0.183259
0.184425
0.185589
0.186743
0.187884
0.189006
0.190105
0.191176
0.192215
0.193216
0.194176
0.19509
0.195954
0.196763
0.197513
0.1982
0.19882
0.199368
0.199842
0.200236
0.200548
0.200773
0.200907
0.200947
0.200889
0.20073
0.200466
0.200093
0.199608
0.199007
0.198288
0.197445
0.196475
0.195375
0.194139
0.192765
0.191247
0.18958
0.187759
0.185778
0.183631
0.181309
0.178805
0.176107
0.173205
0.170084
0.166727
0.163114
0.159216
0.155002
0.150426
0.145428
0.139926
0.1338
0.126864
0.118814
0.109093
0.0965026
0.0776924
0.0395975
0.186458
0.183871
0.18149
0.179308
0.177317
0.17551
0.173881
0.172424
0.171132
0.170002
0.169027
0.168204
0.167528
0.166994
0.166599
0.166337
0.166206
0.166199
0.166314
0.166545
0.166888
0.167338
0.167889
0.168538
0.169279
0.170107
0.171015
0.171999
0.173053
0.174172
0.175349
0.176579
0.177856
0.179174
0.180528
0.181912
0.183319
0.184745
0.186183
0.187628
0.189074
0.190515
0.191947
0.193364
0.19476
0.196128
0.197465
0.198764
0.20002
0.201228
0.202384
0.203483
0.204519
0.205489
0.206386
0.207207
0.207948
0.208603
0.209168
0.209639
0.210013
0.210284
0.210448
0.210503
0.210444
0.210267
0.209968
0.209545
0.208993
0.208308
0.207488
0.206529
0.205426
0.204177
0.202777
0.201223
0.199509
0.197633
0.195589
0.193371
0.190973
0.188389
0.18561
0.182627
0.17943
0.176004
0.172334
0.168399
0.164175
0.159627
0.154713
0.149374
0.143528
0.137055
0.12977
0.121368
0.111287
0.0983115
0.079023
0.0397622
0.187145
0.184311
0.181724
0.179377
0.17726
0.175366
0.173685
0.17221
0.170933
0.169845
0.16894
0.16821
0.16765
0.167254
0.167014
0.166926
0.166982
0.167178
0.167507
0.167963
0.16854
0.169232
0.170033
0.170937
0.171936
0.173026
0.174199
0.175449
0.17677
0.178155
0.179598
0.181091
0.18263
0.184207
0.185816
0.187451
0.189105
0.190773
0.192447
0.194123
0.195793
0.197452
0.199093
0.200712
0.202301
0.203855
0.205368
0.206834
0.208247
0.209603
0.210894
0.212117
0.213265
0.214333
0.215315
0.216208
0.217005
0.217702
0.218293
0.218775
0.219142
0.219391
0.219516
0.219514
0.219381
0.219113
0.218706
0.218156
0.21746
0.216616
0.215618
0.214464
0.213152
0.211677
0.210036
0.208226
0.206244
0.204085
0.201747
0.199223
0.196509
0.1936
0.190489
0.187166
0.183624
0.179849
0.175828
0.171541
0.166965
0.162068
0.15681
0.151134
0.144961
0.138174
0.130592
0.121914
0.111584
0.0983944
0.0789258
0.0392098
0.189625
0.186621
0.183897
0.181446
0.179258
0.177324
0.175637
0.174185
0.172958
0.171945
0.171137
0.170525
0.170099
0.169852
0.169775
0.169861
0.170101
0.170488
0.171015
0.171674
0.172457
0.173358
0.174368
0.175482
0.176691
0.177989
0.179369
0.180823
0.182345
0.183927
0.185563
0.187247
0.188971
0.190729
0.192515
0.194321
0.196142
0.19797
0.199801
0.201626
0.20344
0.205237
0.207009
0.208751
0.210456
0.212118
0.213731
0.215288
0.216782
0.218208
0.219559
0.22083
0.222013
0.223103
0.224094
0.224981
0.225757
0.226417
0.226955
0.227367
0.227648
0.227792
0.227795
0.227653
0.227361
0.226917
0.226315
0.225553
0.224627
0.223535
0.222273
0.22084
0.219231
0.217446
0.215481
0.213335
0.211005
0.208488
0.205781
0.202882
0.199788
0.196493
0.192993
0.189281
0.18535
0.18119
0.176788
0.172128
0.167189
0.161943
0.156352
0.150363
0.1439
0.136854
0.12905
0.120198
0.10976
0.0965614
0.0772558
0.0378968
0.194896
0.19182
0.189044
0.186561
0.184362
0.182439
0.180785
0.179388
0.178234
0.17731
0.176604
0.176106
0.175804
0.175688
0.175747
0.175973
0.176355
0.176884
0.177553
0.178351
0.179271
0.180305
0.181445
0.182683
0.184012
0.185423
0.186911
0.188467
0.190086
0.19176
0.193482
0.195247
0.197047
0.198877
0.200729
0.202598
0.204477
0.206359
0.208239
0.21011
0.211964
0.213797
0.215601
0.217369
0.219094
0.22077
0.222389
0.223945
0.22543
0.226837
0.22816
0.22939
0.230522
0.231548
0.232462
0.233256
0.233924
0.234461
0.234859
0.235113
0.235219
0.235169
0.234961
0.234588
0.234047
0.233335
0.232447
0.231381
0.230133
0.228703
0.227087
0.225283
0.223292
0.22111
0.218738
0.216174
0.213418
0.210468
0.207325
0.203986
0.200451
0.196717
0.192781
0.18864
0.184288
0.179719
0.174922
0.169885
0.164589
0.15901
0.153114
0.146854
0.140161
0.13293
0.125002
0.116101
0.105718
0.0927361
0.0739594
0.0358206
0.204125
0.201077
0.198334
0.19589
0.193735
0.191864
0.19027
0.188936
0.187849
0.186994
0.186358
0.185928
0.185692
0.185639
0.185756
0.186033
0.186461
0.187028
0.187726
0.188546
0.189479
0.190517
0.191652
0.192877
0.194185
0.195568
0.19702
0.198535
0.200105
0.201726
0.20339
0.205093
0.206828
0.208589
0.210371
0.212168
0.213973
0.21578
0.217584
0.219378
0.221155
0.222908
0.224631
0.226316
0.227956
0.229543
0.231069
0.232526
0.233907
0.235203
0.236405
0.237507
0.238498
0.239372
0.24012
0.240735
0.241209
0.241534
0.241704
0.241713
0.241554
0.241222
0.240711
0.240017
0.239136
0.238065
0.236799
0.235338
0.233679
0.23182
0.229761
0.227502
0.225043
0.222384
0.219526
0.216471
0.213219
0.209772
0.206132
0.202301
0.198278
0.194065
0.189662
0.185069
0.180282
0.175298
0.17011
0.16471
0.159083
0.153208
0.147058
0.140591
0.133744
0.126425
0.118486
0.109675
0.0995216
0.0869915
0.0691069
0.0330413
0.218638
0.215682
0.213018
0.21064
0.208542
0.206721
0.20516
0.203844
0.202757
0.201888
0.201221
0.200744
0.200446
0.200314
0.200338
0.200508
0.200813
0.201244
0.201793
0.202452
0.203212
0.204068
0.205011
0.206036
0.207135
0.208305
0.209538
0.21083
0.212175
0.213568
0.215005
0.216481
0.217989
0.219527
0.221087
0.222666
0.224257
0.225854
0.227452
0.229045
0.230624
0.232184
0.233717
0.235214
0.236667
0.238068
0.239408
0.240677
0.241866
0.242965
0.243965
0.244855
0.245625
0.246267
0.246769
0.247124
0.247323
0.247356
0.247217
0.246897
0.24639
0.24569
0.244792
0.243692
0.242384
0.240867
0.239138
0.237196
0.235041
0.232672
0.230091
0.227298
0.224297
0.221091
0.217682
0.214074
0.210272
0.206279
0.202101
0.197741
0.193205
0.188495
0.183615
0.178568
0.173354
0.167974
0.162425
0.1567
0.150791
0.144682
0.138349
0.131757
0.124852
0.117554
0.10973
0.101155
0.0914058
0.0795498
0.0628894
0.0296715
0.239856
0.236936
0.23428
0.231882
0.229737
0.227846
0.226177
0.224718
0.223456
0.22238
0.221477
0.220739
0.220154
0.219714
0.21941
0.219233
0.219176
0.219231
0.219392
0.219653
0.220008
0.220452
0.220978
0.221584
0.222263
0.223012
0.223827
0.224704
0.225638
0.226627
0.227666
0.228751
0.229878
0.231044
0.232243
0.23347
0.234722
0.23599
0.237271
0.238556
0.239839
0.241112
0.242365
0.243591
0.244779
0.245919
0.247001
0.248012
0.248942
0.249779
0.25051
0.251124
0.251608
0.251952
0.252143
0.252171
0.252026
0.251696
0.251174
0.250452
0.249522
0.248378
0.247014
0.245428
0.243615
0.241574
0.239304
0.236805
0.234079
0.231128
0.227956
0.224567
0.220965
0.217157
0.213149
0.208948
0.204562
0.199998
0.195264
0.190368
0.185318
0.180121
0.174783
0.169311
0.16371
0.157981
0.152127
0.146144
0.140029
0.133768
0.127345
0.12073
0.113879
0.106721
0.0991425
0.090947
0.0817646
0.0707788
0.0556186
0.0258798
0.268809
0.265656
0.262731
0.260032
0.257557
0.255275
0.253175
0.251247
0.249483
0.247874
0.246413
0.245094
0.243909
0.242853
0.241919
0.241104
0.240401
0.239808
0.239318
0.238929
0.238636
0.238437
0.238328
0.238306
0.238367
0.23851
0.238731
0.239028
0.239397
0.239836
0.240343
0.240913
0.241543
0.242229
0.242968
0.243754
0.244583
0.245447
0.24634
0.247256
0.248184
0.249117
0.250043
0.250953
0.251833
0.252672
0.253456
0.254172
0.254804
0.255339
0.255761
0.256056
0.25621
0.256207
0.256036
0.255682
0.255134
0.25438
0.253412
0.25222
0.250797
0.249138
0.247237
0.245092
0.242701
0.240065
0.237185
0.234064
0.230706
0.227115
0.2233
0.219268
0.215026
0.210586
0.205956
0.201148
0.196173
0.191043
0.185768
0.18036
0.174831
0.169191
0.16345
0.157617
0.151699
0.145703
0.139633
0.133489
0.12727
0.120967
0.114567
0.108047
0.101371
0.0944781
0.0872735
0.079591
0.0711172
0.0611592
0.0477015
0.0218761
0.304893
0.300982
0.297275
0.293769
0.290454
0.287303
0.284312
0.281476
0.27879
0.276252
0.273858
0.271603
0.269486
0.267503
0.26565
0.263926
0.262327
0.260852
0.259496
0.258259
0.257138
0.256131
0.255234
0.254447
0.253768
0.253193
0.252721
0.25235
0.252077
0.251899
0.251815
0.25182
0.251911
0.252085
0.252336
0.25266
0.25305
0.253499
0.253999
0.254542
0.255115
0.25571
0.256312
0.256907
0.257482
0.25802
0.258504
0.258918
0.259243
0.259461
0.259554
0.259505
0.259296
0.25891
0.258331
0.257546
0.256541
0.255304
0.253825
0.252096
0.250112
0.247866
0.245357
0.242584
0.239548
0.236252
0.232702
0.228903
0.224864
0.220593
0.216103
0.211404
0.20651
0.201434
0.196191
0.190796
0.185263
0.179608
0.173845
0.16799
0.162057
0.156058
0.150007
0.143915
0.137792
0.131644
0.125479
0.119298
0.113102
0.106886
0.100639
0.0943422
0.0879663
0.0814626
0.0747521
0.0676992
0.0600471
0.051229
0.0395937
0.0178895
0.344258
0.338969
0.333901
0.329045
0.324373
0.319884
0.315578
0.31145
0.3075
0.303726
0.300125
0.296694
0.293432
0.290337
0.287405
0.284635
0.282024
0.279569
0.277269
0.275122
0.273124
0.271273
0.269568
0.268006
0.266585
0.265302
0.264155
0.263141
0.262258
0.261504
0.260873
0.260364
0.259971
0.25969
0.259516
0.25944
0.259457
0.259557
0.259729
0.259962
0.260243
0.260557
0.260889
0.261219
0.26153
0.261801
0.262011
0.26214
0.262164
0.262062
0.261813
0.261396
0.26079
0.259977
0.258941
0.257665
0.256138
0.254347
0.252284
0.249942
0.247318
0.244411
0.24122
0.23775
0.234006
0.229995
0.225727
0.221212
0.216465
0.2115
0.206332
0.200977
0.195454
0.189781
0.183975
0.178056
0.172042
0.165951
0.159801
0.15361
0.147393
0.141165
0.134939
0.128729
0.122543
0.116391
0.110277
0.104206
0.0981762
0.0921851
0.0862235
0.0802764
0.0743191
0.068313
0.0621954
0.0558596
0.0491043
0.0414856
0.0317091
0.0141371
0.3792
0.372201
0.36548
0.359018
0.352806
0.34684
0.341117
0.335632
0.330383
0.325366
0.320576
0.31601
0.311663
0.307532
0.303612
0.299901
0.296394
0.293087
0.289977
0.28706
0.284333
0.281792
0.279434
0.277256
0.275255
0.273427
0.271769
0.270277
0.268949
0.267779
0.266765
0.2659
0.26518
0.264598
0.264146
0.263816
0.263598
0.26348
0.263448
0.263488
0.263581
0.263709
0.263851
0.263984
0.264085
0.264128
0.264088
0.263939
0.263655
0.263212
0.262583
0.261748
0.260684
0.259373
0.257798
0.255946
0.253805
0.251367
0.248626
0.245582
0.242233
0.238585
0.234642
0.230415
0.225913
0.221151
0.216144
0.210909
0.205464
0.19983
0.194026
0.188075
0.181998
0.175816
0.169552
0.163227
0.156862
0.150476
0.144089
0.137718
0.131379
0.125087
0.118855
0.112692
0.106609
0.10061
0.0947013
0.0888834
0.0831554
0.077513
0.0719479
0.0664473
0.0609911
0.0555494
0.0500747
0.0444876
0.0386395
0.0322057
0.0242392
0.010643
0.400126
0.391764
0.383753
0.376078
0.368727
0.361694
0.354969
0.348544
0.342411
0.336563
0.330992
0.325693
0.320657
0.315879
0.311352
0.307072
0.303032
0.299228
0.295654
0.292305
0.289177
0.286266
0.283567
0.281077
0.278791
0.276705
0.274815
0.273118
0.271608
0.270281
0.26913
0.268151
0.267335
0.266673
0.266156
0.265772
0.265506
0.265343
0.265264
0.265249
0.265274
0.265316
0.265347
0.265339
0.265263
0.265089
0.264787
0.264329
0.263685
0.262829
0.261736
0.260385
0.258756
0.256832
0.254602
0.252055
0.249185
0.245991
0.242474
0.238637
0.234489
0.230039
0.225302
0.220293
0.21503
0.209532
0.203822
0.197922
0.191856
0.185648
0.179323
0.172905
0.166419
0.15989
0.153339
0.146789
0.14026
0.133772
0.127342
0.120986
0.114718
0.108548
0.102487
0.0965424
0.0907189
0.0850199
0.0794466
0.0739979
0.0686707
0.0634594
0.0583561
0.0533494
0.0484237
0.0435564
0.0387146
0.0338446
0.0288465
0.0235019
0.0171833
0.00733853
)
;

boundaryField
{
    jetInlet
    {
        type            fixedValue;
        value           uniform 0.006;
    }
    returnOutlet
    {
        type            inletOutlet;
        inletValue      uniform 0.006;
        value           nonuniform List<scalar> 
35
(
0.290253
0.562329
0.750772
0.90887
1.05354
1.18693
1.30583
1.40462
1.47645
1.51343
1.50481
1.42858
0.006
0.006
0.006
0.006
0.006
0.006
0.006
0.006
0.006
0.006
0.006
0.006
0.006
0.006
0.27953
0.295811
0.231463
0.115516
0.0964672
0.169946
0.303924
0.443015
0.530651
)
;
    }
    flatBed
    {
        type            kqRWallFunction;
        value           nonuniform List<scalar> 
100
(
0.290253
0.294927
0.299308
0.303358
0.307036
0.310305
0.313139
0.315542
0.317575
0.318452
0.318
0.316121
0.312765
0.307926
0.301641
0.293982
0.285051
0.274979
0.263917
0.252032
0.239506
0.226527
0.213288
0.199977
0.186775
0.173848
0.161338
0.149366
0.138021
0.127367
0.117437
0.108245
0.0997803
0.092021
0.0849333
0.0784772
0.0726095
0.0672862
0.062464
0.058101
0.0541576
0.0505961
0.0473814
0.0444808
0.0418641
0.0395035
0.0373742
0.0354539
0.033723
0.0321648
0.030765
0.0295118
0.028395
0.0274064
0.0265387
0.0257854
0.0251404
0.0245974
0.0241504
0.0237929
0.0235183
0.0233203
0.0231922
0.023128
0.0231218
0.0231679
0.0232614
0.0233976
0.0235722
0.0237814
0.0240207
0.0242852
0.0245739
0.0248865
0.0252217
0.0255755
0.0259452
0.026329
0.0267247
0.0271305
0.0275444
0.0279644
0.028388
0.0288129
0.0292361
0.0296539
0.0300623
0.0304557
0.0308273
0.0311684
0.0314673
0.0317085
0.0318709
0.0319254
0.0318309
0.0315267
0.0309159
0.0298417
0.0280829
0.025435
)
;
    }
    slope
    {
        type            kqRWallFunction;
        value           nonuniform List<scalar> 
50
(
0.00464866
0.00555036
0.00717393
0.00892378
0.0104711
0.0118543
0.0130674
0.0141319
0.0150496
0.0158414
0.0165184
0.0171022
0.0176087
0.0180592
0.0184621
0.0188238
0.0193058
0.0197713
0.0202552
0.020751
0.0212716
0.0218139
0.0223809
0.0229702
0.0235812
0.0242114
0.0248585
0.0255177
0.0261796
0.0268194
0.0273955
0.0296726
0.0318585
0.0339681
0.0358816
0.0375087
0.0388088
0.0395975
0.0397622
0.0392098
0.0378968
0.0358206
0.0330413
0.0296715
0.0258798
0.0218761
0.0178895
0.0141371
0.010643
0.00733853
)
;
    }
    top
    {
        type            symmetryPlane;
    }
    frontAndBack
    {
        type            empty;
    }
    defaultFaces
    {
        type            empty;
    }
}


// ************************************************************************* //
