/*--------------------------------*- C++ -*----------------------------------*\
| =========                 |                                                 |
| \\      /  F ield         | OpenFOAM: The Open Source CFD Toolbox           |
|  \\    /   O peration     | Version:  2206                                  |
|   \\  /    A nd           | Website:  www.openfoam.com                      |
|    \\/     M anipulation  |                                                 |
\*---------------------------------------------------------------------------*/
FoamFile
{
    version     2.0;
    format      ascii;
    arch        "LSB;label=32;scalar=64";
    class       volScalarField;
    location    "200";
    object      epsilon;
}
// * * * * * * * * * * * * * * * * * * * * * * * * * * * * * * * * * * * * * //

dimensions      [0 2 -3 0 0 0 0];

internalField   nonuniform List<scalar> 
4000
(
0.00408982
0.00448033
0.00488934
0.00531555
0.00575767
0.00621425
0.00668368
0.00716428
0.00765425
0.00815177
0.00865499
0.00916204
0.0096711
0.0101804
0.0106881
0.0111926
0.0116924
0.012186
0.0126721
0.0131494
0.0136169
0.0140735
0.0145184
0.0149508
0.0153703
0.0157763
0.0161683
0.0165462
0.0169097
0.0172587
0.0175933
0.0179135
0.0182193
0.0185111
0.0187889
0.0190532
0.0193041
0.0195421
0.0197675
0.0199807
0.0201821
0.0203722
0.0205513
0.0207199
0.0208784
0.0210272
0.0211669
0.0212977
0.0214201
0.0215345
0.0216414
0.0217411
0.0218339
0.0219203
0.0220005
0.022075
0.022144
0.0222079
0.0222669
0.0223214
0.0223716
0.0224178
0.0224602
0.0224991
0.0225347
0.0225672
0.0225968
0.0226237
0.0226481
0.0226702
0.0226901
0.022708
0.022724
0.0227383
0.022751
0.0227623
0.0227722
0.0227808
0.0227884
0.0227948
0.0228004
0.0228051
0.022809
0.0228122
0.0228149
0.0228169
0.0228185
0.0228197
0.0228205
0.022821
0.0228212
0.0228213
0.0228211
0.0228209
0.0228205
0.0228201
0.0228197
0.0228194
0.022819
0.0228187
0.00406031
0.00441588
0.00478691
0.00517234
0.0055711
0.0059821
0.00640411
0.00683584
0.00727591
0.00772293
0.00817545
0.00863203
0.00909125
0.00955168
0.0100119
0.0104707
0.0109267
0.0113788
0.0118258
0.0122666
0.0127004
0.0131262
0.0135433
0.013951
0.0143487
0.0147359
0.0151121
0.0154771
0.0158306
0.0161724
0.0165023
0.0168203
0.0171265
0.0174208
0.0177033
0.0179743
0.0182338
0.0184821
0.0187194
0.0189459
0.019162
0.019368
0.0195641
0.0197507
0.0199281
0.0200966
0.0202565
0.0204082
0.0205521
0.0206883
0.0208173
0.0209394
0.0210549
0.021164
0.0212671
0.0213644
0.0214563
0.021543
0.0216247
0.0217018
0.0217744
0.0218428
0.0219071
0.0219677
0.0220247
0.0220782
0.0221286
0.0221759
0.0222204
0.0222621
0.0223013
0.0223381
0.0223726
0.0224049
0.0224353
0.0224637
0.0224903
0.0225152
0.0225386
0.0225604
0.0225809
0.0226
0.0226178
0.0226346
0.0226502
0.0226647
0.0226784
0.0226911
0.022703
0.022714
0.0227244
0.022734
0.022743
0.0227513
0.0227591
0.0227664
0.0227732
0.0227795
0.0227854
0.0227908
0.00405915
0.00441377
0.00478356
0.00516743
0.00556429
0.00597303
0.00639241
0.00682113
0.00725783
0.00770109
0.00814952
0.00860168
0.00905617
0.00951161
0.00996665
0.01042
0.0108705
0.0113168
0.0117581
0.0121932
0.0126212
0.0130414
0.0134529
0.0138552
0.0142477
0.0146299
0.0150015
0.015362
0.0157114
0.0160493
0.0163757
0.0166906
0.0169939
0.0172858
0.0175662
0.0178354
0.0180935
0.0183408
0.0185774
0.0188036
0.0190196
0.0192258
0.0194225
0.0196099
0.0197883
0.0199581
0.0201196
0.0202731
0.0204189
0.0205573
0.0206886
0.0208132
0.0209313
0.0210431
0.0211491
0.0212494
0.0213444
0.0214342
0.0215192
0.0215995
0.0216754
0.0217471
0.0218149
0.0218788
0.0219392
0.0219962
0.02205
0.0221007
0.0221486
0.0221937
0.0222362
0.0222763
0.0223141
0.0223497
0.0223832
0.0224148
0.0224445
0.0224725
0.0224989
0.0225236
0.022547
0.0225689
0.0225896
0.022609
0.0226272
0.0226444
0.0226605
0.0226757
0.0226899
0.0227033
0.0227158
0.0227276
0.0227387
0.0227491
0.0227589
0.022768
0.0227766
0.0227846
0.0227922
0.0227992
0.00405916
0.00441378
0.00478357
0.00516742
0.00556425
0.00597293
0.00639224
0.00682087
0.00725743
0.00770054
0.00814878
0.00860071
0.00905493
0.00951006
0.00996475
0.0104177
0.0108677
0.0113136
0.0117544
0.0121889
0.0126164
0.013036
0.0134469
0.0138485
0.0142404
0.0146219
0.0149928
0.0153526
0.0157013
0.0160385
0.0163643
0.0166785
0.0169812
0.0172724
0.0175523
0.0178209
0.0180785
0.0183252
0.0185614
0.0187871
0.0190028
0.0192087
0.019405
0.0195922
0.0197704
0.01994
0.0201014
0.0202548
0.0204005
0.0205389
0.0206703
0.0207949
0.0209131
0.0210252
0.0211313
0.0212318
0.021327
0.0214171
0.0215024
0.021583
0.0216593
0.0217314
0.0217996
0.0218639
0.0219248
0.0219822
0.0220365
0.0220877
0.0221361
0.0221817
0.0222248
0.0222654
0.0223037
0.0223399
0.0223739
0.0224061
0.0224364
0.0224649
0.0224919
0.0225172
0.0225411
0.0225636
0.0225848
0.0226048
0.0226236
0.0226414
0.022658
0.0226737
0.0226885
0.0227024
0.0227155
0.0227279
0.0227395
0.0227504
0.0227606
0.0227703
0.0227793
0.0227879
0.0227959
0.0228034
0.00405916
0.00441379
0.0047836
0.00516747
0.00556432
0.00597302
0.00639235
0.006821
0.00725759
0.00770072
0.00814898
0.00860094
0.00905518
0.00951033
0.00996504
0.010418
0.0108681
0.011314
0.0117547
0.0121893
0.0126167
0.0130363
0.0134472
0.0138488
0.0142406
0.0146221
0.014993
0.0153528
0.0157014
0.0160386
0.0163643
0.0166784
0.016981
0.0172722
0.017552
0.0178205
0.0180781
0.0183247
0.0185608
0.0187864
0.019002
0.0192078
0.0194041
0.0195911
0.0197693
0.0199388
0.0201001
0.0202534
0.0203991
0.0205375
0.0206688
0.0207933
0.0209115
0.0210234
0.0211295
0.02123
0.0213252
0.0214153
0.0215005
0.0215811
0.0216574
0.0217295
0.0217976
0.021862
0.0219228
0.0219803
0.0220346
0.0220858
0.0221342
0.0221799
0.022223
0.0222636
0.022302
0.0223382
0.0223723
0.0224045
0.0224349
0.0224635
0.0224905
0.0225159
0.0225399
0.0225625
0.0225838
0.0226039
0.0226228
0.0226406
0.0226574
0.0226732
0.0226881
0.0227021
0.0227153
0.0227277
0.0227394
0.0227504
0.0227608
0.0227705
0.0227797
0.0227884
0.0227965
0.0228042
0.00405917
0.0044138
0.00478362
0.00516749
0.00556435
0.00597307
0.00639241
0.00682107
0.00725768
0.00770084
0.00814911
0.00860109
0.00905536
0.00951053
0.00996527
0.0104183
0.0108683
0.0113143
0.011755
0.0121896
0.0126171
0.0130367
0.0134476
0.0138493
0.0142411
0.0146226
0.0149935
0.0153533
0.0157019
0.0160391
0.0163648
0.016679
0.0169816
0.0172728
0.0175526
0.0178211
0.0180786
0.0183253
0.0185613
0.018787
0.0190026
0.0192084
0.0194046
0.0195916
0.0197698
0.0199393
0.0201006
0.0202539
0.0203995
0.0205379
0.0206691
0.0207937
0.0209118
0.0210237
0.0211298
0.0212303
0.0213254
0.0214155
0.0215007
0.0215813
0.0216575
0.0217296
0.0217977
0.0218621
0.0219229
0.0219803
0.0220346
0.0220858
0.0221342
0.0221798
0.0222229
0.0222636
0.0223019
0.0223381
0.0223722
0.0224044
0.0224348
0.0224634
0.0224904
0.0225158
0.0225398
0.0225624
0.0225837
0.0226037
0.0226227
0.0226405
0.0226573
0.0226731
0.022688
0.022702
0.0227152
0.0227277
0.0227394
0.0227504
0.0227608
0.0227706
0.0227798
0.0227885
0.0227966
0.0228043
0.00405917
0.00441381
0.00478363
0.00516751
0.00556437
0.0059731
0.00639245
0.00682112
0.00725774
0.0077009
0.00814919
0.00860118
0.00905546
0.00951065
0.0099654
0.0104184
0.0108685
0.0113145
0.0117552
0.0121898
0.0126173
0.0130369
0.0134479
0.0138496
0.0142414
0.0146229
0.0149938
0.0153536
0.0157023
0.0160395
0.0163652
0.0166794
0.016982
0.0172732
0.017553
0.0178215
0.018079
0.0183257
0.0185617
0.0187874
0.019003
0.0192087
0.019405
0.019592
0.0197701
0.0199397
0.0201009
0.0202542
0.0203999
0.0205382
0.0206694
0.020794
0.0209121
0.021024
0.0211301
0.0212305
0.0213257
0.0214157
0.0215009
0.0215815
0.0216577
0.0217297
0.0217978
0.0218622
0.021923
0.0219804
0.0220347
0.0220859
0.0221342
0.0221799
0.022223
0.0222636
0.0223019
0.0223381
0.0223722
0.0224044
0.0224348
0.0224634
0.0224903
0.0225158
0.0225397
0.0225623
0.0225836
0.0226037
0.0226226
0.0226404
0.0226572
0.022673
0.0226879
0.022702
0.0227152
0.0227276
0.0227394
0.0227504
0.0227608
0.0227706
0.0227798
0.0227885
0.0227967
0.0228044
0.00405917
0.00441381
0.00478363
0.00516752
0.00556438
0.00597311
0.00639247
0.00682114
0.00725777
0.00770094
0.00814923
0.00860123
0.00905552
0.00951072
0.00996548
0.0104185
0.0108686
0.0113146
0.0117554
0.01219
0.0126175
0.0130371
0.013448
0.0138497
0.0142416
0.0146231
0.014994
0.0153538
0.0157024
0.0160397
0.0163654
0.0166796
0.0169822
0.0172734
0.0175532
0.0178217
0.0180792
0.0183259
0.0185619
0.0187876
0.0190032
0.0192089
0.0194052
0.0195922
0.0197703
0.0199398
0.0201011
0.0202544
0.0204
0.0205383
0.0206695
0.0207941
0.0209122
0.0210241
0.0211301
0.0212306
0.0213257
0.0214157
0.0215009
0.0215815
0.0216577
0.0217297
0.0217978
0.0218622
0.021923
0.0219804
0.0220346
0.0220858
0.0221342
0.0221798
0.0222229
0.0222635
0.0223018
0.022338
0.0223721
0.0224043
0.0224346
0.0224633
0.0224902
0.0225157
0.0225396
0.0225622
0.0225835
0.0226036
0.0226225
0.0226403
0.0226571
0.0226729
0.0226878
0.0227019
0.0227151
0.0227276
0.0227393
0.0227503
0.0227608
0.0227706
0.0227798
0.0227885
0.0227967
0.0228044
0.00405917
0.00441381
0.00478364
0.00516752
0.00556439
0.00597312
0.00639248
0.00682116
0.00725779
0.00770096
0.00814926
0.00860127
0.00905556
0.00951076
0.00996553
0.0104186
0.0108687
0.0113146
0.0117554
0.01219
0.0126176
0.0130372
0.0134481
0.0138498
0.0142417
0.0146232
0.0149941
0.0153539
0.0157026
0.0160398
0.0163655
0.0166797
0.0169823
0.0172735
0.0175533
0.0178218
0.0180793
0.018326
0.018562
0.0187877
0.0190032
0.019209
0.0194052
0.0195922
0.0197703
0.0199398
0.0201011
0.0202544
0.0204
0.0205383
0.0206695
0.020794
0.0209121
0.021024
0.0211301
0.0212305
0.0213256
0.0214156
0.0215008
0.0215814
0.0216576
0.0217296
0.0217977
0.021862
0.0219228
0.0219802
0.0220345
0.0220857
0.022134
0.0221796
0.0222227
0.0222633
0.0223017
0.0223378
0.0223719
0.0224041
0.0224345
0.0224631
0.02249
0.0225155
0.0225394
0.022562
0.0225833
0.0226034
0.0226223
0.0226401
0.0226569
0.0226728
0.0226877
0.0227017
0.022715
0.0227274
0.0227392
0.0227502
0.0227607
0.0227705
0.0227797
0.0227884
0.0227966
0.0228043
0.00405917
0.00441381
0.00478364
0.00516752
0.0055644
0.00597313
0.00639249
0.00682117
0.0072578
0.00770098
0.00814928
0.00860129
0.00905558
0.00951079
0.00996556
0.0104186
0.0108687
0.0113147
0.0117555
0.0121901
0.0126176
0.0130372
0.0134482
0.0138499
0.0142417
0.0146233
0.0149941
0.015354
0.0157026
0.0160398
0.0163655
0.0166797
0.0169823
0.0172735
0.0175533
0.0178218
0.0180793
0.018326
0.018562
0.0187877
0.0190032
0.019209
0.0194052
0.0195922
0.0197703
0.0199398
0.020101
0.0202543
0.0203999
0.0205382
0.0206694
0.0207939
0.020912
0.0210239
0.02113
0.0212304
0.0213255
0.0214155
0.0215007
0.0215812
0.0216574
0.0217294
0.0217975
0.0218619
0.0219226
0.0219801
0.0220343
0.0220855
0.0221338
0.0221794
0.0222225
0.0222631
0.0223015
0.0223376
0.0223717
0.0224039
0.0224342
0.0224629
0.0224898
0.0225153
0.0225392
0.0225618
0.0225831
0.0226032
0.0226221
0.02264
0.0226568
0.0226726
0.0226875
0.0227016
0.0227148
0.0227273
0.022739
0.0227501
0.0227605
0.0227704
0.0227796
0.0227883
0.0227965
0.0228042
0.00405917
0.00441382
0.00478364
0.00516753
0.0055644
0.00597313
0.00639249
0.00682117
0.00725781
0.00770099
0.00814929
0.0086013
0.0090556
0.0095108
0.00996557
0.0104186
0.0108687
0.0113147
0.0117555
0.0121901
0.0126176
0.0130372
0.0134482
0.0138499
0.0142417
0.0146233
0.0149941
0.015354
0.0157026
0.0160398
0.0163656
0.0166797
0.0169824
0.0172735
0.0175533
0.0178218
0.0180793
0.018326
0.018562
0.0187876
0.0190032
0.0192089
0.0194051
0.0195921
0.0197702
0.0199397
0.0201009
0.0202542
0.0203998
0.0205381
0.0206693
0.0207938
0.0209119
0.0210238
0.0211298
0.0212302
0.0213253
0.0214153
0.0215005
0.021581
0.0216572
0.0217293
0.0217973
0.0218617
0.0219224
0.0219799
0.0220341
0.0220853
0.0221336
0.0221792
0.0222223
0.0222629
0.0223012
0.0223374
0.0223715
0.0224037
0.022434
0.0224626
0.0224896
0.0225151
0.022539
0.0225616
0.0225829
0.022603
0.0226219
0.0226398
0.0226566
0.0226724
0.0226873
0.0227014
0.0227146
0.0227271
0.0227389
0.02275
0.0227604
0.0227702
0.0227795
0.0227882
0.0227964
0.0228041
0.00405917
0.00441382
0.00478364
0.00516753
0.0055644
0.00597313
0.0063925
0.00682118
0.00725781
0.00770099
0.0081493
0.00860131
0.0090556
0.00951081
0.00996558
0.0104186
0.0108687
0.0113147
0.0117555
0.0121901
0.0126176
0.0130372
0.0134482
0.0138499
0.0142418
0.0146233
0.0149941
0.015354
0.0157026
0.0160398
0.0163655
0.0166797
0.0169823
0.0172735
0.0175533
0.0178218
0.0180793
0.0183259
0.0185619
0.0187876
0.0190031
0.0192088
0.0194051
0.019592
0.0197701
0.0199396
0.0201008
0.0202541
0.0203997
0.020538
0.0206692
0.0207937
0.0209117
0.0210236
0.0211297
0.0212301
0.0213252
0.0214152
0.0215003
0.0215809
0.021657
0.0217291
0.0217971
0.0218615
0.0219222
0.0219796
0.0220339
0.0220851
0.0221334
0.022179
0.0222221
0.0222627
0.022301
0.0223372
0.0223713
0.0224035
0.0224338
0.0224624
0.0224894
0.0225148
0.0225388
0.0225614
0.0225827
0.0226028
0.0226217
0.0226396
0.0226564
0.0226722
0.0226872
0.0227012
0.0227145
0.022727
0.0227387
0.0227498
0.0227603
0.0227701
0.0227794
0.0227881
0.0227963
0.022804
0.00405917
0.00441382
0.00478364
0.00516753
0.0055644
0.00597313
0.0063925
0.00682118
0.00725781
0.00770099
0.0081493
0.00860131
0.00905561
0.00951082
0.00996559
0.0104186
0.0108687
0.0113147
0.0117555
0.0121901
0.0126176
0.0130372
0.0134482
0.0138499
0.0142417
0.0146233
0.0149941
0.015354
0.0157026
0.0160398
0.0163655
0.0166797
0.0169823
0.0172734
0.0175532
0.0178218
0.0180792
0.0183259
0.0185619
0.0187875
0.019003
0.0192088
0.019405
0.019592
0.01977
0.0199395
0.0201007
0.020254
0.0203996
0.0205378
0.0206691
0.0207935
0.0209116
0.0210235
0.0211295
0.0212299
0.021325
0.021415
0.0215001
0.0215807
0.0216569
0.0217289
0.021797
0.0218613
0.0219221
0.0219795
0.0220337
0.0220849
0.0221332
0.0221788
0.0222219
0.0222625
0.0223008
0.022337
0.0223711
0.0224033
0.0224336
0.0224622
0.0224892
0.0225147
0.0225386
0.0225612
0.0225826
0.0226026
0.0226216
0.0226394
0.0226562
0.0226721
0.022687
0.0227011
0.0227143
0.0227268
0.0227386
0.0227497
0.0227601
0.0227699
0.0227792
0.022788
0.0227962
0.0228039
0.00405917
0.00441382
0.00478364
0.00516753
0.0055644
0.00597313
0.0063925
0.00682118
0.00725781
0.007701
0.0081493
0.00860131
0.00905561
0.00951082
0.00996559
0.0104186
0.0108687
0.0113147
0.0117555
0.0121901
0.0126176
0.0130372
0.0134482
0.0138499
0.0142417
0.0146233
0.0149941
0.015354
0.0157026
0.0160398
0.0163655
0.0166796
0.0169823
0.0172734
0.0175532
0.0178217
0.0180792
0.0183258
0.0185618
0.0187874
0.019003
0.0192087
0.0194049
0.0195919
0.0197699
0.0199394
0.0201006
0.0202539
0.0203995
0.0205377
0.0206689
0.0207934
0.0209115
0.0210233
0.0211294
0.0212298
0.0213249
0.0214148
0.0215
0.0215805
0.0216567
0.0217287
0.0217968
0.0218611
0.0219219
0.0219793
0.0220335
0.0220847
0.022133
0.0221786
0.0222217
0.0222623
0.0223007
0.0223368
0.0223709
0.0224031
0.0224335
0.0224621
0.0224891
0.0225145
0.0225385
0.0225611
0.0225824
0.0226025
0.0226214
0.0226393
0.0226561
0.0226719
0.0226868
0.0227009
0.0227142
0.0227267
0.0227384
0.0227495
0.02276
0.0227698
0.0227791
0.0227878
0.022796
0.0228038
0.00405917
0.00441382
0.00478364
0.00516753
0.0055644
0.00597313
0.0063925
0.00682118
0.00725782
0.007701
0.0081493
0.00860131
0.00905561
0.00951082
0.00996559
0.0104186
0.0108687
0.0113147
0.0117555
0.0121901
0.0126176
0.0130372
0.0134482
0.0138499
0.0142417
0.0146233
0.0149941
0.0153539
0.0157026
0.0160398
0.0163655
0.0166796
0.0169822
0.0172734
0.0175531
0.0178217
0.0180791
0.0183257
0.0185617
0.0187874
0.0190029
0.0192086
0.0194048
0.0195918
0.0197698
0.0199393
0.0201005
0.0202538
0.0203994
0.0205376
0.0206688
0.0207933
0.0209113
0.0210232
0.0211292
0.0212296
0.0213247
0.0214147
0.0214998
0.0215804
0.0216566
0.0217286
0.0217966
0.021861
0.0219217
0.0219791
0.0220334
0.0220845
0.0221329
0.0221785
0.0222215
0.0222622
0.0223005
0.0223367
0.0223708
0.022403
0.0224333
0.0224619
0.0224889
0.0225143
0.0225383
0.0225609
0.0225822
0.0226023
0.0226213
0.0226391
0.0226559
0.0226718
0.0226867
0.0227008
0.022714
0.0227265
0.0227383
0.0227494
0.0227598
0.0227697
0.0227789
0.0227877
0.0227959
0.0228036
0.00405917
0.00441382
0.00478364
0.00516753
0.0055644
0.00597313
0.0063925
0.00682118
0.00725782
0.007701
0.0081493
0.00860131
0.00905561
0.00951082
0.00996559
0.0104186
0.0108687
0.0113147
0.0117555
0.0121901
0.0126176
0.0130372
0.0134482
0.0138499
0.0142417
0.0146232
0.0149941
0.0153539
0.0157025
0.0160397
0.0163654
0.0166796
0.0169822
0.0172733
0.0175531
0.0178216
0.0180791
0.0183257
0.0185617
0.0187873
0.0190028
0.0192085
0.0194047
0.0195917
0.0197698
0.0199392
0.0201004
0.0202537
0.0203993
0.0205375
0.0206687
0.0207932
0.0209112
0.0210231
0.0211291
0.0212295
0.0213246
0.0214146
0.0214997
0.0215803
0.0216564
0.0217285
0.0217965
0.0218608
0.0219216
0.021979
0.0220332
0.0220844
0.0221327
0.0221784
0.0222214
0.022262
0.0223004
0.0223365
0.0223707
0.0224028
0.0224332
0.0224618
0.0224888
0.0225142
0.0225382
0.0225608
0.0225821
0.0226022
0.0226211
0.022639
0.0226558
0.0226717
0.0226866
0.0227007
0.0227139
0.0227264
0.0227382
0.0227493
0.0227597
0.0227696
0.0227788
0.0227876
0.0227958
0.0228035
0.00405917
0.00441382
0.00478364
0.00516753
0.0055644
0.00597313
0.0063925
0.00682118
0.00725782
0.007701
0.0081493
0.00860131
0.00905561
0.00951082
0.00996559
0.0104186
0.0108687
0.0113147
0.0117555
0.0121901
0.0126176
0.0130372
0.0134482
0.0138499
0.0142417
0.0146232
0.0149941
0.0153539
0.0157025
0.0160397
0.0163654
0.0166795
0.0169822
0.0172733
0.017553
0.0178216
0.018079
0.0183256
0.0185616
0.0187873
0.0190028
0.0192085
0.0194047
0.0195916
0.0197697
0.0199392
0.0201004
0.0202536
0.0203992
0.0205374
0.0206686
0.0207931
0.0209111
0.021023
0.021129
0.0212294
0.0213245
0.0214145
0.0214996
0.0215802
0.0216563
0.0217284
0.0217964
0.0218607
0.0219215
0.0219789
0.0220331
0.0220843
0.0221326
0.0221783
0.0222213
0.0222619
0.0223003
0.0223364
0.0223705
0.0224027
0.0224331
0.0224617
0.0224887
0.0225141
0.0225381
0.0225607
0.022582
0.0226021
0.022621
0.0226389
0.0226557
0.0226716
0.0226865
0.0227006
0.0227138
0.0227263
0.0227381
0.0227492
0.0227596
0.0227694
0.0227787
0.0227874
0.0227957
0.0228034
0.00405917
0.00441382
0.00478364
0.00516753
0.0055644
0.00597313
0.0063925
0.00682118
0.00725782
0.007701
0.0081493
0.00860131
0.00905561
0.00951081
0.00996558
0.0104186
0.0108687
0.0113147
0.0117555
0.0121901
0.0126176
0.0130372
0.0134482
0.0138498
0.0142417
0.0146232
0.0149941
0.0153539
0.0157025
0.0160397
0.0163654
0.0166795
0.0169821
0.0172733
0.017553
0.0178215
0.018079
0.0183256
0.0185616
0.0187872
0.0190027
0.0192084
0.0194046
0.0195916
0.0197697
0.0199391
0.0201003
0.0202535
0.0203991
0.0205374
0.0206686
0.0207931
0.0209111
0.021023
0.021129
0.0212294
0.0213244
0.0214144
0.0214996
0.0215801
0.0216563
0.0217283
0.0217963
0.0218607
0.0219214
0.0219788
0.022033
0.0220842
0.0221326
0.0221782
0.0222212
0.0222619
0.0223002
0.0223364
0.0223705
0.0224026
0.022433
0.0224616
0.0224886
0.022514
0.022538
0.0225606
0.0225819
0.022602
0.022621
0.0226388
0.0226556
0.0226715
0.0226864
0.0227005
0.0227137
0.0227262
0.022738
0.0227491
0.0227595
0.0227694
0.0227786
0.0227874
0.0227956
0.0228033
0.00405917
0.00441382
0.00478364
0.00516753
0.0055644
0.00597313
0.0063925
0.00682118
0.00725782
0.007701
0.0081493
0.00860131
0.00905561
0.00951081
0.00996558
0.0104186
0.0108687
0.0113147
0.0117555
0.0121901
0.0126176
0.0130372
0.0134482
0.0138498
0.0142417
0.0146232
0.014994
0.0153539
0.0157025
0.0160397
0.0163654
0.0166795
0.0169821
0.0172732
0.017553
0.0178215
0.018079
0.0183256
0.0185616
0.0187872
0.0190027
0.0192084
0.0194046
0.0195916
0.0197696
0.0199391
0.0201003
0.0202535
0.0203991
0.0205373
0.0206685
0.020793
0.020911
0.0210229
0.0211289
0.0212293
0.0213244
0.0214144
0.0214995
0.0215801
0.0216562
0.0217282
0.0217963
0.0218606
0.0219214
0.0219788
0.022033
0.0220842
0.0221325
0.0221781
0.0222212
0.0222618
0.0223001
0.0223363
0.0223704
0.0224026
0.0224329
0.0224616
0.0224885
0.022514
0.022538
0.0225606
0.0225819
0.022602
0.0226209
0.0226388
0.0226556
0.0226714
0.0226864
0.0227004
0.0227137
0.0227262
0.0227379
0.022749
0.0227595
0.0227693
0.0227786
0.0227873
0.0227955
0.0228032
0.00405917
0.00441382
0.00478364
0.00516753
0.0055644
0.00597313
0.0063925
0.00682118
0.00725782
0.007701
0.0081493
0.00860131
0.00905561
0.00951081
0.00996558
0.0104186
0.0108687
0.0113147
0.0117555
0.0121901
0.0126176
0.0130372
0.0134482
0.0138498
0.0142417
0.0146232
0.014994
0.0153539
0.0157025
0.0160397
0.0163654
0.0166795
0.0169821
0.0172732
0.017553
0.0178215
0.018079
0.0183256
0.0185616
0.0187872
0.0190027
0.0192084
0.0194046
0.0195915
0.0197696
0.0199391
0.0201003
0.0202535
0.0203991
0.0205373
0.0206685
0.020793
0.020911
0.0210229
0.0211289
0.0212293
0.0213244
0.0214144
0.0214995
0.02158
0.0216562
0.0217282
0.0217963
0.0218606
0.0219214
0.0219788
0.022033
0.0220842
0.0221325
0.0221781
0.0222212
0.0222618
0.0223001
0.0223363
0.0223704
0.0224026
0.0224329
0.0224615
0.0224885
0.022514
0.0225379
0.0225606
0.0225819
0.022602
0.0226209
0.0226387
0.0226555
0.0226714
0.0226863
0.0227004
0.0227137
0.0227261
0.0227379
0.022749
0.0227594
0.0227693
0.0227785
0.0227873
0.0227955
0.0228032
0.00405917
0.00441382
0.00478364
0.00516753
0.0055644
0.00597313
0.0063925
0.00682118
0.00725782
0.007701
0.0081493
0.00860131
0.00905561
0.00951081
0.00996558
0.0104186
0.0108687
0.0113147
0.0117555
0.0121901
0.0126176
0.0130372
0.0134482
0.0138498
0.0142417
0.0146232
0.014994
0.0153539
0.0157025
0.0160397
0.0163654
0.0166795
0.0169821
0.0172732
0.017553
0.0178215
0.018079
0.0183256
0.0185616
0.0187872
0.0190027
0.0192084
0.0194046
0.0195915
0.0197696
0.0199391
0.0201003
0.0202535
0.0203991
0.0205373
0.0206685
0.020793
0.020911
0.0210229
0.0211289
0.0212293
0.0213244
0.0214144
0.0214995
0.02158
0.0216562
0.0217282
0.0217963
0.0218606
0.0219214
0.0219788
0.022033
0.0220842
0.0221325
0.0221781
0.0222212
0.0222618
0.0223001
0.0223363
0.0223704
0.0224026
0.0224329
0.0224615
0.0224885
0.022514
0.0225379
0.0225606
0.0225819
0.022602
0.0226209
0.0226387
0.0226556
0.0226714
0.0226863
0.0227004
0.0227137
0.0227261
0.0227379
0.022749
0.0227594
0.0227693
0.0227785
0.0227873
0.0227955
0.0228032
0.00405917
0.00441382
0.00478364
0.00516753
0.0055644
0.00597313
0.0063925
0.00682118
0.00725782
0.007701
0.0081493
0.00860131
0.00905561
0.00951081
0.00996558
0.0104186
0.0108687
0.0113147
0.0117555
0.0121901
0.0126176
0.0130372
0.0134482
0.0138498
0.0142417
0.0146232
0.014994
0.0153539
0.0157025
0.0160397
0.0163654
0.0166795
0.0169821
0.0172732
0.017553
0.0178215
0.018079
0.0183256
0.0185616
0.0187872
0.0190027
0.0192084
0.0194046
0.0195916
0.0197696
0.0199391
0.0201003
0.0202535
0.0203991
0.0205373
0.0206685
0.020793
0.020911
0.0210229
0.0211289
0.0212293
0.0213244
0.0214144
0.0214995
0.0215801
0.0216562
0.0217282
0.0217963
0.0218606
0.0219214
0.0219788
0.022033
0.0220842
0.0221325
0.0221781
0.0222212
0.0222618
0.0223001
0.0223363
0.0223704
0.0224026
0.0224329
0.0224616
0.0224885
0.022514
0.022538
0.0225606
0.0225819
0.022602
0.0226209
0.0226388
0.0226556
0.0226714
0.0226864
0.0227004
0.0227137
0.0227262
0.022738
0.022749
0.0227595
0.0227693
0.0227786
0.0227873
0.0227955
0.0228033
0.00405917
0.00441382
0.00478364
0.00516753
0.0055644
0.00597313
0.0063925
0.00682118
0.00725782
0.007701
0.0081493
0.00860131
0.00905561
0.00951081
0.00996558
0.0104186
0.0108687
0.0113147
0.0117555
0.0121901
0.0126176
0.0130372
0.0134482
0.0138498
0.0142417
0.0146232
0.0149941
0.0153539
0.0157025
0.0160397
0.0163654
0.0166795
0.0169821
0.0172733
0.017553
0.0178215
0.018079
0.0183256
0.0185616
0.0187872
0.0190027
0.0192084
0.0194046
0.0195916
0.0197697
0.0199391
0.0201003
0.0202535
0.0203991
0.0205374
0.0206686
0.0207931
0.0209111
0.021023
0.021129
0.0212294
0.0213244
0.0214144
0.0214996
0.0215801
0.0216563
0.0217283
0.0217963
0.0218607
0.0219214
0.0219788
0.022033
0.0220842
0.0221326
0.0221782
0.0222212
0.0222619
0.0223002
0.0223364
0.0223705
0.0224027
0.022433
0.0224616
0.0224886
0.022514
0.022538
0.0225606
0.022582
0.022602
0.022621
0.0226388
0.0226556
0.0226715
0.0226864
0.0227005
0.0227138
0.0227262
0.022738
0.0227491
0.0227595
0.0227694
0.0227787
0.0227874
0.0227956
0.0228033
0.00405917
0.00441382
0.00478364
0.00516753
0.0055644
0.00597313
0.0063925
0.00682118
0.00725782
0.007701
0.0081493
0.00860131
0.00905561
0.00951082
0.00996559
0.0104186
0.0108687
0.0113147
0.0117555
0.0121901
0.0126176
0.0130372
0.0134482
0.0138499
0.0142417
0.0146232
0.0149941
0.0153539
0.0157025
0.0160397
0.0163654
0.0166795
0.0169822
0.0172733
0.017553
0.0178216
0.018079
0.0183256
0.0185616
0.0187873
0.0190028
0.0192085
0.0194047
0.0195916
0.0197697
0.0199392
0.0201004
0.0202536
0.0203992
0.0205374
0.0206686
0.0207931
0.0209112
0.021023
0.021129
0.0212294
0.0213245
0.0214145
0.0214996
0.0215802
0.0216563
0.0217284
0.0217964
0.0218607
0.0219215
0.0219789
0.0220331
0.0220843
0.0221326
0.0221783
0.0222213
0.0222619
0.0223003
0.0223364
0.0223706
0.0224027
0.0224331
0.0224617
0.0224887
0.0225141
0.0225381
0.0225607
0.022582
0.0226021
0.0226211
0.0226389
0.0226557
0.0226716
0.0226865
0.0227006
0.0227138
0.0227263
0.0227381
0.0227492
0.0227596
0.0227695
0.0227788
0.0227875
0.0227957
0.0228034
0.00405917
0.00441382
0.00478364
0.00516753
0.0055644
0.00597313
0.0063925
0.00682118
0.00725782
0.007701
0.0081493
0.00860131
0.00905561
0.00951082
0.00996559
0.0104186
0.0108687
0.0113147
0.0117555
0.0121901
0.0126176
0.0130372
0.0134482
0.0138499
0.0142417
0.0146232
0.0149941
0.0153539
0.0157025
0.0160397
0.0163654
0.0166796
0.0169822
0.0172733
0.0175531
0.0178216
0.0180791
0.0183257
0.0185617
0.0187873
0.0190028
0.0192085
0.0194047
0.0195917
0.0197698
0.0199392
0.0201004
0.0202537
0.0203993
0.0205375
0.0206687
0.0207932
0.0209112
0.0210231
0.0211291
0.0212295
0.0213246
0.0214146
0.0214997
0.0215803
0.0216564
0.0217285
0.0217965
0.0218608
0.0219216
0.021979
0.0220332
0.0220844
0.0221327
0.0221784
0.0222214
0.0222621
0.0223004
0.0223366
0.0223707
0.0224028
0.0224332
0.0224618
0.0224888
0.0225142
0.0225382
0.0225608
0.0225821
0.0226022
0.0226212
0.022639
0.0226558
0.0226717
0.0226866
0.0227007
0.0227139
0.0227264
0.0227382
0.0227493
0.0227597
0.0227696
0.0227789
0.0227876
0.0227958
0.0228035
0.00405917
0.00441382
0.00478364
0.00516753
0.0055644
0.00597313
0.0063925
0.00682118
0.00725782
0.007701
0.0081493
0.00860131
0.00905561
0.00951082
0.00996559
0.0104186
0.0108687
0.0113147
0.0117555
0.0121901
0.0126176
0.0130372
0.0134482
0.0138499
0.0142417
0.0146233
0.0149941
0.0153539
0.0157026
0.0160398
0.0163655
0.0166796
0.0169822
0.0172734
0.0175531
0.0178217
0.0180791
0.0183257
0.0185617
0.0187874
0.0190029
0.0192086
0.0194048
0.0195918
0.0197699
0.0199393
0.0201005
0.0202538
0.0203994
0.0205376
0.0206688
0.0207933
0.0209113
0.0210232
0.0211292
0.0212297
0.0213247
0.0214147
0.0214999
0.0215804
0.0216566
0.0217286
0.0217966
0.021861
0.0219217
0.0219791
0.0220334
0.0220846
0.0221329
0.0221785
0.0222216
0.0222622
0.0223005
0.0223367
0.0223708
0.022403
0.0224333
0.0224619
0.0224889
0.0225144
0.0225383
0.022561
0.0225823
0.0226024
0.0226213
0.0226391
0.022656
0.0226718
0.0226867
0.0227008
0.0227141
0.0227266
0.0227383
0.0227494
0.0227599
0.0227697
0.022779
0.0227877
0.022796
0.0228037
0.00405917
0.00441382
0.00478364
0.00516753
0.0055644
0.00597313
0.0063925
0.00682118
0.00725781
0.007701
0.0081493
0.00860131
0.00905561
0.00951082
0.00996559
0.0104186
0.0108687
0.0113147
0.0117555
0.0121901
0.0126176
0.0130372
0.0134482
0.0138499
0.0142417
0.0146233
0.0149941
0.015354
0.0157026
0.0160398
0.0163655
0.0166796
0.0169823
0.0172734
0.0175532
0.0178217
0.0180792
0.0183258
0.0185618
0.0187874
0.019003
0.0192087
0.0194049
0.0195919
0.0197699
0.0199394
0.0201006
0.0202539
0.0203995
0.0205377
0.0206689
0.0207934
0.0209115
0.0210234
0.0211294
0.0212298
0.0213249
0.0214148
0.0215
0.0215805
0.0216567
0.0217287
0.0217968
0.0218611
0.0219219
0.0219793
0.0220335
0.0220847
0.022133
0.0221786
0.0222217
0.0222623
0.0223007
0.0223368
0.0223709
0.0224031
0.0224335
0.0224621
0.0224891
0.0225145
0.0225385
0.0225611
0.0225824
0.0226025
0.0226214
0.0226393
0.0226561
0.0226719
0.0226869
0.0227009
0.0227142
0.0227267
0.0227385
0.0227496
0.02276
0.0227698
0.0227791
0.0227879
0.0227961
0.0228038
0.00405917
0.00441382
0.00478364
0.00516753
0.0055644
0.00597313
0.0063925
0.00682118
0.00725781
0.00770099
0.0081493
0.00860131
0.00905561
0.00951082
0.00996559
0.0104186
0.0108687
0.0113147
0.0117555
0.0121901
0.0126176
0.0130372
0.0134482
0.0138499
0.0142417
0.0146233
0.0149941
0.015354
0.0157026
0.0160398
0.0163655
0.0166797
0.0169823
0.0172734
0.0175532
0.0178218
0.0180792
0.0183259
0.0185619
0.0187875
0.019003
0.0192088
0.019405
0.019592
0.01977
0.0199395
0.0201007
0.020254
0.0203996
0.0205378
0.0206691
0.0207935
0.0209116
0.0210235
0.0211295
0.0212299
0.021325
0.021415
0.0215001
0.0215807
0.0216569
0.0217289
0.021797
0.0218613
0.0219221
0.0219795
0.0220337
0.0220849
0.0221332
0.0221788
0.0222219
0.0222625
0.0223008
0.022337
0.0223711
0.0224033
0.0224336
0.0224623
0.0224892
0.0225147
0.0225387
0.0225613
0.0225826
0.0226027
0.0226216
0.0226394
0.0226562
0.0226721
0.022687
0.0227011
0.0227144
0.0227268
0.0227386
0.0227497
0.0227601
0.02277
0.0227793
0.022788
0.0227962
0.0228039
0.00405917
0.00441382
0.00478364
0.00516753
0.0055644
0.00597313
0.0063925
0.00682118
0.00725781
0.00770099
0.0081493
0.0086013
0.0090556
0.00951081
0.00996558
0.0104186
0.0108687
0.0113147
0.0117555
0.0121901
0.0126176
0.0130372
0.0134482
0.0138499
0.0142418
0.0146233
0.0149941
0.015354
0.0157026
0.0160398
0.0163655
0.0166797
0.0169823
0.0172735
0.0175533
0.0178218
0.0180793
0.0183259
0.0185619
0.0187876
0.0190031
0.0192088
0.0194051
0.019592
0.0197701
0.0199396
0.0201008
0.0202541
0.0203997
0.020538
0.0206692
0.0207937
0.0209117
0.0210236
0.0211297
0.0212301
0.0213252
0.0214152
0.0215003
0.0215809
0.021657
0.0217291
0.0217971
0.0218615
0.0219222
0.0219797
0.0220339
0.0220851
0.0221334
0.022179
0.0222221
0.0222627
0.022301
0.0223372
0.0223713
0.0224035
0.0224338
0.0224624
0.0224894
0.0225149
0.0225388
0.0225614
0.0225828
0.0226028
0.0226218
0.0226396
0.0226564
0.0226723
0.0226872
0.0227012
0.0227145
0.022727
0.0227387
0.0227498
0.0227603
0.0227701
0.0227794
0.0227881
0.0227963
0.0228041
0.00405917
0.00441382
0.00478364
0.00516753
0.0055644
0.00597313
0.00639249
0.00682117
0.00725781
0.00770099
0.00814929
0.0086013
0.0090556
0.0095108
0.00996557
0.0104186
0.0108687
0.0113147
0.0117555
0.0121901
0.0126176
0.0130372
0.0134482
0.0138499
0.0142417
0.0146233
0.0149941
0.015354
0.0157026
0.0160398
0.0163656
0.0166797
0.0169824
0.0172735
0.0175533
0.0178218
0.0180793
0.018326
0.018562
0.0187876
0.0190032
0.0192089
0.0194051
0.0195921
0.0197702
0.0199397
0.0201009
0.0202542
0.0203998
0.0205381
0.0206693
0.0207938
0.0209119
0.0210238
0.0211298
0.0212302
0.0213253
0.0214153
0.0215005
0.021581
0.0216572
0.0217292
0.0217973
0.0218617
0.0219224
0.0219799
0.0220341
0.0220853
0.0221336
0.0221792
0.0222223
0.0222629
0.0223012
0.0223374
0.0223715
0.0224037
0.022434
0.0224626
0.0224896
0.0225151
0.022539
0.0225616
0.0225829
0.022603
0.0226219
0.0226398
0.0226566
0.0226724
0.0226873
0.0227014
0.0227147
0.0227271
0.0227389
0.02275
0.0227604
0.0227702
0.0227795
0.0227882
0.0227964
0.0228042
0.00405917
0.00441381
0.00478364
0.00516752
0.0055644
0.00597313
0.00639249
0.00682117
0.0072578
0.00770098
0.00814928
0.00860129
0.00905558
0.00951079
0.00996555
0.0104186
0.0108687
0.0113147
0.0117555
0.0121901
0.0126176
0.0130372
0.0134482
0.0138499
0.0142417
0.0146233
0.0149941
0.015354
0.0157026
0.0160398
0.0163655
0.0166797
0.0169823
0.0172735
0.0175533
0.0178218
0.0180793
0.018326
0.018562
0.0187877
0.0190032
0.019209
0.0194052
0.0195922
0.0197703
0.0199398
0.020101
0.0202543
0.0203999
0.0205382
0.0206694
0.0207939
0.020912
0.0210239
0.02113
0.0212304
0.0213255
0.0214155
0.0215007
0.0215812
0.0216574
0.0217294
0.0217975
0.0218619
0.0219226
0.0219801
0.0220343
0.0220855
0.0221338
0.0221794
0.0222225
0.0222631
0.0223015
0.0223376
0.0223717
0.0224039
0.0224342
0.0224629
0.0224898
0.0225153
0.0225392
0.0225618
0.0225831
0.0226032
0.0226221
0.02264
0.0226568
0.0226726
0.0226875
0.0227016
0.0227148
0.0227273
0.022739
0.0227501
0.0227605
0.0227704
0.0227796
0.0227883
0.0227965
0.0228042
0.00405917
0.00441381
0.00478364
0.00516752
0.00556439
0.00597312
0.00639248
0.00682116
0.00725779
0.00770096
0.00814926
0.00860126
0.00905556
0.00951076
0.00996553
0.0104186
0.0108687
0.0113146
0.0117554
0.01219
0.0126176
0.0130372
0.0134481
0.0138498
0.0142417
0.0146232
0.0149941
0.0153539
0.0157026
0.0160398
0.0163655
0.0166797
0.0169823
0.0172735
0.0175533
0.0178218
0.0180793
0.018326
0.018562
0.0187877
0.0190032
0.019209
0.0194052
0.0195922
0.0197703
0.0199398
0.0201011
0.0202544
0.0204
0.0205383
0.0206695
0.020794
0.0209121
0.021024
0.0211301
0.0212305
0.0213256
0.0214156
0.0215008
0.0215814
0.0216576
0.0217296
0.0217977
0.021862
0.0219228
0.0219802
0.0220345
0.0220857
0.022134
0.0221796
0.0222227
0.0222633
0.0223017
0.0223378
0.0223719
0.0224041
0.0224345
0.0224631
0.02249
0.0225155
0.0225394
0.022562
0.0225833
0.0226034
0.0226223
0.0226401
0.0226569
0.0226728
0.0226877
0.0227017
0.022715
0.0227274
0.0227392
0.0227502
0.0227606
0.0227705
0.0227797
0.0227884
0.0227966
0.0228043
0.00405917
0.00441381
0.00478363
0.00516752
0.00556438
0.00597311
0.00639247
0.00682114
0.00725777
0.00770094
0.00814923
0.00860123
0.00905552
0.00951072
0.00996548
0.0104185
0.0108686
0.0113146
0.0117554
0.01219
0.0126175
0.0130371
0.013448
0.0138497
0.0142416
0.0146231
0.014994
0.0153538
0.0157024
0.0160397
0.0163654
0.0166796
0.0169822
0.0172734
0.0175532
0.0178217
0.0180792
0.0183259
0.0185619
0.0187876
0.0190032
0.0192089
0.0194052
0.0195922
0.0197703
0.0199398
0.0201011
0.0202543
0.0204
0.0205383
0.0206695
0.0207941
0.0209121
0.0210241
0.0211301
0.0212306
0.0213257
0.0214157
0.0215009
0.0215815
0.0216577
0.0217297
0.0217978
0.0218622
0.021923
0.0219804
0.0220346
0.0220858
0.0221342
0.0221798
0.0222229
0.0222635
0.0223018
0.022338
0.0223721
0.0224043
0.0224346
0.0224632
0.0224902
0.0225156
0.0225396
0.0225622
0.0225835
0.0226036
0.0226225
0.0226403
0.0226571
0.0226729
0.0226878
0.0227019
0.0227151
0.0227275
0.0227393
0.0227503
0.0227607
0.0227705
0.0227798
0.0227885
0.0227967
0.0228044
0.00405917
0.00441381
0.00478363
0.00516751
0.00556437
0.0059731
0.00639245
0.00682112
0.00725774
0.0077009
0.00814919
0.00860118
0.00905546
0.00951065
0.0099654
0.0104184
0.0108685
0.0113145
0.0117552
0.0121898
0.0126173
0.0130369
0.0134479
0.0138496
0.0142414
0.0146229
0.0149938
0.0153536
0.0157023
0.0160395
0.0163652
0.0166794
0.016982
0.0172732
0.017553
0.0178215
0.018079
0.0183257
0.0185617
0.0187874
0.019003
0.0192087
0.019405
0.019592
0.0197701
0.0199397
0.0201009
0.0202542
0.0203999
0.0205382
0.0206694
0.020794
0.0209121
0.021024
0.0211301
0.0212305
0.0213256
0.0214157
0.0215009
0.0215815
0.0216577
0.0217297
0.0217978
0.0218622
0.021923
0.0219804
0.0220347
0.0220859
0.0221342
0.0221799
0.0222229
0.0222636
0.0223019
0.0223381
0.0223722
0.0224044
0.0224347
0.0224634
0.0224903
0.0225158
0.0225397
0.0225623
0.0225836
0.0226037
0.0226226
0.0226404
0.0226572
0.022673
0.0226879
0.0227019
0.0227152
0.0227276
0.0227393
0.0227504
0.0227608
0.0227706
0.0227798
0.0227885
0.0227967
0.0228043
0.00405917
0.0044138
0.00478362
0.00516749
0.00556435
0.00597307
0.00639241
0.00682107
0.00725768
0.00770084
0.00814911
0.00860109
0.00905536
0.00951053
0.00996527
0.0104183
0.0108683
0.0113143
0.011755
0.0121896
0.0126171
0.0130367
0.0134476
0.0138493
0.0142411
0.0146226
0.0149935
0.0153533
0.0157019
0.0160391
0.0163648
0.016679
0.0169816
0.0172728
0.0175526
0.0178211
0.0180786
0.0183253
0.0185613
0.018787
0.0190026
0.0192084
0.0194046
0.0195916
0.0197698
0.0199393
0.0201006
0.0202539
0.0203995
0.0205379
0.0206691
0.0207937
0.0209118
0.0210237
0.0211298
0.0212303
0.0213254
0.0214155
0.0215007
0.0215813
0.0216575
0.0217296
0.0217977
0.0218621
0.0219229
0.0219803
0.0220346
0.0220858
0.0221342
0.0221798
0.0222229
0.0222636
0.0223019
0.0223381
0.0223722
0.0224044
0.0224348
0.0224634
0.0224904
0.0225158
0.0225398
0.0225624
0.0225837
0.0226037
0.0226226
0.0226404
0.0226572
0.022673
0.0226879
0.022702
0.0227152
0.0227276
0.0227393
0.0227504
0.0227608
0.0227705
0.0227798
0.0227884
0.0227966
0.0228043
0.00405916
0.00441379
0.0047836
0.00516747
0.00556432
0.00597302
0.00639235
0.006821
0.00725759
0.00770072
0.00814898
0.00860094
0.00905518
0.00951033
0.00996504
0.010418
0.0108681
0.011314
0.0117547
0.0121893
0.0126167
0.0130363
0.0134472
0.0138488
0.0142406
0.0146221
0.014993
0.0153528
0.0157014
0.0160386
0.0163643
0.0166784
0.016981
0.0172722
0.017552
0.0178205
0.0180781
0.0183247
0.0185608
0.0187864
0.019002
0.0192078
0.0194041
0.0195911
0.0197693
0.0199388
0.0201001
0.0202534
0.0203991
0.0205374
0.0206688
0.0207933
0.0209115
0.0210234
0.0211295
0.02123
0.0213252
0.0214153
0.0215005
0.0215811
0.0216574
0.0217295
0.0217976
0.021862
0.0219228
0.0219803
0.0220346
0.0220858
0.0221342
0.0221799
0.022223
0.0222636
0.022302
0.0223382
0.0223723
0.0224045
0.0224349
0.0224635
0.0224905
0.0225159
0.0225399
0.0225625
0.0225838
0.0226038
0.0226228
0.0226406
0.0226573
0.0226731
0.022688
0.022702
0.0227152
0.0227277
0.0227394
0.0227504
0.0227607
0.0227705
0.0227797
0.0227883
0.0227965
0.0228041
0.00405916
0.00441378
0.00478357
0.00516742
0.00556425
0.00597293
0.00639224
0.00682087
0.00725743
0.00770054
0.00814878
0.00860071
0.00905493
0.00951006
0.00996475
0.0104177
0.0108677
0.0113136
0.0117544
0.0121889
0.0126164
0.013036
0.0134469
0.0138485
0.0142404
0.0146219
0.0149928
0.0153526
0.0157013
0.0160385
0.0163643
0.0166785
0.0169812
0.0172724
0.0175523
0.0178209
0.0180785
0.0183252
0.0185614
0.0187871
0.0190028
0.0192087
0.019405
0.0195922
0.0197704
0.01994
0.0201014
0.0202548
0.0204005
0.0205389
0.0206703
0.0207949
0.0209131
0.0210251
0.0211313
0.0212318
0.021327
0.0214171
0.0215024
0.021583
0.0216593
0.0217314
0.0217995
0.0218639
0.0219248
0.0219822
0.0220365
0.0220877
0.0221361
0.0221817
0.0222248
0.0222654
0.0223037
0.0223398
0.0223739
0.0224061
0.0224364
0.0224649
0.0224918
0.0225172
0.0225411
0.0225636
0.0225848
0.0226048
0.0226236
0.0226413
0.022658
0.0226737
0.0226885
0.0227024
0.0227155
0.0227278
0.0227394
0.0227503
0.0227606
0.0227702
0.0227793
0.0227878
0.0227958
0.0228034
0.00405915
0.00441377
0.00478356
0.00516743
0.00556429
0.00597303
0.00639241
0.00682113
0.00725783
0.00770109
0.00814952
0.00860168
0.00905617
0.00951161
0.00996665
0.01042
0.0108705
0.0113168
0.0117581
0.0121932
0.0126212
0.0130414
0.0134529
0.0138552
0.0142477
0.0146299
0.0150015
0.015362
0.0157114
0.0160493
0.0163757
0.0166906
0.0169939
0.0172858
0.0175662
0.0178354
0.0180935
0.0183408
0.0185774
0.0188036
0.0190196
0.0192258
0.0194225
0.0196099
0.0197883
0.0199581
0.0201196
0.0202731
0.0204189
0.0205573
0.0206886
0.0208132
0.0209313
0.0210431
0.0211491
0.0212494
0.0213444
0.0214342
0.0215192
0.0215995
0.0216754
0.0217471
0.0218148
0.0218788
0.0219392
0.0219962
0.02205
0.0221007
0.0221486
0.0221937
0.0222362
0.0222763
0.0223141
0.0223497
0.0223832
0.0224148
0.0224445
0.0224725
0.0224988
0.0225236
0.022547
0.0225689
0.0225895
0.022609
0.0226272
0.0226444
0.0226605
0.0226756
0.0226899
0.0227033
0.0227158
0.0227276
0.0227387
0.0227491
0.0227588
0.022768
0.0227765
0.0227846
0.0227921
0.0227992
0.00406031
0.00441588
0.00478691
0.00517234
0.0055711
0.0059821
0.00640411
0.00683584
0.00727591
0.00772293
0.00817545
0.00863203
0.00909125
0.00955168
0.0100119
0.0104707
0.0109267
0.0113788
0.0118258
0.0122666
0.0127004
0.0131262
0.0135433
0.013951
0.0143487
0.0147359
0.0151121
0.0154771
0.0158306
0.0161724
0.0165023
0.0168203
0.0171265
0.0174208
0.0177033
0.0179743
0.0182338
0.0184821
0.0187194
0.0189459
0.019162
0.019368
0.0195641
0.0197507
0.0199281
0.0200966
0.0202565
0.0204082
0.0205521
0.0206883
0.0208173
0.0209394
0.0210549
0.021164
0.0212671
0.0213644
0.0214563
0.021543
0.0216247
0.0217018
0.0217744
0.0218428
0.0219071
0.0219677
0.0220247
0.0220782
0.0221286
0.0221759
0.0222204
0.0222621
0.0223013
0.0223381
0.0223726
0.0224049
0.0224353
0.0224637
0.0224903
0.0225152
0.0225386
0.0225604
0.0225808
0.0226
0.0226178
0.0226345
0.0226502
0.0226647
0.0226784
0.0226911
0.0227029
0.022714
0.0227243
0.022734
0.022743
0.0227513
0.0227591
0.0227664
0.0227732
0.0227795
0.0227854
0.0227908
0.00408982
0.00448033
0.00488934
0.00531555
0.00575767
0.00621425
0.00668368
0.00716428
0.00765425
0.00815177
0.00865499
0.00916204
0.0096711
0.0101804
0.0106881
0.0111926
0.0116924
0.0121861
0.0126721
0.0131494
0.0136169
0.0140735
0.0145184
0.0149509
0.0153703
0.0157763
0.0161683
0.0165462
0.0169097
0.0172587
0.0175933
0.0179135
0.0182193
0.0185111
0.0187889
0.0190532
0.0193041
0.0195421
0.0197675
0.0199807
0.0201822
0.0203722
0.0205513
0.0207199
0.0208784
0.0210272
0.0211669
0.0212977
0.0214201
0.0215346
0.0216414
0.0217411
0.0218339
0.0219203
0.0220005
0.022075
0.022144
0.0222079
0.022267
0.0223214
0.0223717
0.0224178
0.0224603
0.0224992
0.0225347
0.0225672
0.0225968
0.0226238
0.0226482
0.0226702
0.0226901
0.022708
0.0227241
0.0227384
0.0227511
0.0227623
0.0227722
0.0227809
0.0227884
0.0227949
0.0228004
0.0228051
0.022809
0.0228123
0.0228149
0.022817
0.0228186
0.0228197
0.0228205
0.022821
0.0228213
0.0228213
0.0228212
0.0228209
0.0228206
0.0228202
0.0228198
0.0228194
0.0228191
0.0228188
)
;

boundaryField
{
    inlet
    {
        type            fixedValue;
        value           uniform 0.001;
    }
    outlet
    {
        type            zeroGradient;
    }
    bottom
    {
        type            epsilonWallFunction;
        blending        stepwise;
        value           nonuniform List<scalar> 
4000
(
0.00408982
0.00406031
0.00405915
0.00405916
0.00405916
0.00405917
0.00405917
0.00405917
0.00405917
0.00405917
0.00405917
0.00405917
0.00405917
0.00405917
0.00405917
0.00405917
0.00405917
0.00405917
0.00405917
0.00405917
0.00405917
0.00405917
0.00405917
0.00405917
0.00405917
0.00405917
0.00405917
0.00405917
0.00405917
0.00405917
0.00405917
0.00405917
0.00405917
0.00405917
0.00405917
0.00405916
0.00405916
0.00405915
0.00406031
0.00408982
0.00448033
0.00441588
0.00441377
0.00441378
0.00441379
0.0044138
0.00441381
0.00441381
0.00441381
0.00441381
0.00441382
0.00441382
0.00441382
0.00441382
0.00441382
0.00441382
0.00441382
0.00441382
0.00441382
0.00441382
0.00441382
0.00441382
0.00441382
0.00441382
0.00441382
0.00441382
0.00441382
0.00441382
0.00441382
0.00441382
0.00441381
0.00441381
0.00441381
0.00441381
0.0044138
0.00441379
0.00441378
0.00441377
0.00441588
0.00448033
0.00488934
0.00478691
0.00478356
0.00478357
0.0047836
0.00478362
0.00478363
0.00478363
0.00478364
0.00478364
0.00478364
0.00478364
0.00478364
0.00478364
0.00478364
0.00478364
0.00478364
0.00478364
0.00478364
0.00478364
0.00478364
0.00478364
0.00478364
0.00478364
0.00478364
0.00478364
0.00478364
0.00478364
0.00478364
0.00478364
0.00478364
0.00478364
0.00478363
0.00478363
0.00478362
0.0047836
0.00478357
0.00478356
0.00478691
0.00488934
0.00531555
0.00517234
0.00516743
0.00516742
0.00516747
0.00516749
0.00516751
0.00516752
0.00516752
0.00516752
0.00516753
0.00516753
0.00516753
0.00516753
0.00516753
0.00516753
0.00516753
0.00516753
0.00516753
0.00516753
0.00516753
0.00516753
0.00516753
0.00516753
0.00516753
0.00516753
0.00516753
0.00516753
0.00516753
0.00516753
0.00516752
0.00516752
0.00516752
0.00516751
0.00516749
0.00516747
0.00516742
0.00516743
0.00517234
0.00531555
0.00575767
0.0055711
0.00556429
0.00556425
0.00556432
0.00556435
0.00556437
0.00556438
0.00556439
0.0055644
0.0055644
0.0055644
0.0055644
0.0055644
0.0055644
0.0055644
0.0055644
0.0055644
0.0055644
0.0055644
0.0055644
0.0055644
0.0055644
0.0055644
0.0055644
0.0055644
0.0055644
0.0055644
0.0055644
0.0055644
0.0055644
0.00556439
0.00556438
0.00556437
0.00556435
0.00556432
0.00556425
0.00556429
0.0055711
0.00575767
0.00621425
0.0059821
0.00597303
0.00597293
0.00597302
0.00597307
0.0059731
0.00597311
0.00597312
0.00597313
0.00597313
0.00597313
0.00597313
0.00597313
0.00597313
0.00597313
0.00597313
0.00597313
0.00597313
0.00597313
0.00597313
0.00597313
0.00597313
0.00597313
0.00597313
0.00597313
0.00597313
0.00597313
0.00597313
0.00597313
0.00597313
0.00597312
0.00597311
0.0059731
0.00597307
0.00597302
0.00597293
0.00597303
0.0059821
0.00621425
0.00668368
0.00640411
0.00639241
0.00639224
0.00639235
0.00639241
0.00639245
0.00639247
0.00639248
0.00639249
0.00639249
0.0063925
0.0063925
0.0063925
0.0063925
0.0063925
0.0063925
0.0063925
0.0063925
0.0063925
0.0063925
0.0063925
0.0063925
0.0063925
0.0063925
0.0063925
0.0063925
0.0063925
0.0063925
0.00639249
0.00639249
0.00639248
0.00639247
0.00639245
0.00639241
0.00639235
0.00639224
0.00639241
0.00640411
0.00668368
0.00716428
0.00683584
0.00682113
0.00682087
0.006821
0.00682107
0.00682112
0.00682114
0.00682116
0.00682117
0.00682117
0.00682118
0.00682118
0.00682118
0.00682118
0.00682118
0.00682118
0.00682118
0.00682118
0.00682118
0.00682118
0.00682118
0.00682118
0.00682118
0.00682118
0.00682118
0.00682118
0.00682118
0.00682118
0.00682117
0.00682117
0.00682116
0.00682114
0.00682112
0.00682107
0.006821
0.00682087
0.00682113
0.00683584
0.00716428
0.00765425
0.00727591
0.00725783
0.00725743
0.00725759
0.00725768
0.00725774
0.00725777
0.00725779
0.0072578
0.00725781
0.00725781
0.00725781
0.00725781
0.00725782
0.00725782
0.00725782
0.00725782
0.00725782
0.00725782
0.00725782
0.00725782
0.00725782
0.00725782
0.00725782
0.00725782
0.00725781
0.00725781
0.00725781
0.00725781
0.0072578
0.00725779
0.00725777
0.00725774
0.00725768
0.00725759
0.00725743
0.00725783
0.00727591
0.00765425
0.00815177
0.00772293
0.00770109
0.00770054
0.00770072
0.00770084
0.0077009
0.00770094
0.00770096
0.00770098
0.00770099
0.00770099
0.00770099
0.007701
0.007701
0.007701
0.007701
0.007701
0.007701
0.007701
0.007701
0.007701
0.007701
0.007701
0.007701
0.007701
0.007701
0.00770099
0.00770099
0.00770099
0.00770098
0.00770096
0.00770094
0.0077009
0.00770084
0.00770072
0.00770054
0.00770109
0.00772293
0.00815177
0.00865499
0.00817545
0.00814952
0.00814878
0.00814898
0.00814911
0.00814919
0.00814923
0.00814926
0.00814928
0.00814929
0.0081493
0.0081493
0.0081493
0.0081493
0.0081493
0.0081493
0.0081493
0.0081493
0.0081493
0.0081493
0.0081493
0.0081493
0.0081493
0.0081493
0.0081493
0.0081493
0.0081493
0.0081493
0.00814929
0.00814928
0.00814926
0.00814923
0.00814919
0.00814911
0.00814898
0.00814878
0.00814952
0.00817545
0.00865499
0.00916204
0.00863203
0.00860168
0.00860071
0.00860094
0.00860109
0.00860118
0.00860123
0.00860127
0.00860129
0.0086013
0.00860131
0.00860131
0.00860131
0.00860131
0.00860131
0.00860131
0.00860131
0.00860131
0.00860131
0.00860131
0.00860131
0.00860131
0.00860131
0.00860131
0.00860131
0.00860131
0.00860131
0.0086013
0.0086013
0.00860129
0.00860126
0.00860123
0.00860118
0.00860109
0.00860094
0.00860071
0.00860168
0.00863203
0.00916204
0.0096711
0.00909125
0.00905617
0.00905493
0.00905518
0.00905536
0.00905546
0.00905552
0.00905556
0.00905558
0.0090556
0.0090556
0.00905561
0.00905561
0.00905561
0.00905561
0.00905561
0.00905561
0.00905561
0.00905561
0.00905561
0.00905561
0.00905561
0.00905561
0.00905561
0.00905561
0.00905561
0.00905561
0.0090556
0.0090556
0.00905558
0.00905556
0.00905552
0.00905546
0.00905536
0.00905518
0.00905493
0.00905617
0.00909125
0.0096711
0.0101804
0.00955168
0.00951161
0.00951006
0.00951033
0.00951053
0.00951065
0.00951072
0.00951076
0.00951079
0.0095108
0.00951081
0.00951082
0.00951082
0.00951082
0.00951082
0.00951082
0.00951081
0.00951081
0.00951081
0.00951081
0.00951081
0.00951081
0.00951082
0.00951082
0.00951082
0.00951082
0.00951082
0.00951081
0.0095108
0.00951079
0.00951076
0.00951072
0.00951065
0.00951053
0.00951033
0.00951006
0.00951161
0.00955168
0.0101804
0.0106881
0.0100119
0.00996665
0.00996475
0.00996504
0.00996527
0.0099654
0.00996548
0.00996553
0.00996556
0.00996557
0.00996558
0.00996559
0.00996559
0.00996559
0.00996559
0.00996559
0.00996558
0.00996558
0.00996558
0.00996558
0.00996558
0.00996558
0.00996559
0.00996559
0.00996559
0.00996559
0.00996559
0.00996558
0.00996557
0.00996555
0.00996553
0.00996548
0.0099654
0.00996527
0.00996504
0.00996475
0.00996665
0.0100119
0.0106881
0.0111926
0.0104707
0.01042
0.0104177
0.010418
0.0104183
0.0104184
0.0104185
0.0104186
0.0104186
0.0104186
0.0104186
0.0104186
0.0104186
0.0104186
0.0104186
0.0104186
0.0104186
0.0104186
0.0104186
0.0104186
0.0104186
0.0104186
0.0104186
0.0104186
0.0104186
0.0104186
0.0104186
0.0104186
0.0104186
0.0104186
0.0104186
0.0104185
0.0104184
0.0104183
0.010418
0.0104177
0.01042
0.0104707
0.0111926
0.0116924
0.0109267
0.0108705
0.0108677
0.0108681
0.0108683
0.0108685
0.0108686
0.0108687
0.0108687
0.0108687
0.0108687
0.0108687
0.0108687
0.0108687
0.0108687
0.0108687
0.0108687
0.0108687
0.0108687
0.0108687
0.0108687
0.0108687
0.0108687
0.0108687
0.0108687
0.0108687
0.0108687
0.0108687
0.0108687
0.0108687
0.0108687
0.0108686
0.0108685
0.0108683
0.0108681
0.0108677
0.0108705
0.0109267
0.0116924
0.012186
0.0113788
0.0113168
0.0113136
0.011314
0.0113143
0.0113145
0.0113146
0.0113146
0.0113147
0.0113147
0.0113147
0.0113147
0.0113147
0.0113147
0.0113147
0.0113147
0.0113147
0.0113147
0.0113147
0.0113147
0.0113147
0.0113147
0.0113147
0.0113147
0.0113147
0.0113147
0.0113147
0.0113147
0.0113147
0.0113147
0.0113146
0.0113146
0.0113145
0.0113143
0.011314
0.0113136
0.0113168
0.0113788
0.0121861
0.0126721
0.0118258
0.0117581
0.0117544
0.0117547
0.011755
0.0117552
0.0117554
0.0117554
0.0117555
0.0117555
0.0117555
0.0117555
0.0117555
0.0117555
0.0117555
0.0117555
0.0117555
0.0117555
0.0117555
0.0117555
0.0117555
0.0117555
0.0117555
0.0117555
0.0117555
0.0117555
0.0117555
0.0117555
0.0117555
0.0117555
0.0117554
0.0117554
0.0117552
0.011755
0.0117547
0.0117544
0.0117581
0.0118258
0.0126721
0.0131494
0.0122666
0.0121932
0.0121889
0.0121893
0.0121896
0.0121898
0.01219
0.01219
0.0121901
0.0121901
0.0121901
0.0121901
0.0121901
0.0121901
0.0121901
0.0121901
0.0121901
0.0121901
0.0121901
0.0121901
0.0121901
0.0121901
0.0121901
0.0121901
0.0121901
0.0121901
0.0121901
0.0121901
0.0121901
0.0121901
0.01219
0.01219
0.0121898
0.0121896
0.0121893
0.0121889
0.0121932
0.0122666
0.0131494
0.0136169
0.0127004
0.0126212
0.0126164
0.0126167
0.0126171
0.0126173
0.0126175
0.0126176
0.0126176
0.0126176
0.0126176
0.0126176
0.0126176
0.0126176
0.0126176
0.0126176
0.0126176
0.0126176
0.0126176
0.0126176
0.0126176
0.0126176
0.0126176
0.0126176
0.0126176
0.0126176
0.0126176
0.0126176
0.0126176
0.0126176
0.0126176
0.0126175
0.0126173
0.0126171
0.0126167
0.0126164
0.0126212
0.0127004
0.0136169
0.0140735
0.0131262
0.0130414
0.013036
0.0130363
0.0130367
0.0130369
0.0130371
0.0130372
0.0130372
0.0130372
0.0130372
0.0130372
0.0130372
0.0130372
0.0130372
0.0130372
0.0130372
0.0130372
0.0130372
0.0130372
0.0130372
0.0130372
0.0130372
0.0130372
0.0130372
0.0130372
0.0130372
0.0130372
0.0130372
0.0130372
0.0130372
0.0130371
0.0130369
0.0130367
0.0130363
0.013036
0.0130414
0.0131262
0.0140735
0.0145184
0.0135433
0.0134529
0.0134469
0.0134472
0.0134476
0.0134479
0.013448
0.0134481
0.0134482
0.0134482
0.0134482
0.0134482
0.0134482
0.0134482
0.0134482
0.0134482
0.0134482
0.0134482
0.0134482
0.0134482
0.0134482
0.0134482
0.0134482
0.0134482
0.0134482
0.0134482
0.0134482
0.0134482
0.0134482
0.0134482
0.0134481
0.013448
0.0134479
0.0134476
0.0134472
0.0134469
0.0134529
0.0135433
0.0145184
0.0149508
0.013951
0.0138552
0.0138485
0.0138488
0.0138493
0.0138496
0.0138497
0.0138498
0.0138499
0.0138499
0.0138499
0.0138499
0.0138499
0.0138499
0.0138499
0.0138499
0.0138498
0.0138498
0.0138498
0.0138498
0.0138498
0.0138498
0.0138499
0.0138499
0.0138499
0.0138499
0.0138499
0.0138499
0.0138499
0.0138499
0.0138498
0.0138497
0.0138496
0.0138493
0.0138488
0.0138485
0.0138552
0.013951
0.0149509
0.0153703
0.0143487
0.0142477
0.0142404
0.0142406
0.0142411
0.0142414
0.0142416
0.0142417
0.0142417
0.0142417
0.0142418
0.0142417
0.0142417
0.0142417
0.0142417
0.0142417
0.0142417
0.0142417
0.0142417
0.0142417
0.0142417
0.0142417
0.0142417
0.0142417
0.0142417
0.0142417
0.0142417
0.0142418
0.0142417
0.0142417
0.0142417
0.0142416
0.0142414
0.0142411
0.0142406
0.0142404
0.0142477
0.0143487
0.0153703
0.0157763
0.0147359
0.0146299
0.0146219
0.0146221
0.0146226
0.0146229
0.0146231
0.0146232
0.0146233
0.0146233
0.0146233
0.0146233
0.0146233
0.0146233
0.0146232
0.0146232
0.0146232
0.0146232
0.0146232
0.0146232
0.0146232
0.0146232
0.0146232
0.0146232
0.0146233
0.0146233
0.0146233
0.0146233
0.0146233
0.0146233
0.0146232
0.0146231
0.0146229
0.0146226
0.0146221
0.0146219
0.0146299
0.0147359
0.0157763
0.0161683
0.0151121
0.0150015
0.0149928
0.014993
0.0149935
0.0149938
0.014994
0.0149941
0.0149941
0.0149941
0.0149941
0.0149941
0.0149941
0.0149941
0.0149941
0.0149941
0.0149941
0.014994
0.014994
0.014994
0.014994
0.0149941
0.0149941
0.0149941
0.0149941
0.0149941
0.0149941
0.0149941
0.0149941
0.0149941
0.0149941
0.014994
0.0149938
0.0149935
0.014993
0.0149928
0.0150015
0.0151121
0.0161683
0.0165462
0.0154771
0.015362
0.0153526
0.0153528
0.0153533
0.0153536
0.0153538
0.0153539
0.015354
0.015354
0.015354
0.015354
0.015354
0.0153539
0.0153539
0.0153539
0.0153539
0.0153539
0.0153539
0.0153539
0.0153539
0.0153539
0.0153539
0.0153539
0.0153539
0.015354
0.015354
0.015354
0.015354
0.015354
0.0153539
0.0153538
0.0153536
0.0153533
0.0153528
0.0153526
0.015362
0.0154771
0.0165462
0.0169097
0.0158306
0.0157114
0.0157013
0.0157014
0.0157019
0.0157023
0.0157024
0.0157026
0.0157026
0.0157026
0.0157026
0.0157026
0.0157026
0.0157026
0.0157025
0.0157025
0.0157025
0.0157025
0.0157025
0.0157025
0.0157025
0.0157025
0.0157025
0.0157025
0.0157026
0.0157026
0.0157026
0.0157026
0.0157026
0.0157026
0.0157026
0.0157024
0.0157023
0.0157019
0.0157014
0.0157013
0.0157114
0.0158306
0.0169097
0.0172587
0.0161724
0.0160493
0.0160385
0.0160386
0.0160391
0.0160395
0.0160397
0.0160398
0.0160398
0.0160398
0.0160398
0.0160398
0.0160398
0.0160398
0.0160397
0.0160397
0.0160397
0.0160397
0.0160397
0.0160397
0.0160397
0.0160397
0.0160397
0.0160397
0.0160398
0.0160398
0.0160398
0.0160398
0.0160398
0.0160398
0.0160398
0.0160397
0.0160395
0.0160391
0.0160386
0.0160385
0.0160493
0.0161724
0.0172587
0.0175933
0.0165023
0.0163757
0.0163643
0.0163643
0.0163648
0.0163652
0.0163654
0.0163655
0.0163655
0.0163656
0.0163655
0.0163655
0.0163655
0.0163655
0.0163654
0.0163654
0.0163654
0.0163654
0.0163654
0.0163654
0.0163654
0.0163654
0.0163654
0.0163654
0.0163655
0.0163655
0.0163655
0.0163655
0.0163656
0.0163655
0.0163655
0.0163654
0.0163652
0.0163648
0.0163643
0.0163643
0.0163757
0.0165023
0.0175933
0.0179135
0.0168203
0.0166906
0.0166785
0.0166784
0.016679
0.0166794
0.0166796
0.0166797
0.0166797
0.0166797
0.0166797
0.0166797
0.0166796
0.0166796
0.0166796
0.0166795
0.0166795
0.0166795
0.0166795
0.0166795
0.0166795
0.0166795
0.0166795
0.0166796
0.0166796
0.0166796
0.0166797
0.0166797
0.0166797
0.0166797
0.0166797
0.0166796
0.0166794
0.016679
0.0166784
0.0166785
0.0166906
0.0168203
0.0179135
0.0182193
0.0171265
0.0169939
0.0169812
0.016981
0.0169816
0.016982
0.0169822
0.0169823
0.0169823
0.0169824
0.0169823
0.0169823
0.0169823
0.0169822
0.0169822
0.0169822
0.0169821
0.0169821
0.0169821
0.0169821
0.0169821
0.0169821
0.0169822
0.0169822
0.0169822
0.0169823
0.0169823
0.0169823
0.0169824
0.0169823
0.0169823
0.0169822
0.016982
0.0169816
0.016981
0.0169812
0.0169939
0.0171265
0.0182193
0.0185111
0.0174208
0.0172858
0.0172724
0.0172722
0.0172728
0.0172732
0.0172734
0.0172735
0.0172735
0.0172735
0.0172735
0.0172734
0.0172734
0.0172734
0.0172733
0.0172733
0.0172733
0.0172732
0.0172732
0.0172732
0.0172732
0.0172733
0.0172733
0.0172733
0.0172734
0.0172734
0.0172734
0.0172735
0.0172735
0.0172735
0.0172735
0.0172734
0.0172732
0.0172728
0.0172722
0.0172724
0.0172858
0.0174208
0.0185111
0.0187889
0.0177033
0.0175662
0.0175523
0.017552
0.0175526
0.017553
0.0175532
0.0175533
0.0175533
0.0175533
0.0175533
0.0175532
0.0175532
0.0175531
0.0175531
0.017553
0.017553
0.017553
0.017553
0.017553
0.017553
0.017553
0.017553
0.0175531
0.0175531
0.0175532
0.0175532
0.0175533
0.0175533
0.0175533
0.0175533
0.0175532
0.017553
0.0175526
0.017552
0.0175523
0.0175662
0.0177033
0.0187889
0.0190532
0.0179743
0.0178354
0.0178209
0.0178205
0.0178211
0.0178215
0.0178217
0.0178218
0.0178218
0.0178218
0.0178218
0.0178218
0.0178217
0.0178217
0.0178216
0.0178216
0.0178215
0.0178215
0.0178215
0.0178215
0.0178215
0.0178215
0.0178216
0.0178216
0.0178217
0.0178217
0.0178218
0.0178218
0.0178218
0.0178218
0.0178218
0.0178217
0.0178215
0.0178211
0.0178205
0.0178209
0.0178354
0.0179743
0.0190532
0.0193041
0.0182338
0.0180935
0.0180785
0.0180781
0.0180786
0.018079
0.0180792
0.0180793
0.0180793
0.0180793
0.0180793
0.0180792
0.0180792
0.0180791
0.0180791
0.018079
0.018079
0.018079
0.018079
0.018079
0.018079
0.018079
0.018079
0.0180791
0.0180791
0.0180792
0.0180792
0.0180793
0.0180793
0.0180793
0.0180793
0.0180792
0.018079
0.0180786
0.0180781
0.0180785
0.0180935
0.0182338
0.0193041
0.0195421
0.0184821
0.0183408
0.0183252
0.0183247
0.0183253
0.0183257
0.0183259
0.018326
0.018326
0.018326
0.0183259
0.0183259
0.0183258
0.0183257
0.0183257
0.0183256
0.0183256
0.0183256
0.0183256
0.0183256
0.0183256
0.0183256
0.0183256
0.0183257
0.0183257
0.0183258
0.0183259
0.0183259
0.018326
0.018326
0.018326
0.0183259
0.0183257
0.0183253
0.0183247
0.0183252
0.0183408
0.0184821
0.0195421
0.0197675
0.0187194
0.0185774
0.0185614
0.0185608
0.0185613
0.0185617
0.0185619
0.018562
0.018562
0.018562
0.0185619
0.0185619
0.0185618
0.0185617
0.0185617
0.0185616
0.0185616
0.0185616
0.0185616
0.0185616
0.0185616
0.0185616
0.0185616
0.0185617
0.0185617
0.0185618
0.0185619
0.0185619
0.018562
0.018562
0.018562
0.0185619
0.0185617
0.0185613
0.0185608
0.0185614
0.0185774
0.0187194
0.0197675
0.0199807
0.0189459
0.0188036
0.0187871
0.0187864
0.018787
0.0187874
0.0187876
0.0187877
0.0187877
0.0187876
0.0187876
0.0187875
0.0187874
0.0187874
0.0187873
0.0187873
0.0187872
0.0187872
0.0187872
0.0187872
0.0187872
0.0187872
0.0187873
0.0187873
0.0187874
0.0187874
0.0187875
0.0187876
0.0187876
0.0187877
0.0187877
0.0187876
0.0187874
0.018787
0.0187864
0.0187871
0.0188036
0.0189459
0.0199807
0.0201821
0.019162
0.0190196
0.0190028
0.019002
0.0190026
0.019003
0.0190032
0.0190032
0.0190032
0.0190032
0.0190031
0.019003
0.019003
0.0190029
0.0190028
0.0190028
0.0190027
0.0190027
0.0190027
0.0190027
0.0190027
0.0190027
0.0190028
0.0190028
0.0190029
0.019003
0.019003
0.0190031
0.0190032
0.0190032
0.0190032
0.0190032
0.019003
0.0190026
0.019002
0.0190028
0.0190196
0.019162
0.0201822
0.0203722
0.019368
0.0192258
0.0192087
0.0192078
0.0192084
0.0192087
0.0192089
0.019209
0.019209
0.0192089
0.0192088
0.0192088
0.0192087
0.0192086
0.0192085
0.0192085
0.0192084
0.0192084
0.0192084
0.0192084
0.0192084
0.0192084
0.0192085
0.0192085
0.0192086
0.0192087
0.0192088
0.0192088
0.0192089
0.019209
0.019209
0.0192089
0.0192087
0.0192084
0.0192078
0.0192087
0.0192258
0.019368
0.0203722
0.0205513
0.0195641
0.0194225
0.019405
0.0194041
0.0194046
0.019405
0.0194052
0.0194052
0.0194052
0.0194051
0.0194051
0.019405
0.0194049
0.0194048
0.0194047
0.0194047
0.0194046
0.0194046
0.0194046
0.0194046
0.0194046
0.0194046
0.0194047
0.0194047
0.0194048
0.0194049
0.019405
0.0194051
0.0194051
0.0194052
0.0194052
0.0194052
0.019405
0.0194046
0.0194041
0.019405
0.0194225
0.0195641
0.0205513
0.0207199
0.0197507
0.0196099
0.0195922
0.0195911
0.0195916
0.019592
0.0195922
0.0195922
0.0195922
0.0195921
0.019592
0.019592
0.0195919
0.0195918
0.0195917
0.0195916
0.0195916
0.0195916
0.0195915
0.0195915
0.0195916
0.0195916
0.0195916
0.0195917
0.0195918
0.0195919
0.019592
0.019592
0.0195921
0.0195922
0.0195922
0.0195922
0.019592
0.0195916
0.0195911
0.0195922
0.0196099
0.0197507
0.0207199
0.0208784
0.0199281
0.0197883
0.0197704
0.0197693
0.0197698
0.0197701
0.0197703
0.0197703
0.0197703
0.0197702
0.0197701
0.01977
0.0197699
0.0197698
0.0197698
0.0197697
0.0197697
0.0197696
0.0197696
0.0197696
0.0197696
0.0197697
0.0197697
0.0197698
0.0197699
0.0197699
0.01977
0.0197701
0.0197702
0.0197703
0.0197703
0.0197703
0.0197701
0.0197698
0.0197693
0.0197704
0.0197883
0.0199281
0.0208784
0.0210272
0.0200966
0.0199581
0.01994
0.0199388
0.0199393
0.0199397
0.0199398
0.0199398
0.0199398
0.0199397
0.0199396
0.0199395
0.0199394
0.0199393
0.0199392
0.0199392
0.0199391
0.0199391
0.0199391
0.0199391
0.0199391
0.0199391
0.0199392
0.0199392
0.0199393
0.0199394
0.0199395
0.0199396
0.0199397
0.0199398
0.0199398
0.0199398
0.0199397
0.0199393
0.0199388
0.01994
0.0199581
0.0200966
0.0210272
0.0211669
0.0202565
0.0201196
0.0201014
0.0201001
0.0201006
0.0201009
0.0201011
0.0201011
0.020101
0.0201009
0.0201008
0.0201007
0.0201006
0.0201005
0.0201004
0.0201004
0.0201003
0.0201003
0.0201003
0.0201003
0.0201003
0.0201003
0.0201004
0.0201004
0.0201005
0.0201006
0.0201007
0.0201008
0.0201009
0.020101
0.0201011
0.0201011
0.0201009
0.0201006
0.0201001
0.0201014
0.0201196
0.0202565
0.0211669
0.0212977
0.0204082
0.0202731
0.0202548
0.0202534
0.0202539
0.0202542
0.0202544
0.0202544
0.0202543
0.0202542
0.0202541
0.020254
0.0202539
0.0202538
0.0202537
0.0202536
0.0202535
0.0202535
0.0202535
0.0202535
0.0202535
0.0202535
0.0202536
0.0202537
0.0202538
0.0202539
0.020254
0.0202541
0.0202542
0.0202543
0.0202544
0.0202543
0.0202542
0.0202539
0.0202534
0.0202548
0.0202731
0.0204082
0.0212977
0.0214201
0.0205521
0.0204189
0.0204005
0.0203991
0.0203995
0.0203999
0.0204
0.0204
0.0203999
0.0203998
0.0203997
0.0203996
0.0203995
0.0203994
0.0203993
0.0203992
0.0203991
0.0203991
0.0203991
0.0203991
0.0203991
0.0203991
0.0203992
0.0203993
0.0203994
0.0203995
0.0203996
0.0203997
0.0203998
0.0203999
0.0204
0.0204
0.0203999
0.0203995
0.0203991
0.0204005
0.0204189
0.0205521
0.0214201
0.0215345
0.0206883
0.0205573
0.0205389
0.0205375
0.0205379
0.0205382
0.0205383
0.0205383
0.0205382
0.0205381
0.020538
0.0205378
0.0205377
0.0205376
0.0205375
0.0205374
0.0205374
0.0205373
0.0205373
0.0205373
0.0205373
0.0205374
0.0205374
0.0205375
0.0205376
0.0205377
0.0205378
0.020538
0.0205381
0.0205382
0.0205383
0.0205383
0.0205382
0.0205379
0.0205374
0.0205389
0.0205573
0.0206883
0.0215346
0.0216414
0.0208173
0.0206886
0.0206703
0.0206688
0.0206691
0.0206694
0.0206695
0.0206695
0.0206694
0.0206693
0.0206692
0.0206691
0.0206689
0.0206688
0.0206687
0.0206686
0.0206686
0.0206685
0.0206685
0.0206685
0.0206685
0.0206686
0.0206686
0.0206687
0.0206688
0.0206689
0.0206691
0.0206692
0.0206693
0.0206694
0.0206695
0.0206695
0.0206694
0.0206691
0.0206688
0.0206703
0.0206886
0.0208173
0.0216414
0.0217411
0.0209394
0.0208132
0.0207949
0.0207933
0.0207937
0.020794
0.0207941
0.020794
0.0207939
0.0207938
0.0207937
0.0207935
0.0207934
0.0207933
0.0207932
0.0207931
0.0207931
0.020793
0.020793
0.020793
0.020793
0.0207931
0.0207931
0.0207932
0.0207933
0.0207934
0.0207935
0.0207937
0.0207938
0.0207939
0.020794
0.0207941
0.020794
0.0207937
0.0207933
0.0207949
0.0208132
0.0209394
0.0217411
0.0218339
0.0210549
0.0209313
0.0209131
0.0209115
0.0209118
0.0209121
0.0209122
0.0209121
0.020912
0.0209119
0.0209117
0.0209116
0.0209115
0.0209113
0.0209112
0.0209111
0.0209111
0.020911
0.020911
0.020911
0.020911
0.0209111
0.0209112
0.0209112
0.0209113
0.0209115
0.0209116
0.0209117
0.0209119
0.020912
0.0209121
0.0209121
0.0209121
0.0209118
0.0209115
0.0209131
0.0209313
0.0210549
0.0218339
0.0219203
0.021164
0.0210431
0.0210252
0.0210234
0.0210237
0.021024
0.0210241
0.021024
0.0210239
0.0210238
0.0210236
0.0210235
0.0210233
0.0210232
0.0210231
0.021023
0.021023
0.0210229
0.0210229
0.0210229
0.0210229
0.021023
0.021023
0.0210231
0.0210232
0.0210234
0.0210235
0.0210236
0.0210238
0.0210239
0.021024
0.0210241
0.021024
0.0210237
0.0210234
0.0210251
0.0210431
0.021164
0.0219203
0.0220005
0.0212671
0.0211491
0.0211313
0.0211295
0.0211298
0.0211301
0.0211301
0.0211301
0.02113
0.0211298
0.0211297
0.0211295
0.0211294
0.0211292
0.0211291
0.021129
0.021129
0.0211289
0.0211289
0.0211289
0.0211289
0.021129
0.021129
0.0211291
0.0211292
0.0211294
0.0211295
0.0211297
0.0211298
0.02113
0.0211301
0.0211301
0.0211301
0.0211298
0.0211295
0.0211313
0.0211491
0.0212671
0.0220005
0.022075
0.0213644
0.0212494
0.0212318
0.02123
0.0212303
0.0212305
0.0212306
0.0212305
0.0212304
0.0212302
0.0212301
0.0212299
0.0212298
0.0212296
0.0212295
0.0212294
0.0212294
0.0212293
0.0212293
0.0212293
0.0212293
0.0212294
0.0212294
0.0212295
0.0212297
0.0212298
0.0212299
0.0212301
0.0212302
0.0212304
0.0212305
0.0212306
0.0212305
0.0212303
0.02123
0.0212318
0.0212494
0.0213644
0.022075
0.022144
0.0214563
0.0213444
0.021327
0.0213252
0.0213254
0.0213257
0.0213257
0.0213256
0.0213255
0.0213253
0.0213252
0.021325
0.0213249
0.0213247
0.0213246
0.0213245
0.0213244
0.0213244
0.0213244
0.0213244
0.0213244
0.0213244
0.0213245
0.0213246
0.0213247
0.0213249
0.021325
0.0213252
0.0213253
0.0213255
0.0213256
0.0213257
0.0213256
0.0213254
0.0213252
0.021327
0.0213444
0.0214563
0.022144
0.0222079
0.021543
0.0214342
0.0214171
0.0214153
0.0214155
0.0214157
0.0214157
0.0214156
0.0214155
0.0214153
0.0214152
0.021415
0.0214148
0.0214147
0.0214146
0.0214145
0.0214144
0.0214144
0.0214144
0.0214144
0.0214144
0.0214144
0.0214145
0.0214146
0.0214147
0.0214148
0.021415
0.0214152
0.0214153
0.0214155
0.0214156
0.0214157
0.0214157
0.0214155
0.0214153
0.0214171
0.0214342
0.021543
0.0222079
0.0222669
0.0216247
0.0215192
0.0215024
0.0215005
0.0215007
0.0215009
0.0215009
0.0215008
0.0215007
0.0215005
0.0215003
0.0215001
0.0215
0.0214998
0.0214997
0.0214996
0.0214996
0.0214995
0.0214995
0.0214995
0.0214995
0.0214996
0.0214996
0.0214997
0.0214999
0.0215
0.0215001
0.0215003
0.0215005
0.0215007
0.0215008
0.0215009
0.0215009
0.0215007
0.0215005
0.0215024
0.0215192
0.0216247
0.022267
0.0223214
0.0217018
0.0215995
0.021583
0.0215811
0.0215813
0.0215815
0.0215815
0.0215814
0.0215812
0.021581
0.0215809
0.0215807
0.0215805
0.0215804
0.0215803
0.0215802
0.0215801
0.0215801
0.02158
0.02158
0.0215801
0.0215801
0.0215802
0.0215803
0.0215804
0.0215805
0.0215807
0.0215809
0.021581
0.0215812
0.0215814
0.0215815
0.0215815
0.0215813
0.0215811
0.021583
0.0215995
0.0217018
0.0223214
0.0223716
0.0217744
0.0216754
0.0216593
0.0216574
0.0216575
0.0216577
0.0216577
0.0216576
0.0216574
0.0216572
0.021657
0.0216569
0.0216567
0.0216566
0.0216564
0.0216563
0.0216563
0.0216562
0.0216562
0.0216562
0.0216562
0.0216563
0.0216563
0.0216564
0.0216566
0.0216567
0.0216569
0.021657
0.0216572
0.0216574
0.0216576
0.0216577
0.0216577
0.0216575
0.0216574
0.0216593
0.0216754
0.0217744
0.0223717
0.0224178
0.0218428
0.0217471
0.0217314
0.0217295
0.0217296
0.0217297
0.0217297
0.0217296
0.0217294
0.0217293
0.0217291
0.0217289
0.0217287
0.0217286
0.0217285
0.0217284
0.0217283
0.0217282
0.0217282
0.0217282
0.0217282
0.0217283
0.0217284
0.0217285
0.0217286
0.0217287
0.0217289
0.0217291
0.0217292
0.0217294
0.0217296
0.0217297
0.0217297
0.0217296
0.0217295
0.0217314
0.0217471
0.0218428
0.0224178
0.0224602
0.0219071
0.0218149
0.0217996
0.0217976
0.0217977
0.0217978
0.0217978
0.0217977
0.0217975
0.0217973
0.0217971
0.021797
0.0217968
0.0217966
0.0217965
0.0217964
0.0217963
0.0217963
0.0217963
0.0217963
0.0217963
0.0217963
0.0217964
0.0217965
0.0217966
0.0217968
0.021797
0.0217971
0.0217973
0.0217975
0.0217977
0.0217978
0.0217978
0.0217977
0.0217976
0.0217995
0.0218148
0.0219071
0.0224603
0.0224991
0.0219677
0.0218788
0.0218639
0.021862
0.0218621
0.0218622
0.0218622
0.021862
0.0218619
0.0218617
0.0218615
0.0218613
0.0218611
0.021861
0.0218608
0.0218607
0.0218607
0.0218606
0.0218606
0.0218606
0.0218606
0.0218607
0.0218607
0.0218608
0.021861
0.0218611
0.0218613
0.0218615
0.0218617
0.0218619
0.021862
0.0218622
0.0218622
0.0218621
0.021862
0.0218639
0.0218788
0.0219677
0.0224992
0.0225347
0.0220247
0.0219392
0.0219248
0.0219228
0.0219229
0.021923
0.021923
0.0219228
0.0219226
0.0219224
0.0219222
0.0219221
0.0219219
0.0219217
0.0219216
0.0219215
0.0219214
0.0219214
0.0219214
0.0219214
0.0219214
0.0219214
0.0219215
0.0219216
0.0219217
0.0219219
0.0219221
0.0219222
0.0219224
0.0219226
0.0219228
0.021923
0.021923
0.0219229
0.0219228
0.0219248
0.0219392
0.0220247
0.0225347
0.0225672
0.0220782
0.0219962
0.0219822
0.0219803
0.0219803
0.0219804
0.0219804
0.0219802
0.0219801
0.0219799
0.0219796
0.0219795
0.0219793
0.0219791
0.021979
0.0219789
0.0219788
0.0219788
0.0219788
0.0219788
0.0219788
0.0219788
0.0219789
0.021979
0.0219791
0.0219793
0.0219795
0.0219797
0.0219799
0.0219801
0.0219802
0.0219804
0.0219804
0.0219803
0.0219803
0.0219822
0.0219962
0.0220782
0.0225672
0.0225968
0.0221286
0.02205
0.0220365
0.0220346
0.0220346
0.0220347
0.0220346
0.0220345
0.0220343
0.0220341
0.0220339
0.0220337
0.0220335
0.0220334
0.0220332
0.0220331
0.022033
0.022033
0.022033
0.022033
0.022033
0.022033
0.0220331
0.0220332
0.0220334
0.0220335
0.0220337
0.0220339
0.0220341
0.0220343
0.0220345
0.0220346
0.0220347
0.0220346
0.0220346
0.0220365
0.02205
0.0221286
0.0225968
0.0226237
0.0221759
0.0221007
0.0220877
0.0220858
0.0220858
0.0220859
0.0220858
0.0220857
0.0220855
0.0220853
0.0220851
0.0220849
0.0220847
0.0220845
0.0220844
0.0220843
0.0220842
0.0220842
0.0220842
0.0220842
0.0220842
0.0220842
0.0220843
0.0220844
0.0220846
0.0220847
0.0220849
0.0220851
0.0220853
0.0220855
0.0220857
0.0220858
0.0220859
0.0220858
0.0220858
0.0220877
0.0221007
0.0221759
0.0226238
0.0226481
0.0222204
0.0221486
0.0221361
0.0221342
0.0221342
0.0221342
0.0221342
0.022134
0.0221338
0.0221336
0.0221334
0.0221332
0.022133
0.0221329
0.0221327
0.0221326
0.0221326
0.0221325
0.0221325
0.0221325
0.0221325
0.0221326
0.0221326
0.0221327
0.0221329
0.022133
0.0221332
0.0221334
0.0221336
0.0221338
0.022134
0.0221342
0.0221342
0.0221342
0.0221342
0.0221361
0.0221486
0.0222204
0.0226482
0.0226702
0.0222621
0.0221937
0.0221817
0.0221799
0.0221798
0.0221799
0.0221798
0.0221796
0.0221794
0.0221792
0.022179
0.0221788
0.0221786
0.0221785
0.0221784
0.0221783
0.0221782
0.0221781
0.0221781
0.0221781
0.0221781
0.0221782
0.0221783
0.0221784
0.0221785
0.0221786
0.0221788
0.022179
0.0221792
0.0221794
0.0221796
0.0221798
0.0221799
0.0221798
0.0221799
0.0221817
0.0221937
0.0222621
0.0226702
0.0226901
0.0223013
0.0222362
0.0222248
0.022223
0.0222229
0.022223
0.0222229
0.0222227
0.0222225
0.0222223
0.0222221
0.0222219
0.0222217
0.0222215
0.0222214
0.0222213
0.0222212
0.0222212
0.0222212
0.0222212
0.0222212
0.0222212
0.0222213
0.0222214
0.0222216
0.0222217
0.0222219
0.0222221
0.0222223
0.0222225
0.0222227
0.0222229
0.0222229
0.0222229
0.022223
0.0222248
0.0222362
0.0223013
0.0226901
0.022708
0.0223381
0.0222763
0.0222654
0.0222636
0.0222636
0.0222636
0.0222635
0.0222633
0.0222631
0.0222629
0.0222627
0.0222625
0.0222623
0.0222622
0.022262
0.0222619
0.0222619
0.0222618
0.0222618
0.0222618
0.0222618
0.0222619
0.0222619
0.0222621
0.0222622
0.0222623
0.0222625
0.0222627
0.0222629
0.0222631
0.0222633
0.0222635
0.0222636
0.0222636
0.0222636
0.0222654
0.0222763
0.0223381
0.022708
0.022724
0.0223726
0.0223141
0.0223037
0.022302
0.0223019
0.0223019
0.0223018
0.0223017
0.0223015
0.0223012
0.022301
0.0223008
0.0223007
0.0223005
0.0223004
0.0223003
0.0223002
0.0223001
0.0223001
0.0223001
0.0223001
0.0223002
0.0223003
0.0223004
0.0223005
0.0223007
0.0223008
0.022301
0.0223012
0.0223015
0.0223017
0.0223018
0.0223019
0.0223019
0.022302
0.0223037
0.0223141
0.0223726
0.0227241
0.0227383
0.0224049
0.0223497
0.0223399
0.0223382
0.0223381
0.0223381
0.022338
0.0223378
0.0223376
0.0223374
0.0223372
0.022337
0.0223368
0.0223367
0.0223365
0.0223364
0.0223364
0.0223363
0.0223363
0.0223363
0.0223363
0.0223364
0.0223364
0.0223366
0.0223367
0.0223368
0.022337
0.0223372
0.0223374
0.0223376
0.0223378
0.022338
0.0223381
0.0223381
0.0223382
0.0223398
0.0223497
0.0224049
0.0227384
0.022751
0.0224353
0.0223832
0.0223739
0.0223723
0.0223722
0.0223722
0.0223721
0.0223719
0.0223717
0.0223715
0.0223713
0.0223711
0.0223709
0.0223708
0.0223707
0.0223705
0.0223705
0.0223704
0.0223704
0.0223704
0.0223704
0.0223705
0.0223706
0.0223707
0.0223708
0.0223709
0.0223711
0.0223713
0.0223715
0.0223717
0.0223719
0.0223721
0.0223722
0.0223722
0.0223723
0.0223739
0.0223832
0.0224353
0.0227511
0.0227623
0.0224637
0.0224148
0.0224061
0.0224045
0.0224044
0.0224044
0.0224043
0.0224041
0.0224039
0.0224037
0.0224035
0.0224033
0.0224031
0.022403
0.0224028
0.0224027
0.0224026
0.0224026
0.0224026
0.0224026
0.0224026
0.0224027
0.0224027
0.0224028
0.022403
0.0224031
0.0224033
0.0224035
0.0224037
0.0224039
0.0224041
0.0224043
0.0224044
0.0224044
0.0224045
0.0224061
0.0224148
0.0224637
0.0227623
0.0227722
0.0224903
0.0224445
0.0224364
0.0224349
0.0224348
0.0224348
0.0224346
0.0224345
0.0224342
0.022434
0.0224338
0.0224336
0.0224335
0.0224333
0.0224332
0.0224331
0.022433
0.0224329
0.0224329
0.0224329
0.0224329
0.022433
0.0224331
0.0224332
0.0224333
0.0224335
0.0224336
0.0224338
0.022434
0.0224342
0.0224345
0.0224346
0.0224347
0.0224348
0.0224349
0.0224364
0.0224445
0.0224903
0.0227722
0.0227808
0.0225152
0.0224725
0.0224649
0.0224635
0.0224634
0.0224634
0.0224633
0.0224631
0.0224629
0.0224626
0.0224624
0.0224622
0.0224621
0.0224619
0.0224618
0.0224617
0.0224616
0.0224616
0.0224615
0.0224615
0.0224616
0.0224616
0.0224617
0.0224618
0.0224619
0.0224621
0.0224623
0.0224624
0.0224626
0.0224629
0.0224631
0.0224632
0.0224634
0.0224634
0.0224635
0.0224649
0.0224725
0.0225152
0.0227809
0.0227884
0.0225386
0.0224989
0.0224919
0.0224905
0.0224904
0.0224903
0.0224902
0.02249
0.0224898
0.0224896
0.0224894
0.0224892
0.0224891
0.0224889
0.0224888
0.0224887
0.0224886
0.0224885
0.0224885
0.0224885
0.0224885
0.0224886
0.0224887
0.0224888
0.0224889
0.0224891
0.0224892
0.0224894
0.0224896
0.0224898
0.02249
0.0224902
0.0224903
0.0224904
0.0224905
0.0224918
0.0224988
0.0225386
0.0227884
0.0227948
0.0225604
0.0225236
0.0225172
0.0225159
0.0225158
0.0225158
0.0225157
0.0225155
0.0225153
0.0225151
0.0225148
0.0225147
0.0225145
0.0225143
0.0225142
0.0225141
0.022514
0.022514
0.022514
0.022514
0.022514
0.022514
0.0225141
0.0225142
0.0225144
0.0225145
0.0225147
0.0225149
0.0225151
0.0225153
0.0225155
0.0225156
0.0225158
0.0225158
0.0225159
0.0225172
0.0225236
0.0225604
0.0227949
0.0228004
0.0225809
0.022547
0.0225411
0.0225399
0.0225398
0.0225397
0.0225396
0.0225394
0.0225392
0.022539
0.0225388
0.0225386
0.0225385
0.0225383
0.0225382
0.0225381
0.022538
0.022538
0.0225379
0.0225379
0.022538
0.022538
0.0225381
0.0225382
0.0225383
0.0225385
0.0225387
0.0225388
0.022539
0.0225392
0.0225394
0.0225396
0.0225397
0.0225398
0.0225399
0.0225411
0.022547
0.0225808
0.0228004
0.0228051
0.0226
0.0225689
0.0225636
0.0225625
0.0225624
0.0225623
0.0225622
0.022562
0.0225618
0.0225616
0.0225614
0.0225612
0.0225611
0.0225609
0.0225608
0.0225607
0.0225606
0.0225606
0.0225606
0.0225606
0.0225606
0.0225606
0.0225607
0.0225608
0.022561
0.0225611
0.0225613
0.0225614
0.0225616
0.0225618
0.022562
0.0225622
0.0225623
0.0225624
0.0225625
0.0225636
0.0225689
0.0226
0.0228051
0.022809
0.0226178
0.0225896
0.0225848
0.0225838
0.0225837
0.0225836
0.0225835
0.0225833
0.0225831
0.0225829
0.0225827
0.0225826
0.0225824
0.0225822
0.0225821
0.022582
0.0225819
0.0225819
0.0225819
0.0225819
0.0225819
0.022582
0.022582
0.0225821
0.0225823
0.0225824
0.0225826
0.0225828
0.0225829
0.0225831
0.0225833
0.0225835
0.0225836
0.0225837
0.0225838
0.0225848
0.0225895
0.0226178
0.022809
0.0228122
0.0226346
0.022609
0.0226048
0.0226039
0.0226037
0.0226037
0.0226036
0.0226034
0.0226032
0.022603
0.0226028
0.0226026
0.0226025
0.0226023
0.0226022
0.0226021
0.022602
0.022602
0.022602
0.022602
0.022602
0.022602
0.0226021
0.0226022
0.0226024
0.0226025
0.0226027
0.0226028
0.022603
0.0226032
0.0226034
0.0226036
0.0226037
0.0226037
0.0226038
0.0226048
0.022609
0.0226345
0.0228123
0.0228149
0.0226502
0.0226272
0.0226236
0.0226228
0.0226227
0.0226226
0.0226225
0.0226223
0.0226221
0.0226219
0.0226217
0.0226216
0.0226214
0.0226213
0.0226211
0.022621
0.022621
0.0226209
0.0226209
0.0226209
0.0226209
0.022621
0.0226211
0.0226212
0.0226213
0.0226214
0.0226216
0.0226218
0.0226219
0.0226221
0.0226223
0.0226225
0.0226226
0.0226226
0.0226228
0.0226236
0.0226272
0.0226502
0.0228149
0.0228169
0.0226647
0.0226444
0.0226414
0.0226406
0.0226405
0.0226404
0.0226403
0.0226401
0.02264
0.0226398
0.0226396
0.0226394
0.0226393
0.0226391
0.022639
0.0226389
0.0226388
0.0226388
0.0226387
0.0226387
0.0226388
0.0226388
0.0226389
0.022639
0.0226391
0.0226393
0.0226394
0.0226396
0.0226398
0.02264
0.0226401
0.0226403
0.0226404
0.0226404
0.0226406
0.0226413
0.0226444
0.0226647
0.022817
0.0228185
0.0226784
0.0226605
0.022658
0.0226574
0.0226573
0.0226572
0.0226571
0.0226569
0.0226568
0.0226566
0.0226564
0.0226562
0.0226561
0.0226559
0.0226558
0.0226557
0.0226556
0.0226556
0.0226555
0.0226556
0.0226556
0.0226556
0.0226557
0.0226558
0.022656
0.0226561
0.0226562
0.0226564
0.0226566
0.0226568
0.0226569
0.0226571
0.0226572
0.0226572
0.0226573
0.022658
0.0226605
0.0226784
0.0228186
0.0228197
0.0226911
0.0226757
0.0226737
0.0226732
0.0226731
0.022673
0.0226729
0.0226728
0.0226726
0.0226724
0.0226722
0.0226721
0.0226719
0.0226718
0.0226717
0.0226716
0.0226715
0.0226714
0.0226714
0.0226714
0.0226714
0.0226715
0.0226716
0.0226717
0.0226718
0.0226719
0.0226721
0.0226723
0.0226724
0.0226726
0.0226728
0.0226729
0.022673
0.022673
0.0226731
0.0226737
0.0226756
0.0226911
0.0228197
0.0228205
0.022703
0.0226899
0.0226885
0.0226881
0.022688
0.0226879
0.0226878
0.0226877
0.0226875
0.0226873
0.0226872
0.022687
0.0226868
0.0226867
0.0226866
0.0226865
0.0226864
0.0226864
0.0226863
0.0226863
0.0226864
0.0226864
0.0226865
0.0226866
0.0226867
0.0226869
0.022687
0.0226872
0.0226873
0.0226875
0.0226877
0.0226878
0.0226879
0.0226879
0.022688
0.0226885
0.0226899
0.0227029
0.0228205
0.022821
0.022714
0.0227033
0.0227024
0.0227021
0.022702
0.022702
0.0227019
0.0227017
0.0227016
0.0227014
0.0227012
0.0227011
0.0227009
0.0227008
0.0227007
0.0227006
0.0227005
0.0227004
0.0227004
0.0227004
0.0227004
0.0227005
0.0227006
0.0227007
0.0227008
0.0227009
0.0227011
0.0227012
0.0227014
0.0227016
0.0227017
0.0227019
0.0227019
0.022702
0.022702
0.0227024
0.0227033
0.022714
0.022821
0.0228212
0.0227244
0.0227158
0.0227155
0.0227153
0.0227152
0.0227152
0.0227151
0.022715
0.0227148
0.0227146
0.0227145
0.0227143
0.0227142
0.022714
0.0227139
0.0227138
0.0227137
0.0227137
0.0227137
0.0227137
0.0227137
0.0227138
0.0227138
0.0227139
0.0227141
0.0227142
0.0227144
0.0227145
0.0227147
0.0227148
0.022715
0.0227151
0.0227152
0.0227152
0.0227152
0.0227155
0.0227158
0.0227243
0.0228213
0.0228213
0.022734
0.0227276
0.0227279
0.0227277
0.0227277
0.0227276
0.0227276
0.0227274
0.0227273
0.0227271
0.022727
0.0227268
0.0227267
0.0227265
0.0227264
0.0227263
0.0227262
0.0227262
0.0227261
0.0227261
0.0227262
0.0227262
0.0227263
0.0227264
0.0227266
0.0227267
0.0227268
0.022727
0.0227271
0.0227273
0.0227274
0.0227275
0.0227276
0.0227276
0.0227277
0.0227278
0.0227276
0.022734
0.0228213
0.0228211
0.022743
0.0227387
0.0227395
0.0227394
0.0227394
0.0227394
0.0227393
0.0227392
0.022739
0.0227389
0.0227387
0.0227386
0.0227384
0.0227383
0.0227382
0.0227381
0.022738
0.0227379
0.0227379
0.0227379
0.022738
0.022738
0.0227381
0.0227382
0.0227383
0.0227385
0.0227386
0.0227387
0.0227389
0.022739
0.0227392
0.0227393
0.0227393
0.0227393
0.0227394
0.0227394
0.0227387
0.022743
0.0228212
0.0228209
0.0227513
0.0227491
0.0227504
0.0227504
0.0227504
0.0227504
0.0227503
0.0227502
0.0227501
0.02275
0.0227498
0.0227497
0.0227495
0.0227494
0.0227493
0.0227492
0.0227491
0.022749
0.022749
0.022749
0.022749
0.0227491
0.0227492
0.0227493
0.0227494
0.0227496
0.0227497
0.0227498
0.02275
0.0227501
0.0227502
0.0227503
0.0227504
0.0227504
0.0227504
0.0227503
0.0227491
0.0227513
0.0228209
0.0228205
0.0227591
0.0227589
0.0227606
0.0227608
0.0227608
0.0227608
0.0227608
0.0227607
0.0227605
0.0227604
0.0227603
0.0227601
0.02276
0.0227598
0.0227597
0.0227596
0.0227595
0.0227595
0.0227594
0.0227594
0.0227595
0.0227595
0.0227596
0.0227597
0.0227599
0.02276
0.0227601
0.0227603
0.0227604
0.0227605
0.0227606
0.0227607
0.0227608
0.0227608
0.0227607
0.0227606
0.0227588
0.0227591
0.0228206
0.0228201
0.0227664
0.022768
0.0227703
0.0227705
0.0227706
0.0227706
0.0227706
0.0227705
0.0227704
0.0227702
0.0227701
0.0227699
0.0227698
0.0227697
0.0227696
0.0227694
0.0227694
0.0227693
0.0227693
0.0227693
0.0227693
0.0227694
0.0227695
0.0227696
0.0227697
0.0227698
0.02277
0.0227701
0.0227702
0.0227704
0.0227705
0.0227705
0.0227706
0.0227705
0.0227705
0.0227702
0.022768
0.0227664
0.0228202
0.0228197
0.0227732
0.0227766
0.0227793
0.0227797
0.0227798
0.0227798
0.0227798
0.0227797
0.0227796
0.0227795
0.0227794
0.0227792
0.0227791
0.0227789
0.0227788
0.0227787
0.0227786
0.0227786
0.0227785
0.0227785
0.0227786
0.0227787
0.0227788
0.0227789
0.022779
0.0227791
0.0227793
0.0227794
0.0227795
0.0227796
0.0227797
0.0227798
0.0227798
0.0227798
0.0227797
0.0227793
0.0227765
0.0227732
0.0228198
0.0228194
0.0227795
0.0227846
0.0227879
0.0227884
0.0227885
0.0227885
0.0227885
0.0227884
0.0227883
0.0227882
0.0227881
0.022788
0.0227878
0.0227877
0.0227876
0.0227874
0.0227874
0.0227873
0.0227873
0.0227873
0.0227873
0.0227874
0.0227875
0.0227876
0.0227877
0.0227879
0.022788
0.0227881
0.0227882
0.0227883
0.0227884
0.0227885
0.0227885
0.0227884
0.0227883
0.0227878
0.0227846
0.0227795
0.0228194
0.022819
0.0227854
0.0227922
0.0227959
0.0227965
0.0227966
0.0227967
0.0227967
0.0227966
0.0227965
0.0227964
0.0227963
0.0227962
0.022796
0.0227959
0.0227958
0.0227957
0.0227956
0.0227955
0.0227955
0.0227955
0.0227955
0.0227956
0.0227957
0.0227958
0.022796
0.0227961
0.0227962
0.0227963
0.0227964
0.0227965
0.0227966
0.0227967
0.0227967
0.0227966
0.0227965
0.0227958
0.0227921
0.0227854
0.0228191
0.0228187
0.0227908
0.0227992
0.0228034
0.0228042
0.0228043
0.0228044
0.0228044
0.0228043
0.0228042
0.0228041
0.022804
0.0228039
0.0228038
0.0228036
0.0228035
0.0228034
0.0228033
0.0228032
0.0228032
0.0228032
0.0228033
0.0228033
0.0228034
0.0228035
0.0228037
0.0228038
0.0228039
0.0228041
0.0228042
0.0228042
0.0228043
0.0228044
0.0228043
0.0228043
0.0228041
0.0228034
0.0227992
0.0227908
0.0228188
)
;
    }
    top
    {
        type            symmetryPlane;
    }
    frontAndBack
    {
        type            empty;
    }
}


// ************************************************************************* //
