/*--------------------------------*- C++ -*----------------------------------*\
| =========                 |                                                 |
| \\      /  F ield         | OpenFOAM: The Open Source CFD Toolbox           |
|  \\    /   O peration     | Version:  2206                                  |
|   \\  /    A nd           | Website:  www.openfoam.com                      |
|    \\/     M anipulation  |                                                 |
\*---------------------------------------------------------------------------*/
FoamFile
{
    version     2.0;
    format      ascii;
    arch        "LSB;label=32;scalar=64";
    class       volScalarField;
    location    "200";
    object      nut;
}
// * * * * * * * * * * * * * * * * * * * * * * * * * * * * * * * * * * * * * //

dimensions      [0 2 -1 0 0 0 0];

internalField   nonuniform List<scalar> 
4000
(
0.000897236
0.000924929
0.000952259
0.000979162
0.00100559
0.0010315
0.00105684
0.00108159
0.00110571
0.00112916
0.00115193
0.001174
0.00119536
0.00121598
0.00123587
0.00125502
0.00127343
0.0012911
0.00130804
0.00132426
0.00133977
0.00135458
0.00136871
0.00138217
0.00139497
0.00140715
0.00141871
0.00142968
0.00144007
0.00144991
0.00145922
0.00146802
0.00147633
0.00148417
0.00149155
0.00149851
0.00150506
0.00151122
0.00151701
0.00152245
0.00152755
0.00153233
0.0015368
0.00154099
0.00154491
0.00154858
0.001552
0.00155519
0.00155816
0.00156093
0.00156351
0.0015659
0.00156813
0.0015702
0.00157211
0.00157388
0.00157552
0.00157703
0.00157843
0.00157972
0.0015809
0.00158199
0.00158298
0.0015839
0.00158473
0.00158549
0.00158619
0.00158682
0.00158739
0.0015879
0.00158837
0.00158878
0.00158916
0.00158949
0.00158979
0.00159005
0.00159028
0.00159048
0.00159066
0.00159081
0.00159094
0.00159104
0.00159114
0.00159121
0.00159127
0.00159132
0.00159136
0.00159138
0.0015914
0.00159141
0.00159142
0.00159142
0.00159142
0.00159141
0.0015914
0.00159139
0.00159139
0.00159138
0.00159137
0.00159136
0.000895073
0.000920473
0.000945562
0.000970288
0.000994608
0.00101849
0.0010419
0.0010648
0.00108718
0.001109
0.00113025
0.00115091
0.00117097
0.00119041
0.00120924
0.00122743
0.001245
0.00126194
0.00127825
0.00129394
0.00130901
0.00132348
0.00133736
0.00135064
0.00136336
0.00137551
0.00138712
0.0013982
0.00140876
0.00141883
0.00142841
0.00143753
0.0014462
0.00145443
0.00146226
0.00146968
0.00147672
0.00148339
0.00148971
0.0014957
0.00150136
0.00150672
0.00151179
0.00151658
0.00152111
0.00152538
0.00152942
0.00153323
0.00153682
0.00154021
0.00154341
0.00154642
0.00154925
0.00155193
0.00155444
0.00155681
0.00155904
0.00156114
0.00156311
0.00156496
0.0015667
0.00156834
0.00156988
0.00157133
0.00157268
0.00157396
0.00157515
0.00157628
0.00157733
0.00157832
0.00157924
0.00158011
0.00158092
0.00158168
0.0015824
0.00158307
0.00158369
0.00158428
0.00158482
0.00158533
0.00158581
0.00158626
0.00158668
0.00158707
0.00158743
0.00158777
0.00158809
0.00158839
0.00158867
0.00158892
0.00158917
0.00158939
0.0015896
0.00158979
0.00158998
0.00159014
0.0015903
0.00159045
0.00159059
0.00159071
0.000894987
0.000920326
0.000945342
0.000969981
0.000994203
0.00101797
0.00104126
0.00106404
0.00108628
0.00110796
0.00112906
0.00114956
0.00116946
0.00118875
0.00120741
0.00122545
0.00124286
0.00125964
0.0012758
0.00129135
0.00130629
0.00132062
0.00133437
0.00134754
0.00136015
0.00137221
0.00138372
0.00139472
0.00140522
0.00141522
0.00142475
0.00143382
0.00144246
0.00145067
0.00145847
0.00146588
0.00147292
0.0014796
0.00148594
0.00149194
0.00149763
0.00150303
0.00150813
0.00151297
0.00151754
0.00152187
0.00152597
0.00152984
0.0015335
0.00153695
0.00154022
0.0015433
0.00154622
0.00154897
0.00155156
0.00155401
0.00155632
0.0015585
0.00156056
0.0015625
0.00156433
0.00156605
0.00156767
0.00156921
0.00157065
0.00157201
0.00157329
0.00157449
0.00157563
0.0015767
0.0015777
0.00157865
0.00157954
0.00158038
0.00158117
0.00158192
0.00158261
0.00158327
0.00158389
0.00158447
0.00158502
0.00158553
0.00158602
0.00158647
0.0015869
0.0015873
0.00158768
0.00158803
0.00158836
0.00158867
0.00158897
0.00158924
0.0015895
0.00158974
0.00158997
0.00159018
0.00159038
0.00159057
0.00159074
0.00159091
0.000894988
0.000920326
0.000945342
0.00096998
0.0009942
0.00101797
0.00104125
0.00106402
0.00108626
0.00110793
0.00112902
0.00114952
0.00116941
0.00118868
0.00120733
0.00122536
0.00124275
0.00125952
0.00127567
0.0012912
0.00130612
0.00132044
0.00133417
0.00134733
0.00135992
0.00137195
0.00138346
0.00139444
0.00140491
0.0014149
0.00142442
0.00143348
0.0014421
0.00145029
0.00145809
0.00146549
0.00147251
0.00147918
0.00148551
0.00149151
0.00149719
0.00150258
0.00150768
0.00151251
0.00151709
0.00152141
0.00152551
0.00152938
0.00153304
0.00153649
0.00153976
0.00154285
0.00154577
0.00154852
0.00155113
0.00155358
0.0015559
0.00155809
0.00156015
0.0015621
0.00156394
0.00156567
0.00156731
0.00156885
0.0015703
0.00157167
0.00157297
0.00157418
0.00157533
0.00157641
0.00157743
0.00157839
0.0015793
0.00158015
0.00158095
0.00158171
0.00158242
0.00158309
0.00158373
0.00158432
0.00158488
0.00158541
0.00158591
0.00158637
0.00158681
0.00158723
0.00158762
0.00158798
0.00158833
0.00158865
0.00158896
0.00158925
0.00158952
0.00158977
0.00159001
0.00159023
0.00159045
0.00159064
0.00159083
0.00159101
0.000894988
0.000920328
0.000945345
0.000969984
0.000994205
0.00101797
0.00104126
0.00106403
0.00108627
0.00110794
0.00112903
0.00114953
0.00116942
0.00118869
0.00120735
0.00122537
0.00124277
0.00125954
0.00127568
0.00129121
0.00130613
0.00132045
0.00133418
0.00134734
0.00135993
0.00137196
0.00138346
0.00139444
0.00140492
0.0014149
0.00142442
0.00143347
0.00144209
0.00145029
0.00145808
0.00146548
0.0014725
0.00147917
0.00148549
0.00149149
0.00149717
0.00150256
0.00150766
0.00151249
0.00151706
0.00152138
0.00152547
0.00152934
0.001533
0.00153646
0.00153973
0.00154281
0.00154573
0.00154848
0.00155108
0.00155354
0.00155586
0.00155804
0.00156011
0.00156206
0.00156389
0.00156563
0.00156726
0.0015688
0.00157026
0.00157163
0.00157292
0.00157414
0.00157529
0.00157637
0.00157739
0.00157835
0.00157926
0.00158011
0.00158092
0.00158167
0.00158239
0.00158306
0.0015837
0.00158429
0.00158485
0.00158538
0.00158588
0.00158635
0.00158679
0.00158721
0.0015876
0.00158797
0.00158832
0.00158865
0.00158895
0.00158924
0.00158952
0.00158977
0.00159001
0.00159024
0.00159045
0.00159066
0.00159085
0.00159102
0.000894989
0.000920328
0.000945346
0.000969985
0.000994207
0.00101798
0.00104126
0.00106404
0.00108627
0.00110794
0.00112904
0.00114954
0.00116943
0.0011887
0.00120735
0.00122538
0.00124278
0.00125955
0.00127569
0.00129122
0.00130615
0.00132047
0.0013342
0.00134735
0.00135994
0.00137198
0.00138348
0.00139446
0.00140493
0.00141492
0.00142443
0.00143349
0.00144211
0.0014503
0.00145809
0.00146549
0.00147252
0.00147918
0.00148551
0.0014915
0.00149719
0.00150257
0.00150767
0.0015125
0.00151707
0.00152139
0.00152549
0.00152935
0.00153301
0.00153647
0.00153973
0.00154282
0.00154574
0.00154849
0.00155109
0.00155355
0.00155586
0.00155805
0.00156011
0.00156206
0.0015639
0.00156563
0.00156726
0.0015688
0.00157026
0.00157163
0.00157292
0.00157414
0.00157529
0.00157637
0.00157739
0.00157835
0.00157926
0.00158011
0.00158091
0.00158167
0.00158239
0.00158306
0.00158369
0.00158429
0.00158485
0.00158538
0.00158588
0.00158635
0.00158679
0.00158721
0.0015876
0.00158797
0.00158832
0.00158864
0.00158895
0.00158924
0.00158952
0.00158977
0.00159001
0.00159024
0.00159046
0.00159066
0.00159085
0.00159103
0.000894989
0.000920329
0.000945346
0.000969986
0.000994208
0.00101798
0.00104126
0.00106404
0.00108627
0.00110795
0.00112904
0.00114954
0.00116943
0.00118871
0.00120736
0.00122538
0.00124278
0.00125955
0.0012757
0.00129123
0.00130615
0.00132048
0.00133421
0.00134736
0.00135995
0.00137199
0.00138349
0.00139447
0.00140494
0.00141493
0.00142444
0.0014335
0.00144212
0.00145032
0.0014581
0.0014655
0.00147253
0.00147919
0.00148552
0.00149151
0.0014972
0.00150258
0.00150768
0.00151251
0.00151708
0.0015214
0.00152549
0.00152936
0.00153302
0.00153648
0.00153974
0.00154283
0.00154574
0.0015485
0.0015511
0.00155355
0.00155587
0.00155805
0.00156012
0.00156206
0.0015639
0.00156563
0.00156727
0.00156881
0.00157026
0.00157163
0.00157292
0.00157414
0.00157529
0.00157637
0.00157739
0.00157835
0.00157926
0.00158011
0.00158091
0.00158167
0.00158239
0.00158306
0.00158369
0.00158429
0.00158485
0.00158538
0.00158588
0.00158635
0.00158679
0.00158721
0.0015876
0.00158797
0.00158832
0.00158864
0.00158895
0.00158924
0.00158951
0.00158977
0.00159001
0.00159024
0.00159046
0.00159066
0.00159085
0.00159103
0.000894989
0.000920329
0.000945347
0.000969987
0.000994209
0.00101798
0.00104127
0.00106404
0.00108627
0.00110795
0.00112904
0.00114954
0.00116944
0.00118871
0.00120736
0.00122539
0.00124279
0.00125956
0.00127571
0.00129124
0.00130616
0.00132048
0.00133421
0.00134737
0.00135995
0.00137199
0.00138349
0.00139447
0.00140495
0.00141494
0.00142445
0.00143351
0.00144213
0.00145032
0.00145811
0.00146551
0.00147253
0.0014792
0.00148552
0.00149152
0.0014972
0.00150259
0.00150769
0.00151251
0.00151708
0.00152141
0.0015255
0.00152937
0.00153302
0.00153648
0.00153974
0.00154283
0.00154575
0.0015485
0.0015511
0.00155355
0.00155587
0.00155805
0.00156012
0.00156206
0.0015639
0.00156563
0.00156727
0.00156881
0.00157026
0.00157163
0.00157292
0.00157414
0.00157529
0.00157637
0.00157739
0.00157835
0.00157925
0.00158011
0.00158091
0.00158167
0.00158238
0.00158306
0.00158369
0.00158429
0.00158485
0.00158538
0.00158588
0.00158634
0.00158679
0.0015872
0.0015876
0.00158797
0.00158831
0.00158864
0.00158895
0.00158924
0.00158951
0.00158977
0.00159001
0.00159024
0.00159046
0.00159066
0.00159085
0.00159103
0.000894989
0.000920329
0.000945347
0.000969987
0.000994209
0.00101798
0.00104127
0.00106404
0.00108628
0.00110795
0.00112904
0.00114954
0.00116944
0.00118871
0.00120736
0.00122539
0.00124279
0.00125956
0.00127571
0.00129124
0.00130616
0.00132048
0.00133421
0.00134737
0.00135996
0.001372
0.0013835
0.00139448
0.00140495
0.00141494
0.00142445
0.00143351
0.00144213
0.00145032
0.00145811
0.00146551
0.00147254
0.0014792
0.00148553
0.00149152
0.0014972
0.00150259
0.00150769
0.00151252
0.00151708
0.00152141
0.0015255
0.00152937
0.00153302
0.00153648
0.00153974
0.00154283
0.00154574
0.0015485
0.0015511
0.00155355
0.00155587
0.00155805
0.00156012
0.00156206
0.0015639
0.00156563
0.00156726
0.0015688
0.00157026
0.00157163
0.00157292
0.00157414
0.00157528
0.00157636
0.00157738
0.00157834
0.00157925
0.0015801
0.00158091
0.00158166
0.00158238
0.00158305
0.00158368
0.00158428
0.00158484
0.00158537
0.00158587
0.00158634
0.00158678
0.0015872
0.00158759
0.00158796
0.00158831
0.00158864
0.00158895
0.00158924
0.00158951
0.00158977
0.00159001
0.00159024
0.00159045
0.00159066
0.00159085
0.00159103
0.000894989
0.000920329
0.000945347
0.000969987
0.000994209
0.00101798
0.00104127
0.00106404
0.00108628
0.00110795
0.00112905
0.00114955
0.00116944
0.00118871
0.00120737
0.00122539
0.00124279
0.00125956
0.00127571
0.00129124
0.00130616
0.00132048
0.00133422
0.00134737
0.00135996
0.001372
0.0013835
0.00139448
0.00140495
0.00141494
0.00142445
0.00143351
0.00144213
0.00145033
0.00145811
0.00146551
0.00147254
0.0014792
0.00148553
0.00149152
0.0014972
0.00150259
0.00150769
0.00151251
0.00151708
0.00152141
0.0015255
0.00152936
0.00153302
0.00153648
0.00153974
0.00154283
0.00154574
0.00154849
0.00155109
0.00155355
0.00155586
0.00155805
0.00156011
0.00156206
0.00156389
0.00156563
0.00156726
0.0015688
0.00157025
0.00157162
0.00157291
0.00157413
0.00157528
0.00157636
0.00157738
0.00157834
0.00157925
0.0015801
0.0015809
0.00158166
0.00158237
0.00158305
0.00158368
0.00158428
0.00158484
0.00158537
0.00158587
0.00158634
0.00158678
0.0015872
0.00158759
0.00158796
0.00158831
0.00158863
0.00158894
0.00158923
0.00158951
0.00158976
0.00159001
0.00159024
0.00159045
0.00159065
0.00159085
0.00159103
0.000894989
0.000920329
0.000945347
0.000969987
0.000994209
0.00101798
0.00104127
0.00106404
0.00108628
0.00110795
0.00112905
0.00114955
0.00116944
0.00118871
0.00120737
0.00122539
0.00124279
0.00125956
0.00127571
0.00129124
0.00130616
0.00132049
0.00133422
0.00134737
0.00135996
0.001372
0.0013835
0.00139448
0.00140496
0.00141494
0.00142445
0.00143351
0.00144213
0.00145032
0.00145811
0.00146551
0.00147254
0.0014792
0.00148552
0.00149152
0.0014972
0.00150259
0.00150769
0.00151251
0.00151708
0.00152141
0.00152549
0.00152936
0.00153302
0.00153647
0.00153974
0.00154282
0.00154574
0.00154849
0.00155109
0.00155354
0.00155586
0.00155805
0.00156011
0.00156205
0.00156389
0.00156562
0.00156725
0.00156879
0.00157025
0.00157162
0.00157291
0.00157413
0.00157527
0.00157635
0.00157737
0.00157833
0.00157924
0.00158009
0.0015809
0.00158165
0.00158237
0.00158304
0.00158367
0.00158427
0.00158483
0.00158536
0.00158586
0.00158633
0.00158677
0.00158719
0.00158758
0.00158795
0.0015883
0.00158863
0.00158894
0.00158923
0.0015895
0.00158976
0.00159
0.00159023
0.00159045
0.00159065
0.00159084
0.00159102
0.000894989
0.000920329
0.000945347
0.000969987
0.00099421
0.00101798
0.00104127
0.00106404
0.00108628
0.00110795
0.00112905
0.00114955
0.00116944
0.00118871
0.00120737
0.00122539
0.00124279
0.00125956
0.00127571
0.00129124
0.00130616
0.00132049
0.00133422
0.00134737
0.00135996
0.001372
0.0013835
0.00139448
0.00140496
0.00141494
0.00142445
0.00143351
0.00144213
0.00145032
0.00145811
0.00146551
0.00147253
0.0014792
0.00148552
0.00149152
0.0014972
0.00150258
0.00150768
0.00151251
0.00151708
0.0015214
0.00152549
0.00152936
0.00153302
0.00153647
0.00153974
0.00154282
0.00154574
0.00154849
0.00155109
0.00155354
0.00155586
0.00155804
0.0015601
0.00156205
0.00156389
0.00156562
0.00156725
0.00156879
0.00157024
0.00157161
0.0015729
0.00157412
0.00157527
0.00157635
0.00157737
0.00157833
0.00157924
0.00158009
0.00158089
0.00158165
0.00158236
0.00158304
0.00158367
0.00158427
0.00158483
0.00158536
0.00158586
0.00158633
0.00158677
0.00158719
0.00158758
0.00158795
0.0015883
0.00158863
0.00158893
0.00158923
0.0015895
0.00158976
0.00159
0.00159023
0.00159045
0.00159065
0.00159084
0.00159102
0.000894989
0.000920329
0.000945347
0.000969987
0.00099421
0.00101798
0.00104127
0.00106404
0.00108628
0.00110795
0.00112905
0.00114955
0.00116944
0.00118872
0.00120737
0.00122539
0.00124279
0.00125956
0.00127571
0.00129124
0.00130616
0.00132049
0.00133422
0.00134737
0.00135996
0.001372
0.0013835
0.00139448
0.00140495
0.00141494
0.00142445
0.00143351
0.00144213
0.00145032
0.00145811
0.00146551
0.00147253
0.0014792
0.00148552
0.00149152
0.0014972
0.00150258
0.00150768
0.00151251
0.00151708
0.0015214
0.00152549
0.00152936
0.00153301
0.00153647
0.00153973
0.00154282
0.00154573
0.00154848
0.00155108
0.00155354
0.00155585
0.00155804
0.0015601
0.00156205
0.00156388
0.00156561
0.00156725
0.00156879
0.00157024
0.00157161
0.0015729
0.00157412
0.00157526
0.00157634
0.00157736
0.00157833
0.00157923
0.00158008
0.00158089
0.00158165
0.00158236
0.00158303
0.00158366
0.00158426
0.00158482
0.00158535
0.00158585
0.00158632
0.00158677
0.00158718
0.00158758
0.00158795
0.00158829
0.00158862
0.00158893
0.00158922
0.0015895
0.00158975
0.00159
0.00159023
0.00159044
0.00159065
0.00159084
0.00159102
0.000894989
0.000920329
0.000945347
0.000969987
0.00099421
0.00101798
0.00104127
0.00106404
0.00108628
0.00110795
0.00112905
0.00114955
0.00116944
0.00118872
0.00120737
0.00122539
0.00124279
0.00125956
0.00127571
0.00129124
0.00130616
0.00132049
0.00133422
0.00134737
0.00135996
0.001372
0.0013835
0.00139448
0.00140495
0.00141494
0.00142445
0.00143351
0.00144213
0.00145032
0.00145811
0.00146551
0.00147253
0.0014792
0.00148552
0.00149152
0.0014972
0.00150258
0.00150768
0.00151251
0.00151707
0.0015214
0.00152549
0.00152935
0.00153301
0.00153646
0.00153973
0.00154281
0.00154573
0.00154848
0.00155108
0.00155353
0.00155585
0.00155803
0.0015601
0.00156204
0.00156388
0.00156561
0.00156724
0.00156878
0.00157023
0.0015716
0.00157289
0.00157411
0.00157526
0.00157634
0.00157736
0.00157832
0.00157923
0.00158008
0.00158088
0.00158164
0.00158235
0.00158303
0.00158366
0.00158426
0.00158482
0.00158535
0.00158585
0.00158632
0.00158676
0.00158718
0.00158757
0.00158794
0.00158829
0.00158862
0.00158893
0.00158922
0.00158949
0.00158975
0.00158999
0.00159022
0.00159044
0.00159064
0.00159083
0.00159101
0.000894989
0.000920329
0.000945347
0.000969987
0.00099421
0.00101798
0.00104127
0.00106404
0.00108628
0.00110795
0.00112905
0.00114955
0.00116944
0.00118872
0.00120737
0.00122539
0.00124279
0.00125956
0.00127571
0.00129124
0.00130616
0.00132049
0.00133422
0.00134737
0.00135996
0.001372
0.0013835
0.00139448
0.00140495
0.00141494
0.00142445
0.00143351
0.00144213
0.00145032
0.00145811
0.00146551
0.00147253
0.0014792
0.00148552
0.00149151
0.0014972
0.00150258
0.00150768
0.0015125
0.00151707
0.0015214
0.00152548
0.00152935
0.00153301
0.00153646
0.00153973
0.00154281
0.00154573
0.00154848
0.00155108
0.00155353
0.00155584
0.00155803
0.00156009
0.00156204
0.00156387
0.00156561
0.00156724
0.00156878
0.00157023
0.0015716
0.00157289
0.00157411
0.00157526
0.00157634
0.00157736
0.00157832
0.00157922
0.00158008
0.00158088
0.00158164
0.00158235
0.00158302
0.00158366
0.00158425
0.00158482
0.00158535
0.00158585
0.00158632
0.00158676
0.00158718
0.00158757
0.00158794
0.00158829
0.00158862
0.00158892
0.00158922
0.00158949
0.00158975
0.00158999
0.00159022
0.00159044
0.00159064
0.00159083
0.00159101
0.000894989
0.000920329
0.000945347
0.000969987
0.00099421
0.00101798
0.00104127
0.00106404
0.00108628
0.00110795
0.00112905
0.00114955
0.00116944
0.00118872
0.00120737
0.00122539
0.00124279
0.00125956
0.00127571
0.00129124
0.00130616
0.00132049
0.00133422
0.00134737
0.00135996
0.001372
0.0013835
0.00139448
0.00140495
0.00141494
0.00142445
0.00143351
0.00144213
0.00145032
0.00145811
0.00146551
0.00147253
0.00147919
0.00148552
0.00149151
0.00149719
0.00150258
0.00150767
0.0015125
0.00151707
0.00152139
0.00152548
0.00152935
0.001533
0.00153646
0.00153972
0.00154281
0.00154572
0.00154847
0.00155107
0.00155353
0.00155584
0.00155803
0.00156009
0.00156204
0.00156387
0.0015656
0.00156724
0.00156878
0.00157023
0.0015716
0.00157289
0.00157411
0.00157525
0.00157633
0.00157735
0.00157831
0.00157922
0.00158007
0.00158088
0.00158163
0.00158235
0.00158302
0.00158365
0.00158425
0.00158481
0.00158534
0.00158584
0.00158631
0.00158676
0.00158717
0.00158757
0.00158794
0.00158828
0.00158861
0.00158892
0.00158921
0.00158949
0.00158975
0.00158999
0.00159022
0.00159043
0.00159064
0.00159083
0.00159101
0.000894989
0.000920329
0.000945347
0.000969987
0.00099421
0.00101798
0.00104127
0.00106404
0.00108628
0.00110795
0.00112905
0.00114955
0.00116944
0.00118871
0.00120737
0.00122539
0.00124279
0.00125956
0.00127571
0.00129124
0.00130616
0.00132048
0.00133422
0.00134737
0.00135996
0.001372
0.0013835
0.00139448
0.00140495
0.00141494
0.00142445
0.00143351
0.00144212
0.00145032
0.00145811
0.0014655
0.00147253
0.00147919
0.00148552
0.00149151
0.00149719
0.00150258
0.00150767
0.0015125
0.00151707
0.00152139
0.00152548
0.00152935
0.001533
0.00153646
0.00153972
0.00154281
0.00154572
0.00154847
0.00155107
0.00155352
0.00155584
0.00155802
0.00156009
0.00156203
0.00156387
0.0015656
0.00156723
0.00156877
0.00157023
0.00157159
0.00157289
0.0015741
0.00157525
0.00157633
0.00157735
0.00157831
0.00157922
0.00158007
0.00158087
0.00158163
0.00158235
0.00158302
0.00158365
0.00158425
0.00158481
0.00158534
0.00158584
0.00158631
0.00158675
0.00158717
0.00158756
0.00158793
0.00158828
0.00158861
0.00158892
0.00158921
0.00158948
0.00158974
0.00158999
0.00159022
0.00159043
0.00159063
0.00159083
0.00159101
0.000894989
0.000920329
0.000945347
0.000969987
0.00099421
0.00101798
0.00104127
0.00106404
0.00108628
0.00110795
0.00112905
0.00114955
0.00116944
0.00118871
0.00120737
0.00122539
0.00124279
0.00125956
0.00127571
0.00129124
0.00130616
0.00132048
0.00133422
0.00134737
0.00135996
0.001372
0.0013835
0.00139448
0.00140495
0.00141494
0.00142445
0.00143351
0.00144212
0.00145032
0.00145811
0.0014655
0.00147253
0.00147919
0.00148551
0.00149151
0.00149719
0.00150257
0.00150767
0.0015125
0.00151707
0.00152139
0.00152548
0.00152935
0.001533
0.00153646
0.00153972
0.00154281
0.00154572
0.00154847
0.00155107
0.00155352
0.00155584
0.00155802
0.00156009
0.00156203
0.00156387
0.0015656
0.00156723
0.00156877
0.00157022
0.00157159
0.00157288
0.0015741
0.00157525
0.00157633
0.00157735
0.00157831
0.00157922
0.00158007
0.00158087
0.00158163
0.00158234
0.00158302
0.00158365
0.00158425
0.00158481
0.00158534
0.00158584
0.00158631
0.00158675
0.00158717
0.00158756
0.00158793
0.00158828
0.00158861
0.00158892
0.00158921
0.00158948
0.00158974
0.00158998
0.00159021
0.00159043
0.00159063
0.00159082
0.001591
0.000894989
0.000920329
0.000945347
0.000969987
0.00099421
0.00101798
0.00104127
0.00106404
0.00108628
0.00110795
0.00112905
0.00114955
0.00116944
0.00118871
0.00120737
0.00122539
0.00124279
0.00125956
0.00127571
0.00129124
0.00130616
0.00132048
0.00133422
0.00134737
0.00135996
0.001372
0.0013835
0.00139448
0.00140495
0.00141494
0.00142445
0.00143351
0.00144212
0.00145032
0.00145811
0.0014655
0.00147253
0.00147919
0.00148551
0.00149151
0.00149719
0.00150257
0.00150767
0.0015125
0.00151707
0.00152139
0.00152548
0.00152934
0.001533
0.00153645
0.00153972
0.0015428
0.00154572
0.00154847
0.00155107
0.00155352
0.00155584
0.00155802
0.00156008
0.00156203
0.00156387
0.0015656
0.00156723
0.00156877
0.00157022
0.00157159
0.00157288
0.0015741
0.00157525
0.00157633
0.00157735
0.00157831
0.00157921
0.00158007
0.00158087
0.00158163
0.00158234
0.00158302
0.00158365
0.00158425
0.00158481
0.00158534
0.00158584
0.00158631
0.00158675
0.00158717
0.00158756
0.00158793
0.00158828
0.00158861
0.00158892
0.00158921
0.00158948
0.00158974
0.00158998
0.00159021
0.00159043
0.00159063
0.00159082
0.001591
0.000894989
0.000920329
0.000945347
0.000969987
0.00099421
0.00101798
0.00104127
0.00106404
0.00108628
0.00110795
0.00112905
0.00114955
0.00116944
0.00118871
0.00120737
0.00122539
0.00124279
0.00125956
0.00127571
0.00129124
0.00130616
0.00132048
0.00133422
0.00134737
0.00135996
0.001372
0.0013835
0.00139448
0.00140495
0.00141494
0.00142445
0.00143351
0.00144212
0.00145032
0.0014581
0.0014655
0.00147253
0.00147919
0.00148551
0.00149151
0.00149719
0.00150257
0.00150767
0.0015125
0.00151707
0.00152139
0.00152548
0.00152934
0.001533
0.00153645
0.00153972
0.0015428
0.00154572
0.00154847
0.00155107
0.00155352
0.00155584
0.00155802
0.00156008
0.00156203
0.00156386
0.0015656
0.00156723
0.00156877
0.00157022
0.00157159
0.00157288
0.0015741
0.00157525
0.00157633
0.00157735
0.00157831
0.00157921
0.00158007
0.00158087
0.00158163
0.00158234
0.00158301
0.00158365
0.00158425
0.00158481
0.00158534
0.00158584
0.00158631
0.00158675
0.00158717
0.00158756
0.00158793
0.00158828
0.00158861
0.00158892
0.00158921
0.00158948
0.00158974
0.00158998
0.00159021
0.00159043
0.00159063
0.00159082
0.001591
0.000894989
0.000920329
0.000945347
0.000969987
0.00099421
0.00101798
0.00104127
0.00106404
0.00108628
0.00110795
0.00112905
0.00114955
0.00116944
0.00118871
0.00120737
0.00122539
0.00124279
0.00125956
0.00127571
0.00129124
0.00130616
0.00132048
0.00133422
0.00134737
0.00135996
0.001372
0.0013835
0.00139448
0.00140495
0.00141494
0.00142445
0.00143351
0.00144212
0.00145032
0.0014581
0.0014655
0.00147253
0.00147919
0.00148551
0.00149151
0.00149719
0.00150257
0.00150767
0.0015125
0.00151707
0.00152139
0.00152548
0.00152934
0.001533
0.00153645
0.00153972
0.0015428
0.00154572
0.00154847
0.00155107
0.00155352
0.00155584
0.00155802
0.00156008
0.00156203
0.00156386
0.0015656
0.00156723
0.00156877
0.00157022
0.00157159
0.00157288
0.0015741
0.00157525
0.00157633
0.00157735
0.00157831
0.00157921
0.00158007
0.00158087
0.00158163
0.00158234
0.00158301
0.00158365
0.00158425
0.00158481
0.00158534
0.00158584
0.00158631
0.00158675
0.00158717
0.00158756
0.00158793
0.00158828
0.00158861
0.00158892
0.00158921
0.00158948
0.00158974
0.00158998
0.00159021
0.00159043
0.00159063
0.00159082
0.001591
0.000894989
0.000920329
0.000945347
0.000969987
0.00099421
0.00101798
0.00104127
0.00106404
0.00108628
0.00110795
0.00112905
0.00114955
0.00116944
0.00118871
0.00120737
0.00122539
0.00124279
0.00125956
0.00127571
0.00129124
0.00130616
0.00132048
0.00133422
0.00134737
0.00135996
0.001372
0.0013835
0.00139448
0.00140495
0.00141494
0.00142445
0.00143351
0.00144212
0.00145032
0.00145811
0.0014655
0.00147253
0.00147919
0.00148551
0.00149151
0.00149719
0.00150257
0.00150767
0.0015125
0.00151707
0.00152139
0.00152548
0.00152934
0.001533
0.00153645
0.00153972
0.0015428
0.00154572
0.00154847
0.00155107
0.00155352
0.00155584
0.00155802
0.00156008
0.00156203
0.00156387
0.0015656
0.00156723
0.00156877
0.00157022
0.00157159
0.00157288
0.0015741
0.00157525
0.00157633
0.00157735
0.00157831
0.00157921
0.00158007
0.00158087
0.00158163
0.00158234
0.00158302
0.00158365
0.00158425
0.00158481
0.00158534
0.00158584
0.00158631
0.00158675
0.00158717
0.00158756
0.00158793
0.00158828
0.00158861
0.00158892
0.00158921
0.00158948
0.00158974
0.00158998
0.00159021
0.00159043
0.00159063
0.00159082
0.001591
0.000894989
0.000920329
0.000945347
0.000969987
0.00099421
0.00101798
0.00104127
0.00106404
0.00108628
0.00110795
0.00112905
0.00114955
0.00116944
0.00118871
0.00120737
0.00122539
0.00124279
0.00125956
0.00127571
0.00129124
0.00130616
0.00132048
0.00133422
0.00134737
0.00135996
0.001372
0.0013835
0.00139448
0.00140495
0.00141494
0.00142445
0.00143351
0.00144212
0.00145032
0.00145811
0.0014655
0.00147253
0.00147919
0.00148551
0.00149151
0.00149719
0.00150257
0.00150767
0.0015125
0.00151707
0.00152139
0.00152548
0.00152935
0.001533
0.00153646
0.00153972
0.00154281
0.00154572
0.00154847
0.00155107
0.00155352
0.00155584
0.00155802
0.00156009
0.00156203
0.00156387
0.0015656
0.00156723
0.00156877
0.00157022
0.00157159
0.00157288
0.0015741
0.00157525
0.00157633
0.00157735
0.00157831
0.00157922
0.00158007
0.00158087
0.00158163
0.00158234
0.00158302
0.00158365
0.00158425
0.00158481
0.00158534
0.00158584
0.00158631
0.00158675
0.00158717
0.00158756
0.00158793
0.00158828
0.00158861
0.00158892
0.00158921
0.00158948
0.00158974
0.00158998
0.00159021
0.00159043
0.00159063
0.00159082
0.001591
0.000894989
0.000920329
0.000945347
0.000969987
0.00099421
0.00101798
0.00104127
0.00106404
0.00108628
0.00110795
0.00112905
0.00114955
0.00116944
0.00118871
0.00120737
0.00122539
0.00124279
0.00125956
0.00127571
0.00129124
0.00130616
0.00132048
0.00133422
0.00134737
0.00135996
0.001372
0.0013835
0.00139448
0.00140495
0.00141494
0.00142445
0.00143351
0.00144212
0.00145032
0.00145811
0.0014655
0.00147253
0.00147919
0.00148552
0.00149151
0.00149719
0.00150258
0.00150767
0.0015125
0.00151707
0.00152139
0.00152548
0.00152935
0.001533
0.00153646
0.00153972
0.00154281
0.00154572
0.00154847
0.00155107
0.00155352
0.00155584
0.00155803
0.00156009
0.00156203
0.00156387
0.0015656
0.00156723
0.00156877
0.00157023
0.00157159
0.00157289
0.0015741
0.00157525
0.00157633
0.00157735
0.00157831
0.00157922
0.00158007
0.00158087
0.00158163
0.00158235
0.00158302
0.00158365
0.00158425
0.00158481
0.00158534
0.00158584
0.00158631
0.00158675
0.00158717
0.00158756
0.00158793
0.00158828
0.00158861
0.00158892
0.00158921
0.00158949
0.00158974
0.00158999
0.00159022
0.00159043
0.00159064
0.00159083
0.00159101
0.000894989
0.000920329
0.000945347
0.000969987
0.00099421
0.00101798
0.00104127
0.00106404
0.00108628
0.00110795
0.00112905
0.00114955
0.00116944
0.00118872
0.00120737
0.00122539
0.00124279
0.00125956
0.00127571
0.00129124
0.00130616
0.00132049
0.00133422
0.00134737
0.00135996
0.001372
0.0013835
0.00139448
0.00140495
0.00141494
0.00142445
0.00143351
0.00144213
0.00145032
0.00145811
0.00146551
0.00147253
0.00147919
0.00148552
0.00149151
0.00149719
0.00150258
0.00150767
0.0015125
0.00151707
0.00152139
0.00152548
0.00152935
0.001533
0.00153646
0.00153972
0.00154281
0.00154572
0.00154848
0.00155107
0.00155353
0.00155584
0.00155803
0.00156009
0.00156204
0.00156387
0.0015656
0.00156724
0.00156878
0.00157023
0.0015716
0.00157289
0.00157411
0.00157525
0.00157633
0.00157735
0.00157831
0.00157922
0.00158007
0.00158088
0.00158163
0.00158235
0.00158302
0.00158365
0.00158425
0.00158481
0.00158534
0.00158584
0.00158631
0.00158676
0.00158717
0.00158757
0.00158794
0.00158828
0.00158861
0.00158892
0.00158921
0.00158949
0.00158975
0.00158999
0.00159022
0.00159043
0.00159064
0.00159083
0.00159101
0.000894989
0.000920329
0.000945347
0.000969987
0.00099421
0.00101798
0.00104127
0.00106404
0.00108628
0.00110795
0.00112905
0.00114955
0.00116944
0.00118872
0.00120737
0.00122539
0.00124279
0.00125956
0.00127571
0.00129124
0.00130616
0.00132049
0.00133422
0.00134737
0.00135996
0.001372
0.0013835
0.00139448
0.00140495
0.00141494
0.00142445
0.00143351
0.00144213
0.00145032
0.00145811
0.00146551
0.00147253
0.0014792
0.00148552
0.00149151
0.0014972
0.00150258
0.00150768
0.0015125
0.00151707
0.0015214
0.00152548
0.00152935
0.00153301
0.00153646
0.00153973
0.00154281
0.00154573
0.00154848
0.00155108
0.00155353
0.00155584
0.00155803
0.00156009
0.00156204
0.00156387
0.00156561
0.00156724
0.00156878
0.00157023
0.0015716
0.00157289
0.00157411
0.00157526
0.00157634
0.00157736
0.00157832
0.00157922
0.00158008
0.00158088
0.00158164
0.00158235
0.00158302
0.00158366
0.00158425
0.00158482
0.00158535
0.00158585
0.00158632
0.00158676
0.00158718
0.00158757
0.00158794
0.00158829
0.00158862
0.00158893
0.00158922
0.00158949
0.00158975
0.00158999
0.00159022
0.00159044
0.00159064
0.00159083
0.00159101
0.000894989
0.000920329
0.000945347
0.000969987
0.00099421
0.00101798
0.00104127
0.00106404
0.00108628
0.00110795
0.00112905
0.00114955
0.00116944
0.00118872
0.00120737
0.00122539
0.00124279
0.00125956
0.00127571
0.00129124
0.00130616
0.00132049
0.00133422
0.00134737
0.00135996
0.001372
0.0013835
0.00139448
0.00140495
0.00141494
0.00142445
0.00143351
0.00144213
0.00145032
0.00145811
0.00146551
0.00147253
0.0014792
0.00148552
0.00149152
0.0014972
0.00150258
0.00150768
0.00151251
0.00151707
0.0015214
0.00152549
0.00152935
0.00153301
0.00153646
0.00153973
0.00154281
0.00154573
0.00154848
0.00155108
0.00155353
0.00155585
0.00155803
0.0015601
0.00156204
0.00156388
0.00156561
0.00156724
0.00156878
0.00157023
0.0015716
0.00157289
0.00157411
0.00157526
0.00157634
0.00157736
0.00157832
0.00157923
0.00158008
0.00158088
0.00158164
0.00158236
0.00158303
0.00158366
0.00158426
0.00158482
0.00158535
0.00158585
0.00158632
0.00158676
0.00158718
0.00158757
0.00158794
0.00158829
0.00158862
0.00158893
0.00158922
0.00158949
0.00158975
0.00159
0.00159022
0.00159044
0.00159064
0.00159084
0.00159101
0.000894989
0.000920329
0.000945347
0.000969987
0.00099421
0.00101798
0.00104127
0.00106404
0.00108628
0.00110795
0.00112905
0.00114955
0.00116944
0.00118872
0.00120737
0.00122539
0.00124279
0.00125956
0.00127571
0.00129124
0.00130616
0.00132049
0.00133422
0.00134737
0.00135996
0.001372
0.0013835
0.00139448
0.00140495
0.00141494
0.00142445
0.00143351
0.00144213
0.00145032
0.00145811
0.00146551
0.00147253
0.0014792
0.00148552
0.00149152
0.0014972
0.00150258
0.00150768
0.00151251
0.00151708
0.0015214
0.00152549
0.00152936
0.00153301
0.00153647
0.00153973
0.00154282
0.00154573
0.00154848
0.00155108
0.00155354
0.00155585
0.00155804
0.0015601
0.00156205
0.00156388
0.00156561
0.00156725
0.00156879
0.00157024
0.00157161
0.0015729
0.00157412
0.00157526
0.00157635
0.00157736
0.00157833
0.00157923
0.00158008
0.00158089
0.00158165
0.00158236
0.00158303
0.00158367
0.00158426
0.00158482
0.00158535
0.00158585
0.00158632
0.00158677
0.00158718
0.00158758
0.00158795
0.00158829
0.00158862
0.00158893
0.00158922
0.0015895
0.00158976
0.00159
0.00159023
0.00159044
0.00159065
0.00159084
0.00159102
0.000894989
0.000920329
0.000945347
0.000969987
0.00099421
0.00101798
0.00104127
0.00106404
0.00108628
0.00110795
0.00112905
0.00114955
0.00116944
0.00118871
0.00120737
0.00122539
0.00124279
0.00125956
0.00127571
0.00129124
0.00130616
0.00132049
0.00133422
0.00134737
0.00135996
0.001372
0.0013835
0.00139448
0.00140496
0.00141494
0.00142445
0.00143351
0.00144213
0.00145032
0.00145811
0.00146551
0.00147253
0.0014792
0.00148552
0.00149152
0.0014972
0.00150258
0.00150768
0.00151251
0.00151708
0.0015214
0.00152549
0.00152936
0.00153301
0.00153647
0.00153974
0.00154282
0.00154574
0.00154849
0.00155109
0.00155354
0.00155586
0.00155804
0.0015601
0.00156205
0.00156389
0.00156562
0.00156725
0.00156879
0.00157024
0.00157161
0.0015729
0.00157412
0.00157527
0.00157635
0.00157737
0.00157833
0.00157924
0.00158009
0.00158089
0.00158165
0.00158236
0.00158304
0.00158367
0.00158427
0.00158483
0.00158536
0.00158586
0.00158633
0.00158677
0.00158719
0.00158758
0.00158795
0.0015883
0.00158863
0.00158894
0.00158923
0.0015895
0.00158976
0.00159
0.00159023
0.00159045
0.00159065
0.00159084
0.00159102
0.000894989
0.000920329
0.000945347
0.000969987
0.000994209
0.00101798
0.00104127
0.00106404
0.00108628
0.00110795
0.00112905
0.00114955
0.00116944
0.00118871
0.00120737
0.00122539
0.00124279
0.00125956
0.00127571
0.00129124
0.00130616
0.00132049
0.00133422
0.00134737
0.00135996
0.001372
0.0013835
0.00139448
0.00140496
0.00141494
0.00142445
0.00143351
0.00144213
0.00145032
0.00145811
0.00146551
0.00147254
0.0014792
0.00148552
0.00149152
0.0014972
0.00150259
0.00150769
0.00151251
0.00151708
0.00152141
0.00152549
0.00152936
0.00153302
0.00153647
0.00153974
0.00154282
0.00154574
0.00154849
0.00155109
0.00155354
0.00155586
0.00155805
0.00156011
0.00156205
0.00156389
0.00156562
0.00156725
0.00156879
0.00157025
0.00157162
0.00157291
0.00157413
0.00157527
0.00157635
0.00157737
0.00157833
0.00157924
0.00158009
0.0015809
0.00158165
0.00158237
0.00158304
0.00158367
0.00158427
0.00158483
0.00158536
0.00158586
0.00158633
0.00158677
0.00158719
0.00158758
0.00158795
0.0015883
0.00158863
0.00158894
0.00158923
0.0015895
0.00158976
0.00159
0.00159023
0.00159045
0.00159065
0.00159084
0.00159102
0.000894989
0.000920329
0.000945347
0.000969987
0.000994209
0.00101798
0.00104127
0.00106404
0.00108628
0.00110795
0.00112905
0.00114955
0.00116944
0.00118871
0.00120737
0.00122539
0.00124279
0.00125956
0.00127571
0.00129124
0.00130616
0.00132048
0.00133422
0.00134737
0.00135996
0.001372
0.0013835
0.00139448
0.00140495
0.00141494
0.00142445
0.00143351
0.00144213
0.00145032
0.00145811
0.00146551
0.00147254
0.0014792
0.00148553
0.00149152
0.0014972
0.00150259
0.00150769
0.00151251
0.00151708
0.00152141
0.0015255
0.00152936
0.00153302
0.00153648
0.00153974
0.00154283
0.00154574
0.00154849
0.00155109
0.00155355
0.00155586
0.00155805
0.00156011
0.00156206
0.00156389
0.00156563
0.00156726
0.0015688
0.00157025
0.00157162
0.00157291
0.00157413
0.00157528
0.00157636
0.00157738
0.00157834
0.00157925
0.0015801
0.0015809
0.00158166
0.00158237
0.00158305
0.00158368
0.00158428
0.00158484
0.00158537
0.00158587
0.00158634
0.00158678
0.0015872
0.00158759
0.00158796
0.00158831
0.00158863
0.00158894
0.00158923
0.00158951
0.00158976
0.00159001
0.00159024
0.00159045
0.00159065
0.00159085
0.00159103
0.000894989
0.000920329
0.000945347
0.000969987
0.000994209
0.00101798
0.00104127
0.00106404
0.00108628
0.00110795
0.00112904
0.00114954
0.00116944
0.00118871
0.00120736
0.00122539
0.00124279
0.00125956
0.00127571
0.00129124
0.00130616
0.00132048
0.00133421
0.00134737
0.00135996
0.001372
0.0013835
0.00139448
0.00140495
0.00141494
0.00142445
0.00143351
0.00144213
0.00145032
0.00145811
0.00146551
0.00147254
0.0014792
0.00148553
0.00149152
0.0014972
0.00150259
0.00150769
0.00151252
0.00151708
0.00152141
0.0015255
0.00152937
0.00153302
0.00153648
0.00153974
0.00154283
0.00154574
0.0015485
0.0015511
0.00155355
0.00155587
0.00155805
0.00156012
0.00156206
0.0015639
0.00156563
0.00156726
0.0015688
0.00157026
0.00157163
0.00157292
0.00157414
0.00157528
0.00157636
0.00157738
0.00157834
0.00157925
0.0015801
0.00158091
0.00158166
0.00158238
0.00158305
0.00158368
0.00158428
0.00158484
0.00158537
0.00158587
0.00158634
0.00158678
0.0015872
0.00158759
0.00158796
0.00158831
0.00158864
0.00158895
0.00158924
0.00158951
0.00158977
0.00159001
0.00159024
0.00159045
0.00159066
0.00159085
0.00159103
0.000894989
0.000920329
0.000945347
0.000969987
0.000994209
0.00101798
0.00104127
0.00106404
0.00108627
0.00110795
0.00112904
0.00114954
0.00116944
0.00118871
0.00120736
0.00122539
0.00124279
0.00125956
0.00127571
0.00129124
0.00130616
0.00132048
0.00133421
0.00134737
0.00135995
0.00137199
0.00138349
0.00139447
0.00140495
0.00141494
0.00142445
0.00143351
0.00144213
0.00145032
0.00145811
0.00146551
0.00147253
0.0014792
0.00148552
0.00149152
0.0014972
0.00150259
0.00150769
0.00151251
0.00151708
0.00152141
0.0015255
0.00152937
0.00153302
0.00153648
0.00153974
0.00154283
0.00154575
0.0015485
0.0015511
0.00155355
0.00155587
0.00155805
0.00156012
0.00156206
0.0015639
0.00156563
0.00156727
0.00156881
0.00157026
0.00157163
0.00157292
0.00157414
0.00157529
0.00157637
0.00157739
0.00157835
0.00157925
0.00158011
0.00158091
0.00158167
0.00158238
0.00158305
0.00158369
0.00158428
0.00158485
0.00158538
0.00158587
0.00158634
0.00158679
0.0015872
0.0015876
0.00158796
0.00158831
0.00158864
0.00158895
0.00158924
0.00158951
0.00158977
0.00159001
0.00159024
0.00159046
0.00159066
0.00159085
0.00159103
0.000894989
0.000920329
0.000945346
0.000969986
0.000994208
0.00101798
0.00104126
0.00106404
0.00108627
0.00110795
0.00112904
0.00114954
0.00116943
0.00118871
0.00120736
0.00122538
0.00124278
0.00125955
0.0012757
0.00129123
0.00130615
0.00132048
0.00133421
0.00134736
0.00135995
0.00137199
0.00138349
0.00139447
0.00140494
0.00141493
0.00142444
0.0014335
0.00144212
0.00145032
0.0014581
0.0014655
0.00147253
0.00147919
0.00148552
0.00149151
0.0014972
0.00150258
0.00150768
0.00151251
0.00151708
0.0015214
0.00152549
0.00152936
0.00153302
0.00153648
0.00153974
0.00154283
0.00154574
0.0015485
0.0015511
0.00155355
0.00155587
0.00155805
0.00156012
0.00156206
0.0015639
0.00156563
0.00156727
0.00156881
0.00157026
0.00157163
0.00157292
0.00157414
0.00157529
0.00157637
0.00157739
0.00157835
0.00157926
0.00158011
0.00158091
0.00158167
0.00158239
0.00158306
0.00158369
0.00158429
0.00158485
0.00158538
0.00158588
0.00158635
0.00158679
0.00158721
0.0015876
0.00158797
0.00158831
0.00158864
0.00158895
0.00158924
0.00158951
0.00158977
0.00159001
0.00159024
0.00159046
0.00159066
0.00159085
0.00159103
0.000894989
0.000920328
0.000945346
0.000969985
0.000994207
0.00101798
0.00104126
0.00106404
0.00108627
0.00110794
0.00112904
0.00114954
0.00116943
0.0011887
0.00120735
0.00122538
0.00124278
0.00125955
0.00127569
0.00129122
0.00130615
0.00132047
0.0013342
0.00134735
0.00135994
0.00137198
0.00138348
0.00139446
0.00140493
0.00141492
0.00142443
0.00143349
0.00144211
0.0014503
0.00145809
0.00146549
0.00147252
0.00147918
0.00148551
0.0014915
0.00149719
0.00150257
0.00150767
0.0015125
0.00151707
0.00152139
0.00152549
0.00152935
0.00153301
0.00153647
0.00153973
0.00154282
0.00154574
0.00154849
0.00155109
0.00155354
0.00155586
0.00155805
0.00156011
0.00156206
0.0015639
0.00156563
0.00156726
0.0015688
0.00157026
0.00157163
0.00157292
0.00157414
0.00157529
0.00157637
0.00157739
0.00157835
0.00157926
0.00158011
0.00158091
0.00158167
0.00158239
0.00158306
0.00158369
0.00158429
0.00158485
0.00158538
0.00158588
0.00158635
0.00158679
0.00158721
0.0015876
0.00158797
0.00158832
0.00158864
0.00158895
0.00158924
0.00158951
0.00158977
0.00159001
0.00159024
0.00159046
0.00159066
0.00159085
0.00159103
0.000894988
0.000920328
0.000945345
0.000969984
0.000994205
0.00101797
0.00104126
0.00106403
0.00108627
0.00110794
0.00112903
0.00114953
0.00116942
0.00118869
0.00120735
0.00122537
0.00124277
0.00125954
0.00127568
0.00129121
0.00130613
0.00132045
0.00133418
0.00134734
0.00135993
0.00137196
0.00138346
0.00139444
0.00140492
0.0014149
0.00142442
0.00143347
0.00144209
0.00145029
0.00145808
0.00146548
0.0014725
0.00147917
0.00148549
0.00149149
0.00149717
0.00150256
0.00150766
0.00151249
0.00151706
0.00152138
0.00152547
0.00152934
0.001533
0.00153646
0.00153973
0.00154281
0.00154573
0.00154848
0.00155108
0.00155354
0.00155586
0.00155804
0.00156011
0.00156206
0.00156389
0.00156563
0.00156726
0.0015688
0.00157026
0.00157163
0.00157292
0.00157414
0.00157529
0.00157637
0.00157739
0.00157835
0.00157926
0.00158011
0.00158092
0.00158167
0.00158239
0.00158306
0.00158369
0.00158429
0.00158485
0.00158538
0.00158588
0.00158635
0.00158679
0.00158721
0.0015876
0.00158797
0.00158832
0.00158864
0.00158895
0.00158924
0.00158951
0.00158977
0.00159001
0.00159024
0.00159045
0.00159066
0.00159084
0.00159102
0.000894988
0.000920326
0.000945342
0.00096998
0.0009942
0.00101797
0.00104125
0.00106402
0.00108626
0.00110793
0.00112902
0.00114952
0.00116941
0.00118868
0.00120733
0.00122536
0.00124275
0.00125952
0.00127567
0.0012912
0.00130612
0.00132044
0.00133417
0.00134733
0.00135992
0.00137195
0.00138346
0.00139444
0.00140491
0.0014149
0.00142442
0.00143348
0.0014421
0.00145029
0.00145809
0.00146549
0.00147251
0.00147918
0.00148551
0.00149151
0.00149719
0.00150258
0.00150768
0.00151251
0.00151709
0.00152141
0.00152551
0.00152938
0.00153304
0.00153649
0.00153976
0.00154285
0.00154577
0.00154852
0.00155113
0.00155358
0.0015559
0.00155809
0.00156015
0.0015621
0.00156394
0.00156567
0.00156731
0.00156885
0.0015703
0.00157167
0.00157297
0.00157418
0.00157533
0.00157641
0.00157743
0.00157839
0.0015793
0.00158015
0.00158095
0.00158171
0.00158242
0.00158309
0.00158373
0.00158432
0.00158488
0.00158541
0.00158591
0.00158637
0.00158681
0.00158723
0.00158762
0.00158798
0.00158833
0.00158865
0.00158896
0.00158925
0.00158952
0.00158977
0.00159001
0.00159023
0.00159044
0.00159064
0.00159083
0.001591
0.000894987
0.000920326
0.000945342
0.000969981
0.000994203
0.00101797
0.00104126
0.00106404
0.00108628
0.00110796
0.00112906
0.00114956
0.00116946
0.00118875
0.00120741
0.00122545
0.00124286
0.00125964
0.0012758
0.00129135
0.00130629
0.00132062
0.00133437
0.00134754
0.00136015
0.00137221
0.00138372
0.00139472
0.00140522
0.00141522
0.00142475
0.00143382
0.00144246
0.00145067
0.00145847
0.00146588
0.00147292
0.0014796
0.00148594
0.00149194
0.00149763
0.00150303
0.00150813
0.00151297
0.00151754
0.00152187
0.00152597
0.00152984
0.0015335
0.00153695
0.00154022
0.0015433
0.00154622
0.00154897
0.00155156
0.00155401
0.00155632
0.0015585
0.00156056
0.0015625
0.00156433
0.00156605
0.00156767
0.00156921
0.00157065
0.00157201
0.00157329
0.00157449
0.00157563
0.0015767
0.0015777
0.00157865
0.00157954
0.00158038
0.00158117
0.00158192
0.00158261
0.00158327
0.00158389
0.00158447
0.00158502
0.00158553
0.00158602
0.00158647
0.0015869
0.0015873
0.00158767
0.00158803
0.00158836
0.00158867
0.00158897
0.00158924
0.0015895
0.00158974
0.00158997
0.00159018
0.00159038
0.00159057
0.00159074
0.00159091
0.000895073
0.000920473
0.000945562
0.000970288
0.000994608
0.00101849
0.0010419
0.0010648
0.00108718
0.001109
0.00113025
0.00115091
0.00117097
0.00119041
0.00120924
0.00122743
0.001245
0.00126194
0.00127825
0.00129394
0.00130901
0.00132348
0.00133736
0.00135064
0.00136336
0.00137551
0.00138712
0.0013982
0.00140876
0.00141883
0.00142841
0.00143753
0.0014462
0.00145443
0.00146226
0.00146968
0.00147672
0.00148339
0.00148971
0.0014957
0.00150136
0.00150672
0.00151179
0.00151658
0.00152111
0.00152538
0.00152942
0.00153323
0.00153682
0.00154021
0.00154341
0.00154642
0.00154925
0.00155193
0.00155444
0.00155681
0.00155904
0.00156114
0.00156311
0.00156496
0.0015667
0.00156834
0.00156988
0.00157133
0.00157268
0.00157396
0.00157515
0.00157628
0.00157733
0.00157832
0.00157924
0.00158011
0.00158092
0.00158168
0.0015824
0.00158306
0.00158369
0.00158428
0.00158482
0.00158533
0.00158581
0.00158626
0.00158668
0.00158707
0.00158743
0.00158777
0.00158809
0.00158839
0.00158867
0.00158892
0.00158916
0.00158939
0.0015896
0.00158979
0.00158998
0.00159014
0.0015903
0.00159045
0.00159059
0.00159071
0.000897236
0.000924929
0.000952259
0.000979162
0.00100559
0.0010315
0.00105684
0.00108159
0.00110571
0.00112916
0.00115193
0.001174
0.00119536
0.00121598
0.00123587
0.00125502
0.00127343
0.0012911
0.00130804
0.00132426
0.00133977
0.00135458
0.00136871
0.00138217
0.00139497
0.00140715
0.00141871
0.00142968
0.00144007
0.00144991
0.00145922
0.00146802
0.00147633
0.00148417
0.00149155
0.00149851
0.00150506
0.00151122
0.00151701
0.00152245
0.00152755
0.00153233
0.0015368
0.00154099
0.00154491
0.00154858
0.001552
0.00155519
0.00155816
0.00156093
0.00156351
0.00156591
0.00156813
0.0015702
0.00157211
0.00157388
0.00157552
0.00157703
0.00157843
0.00157972
0.0015809
0.00158199
0.00158298
0.0015839
0.00158473
0.00158549
0.00158619
0.00158682
0.00158739
0.0015879
0.00158837
0.00158878
0.00158916
0.00158949
0.00158979
0.00159005
0.00159028
0.00159048
0.00159066
0.00159081
0.00159094
0.00159105
0.00159114
0.00159121
0.00159127
0.00159132
0.00159136
0.00159139
0.0015914
0.00159142
0.00159142
0.00159142
0.00159142
0.00159141
0.0015914
0.0015914
0.00159139
0.00159138
0.00159137
0.00159136
)
;

boundaryField
{
    inlet
    {
        type            calculated;
        value           uniform 0.00324;
    }
    outlet
    {
        type            calculated;
        value           nonuniform List<scalar> 
40
(
0.00159136
0.00159071
0.00159091
0.00159101
0.00159102
0.00159103
0.00159103
0.00159103
0.00159103
0.00159103
0.00159102
0.00159102
0.00159102
0.00159101
0.00159101
0.00159101
0.00159101
0.001591
0.001591
0.001591
0.001591
0.001591
0.001591
0.00159101
0.00159101
0.00159101
0.00159101
0.00159102
0.00159102
0.00159102
0.00159103
0.00159103
0.00159103
0.00159103
0.00159103
0.00159102
0.001591
0.00159091
0.00159071
0.00159136
)
;
    }
    bottom
    {
        type            nutkWallFunction;
        blending        stepwise;
        value           nonuniform List<scalar> 
4000
(
8.89638e-05
8.87686e-05
8.87609e-05
8.8761e-05
8.8761e-05
8.8761e-05
8.87611e-05
8.87611e-05
8.87611e-05
8.87611e-05
8.87611e-05
8.87611e-05
8.87611e-05
8.87611e-05
8.87611e-05
8.87611e-05
8.87611e-05
8.87611e-05
8.87611e-05
8.87611e-05
8.87611e-05
8.87611e-05
8.87611e-05
8.87611e-05
8.87611e-05
8.87611e-05
8.87611e-05
8.87611e-05
8.87611e-05
8.87611e-05
8.87611e-05
8.87611e-05
8.87611e-05
8.87611e-05
8.8761e-05
8.8761e-05
8.8761e-05
8.87609e-05
8.87686e-05
8.89638e-05
9.14587e-05
9.10577e-05
9.10445e-05
9.10445e-05
9.10446e-05
9.10447e-05
9.10447e-05
9.10448e-05
9.10448e-05
9.10448e-05
9.10448e-05
9.10448e-05
9.10448e-05
9.10448e-05
9.10448e-05
9.10448e-05
9.10448e-05
9.10448e-05
9.10448e-05
9.10448e-05
9.10448e-05
9.10448e-05
9.10448e-05
9.10448e-05
9.10448e-05
9.10448e-05
9.10448e-05
9.10448e-05
9.10448e-05
9.10448e-05
9.10448e-05
9.10448e-05
9.10448e-05
9.10447e-05
9.10447e-05
9.10446e-05
9.10445e-05
9.10445e-05
9.10577e-05
9.14587e-05
9.39144e-05
9.33133e-05
9.32935e-05
9.32935e-05
9.32937e-05
9.32938e-05
9.32939e-05
9.32939e-05
9.32939e-05
9.32939e-05
9.3294e-05
9.3294e-05
9.3294e-05
9.3294e-05
9.3294e-05
9.3294e-05
9.3294e-05
9.3294e-05
9.3294e-05
9.3294e-05
9.3294e-05
9.3294e-05
9.3294e-05
9.3294e-05
9.3294e-05
9.3294e-05
9.3294e-05
9.3294e-05
9.3294e-05
9.3294e-05
9.32939e-05
9.32939e-05
9.32939e-05
9.32939e-05
9.32938e-05
9.32937e-05
9.32935e-05
9.32935e-05
9.33133e-05
9.39144e-05
9.63257e-05
9.5531e-05
9.55035e-05
9.55034e-05
9.55037e-05
9.55038e-05
9.55039e-05
9.5504e-05
9.5504e-05
9.5504e-05
9.5504e-05
9.5504e-05
9.5504e-05
9.5504e-05
9.5504e-05
9.5504e-05
9.5504e-05
9.5504e-05
9.5504e-05
9.5504e-05
9.5504e-05
9.5504e-05
9.5504e-05
9.5504e-05
9.5504e-05
9.5504e-05
9.5504e-05
9.5504e-05
9.5504e-05
9.5504e-05
9.5504e-05
9.5504e-05
9.5504e-05
9.55039e-05
9.55038e-05
9.55037e-05
9.55034e-05
9.55035e-05
9.5531e-05
9.63257e-05
9.86886e-05
9.77074e-05
9.76712e-05
9.76709e-05
9.76713e-05
9.76715e-05
9.76716e-05
9.76717e-05
9.76717e-05
9.76717e-05
9.76717e-05
9.76718e-05
9.76718e-05
9.76718e-05
9.76718e-05
9.76718e-05
9.76718e-05
9.76718e-05
9.76718e-05
9.76718e-05
9.76718e-05
9.76718e-05
9.76718e-05
9.76718e-05
9.76718e-05
9.76718e-05
9.76718e-05
9.76718e-05
9.76718e-05
9.76717e-05
9.76717e-05
9.76717e-05
9.76717e-05
9.76716e-05
9.76715e-05
9.76713e-05
9.76709e-05
9.76712e-05
9.77074e-05
9.86886e-05
0.000101
9.98399e-05
9.9794e-05
9.97935e-05
9.97939e-05
9.97942e-05
9.97943e-05
9.97944e-05
9.97945e-05
9.97945e-05
9.97945e-05
9.97945e-05
9.97945e-05
9.97945e-05
9.97945e-05
9.97945e-05
9.97945e-05
9.97945e-05
9.97945e-05
9.97945e-05
9.97945e-05
9.97945e-05
9.97945e-05
9.97945e-05
9.97945e-05
9.97945e-05
9.97945e-05
9.97945e-05
9.97945e-05
9.97945e-05
9.97945e-05
9.97945e-05
9.97944e-05
9.97943e-05
9.97942e-05
9.97939e-05
9.97935e-05
9.9794e-05
9.98399e-05
0.000101
0.000103256
0.000101926
0.000101869
0.000101869
0.000101869
0.000101869
0.00010187
0.00010187
0.00010187
0.00010187
0.00010187
0.00010187
0.00010187
0.00010187
0.00010187
0.00010187
0.00010187
0.00010187
0.00010187
0.00010187
0.00010187
0.00010187
0.00010187
0.00010187
0.00010187
0.00010187
0.00010187
0.00010187
0.00010187
0.00010187
0.00010187
0.00010187
0.00010187
0.00010187
0.000101869
0.000101869
0.000101869
0.000101869
0.000101926
0.000103256
0.000105454
0.000103963
0.000103895
0.000103894
0.000103895
0.000103895
0.000103895
0.000103895
0.000103895
0.000103896
0.000103896
0.000103896
0.000103896
0.000103896
0.000103896
0.000103896
0.000103896
0.000103896
0.000103896
0.000103896
0.000103896
0.000103896
0.000103896
0.000103896
0.000103896
0.000103896
0.000103896
0.000103896
0.000103896
0.000103896
0.000103896
0.000103895
0.000103895
0.000103895
0.000103895
0.000103895
0.000103894
0.000103895
0.000103963
0.000105454
0.000107592
0.00010595
0.00010587
0.000105868
0.000105869
0.000105869
0.000105869
0.00010587
0.00010587
0.00010587
0.00010587
0.00010587
0.00010587
0.00010587
0.00010587
0.00010587
0.00010587
0.00010587
0.00010587
0.00010587
0.00010587
0.00010587
0.00010587
0.00010587
0.00010587
0.00010587
0.00010587
0.00010587
0.00010587
0.00010587
0.00010587
0.00010587
0.00010587
0.000105869
0.000105869
0.000105869
0.000105868
0.00010587
0.00010595
0.000107592
0.000109667
0.000107884
0.000107791
0.000107789
0.00010779
0.00010779
0.00010779
0.00010779
0.000107791
0.000107791
0.000107791
0.000107791
0.000107791
0.000107791
0.000107791
0.000107791
0.000107791
0.000107791
0.000107791
0.000107791
0.000107791
0.000107791
0.000107791
0.000107791
0.000107791
0.000107791
0.000107791
0.000107791
0.000107791
0.000107791
0.000107791
0.000107791
0.00010779
0.00010779
0.00010779
0.00010779
0.000107789
0.000107791
0.000107884
0.000109667
0.000111679
0.000109764
0.000109658
0.000109655
0.000109656
0.000109656
0.000109657
0.000109657
0.000109657
0.000109657
0.000109657
0.000109657
0.000109657
0.000109657
0.000109657
0.000109657
0.000109657
0.000109657
0.000109657
0.000109657
0.000109657
0.000109657
0.000109657
0.000109657
0.000109657
0.000109657
0.000109657
0.000109657
0.000109657
0.000109657
0.000109657
0.000109657
0.000109657
0.000109657
0.000109656
0.000109656
0.000109655
0.000109658
0.000109764
0.000111679
0.000113625
0.000111589
0.000111469
0.000111466
0.000111467
0.000111467
0.000111467
0.000111468
0.000111468
0.000111468
0.000111468
0.000111468
0.000111468
0.000111468
0.000111468
0.000111468
0.000111468
0.000111468
0.000111468
0.000111468
0.000111468
0.000111468
0.000111468
0.000111468
0.000111468
0.000111468
0.000111468
0.000111468
0.000111468
0.000111468
0.000111468
0.000111468
0.000111468
0.000111467
0.000111467
0.000111467
0.000111466
0.000111469
0.000111589
0.000113625
0.000115504
0.000113357
0.000113225
0.00011322
0.000113221
0.000113222
0.000113222
0.000113222
0.000113222
0.000113222
0.000113222
0.000113222
0.000113222
0.000113222
0.000113222
0.000113222
0.000113222
0.000113222
0.000113222
0.000113222
0.000113222
0.000113222
0.000113222
0.000113222
0.000113222
0.000113222
0.000113222
0.000113222
0.000113222
0.000113222
0.000113222
0.000113222
0.000113222
0.000113222
0.000113222
0.000113221
0.00011322
0.000113225
0.000113357
0.000115504
0.000117317
0.00011507
0.000114923
0.000114917
0.000114918
0.000114919
0.000114919
0.00011492
0.00011492
0.00011492
0.00011492
0.00011492
0.00011492
0.00011492
0.00011492
0.00011492
0.00011492
0.00011492
0.00011492
0.00011492
0.00011492
0.00011492
0.00011492
0.00011492
0.00011492
0.00011492
0.00011492
0.00011492
0.00011492
0.00011492
0.00011492
0.00011492
0.00011492
0.000114919
0.000114919
0.000114918
0.000114917
0.000114923
0.00011507
0.000117317
0.000119063
0.000116725
0.000116564
0.000116558
0.000116559
0.000116559
0.00011656
0.00011656
0.00011656
0.00011656
0.00011656
0.00011656
0.000116561
0.000116561
0.000116561
0.000116561
0.000116561
0.000116561
0.00011656
0.00011656
0.00011656
0.00011656
0.000116561
0.000116561
0.000116561
0.000116561
0.000116561
0.000116561
0.00011656
0.00011656
0.00011656
0.00011656
0.00011656
0.00011656
0.000116559
0.000116559
0.000116558
0.000116564
0.000116725
0.000119063
0.000120741
0.000118323
0.000118148
0.000118141
0.000118142
0.000118143
0.000118143
0.000118143
0.000118144
0.000118144
0.000118144
0.000118144
0.000118144
0.000118144
0.000118144
0.000118144
0.000118144
0.000118144
0.000118144
0.000118144
0.000118144
0.000118144
0.000118144
0.000118144
0.000118144
0.000118144
0.000118144
0.000118144
0.000118144
0.000118144
0.000118144
0.000118144
0.000118143
0.000118143
0.000118143
0.000118142
0.000118141
0.000118148
0.000118323
0.000120741
0.000122353
0.000119863
0.000119676
0.000119667
0.000119668
0.000119669
0.000119669
0.000119669
0.00011967
0.00011967
0.00011967
0.00011967
0.00011967
0.00011967
0.00011967
0.00011967
0.00011967
0.00011967
0.00011967
0.00011967
0.00011967
0.00011967
0.00011967
0.00011967
0.00011967
0.00011967
0.00011967
0.00011967
0.00011967
0.00011967
0.00011967
0.00011967
0.000119669
0.000119669
0.000119669
0.000119668
0.000119667
0.000119676
0.000119863
0.000122353
0.000123898
0.000121347
0.000121146
0.000121136
0.000121137
0.000121138
0.000121139
0.000121139
0.000121139
0.000121139
0.000121139
0.000121139
0.000121139
0.000121139
0.000121139
0.000121139
0.000121139
0.000121139
0.000121139
0.000121139
0.000121139
0.000121139
0.000121139
0.000121139
0.000121139
0.000121139
0.000121139
0.000121139
0.000121139
0.000121139
0.000121139
0.000121139
0.000121139
0.000121139
0.000121138
0.000121137
0.000121136
0.000121146
0.000121347
0.000123898
0.000125378
0.000122775
0.000122561
0.000122549
0.00012255
0.000122551
0.000122552
0.000122552
0.000122552
0.000122553
0.000122553
0.000122553
0.000122553
0.000122553
0.000122553
0.000122553
0.000122553
0.000122553
0.000122553
0.000122553
0.000122553
0.000122553
0.000122553
0.000122553
0.000122553
0.000122553
0.000122553
0.000122553
0.000122553
0.000122553
0.000122553
0.000122552
0.000122552
0.000122552
0.000122551
0.00012255
0.000122549
0.000122561
0.000122775
0.000125378
0.000126793
0.000124146
0.00012392
0.000123907
0.000123908
0.000123909
0.00012391
0.00012391
0.00012391
0.00012391
0.00012391
0.00012391
0.000123911
0.00012391
0.00012391
0.00012391
0.00012391
0.00012391
0.00012391
0.00012391
0.00012391
0.00012391
0.00012391
0.00012391
0.00012391
0.00012391
0.00012391
0.000123911
0.00012391
0.00012391
0.00012391
0.00012391
0.00012391
0.00012391
0.000123909
0.000123908
0.000123907
0.00012392
0.000124146
0.000126793
0.000128144
0.000125462
0.000125224
0.00012521
0.000125211
0.000125212
0.000125213
0.000125213
0.000125213
0.000125214
0.000125214
0.000125214
0.000125214
0.000125214
0.000125214
0.000125214
0.000125214
0.000125214
0.000125214
0.000125214
0.000125214
0.000125214
0.000125214
0.000125214
0.000125214
0.000125214
0.000125214
0.000125214
0.000125214
0.000125214
0.000125214
0.000125213
0.000125213
0.000125213
0.000125212
0.000125211
0.00012521
0.000125224
0.000125462
0.000128144
0.000129434
0.000126725
0.000126475
0.000126459
0.00012646
0.000126462
0.000126462
0.000126463
0.000126463
0.000126463
0.000126463
0.000126463
0.000126463
0.000126463
0.000126463
0.000126463
0.000126463
0.000126463
0.000126463
0.000126463
0.000126463
0.000126463
0.000126463
0.000126463
0.000126463
0.000126463
0.000126463
0.000126463
0.000126463
0.000126463
0.000126463
0.000126463
0.000126463
0.000126462
0.000126462
0.00012646
0.000126459
0.000126475
0.000126725
0.000129434
0.000130662
0.000127934
0.000127674
0.000127656
0.000127657
0.000127659
0.000127659
0.00012766
0.00012766
0.00012766
0.00012766
0.00012766
0.00012766
0.00012766
0.00012766
0.00012766
0.00012766
0.00012766
0.00012766
0.00012766
0.00012766
0.00012766
0.00012766
0.00012766
0.00012766
0.00012766
0.00012766
0.00012766
0.00012766
0.00012766
0.00012766
0.00012766
0.00012766
0.000127659
0.000127659
0.000127657
0.000127656
0.000127674
0.000127934
0.000130662
0.000131832
0.000129091
0.000128821
0.000128802
0.000128803
0.000128804
0.000128805
0.000128805
0.000128806
0.000128806
0.000128806
0.000128806
0.000128806
0.000128806
0.000128806
0.000128806
0.000128806
0.000128806
0.000128806
0.000128806
0.000128806
0.000128806
0.000128806
0.000128806
0.000128806
0.000128806
0.000128806
0.000128806
0.000128806
0.000128806
0.000128806
0.000128806
0.000128805
0.000128805
0.000128804
0.000128803
0.000128802
0.000128821
0.000129091
0.000131832
0.000132944
0.000130197
0.000129918
0.000129898
0.000129898
0.0001299
0.000129901
0.000129901
0.000129901
0.000129901
0.000129901
0.000129901
0.000129901
0.000129901
0.000129901
0.000129901
0.000129901
0.000129901
0.000129901
0.000129901
0.000129901
0.000129901
0.000129901
0.000129901
0.000129901
0.000129901
0.000129901
0.000129901
0.000129901
0.000129901
0.000129901
0.000129901
0.000129901
0.000129901
0.0001299
0.000129898
0.000129898
0.000129918
0.000130197
0.000132944
0.000134
0.000131253
0.000130966
0.000130944
0.000130945
0.000130946
0.000130947
0.000130948
0.000130948
0.000130948
0.000130948
0.000130948
0.000130948
0.000130948
0.000130948
0.000130948
0.000130948
0.000130948
0.000130948
0.000130948
0.000130948
0.000130948
0.000130948
0.000130948
0.000130948
0.000130948
0.000130948
0.000130948
0.000130948
0.000130948
0.000130948
0.000130948
0.000130948
0.000130947
0.000130946
0.000130945
0.000130944
0.000130966
0.000131253
0.000134
0.000135003
0.000132262
0.000131967
0.000131944
0.000131944
0.000131946
0.000131947
0.000131947
0.000131947
0.000131948
0.000131948
0.000131948
0.000131948
0.000131948
0.000131948
0.000131947
0.000131947
0.000131947
0.000131947
0.000131947
0.000131947
0.000131947
0.000131947
0.000131947
0.000131947
0.000131948
0.000131948
0.000131948
0.000131948
0.000131948
0.000131948
0.000131947
0.000131947
0.000131947
0.000131946
0.000131944
0.000131944
0.000131967
0.000132262
0.000135003
0.000135953
0.000133224
0.000132922
0.000132897
0.000132898
0.000132899
0.0001329
0.000132901
0.000132901
0.000132901
0.000132901
0.000132901
0.000132901
0.000132901
0.000132901
0.000132901
0.000132901
0.000132901
0.000132901
0.000132901
0.000132901
0.000132901
0.000132901
0.000132901
0.000132901
0.000132901
0.000132901
0.000132901
0.000132901
0.000132901
0.000132901
0.000132901
0.000132901
0.0001329
0.000132899
0.000132898
0.000132897
0.000132922
0.000133224
0.000135953
0.000136853
0.00013414
0.000133833
0.000133807
0.000133807
0.000133808
0.000133809
0.00013381
0.00013381
0.00013381
0.00013381
0.00013381
0.00013381
0.00013381
0.00013381
0.00013381
0.00013381
0.00013381
0.00013381
0.00013381
0.00013381
0.00013381
0.00013381
0.00013381
0.00013381
0.00013381
0.00013381
0.00013381
0.00013381
0.00013381
0.00013381
0.00013381
0.00013381
0.000133809
0.000133808
0.000133807
0.000133807
0.000133833
0.00013414
0.000136853
0.000137705
0.000135013
0.0001347
0.000134673
0.000134673
0.000134674
0.000134675
0.000134676
0.000134676
0.000134676
0.000134676
0.000134676
0.000134676
0.000134676
0.000134676
0.000134676
0.000134676
0.000134676
0.000134676
0.000134676
0.000134676
0.000134676
0.000134676
0.000134676
0.000134676
0.000134676
0.000134676
0.000134676
0.000134676
0.000134676
0.000134676
0.000134676
0.000134676
0.000134675
0.000134674
0.000134673
0.000134673
0.0001347
0.000135013
0.000137705
0.00013851
0.000135843
0.000135526
0.000135497
0.000135497
0.000135499
0.0001355
0.0001355
0.0001355
0.000135501
0.000135501
0.000135501
0.0001355
0.0001355
0.0001355
0.0001355
0.0001355
0.0001355
0.0001355
0.0001355
0.0001355
0.0001355
0.0001355
0.0001355
0.0001355
0.0001355
0.0001355
0.0001355
0.000135501
0.000135501
0.000135501
0.0001355
0.0001355
0.0001355
0.000135499
0.000135497
0.000135497
0.000135526
0.000135843
0.00013851
0.00013927
0.000136633
0.000136312
0.000136282
0.000136282
0.000136283
0.000136284
0.000136285
0.000136285
0.000136285
0.000136285
0.000136285
0.000136285
0.000136285
0.000136285
0.000136285
0.000136285
0.000136285
0.000136285
0.000136285
0.000136285
0.000136285
0.000136285
0.000136285
0.000136285
0.000136285
0.000136285
0.000136285
0.000136285
0.000136285
0.000136285
0.000136285
0.000136285
0.000136284
0.000136283
0.000136282
0.000136282
0.000136312
0.000136633
0.00013927
0.000139988
0.000137383
0.00013706
0.000137028
0.000137028
0.000137029
0.00013703
0.000137031
0.000137031
0.000137031
0.000137031
0.000137031
0.000137031
0.000137031
0.000137031
0.000137031
0.000137031
0.000137031
0.000137031
0.000137031
0.000137031
0.000137031
0.000137031
0.000137031
0.000137031
0.000137031
0.000137031
0.000137031
0.000137031
0.000137031
0.000137031
0.000137031
0.000137031
0.00013703
0.000137029
0.000137028
0.000137028
0.00013706
0.000137383
0.000139988
0.000140665
0.000138096
0.00013777
0.000137738
0.000137737
0.000137739
0.000137739
0.00013774
0.00013774
0.00013774
0.00013774
0.00013774
0.00013774
0.00013774
0.00013774
0.00013774
0.00013774
0.00013774
0.00013774
0.00013774
0.00013774
0.00013774
0.00013774
0.00013774
0.00013774
0.00013774
0.00013774
0.00013774
0.00013774
0.00013774
0.00013774
0.00013774
0.00013774
0.000137739
0.000137739
0.000137737
0.000137738
0.00013777
0.000138096
0.000140665
0.000141303
0.000138772
0.000138445
0.000138411
0.000138411
0.000138412
0.000138413
0.000138414
0.000138414
0.000138414
0.000138414
0.000138414
0.000138414
0.000138414
0.000138414
0.000138413
0.000138413
0.000138413
0.000138413
0.000138413
0.000138413
0.000138413
0.000138413
0.000138413
0.000138413
0.000138414
0.000138414
0.000138414
0.000138414
0.000138414
0.000138414
0.000138414
0.000138414
0.000138413
0.000138412
0.000138411
0.000138411
0.000138445
0.000138772
0.000141303
0.000141903
0.000139414
0.000139086
0.000139051
0.00013905
0.000139052
0.000139053
0.000139053
0.000139053
0.000139054
0.000139054
0.000139053
0.000139053
0.000139053
0.000139053
0.000139053
0.000139053
0.000139053
0.000139053
0.000139053
0.000139053
0.000139053
0.000139053
0.000139053
0.000139053
0.000139053
0.000139053
0.000139053
0.000139053
0.000139054
0.000139054
0.000139053
0.000139053
0.000139053
0.000139052
0.00013905
0.000139051
0.000139086
0.000139414
0.000141903
0.000142468
0.000140022
0.000139694
0.000139659
0.000139658
0.000139659
0.00013966
0.00013966
0.000139661
0.000139661
0.000139661
0.00013966
0.00013966
0.00013966
0.00013966
0.00013966
0.00013966
0.00013966
0.00013966
0.00013966
0.00013966
0.00013966
0.00013966
0.00013966
0.00013966
0.00013966
0.00013966
0.00013966
0.00013966
0.000139661
0.000139661
0.000139661
0.00013966
0.00013966
0.000139659
0.000139658
0.000139659
0.000139694
0.000140022
0.000142468
0.000142999
0.000140598
0.000140271
0.000140235
0.000140233
0.000140235
0.000140236
0.000140236
0.000140236
0.000140236
0.000140236
0.000140236
0.000140236
0.000140236
0.000140236
0.000140236
0.000140236
0.000140236
0.000140235
0.000140235
0.000140235
0.000140235
0.000140236
0.000140236
0.000140236
0.000140236
0.000140236
0.000140236
0.000140236
0.000140236
0.000140236
0.000140236
0.000140236
0.000140236
0.000140235
0.000140233
0.000140235
0.000140271
0.000140598
0.000142999
0.000143498
0.000141144
0.000140818
0.000140781
0.00014078
0.000140781
0.000140782
0.000140782
0.000140782
0.000140782
0.000140782
0.000140782
0.000140782
0.000140782
0.000140782
0.000140782
0.000140782
0.000140781
0.000140781
0.000140781
0.000140781
0.000140781
0.000140781
0.000140782
0.000140782
0.000140782
0.000140782
0.000140782
0.000140782
0.000140782
0.000140782
0.000140782
0.000140782
0.000140782
0.000140781
0.00014078
0.000140781
0.000140818
0.000141144
0.000143498
0.000143967
0.00014166
0.000141336
0.000141299
0.000141297
0.000141298
0.000141299
0.0001413
0.0001413
0.0001413
0.0001413
0.0001413
0.0001413
0.000141299
0.000141299
0.000141299
0.000141299
0.000141299
0.000141299
0.000141299
0.000141299
0.000141299
0.000141299
0.000141299
0.000141299
0.000141299
0.000141299
0.0001413
0.0001413
0.0001413
0.0001413
0.0001413
0.0001413
0.000141299
0.000141298
0.000141297
0.000141299
0.000141336
0.00014166
0.000143967
0.000144406
0.000142149
0.000141827
0.000141789
0.000141788
0.000141789
0.00014179
0.00014179
0.00014179
0.00014179
0.00014179
0.00014179
0.00014179
0.00014179
0.00014179
0.000141789
0.000141789
0.000141789
0.000141789
0.000141789
0.000141789
0.000141789
0.000141789
0.000141789
0.000141789
0.00014179
0.00014179
0.00014179
0.00014179
0.00014179
0.00014179
0.00014179
0.00014179
0.00014179
0.000141789
0.000141788
0.000141789
0.000141827
0.000142149
0.000144406
0.000144817
0.000142611
0.000142293
0.000142254
0.000142252
0.000142253
0.000142254
0.000142255
0.000142255
0.000142255
0.000142255
0.000142254
0.000142254
0.000142254
0.000142254
0.000142254
0.000142254
0.000142254
0.000142253
0.000142253
0.000142253
0.000142253
0.000142254
0.000142254
0.000142254
0.000142254
0.000142254
0.000142254
0.000142254
0.000142255
0.000142255
0.000142255
0.000142255
0.000142254
0.000142253
0.000142252
0.000142254
0.000142293
0.000142611
0.000144817
0.000145203
0.000143048
0.000142733
0.000142694
0.000142692
0.000142693
0.000142694
0.000142694
0.000142694
0.000142694
0.000142694
0.000142694
0.000142694
0.000142694
0.000142694
0.000142693
0.000142693
0.000142693
0.000142693
0.000142693
0.000142693
0.000142693
0.000142693
0.000142693
0.000142693
0.000142694
0.000142694
0.000142694
0.000142694
0.000142694
0.000142694
0.000142694
0.000142694
0.000142694
0.000142693
0.000142692
0.000142694
0.000142733
0.000143048
0.000145203
0.000145564
0.000143461
0.00014315
0.000143111
0.000143108
0.000143109
0.00014311
0.000143111
0.000143111
0.000143111
0.00014311
0.00014311
0.00014311
0.00014311
0.00014311
0.00014311
0.000143109
0.000143109
0.000143109
0.000143109
0.000143109
0.000143109
0.000143109
0.000143109
0.00014311
0.00014311
0.00014311
0.00014311
0.00014311
0.00014311
0.000143111
0.000143111
0.000143111
0.00014311
0.000143109
0.000143108
0.000143111
0.00014315
0.000143461
0.000145564
0.000145901
0.000143851
0.000143544
0.000143505
0.000143502
0.000143503
0.000143504
0.000143504
0.000143505
0.000143504
0.000143504
0.000143504
0.000143504
0.000143504
0.000143503
0.000143503
0.000143503
0.000143503
0.000143503
0.000143503
0.000143503
0.000143503
0.000143503
0.000143503
0.000143503
0.000143503
0.000143504
0.000143504
0.000143504
0.000143504
0.000143504
0.000143505
0.000143504
0.000143504
0.000143503
0.000143502
0.000143505
0.000143544
0.000143851
0.000145901
0.000146216
0.00014422
0.000143917
0.000143877
0.000143875
0.000143876
0.000143877
0.000143877
0.000143877
0.000143877
0.000143877
0.000143877
0.000143876
0.000143876
0.000143876
0.000143876
0.000143876
0.000143876
0.000143875
0.000143875
0.000143875
0.000143875
0.000143876
0.000143876
0.000143876
0.000143876
0.000143876
0.000143876
0.000143877
0.000143877
0.000143877
0.000143877
0.000143877
0.000143877
0.000143876
0.000143875
0.000143877
0.000143917
0.00014422
0.000146216
0.00014651
0.000144567
0.00014427
0.00014423
0.000144227
0.000144228
0.000144229
0.000144229
0.000144229
0.000144229
0.000144229
0.000144229
0.000144229
0.000144228
0.000144228
0.000144228
0.000144228
0.000144228
0.000144228
0.000144228
0.000144228
0.000144228
0.000144228
0.000144228
0.000144228
0.000144228
0.000144228
0.000144229
0.000144229
0.000144229
0.000144229
0.000144229
0.000144229
0.000144229
0.000144228
0.000144227
0.00014423
0.00014427
0.000144567
0.00014651
0.000146785
0.000144895
0.000144603
0.000144563
0.000144561
0.000144562
0.000144562
0.000144563
0.000144563
0.000144562
0.000144562
0.000144562
0.000144562
0.000144561
0.000144561
0.000144561
0.000144561
0.000144561
0.000144561
0.000144561
0.000144561
0.000144561
0.000144561
0.000144561
0.000144561
0.000144561
0.000144561
0.000144562
0.000144562
0.000144562
0.000144562
0.000144563
0.000144563
0.000144562
0.000144561
0.000144561
0.000144563
0.000144603
0.000144895
0.000146785
0.00014704
0.000145205
0.000144918
0.000144879
0.000144876
0.000144876
0.000144877
0.000144877
0.000144877
0.000144877
0.000144877
0.000144877
0.000144877
0.000144876
0.000144876
0.000144876
0.000144876
0.000144876
0.000144875
0.000144875
0.000144875
0.000144875
0.000144876
0.000144876
0.000144876
0.000144876
0.000144876
0.000144877
0.000144877
0.000144877
0.000144877
0.000144877
0.000144877
0.000144877
0.000144876
0.000144876
0.000144879
0.000144918
0.000145205
0.00014704
0.000147279
0.000145496
0.000145216
0.000145176
0.000145173
0.000145174
0.000145175
0.000145175
0.000145175
0.000145175
0.000145175
0.000145174
0.000145174
0.000145174
0.000145174
0.000145173
0.000145173
0.000145173
0.000145173
0.000145173
0.000145173
0.000145173
0.000145173
0.000145173
0.000145173
0.000145174
0.000145174
0.000145174
0.000145174
0.000145175
0.000145175
0.000145175
0.000145175
0.000145175
0.000145174
0.000145173
0.000145176
0.000145216
0.000145496
0.000147279
0.0001475
0.000145771
0.000145497
0.000145458
0.000145454
0.000145455
0.000145456
0.000145456
0.000145456
0.000145456
0.000145456
0.000145455
0.000145455
0.000145455
0.000145455
0.000145454
0.000145454
0.000145454
0.000145454
0.000145454
0.000145454
0.000145454
0.000145454
0.000145454
0.000145454
0.000145455
0.000145455
0.000145455
0.000145455
0.000145456
0.000145456
0.000145456
0.000145456
0.000145456
0.000145455
0.000145454
0.000145458
0.000145497
0.000145771
0.0001475
0.000147706
0.00014603
0.000145762
0.000145724
0.00014572
0.000145721
0.000145722
0.000145722
0.000145722
0.000145721
0.000145721
0.000145721
0.000145721
0.00014572
0.00014572
0.00014572
0.00014572
0.00014572
0.000145719
0.000145719
0.000145719
0.000145719
0.00014572
0.00014572
0.00014572
0.00014572
0.00014572
0.000145721
0.000145721
0.000145721
0.000145721
0.000145722
0.000145722
0.000145721
0.000145721
0.00014572
0.000145724
0.000145762
0.00014603
0.000147706
0.000147897
0.000146274
0.000146013
0.000145975
0.000145971
0.000145972
0.000145972
0.000145973
0.000145972
0.000145972
0.000145972
0.000145972
0.000145971
0.000145971
0.000145971
0.000145971
0.00014597
0.00014597
0.00014597
0.00014597
0.00014597
0.00014597
0.00014597
0.00014597
0.000145971
0.000145971
0.000145971
0.000145971
0.000145972
0.000145972
0.000145972
0.000145972
0.000145973
0.000145972
0.000145972
0.000145971
0.000145975
0.000146013
0.000146274
0.000147897
0.000148075
0.000146504
0.00014625
0.000146212
0.000146208
0.000146209
0.000146209
0.000146209
0.000146209
0.000146209
0.000146209
0.000146208
0.000146208
0.000146208
0.000146208
0.000146207
0.000146207
0.000146207
0.000146207
0.000146207
0.000146207
0.000146207
0.000146207
0.000146207
0.000146207
0.000146208
0.000146208
0.000146208
0.000146208
0.000146209
0.000146209
0.000146209
0.000146209
0.000146209
0.000146209
0.000146208
0.000146212
0.00014625
0.000146504
0.000148075
0.000148239
0.000146721
0.000146473
0.000146435
0.000146432
0.000146432
0.000146433
0.000146433
0.000146433
0.000146433
0.000146432
0.000146432
0.000146432
0.000146431
0.000146431
0.000146431
0.000146431
0.000146431
0.00014643
0.00014643
0.00014643
0.00014643
0.000146431
0.000146431
0.000146431
0.000146431
0.000146431
0.000146432
0.000146432
0.000146432
0.000146433
0.000146433
0.000146433
0.000146433
0.000146432
0.000146432
0.000146435
0.000146473
0.000146721
0.000148239
0.000148391
0.000146924
0.000146684
0.000146647
0.000146643
0.000146643
0.000146644
0.000146644
0.000146644
0.000146644
0.000146643
0.000146643
0.000146643
0.000146642
0.000146642
0.000146642
0.000146642
0.000146642
0.000146641
0.000146641
0.000146641
0.000146641
0.000146642
0.000146642
0.000146642
0.000146642
0.000146642
0.000146643
0.000146643
0.000146643
0.000146644
0.000146644
0.000146644
0.000146644
0.000146643
0.000146643
0.000146647
0.000146684
0.000146924
0.000148392
0.000148532
0.000147116
0.000146882
0.000146846
0.000146842
0.000146843
0.000146843
0.000146843
0.000146843
0.000146843
0.000146843
0.000146842
0.000146842
0.000146842
0.000146841
0.000146841
0.000146841
0.000146841
0.000146841
0.00014684
0.00014684
0.000146841
0.000146841
0.000146841
0.000146841
0.000146841
0.000146842
0.000146842
0.000146842
0.000146842
0.000146843
0.000146843
0.000146843
0.000146843
0.000146843
0.000146842
0.000146846
0.000146882
0.000147116
0.000148532
0.000148662
0.000147296
0.00014707
0.000147034
0.00014703
0.000147031
0.000147031
0.000147031
0.000147031
0.000147031
0.00014703
0.00014703
0.00014703
0.000147029
0.000147029
0.000147029
0.000147029
0.000147029
0.000147028
0.000147028
0.000147028
0.000147028
0.000147029
0.000147029
0.000147029
0.000147029
0.000147029
0.00014703
0.00014703
0.00014703
0.000147031
0.000147031
0.000147031
0.000147031
0.000147031
0.00014703
0.000147034
0.00014707
0.000147296
0.000148662
0.000148782
0.000147466
0.000147247
0.000147212
0.000147208
0.000147208
0.000147209
0.000147209
0.000147208
0.000147208
0.000147208
0.000147207
0.000147207
0.000147207
0.000147206
0.000147206
0.000147206
0.000147206
0.000147206
0.000147206
0.000147206
0.000147206
0.000147206
0.000147206
0.000147206
0.000147206
0.000147207
0.000147207
0.000147207
0.000147208
0.000147208
0.000147208
0.000147209
0.000147209
0.000147208
0.000147208
0.000147212
0.000147247
0.000147466
0.000148782
0.000148893
0.000147625
0.000147413
0.000147379
0.000147375
0.000147376
0.000147376
0.000147376
0.000147376
0.000147375
0.000147375
0.000147375
0.000147374
0.000147374
0.000147374
0.000147373
0.000147373
0.000147373
0.000147373
0.000147373
0.000147373
0.000147373
0.000147373
0.000147373
0.000147373
0.000147374
0.000147374
0.000147374
0.000147375
0.000147375
0.000147375
0.000147376
0.000147376
0.000147376
0.000147376
0.000147375
0.000147379
0.000147413
0.000147625
0.000148893
0.000148994
0.000147775
0.00014757
0.000147537
0.000147533
0.000147533
0.000147534
0.000147534
0.000147534
0.000147533
0.000147533
0.000147532
0.000147532
0.000147532
0.000147532
0.000147531
0.000147531
0.000147531
0.000147531
0.000147531
0.000147531
0.000147531
0.000147531
0.000147531
0.000147531
0.000147532
0.000147532
0.000147532
0.000147532
0.000147533
0.000147533
0.000147534
0.000147534
0.000147534
0.000147533
0.000147533
0.000147537
0.00014757
0.000147775
0.000148994
0.000149088
0.000147916
0.000147719
0.000147686
0.000147682
0.000147682
0.000147683
0.000147683
0.000147682
0.000147682
0.000147682
0.000147681
0.000147681
0.000147681
0.00014768
0.00014768
0.00014768
0.00014768
0.00014768
0.00014768
0.00014768
0.00014768
0.00014768
0.00014768
0.00014768
0.00014768
0.000147681
0.000147681
0.000147681
0.000147682
0.000147682
0.000147682
0.000147683
0.000147683
0.000147682
0.000147682
0.000147686
0.000147719
0.000147916
0.000149088
0.000149173
0.000148048
0.000147858
0.000147827
0.000147823
0.000147823
0.000147823
0.000147823
0.000147823
0.000147822
0.000147822
0.000147822
0.000147821
0.000147821
0.000147821
0.00014782
0.00014782
0.00014782
0.00014782
0.00014782
0.00014782
0.00014782
0.00014782
0.00014782
0.00014782
0.000147821
0.000147821
0.000147821
0.000147822
0.000147822
0.000147822
0.000147823
0.000147823
0.000147823
0.000147823
0.000147823
0.000147827
0.000147858
0.000148048
0.000149173
0.000149252
0.000148172
0.00014799
0.000147959
0.000147955
0.000147955
0.000147956
0.000147956
0.000147955
0.000147955
0.000147954
0.000147954
0.000147954
0.000147953
0.000147953
0.000147953
0.000147953
0.000147952
0.000147952
0.000147952
0.000147952
0.000147952
0.000147952
0.000147953
0.000147953
0.000147953
0.000147953
0.000147954
0.000147954
0.000147954
0.000147955
0.000147955
0.000147955
0.000147956
0.000147955
0.000147955
0.000147959
0.00014799
0.000148172
0.000149252
0.000149323
0.000148289
0.000148114
0.000148084
0.00014808
0.00014808
0.00014808
0.00014808
0.00014808
0.00014808
0.000148079
0.000148079
0.000148078
0.000148078
0.000148078
0.000148078
0.000148077
0.000148077
0.000148077
0.000148077
0.000148077
0.000148077
0.000148077
0.000148077
0.000148078
0.000148078
0.000148078
0.000148079
0.000148079
0.000148079
0.00014808
0.00014808
0.00014808
0.00014808
0.00014808
0.00014808
0.000148084
0.000148114
0.000148289
0.000149323
0.000149389
0.000148398
0.00014823
0.000148202
0.000148198
0.000148198
0.000148198
0.000148198
0.000148198
0.000148197
0.000148197
0.000148197
0.000148196
0.000148196
0.000148196
0.000148195
0.000148195
0.000148195
0.000148195
0.000148195
0.000148195
0.000148195
0.000148195
0.000148195
0.000148195
0.000148196
0.000148196
0.000148196
0.000148197
0.000148197
0.000148197
0.000148198
0.000148198
0.000148198
0.000148198
0.000148198
0.000148202
0.00014823
0.000148398
0.000149389
0.000149448
0.000148501
0.00014834
0.000148313
0.000148309
0.000148309
0.000148309
0.000148309
0.000148309
0.000148308
0.000148308
0.000148307
0.000148307
0.000148307
0.000148306
0.000148306
0.000148306
0.000148306
0.000148306
0.000148306
0.000148306
0.000148306
0.000148306
0.000148306
0.000148306
0.000148306
0.000148307
0.000148307
0.000148307
0.000148308
0.000148308
0.000148309
0.000148309
0.000148309
0.000148309
0.000148309
0.000148313
0.00014834
0.000148501
0.000149448
0.000149502
0.000148597
0.000148444
0.000148417
0.000148414
0.000148414
0.000148414
0.000148414
0.000148413
0.000148413
0.000148412
0.000148412
0.000148412
0.000148411
0.000148411
0.000148411
0.000148411
0.00014841
0.00014841
0.00014841
0.00014841
0.00014841
0.00014841
0.000148411
0.000148411
0.000148411
0.000148411
0.000148412
0.000148412
0.000148412
0.000148413
0.000148413
0.000148414
0.000148414
0.000148414
0.000148414
0.000148417
0.000148444
0.000148597
0.000149502
0.000149551
0.000148688
0.000148542
0.000148516
0.000148512
0.000148512
0.000148512
0.000148512
0.000148512
0.000148511
0.000148511
0.000148511
0.00014851
0.00014851
0.00014851
0.000148509
0.000148509
0.000148509
0.000148509
0.000148509
0.000148509
0.000148509
0.000148509
0.000148509
0.000148509
0.00014851
0.00014851
0.00014851
0.000148511
0.000148511
0.000148511
0.000148512
0.000148512
0.000148512
0.000148512
0.000148512
0.000148516
0.000148542
0.000148688
0.000149551
0.000149596
0.000148772
0.000148633
0.000148609
0.000148605
0.000148605
0.000148605
0.000148605
0.000148605
0.000148604
0.000148604
0.000148604
0.000148603
0.000148603
0.000148602
0.000148602
0.000148602
0.000148602
0.000148602
0.000148602
0.000148602
0.000148602
0.000148602
0.000148602
0.000148602
0.000148602
0.000148603
0.000148603
0.000148604
0.000148604
0.000148604
0.000148605
0.000148605
0.000148605
0.000148605
0.000148605
0.000148609
0.000148633
0.000148772
0.000149596
0.000149635
0.000148852
0.00014872
0.000148697
0.000148693
0.000148693
0.000148693
0.000148693
0.000148692
0.000148692
0.000148692
0.000148691
0.000148691
0.00014869
0.00014869
0.00014869
0.00014869
0.000148689
0.000148689
0.000148689
0.000148689
0.000148689
0.000148689
0.00014869
0.00014869
0.00014869
0.00014869
0.000148691
0.000148691
0.000148692
0.000148692
0.000148692
0.000148693
0.000148693
0.000148693
0.000148693
0.000148697
0.00014872
0.000148852
0.000149635
0.000149671
0.000148926
0.000148801
0.000148779
0.000148776
0.000148775
0.000148775
0.000148775
0.000148775
0.000148774
0.000148774
0.000148774
0.000148773
0.000148773
0.000148773
0.000148772
0.000148772
0.000148772
0.000148772
0.000148772
0.000148772
0.000148772
0.000148772
0.000148772
0.000148772
0.000148773
0.000148773
0.000148773
0.000148774
0.000148774
0.000148774
0.000148775
0.000148775
0.000148775
0.000148775
0.000148775
0.000148779
0.000148801
0.000148926
0.000149671
0.000149703
0.000148996
0.000148878
0.000148857
0.000148853
0.000148853
0.000148853
0.000148853
0.000148853
0.000148852
0.000148852
0.000148851
0.000148851
0.000148851
0.00014885
0.00014885
0.00014885
0.00014885
0.00014885
0.00014885
0.00014885
0.00014885
0.00014885
0.00014885
0.00014885
0.00014885
0.000148851
0.000148851
0.000148851
0.000148852
0.000148852
0.000148853
0.000148853
0.000148853
0.000148853
0.000148853
0.000148857
0.000148878
0.000148996
0.000149703
0.000149732
0.000149062
0.00014895
0.00014893
0.000148927
0.000148926
0.000148927
0.000148926
0.000148926
0.000148926
0.000148925
0.000148925
0.000148924
0.000148924
0.000148924
0.000148923
0.000148923
0.000148923
0.000148923
0.000148923
0.000148923
0.000148923
0.000148923
0.000148923
0.000148923
0.000148924
0.000148924
0.000148924
0.000148925
0.000148925
0.000148926
0.000148926
0.000148926
0.000148926
0.000148926
0.000148927
0.00014893
0.00014895
0.000149062
0.000149732
0.000149757
0.000149123
0.000149018
0.000148999
0.000148996
0.000148996
0.000148996
0.000148995
0.000148995
0.000148995
0.000148994
0.000148994
0.000148993
0.000148993
0.000148993
0.000148992
0.000148992
0.000148992
0.000148992
0.000148992
0.000148992
0.000148992
0.000148992
0.000148992
0.000148992
0.000148993
0.000148993
0.000148993
0.000148994
0.000148994
0.000148995
0.000148995
0.000148995
0.000148996
0.000148996
0.000148996
0.000148999
0.000149018
0.000149123
0.000149757
0.00014978
0.00014918
0.000149082
0.000149064
0.000149061
0.000149061
0.000149061
0.00014906
0.00014906
0.00014906
0.000149059
0.000149059
0.000149058
0.000149058
0.000149058
0.000149057
0.000149057
0.000149057
0.000149057
0.000149057
0.000149057
0.000149057
0.000149057
0.000149057
0.000149057
0.000149058
0.000149058
0.000149058
0.000149059
0.000149059
0.00014906
0.00014906
0.00014906
0.000149061
0.000149061
0.000149061
0.000149064
0.000149082
0.00014918
0.00014978
0.0001498
0.000149234
0.000149142
0.000149125
0.000149122
0.000149122
0.000149122
0.000149122
0.000149121
0.000149121
0.00014912
0.00014912
0.00014912
0.000149119
0.000149119
0.000149119
0.000149119
0.000149118
0.000149118
0.000149118
0.000149118
0.000149118
0.000149118
0.000149119
0.000149119
0.000149119
0.000149119
0.00014912
0.00014912
0.00014912
0.000149121
0.000149121
0.000149122
0.000149122
0.000149122
0.000149122
0.000149125
0.000149142
0.000149234
0.0001498
0.000149817
0.000149284
0.000149198
0.000149183
0.00014918
0.00014918
0.00014918
0.000149179
0.000149179
0.000149179
0.000149178
0.000149178
0.000149177
0.000149177
0.000149177
0.000149176
0.000149176
0.000149176
0.000149176
0.000149176
0.000149176
0.000149176
0.000149176
0.000149176
0.000149176
0.000149177
0.000149177
0.000149177
0.000149178
0.000149178
0.000149179
0.000149179
0.000149179
0.00014918
0.00014918
0.00014918
0.000149183
0.000149198
0.000149284
0.000149817
0.000149832
0.000149331
0.000149251
0.000149237
0.000149234
0.000149234
0.000149234
0.000149234
0.000149233
0.000149233
0.000149233
0.000149232
0.000149232
0.000149231
0.000149231
0.000149231
0.000149231
0.000149231
0.00014923
0.00014923
0.00014923
0.00014923
0.000149231
0.000149231
0.000149231
0.000149231
0.000149231
0.000149232
0.000149232
0.000149233
0.000149233
0.000149233
0.000149234
0.000149234
0.000149234
0.000149234
0.000149237
0.000149251
0.000149331
0.000149832
0.000149845
0.000149375
0.000149301
0.000149288
0.000149286
0.000149285
0.000149285
0.000149285
0.000149285
0.000149284
0.000149284
0.000149283
0.000149283
0.000149283
0.000149282
0.000149282
0.000149282
0.000149282
0.000149282
0.000149282
0.000149282
0.000149282
0.000149282
0.000149282
0.000149282
0.000149282
0.000149283
0.000149283
0.000149283
0.000149284
0.000149284
0.000149285
0.000149285
0.000149285
0.000149285
0.000149286
0.000149288
0.000149301
0.000149375
0.000149845
0.000149856
0.000149416
0.000149348
0.000149336
0.000149334
0.000149334
0.000149334
0.000149333
0.000149333
0.000149333
0.000149332
0.000149332
0.000149331
0.000149331
0.000149331
0.00014933
0.00014933
0.00014933
0.00014933
0.00014933
0.00014933
0.00014933
0.00014933
0.00014933
0.00014933
0.000149331
0.000149331
0.000149331
0.000149332
0.000149332
0.000149333
0.000149333
0.000149333
0.000149333
0.000149334
0.000149334
0.000149336
0.000149348
0.000149416
0.000149856
0.000149865
0.000149455
0.000149392
0.000149382
0.000149379
0.000149379
0.000149379
0.000149379
0.000149378
0.000149378
0.000149378
0.000149377
0.000149377
0.000149376
0.000149376
0.000149376
0.000149376
0.000149376
0.000149375
0.000149375
0.000149375
0.000149375
0.000149376
0.000149376
0.000149376
0.000149376
0.000149376
0.000149377
0.000149377
0.000149378
0.000149378
0.000149378
0.000149379
0.000149379
0.000149379
0.000149379
0.000149382
0.000149392
0.000149455
0.000149865
0.000149873
0.000149491
0.000149434
0.000149424
0.000149422
0.000149422
0.000149422
0.000149422
0.000149421
0.000149421
0.00014942
0.00014942
0.00014942
0.000149419
0.000149419
0.000149419
0.000149419
0.000149418
0.000149418
0.000149418
0.000149418
0.000149418
0.000149418
0.000149419
0.000149419
0.000149419
0.000149419
0.00014942
0.00014942
0.00014942
0.000149421
0.000149421
0.000149422
0.000149422
0.000149422
0.000149422
0.000149424
0.000149434
0.00014949
0.000149873
0.00014988
0.000149524
0.000149473
0.000149464
0.000149462
0.000149462
0.000149462
0.000149462
0.000149462
0.000149461
0.000149461
0.00014946
0.00014946
0.00014946
0.000149459
0.000149459
0.000149459
0.000149459
0.000149459
0.000149459
0.000149459
0.000149459
0.000149459
0.000149459
0.000149459
0.000149459
0.00014946
0.00014946
0.00014946
0.000149461
0.000149461
0.000149462
0.000149462
0.000149462
0.000149462
0.000149462
0.000149464
0.000149473
0.000149524
0.00014988
0.000149885
0.000149555
0.000149509
0.000149502
0.0001495
0.0001495
0.0001495
0.0001495
0.000149499
0.000149499
0.000149499
0.000149498
0.000149498
0.000149498
0.000149497
0.000149497
0.000149497
0.000149497
0.000149497
0.000149497
0.000149497
0.000149497
0.000149497
0.000149497
0.000149497
0.000149497
0.000149498
0.000149498
0.000149498
0.000149499
0.000149499
0.000149499
0.0001495
0.0001495
0.0001495
0.0001495
0.000149502
0.000149509
0.000149555
0.000149885
0.000149889
0.000149585
0.000149544
0.000149538
0.000149536
0.000149536
0.000149536
0.000149536
0.000149535
0.000149535
0.000149535
0.000149534
0.000149534
0.000149533
0.000149533
0.000149533
0.000149533
0.000149533
0.000149532
0.000149532
0.000149532
0.000149532
0.000149533
0.000149533
0.000149533
0.000149533
0.000149534
0.000149534
0.000149534
0.000149535
0.000149535
0.000149535
0.000149536
0.000149536
0.000149536
0.000149536
0.000149538
0.000149544
0.000149585
0.000149889
0.000149892
0.000149612
0.000149576
0.000149571
0.00014957
0.00014957
0.000149569
0.000149569
0.000149569
0.000149569
0.000149568
0.000149568
0.000149568
0.000149567
0.000149567
0.000149567
0.000149566
0.000149566
0.000149566
0.000149566
0.000149566
0.000149566
0.000149566
0.000149567
0.000149567
0.000149567
0.000149567
0.000149568
0.000149568
0.000149568
0.000149569
0.000149569
0.000149569
0.000149569
0.00014957
0.00014957
0.000149571
0.000149576
0.000149612
0.000149892
0.000149894
0.000149637
0.000149606
0.000149603
0.000149601
0.000149601
0.000149601
0.000149601
0.000149601
0.0001496
0.0001496
0.0001496
0.000149599
0.000149599
0.000149599
0.000149598
0.000149598
0.000149598
0.000149598
0.000149598
0.000149598
0.000149598
0.000149598
0.000149598
0.000149598
0.000149599
0.000149599
0.000149599
0.0001496
0.0001496
0.0001496
0.000149601
0.000149601
0.000149601
0.000149601
0.000149601
0.000149603
0.000149606
0.000149637
0.000149895
0.000149896
0.000149661
0.000149635
0.000149632
0.000149631
0.000149631
0.000149631
0.000149631
0.000149631
0.00014963
0.00014963
0.00014963
0.000149629
0.000149629
0.000149629
0.000149628
0.000149628
0.000149628
0.000149628
0.000149628
0.000149628
0.000149628
0.000149628
0.000149628
0.000149628
0.000149629
0.000149629
0.000149629
0.00014963
0.00014963
0.00014963
0.000149631
0.000149631
0.000149631
0.000149631
0.000149631
0.000149632
0.000149635
0.000149661
0.000149896
0.000149897
0.000149683
0.000149662
0.00014966
0.000149659
0.000149659
0.000149659
0.000149659
0.000149659
0.000149658
0.000149658
0.000149658
0.000149657
0.000149657
0.000149657
0.000149657
0.000149656
0.000149656
0.000149656
0.000149656
0.000149656
0.000149656
0.000149656
0.000149656
0.000149657
0.000149657
0.000149657
0.000149657
0.000149658
0.000149658
0.000149658
0.000149659
0.000149659
0.000149659
0.000149659
0.000149659
0.00014966
0.000149662
0.000149683
0.000149897
0.000149898
0.000149704
0.000149687
0.000149686
0.000149686
0.000149686
0.000149686
0.000149685
0.000149685
0.000149685
0.000149685
0.000149684
0.000149684
0.000149684
0.000149683
0.000149683
0.000149683
0.000149683
0.000149683
0.000149683
0.000149683
0.000149683
0.000149683
0.000149683
0.000149683
0.000149683
0.000149684
0.000149684
0.000149684
0.000149685
0.000149685
0.000149685
0.000149685
0.000149686
0.000149686
0.000149686
0.000149686
0.000149687
0.000149704
0.000149898
0.000149898
0.000149723
0.000149711
0.000149711
0.000149711
0.000149711
0.000149711
0.00014971
0.00014971
0.00014971
0.00014971
0.000149709
0.000149709
0.000149709
0.000149708
0.000149708
0.000149708
0.000149708
0.000149708
0.000149708
0.000149708
0.000149708
0.000149708
0.000149708
0.000149708
0.000149708
0.000149709
0.000149709
0.000149709
0.00014971
0.00014971
0.00014971
0.00014971
0.00014971
0.000149711
0.000149711
0.000149711
0.00014971
0.000149723
0.000149898
0.000149897
0.000149741
0.000149733
0.000149734
0.000149734
0.000149734
0.000149734
0.000149734
0.000149734
0.000149733
0.000149733
0.000149733
0.000149732
0.000149732
0.000149732
0.000149732
0.000149731
0.000149731
0.000149731
0.000149731
0.000149731
0.000149731
0.000149731
0.000149731
0.000149732
0.000149732
0.000149732
0.000149732
0.000149733
0.000149733
0.000149733
0.000149734
0.000149734
0.000149734
0.000149734
0.000149734
0.000149734
0.000149733
0.000149741
0.000149897
0.000149897
0.000149758
0.000149753
0.000149756
0.000149756
0.000149756
0.000149756
0.000149756
0.000149756
0.000149755
0.000149755
0.000149755
0.000149755
0.000149754
0.000149754
0.000149754
0.000149754
0.000149753
0.000149753
0.000149753
0.000149753
0.000149753
0.000149753
0.000149754
0.000149754
0.000149754
0.000149754
0.000149755
0.000149755
0.000149755
0.000149755
0.000149756
0.000149756
0.000149756
0.000149756
0.000149756
0.000149756
0.000149753
0.000149758
0.000149897
0.000149896
0.000149774
0.000149773
0.000149776
0.000149777
0.000149777
0.000149777
0.000149777
0.000149777
0.000149776
0.000149776
0.000149776
0.000149775
0.000149775
0.000149775
0.000149775
0.000149774
0.000149774
0.000149774
0.000149774
0.000149774
0.000149774
0.000149774
0.000149775
0.000149775
0.000149775
0.000149775
0.000149776
0.000149776
0.000149776
0.000149776
0.000149777
0.000149777
0.000149777
0.000149777
0.000149777
0.000149776
0.000149773
0.000149774
0.000149896
0.000149895
0.000149788
0.000149791
0.000149796
0.000149796
0.000149796
0.000149796
0.000149796
0.000149796
0.000149796
0.000149796
0.000149795
0.000149795
0.000149795
0.000149795
0.000149794
0.000149794
0.000149794
0.000149794
0.000149794
0.000149794
0.000149794
0.000149794
0.000149794
0.000149794
0.000149795
0.000149795
0.000149795
0.000149795
0.000149796
0.000149796
0.000149796
0.000149796
0.000149796
0.000149796
0.000149796
0.000149796
0.000149791
0.000149788
0.000149895
0.000149895
0.000149802
0.000149808
0.000149814
0.000149815
0.000149815
0.000149815
0.000149815
0.000149815
0.000149814
0.000149814
0.000149814
0.000149814
0.000149813
0.000149813
0.000149813
0.000149813
0.000149812
0.000149812
0.000149812
0.000149812
0.000149812
0.000149813
0.000149813
0.000149813
0.000149813
0.000149813
0.000149814
0.000149814
0.000149814
0.000149814
0.000149815
0.000149815
0.000149815
0.000149815
0.000149815
0.000149814
0.000149808
0.000149802
0.000149895
0.000149894
0.000149814
0.000149824
0.000149831
0.000149832
0.000149832
0.000149832
0.000149832
0.000149832
0.000149832
0.000149832
0.000149831
0.000149831
0.000149831
0.000149831
0.00014983
0.00014983
0.00014983
0.00014983
0.00014983
0.00014983
0.00014983
0.00014983
0.00014983
0.00014983
0.000149831
0.000149831
0.000149831
0.000149831
0.000149832
0.000149832
0.000149832
0.000149832
0.000149832
0.000149832
0.000149832
0.000149831
0.000149824
0.000149814
0.000149894
0.000149893
0.000149826
0.00014984
0.000149847
0.000149848
0.000149848
0.000149849
0.000149849
0.000149848
0.000149848
0.000149848
0.000149848
0.000149848
0.000149847
0.000149847
0.000149847
0.000149847
0.000149846
0.000149846
0.000149846
0.000149846
0.000149846
0.000149846
0.000149847
0.000149847
0.000149847
0.000149847
0.000149848
0.000149848
0.000149848
0.000149848
0.000149848
0.000149849
0.000149849
0.000149848
0.000149848
0.000149847
0.000149839
0.000149826
0.000149893
0.000149893
0.000149837
0.000149854
0.000149862
0.000149863
0.000149864
0.000149864
0.000149864
0.000149864
0.000149864
0.000149863
0.000149863
0.000149863
0.000149863
0.000149862
0.000149862
0.000149862
0.000149862
0.000149862
0.000149862
0.000149862
0.000149862
0.000149862
0.000149862
0.000149862
0.000149863
0.000149863
0.000149863
0.000149863
0.000149863
0.000149864
0.000149864
0.000149864
0.000149864
0.000149864
0.000149863
0.000149862
0.000149854
0.000149837
0.000149893
)
;
    }
    top
    {
        type            symmetryPlane;
    }
    frontAndBack
    {
        type            empty;
    }
}


// ************************************************************************* //
