/*--------------------------------*- C++ -*----------------------------------*\
| =========                 |                                                 |
| \\      /  F ield         | OpenFOAM: The Open Source CFD Toolbox           |
|  \\    /   O peration     | Version:  2206                                  |
|   \\  /    A nd           | Website:  www.openfoam.com                      |
|    \\/     M anipulation  |                                                 |
\*---------------------------------------------------------------------------*/
FoamFile
{
    version     2.0;
    format      ascii;
    arch        "LSB;label=32;scalar=64";
    class       surfaceScalarField;
    location    "200";
    object      phi;
}
// * * * * * * * * * * * * * * * * * * * * * * * * * * * * * * * * * * * * * //

dimensions      [0 3 -1 0 0 0 0];

oriented        oriented;

internalField   nonuniform List<scalar> 
7860
(
0.0249749
2.50624e-05
0.0249739
1.04742e-06
0.0249749
-1.03356e-06
0.0249751
-2.16745e-07
0.0249751
3.80507e-08
0.024975
1.03883e-07
0.0249748
1.66383e-07
0.0249746
2.33882e-07
0.0249743
2.98527e-07
0.0249739
3.58373e-07
0.0249735
4.13399e-07
0.0249731
4.63684e-07
0.0249726
5.09246e-07
0.024972
5.50111e-07
0.0249714
5.86333e-07
0.0249708
6.18001e-07
0.0249702
6.4523e-07
0.0249695
6.68158e-07
0.0249688
6.86943e-07
0.0249681
7.01757e-07
0.0249674
7.12787e-07
0.0249667
7.20226e-07
0.0249659
7.24277e-07
0.0249652
7.25146e-07
0.0249645
7.23039e-07
0.0249638
7.18164e-07
0.0249631
7.10727e-07
0.0249624
7.0093e-07
0.0249617
6.88971e-07
0.024961
6.7504e-07
0.0249603
6.59324e-07
0.0249597
6.41999e-07
0.0249591
6.23236e-07
0.0249585
6.03197e-07
0.0249579
5.82035e-07
0.0249573
5.59895e-07
0.0249568
5.36914e-07
0.0249563
5.13219e-07
0.0249558
4.88931e-07
0.0249553
4.64161e-07
0.0249549
4.39013e-07
0.0249545
4.13583e-07
0.0249541
3.8796e-07
0.0249537
3.62226e-07
0.0249534
3.36458e-07
0.0249531
3.10723e-07
0.0249528
2.85085e-07
0.0249525
2.59602e-07
0.0249523
2.34327e-07
0.0249521
2.09307e-07
0.0249519
1.84585e-07
0.0249517
1.60201e-07
0.0249516
1.36189e-07
0.0249515
1.1258e-07
0.0249514
8.94024e-08
0.0249513
6.66809e-08
0.0249513
4.44365e-08
0.0249513
2.26864e-08
0.0249513
1.43784e-09
0.0249513
-1.92921e-08
0.0249513
-3.94786e-08
0.0249514
-5.91091e-08
0.0249515
-7.81747e-08
0.0249516
-9.66675e-08
0.0249517
-1.14581e-07
0.0249518
-1.3191e-07
0.024952
-1.48651e-07
0.0249521
-1.64799e-07
0.0249523
-1.80353e-07
0.0249525
-1.95311e-07
0.0249527
-2.09671e-07
0.0249529
-2.23434e-07
0.0249532
-2.36599e-07
0.0249534
-2.49166e-07
0.0249537
-2.61134e-07
0.024954
-2.72505e-07
0.0249542
-2.83278e-07
0.0249545
-2.93455e-07
0.0249548
-3.03034e-07
0.0249551
-3.12014e-07
0.0249555
-3.20394e-07
0.0249558
-3.2817e-07
0.0249561
-3.35339e-07
0.0249565
-3.41891e-07
0.0249568
-3.47819e-07
0.0249572
-3.53107e-07
0.0249575
-3.57736e-07
0.0249579
-3.61678e-07
0.0249583
-3.64893e-07
0.0249586
-3.67321e-07
0.024959
-3.68878e-07
0.0249594
-3.6943e-07
0.0249597
-3.68765e-07
0.0249601
-3.66521e-07
0.0249605
-3.62037e-07
0.0249608
-3.53987e-07
0.0249612
-3.39376e-07
0.0249615
-3.10672e-07
0.0249617
-2.43321e-07
-9.77838e-08
0.0250289
-3.82909e-06
0.025029
9.00304e-07
0.0250273
6.64229e-07
0.0250263
8.03943e-07
0.0250254
9.58218e-07
0.0250245
1.02081e-06
0.0250236
1.06925e-06
0.0250227
1.12056e-06
0.0250218
1.16979e-06
0.025021
1.21455e-06
0.0250201
1.25476e-06
0.0250193
1.2906e-06
0.0250185
1.32213e-06
0.0250177
1.34941e-06
0.0250169
1.37248e-06
0.0250161
1.39144e-06
0.0250154
1.4064e-06
0.0250146
1.41747e-06
0.0250139
1.42481e-06
0.0250132
1.42855e-06
0.0250124
1.42886e-06
0.0250117
1.4259e-06
0.025011
1.41985e-06
0.0250103
1.41088e-06
0.0250097
1.39916e-06
0.025009
1.38488e-06
0.0250083
1.3682e-06
0.0250077
1.34931e-06
0.0250071
1.32837e-06
0.0250064
1.30556e-06
0.0250058
1.28103e-06
0.0250052
1.25494e-06
0.0250046
1.22745e-06
0.025004
1.19869e-06
0.0250034
1.16882e-06
0.0250028
1.13796e-06
0.0250023
1.10624e-06
0.0250017
1.07378e-06
0.0250012
1.04069e-06
0.0250006
1.00709e-06
0.0250001
9.73067e-07
0.0249996
9.3872e-07
0.024999
9.0414e-07
0.0249985
8.69407e-07
0.024998
8.34601e-07
0.0249975
7.99792e-07
0.0249971
7.65047e-07
0.0249966
7.30428e-07
0.0249961
6.95993e-07
0.0249957
6.61795e-07
0.0249952
6.27881e-07
0.0249948
5.94297e-07
0.0249944
5.61083e-07
0.024994
5.28278e-07
0.0249936
4.95915e-07
0.0249932
4.64025e-07
0.0249928
4.32638e-07
0.0249924
4.01777e-07
0.024992
3.7147e-07
0.0249917
3.41737e-07
0.0249913
3.12596e-07
0.024991
2.84064e-07
0.0249906
2.56156e-07
0.0249903
2.28886e-07
0.02499
2.02266e-07
0.0249897
1.76307e-07
0.0249894
1.5102e-07
0.0249891
1.26413e-07
0.0249888
1.02493e-07
0.0249885
7.9267e-08
0.0249883
5.67421e-08
0.024988
3.49232e-08
0.0249878
1.38143e-08
0.0249875
-6.58181e-09
0.0249873
-2.6258e-08
0.0249871
-4.52061e-08
0.0249868
-6.34206e-08
0.0249866
-8.08956e-08
0.0249864
-9.76243e-08
0.0249862
-1.13598e-07
0.024986
-1.28808e-07
0.0249858
-1.43243e-07
0.0249857
-1.56886e-07
0.0249855
-1.6972e-07
0.0249853
-1.8172e-07
0.0249852
-1.92854e-07
0.024985
-2.03083e-07
0.0249849
-2.12349e-07
0.0249847
-2.20577e-07
0.0249846
-2.27662e-07
0.0249844
-2.33454e-07
0.0249843
-2.3773e-07
0.0249842
-2.40154e-07
0.0249841
-2.40192e-07
0.0249839
-2.36959e-07
0.0249838
-2.28926e-07
0.0249837
-2.13383e-07
0.0249836
-1.85552e-07
0.0249834
-1.39889e-07
-5.61355e-08
0.0249977
-1.56404e-06
0.0249981
5.4457e-07
0.024998
7.32505e-07
0.0249981
7.40981e-07
0.0249982
8.18238e-07
0.0249984
8.74902e-07
0.0249985
9.19543e-07
0.0249987
9.63542e-07
0.0249988
1.00568e-06
0.024999
1.04425e-06
0.0249992
1.07907e-06
0.0249994
1.11031e-06
0.0249996
1.13804e-06
0.0249997
1.1623e-06
0.0249999
1.18314e-06
0.0250001
1.20065e-06
0.0250003
1.21491e-06
0.0250005
1.22603e-06
0.0250007
1.23412e-06
0.0250009
1.23929e-06
0.0250011
1.24167e-06
0.0250013
1.2414e-06
0.0250014
1.2386e-06
0.0250016
1.23342e-06
0.0250018
1.22598e-06
0.025002
1.21644e-06
0.0250021
1.20492e-06
0.0250023
1.19155e-06
0.0250024
1.17647e-06
0.0250026
1.15982e-06
0.0250027
1.1417e-06
0.0250028
1.12225e-06
0.025003
1.10159e-06
0.0250031
1.07982e-06
0.0250032
1.05705e-06
0.0250033
1.03339e-06
0.0250034
1.00894e-06
0.0250035
9.83791e-07
0.0250036
9.58032e-07
0.0250037
9.3175e-07
0.0250037
9.05023e-07
0.0250038
8.77928e-07
0.0250038
8.50536e-07
0.0250039
8.22915e-07
0.0250039
7.95128e-07
0.025004
7.67234e-07
0.025004
7.39288e-07
0.025004
7.11343e-07
0.025004
6.83446e-07
0.025004
6.55643e-07
0.025004
6.27976e-07
0.025004
6.00485e-07
0.025004
5.73205e-07
0.025004
5.46171e-07
0.025004
5.19413e-07
0.0250039
4.92961e-07
0.0250039
4.66842e-07
0.0250039
4.41082e-07
0.0250038
4.15703e-07
0.0250038
3.90728e-07
0.0250037
3.66176e-07
0.0250037
3.42064e-07
0.0250036
3.1841e-07
0.0250035
2.95229e-07
0.0250035
2.72535e-07
0.0250034
2.50343e-07
0.0250033
2.28665e-07
0.0250032
2.07512e-07
0.0250031
1.86896e-07
0.0250031
1.66828e-07
0.025003
1.47316e-07
0.0250029
1.28371e-07
0.0250028
1.10003e-07
0.0250027
9.2222e-08
0.0250026
7.50378e-08
0.0250025
5.84598e-08
0.0250024
4.24988e-08
0.0250023
2.71664e-08
0.0250021
1.24754e-08
0.025002
-1.56004e-09
0.0250019
-1.49229e-08
0.0250018
-2.7593e-08
0.0250017
-3.95467e-08
0.0250016
-5.07553e-08
0.0250014
-6.11836e-08
0.0250013
-7.07874e-08
0.0250012
-7.95108e-08
0.0250011
-8.72814e-08
0.0250009
-9.40042e-08
0.0250008
-9.95523e-08
0.0250007
-1.03753e-07
0.0250006
-1.06366e-07
0.0250004
-1.0705e-07
0.0250003
-1.05318e-07
0.0250002
-1.00462e-07
0.025
-9.14858e-08
0.0249999
-7.71175e-08
0.0249998
-5.6242e-08
0.0249996
-2.99741e-08
-7.99892e-09
0.0249988
-3.86758e-07
0.0249988
5.84258e-07
0.0249987
7.98614e-07
0.0249987
7.94951e-07
0.0249987
8.30647e-07
0.0249987
8.73348e-07
0.0249987
9.09138e-07
0.0249987
9.42017e-07
0.0249987
9.72623e-07
0.0249988
1.00019e-06
0.0249988
1.02454e-06
0.0249989
1.04582e-06
0.024999
1.06411e-06
0.024999
1.07948e-06
0.0249991
1.092e-06
0.0249992
1.10176e-06
0.0249993
1.10886e-06
0.0249994
1.1134e-06
0.0249996
1.1155e-06
0.0249997
1.11527e-06
0.0249998
1.11282e-06
0.025
1.10828e-06
0.0250001
1.10177e-06
0.0250002
1.09341e-06
0.0250004
1.08333e-06
0.0250005
1.07163e-06
0.0250007
1.05844e-06
0.0250008
1.04387e-06
0.025001
1.02803e-06
0.0250011
1.01103e-06
0.0250013
9.9297e-07
0.0250014
9.73956e-07
0.0250016
9.54079e-07
0.0250017
9.33432e-07
0.0250018
9.12101e-07
0.025002
8.9017e-07
0.0250021
8.67717e-07
0.0250023
8.44816e-07
0.0250024
8.21538e-07
0.0250025
7.97948e-07
0.0250027
7.74111e-07
0.0250028
7.50082e-07
0.0250029
7.25919e-07
0.025003
7.01672e-07
0.0250032
6.7739e-07
0.0250033
6.53117e-07
0.0250034
6.28895e-07
0.0250035
6.04764e-07
0.0250036
5.80759e-07
0.0250037
5.56915e-07
0.0250038
5.33263e-07
0.0250039
5.09832e-07
0.025004
4.86649e-07
0.025004
4.63739e-07
0.0250041
4.41126e-07
0.0250042
4.1883e-07
0.0250043
3.96871e-07
0.0250043
3.75269e-07
0.0250044
3.5404e-07
0.0250045
3.33201e-07
0.0250045
3.12764e-07
0.0250046
2.92744e-07
0.0250046
2.73153e-07
0.0250046
2.54002e-07
0.0250047
2.35303e-07
0.0250047
2.17066e-07
0.0250047
1.99299e-07
0.0250048
1.82013e-07
0.0250048
1.65216e-07
0.0250048
1.48917e-07
0.0250048
1.33123e-07
0.0250048
1.17844e-07
0.0250048
1.03087e-07
0.0250048
8.8863e-08
0.0250048
7.51795e-08
0.0250048
6.20465e-08
0.0250048
4.94747e-08
0.0250048
3.7476e-08
0.0250048
2.60639e-08
0.0250048
1.52542e-08
0.0250048
5.06484e-09
0.0250048
-4.48295e-09
0.0250047
-1.33637e-08
0.0250047
-2.15467e-08
0.0250047
-2.89944e-08
0.0250046
-3.56608e-08
0.0250046
-4.14883e-08
0.0250046
-4.64046e-08
0.0250045
-5.0318e-08
0.0250045
-5.31108e-08
0.0250044
-5.46316e-08
0.0250044
-5.46845e-08
0.0250043
-5.30189e-08
0.0250043
-4.93227e-08
0.0250042
-4.32367e-08
0.0250041
-3.44331e-08
0.0250041
-2.28658e-08
0.025004
-9.43291e-09
0.025004
2.61168e-09
3.823e-09
0.0249994
1.75477e-07
0.0249994
6.44118e-07
0.0249994
8.04247e-07
0.0249994
8.08284e-07
0.0249994
8.26946e-07
0.0249994
8.58268e-07
0.0249994
8.86506e-07
0.0249994
9.11154e-07
0.0249995
9.33256e-07
0.0249995
9.52718e-07
0.0249996
9.6945e-07
0.0249996
9.83532e-07
0.0249997
9.95054e-07
0.0249998
1.00409e-06
0.0249999
1.01073e-06
0.0249999
1.01505e-06
0.025
1.01716e-06
0.0250001
1.01715e-06
0.0250002
1.01513e-06
0.0250003
1.01121e-06
0.0250004
1.00549e-06
0.0250006
9.98081e-07
0.0250007
9.89098e-07
0.0250008
9.78643e-07
0.0250009
9.66822e-07
0.025001
9.5374e-07
0.0250011
9.39497e-07
0.0250013
9.2419e-07
0.0250014
9.07916e-07
0.0250015
8.90765e-07
0.0250016
8.72824e-07
0.0250017
8.54178e-07
0.0250019
8.34906e-07
0.025002
8.15086e-07
0.0250021
7.94789e-07
0.0250022
7.74083e-07
0.0250023
7.53035e-07
0.0250024
7.31704e-07
0.0250026
7.10148e-07
0.0250027
6.88422e-07
0.0250028
6.66577e-07
0.0250029
6.44659e-07
0.025003
6.22713e-07
0.0250031
6.00781e-07
0.0250032
5.78901e-07
0.0250033
5.5711e-07
0.0250034
5.35441e-07
0.0250035
5.13925e-07
0.0250035
4.92591e-07
0.0250036
4.71465e-07
0.0250037
4.50574e-07
0.0250038
4.29938e-07
0.0250039
4.09581e-07
0.0250039
3.89521e-07
0.025004
3.69776e-07
0.0250041
3.50363e-07
0.0250041
3.31298e-07
0.0250042
3.12595e-07
0.0250043
2.94267e-07
0.0250043
2.76327e-07
0.0250044
2.58784e-07
0.0250044
2.4165e-07
0.0250045
2.24935e-07
0.0250045
2.08646e-07
0.0250046
1.92793e-07
0.0250046
1.77384e-07
0.0250046
1.62425e-07
0.0250047
1.47925e-07
0.0250047
1.3389e-07
0.0250047
1.20328e-07
0.0250048
1.07244e-07
0.0250048
9.46467e-08
0.0250048
8.25431e-08
0.0250048
7.0941e-08
0.0250048
5.98484e-08
0.0250049
4.92741e-08
0.0250049
3.92281e-08
0.0250049
2.97217e-08
0.0250049
2.07675e-08
0.0250049
1.23805e-08
0.0250049
4.57785e-09
0.0250049
-2.62037e-09
0.0250049
-9.19027e-09
0.0250049
-1.51034e-08
0.0250049
-2.03255e-08
0.0250049
-2.48155e-08
0.0250048
-2.85238e-08
0.0250048
-3.13899e-08
0.0250048
-3.33411e-08
0.0250048
-3.42896e-08
0.0250048
-3.41318e-08
0.0250047
-3.27489e-08
0.0250047
-3.00144e-08
0.0250047
-2.58162e-08
0.0250047
-2.01094e-08
0.0250047
-1.30314e-08
0.0250046
-5.12771e-09
0.0250046
2.26285e-09
0.0250046
6.58719e-09
3.79032e-09
0.0249997
4.4047e-07
0.0249997
6.78192e-07
0.0249997
7.8417e-07
0.0249997
7.93532e-07
0.0249998
8.05358e-07
0.0249998
8.27796e-07
0.0249998
8.49094e-07
0.0249999
8.66996e-07
0.0249999
8.82349e-07
0.025
8.95415e-07
0.025
9.06184e-07
0.0250001
9.14704e-07
0.0250002
9.21059e-07
0.0250003
9.25329e-07
0.0250003
9.27593e-07
0.0250004
9.2794e-07
0.0250005
9.26462e-07
0.0250006
9.23251e-07
0.0250007
9.18404e-07
0.0250008
9.12018e-07
0.0250009
9.04188e-07
0.025001
8.95011e-07
0.0250011
8.84581e-07
0.0250012
8.72992e-07
0.0250013
8.60335e-07
0.0250014
8.46698e-07
0.0250016
8.32167e-07
0.0250017
8.16825e-07
0.0250018
8.00753e-07
0.0250019
7.84026e-07
0.025002
7.66718e-07
0.0250021
7.48899e-07
0.0250022
7.30634e-07
0.0250023
7.11987e-07
0.0250024
6.93018e-07
0.0250025
6.73782e-07
0.0250026
6.54333e-07
0.0250027
6.34721e-07
0.0250028
6.14992e-07
0.0250029
5.95191e-07
0.025003
5.75358e-07
0.0250031
5.55532e-07
0.0250031
5.35749e-07
0.0250032
5.16043e-07
0.0250033
4.96444e-07
0.0250034
4.76981e-07
0.0250035
4.57681e-07
0.0250035
4.38569e-07
0.0250036
4.19668e-07
0.0250037
4.01e-07
0.0250038
3.82583e-07
0.0250038
3.64437e-07
0.0250039
3.46578e-07
0.0250039
3.29021e-07
0.025004
3.11782e-07
0.0250041
2.94873e-07
0.0250041
2.78306e-07
0.0250042
2.62093e-07
0.0250042
2.46244e-07
0.0250043
2.30768e-07
0.0250043
2.15675e-07
0.0250043
2.00972e-07
0.0250044
1.86668e-07
0.0250044
1.72768e-07
0.0250044
1.59281e-07
0.0250045
1.46212e-07
0.0250045
1.33567e-07
0.0250045
1.21353e-07
0.0250046
1.09574e-07
0.0250046
9.82381e-08
0.0250046
8.73494e-08
0.0250046
7.69145e-08
0.0250046
6.69397e-08
0.0250047
5.74315e-08
0.0250047
4.83972e-08
0.0250047
3.98445e-08
0.0250047
3.17822e-08
0.0250047
2.42202e-08
0.0250047
1.71696e-08
0.0250047
1.06434e-08
0.0250047
4.65638e-09
0.0250047
-7.74376e-10
0.0250047
-5.62894e-09
0.0250047
-9.88415e-09
0.0250047
-1.3513e-08
0.0250047
-1.64843e-08
0.0250047
-1.87619e-08
0.0250046
-2.03047e-08
0.0250046
-2.10672e-08
0.0250046
-2.10006e-08
0.0250046
-2.00567e-08
0.0250046
-1.81967e-08
0.0250046
-1.54068e-08
0.0250046
-1.17284e-08
0.0250045
-7.31129e-09
0.0250045
-2.49844e-09
0.0250045
2.05802e-09
0.0250045
5.29374e-09
0.0250045
5.82593e-09
2.62119e-09
0.0249999
5.5619e-07
0.0249999
6.83424e-07
0.0249999
7.50537e-07
0.0249999
7.61243e-07
0.025
7.69892e-07
0.025
7.85622e-07
0.0250001
8.00908e-07
0.0250001
8.13295e-07
0.0250002
8.23331e-07
0.0250002
8.31394e-07
0.0250003
8.37534e-07
0.0250004
8.41789e-07
0.0250005
8.44229e-07
0.0250005
8.44935e-07
0.0250006
8.43984e-07
0.0250007
8.41459e-07
0.0250008
8.37444e-07
0.0250009
8.32024e-07
0.025001
8.25285e-07
0.0250011
8.17314e-07
0.0250012
8.08193e-07
0.0250013
7.98009e-07
0.0250014
7.86841e-07
0.0250015
7.7477e-07
0.0250016
7.61875e-07
0.0250017
7.48229e-07
0.0250018
7.33907e-07
0.0250019
7.18976e-07
0.025002
7.03505e-07
0.0250021
6.87556e-07
0.0250022
6.71191e-07
0.0250023
6.54466e-07
0.0250023
6.37438e-07
0.0250024
6.20157e-07
0.0250025
6.02672e-07
0.0250026
5.85029e-07
0.0250027
5.67271e-07
0.0250028
5.49439e-07
0.0250029
5.31571e-07
0.025003
5.13701e-07
0.025003
4.95864e-07
0.0250031
4.7809e-07
0.0250032
4.60408e-07
0.0250033
4.42845e-07
0.0250033
4.25424e-07
0.0250034
4.08171e-07
0.0250035
3.91105e-07
0.0250035
3.74247e-07
0.0250036
3.57615e-07
0.0250037
3.41225e-07
0.0250037
3.25094e-07
0.0250038
3.09236e-07
0.0250038
2.93663e-07
0.0250039
2.78389e-07
0.0250039
2.63425e-07
0.025004
2.4878e-07
0.025004
2.34465e-07
0.025004
2.20489e-07
0.0250041
2.06858e-07
0.0250041
1.93582e-07
0.0250042
1.80666e-07
0.0250042
1.68118e-07
0.0250042
1.55943e-07
0.0250043
1.44146e-07
0.0250043
1.32734e-07
0.0250043
1.2171e-07
0.0250043
1.11081e-07
0.0250043
1.0085e-07
0.0250044
9.10229e-08
0.0250044
8.16034e-08
0.0250044
7.25964e-08
0.0250044
6.4007e-08
0.0250044
5.58401e-08
0.0250044
4.81011e-08
0.0250044
4.07958e-08
0.0250044
3.39305e-08
0.0250044
2.75121e-08
0.0250044
2.15486e-08
0.0250045
1.60487e-08
0.0250044
1.10223e-08
0.0250044
6.48046e-09
0.0250044
2.43578e-09
0.0250044
-1.09765e-09
0.0250044
-4.10404e-09
0.0250044
-6.56604e-09
0.0250044
-8.46485e-09
0.0250044
-9.78085e-09
0.0250044
-1.04946e-08
0.0250044
-1.05892e-08
0.0250044
-1.00536e-08
0.0250044
-8.88925e-09
0.0250044
-7.12037e-09
0.0250043
-4.81041e-09
0.0250043
-2.08689e-09
0.0250043
8.24323e-10
0.0250043
3.55972e-09
0.0250043
5.5928e-09
0.0250043
6.27434e-09
0.0250043
5.04195e-09
1.95268e-09
0.025
5.94023e-07
0.025
6.66136e-07
0.025
7.08007e-07
0.0250001
7.17705e-07
0.0250001
7.24272e-07
0.0250002
7.34953e-07
0.0250002
7.45294e-07
0.0250003
7.53268e-07
0.0250003
7.59187e-07
0.0250004
7.63422e-07
0.0250005
7.66055e-07
0.0250006
7.67121e-07
0.0250006
7.66681e-07
0.0250007
7.64812e-07
0.0250008
7.61586e-07
0.0250009
7.5708e-07
0.025001
7.51368e-07
0.0250011
7.44528e-07
0.0250011
7.36634e-07
0.0250012
7.27763e-07
0.0250013
7.17987e-07
0.0250014
7.07378e-07
0.0250015
6.96008e-07
0.0250016
6.83943e-07
0.0250017
6.7125e-07
0.0250018
6.57992e-07
0.0250019
6.44229e-07
0.025002
6.3002e-07
0.025002
6.15421e-07
0.0250021
6.00483e-07
0.0250022
5.85257e-07
0.0250023
5.69791e-07
0.0250024
5.54129e-07
0.0250025
5.38313e-07
0.0250025
5.22382e-07
0.0250026
5.06375e-07
0.0250027
4.90327e-07
0.0250028
4.74269e-07
0.0250029
4.58232e-07
0.0250029
4.42246e-07
0.025003
4.26336e-07
0.0250031
4.10527e-07
0.0250031
3.94843e-07
0.0250032
3.79304e-07
0.0250033
3.6393e-07
0.0250033
3.4874e-07
0.0250034
3.33751e-07
0.0250034
3.18978e-07
0.0250035
3.04435e-07
0.0250035
2.90137e-07
0.0250036
2.76094e-07
0.0250036
2.6232e-07
0.0250037
2.48823e-07
0.0250037
2.35613e-07
0.0250038
2.227e-07
0.0250038
2.10091e-07
0.0250038
1.97795e-07
0.0250039
1.85817e-07
0.0250039
1.74164e-07
0.0250039
1.62841e-07
0.025004
1.51855e-07
0.025004
1.4121e-07
0.025004
1.30911e-07
0.025004
1.20961e-07
0.0250041
1.11366e-07
0.0250041
1.02129e-07
0.0250041
9.32533e-08
0.0250041
8.47429e-08
0.0250041
7.66012e-08
0.0250041
6.88316e-08
0.0250041
6.14378e-08
0.0250042
5.44233e-08
0.0250042
4.77918e-08
0.0250042
4.15472e-08
0.0250042
3.56935e-08
0.0250042
3.02353e-08
0.0250042
2.51774e-08
0.0250042
2.05249e-08
0.0250042
1.62836e-08
0.0250042
1.24596e-08
0.0250042
9.05972e-09
0.0250042
6.09097e-09
0.0250042
3.56076e-09
0.0250042
1.47656e-09
0.0250042
-1.54584e-10
0.0250041
-1.32677e-09
0.0250041
-2.03644e-09
0.0250041
-2.28424e-09
0.0250041
-2.07786e-09
0.0250041
-1.43637e-09
0.0250041
-3.96438e-10
0.0250041
9.78715e-10
0.0250041
2.58745e-09
0.0250041
4.27536e-09
0.0250041
5.82136e-09
0.0250041
6.93258e-09
0.0250041
7.26524e-09
0.0250041
6.50152e-09
0.0250041
4.51196e-09
1.61178e-09
0.025
5.89573e-07
0.025
6.32949e-07
0.0250001
6.58965e-07
0.0250001
6.66691e-07
0.0250002
6.71474e-07
0.0250002
6.78342e-07
0.0250003
6.84779e-07
0.0250004
6.89317e-07
0.0250004
6.92123e-07
0.0250005
6.93508e-07
0.0250006
6.93566e-07
0.0250007
6.92331e-07
0.0250007
6.89861e-07
0.0250008
6.86221e-07
0.0250009
6.81482e-07
0.025001
6.75709e-07
0.0250011
6.68971e-07
0.0250011
6.61335e-07
0.0250012
6.52865e-07
0.0250013
6.43628e-07
0.0250014
6.33686e-07
0.0250015
6.23101e-07
0.0250016
6.11933e-07
0.0250016
6.00238e-07
0.0250017
5.88072e-07
0.0250018
5.75488e-07
0.0250019
5.62536e-07
0.025002
5.49264e-07
0.0250021
5.35719e-07
0.0250021
5.21944e-07
0.0250022
5.07979e-07
0.0250023
4.93864e-07
0.0250024
4.79634e-07
0.0250024
4.65324e-07
0.0250025
4.50967e-07
0.0250026
4.36592e-07
0.0250026
4.22228e-07
0.0250027
4.079e-07
0.0250028
3.93634e-07
0.0250028
3.79452e-07
0.0250029
3.65376e-07
0.025003
3.51425e-07
0.025003
3.37617e-07
0.0250031
3.2397e-07
0.0250031
3.10498e-07
0.0250032
2.97217e-07
0.0250032
2.8414e-07
0.0250033
2.7128e-07
0.0250033
2.58646e-07
0.0250034
2.46251e-07
0.0250034
2.34104e-07
0.0250034
2.22213e-07
0.0250035
2.10586e-07
0.0250035
1.99231e-07
0.0250035
1.88156e-07
0.0250036
1.77365e-07
0.0250036
1.66866e-07
0.0250036
1.56662e-07
0.0250037
1.4676e-07
0.0250037
1.37163e-07
0.0250037
1.27876e-07
0.0250037
1.18901e-07
0.0250038
1.10244e-07
0.0250038
1.01906e-07
0.0250038
9.38915e-08
0.0250038
8.62027e-08
0.0250038
7.88422e-08
0.0250038
7.18126e-08
0.0250039
6.51165e-08
0.0250039
5.8756e-08
0.0250039
5.27336e-08
0.0250039
4.70514e-08
0.0250039
4.17118e-08
0.0250039
3.6717e-08
0.0250039
3.20694e-08
0.0250039
2.77712e-08
0.0250039
2.3825e-08
0.0250039
2.0233e-08
0.0250039
1.69977e-08
0.0250039
1.41214e-08
0.0250039
1.1606e-08
0.0250039
9.45309e-09
0.0250039
7.66334e-09
0.0250039
6.23623e-09
0.0250039
5.16926e-09
0.0250039
4.45692e-09
0.0250039
4.08933e-09
0.0250039
4.05017e-09
0.0250038
4.31398e-09
0.0250038
4.84246e-09
0.0250038
5.57969e-09
0.0250038
6.44647e-09
0.0250038
7.33422e-09
0.0250038
8.10035e-09
0.0250038
8.56853e-09
0.0250038
8.54079e-09
0.0250038
7.83072e-09
0.0250038
6.3272e-09
0.0250038
4.08298e-09
1.40319e-09
0.025
5.61472e-07
0.0250001
5.89084e-07
0.0250001
6.05168e-07
0.0250002
6.10752e-07
0.0250002
6.1391e-07
0.0250003
6.1791e-07
0.0250004
6.21379e-07
0.0250004
6.23332e-07
0.0250005
6.2386e-07
0.0250006
6.23205e-07
0.0250006
6.21456e-07
0.0250007
6.18651e-07
0.0250008
6.1484e-07
0.0250009
6.10083e-07
0.0250009
6.04442e-07
0.025001
5.97975e-07
0.0250011
5.90742e-07
0.0250012
5.82801e-07
0.0250013
5.74208e-07
0.0250013
5.65019e-07
0.0250014
5.55287e-07
0.0250015
5.45064e-07
0.0250016
5.34401e-07
0.0250016
5.23345e-07
0.0250017
5.11943e-07
0.0250018
5.00237e-07
0.0250019
4.88271e-07
0.0250019
4.76083e-07
0.025002
4.63711e-07
0.0250021
4.51191e-07
0.0250022
4.38555e-07
0.0250022
4.25836e-07
0.0250023
4.13063e-07
0.0250024
4.00264e-07
0.0250024
3.87464e-07
0.0250025
3.74688e-07
0.0250025
3.61958e-07
0.0250026
3.49296e-07
0.0250027
3.36721e-07
0.0250027
3.24251e-07
0.0250028
3.11903e-07
0.0250028
2.99693e-07
0.0250029
2.87635e-07
0.0250029
2.75743e-07
0.025003
2.64029e-07
0.025003
2.52504e-07
0.025003
2.4118e-07
0.0250031
2.30064e-07
0.0250031
2.19168e-07
0.0250032
2.08497e-07
0.0250032
1.98061e-07
0.0250032
1.87866e-07
0.0250033
1.77918e-07
0.0250033
1.68223e-07
0.0250033
1.58786e-07
0.0250034
1.49613e-07
0.0250034
1.40707e-07
0.0250034
1.32072e-07
0.0250034
1.23713e-07
0.0250035
1.15632e-07
0.0250035
1.07832e-07
0.0250035
1.00317e-07
0.0250035
9.30883e-08
0.0250035
8.61489e-08
0.0250035
7.95005e-08
0.0250036
7.31451e-08
0.0250036
6.70846e-08
0.0250036
6.13203e-08
0.0250036
5.58537e-08
0.0250036
5.06862e-08
0.0250036
4.58188e-08
0.0250036
4.12525e-08
0.0250036
3.69882e-08
0.0250036
3.30265e-08
0.0250036
2.93679e-08
0.0250036
2.60128e-08
0.0250036
2.29611e-08
0.0250036
2.02124e-08
0.0250036
1.77659e-08
0.0250036
1.56201e-08
0.0250036
1.37726e-08
0.0250036
1.22199e-08
0.0250036
1.09568e-08
0.0250036
9.97601e-09
0.0250036
9.26727e-09
0.0250036
8.81636e-09
0.0250036
8.6038e-09
0.0250036
8.60313e-09
0.0250036
8.77883e-09
0.0250036
9.08381e-09
0.0250036
9.45676e-09
0.0250036
9.81964e-09
0.0250036
1.00765e-08
0.0250036
1.01152e-08
0.0250036
9.81442e-09
0.0250036
9.06038e-09
0.0250036
7.77486e-09
0.0250036
5.95422e-09
0.0250036
3.70459e-09
1.25112e-09
0.025
5.19679e-07
0.0250001
5.38169e-07
0.0250001
5.47975e-07
0.0250002
5.5162e-07
0.0250003
5.53358e-07
0.0250003
5.55241e-07
0.0250004
5.5654e-07
0.0250005
5.56633e-07
0.0250005
5.55571e-07
0.0250006
5.53536e-07
0.0250007
5.50608e-07
0.0250007
5.46824e-07
0.0250008
5.4223e-07
0.0250009
5.36877e-07
0.025001
5.3082e-07
0.025001
5.2411e-07
0.0250011
5.16797e-07
0.0250012
5.08932e-07
0.0250013
5.00563e-07
0.0250013
4.91736e-07
0.0250014
4.82496e-07
0.0250015
4.72887e-07
0.0250015
4.62951e-07
0.0250016
4.52728e-07
0.0250017
4.42254e-07
0.0250018
4.31567e-07
0.0250018
4.20701e-07
0.0250019
4.09688e-07
0.025002
3.98558e-07
0.025002
3.87341e-07
0.0250021
3.76063e-07
0.0250021
3.6475e-07
0.0250022
3.53425e-07
0.0250023
3.42112e-07
0.0250023
3.3083e-07
0.0250024
3.19599e-07
0.0250024
3.08437e-07
0.0250025
2.97361e-07
0.0250025
2.86386e-07
0.0250026
2.75528e-07
0.0250026
2.64798e-07
0.0250027
2.5421e-07
0.0250027
2.43775e-07
0.0250028
2.33504e-07
0.0250028
2.23405e-07
0.0250028
2.13489e-07
0.0250029
2.03763e-07
0.0250029
1.94235e-07
0.0250029
1.84912e-07
0.025003
1.758e-07
0.025003
1.66904e-07
0.025003
1.58231e-07
0.0250031
1.49785e-07
0.0250031
1.4157e-07
0.0250031
1.33591e-07
0.0250031
1.25851e-07
0.0250032
1.18353e-07
0.0250032
1.11101e-07
0.0250032
1.04097e-07
0.0250032
9.73434e-08
0.0250032
9.08426e-08
0.0250033
8.45964e-08
0.0250033
7.86066e-08
0.0250033
7.28746e-08
0.0250033
6.74019e-08
0.0250033
6.21895e-08
0.0250033
5.72383e-08
0.0250033
5.25491e-08
0.0250033
4.81223e-08
0.0250033
4.39582e-08
0.0250033
4.00569e-08
0.0250033
3.64183e-08
0.0250034
3.30417e-08
0.0250034
2.99266e-08
0.0250034
2.70715e-08
0.0250034
2.44751e-08
0.0250034
2.2135e-08
0.0250034
2.00484e-08
0.0250034
1.82116e-08
0.0250034
1.662e-08
0.0250034
1.52675e-08
0.0250034
1.41465e-08
0.0250034
1.32472e-08
0.0250033
1.25572e-08
0.0250033
1.2061e-08
0.0250033
1.17387e-08
0.0250033
1.15654e-08
0.0250033
1.15099e-08
0.0250033
1.15334e-08
0.0250033
1.15885e-08
0.0250033
1.16179e-08
0.0250033
1.15551e-08
0.0250033
1.13256e-08
0.0250033
1.08518e-08
0.0250033
1.00613e-08
0.0250033
8.9014e-09
0.0250033
7.35712e-09
0.0250033
5.46912e-09
0.0250033
3.33954e-09
1.11983e-09
0.025
4.69904e-07
0.0250001
4.82773e-07
0.0250002
4.88555e-07
0.0250002
4.90615e-07
0.0250003
4.912e-07
0.0250004
4.91577e-07
0.0250004
4.91372e-07
0.0250005
4.90209e-07
0.0250006
4.88122e-07
0.0250006
4.85245e-07
0.0250007
4.81645e-07
0.0250008
4.77359e-07
0.0250008
4.72426e-07
0.0250009
4.66892e-07
0.025001
4.60802e-07
0.025001
4.54201e-07
0.0250011
4.47132e-07
0.0250012
4.39637e-07
0.0250012
4.31756e-07
0.0250013
4.23528e-07
0.0250014
4.14991e-07
0.0250014
4.06181e-07
0.0250015
3.97132e-07
0.0250016
3.87877e-07
0.0250016
3.78446e-07
0.0250017
3.68869e-07
0.0250018
3.59175e-07
0.0250018
3.49389e-07
0.0250019
3.39536e-07
0.0250019
3.29639e-07
0.025002
3.19719e-07
0.0250021
3.09799e-07
0.0250021
2.99895e-07
0.0250022
2.90026e-07
0.0250022
2.80209e-07
0.0250023
2.7046e-07
0.0250023
2.60791e-07
0.0250024
2.51217e-07
0.0250024
2.4175e-07
0.0250024
2.32401e-07
0.0250025
2.2318e-07
0.0250025
2.14099e-07
0.0250026
2.05164e-07
0.0250026
1.96385e-07
0.0250026
1.87769e-07
0.0250027
1.79324e-07
0.0250027
1.71055e-07
0.0250027
1.62968e-07
0.0250028
1.55068e-07
0.0250028
1.47362e-07
0.0250028
1.39852e-07
0.0250028
1.32543e-07
0.0250029
1.25439e-07
0.0250029
1.18543e-07
0.0250029
1.11858e-07
0.0250029
1.05386e-07
0.025003
9.91313e-08
0.025003
9.30947e-08
0.025003
8.72785e-08
0.025003
8.16844e-08
0.025003
7.63139e-08
0.025003
7.11683e-08
0.025003
6.62487e-08
0.0250031
6.15558e-08
0.0250031
5.70905e-08
0.0250031
5.28531e-08
0.0250031
4.88439e-08
0.0250031
4.50628e-08
0.0250031
4.15096e-08
0.0250031
3.81838e-08
0.0250031
3.50845e-08
0.0250031
3.22106e-08
0.0250031
2.95604e-08
0.0250031
2.71319e-08
0.0250031
2.49226e-08
0.0250031
2.29292e-08
0.0250031
2.11478e-08
0.0250031
1.95736e-08
0.0250031
1.82007e-08
0.0250031
1.70219e-08
0.0250031
1.60285e-08
0.0250031
1.521e-08
0.0250031
1.45536e-08
0.0250031
1.40439e-08
0.0250031
1.36624e-08
0.0250031
1.33865e-08
0.0250031
1.31898e-08
0.0250031
1.30405e-08
0.0250031
1.29018e-08
0.0250031
1.27311e-08
0.0250031
1.2481e-08
0.0250031
1.21003e-08
0.0250031
1.15374e-08
0.0250031
1.0745e-08
0.0250031
9.68737e-09
0.0250031
8.35005e-09
0.0250031
6.74868e-09
0.0250031
4.93417e-09
0.0250031
2.98684e-09
9.99218e-10
0.0250001
4.15383e-07
0.0250001
4.24591e-07
0.0250002
4.27785e-07
0.0250002
4.2865e-07
0.0250003
4.28378e-07
0.0250004
4.2775e-07
0.0250004
4.26584e-07
0.0250005
4.24659e-07
0.0250006
4.22005e-07
0.0250006
4.18717e-07
0.0250007
4.14851e-07
0.0250008
4.10441e-07
0.0250008
4.05521e-07
0.0250009
4.00129e-07
0.025001
3.94305e-07
0.025001
3.88085e-07
0.0250011
3.81506e-07
0.0250012
3.74603e-07
0.0250012
3.67408e-07
0.0250013
3.59954e-07
0.0250013
3.52272e-07
0.0250014
3.44391e-07
0.0250015
3.3634e-07
0.0250015
3.28144e-07
0.0250016
3.19829e-07
0.0250016
3.11418e-07
0.0250017
3.02935e-07
0.0250018
2.94399e-07
0.0250018
2.85831e-07
0.0250019
2.7725e-07
0.0250019
2.68671e-07
0.025002
2.60113e-07
0.025002
2.51589e-07
0.0250021
2.43115e-07
0.0250021
2.34702e-07
0.0250021
2.26363e-07
0.0250022
2.1811e-07
0.0250022
2.09952e-07
0.0250023
2.019e-07
0.0250023
1.93962e-07
0.0250023
1.86146e-07
0.0250024
1.78461e-07
0.0250024
1.70912e-07
0.0250024
1.63506e-07
0.0250025
1.5625e-07
0.0250025
1.49148e-07
0.0250025
1.42206e-07
0.0250026
1.35427e-07
0.0250026
1.28816e-07
0.0250026
1.22377e-07
0.0250026
1.16113e-07
0.0250027
1.10028e-07
0.0250027
1.04123e-07
0.0250027
9.84011e-08
0.0250027
9.28653e-08
0.0250027
8.75171e-08
0.0250028
8.23584e-08
0.0250028
7.73906e-08
0.0250028
7.26153e-08
0.0250028
6.80334e-08
0.0250028
6.3646e-08
0.0250028
5.94539e-08
0.0250028
5.54576e-08
0.0250028
5.16574e-08
0.0250029
4.80536e-08
0.0250029
4.46461e-08
0.0250029
4.14346e-08
0.0250029
3.84185e-08
0.0250029
3.55969e-08
0.0250029
3.29688e-08
0.0250029
3.05324e-08
0.0250029
2.8286e-08
0.0250029
2.62271e-08
0.0250029
2.43526e-08
0.0250029
2.26591e-08
0.0250029
2.11422e-08
0.0250029
1.97966e-08
0.0250029
1.86163e-08
0.0250029
1.75937e-08
0.0250029
1.67204e-08
0.0250029
1.59858e-08
0.0250029
1.5378e-08
0.0250029
1.48826e-08
0.0250029
1.4483e-08
0.0250029
1.41598e-08
0.0250029
1.38908e-08
0.0250029
1.36501e-08
0.0250029
1.34091e-08
0.0250029
1.31355e-08
0.0250029
1.27948e-08
0.0250029
1.23508e-08
0.0250029
1.17681e-08
0.0250029
1.10146e-08
0.0250029
1.0066e-08
0.0250029
8.91053e-09
0.0250029
7.55406e-09
0.0250029
6.02305e-09
0.0250029
4.36314e-09
0.0250029
2.63015e-09
8.79734e-10
0.0250001
3.58149e-07
0.0250001
3.6482e-07
0.0250002
3.66365e-07
0.0250002
3.66403e-07
0.0250003
3.65573e-07
0.0250004
3.6435e-07
0.0250004
3.62658e-07
0.0250005
3.60372e-07
0.0250006
3.57517e-07
0.0250006
3.54161e-07
0.0250007
3.50351e-07
0.0250008
3.46115e-07
0.0250008
3.41482e-07
0.0250009
3.36485e-07
0.0250009
3.31157e-07
0.025001
3.25526e-07
0.0250011
3.19624e-07
0.0250011
3.13478e-07
0.0250012
3.07116e-07
0.0250012
3.00564e-07
0.0250013
2.93846e-07
0.0250014
2.86986e-07
0.0250014
2.80007e-07
0.0250015
2.7293e-07
0.0250015
2.65775e-07
0.0250016
2.58561e-07
0.0250016
2.51306e-07
0.0250017
2.44025e-07
0.0250017
2.36736e-07
0.0250018
2.29452e-07
0.0250018
2.22187e-07
0.0250019
2.14953e-07
0.0250019
2.07763e-07
0.025002
2.00628e-07
0.025002
1.93558e-07
0.025002
1.86561e-07
0.0250021
1.79648e-07
0.0250021
1.72825e-07
0.0250022
1.66101e-07
0.0250022
1.59482e-07
0.0250022
1.52975e-07
0.0250022
1.46585e-07
0.0250023
1.40318e-07
0.0250023
1.34178e-07
0.0250023
1.28171e-07
0.0250024
1.223e-07
0.0250024
1.16569e-07
0.0250024
1.10981e-07
0.0250024
1.05539e-07
0.0250025
1.00247e-07
0.0250025
9.51062e-08
0.0250025
9.01197e-08
0.0250025
8.52893e-08
0.0250025
8.06169e-08
0.0250026
7.6104e-08
0.0250026
7.17522e-08
0.0250026
6.75627e-08
0.0250026
6.35365e-08
0.0250026
5.96746e-08
0.0250026
5.59777e-08
0.0250026
5.24463e-08
0.0250026
4.90809e-08
0.0250027
4.58816e-08
0.0250027
4.28485e-08
0.0250027
3.99813e-08
0.0250027
3.72796e-08
0.0250027
3.47428e-08
0.0250027
3.23698e-08
0.0250027
3.01595e-08
0.0250027
2.81102e-08
0.0250027
2.62199e-08
0.0250027
2.44863e-08
0.0250027
2.29063e-08
0.0250027
2.14765e-08
0.0250027
2.01927e-08
0.0250027
1.90498e-08
0.0250027
1.8042e-08
0.0250027
1.71625e-08
0.0250027
1.64033e-08
0.0250027
1.57548e-08
0.0250027
1.52065e-08
0.0250027
1.47456e-08
0.0250027
1.4358e-08
0.0250027
1.40272e-08
0.0250027
1.37349e-08
0.0250027
1.34605e-08
0.0250027
1.31812e-08
0.0250027
1.28727e-08
0.0250027
1.25092e-08
0.0250027
1.20645e-08
0.0250027
1.15134e-08
0.0250027
1.08335e-08
0.0250027
1.00077e-08
0.0250027
9.02704e-09
0.0250027
7.89324e-09
0.0250027
6.6207e-09
0.0250027
5.23608e-09
0.0250027
3.77467e-09
0.0250027
2.27282e-09
7.60733e-10
0.0250001
2.99376e-07
0.0250001
3.04216e-07
0.0250002
3.04755e-07
0.0250002
3.04294e-07
0.0250003
3.03174e-07
0.0250004
3.01691e-07
0.0250004
2.99817e-07
0.0250005
2.97486e-07
0.0250006
2.94718e-07
0.0250006
2.91563e-07
0.0250007
2.88058e-07
0.0250007
2.84226e-07
0.0250008
2.80093e-07
0.0250009
2.75683e-07
0.0250009
2.71023e-07
0.025001
2.66138e-07
0.025001
2.61051e-07
0.0250011
2.55785e-07
0.0250012
2.50361e-07
0.0250012
2.448e-07
0.0250013
2.39122e-07
0.0250013
2.33345e-07
0.0250014
2.27487e-07
0.0250014
2.21565e-07
0.0250015
2.15593e-07
0.0250015
2.09588e-07
0.0250016
2.03563e-07
0.0250016
1.9753e-07
0.0250017
1.91502e-07
0.0250017
1.8549e-07
0.0250017
1.79504e-07
0.0250018
1.73555e-07
0.0250018
1.67651e-07
0.0250019
1.61801e-07
0.0250019
1.56013e-07
0.0250019
1.50293e-07
0.025002
1.44649e-07
0.025002
1.39087e-07
0.025002
1.33612e-07
0.0250021
1.2823e-07
0.0250021
1.22945e-07
0.0250021
1.17761e-07
0.0250022
1.12684e-07
0.0250022
1.07716e-07
0.0250022
1.02861e-07
0.0250022
9.81219e-08
0.0250023
9.35015e-08
0.0250023
8.90023e-08
0.0250023
8.46266e-08
0.0250023
8.03766e-08
0.0250023
7.6254e-08
0.0250024
7.22606e-08
0.0250024
6.83979e-08
0.0250024
6.46672e-08
0.0250024
6.10696e-08
0.0250024
5.76061e-08
0.0250024
5.42778e-08
0.0250024
5.10851e-08
0.0250025
4.80288e-08
0.0250025
4.51093e-08
0.0250025
4.23267e-08
0.0250025
3.96813e-08
0.0250025
3.71729e-08
0.0250025
3.48014e-08
0.0250025
3.25664e-08
0.0250025
3.04671e-08
0.0250025
2.85027e-08
0.0250025
2.6672e-08
0.0250025
2.49736e-08
0.0250025
2.34057e-08
0.0250025
2.19662e-08
0.0250025
2.06524e-08
0.0250026
1.94611e-08
0.0250026
1.83887e-08
0.0250026
1.74309e-08
0.0250026
1.65826e-08
0.0250026
1.58377e-08
0.0250026
1.51895e-08
0.0250026
1.46299e-08
0.0250026
1.41499e-08
0.0250026
1.3739e-08
0.0250026
1.33853e-08
0.0250026
1.30757e-08
0.0250026
1.27953e-08
0.0250026
1.25277e-08
0.0250026
1.22555e-08
0.0250026
1.19598e-08
0.0250026
1.16212e-08
0.0250026
1.12204e-08
0.0250026
1.0739e-08
0.0250026
1.01607e-08
0.0250026
9.47309e-09
0.0250026
8.66906e-09
0.0250026
7.74851e-09
0.0250026
6.71937e-09
0.0250026
5.59763e-09
0.0250026
4.40558e-09
0.0250026
3.16809e-09
0.0250026
1.90692e-09
6.3886e-10
0.0250001
2.39834e-07
0.0250001
2.43283e-07
0.0250002
2.43265e-07
0.0250002
2.42577e-07
0.0250003
2.41401e-07
0.0250004
2.39919e-07
0.0250004
2.38129e-07
0.0250005
2.35997e-07
0.0250006
2.3354e-07
0.0250006
2.30794e-07
0.0250007
2.27785e-07
0.0250007
2.24533e-07
0.0250008
2.21058e-07
0.0250008
2.1738e-07
0.0250009
2.13518e-07
0.025001
2.09493e-07
0.025001
2.05323e-07
0.0250011
2.01024e-07
0.0250011
1.96613e-07
0.0250012
1.92106e-07
0.0250012
1.87519e-07
0.0250013
1.82865e-07
0.0250013
1.78158e-07
0.0250014
1.7341e-07
0.0250014
1.68633e-07
0.0250015
1.63839e-07
0.0250015
1.59037e-07
0.0250016
1.54238e-07
0.0250016
1.49451e-07
0.0250016
1.44683e-07
0.0250017
1.39944e-07
0.0250017
1.35239e-07
0.0250018
1.30577e-07
0.0250018
1.25962e-07
0.0250018
1.21402e-07
0.0250019
1.16902e-07
0.0250019
1.12465e-07
0.0250019
1.08098e-07
0.025002
1.03804e-07
0.025002
9.9587e-08
0.025002
9.54506e-08
0.025002
9.1398e-08
0.0250021
8.74322e-08
0.0250021
8.35559e-08
0.0250021
7.97716e-08
0.0250021
7.60814e-08
0.0250021
7.24875e-08
0.0250022
6.89916e-08
0.0250022
6.55954e-08
0.0250022
6.23005e-08
0.0250022
5.91081e-08
0.0250022
5.60194e-08
0.0250023
5.30356e-08
0.0250023
5.01575e-08
0.0250023
4.7386e-08
0.0250023
4.47217e-08
0.0250023
4.21652e-08
0.0250023
3.97169e-08
0.0250023
3.73773e-08
0.0250023
3.51464e-08
0.0250023
3.30245e-08
0.0250024
3.10114e-08
0.0250024
2.9107e-08
0.0250024
2.73109e-08
0.0250024
2.56226e-08
0.0250024
2.40414e-08
0.0250024
2.25663e-08
0.0250024
2.11961e-08
0.0250024
1.99295e-08
0.0250024
1.87647e-08
0.0250024
1.76995e-08
0.0250024
1.67315e-08
0.0250024
1.58576e-08
0.0250024
1.50745e-08
0.0250024
1.43779e-08
0.0250024
1.37632e-08
0.0250024
1.32249e-08
0.0250024
1.27568e-08
0.0250024
1.23515e-08
0.0250024
1.20009e-08
0.0250024
1.16959e-08
0.0250024
1.1426e-08
0.0250024
1.118e-08
0.0250024
1.09452e-08
0.0250024
1.07084e-08
0.0250024
1.04553e-08
0.0250024
1.01715e-08
0.0250025
9.84258e-09
0.0250025
9.45485e-09
0.0250025
8.99622e-09
0.0250025
8.45722e-09
0.0250025
7.83197e-09
0.0250025
7.11925e-09
0.0250025
6.32311e-09
0.0250025
5.45305e-09
0.0250025
4.52314e-09
0.0250025
3.55005e-09
0.0250025
2.55007e-09
0.0250025
1.53579e-09
5.1499e-10
0.0250001
1.79942e-07
0.0250001
1.82301e-07
0.0250002
1.82043e-07
0.0250002
1.81343e-07
0.0250003
1.80298e-07
0.0250004
1.7902e-07
0.0250004
1.77513e-07
0.0250005
1.75764e-07
0.0250005
1.73785e-07
0.0250006
1.71601e-07
0.0250007
1.6923e-07
0.0250007
1.66687e-07
0.0250008
1.63987e-07
0.0250008
1.61146e-07
0.0250009
1.58177e-07
0.0250009
1.55094e-07
0.025001
1.51912e-07
0.025001
1.48641e-07
0.0250011
1.45295e-07
0.0250012
1.41885e-07
0.0250012
1.38422e-07
0.0250012
1.34916e-07
0.0250013
1.31377e-07
0.0250013
1.27813e-07
0.0250014
1.24233e-07
0.0250014
1.20646e-07
0.0250015
1.17058e-07
0.0250015
1.13477e-07
0.0250015
1.09908e-07
0.0250016
1.06359e-07
0.0250016
1.02835e-07
0.0250017
9.93398e-08
0.0250017
9.58797e-08
0.0250017
9.24587e-08
0.0250018
8.9081e-08
0.0250018
8.57503e-08
0.0250018
8.24702e-08
0.0250019
7.92439e-08
0.0250019
7.60742e-08
0.0250019
7.29641e-08
0.0250019
6.99159e-08
0.025002
6.69319e-08
0.025002
6.40142e-08
0.025002
6.11646e-08
0.025002
5.8385e-08
0.025002
5.56767e-08
0.0250021
5.30414e-08
0.0250021
5.04801e-08
0.0250021
4.79942e-08
0.0250021
4.55845e-08
0.0250021
4.3252e-08
0.0250021
4.09975e-08
0.0250022
3.88217e-08
0.0250022
3.67253e-08
0.0250022
3.47087e-08
0.0250022
3.27725e-08
0.0250022
3.0917e-08
0.0250022
2.91424e-08
0.0250022
2.7449e-08
0.0250022
2.58367e-08
0.0250022
2.43057e-08
0.0250023
2.28558e-08
0.0250023
2.14868e-08
0.0250023
2.01982e-08
0.0250023
1.89897e-08
0.0250023
1.78605e-08
0.0250023
1.68098e-08
0.0250023
1.58366e-08
0.0250023
1.49396e-08
0.0250023
1.41173e-08
0.0250023
1.33678e-08
0.0250023
1.26891e-08
0.0250023
1.20786e-08
0.0250023
1.15333e-08
0.0250023
1.10499e-08
0.0250023
1.06243e-08
0.0250023
1.02521e-08
0.0250023
9.9281e-09
0.0250023
9.64633e-09
0.0250023
9.40018e-09
0.0250023
9.18224e-09
0.0250023
8.98431e-09
0.0250023
8.79745e-09
0.0250023
8.61204e-09
0.0250023
8.41793e-09
0.0250023
8.20467e-09
0.0250023
7.96182e-09
0.0250024
7.67942e-09
0.0250024
7.34849e-09
0.0250024
6.96171e-09
0.0250024
6.51407e-09
0.0250024
6.00358e-09
0.0250024
5.43168e-09
0.0250024
4.80353e-09
0.0250024
4.12753e-09
0.0250024
3.41443e-09
0.0250024
2.67561e-09
0.0250024
1.92108e-09
0.0250024
1.15738e-09
3.88382e-10
0.0250001
1.19938e-07
0.0250001
1.21402e-07
0.0250002
1.2112e-07
0.0250002
1.20569e-07
0.0250003
1.19795e-07
0.0250004
1.18863e-07
0.0250004
1.17783e-07
0.0250005
1.16548e-07
0.0250005
1.15165e-07
0.0250006
1.13651e-07
0.0250007
1.12018e-07
0.0250007
1.10275e-07
0.0250008
1.08433e-07
0.0250008
1.065e-07
0.0250009
1.04488e-07
0.0250009
1.02404e-07
0.025001
1.00257e-07
0.025001
9.80565e-08
0.0250011
9.58092e-08
0.0250011
9.35229e-08
0.0250012
9.12046e-08
0.0250012
8.88609e-08
0.0250013
8.6498e-08
0.0250013
8.41218e-08
0.0250014
8.17378e-08
0.0250014
7.9351e-08
0.0250014
7.69664e-08
0.0250015
7.45882e-08
0.0250015
7.22207e-08
0.0250015
6.98678e-08
0.0250016
6.75331e-08
0.0250016
6.52198e-08
0.0250016
6.29311e-08
0.0250017
6.06698e-08
0.0250017
5.84386e-08
0.0250017
5.62399e-08
0.0250018
5.40759e-08
0.0250018
5.19487e-08
0.0250018
4.98602e-08
0.0250018
4.78122e-08
0.0250019
4.58061e-08
0.0250019
4.38435e-08
0.0250019
4.19257e-08
0.0250019
4.00538e-08
0.025002
3.8229e-08
0.025002
3.64521e-08
0.025002
3.47242e-08
0.025002
3.30459e-08
0.025002
3.1418e-08
0.025002
2.98411e-08
0.0250021
2.83158e-08
0.0250021
2.68426e-08
0.0250021
2.54219e-08
0.0250021
2.40541e-08
0.0250021
2.27396e-08
0.0250021
2.14785e-08
0.0250021
2.02711e-08
0.0250021
1.91175e-08
0.0250021
1.80179e-08
0.0250022
1.69722e-08
0.0250022
1.59804e-08
0.0250022
1.50425e-08
0.0250022
1.41581e-08
0.0250022
1.3327e-08
0.0250022
1.25489e-08
0.0250022
1.18232e-08
0.0250022
1.11493e-08
0.0250022
1.05265e-08
0.0250022
9.9537e-09
0.0250022
9.42991e-09
0.0250022
8.95377e-09
0.0250022
8.52372e-09
0.0250022
8.13793e-09
0.0250022
7.79427e-09
0.0250022
7.49029e-09
0.0250022
7.22314e-09
0.0250022
6.98959e-09
0.0250022
6.78595e-09
0.0250023
6.60805e-09
0.0250023
6.45124e-09
0.0250023
6.31034e-09
0.0250023
6.17968e-09
0.0250023
6.05314e-09
0.0250023
5.92421e-09
0.0250023
5.78613e-09
0.0250023
5.63205e-09
0.0250023
5.45531e-09
0.0250023
5.24973e-09
0.0250023
5.01001e-09
0.0250023
4.73214e-09
0.0250023
4.41383e-09
0.0250023
4.05484e-09
0.0250023
3.65723e-09
0.0250023
3.22527e-09
0.0250023
2.76502e-09
0.0250023
2.28354e-09
0.0250023
1.78779e-09
0.0250023
1.28334e-09
0.0250023
7.73498e-10
2.59689e-10
0.0250001
5.99331e-08
0.0250001
6.06269e-08
0.0250002
6.04547e-08
0.0250002
6.01551e-08
0.0250003
5.97449e-08
0.0250004
5.92558e-08
0.0250004
5.86933e-08
0.0250005
5.80552e-08
0.0250005
5.73455e-08
0.0250006
5.65715e-08
0.0250006
5.57394e-08
0.0250007
5.48541e-08
0.0250008
5.39206e-08
0.0250008
5.29435e-08
0.0250009
5.19277e-08
0.0250009
5.08775e-08
0.025001
4.97974e-08
0.025001
4.86914e-08
0.0250011
4.75633e-08
0.0250011
4.64168e-08
0.0250012
4.52553e-08
0.0250012
4.40822e-08
0.0250012
4.29003e-08
0.0250013
4.17127e-08
0.0250013
4.05219e-08
0.0250014
3.93305e-08
0.0250014
3.81408e-08
0.0250014
3.6955e-08
0.0250015
3.57751e-08
0.0250015
3.4603e-08
0.0250016
3.34405e-08
0.0250016
3.22891e-08
0.0250016
3.11505e-08
0.0250016
3.0026e-08
0.0250017
2.89169e-08
0.0250017
2.78244e-08
0.0250017
2.67496e-08
0.0250018
2.56935e-08
0.0250018
2.4657e-08
0.0250018
2.3641e-08
0.0250018
2.26463e-08
0.0250019
2.16735e-08
0.0250019
2.07233e-08
0.0250019
1.97963e-08
0.0250019
1.8893e-08
0.0250019
1.80138e-08
0.0250019
1.71591e-08
0.025002
1.63294e-08
0.025002
1.55249e-08
0.025002
1.4746e-08
0.025002
1.39928e-08
0.025002
1.32658e-08
0.025002
1.25649e-08
0.025002
1.18905e-08
0.0250021
1.12427e-08
0.0250021
1.06215e-08
0.0250021
1.00271e-08
0.0250021
9.4596e-09
0.0250021
8.91897e-09
0.0250021
8.40526e-09
0.0250021
7.91842e-09
0.0250021
7.45839e-09
0.0250021
7.02508e-09
0.0250021
6.61831e-09
0.0250021
6.23789e-09
0.0250021
5.88355e-09
0.0250022
5.55494e-09
0.0250022
5.25167e-09
0.0250022
4.97322e-09
0.0250022
4.71901e-09
0.0250022
4.48833e-09
0.0250022
4.28036e-09
0.0250022
4.09413e-09
0.0250022
3.92852e-09
0.0250022
3.78224e-09
0.0250022
3.6538e-09
0.0250022
3.54152e-09
0.0250022
3.44348e-09
0.0250022
3.35752e-09
0.0250022
3.28125e-09
0.0250022
3.212e-09
0.0250022
3.1469e-09
0.0250022
3.08284e-09
0.0250022
3.01654e-09
0.0250022
2.94462e-09
0.0250022
2.86374e-09
0.0250022
2.77065e-09
0.0250022
2.66242e-09
0.0250022
2.53663e-09
0.0250022
2.39155e-09
0.0250022
2.22635e-09
0.0250022
2.04126e-09
0.0250022
1.83761e-09
0.0250022
1.61779e-09
0.0250022
1.38492e-09
0.0250022
1.14252e-09
0.0250022
8.93855e-10
0.0250022
6.41466e-10
0.0250022
3.8663e-10
1.29812e-10
0.0250001
-7.69097e-11
0.0250001
-7.65629e-11
0.0250002
-7.67854e-11
0.0250002
-7.72396e-11
0.0250003
-7.76134e-11
0.0250004
-7.79485e-11
0.0250004
-7.82693e-11
0.0250005
-7.85704e-11
0.0250005
-7.88443e-11
0.0250006
-7.90814e-11
0.0250006
-7.92778e-11
0.0250007
-7.94255e-11
0.0250008
-7.95215e-11
0.0250008
-7.95582e-11
0.0250009
-7.95329e-11
0.0250009
-7.9439e-11
0.025001
-7.92757e-11
0.025001
-7.90404e-11
0.0250011
-7.87383e-11
0.0250011
-7.83733e-11
0.0250011
-7.79574e-11
0.0250012
-7.75004e-11
0.0250012
-7.70186e-11
0.0250013
-7.65247e-11
0.0250013
-7.60355e-11
0.0250014
-7.55625e-11
0.0250014
-7.51191e-11
0.0250014
-7.47111e-11
0.0250015
-7.43447e-11
0.0250015
-7.40172e-11
0.0250015
-7.37254e-11
0.0250016
-7.34574e-11
0.0250016
-7.32014e-11
0.0250016
-7.29383e-11
0.0250017
-7.26511e-11
0.0250017
-7.23177e-11
0.0250017
-7.19205e-11
0.0250017
-7.14396e-11
0.0250018
-7.08618e-11
0.0250018
-7.0174e-11
0.0250018
-6.93713e-11
0.0250018
-6.84499e-11
0.0250019
-6.74149e-11
0.0250019
-6.62724e-11
0.0250019
-6.50366e-11
0.0250019
-6.37217e-11
0.0250019
-6.23479e-11
0.0250019
-6.09335e-11
0.025002
-5.95002e-11
0.025002
-5.80658e-11
0.025002
-5.66485e-11
0.025002
-5.5261e-11
0.025002
-5.39142e-11
0.025002
-5.2613e-11
0.025002
-5.13596e-11
0.025002
-5.01504e-11
0.0250021
-4.89796e-11
0.0250021
-4.78373e-11
0.0250021
-4.67125e-11
0.0250021
-4.55923e-11
0.0250021
-4.44641e-11
0.0250021
-4.33159e-11
0.0250021
-4.21374e-11
0.0250021
-4.09202e-11
0.0250021
-3.96587e-11
0.0250021
-3.83507e-11
0.0250021
-3.69962e-11
0.0250021
-3.55995e-11
0.0250021
-3.41662e-11
0.0250021
-3.27063e-11
0.0250021
-3.12298e-11
0.0250021
-2.97505e-11
0.0250022
-2.82803e-11
0.0250022
-2.68344e-11
0.0250022
-2.54241e-11
0.0250022
-2.40635e-11
0.0250022
-2.27609e-11
0.0250022
-2.15273e-11
0.0250022
-2.03663e-11
0.0250022
-1.92844e-11
0.0250022
-1.82802e-11
0.0250022
-1.73561e-11
0.0250022
-1.6506e-11
0.0250022
-1.57291e-11
0.0250022
-1.50159e-11
0.0250022
-1.43637e-11
0.0250022
-1.37601e-11
0.0250022
-1.32006e-11
0.0250022
-1.26694e-11
0.0250022
-1.21589e-11
0.0250022
-1.16486e-11
0.0250022
-1.1126e-11
0.0250022
-1.05617e-11
0.0250022
-9.93093e-12
0.0250022
-9.18634e-12
0.0250022
-8.2816e-12
0.0250022
-7.14541e-12
0.0250022
-5.70646e-12
0.0250022
-3.85151e-12
-1.3603e-12
0.0250001
-6.00651e-08
0.0250001
-6.07653e-08
0.0250002
-6.05948e-08
0.0250002
-6.02959e-08
0.0250003
-5.98862e-08
0.0250004
-5.93975e-08
0.0250004
-5.88353e-08
0.0250005
-5.81974e-08
0.0250005
-5.74879e-08
0.0250006
-5.6714e-08
0.0250006
-5.58819e-08
0.0250007
-5.49966e-08
0.0250008
-5.40629e-08
0.0250008
-5.30855e-08
0.0250009
-5.20692e-08
0.0250009
-5.10186e-08
0.025001
-4.99378e-08
0.025001
-4.88309e-08
0.0250011
-4.77018e-08
0.0250011
-4.65542e-08
0.0250011
-4.53916e-08
0.0250012
-4.42171e-08
0.0250012
-4.30339e-08
0.0250013
-4.18449e-08
0.0250013
-4.06528e-08
0.0250014
-3.94601e-08
0.0250014
-3.82692e-08
0.0250014
-3.70822e-08
0.0250015
-3.59013e-08
0.0250015
-3.47282e-08
0.0250015
-3.35648e-08
0.0250016
-3.24126e-08
0.0250016
-3.12732e-08
0.0250016
-3.01478e-08
0.0250017
-2.90379e-08
0.0250017
-2.79444e-08
0.0250017
-2.68686e-08
0.0250017
-2.58112e-08
0.0250018
-2.47734e-08
0.0250018
-2.37558e-08
0.0250018
-2.27592e-08
0.0250018
-2.17844e-08
0.0250019
-2.08319e-08
0.0250019
-1.99024e-08
0.0250019
-1.89964e-08
0.0250019
-1.81144e-08
0.0250019
-1.72569e-08
0.0250019
-1.64242e-08
0.025002
-1.56167e-08
0.025002
-1.48348e-08
0.025002
-1.40788e-08
0.025002
-1.33489e-08
0.025002
-1.26453e-08
0.025002
-1.19683e-08
0.025002
-1.13179e-08
0.025002
-1.06944e-08
0.0250021
-1.00977e-08
0.0250021
-9.52802e-09
0.0250021
-8.98525e-09
0.0250021
-8.46942e-09
0.0250021
-7.98048e-09
0.0250021
-7.51834e-09
0.0250021
-7.08287e-09
0.0250021
-6.6739e-09
0.0250021
-6.29121e-09
0.0250021
-5.93453e-09
0.0250021
-5.60352e-09
0.0250021
-5.29778e-09
0.0250021
-5.01683e-09
0.0250021
-4.76008e-09
0.0250021
-4.52686e-09
0.0250022
-4.31637e-09
0.0250022
-4.12766e-09
0.0250022
-3.95965e-09
0.0250022
-3.81106e-09
0.0250022
-3.68045e-09
0.0250022
-3.56614e-09
0.0250022
-3.46622e-09
0.0250022
-3.37857e-09
0.0250022
-3.30078e-09
0.0250022
-3.23021e-09
0.0250022
-3.16396e-09
0.0250022
-3.09892e-09
0.0250022
-3.0318e-09
0.0250022
-2.95923e-09
0.0250022
-2.87782e-09
0.0250022
-2.78433e-09
0.0250022
-2.67581e-09
0.0250022
-2.5498e-09
0.0250022
-2.40456e-09
0.0250022
-2.23923e-09
0.0250022
-2.05398e-09
0.0250022
-1.85013e-09
0.0250022
-1.62997e-09
0.0250022
-1.39657e-09
0.0250022
-1.15333e-09
0.0250022
-9.03411e-10
0.0250022
-6.49128e-10
0.0250022
-3.91649e-10
-1.31636e-10
0.0250001
-1.20086e-07
0.0250001
-1.2155e-07
0.0250002
-1.21268e-07
0.0250002
-1.20718e-07
0.0250003
-1.19945e-07
0.0250004
-1.19014e-07
0.0250004
-1.17935e-07
0.0250005
-1.167e-07
0.0250005
-1.15318e-07
0.0250006
-1.13804e-07
0.0250006
-1.12171e-07
0.0250007
-1.10429e-07
0.0250008
-1.08586e-07
0.0250008
-1.06654e-07
0.0250009
-1.04641e-07
0.0250009
-1.02557e-07
0.025001
-1.0041e-07
0.025001
-9.82092e-08
0.0250011
-9.59613e-08
0.0250011
-9.36743e-08
0.0250012
-9.13552e-08
0.0250012
-8.90106e-08
0.0250012
-8.66468e-08
0.0250013
-8.42696e-08
0.0250013
-8.18846e-08
0.0250014
-7.94969e-08
0.0250014
-7.71114e-08
0.0250014
-7.47325e-08
0.0250015
-7.23643e-08
0.0250015
-7.00108e-08
0.0250016
-6.76755e-08
0.0250016
-6.53618e-08
0.0250016
-6.30726e-08
0.0250016
-6.08109e-08
0.0250017
-5.85792e-08
0.0250017
-5.63799e-08
0.0250017
-5.42152e-08
0.0250018
-5.20872e-08
0.0250018
-4.99976e-08
0.0250018
-4.79483e-08
0.0250018
-4.59408e-08
0.0250019
-4.39765e-08
0.0250019
-4.20567e-08
0.0250019
-4.01826e-08
0.0250019
-3.83554e-08
0.0250019
-3.65761e-08
0.0250019
-3.48455e-08
0.025002
-3.31645e-08
0.025002
-3.15339e-08
0.025002
-2.99543e-08
0.025002
-2.84263e-08
0.025002
-2.69505e-08
0.025002
-2.55273e-08
0.025002
-2.4157e-08
0.0250021
-2.28401e-08
0.0250021
-2.15768e-08
0.0250021
-2.03672e-08
0.0250021
-1.92115e-08
0.0250021
-1.81098e-08
0.0250021
-1.70621e-08
0.0250021
-1.60682e-08
0.0250021
-1.51281e-08
0.0250021
-1.42416e-08
0.0250021
-1.34083e-08
0.0250021
-1.26278e-08
0.0250021
-1.18997e-08
0.0250022
-1.12232e-08
0.0250022
-1.05977e-08
0.0250022
-1.00223e-08
0.0250022
-9.49572e-09
0.0250022
-9.01677e-09
0.0250022
-8.58389e-09
0.0250022
-8.19529e-09
0.0250022
-7.84886e-09
0.0250022
-7.54216e-09
0.0250022
-7.27238e-09
0.0250022
-7.0363e-09
0.0250022
-6.83025e-09
0.0250022
-6.65007e-09
0.0250022
-6.49111e-09
0.0250022
-6.34821e-09
0.0250022
-6.21568e-09
0.0250022
-6.0874e-09
0.0250022
-5.95685e-09
0.0250022
-5.81725e-09
0.0250022
-5.66175e-09
0.0250022
-5.48367e-09
0.0250022
-5.2768e-09
0.0250022
-5.03583e-09
0.0250022
-4.75673e-09
0.0250022
-4.43718e-09
0.0250022
-4.07692e-09
0.0250022
-3.67797e-09
0.0250022
-3.24455e-09
0.0250022
-2.78264e-09
0.0250022
-2.29925e-09
0.0250022
-1.8012e-09
0.0250022
-1.29394e-09
0.0250022
-7.80605e-10
-2.62176e-10
0.0250001
-1.80066e-07
0.0250001
-1.82431e-07
0.0250002
-1.82174e-07
0.0250002
-1.81476e-07
0.0250003
-1.80431e-07
0.0250004
-1.79152e-07
0.0250004
-1.77646e-07
0.0250005
-1.75898e-07
0.0250005
-1.73919e-07
0.0250006
-1.71734e-07
0.0250007
-1.69363e-07
0.0250007
-1.6682e-07
0.0250008
-1.64121e-07
0.0250008
-1.61279e-07
0.0250009
-1.58309e-07
0.0250009
-1.55226e-07
0.025001
-1.52043e-07
0.025001
-1.48772e-07
0.0250011
-1.45425e-07
0.0250011
-1.42014e-07
0.0250012
-1.3855e-07
0.0250012
-1.35042e-07
0.0250013
-1.31501e-07
0.0250013
-1.27936e-07
0.0250014
-1.24356e-07
0.0250014
-1.20767e-07
0.0250014
-1.17178e-07
0.0250015
-1.13596e-07
0.0250015
-1.10026e-07
0.0250015
-1.06476e-07
0.0250016
-1.02951e-07
0.0250016
-9.94555e-08
0.0250016
-9.59947e-08
0.0250017
-9.25731e-08
0.0250017
-8.91947e-08
0.0250017
-8.58633e-08
0.0250018
-8.25823e-08
0.0250018
-7.93549e-08
0.0250018
-7.61841e-08
0.0250018
-7.30725e-08
0.0250019
-7.00227e-08
0.0250019
-6.70369e-08
0.0250019
-6.41171e-08
0.0250019
-6.12654e-08
0.025002
-5.84833e-08
0.025002
-5.57726e-08
0.025002
-5.31346e-08
0.025002
-5.05706e-08
0.025002
-4.80819e-08
0.025002
-4.56696e-08
0.0250021
-4.33344e-08
0.0250021
-4.10774e-08
0.0250021
-3.88992e-08
0.0250021
-3.68004e-08
0.0250021
-3.47817e-08
0.0250021
-3.28434e-08
0.0250021
-3.09858e-08
0.0250021
-2.92094e-08
0.0250021
-2.75141e-08
0.0250022
-2.59e-08
0.0250022
-2.43672e-08
0.0250022
-2.29155e-08
0.0250022
-2.15446e-08
0.0250022
-2.02542e-08
0.0250022
-1.90437e-08
0.0250022
-1.79124e-08
0.0250022
-1.68596e-08
0.0250022
-1.58842e-08
0.0250022
-1.4985e-08
0.0250022
-1.41603e-08
0.0250022
-1.34086e-08
0.0250022
-1.27275e-08
0.0250022
-1.21147e-08
0.0250022
-1.15672e-08
0.0250022
-1.10816e-08
0.0250022
-1.0654e-08
0.0250022
-1.02798e-08
0.0250022
-9.95395e-09
0.0250023
-9.67049e-09
0.0250023
-9.4228e-09
0.0250023
-9.20346e-09
0.0250023
-9.00428e-09
0.0250023
-8.8163e-09
0.0250023
-8.62988e-09
0.0250023
-8.43487e-09
0.0250023
-8.2208e-09
0.0250023
-7.97722e-09
0.0250023
-7.69415e-09
0.0250023
-7.3626e-09
0.0250023
-6.97521e-09
0.0250023
-6.52698e-09
0.0250023
-6.01586e-09
0.0250023
-5.44332e-09
0.0250023
-4.81443e-09
0.0250023
-4.13758e-09
0.0250023
-3.42343e-09
0.0250023
-2.6833e-09
0.0250023
-1.92704e-09
0.0250023
-1.16114e-09
-3.89735e-10
0.0250001
-2.39968e-07
0.0250001
-2.43417e-07
0.0250002
-2.43399e-07
0.0250002
-2.42712e-07
0.0250003
-2.41536e-07
0.0250004
-2.40055e-07
0.0250004
-2.38265e-07
0.0250005
-2.36134e-07
0.0250005
-2.33677e-07
0.0250006
-2.30931e-07
0.0250007
-2.27922e-07
0.0250007
-2.24671e-07
0.0250008
-2.21196e-07
0.0250008
-2.17518e-07
0.0250009
-2.13656e-07
0.0250009
-2.09631e-07
0.025001
-2.0546e-07
0.025001
-2.01161e-07
0.0250011
-1.96749e-07
0.0250012
-1.92242e-07
0.0250012
-1.87654e-07
0.0250012
-1.82999e-07
0.0250013
-1.78291e-07
0.0250013
-1.73542e-07
0.0250014
-1.68765e-07
0.0250014
-1.63969e-07
0.0250015
-1.59167e-07
0.0250015
-1.54367e-07
0.0250015
-1.49579e-07
0.0250016
-1.44811e-07
0.0250016
-1.40071e-07
0.0250017
-1.35366e-07
0.0250017
-1.30704e-07
0.0250017
-1.26089e-07
0.0250018
-1.21529e-07
0.0250018
-1.17028e-07
0.0250018
-1.12591e-07
0.0250019
-1.08223e-07
0.0250019
-1.03928e-07
0.0250019
-9.97102e-08
0.0250019
-9.55726e-08
0.025002
-9.15186e-08
0.025002
-8.75512e-08
0.025002
-8.3673e-08
0.025002
-7.98867e-08
0.025002
-7.61944e-08
0.0250021
-7.25982e-08
0.0250021
-6.90999e-08
0.0250021
-6.57014e-08
0.0250021
-6.24041e-08
0.0250021
-5.92094e-08
0.0250021
-5.61186e-08
0.0250022
-5.31326e-08
0.0250022
-5.02525e-08
0.0250022
-4.7479e-08
0.0250022
-4.48129e-08
0.0250022
-4.22547e-08
0.0250022
-3.98048e-08
0.0250022
-3.74635e-08
0.0250022
-3.52311e-08
0.0250022
-3.31075e-08
0.0250023
-3.10928e-08
0.0250023
-2.91867e-08
0.0250023
-2.73888e-08
0.0250023
-2.56986e-08
0.0250023
-2.41154e-08
0.0250023
-2.26383e-08
0.0250023
-2.1266e-08
0.0250023
-1.99971e-08
0.0250023
-1.88299e-08
0.0250023
-1.77623e-08
0.0250023
-1.67919e-08
0.0250023
-1.59155e-08
0.0250023
-1.51299e-08
0.0250023
-1.44309e-08
0.0250023
-1.38139e-08
0.0250023
-1.32733e-08
0.0250023
-1.28029e-08
0.0250023
-1.23955e-08
0.0250023
-1.20429e-08
0.0250023
-1.17359e-08
0.0250023
-1.14642e-08
0.0250023
-1.12163e-08
0.0250023
-1.09798e-08
0.0250023
-1.07412e-08
0.0250023
-1.04865e-08
0.0250023
-1.0201e-08
0.0250024
-9.87044e-09
0.0250024
-9.48102e-09
0.0250024
-9.02069e-09
0.0250024
-8.47994e-09
0.0250024
-7.8529e-09
0.0250024
-7.13831e-09
0.0250024
-6.34025e-09
0.0250024
-5.46818e-09
0.0250024
-4.53613e-09
0.0250024
-3.56073e-09
0.0250024
-2.55824e-09
0.0250024
-1.5411e-09
-5.16783e-10
0.0250001
-2.99485e-07
0.0250001
-3.0433e-07
0.0250002
-3.0487e-07
0.0250002
-3.0441e-07
0.0250003
-3.0329e-07
0.0250004
-3.01807e-07
0.0250004
-2.99933e-07
0.0250005
-2.97601e-07
0.0250006
-2.94834e-07
0.0250006
-2.91679e-07
0.0250007
-2.88174e-07
0.0250007
-2.84342e-07
0.0250008
-2.80208e-07
0.0250008
-2.75798e-07
0.0250009
-2.71138e-07
0.025001
-2.66252e-07
0.025001
-2.61165e-07
0.0250011
-2.55898e-07
0.0250011
-2.50473e-07
0.0250012
-2.44911e-07
0.0250012
-2.39232e-07
0.0250013
-2.33454e-07
0.0250013
-2.27595e-07
0.0250014
-2.21671e-07
0.0250014
-2.15699e-07
0.0250015
-2.09692e-07
0.0250015
-2.03666e-07
0.0250016
-1.97632e-07
0.0250016
-1.91603e-07
0.0250016
-1.85591e-07
0.0250017
-1.79605e-07
0.0250017
-1.73655e-07
0.0250018
-1.67751e-07
0.0250018
-1.619e-07
0.0250018
-1.56111e-07
0.0250019
-1.50391e-07
0.0250019
-1.44747e-07
0.0250019
-1.39184e-07
0.025002
-1.33708e-07
0.025002
-1.28325e-07
0.025002
-1.23039e-07
0.025002
-1.17854e-07
0.0250021
-1.12775e-07
0.0250021
-1.07805e-07
0.0250021
-1.02948e-07
0.0250021
-9.82069e-08
0.0250021
-9.35843e-08
0.0250022
-8.90828e-08
0.0250022
-8.47049e-08
0.0250022
-8.04526e-08
0.0250022
-7.63279e-08
0.0250022
-7.23324e-08
0.0250023
-6.84677e-08
0.0250023
-6.47351e-08
0.0250023
-6.11358e-08
0.0250023
-5.76708e-08
0.0250023
-5.43409e-08
0.0250023
-5.11469e-08
0.0250023
-4.80892e-08
0.0250023
-4.51684e-08
0.0250023
-4.23846e-08
0.0250024
-3.97378e-08
0.0250024
-3.72282e-08
0.0250024
-3.48553e-08
0.0250024
-3.26187e-08
0.0250024
-3.05179e-08
0.0250024
-2.85518e-08
0.0250024
-2.67194e-08
0.0250024
-2.50192e-08
0.0250024
-2.34495e-08
0.0250024
-2.2008e-08
0.0250024
-2.06922e-08
0.0250024
-1.9499e-08
0.0250024
-1.84247e-08
0.0250024
-1.74649e-08
0.0250024
-1.66147e-08
0.0250024
-1.58681e-08
0.0250024
-1.52181e-08
0.0250024
-1.46569e-08
0.0250024
-1.41754e-08
0.0250024
-1.3763e-08
0.0250024
-1.3408e-08
0.0250024
-1.30971e-08
0.0250024
-1.28154e-08
0.0250024
-1.25467e-08
0.0250024
-1.22732e-08
0.0250024
-1.19764e-08
0.0250025
-1.16366e-08
0.0250025
-1.12346e-08
0.0250025
-1.0752e-08
0.0250025
-1.01724e-08
0.0250025
-9.48357e-09
0.0250025
-8.67826e-09
0.0250025
-7.75641e-09
0.0250025
-6.72598e-09
0.0250025
-5.60295e-09
0.0250025
-4.40962e-09
0.0250025
-3.17078e-09
0.0250025
-1.90831e-09
-6.39323e-10
0.0250001
-3.58261e-07
0.0250001
-3.64931e-07
0.0250002
-3.66476e-07
0.0250002
-3.66515e-07
0.0250003
-3.65684e-07
0.0250004
-3.64463e-07
0.0250004
-3.6277e-07
0.0250005
-3.60485e-07
0.0250006
-3.5763e-07
0.0250006
-3.54274e-07
0.0250007
-3.50464e-07
0.0250007
-3.46228e-07
0.0250008
-3.41595e-07
0.0250009
-3.36598e-07
0.0250009
-3.31269e-07
0.025001
-3.25638e-07
0.025001
-3.19736e-07
0.0250011
-3.13589e-07
0.0250012
-3.07227e-07
0.0250012
-3.00674e-07
0.0250013
-2.93955e-07
0.0250013
-2.87094e-07
0.0250014
-2.80115e-07
0.0250014
-2.73037e-07
0.0250015
-2.65881e-07
0.0250015
-2.58666e-07
0.0250016
-2.5141e-07
0.0250016
-2.44129e-07
0.0250017
-2.36839e-07
0.0250017
-2.29554e-07
0.0250017
-2.22289e-07
0.0250018
-2.15056e-07
0.0250018
-2.07866e-07
0.0250019
-2.0073e-07
0.0250019
-1.9366e-07
0.0250019
-1.86663e-07
0.025002
-1.79749e-07
0.025002
-1.72927e-07
0.025002
-1.66202e-07
0.0250021
-1.59583e-07
0.0250021
-1.53074e-07
0.0250021
-1.46684e-07
0.0250022
-1.40415e-07
0.0250022
-1.34274e-07
0.0250022
-1.28265e-07
0.0250022
-1.22393e-07
0.0250023
-1.16659e-07
0.0250023
-1.1107e-07
0.0250023
-1.05626e-07
0.0250023
-1.00332e-07
0.0250023
-9.51897e-08
0.0250024
-9.02015e-08
0.0250024
-8.53695e-08
0.0250024
-8.06956e-08
0.0250024
-7.61813e-08
0.0250024
-7.18283e-08
0.0250024
-6.76376e-08
0.0250024
-6.36103e-08
0.0250025
-5.97474e-08
0.0250025
-5.60495e-08
0.0250025
-5.25172e-08
0.0250025
-4.91508e-08
0.0250025
-4.59505e-08
0.0250025
-4.29162e-08
0.0250025
-4.00478e-08
0.0250025
-3.73448e-08
0.0250025
-3.48065e-08
0.0250025
-3.24319e-08
0.0250025
-3.02199e-08
0.0250025
-2.81689e-08
0.0250025
-2.62768e-08
0.0250025
-2.45413e-08
0.0250026
-2.29594e-08
0.0250026
-2.15276e-08
0.0250026
-2.02418e-08
0.0250026
-1.90969e-08
0.0250026
-1.80873e-08
0.0250026
-1.72059e-08
0.0250026
-1.64447e-08
0.0250026
-1.57945e-08
0.0250026
-1.52444e-08
0.0250026
-1.47818e-08
0.0250026
-1.43924e-08
0.0250026
-1.40599e-08
0.0250026
-1.37658e-08
0.0250026
-1.34896e-08
0.0250026
-1.32085e-08
0.0250026
-1.28981e-08
0.0250026
-1.25326e-08
0.0250026
-1.20858e-08
0.0250026
-1.15326e-08
0.0250026
-1.08505e-08
0.0250026
-1.00224e-08
0.0250026
-9.03949e-09
0.0250026
-7.90344e-09
0.0250026
-6.62873e-09
0.0250026
-5.24205e-09
0.0250026
-3.77876e-09
0.0250026
-2.2752e-09
-7.61417e-10
0.0250001
-4.15471e-07
0.0250001
-4.24682e-07
0.0250002
-4.27876e-07
0.0250002
-4.28741e-07
0.0250003
-4.2847e-07
0.0250004
-4.27841e-07
0.0250004
-4.26675e-07
0.0250005
-4.2475e-07
0.0250006
-4.22096e-07
0.0250006
-4.18808e-07
0.0250007
-4.14942e-07
0.0250008
-4.10531e-07
0.0250008
-4.0561e-07
0.0250009
-4.00218e-07
0.0250009
-3.94394e-07
0.025001
-3.88174e-07
0.0250011
-3.81594e-07
0.0250011
-3.7469e-07
0.0250012
-3.67494e-07
0.0250012
-3.60039e-07
0.0250013
-3.52356e-07
0.0250014
-3.44475e-07
0.0250014
-3.36422e-07
0.0250015
-3.28225e-07
0.0250015
-3.19909e-07
0.0250016
-3.11497e-07
0.0250016
-3.03013e-07
0.0250017
-2.94476e-07
0.0250017
-2.85908e-07
0.0250018
-2.77326e-07
0.0250018
-2.68747e-07
0.0250019
-2.60189e-07
0.0250019
-2.51665e-07
0.025002
-2.4319e-07
0.025002
-2.34777e-07
0.025002
-2.26438e-07
0.0250021
-2.18185e-07
0.0250021
-2.10027e-07
0.0250022
-2.01974e-07
0.0250022
-1.94035e-07
0.0250022
-1.86219e-07
0.0250022
-1.78532e-07
0.0250023
-1.70982e-07
0.0250023
-1.63575e-07
0.0250023
-1.56317e-07
0.0250024
-1.49214e-07
0.0250024
-1.42269e-07
0.0250024
-1.35489e-07
0.0250024
-1.28877e-07
0.0250025
-1.22436e-07
0.0250025
-1.1617e-07
0.0250025
-1.10083e-07
0.0250025
-1.04176e-07
0.0250025
-9.84535e-08
0.0250026
-9.29165e-08
0.0250026
-8.75673e-08
0.0250026
-8.24076e-08
0.0250026
-7.74391e-08
0.0250026
-7.26629e-08
0.0250026
-6.80803e-08
0.0250026
-6.36923e-08
0.0250026
-5.94994e-08
0.0250027
-5.55023e-08
0.0250027
-5.17014e-08
0.0250027
-4.80967e-08
0.0250027
-4.46882e-08
0.0250027
-4.14756e-08
0.0250027
-3.84583e-08
0.0250027
-3.56354e-08
0.0250027
-3.30059e-08
0.0250027
-3.05681e-08
0.0250027
-2.83202e-08
0.0250027
-2.62597e-08
0.0250027
-2.43837e-08
0.0250027
-2.26886e-08
0.0250027
-2.11702e-08
0.0250027
-1.98231e-08
0.0250027
-1.86413e-08
0.0250027
-1.76173e-08
0.0250027
-1.67426e-08
0.0250027
-1.60067e-08
0.0250027
-1.53976e-08
0.0250027
-1.49009e-08
0.0250027
-1.45001e-08
0.0250027
-1.41757e-08
0.0250027
-1.39053e-08
0.0250027
-1.36633e-08
0.0250027
-1.34208e-08
0.0250027
-1.31458e-08
0.0250027
-1.28035e-08
0.0250027
-1.2358e-08
0.0250027
-1.17737e-08
0.0250027
-1.10186e-08
0.0250027
-1.00684e-08
0.0250027
-8.91151e-09
0.0250027
-7.55381e-09
0.0250027
-6.02188e-09
0.0250027
-4.36138e-09
0.0250027
-2.6284e-09
-8.79028e-10
0.0250001
-4.69986e-07
0.0250001
-4.82854e-07
0.0250002
-4.88636e-07
0.0250002
-4.90697e-07
0.0250003
-4.91281e-07
0.0250004
-4.91657e-07
0.0250004
-4.91453e-07
0.0250005
-4.90289e-07
0.0250006
-4.88203e-07
0.0250006
-4.85325e-07
0.0250007
-4.81725e-07
0.0250008
-4.77439e-07
0.0250008
-4.72505e-07
0.0250009
-4.6697e-07
0.025001
-4.6088e-07
0.025001
-4.54279e-07
0.0250011
-4.4721e-07
0.0250012
-4.39714e-07
0.0250012
-4.31832e-07
0.0250013
-4.23603e-07
0.0250013
-4.15066e-07
0.0250014
-4.06254e-07
0.0250015
-3.97204e-07
0.0250015
-3.87948e-07
0.0250016
-3.78516e-07
0.0250016
-3.68939e-07
0.0250017
-3.59244e-07
0.0250018
-3.49457e-07
0.0250018
-3.39603e-07
0.0250019
-3.29706e-07
0.0250019
-3.19787e-07
0.025002
-3.09866e-07
0.025002
-2.99962e-07
0.0250021
-2.90094e-07
0.0250021
-2.80277e-07
0.0250021
-2.70527e-07
0.0250022
-2.60858e-07
0.0250022
-2.51284e-07
0.0250023
-2.41817e-07
0.0250023
-2.32467e-07
0.0250023
-2.23247e-07
0.0250024
-2.14164e-07
0.0250024
-2.05229e-07
0.0250024
-1.96449e-07
0.0250025
-1.87832e-07
0.0250025
-1.79385e-07
0.0250025
-1.71114e-07
0.0250026
-1.63025e-07
0.0250026
-1.55125e-07
0.0250026
-1.47416e-07
0.0250026
-1.39905e-07
0.0250027
-1.32595e-07
0.0250027
-1.2549e-07
0.0250027
-1.18593e-07
0.0250027
-1.11907e-07
0.0250027
-1.05435e-07
0.0250028
-9.91791e-08
0.0250028
-9.3142e-08
0.0250028
-8.73254e-08
0.0250028
-8.17309e-08
0.0250028
-7.636e-08
0.0250028
-7.1214e-08
0.0250028
-6.62939e-08
0.0250028
-6.16006e-08
0.0250029
-5.71347e-08
0.0250029
-5.28966e-08
0.0250029
-4.88866e-08
0.0250029
-4.51046e-08
0.0250029
-4.15504e-08
0.0250029
-3.82234e-08
0.0250029
-3.51229e-08
0.0250029
-3.22477e-08
0.0250029
-2.95962e-08
0.0250029
-2.71663e-08
0.0250029
-2.49556e-08
0.0250029
-2.29608e-08
0.0250029
-2.11781e-08
0.0250029
-1.96025e-08
0.0250029
-1.82282e-08
0.0250029
-1.70481e-08
0.0250029
-1.60534e-08
0.0250029
-1.52336e-08
0.0250029
-1.45759e-08
0.0250029
-1.40649e-08
0.0250029
-1.36819e-08
0.0250029
-1.34047e-08
0.0250029
-1.32064e-08
0.0250029
-1.30556e-08
0.0250029
-1.29151e-08
0.0250029
-1.27427e-08
0.0250029
-1.24907e-08
0.0250029
-1.21081e-08
0.0250029
-1.15433e-08
0.0250029
-1.07489e-08
0.0250029
-9.68949e-09
0.0250029
-8.35063e-09
0.0250029
-6.74802e-09
0.0250029
-4.93286e-09
0.0250029
-2.98546e-09
-9.98529e-10
0.025
-5.1974e-07
0.0250001
-5.38231e-07
0.0250002
-5.48037e-07
0.0250002
-5.51682e-07
0.0250003
-5.53419e-07
0.0250004
-5.55302e-07
0.0250004
-5.56601e-07
0.0250005
-5.56693e-07
0.0250006
-5.55631e-07
0.0250006
-5.53595e-07
0.0250007
-5.50666e-07
0.0250008
-5.46882e-07
0.0250008
-5.42287e-07
0.0250009
-5.36934e-07
0.025001
-5.30876e-07
0.025001
-5.24165e-07
0.0250011
-5.16852e-07
0.0250012
-5.08986e-07
0.0250012
-5.00615e-07
0.0250013
-4.91787e-07
0.0250014
-4.82547e-07
0.0250014
-4.72937e-07
0.0250015
-4.63e-07
0.0250016
-4.52775e-07
0.0250016
-4.423e-07
0.0250017
-4.31612e-07
0.0250018
-4.20745e-07
0.0250018
-4.09731e-07
0.0250019
-3.98601e-07
0.0250019
-3.87383e-07
0.025002
-3.76105e-07
0.0250021
-3.64791e-07
0.0250021
-3.53467e-07
0.0250022
-3.42153e-07
0.0250022
-3.30871e-07
0.0250023
-3.1964e-07
0.0250023
-3.08478e-07
0.0250024
-2.97402e-07
0.0250024
-2.86427e-07
0.0250024
-2.75568e-07
0.0250025
-2.64838e-07
0.0250025
-2.5425e-07
0.0250026
-2.43814e-07
0.0250026
-2.33541e-07
0.0250026
-2.23441e-07
0.0250027
-2.13524e-07
0.0250027
-2.03797e-07
0.0250027
-1.94267e-07
0.0250028
-1.84942e-07
0.0250028
-1.75829e-07
0.0250028
-1.66932e-07
0.0250028
-1.58258e-07
0.0250029
-1.4981e-07
0.0250029
-1.41595e-07
0.0250029
-1.33615e-07
0.0250029
-1.25874e-07
0.025003
-1.18376e-07
0.025003
-1.11123e-07
0.025003
-1.04119e-07
0.025003
-9.73651e-08
0.025003
-9.0864e-08
0.025003
-8.46176e-08
0.025003
-7.86275e-08
0.0250031
-7.28953e-08
0.0250031
-6.74222e-08
0.0250031
-6.22093e-08
0.0250031
-5.72575e-08
0.0250031
-5.25676e-08
0.0250031
-4.814e-08
0.0250031
-4.39751e-08
0.0250031
-4.00728e-08
0.0250031
-3.64332e-08
0.0250031
-3.30556e-08
0.0250031
-2.99393e-08
0.0250031
-2.70832e-08
0.0250031
-2.44856e-08
0.0250031
-2.21445e-08
0.0250031
-2.00568e-08
0.0250031
-1.82191e-08
0.0250031
-1.66266e-08
0.0250031
-1.52732e-08
0.0250031
-1.41513e-08
0.0250031
-1.32511e-08
0.0250031
-1.25604e-08
0.0250031
-1.20633e-08
0.0250031
-1.17402e-08
0.0250031
-1.1566e-08
0.0250031
-1.15096e-08
0.0250031
-1.15322e-08
0.0250031
-1.15862e-08
0.0250031
-1.16146e-08
0.0250031
-1.15507e-08
0.0250031
-1.13202e-08
0.0250031
-1.08454e-08
0.0250031
-1.00542e-08
0.0250031
-8.89391e-09
0.0250031
-7.34973e-09
0.0250031
-5.46242e-09
0.0250031
-3.33453e-09
-1.11793e-09
0.025
-5.61519e-07
0.0250001
-5.8913e-07
0.0250001
-6.05214e-07
0.0250002
-6.10797e-07
0.0250003
-6.13955e-07
0.0250003
-6.17954e-07
0.0250004
-6.21422e-07
0.0250005
-6.23375e-07
0.0250005
-6.23902e-07
0.0250006
-6.23246e-07
0.0250007
-6.21496e-07
0.0250007
-6.18691e-07
0.0250008
-6.14879e-07
0.0250009
-6.10122e-07
0.025001
-6.0448e-07
0.025001
-5.98012e-07
0.0250011
-5.90778e-07
0.0250012
-5.82836e-07
0.0250013
-5.74242e-07
0.0250013
-5.65052e-07
0.0250014
-5.55318e-07
0.0250015
-5.45095e-07
0.0250015
-5.3443e-07
0.0250016
-5.23373e-07
0.0250017
-5.11969e-07
0.0250018
-5.00263e-07
0.0250018
-4.88296e-07
0.0250019
-4.76107e-07
0.025002
-4.63734e-07
0.025002
-4.51214e-07
0.0250021
-4.38578e-07
0.0250021
-4.25858e-07
0.0250022
-4.13085e-07
0.0250023
-4.00286e-07
0.0250023
-3.87486e-07
0.0250024
-3.7471e-07
0.0250024
-3.6198e-07
0.0250025
-3.49318e-07
0.0250025
-3.36743e-07
0.0250026
-3.24272e-07
0.0250026
-3.11924e-07
0.0250027
-2.99713e-07
0.0250027
-2.87655e-07
0.0250028
-2.75762e-07
0.0250028
-2.64047e-07
0.0250028
-2.52521e-07
0.0250029
-2.41195e-07
0.0250029
-2.30078e-07
0.0250029
-2.1918e-07
0.025003
-2.08508e-07
0.025003
-1.98071e-07
0.025003
-1.87875e-07
0.0250031
-1.77926e-07
0.0250031
-1.6823e-07
0.0250031
-1.58793e-07
0.0250031
-1.49619e-07
0.0250032
-1.40713e-07
0.0250032
-1.32078e-07
0.0250032
-1.23718e-07
0.0250032
-1.15637e-07
0.0250032
-1.07838e-07
0.0250033
-1.00323e-07
0.0250033
-9.3094e-08
0.0250033
-8.61545e-08
0.0250033
-7.95061e-08
0.0250033
-7.31505e-08
0.0250033
-6.70897e-08
0.0250033
-6.1325e-08
0.0250033
-5.5858e-08
0.0250033
-5.06899e-08
0.0250033
-4.58219e-08
0.0250033
-4.12549e-08
0.0250034
-3.69899e-08
0.0250034
-3.30274e-08
0.0250034
-2.93681e-08
0.0250034
-2.60123e-08
0.0250034
-2.29598e-08
0.0250034
-2.02105e-08
0.0250034
-1.77634e-08
0.0250034
-1.5617e-08
0.0250034
-1.3769e-08
0.0250034
-1.22159e-08
0.0250034
-1.09524e-08
0.0250033
-9.97125e-09
0.0250033
-9.26214e-09
0.0250033
-8.81086e-09
0.0250033
-8.59792e-09
0.0250033
-8.59684e-09
0.0250033
-8.77211e-09
0.0250033
-9.07663e-09
0.0250033
-9.44909e-09
0.0250033
-9.81149e-09
0.0250033
-1.00679e-08
0.0250033
-1.01062e-08
0.0250033
-9.80527e-09
0.0250033
-9.05132e-09
0.0250033
-7.76634e-09
0.0250033
-5.94692e-09
0.0250033
-3.69935e-09
-1.2491e-09
0.025
-5.89604e-07
0.0250001
-6.3298e-07
0.0250001
-6.58994e-07
0.0250002
-6.6672e-07
0.0250002
-6.71502e-07
0.0250003
-6.78369e-07
0.0250004
-6.84805e-07
0.0250004
-6.89342e-07
0.0250005
-6.92147e-07
0.0250006
-6.93532e-07
0.0250006
-6.93588e-07
0.0250007
-6.92353e-07
0.0250008
-6.89881e-07
0.0250009
-6.86241e-07
0.0250009
-6.81501e-07
0.025001
-6.75727e-07
0.0250011
-6.68988e-07
0.0250012
-6.6135e-07
0.0250013
-6.5288e-07
0.0250013
-6.43641e-07
0.0250014
-6.33698e-07
0.0250015
-6.23112e-07
0.0250016
-6.11942e-07
0.0250016
-6.00245e-07
0.0250017
-5.88078e-07
0.0250018
-5.75493e-07
0.0250019
-5.6254e-07
0.0250019
-5.49268e-07
0.025002
-5.35722e-07
0.0250021
-5.21946e-07
0.0250022
-5.07981e-07
0.0250022
-4.93865e-07
0.0250023
-4.79635e-07
0.0250024
-4.65325e-07
0.0250024
-4.50968e-07
0.0250025
-4.36593e-07
0.0250025
-4.22228e-07
0.0250026
-4.07901e-07
0.0250027
-3.93634e-07
0.0250027
-3.79452e-07
0.0250028
-3.65375e-07
0.0250028
-3.51423e-07
0.0250029
-3.37614e-07
0.0250029
-3.23966e-07
0.025003
-3.10493e-07
0.025003
-2.97211e-07
0.025003
-2.84133e-07
0.0250031
-2.71271e-07
0.0250031
-2.58636e-07
0.0250032
-2.4624e-07
0.0250032
-2.34091e-07
0.0250032
-2.22199e-07
0.0250033
-2.10572e-07
0.0250033
-1.99216e-07
0.0250033
-1.8814e-07
0.0250034
-1.77349e-07
0.0250034
-1.66849e-07
0.0250034
-1.56646e-07
0.0250034
-1.46743e-07
0.0250035
-1.37146e-07
0.0250035
-1.27859e-07
0.0250035
-1.18885e-07
0.0250035
-1.10227e-07
0.0250035
-1.0189e-07
0.0250035
-9.38749e-08
0.0250036
-8.6186e-08
0.0250036
-7.88253e-08
0.0250036
-7.17955e-08
0.0250036
-6.50989e-08
0.0250036
-5.8738e-08
0.0250036
-5.2715e-08
0.0250036
-4.70324e-08
0.0250036
-4.16921e-08
0.0250036
-3.66968e-08
0.0250036
-3.20486e-08
0.0250036
-2.77499e-08
0.0250036
-2.38031e-08
0.0250036
-2.02108e-08
0.0250036
-1.69752e-08
0.0250036
-1.40987e-08
0.0250036
-1.15831e-08
0.0250036
-9.43018e-09
0.0250036
-7.64037e-09
0.0250036
-6.21351e-09
0.0250036
-5.14662e-09
0.0250036
-4.43469e-09
0.0250036
-4.06729e-09
0.0250036
-4.02866e-09
0.0250036
-4.29277e-09
0.0250036
-4.8219e-09
0.0250036
-5.55953e-09
0.0250036
-6.42712e-09
0.0250036
-7.31544e-09
0.0250036
-8.08264e-09
0.0250036
-8.55174e-09
0.0250036
-8.52562e-09
0.0250036
-7.81721e-09
0.0250036
-6.31638e-09
0.0250036
-4.07538e-09
-1.40046e-09
0.025
-5.94035e-07
0.025
-6.66148e-07
0.0250001
-7.08018e-07
0.0250001
-7.17714e-07
0.0250002
-7.2428e-07
0.0250002
-7.3496e-07
0.0250003
-7.453e-07
0.0250004
-7.53272e-07
0.0250004
-7.59191e-07
0.0250005
-7.63425e-07
0.0250006
-7.66056e-07
0.0250007
-7.6712e-07
0.0250007
-7.6668e-07
0.0250008
-7.64809e-07
0.0250009
-7.61582e-07
0.025001
-7.57074e-07
0.0250011
-7.51362e-07
0.0250011
-7.4452e-07
0.0250012
-7.36625e-07
0.0250013
-7.27752e-07
0.0250014
-7.17974e-07
0.0250015
-7.07365e-07
0.0250016
-6.95992e-07
0.0250016
-6.83926e-07
0.0250017
-6.71231e-07
0.0250018
-6.57972e-07
0.0250019
-6.44208e-07
0.025002
-6.29998e-07
0.0250021
-6.15397e-07
0.0250021
-6.00459e-07
0.0250022
-5.85233e-07
0.0250023
-5.69766e-07
0.0250024
-5.54103e-07
0.0250024
-5.38286e-07
0.0250025
-5.22356e-07
0.0250026
-5.06349e-07
0.0250026
-4.903e-07
0.0250027
-4.74241e-07
0.0250028
-4.58205e-07
0.0250028
-4.42218e-07
0.0250029
-4.26307e-07
0.025003
-4.10497e-07
0.025003
-3.94812e-07
0.0250031
-3.79272e-07
0.0250031
-3.63897e-07
0.0250032
-3.48706e-07
0.0250032
-3.33715e-07
0.0250033
-3.18941e-07
0.0250033
-3.04397e-07
0.0250034
-2.90097e-07
0.0250034
-2.76053e-07
0.0250034
-2.62278e-07
0.0250035
-2.4878e-07
0.0250035
-2.3557e-07
0.0250035
-2.22656e-07
0.0250036
-2.10047e-07
0.0250036
-1.9775e-07
0.0250036
-1.85772e-07
0.0250037
-1.74119e-07
0.0250037
-1.62797e-07
0.0250037
-1.51811e-07
0.0250037
-1.41166e-07
0.0250038
-1.30867e-07
0.0250038
-1.20918e-07
0.0250038
-1.11323e-07
0.0250038
-1.02085e-07
0.0250038
-9.32099e-08
0.0250038
-8.46994e-08
0.0250039
-7.65576e-08
0.0250039
-6.8788e-08
0.0250039
-6.1394e-08
0.0250039
-5.43793e-08
0.0250039
-4.77476e-08
0.0250039
-4.15028e-08
0.0250039
-3.5649e-08
0.0250039
-3.01907e-08
0.0250039
-2.51328e-08
0.0250039
-2.04804e-08
0.0250039
-1.62394e-08
0.0250039
-1.24158e-08
0.0250039
-9.01647e-09
0.0250039
-6.04826e-09
0.0250039
-3.51896e-09
0.0250039
-1.43558e-09
0.0250039
1.94372e-10
0.0250039
1.36549e-09
0.0250039
2.07369e-09
0.0250039
2.32018e-09
0.0250038
2.11207e-09
0.0250038
1.46903e-09
0.0250038
4.27087e-10
0.0250038
-9.49871e-10
0.0250038
-2.56092e-09
0.0250038
-4.25093e-09
0.0250038
-5.79964e-09
0.0250038
-6.9134e-09
0.0250038
-7.24935e-09
0.0250038
-6.48895e-09
0.0250038
-4.50374e-09
-1.60883e-09
0.025
-5.56196e-07
0.025
-6.83427e-07
0.025
-7.50538e-07
0.0250001
-7.61243e-07
0.0250001
-7.69891e-07
0.0250002
-7.85619e-07
0.0250002
-8.00904e-07
0.0250003
-8.13289e-07
0.0250003
-8.23324e-07
0.0250004
-8.31386e-07
0.0250005
-8.37525e-07
0.0250006
-8.41778e-07
0.0250006
-8.44218e-07
0.0250007
-8.44922e-07
0.0250008
-8.4397e-07
0.0250009
-8.41443e-07
0.025001
-8.37427e-07
0.0250011
-8.32006e-07
0.0250011
-8.25266e-07
0.0250012
-8.17292e-07
0.0250013
-8.08171e-07
0.0250014
-7.97984e-07
0.0250015
-7.86815e-07
0.0250016
-7.74743e-07
0.0250017
-7.61846e-07
0.0250018
-7.48199e-07
0.0250019
-7.33875e-07
0.025002
-7.18943e-07
0.025002
-7.03471e-07
0.0250021
-6.87521e-07
0.0250022
-6.71155e-07
0.0250023
-6.54431e-07
0.0250024
-6.37402e-07
0.0250025
-6.2012e-07
0.0250025
-6.02635e-07
0.0250026
-5.84992e-07
0.0250027
-5.67234e-07
0.0250028
-5.49401e-07
0.0250029
-5.31532e-07
0.0250029
-5.13662e-07
0.025003
-4.95825e-07
0.0250031
-4.7805e-07
0.0250031
-4.60367e-07
0.0250032
-4.42802e-07
0.0250033
-4.2538e-07
0.0250033
-4.08126e-07
0.0250034
-3.91058e-07
0.0250034
-3.74199e-07
0.0250035
-3.57565e-07
0.0250035
-3.41174e-07
0.0250036
-3.25042e-07
0.0250036
-3.09183e-07
0.0250037
-2.93609e-07
0.0250037
-2.78335e-07
0.0250038
-2.6337e-07
0.0250038
-2.48725e-07
0.0250038
-2.34409e-07
0.0250039
-2.20432e-07
0.0250039
-2.06802e-07
0.0250039
-1.93526e-07
0.025004
-1.8061e-07
0.025004
-1.68062e-07
0.025004
-1.55887e-07
0.025004
-1.44091e-07
0.0250041
-1.32678e-07
0.0250041
-1.21655e-07
0.0250041
-1.11026e-07
0.0250041
-1.00795e-07
0.0250041
-9.09674e-08
0.0250041
-8.15477e-08
0.0250041
-7.25406e-08
0.0250042
-6.39509e-08
0.0250042
-5.57838e-08
0.0250042
-4.80446e-08
0.0250042
-4.07392e-08
0.0250042
-3.38738e-08
0.0250042
-2.74555e-08
0.0250042
-2.14922e-08
0.0250042
-1.59926e-08
0.0250042
-1.09666e-08
0.0250042
-6.42549e-09
0.0250042
-2.38157e-09
0.0250042
1.15077e-09
0.0250042
4.15604e-09
0.0250042
6.61656e-09
0.0250041
8.51388e-09
0.0250041
9.82799e-09
0.0250041
1.05399e-08
0.0250041
1.06321e-08
0.0250041
1.00942e-08
0.0250041
8.92711e-09
0.0250041
7.15548e-09
0.0250041
4.84228e-09
0.0250041
2.11556e-09
0.0250041
-7.99382e-10
0.0250041
-3.53844e-09
0.0250041
-5.5757e-09
0.0250041
-6.2614e-09
0.0250041
-5.03378e-09
-1.94989e-09
0.0249999
-4.40455e-07
0.0249999
-6.78177e-07
0.0249999
-7.84153e-07
0.0249999
-7.93513e-07
0.025
-8.05338e-07
0.025
-8.27774e-07
0.0250001
-8.49072e-07
0.0250001
-8.66971e-07
0.0250002
-8.82323e-07
0.0250002
-8.95388e-07
0.0250003
-9.06155e-07
0.0250004
-9.14674e-07
0.0250005
-9.21027e-07
0.0250005
-9.25295e-07
0.0250006
-9.27558e-07
0.0250007
-9.27903e-07
0.0250008
-9.26423e-07
0.0250009
-9.23211e-07
0.025001
-9.18362e-07
0.0250011
-9.11974e-07
0.0250012
-9.04142e-07
0.0250013
-8.94963e-07
0.0250014
-8.84532e-07
0.0250015
-8.72941e-07
0.0250016
-8.60282e-07
0.0250017
-8.46643e-07
0.0250018
-8.32111e-07
0.0250019
-8.16768e-07
0.025002
-8.00694e-07
0.0250021
-7.83966e-07
0.0250022
-7.66657e-07
0.0250023
-7.48837e-07
0.0250023
-7.30571e-07
0.0250024
-7.11924e-07
0.0250025
-6.92954e-07
0.0250026
-6.73717e-07
0.0250027
-6.54268e-07
0.0250028
-6.34655e-07
0.0250029
-6.14925e-07
0.025003
-5.95123e-07
0.025003
-5.7529e-07
0.0250031
-5.55463e-07
0.0250032
-5.35679e-07
0.0250033
-5.15971e-07
0.0250033
-4.96371e-07
0.0250034
-4.76906e-07
0.0250035
-4.57605e-07
0.0250035
-4.38491e-07
0.0250036
-4.19589e-07
0.0250037
-4.00919e-07
0.0250037
-3.82501e-07
0.0250038
-3.64354e-07
0.0250038
-3.46494e-07
0.0250039
-3.28936e-07
0.0250039
-3.11696e-07
0.025004
-2.94786e-07
0.025004
-2.78219e-07
0.025004
-2.62006e-07
0.0250041
-2.46157e-07
0.0250041
-2.30682e-07
0.0250042
-2.15588e-07
0.0250042
-2.00886e-07
0.0250042
-1.86581e-07
0.0250043
-1.72682e-07
0.0250043
-1.59195e-07
0.0250043
-1.46126e-07
0.0250043
-1.33482e-07
0.0250043
-1.21267e-07
0.0250044
-1.09489e-07
0.0250044
-9.81531e-08
0.0250044
-8.72644e-08
0.0250044
-7.68297e-08
0.0250044
-6.68549e-08
0.0250044
-5.7347e-08
0.0250044
-4.83129e-08
0.0250044
-3.97606e-08
0.0250044
-3.16987e-08
0.0250044
-2.41375e-08
0.0250045
-1.70877e-08
0.0250045
-1.05627e-08
0.0250044
-4.57682e-09
0.0250044
8.52249e-10
0.0250044
5.70521e-09
0.0250044
9.95821e-09
0.0250044
1.3585e-08
0.0250044
1.65535e-08
0.0250044
1.88284e-08
0.0250044
2.03679e-08
0.0250044
2.11272e-08
0.0250044
2.10565e-08
0.0250044
2.01089e-08
0.0250044
1.82442e-08
0.0250043
1.54498e-08
0.0250043
1.1766e-08
0.0250043
7.34389e-09
0.0250043
2.52513e-09
0.0250043
-2.03677e-09
0.0250043
-5.27841e-09
0.0250043
-5.81653e-09
-2.6181e-09
0.0249997
-1.75468e-07
0.0249997
-6.44105e-07
0.0249997
-8.04231e-07
0.0249997
-8.08266e-07
0.0249998
-8.26927e-07
0.0249998
-8.58248e-07
0.0249998
-8.86484e-07
0.0249999
-9.11131e-07
0.0249999
-9.33231e-07
0.025
-9.52692e-07
0.025
-9.69423e-07
0.0250001
-9.83503e-07
0.0250002
-9.95024e-07
0.0250003
-1.00406e-06
0.0250003
-1.0107e-06
0.0250004
-1.01502e-06
0.0250005
-1.01712e-06
0.0250006
-1.01711e-06
0.0250007
-1.01509e-06
0.0250008
-1.01117e-06
0.0250009
-1.00545e-06
0.025001
-9.98038e-07
0.0250011
-9.89053e-07
0.0250012
-9.78596e-07
0.0250013
-9.66774e-07
0.0250014
-9.53691e-07
0.0250016
-9.39446e-07
0.0250017
-9.24138e-07
0.0250018
-9.07863e-07
0.0250019
-8.90711e-07
0.025002
-8.72769e-07
0.0250021
-8.54122e-07
0.0250022
-8.3485e-07
0.0250023
-8.15029e-07
0.0250024
-7.94731e-07
0.0250025
-7.74026e-07
0.0250026
-7.52976e-07
0.0250027
-7.31645e-07
0.0250028
-7.10089e-07
0.0250029
-6.88362e-07
0.025003
-6.66516e-07
0.0250031
-6.44597e-07
0.0250031
-6.2265e-07
0.0250032
-6.00717e-07
0.0250033
-5.78836e-07
0.0250034
-5.57044e-07
0.0250035
-5.35373e-07
0.0250035
-5.13855e-07
0.0250036
-4.9252e-07
0.0250037
-4.71393e-07
0.0250038
-4.505e-07
0.0250038
-4.29864e-07
0.0250039
-4.09505e-07
0.0250039
-3.89444e-07
0.025004
-3.69699e-07
0.0250041
-3.50285e-07
0.0250041
-3.3122e-07
0.0250042
-3.12517e-07
0.0250042
-2.94189e-07
0.0250043
-2.76248e-07
0.0250043
-2.58706e-07
0.0250043
-2.41572e-07
0.0250044
-2.24856e-07
0.0250044
-2.08568e-07
0.0250045
-1.92715e-07
0.0250045
-1.77306e-07
0.0250045
-1.62347e-07
0.0250045
-1.47847e-07
0.0250046
-1.33812e-07
0.0250046
-1.20249e-07
0.0250046
-1.07166e-07
0.0250046
-9.45683e-08
0.0250046
-8.24647e-08
0.0250047
-7.08625e-08
0.0250047
-5.97699e-08
0.0250047
-4.91958e-08
0.0250047
-3.91501e-08
0.0250047
-2.9644e-08
0.0250047
-2.06906e-08
0.0250047
-1.23043e-08
0.0250047
-4.50274e-09
0.0250047
2.69432e-09
0.0250047
9.26261e-09
0.0250047
1.5174e-08
0.0250047
2.0394e-08
0.0250047
2.48818e-08
0.0250047
2.85873e-08
0.0250046
3.14506e-08
0.0250046
3.33984e-08
0.0250046
3.43434e-08
0.0250046
3.41814e-08
0.0250046
3.27943e-08
0.0250046
3.00548e-08
0.0250046
2.58517e-08
0.0250045
2.01391e-08
0.0250045
1.30555e-08
0.0250045
5.1458e-09
0.0250045
-2.25039e-09
0.0250045
-6.5806e-09
-3.78829e-09
0.0249994
3.8679e-07
0.0249994
-5.84228e-07
0.0249994
-7.98582e-07
0.0249994
-7.94918e-07
0.0249994
-8.30611e-07
0.0249994
-8.73311e-07
0.0249994
-9.091e-07
0.0249994
-9.41976e-07
0.0249995
-9.72581e-07
0.0249995
-1.00014e-06
0.0249996
-1.0245e-06
0.0249996
-1.04577e-06
0.0249997
-1.06406e-06
0.0249998
-1.07943e-06
0.0249999
-1.09195e-06
0.0249999
-1.10171e-06
0.025
-1.10881e-06
0.0250001
-1.11335e-06
0.0250002
-1.11544e-06
0.0250003
-1.1152e-06
0.0250004
-1.11276e-06
0.0250006
-1.10822e-06
0.0250007
-1.1017e-06
0.0250008
-1.09334e-06
0.0250009
-1.08325e-06
0.025001
-1.07156e-06
0.0250011
-1.05836e-06
0.0250013
-1.04379e-06
0.0250014
-1.02795e-06
0.0250015
-1.01095e-06
0.0250016
-9.92891e-07
0.0250017
-9.73875e-07
0.0250019
-9.53997e-07
0.025002
-9.33349e-07
0.0250021
-9.12018e-07
0.0250022
-8.90086e-07
0.0250023
-8.67632e-07
0.0250024
-8.4473e-07
0.0250026
-8.21451e-07
0.0250027
-7.97861e-07
0.0250028
-7.74022e-07
0.0250029
-7.49992e-07
0.025003
-7.25828e-07
0.0250031
-7.01579e-07
0.0250032
-6.77295e-07
0.0250033
-6.53021e-07
0.0250034
-6.28797e-07
0.0250035
-6.04664e-07
0.0250035
-5.80658e-07
0.0250036
-5.56812e-07
0.0250037
-5.33159e-07
0.0250038
-5.09727e-07
0.0250039
-4.86543e-07
0.0250039
-4.63632e-07
0.025004
-4.41017e-07
0.0250041
-4.18721e-07
0.0250041
-3.96762e-07
0.0250042
-3.75159e-07
0.0250043
-3.5393e-07
0.0250043
-3.3309e-07
0.0250044
-3.12653e-07
0.0250044
-2.92633e-07
0.0250045
-2.73042e-07
0.0250045
-2.53892e-07
0.0250046
-2.35193e-07
0.0250046
-2.16955e-07
0.0250046
-1.99189e-07
0.0250047
-1.81903e-07
0.0250047
-1.65106e-07
0.0250047
-1.48807e-07
0.0250048
-1.33013e-07
0.0250048
-1.17734e-07
0.0250048
-1.02978e-07
0.0250048
-8.87538e-08
0.0250048
-7.50707e-08
0.0250049
-6.19381e-08
0.0250049
-4.9367e-08
0.0250049
-3.73692e-08
0.0250049
-2.59583e-08
0.0250049
-1.51498e-08
0.0250049
-4.96215e-09
0.0250049
4.58379e-09
0.0250049
1.34623e-08
0.0250049
2.16428e-08
0.0250049
2.90876e-08
0.0250049
3.57509e-08
0.0250048
4.15747e-08
0.0250048
4.64872e-08
0.0250048
5.03961e-08
0.0250048
5.31843e-08
0.0250048
5.46996e-08
0.0250047
5.47469e-08
0.0250047
5.30749e-08
0.0250047
4.9372e-08
0.0250047
4.32786e-08
0.0250047
3.44675e-08
0.0250046
2.28921e-08
0.0250046
9.45114e-09
0.0250046
-2.60141e-09
-3.81992e-09
0.0249988
1.56406e-06
0.0249988
-5.44546e-07
0.0249987
-7.32479e-07
0.0249987
-7.40953e-07
0.0249987
-8.18208e-07
0.0249987
-8.7487e-07
0.0249987
-9.1951e-07
0.0249987
-9.63508e-07
0.0249987
-1.00565e-06
0.0249988
-1.04422e-06
0.0249988
-1.07904e-06
0.0249989
-1.11027e-06
0.024999
-1.138e-06
0.024999
-1.16225e-06
0.0249991
-1.1831e-06
0.0249992
-1.20061e-06
0.0249993
-1.21487e-06
0.0249994
-1.22598e-06
0.0249996
-1.23407e-06
0.0249997
-1.23924e-06
0.0249998
-1.24162e-06
0.025
-1.24134e-06
0.0250001
-1.23855e-06
0.0250002
-1.23336e-06
0.0250004
-1.22593e-06
0.0250005
-1.21638e-06
0.0250007
-1.20485e-06
0.0250008
-1.19149e-06
0.025001
-1.17641e-06
0.0250011
-1.15975e-06
0.0250013
-1.14164e-06
0.0250014
-1.12219e-06
0.0250016
-1.10152e-06
0.0250017
-1.07975e-06
0.0250018
-1.05698e-06
0.025002
-1.03332e-06
0.0250021
-1.00887e-06
0.0250023
-9.8372e-07
0.0250024
-9.5796e-07
0.0250025
-9.31676e-07
0.0250027
-9.04949e-07
0.0250028
-8.77853e-07
0.0250029
-8.5046e-07
0.025003
-8.22838e-07
0.0250032
-7.95049e-07
0.0250033
-7.67153e-07
0.0250034
-7.39206e-07
0.0250035
-7.11259e-07
0.0250036
-6.83361e-07
0.0250037
-6.55557e-07
0.0250038
-6.27889e-07
0.0250039
-6.00396e-07
0.025004
-5.73115e-07
0.025004
-5.46079e-07
0.0250041
-5.19321e-07
0.0250042
-4.92868e-07
0.0250043
-4.66749e-07
0.0250043
-4.40988e-07
0.0250044
-4.15609e-07
0.0250045
-3.90634e-07
0.0250045
-3.66081e-07
0.0250046
-3.41969e-07
0.0250046
-3.18315e-07
0.0250046
-2.95134e-07
0.0250047
-2.72441e-07
0.0250047
-2.50249e-07
0.0250047
-2.2857e-07
0.0250048
-2.07418e-07
0.0250048
-1.86801e-07
0.0250048
-1.66732e-07
0.0250048
-1.4722e-07
0.0250048
-1.28276e-07
0.0250048
-1.09907e-07
0.0250048
-9.21266e-08
0.0250048
-7.49424e-08
0.0250048
-5.83647e-08
0.0250048
-4.24041e-08
0.0250048
-2.70723e-08
0.0250048
-1.23819e-08
0.0250048
1.65247e-09
0.0250048
1.50142e-08
0.0250048
2.76828e-08
0.0250047
3.96348e-08
0.0250047
5.08413e-08
0.0250047
6.12674e-08
0.0250046
7.08685e-08
0.0250046
7.95891e-08
0.0250046
8.73562e-08
0.0250045
9.40754e-08
0.0250045
9.96193e-08
0.0250044
1.03815e-07
0.0250044
1.06423e-07
0.0250043
1.07103e-07
0.0250043
1.05364e-07
0.0250042
1.00501e-07
0.0250041
9.1518e-08
0.0250041
7.71423e-08
0.025004
5.62586e-08
0.025004
2.99827e-08
8.00158e-09
0.0249977
3.82913e-06
0.0249981
-9.00266e-07
0.024998
-6.64189e-07
0.0249981
-8.03901e-07
0.0249982
-9.58175e-07
0.0249984
-1.02077e-06
0.0249985
-1.0692e-06
0.0249987
-1.12051e-06
0.0249988
-1.16974e-06
0.024999
-1.2145e-06
0.0249992
-1.25471e-06
0.0249994
-1.29054e-06
0.0249996
-1.32208e-06
0.0249997
-1.34935e-06
0.0249999
-1.37242e-06
0.0250001
-1.39138e-06
0.0250003
-1.40633e-06
0.0250005
-1.41741e-06
0.0250007
-1.42474e-06
0.0250009
-1.42848e-06
0.0250011
-1.42879e-06
0.0250013
-1.42583e-06
0.0250014
-1.41978e-06
0.0250016
-1.4108e-06
0.0250018
-1.39908e-06
0.025002
-1.3848e-06
0.0250021
-1.36812e-06
0.0250023
-1.34923e-06
0.0250024
-1.32829e-06
0.0250026
-1.30547e-06
0.0250027
-1.28094e-06
0.0250028
-1.25485e-06
0.025003
-1.22736e-06
0.0250031
-1.1986e-06
0.0250032
-1.16873e-06
0.0250033
-1.13787e-06
0.0250034
-1.10615e-06
0.0250035
-1.07369e-06
0.0250036
-1.0406e-06
0.0250037
-1.00699e-06
0.0250037
-9.72967e-07
0.0250038
-9.3862e-07
0.0250038
-9.04037e-07
0.0250039
-8.69303e-07
0.0250039
-8.34495e-07
0.025004
-7.99684e-07
0.025004
-7.64938e-07
0.025004
-7.30318e-07
0.025004
-6.95881e-07
0.025004
-6.61681e-07
0.025004
-6.27765e-07
0.025004
-5.9418e-07
0.025004
-5.60965e-07
0.025004
-5.28158e-07
0.025004
-4.95794e-07
0.0250039
-4.63904e-07
0.0250039
-4.32515e-07
0.0250039
-4.01654e-07
0.0250038
-3.71347e-07
0.0250038
-3.41613e-07
0.0250037
-3.12472e-07
0.0250037
-2.83939e-07
0.0250036
-2.56031e-07
0.0250035
-2.28761e-07
0.0250035
-2.02141e-07
0.0250034
-1.76183e-07
0.0250033
-1.50895e-07
0.0250032
-1.26288e-07
0.0250031
-1.02368e-07
0.0250031
-7.91424e-08
0.025003
-5.66176e-08
0.0250029
-3.47989e-08
0.0250028
-1.36902e-08
0.0250027
6.70551e-09
0.0250026
2.63811e-08
0.0250025
4.53286e-08
0.0250024
6.35423e-08
0.0250023
8.10163e-08
0.0250021
9.77436e-08
0.025002
1.13716e-07
0.0250019
1.28925e-07
0.0250018
1.43357e-07
0.0250017
1.56998e-07
0.0250016
1.69829e-07
0.0250014
1.81826e-07
0.0250013
1.92957e-07
0.0250012
2.03182e-07
0.0250011
2.12444e-07
0.0250009
2.20668e-07
0.0250008
2.27748e-07
0.0250007
2.33534e-07
0.0250006
2.37805e-07
0.0250004
2.40223e-07
0.0250003
2.40254e-07
0.0250002
2.37013e-07
0.025
2.28972e-07
0.0249999
2.1342e-07
0.0249998
1.85579e-07
0.0249996
1.39906e-07
5.6141e-08
0.0250289
-2.50623e-05
0.025029
-1.04739e-06
0.0250273
1.0336e-06
0.0250263
2.16779e-07
0.0250254
-3.80147e-08
0.0250245
-1.03846e-07
0.0250236
-1.66344e-07
0.0250227
-2.33842e-07
0.0250218
-2.98486e-07
0.025021
-3.5833e-07
0.0250201
-4.13355e-07
0.0250193
-4.63639e-07
0.0250185
-5.092e-07
0.0250177
-5.50063e-07
0.0250169
-5.86283e-07
0.0250161
-6.1795e-07
0.0250154
-6.45178e-07
0.0250146
-6.68104e-07
0.0250139
-6.86888e-07
0.0250132
-7.01701e-07
0.0250124
-7.12729e-07
0.0250117
-7.20167e-07
0.025011
-7.24216e-07
0.0250103
-7.25083e-07
0.0250097
-7.22974e-07
0.025009
-7.18098e-07
0.0250083
-7.1066e-07
0.0250077
-7.00862e-07
0.0250071
-6.88901e-07
0.0250064
-6.74969e-07
0.0250058
-6.59251e-07
0.0250052
-6.41925e-07
0.0250046
-6.23161e-07
0.025004
-6.03121e-07
0.0250034
-5.81958e-07
0.0250028
-5.59817e-07
0.0250023
-5.36834e-07
0.0250017
-5.13138e-07
0.0250012
-4.88849e-07
0.0250006
-4.64078e-07
0.0250001
-4.38929e-07
0.0249996
-4.13497e-07
0.024999
-3.87873e-07
0.0249985
-3.62138e-07
0.024998
-3.36368e-07
0.0249975
-3.10632e-07
0.0249971
-2.84993e-07
0.0249966
-2.59509e-07
0.0249961
-2.34232e-07
0.0249957
-2.09211e-07
0.0249952
-1.84488e-07
0.0249948
-1.60102e-07
0.0249944
-1.36089e-07
0.024994
-1.12479e-07
0.0249936
-8.93009e-08
0.0249932
-6.65786e-08
0.0249928
-4.43337e-08
0.0249924
-2.25831e-08
0.024992
-1.33402e-09
0.0249917
1.93963e-08
0.0249913
3.95829e-08
0.024991
5.92136e-08
0.0249906
7.82793e-08
0.0249903
9.67722e-08
0.02499
1.14686e-07
0.0249897
1.32015e-07
0.0249894
1.48755e-07
0.0249891
1.64903e-07
0.0249888
1.80457e-07
0.0249885
1.95415e-07
0.0249883
2.09775e-07
0.024988
2.23538e-07
0.0249878
2.36703e-07
0.0249875
2.49268e-07
0.0249873
2.61236e-07
0.0249871
2.72606e-07
0.0249868
2.83379e-07
0.0249866
2.93554e-07
0.0249864
3.03132e-07
0.0249862
3.12111e-07
0.024986
3.20489e-07
0.0249858
3.28264e-07
0.0249857
3.3543e-07
0.0249855
3.4198e-07
0.0249853
3.47906e-07
0.0249852
3.53191e-07
0.024985
3.57817e-07
0.0249849
3.61756e-07
0.0249847
3.64966e-07
0.0249846
3.67391e-07
0.0249844
3.68944e-07
0.0249843
3.69491e-07
0.0249842
3.68821e-07
0.0249841
3.66571e-07
0.0249839
3.62082e-07
0.0249838
3.54025e-07
0.0249837
3.39407e-07
0.0249836
3.10695e-07
0.0249834
2.43336e-07
9.7789e-08
0.0249749
0.0249739
0.0249749
0.0249751
0.0249751
0.024975
0.0249748
0.0249746
0.0249743
0.0249739
0.0249735
0.0249731
0.0249726
0.024972
0.0249714
0.0249708
0.0249702
0.0249695
0.0249688
0.0249681
0.0249674
0.0249667
0.0249659
0.0249652
0.0249645
0.0249638
0.0249631
0.0249624
0.0249617
0.024961
0.0249603
0.0249597
0.0249591
0.0249585
0.0249579
0.0249573
0.0249568
0.0249563
0.0249558
0.0249553
0.0249549
0.0249545
0.0249541
0.0249537
0.0249534
0.0249531
0.0249528
0.0249525
0.0249523
0.0249521
0.0249519
0.0249517
0.0249516
0.0249515
0.0249514
0.0249513
0.0249513
0.0249513
0.0249513
0.0249513
0.0249513
0.0249514
0.0249515
0.0249516
0.0249517
0.0249518
0.024952
0.0249521
0.0249523
0.0249525
0.0249527
0.0249529
0.0249532
0.0249534
0.0249537
0.024954
0.0249542
0.0249545
0.0249548
0.0249552
0.0249555
0.0249558
0.0249561
0.0249565
0.0249568
0.0249572
0.0249575
0.0249579
0.0249583
0.0249586
0.024959
0.0249594
0.0249597
0.0249601
0.0249605
0.0249608
0.0249612
0.0249615
0.0249617
)
;

boundaryField
{
    inlet
    {
        type            calculated;
        value           uniform -0.025;
    }
    outlet
    {
        type            calculated;
        value           nonuniform List<scalar> 
40
(
0.0249618
0.0249834
0.0249996
0.025004
0.0250046
0.0250045
0.0250043
0.0250041
0.0250038
0.0250036
0.0250033
0.0250031
0.0250029
0.0250027
0.0250026
0.0250025
0.0250024
0.0250023
0.0250022
0.0250022
0.0250022
0.0250022
0.0250023
0.0250024
0.0250025
0.0250026
0.0250027
0.0250029
0.0250031
0.0250033
0.0250036
0.0250038
0.0250041
0.0250043
0.0250045
0.0250046
0.025004
0.0249996
0.0249834
0.0249618
)
;
    }
    bottom
    {
        type            calculated;
        value           uniform 0;
    }
    top
    {
        type            symmetryPlane;
        value           uniform 0;
    }
    frontAndBack
    {
        type            empty;
        value           nonuniform List<scalar> 0();
    }
}


// ************************************************************************* //
