/*--------------------------------*- C++ -*----------------------------------*\
| =========                 |                                                 |
| \\      /  F ield         | OpenFOAM: The Open Source CFD Toolbox           |
|  \\    /   O peration     | Version:  2206                                  |
|   \\  /    A nd           | Website:  www.openfoam.com                      |
|    \\/     M anipulation  |                                                 |
\*---------------------------------------------------------------------------*/
FoamFile
{
    version     2.0;
    format      ascii;
    arch        "LSB;label=32;scalar=64";
    class       volScalarField;
    location    "500";
    object      epsilon;
}
// * * * * * * * * * * * * * * * * * * * * * * * * * * * * * * * * * * * * * //

dimensions      [0 2 -3 0 0 0 0];

internalField   nonuniform List<scalar> 
10000
(
3.12145
3.15218
3.17734
3.19711
3.21086
3.21807
3.2186
3.21073
3.18345
3.13448
3.06256
2.9675
2.85017
2.71237
2.55674
2.38657
2.20566
2.01806
1.82793
1.63931
1.45597
1.28125
1.11787
0.967904
0.832644
0.712653
0.607803
0.517389
0.44028
0.375076
0.320257
0.274316
0.235839
0.203565
0.176412
0.153476
0.134018
0.117451
0.103311
0.0912383
0.0809546
0.072243
0.0649297
0.0588685
0.0539281
0.0499843
0.0469162
0.044607
0.0429476
0.0418398
0.0411996
0.0409575
0.0410578
0.0414571
0.0420511
0.0428096
0.0437122
0.0447417
0.0458837
0.0471261
0.0484581
0.0498703
0.0513544
0.0529031
0.0545101
0.0561697
0.057877
0.0596282
0.06142
0.0632502
0.0651172
0.0670205
0.0689609
0.0709398
0.0729605
0.0750273
0.0771468
0.0793273
0.0815801
0.0839198
0.0863654
0.0889417
0.091582
0.0942827
0.0970448
0.0998682
0.10275
0.105686
0.108663
0.111662
0.114655
0.117593
0.120409
0.123002
0.125233
0.126898
0.127656
0.126976
0.124342
0.119512
1.64312
1.63825
1.62953
1.61858
1.60511
1.58946
1.57199
1.55232
1.52617
1.49249
1.45065
1.40036
1.34168
1.27506
1.20132
1.12161
1.03733
0.95009
0.861576
0.773503
0.687516
0.605117
0.527596
0.455971
0.390955
0.332934
0.281978
0.237876
0.200193
0.168336
0.141629
0.119371
0.100888
0.0855666
0.0728688
0.0623386
0.0535985
0.0463407
0.0403176
0.0353308
0.0312211
0.0278596
0.0251407
0.0229752
0.0212863
0.0200058
0.0190729
0.0184331
0.0180385
0.0178482
0.0178279
0.0179501
0.0181926
0.0185404
0.018947
0.0193968
0.0198805
0.0203904
0.0209203
0.0214648
0.0220196
0.0225813
0.0231472
0.0237155
0.0242851
0.0248556
0.0254272
0.0260006
0.0265775
0.0271598
0.0277503
0.0283522
0.0289694
0.0296066
0.0302692
0.0309636
0.0316971
0.0324784
0.0333175
0.0342267
0.0352206
0.0363205
0.0374961
0.0387532
0.0401029
0.0415584
0.0431349
0.0448505
0.0467265
0.048788
0.0510647
0.053592
0.0564113
0.0595697
0.0631183
0.0671276
0.0717446
0.0771661
0.0828499
0.0866061
1.65164
1.64846
1.64284
1.63676
1.63031
1.62361
1.61634
1.60778
1.59489
1.57535
1.54769
1.51085
1.46427
1.40793
1.34228
1.26828
1.18722
1.10067
1.01039
0.918213
0.82597
0.735423
0.64819
0.565684
0.489057
0.419148
0.356463
0.301169
0.253128
0.211944
0.177042
0.147736
0.123307
0.103051
0.0863199
0.0725381
0.0612112
0.0519223
0.0443239
0.0381286
0.0330991
0.0290392
0.0257862
0.0232047
0.0211814
0.0196212
0.0184438
0.0175811
0.0169758
0.0165793
0.0163514
0.0162586
0.0162739
0.0163701
0.0165224
0.0167172
0.0169444
0.0171955
0.0174637
0.0177437
0.0180311
0.018323
0.0186172
0.0189126
0.0192088
0.0195062
0.0198059
0.0201094
0.0204188
0.0207368
0.0210662
0.0214105
0.0217733
0.0221587
0.022571
0.0230152
0.0234964
0.0240202
0.0245928
0.0252206
0.0259109
0.0266696
0.027496
0.028399
0.0293897
0.0304811
0.031689
0.0330317
0.0345314
0.0362141
0.0381107
0.0402571
0.0426935
0.0454606
0.0485905
0.0520939
0.0559469
0.0599482
0.0628414
0.0607706
1.91627
1.91828
1.92
1.92363
1.92919
1.93648
1.94458
1.95203
1.95576
1.95163
1.93697
1.90982
1.86905
1.81433
1.74609
1.66542
1.5739
1.47347
1.36629
1.25461
1.1407
1.02677
0.914921
0.807088
0.704977
0.609993
0.523182
0.445185
0.376232
0.31617
0.264533
0.220628
0.183635
0.152689
0.126951
0.105645
0.0880818
0.073661
0.06187
0.052273
0.0445009
0.0382411
0.0332297
0.0292441
0.0260982
0.0236364
0.0217299
0.0202723
0.0191757
0.0183677
0.0177887
0.0173903
0.0171329
0.0169769
0.0168961
0.016873
0.0168939
0.0169481
0.0170269
0.0171237
0.0172332
0.0173517
0.0174765
0.0176061
0.0177398
0.0178775
0.0180201
0.0181686
0.0183247
0.0184903
0.0186675
0.0188588
0.0190667
0.0192939
0.0195431
0.0198172
0.0201194
0.0204527
0.0208204
0.0212262
0.0216737
0.0221655
0.0227029
0.0232909
0.0239356
0.0246438
0.0254233
0.0262832
0.0272334
0.0282853
0.0294507
0.0307411
0.0321657
0.0337258
0.0354052
0.0371537
0.0388635
0.0402743
0.0405821
0.0381267
2.29526
2.30488
2.31699
2.3343
2.35677
2.38361
2.41302
2.44236
2.46795
2.48331
2.48417
2.4675
2.43157
2.3759
2.30114
2.20883
2.10116
1.9807
1.85022
1.71256
1.57047
1.42663
1.28357
1.14371
1.00926
0.882192
0.764133
0.656293
0.55939
0.473641
0.398802
0.334257
0.279137
0.232445
0.193152
0.160271
0.1329
0.110233
0.0915683
0.0762924
0.0638732
0.0538468
0.0458089
0.0394093
0.0343475
0.0303693
0.0272621
0.0248507
0.0229919
0.0215696
0.0204899
0.0196775
0.0190719
0.0186139
0.018267
0.0180054
0.0178097
0.0176644
0.0175579
0.0174811
0.017427
0.0173904
0.0173674
0.0173556
0.0173532
0.0173595
0.0173745
0.0173983
0.017432
0.0174764
0.0175328
0.0176026
0.0176872
0.0177882
0.0179068
0.0180447
0.0182032
0.0183838
0.0185879
0.0188172
0.0190731
0.0193577
0.0196679
0.0200057
0.0203726
0.0207704
0.0212005
0.0216646
0.0221639
0.0226989
0.0232691
0.0238715
0.024499
0.0251361
0.025753
0.0262955
0.0266728
0.0267207
0.0260663
0.0241531
2.73395
2.75392
2.77993
2.8157
2.86129
2.91504
2.97374
3.03299
3.08773
3.1286
3.14925
3.14536
3.11466
3.05679
2.97295
2.86555
2.73773
2.59307
2.43519
2.26764
2.09373
1.91654
1.73893
1.5636
1.39313
1.22992
1.07614
0.933578
0.80354
0.686741
0.583301
0.492805
0.414434
0.347121
0.289695
0.240988
0.199901
0.165438
0.136716
0.112954
0.0934584
0.0776071
0.0648367
0.0546399
0.0465641
0.0402131
0.0352474
0.0313827
0.0283854
0.0260665
0.0242751
0.0228912
0.0218205
0.0209731
0.0202945
0.0197453
0.019296
0.0189241
0.0186127
0.0183487
0.0181225
0.0179266
0.0177554
0.017605
0.0174724
0.0173556
0.0172535
0.0171655
0.0170914
0.0170314
0.0169856
0.0169547
0.0169391
0.0169394
0.016956
0.0169893
0.0170398
0.0171078
0.0171937
0.0172976
0.01742
0.017561
0.0177167
0.017886
0.0180679
0.0182608
0.018463
0.018672
0.0188846
0.0190964
0.0193013
0.0194906
0.0196521
0.0197676
0.0198096
0.0197375
0.019494
0.0189964
0.0180952
0.0166189
3.18937
3.22302
3.26748
3.32818
3.40551
3.49642
3.59554
3.69594
3.78976
3.86414
3.91006
3.9218
3.89685
3.8354
3.73978
3.61378
3.46203
3.28944
3.10083
2.90061
2.6927
2.48054
2.26714
2.05528
1.8476
1.64672
1.45515
1.2752
1.10876
0.957154
0.821017
0.70027
0.594257
0.501936
0.422062
0.353336
0.294506
0.244419
0.202049
0.166486
0.136915
0.112586
0.0927992
0.0768906
0.0642395
0.0542745
0.0464855
0.0404307
0.0357397
0.0321095
0.0292975
0.0271124
0.0254044
0.0240381
0.0229294
0.0220177
0.0212575
0.020615
0.0200647
0.0195875
0.0191694
0.0187996
0.0184702
0.018175
0.0179094
0.01767
0.0174543
0.0172605
0.0170874
0.016934
0.0167999
0.0166845
0.0165876
0.0165089
0.0164481
0.016405
0.0163792
0.0163702
0.0163777
0.016401
0.0164395
0.0164926
0.016556
0.0166266
0.0167019
0.0167789
0.0168541
0.0169233
0.0169813
0.0170217
0.0170363
0.017015
0.0169445
0.0168077
0.0165815
0.0162362
0.0157347
0.0150328
0.0140659
0.0127714
3.6214
3.67281
3.74194
3.83685
3.95824
4.1006
4.25539
4.41212
4.55758
4.67462
4.75109
4.78024
4.76001
4.69203
4.58057
4.43152
4.25148
4.04715
3.82474
3.58975
3.34675
3.09945
2.85086
2.60354
2.35988
2.12235
1.8935
1.67593
1.47207
1.28388
1.11265
0.958774
0.821876
0.701045
0.595052
0.502541
0.422165
0.352661
0.292907
0.241919
0.198827
0.162825
0.133134
0.108987
0.0896203
0.0742857
0.062276
0.0529483
0.0457415
0.0401854
0.0358979
0.0325766
0.02998
0.0279072
0.0262275
0.0248469
0.0236953
0.0227206
0.0218839
0.0211569
0.0205184
0.0199528
0.0194484
0.0189964
0.0185898
0.0182234
0.0178929
0.0175952
0.0173276
0.0170881
0.0168753
0.0166875
0.0165239
0.0163832
0.0162646
0.0161671
0.0160896
0.0160311
0.0159905
0.0159667
0.0159583
0.0159639
0.0159794
0.0160004
0.0160233
0.0160444
0.0160594
0.016063
0.0160491
0.0160105
0.0159384
0.015822
0.0156484
0.0154016
0.0150619
0.0146059
0.0140072
0.0132386
0.0122684
0.0110699
3.99469
4.0693
4.17252
4.31586
4.49929
4.71269
4.94294
5.17471
5.38508
5.55198
5.66054
5.70431
5.6833
5.60202
5.46779
5.28934
5.07577
4.83574
4.57701
4.30613
4.02829
3.74741
3.46627
3.18694
2.91118
2.64088
2.37823
2.12576
1.8862
1.66212
1.45561
1.26765
1.09825
0.946727
0.811991
0.692736
0.587605
0.49528
0.414592
0.344548
0.284299
0.233067
0.190094
0.154597
0.12575
0.102681
0.0845017
0.0703496
0.0594291
0.0510435
0.0446107
0.0396621
0.0358125
0.0327631
0.0303121
0.0283134
0.026659
0.0252682
0.0240817
0.023056
0.0221596
0.021369
0.0206673
0.0200414
0.0194814
0.0189795
0.0185292
0.0181256
0.0177646
0.0174426
0.0171568
0.0169049
0.0166846
0.016494
0.0163315
0.0161952
0.0160836
0.015995
0.0159276
0.0158796
0.0158492
0.0158341
0.0158307
0.0158333
0.0158377
0.0158395
0.0158337
0.0158145
0.0157753
0.0157081
0.0156038
0.0154514
0.0152381
0.0149486
0.0145654
0.0140684
0.0134366
0.0126503
0.0116906
0.0105435
4.28255
4.38955
4.54429
4.76048
5.03347
5.34441
5.67401
5.99984
6.28271
6.49704
6.62808
6.67302
6.63669
6.52847
6.35993
6.14323
5.89001
5.61079
5.31458
5.00867
4.69865
4.38835
4.08014
3.77529
3.47458
3.17887
2.88949
2.60845
2.33836
2.08216
1.84305
1.6226
1.42127
1.23871
1.07409
0.926321
0.794198
0.676401
0.571762
0.479357
0.398447
0.328366
0.268472
0.218089
0.176447
0.142658
0.115732
0.0946245
0.078295
0.0657766
0.0562227
0.0489297
0.0432967
0.0388807
0.0353726
0.0325467
0.0302354
0.0283148
0.0266938
0.0253058
0.0241029
0.0230503
0.0221225
0.0213008
0.0205707
0.0199209
0.0193423
0.0188277
0.0183708
0.0179664
0.0176101
0.0172981
0.0170272
0.0167944
0.0165969
0.0164323
0.0162982
0.0161921
0.0161116
0.0160542
0.0160174
0.0159984
0.0159936
0.0159966
0.0160022
0.0160054
0.0160006
0.0159816
0.0159411
0.0158708
0.0157609
0.0156004
0.0153763
0.0150739
0.0146768
0.0141669
0.0135263
0.0127391
0.0117923
0.0106774
4.46809
4.63117
4.87632
5.21126
5.61718
6.06019
6.51426
6.94113
7.2823
7.51655
7.63724
7.65079
7.57041
7.41208
7.19218
6.92604
6.62723
6.30724
5.97543
5.63912
5.30359
4.97223
4.6466
4.3269
4.0126
3.70318
3.39863
3.09984
2.80878
2.52803
2.2627
2.01471
1.78493
1.57345
1.37978
1.20332
1.04335
0.898561
0.767838
0.650424
0.54583
0.453561
0.37317
0.304221
0.246127
0.198127
0.159272
0.128441
0.104406
0.085932
0.0718623
0.0611885
0.0529994
0.0466528
0.0416799
0.0377323
0.0345513
0.031946
0.0297769
0.0279429
0.0263712
0.0250094
0.0238197
0.0227746
0.0218533
0.0210397
0.0203211
0.0196871
0.0191289
0.0186392
0.0182116
0.0178408
0.0175219
0.0172507
0.0170233
0.0168364
0.0166865
0.0165705
0.016485
0.016427
0.0163931
0.0163797
0.0163835
0.0163971
0.0164145
0.0164299
0.0164373
0.0164297
0.0163994
0.0163375
0.0162339
0.0160772
0.0158545
0.0155514
0.0151521
0.0146401
0.0139993
0.0132159
0.0122799
0.0111851
4.52983
4.84594
5.27126
5.80908
6.41014
7.0193
7.60792
8.09013
8.42036
8.59882
8.63942
8.56357
8.39454
8.15453
7.86324
7.53728
7.1902
6.8327
6.47299
6.11709
5.76905
5.43108
5.10358
4.78536
4.47433
4.16834
3.86566
3.56562
3.26884
2.9757
2.69533
2.42907
2.17809
1.94303
1.72373
1.52045
1.33367
1.16199
1.00431
0.860226
0.729791
0.61266
0.508626
0.417654
0.339443
0.273491
0.219077
0.175173
0.1405
0.11363
0.0931141
0.0775794
0.0657183
0.0566297
0.049611
0.0441277
0.0397814
0.0362798
0.0334104
0.0310198
0.0289983
0.0272675
0.0257711
0.0244687
0.0233304
0.0223333
0.0214597
0.0206951
0.0200277
0.0194472
0.0189451
0.0185138
0.0181468
0.0178382
0.017583
0.0173764
0.0172141
0.0170918
0.0170056
0.0169514
0.0169252
0.0169225
0.0169393
0.0169685
0.0170028
0.0170355
0.0170599
0.0170684
0.0170528
0.0170037
0.0169108
0.0167623
0.0165454
0.0162459
0.0158488
0.0153386
0.0147007
0.0139229
0.0129966
0.0119168
4.61774
5.29478
6.08073
6.93563
7.77571
8.52438
9.13081
9.49846
9.66031
9.64993
9.50624
9.26472
8.9552
8.6017
8.22293
7.83304
7.44251
7.05884
6.68717
6.3308
5.99143
5.66932
5.3631
5.06987
4.78575
4.50672
4.22914
3.95048
3.67005
3.38919
3.11226
2.84247
2.58228
2.33322
2.09508
1.86934
1.65955
1.46337
1.27965
1.10859
0.951556
0.80806
0.678054
0.562287
0.460728
0.373212
0.299481
0.23879
0.189994
0.151656
0.12215
0.0996655
0.0825517
0.0695705
0.0596847
0.0520849
0.0461638
0.0414763
0.0377009
0.0346069
0.03203
0.0298534
0.027994
0.0263926
0.0250058
0.0238015
0.0227549
0.0218462
0.0210593
0.0203806
0.0197986
0.0193033
0.018886
0.0185391
0.0182557
0.0180298
0.0178557
0.0177283
0.0176426
0.0175936
0.0175765
0.0175863
0.0176177
0.0176644
0.0177173
0.017769
0.0178118
0.0178376
0.0178377
0.0178024
0.0177208
0.0175814
0.0173711
0.0170763
0.0166827
0.0161759
0.0155422
0.0147708
0.0138539
0.012787
5.45625
7.02782
8.34524
9.46705
10.3446
10.9028
11.0724
10.9796
10.7108
10.3317
9.89043
9.42016
8.94282
8.47277
8.01931
7.58824
7.18303
6.8054
6.45585
6.1339
5.83828
5.56687
5.31636
5.08202
4.85805
4.63844
4.41731
4.19002
3.95409
3.70984
3.45987
3.20751
2.95622
2.70881
2.46703
2.23278
2.00809
1.79314
1.58699
1.3906
1.20866
1.03932
0.88229
0.740308
0.613229
0.501144
0.404684
0.323533
0.256847
0.203438
0.161748
0.129474
0.104958
0.0864986
0.0726049
0.0620815
0.0540194
0.0477498
0.0427903
0.0387969
0.0355257
0.0328043
0.0305107
0.0285584
0.0268851
0.0254452
0.0242043
0.0231354
0.0222169
0.021431
0.0207624
0.0201982
0.0197271
0.0193393
0.019026
0.0187796
0.018593
0.0184598
0.0183738
0.0183294
0.0183209
0.0183424
0.0183881
0.0184521
0.0185237
0.0185941
0.018655
0.0186976
0.0187128
0.0186904
0.0186196
0.0184884
0.0182843
0.017994
0.0176039
0.0171006
0.0164718
0.0157074
0.0148004
0.0137468
11.6551
13.4766
14.2123
14.2082
13.6883
12.8636
11.9585
11.0786
10.2659
9.53211
8.87492
8.28667
7.75919
7.28563
6.86079
6.48077
6.14251
5.84334
5.58066
5.35177
5.15373
4.9832
4.83582
4.70579
4.58571
4.46751
4.3427
4.20402
4.04714
3.87111
3.67739
3.46893
3.24966
3.02387
2.79496
2.56596
2.3396
2.11765
1.90121
1.69178
1.49151
1.30052
1.11743
0.950564
0.797933
0.65947
0.537925
0.433339
0.345193
0.272887
0.214778
0.1694
0.13478
0.108754
0.0893097
0.0747582
0.0637787
0.055386
0.0488665
0.0437118
0.0395631
0.036168
0.0333489
0.0309807
0.0289742
0.0272647
0.0258046
0.0245571
0.0234933
0.0225898
0.021827
0.0211881
0.020659
0.0202271
0.0198816
0.0196127
0.0194119
0.0192713
0.0191836
0.019142
0.0191399
0.0191709
0.019229
0.019309
0.0193981
0.0194861
0.0195639
0.0196221
0.019651
0.0196402
0.0195787
0.0194546
0.0192555
0.0189688
0.0185815
0.0180815
0.0174574
0.0167002
0.0158035
0.0147643
0.330022
0.90109
1.64162
2.45228
3.22007
3.87428
4.37846
4.7233
4.91979
4.99145
4.96705
4.87528
4.74161
4.58693
4.42735
4.27468
4.13711
4.01998
3.92645
3.85801
3.81491
3.79627
3.79943
3.81992
3.85001
3.87974
3.89719
3.88522
3.8424
3.76985
3.66908
3.54242
3.39249
3.22254
3.03686
2.8398
2.6354
2.427
2.2173
2.00874
1.80347
1.60293
1.40837
1.22241
1.04581
0.877396
0.726546
0.592647
0.475383
0.376491
0.295344
0.230702
0.180692
0.142842
0.114602
0.0936408
0.0780399
0.0663196
0.057391
0.0504746
0.0450205
0.0406438
0.0370753
0.0341263
0.0316636
0.0295921
0.0278421
0.0263618
0.025111
0.0240577
0.0231757
0.0224432
0.0218415
0.0213548
0.0209691
0.0206721
0.0204531
0.0203023
0.0202107
0.0201701
0.0201727
0.020211
0.0202775
0.0203687
0.0204705
0.0205714
0.0206608
0.0207288
0.0207651
0.0207592
0.0206998
0.0205753
0.0203738
0.0200832
0.0196915
0.0191877
0.0185617
0.0178056
0.0169139
0.0158844
0.00572256
0.0162595
0.0315393
0.0481485
0.0771517
0.120835
0.178792
0.248737
0.32723
0.410548
0.495402
0.579402
0.661261
0.740819
0.81895
0.897446
0.978899
1.06662
1.16458
1.27728
1.40954
1.56559
1.74485
1.93233
2.12386
2.31326
2.49373
2.66317
2.8104
2.92559
3.00296
3.04052
3.03905
3.00095
2.92958
2.82918
2.70435
2.55971
2.39962
2.22814
2.04888
1.86493
1.67908
1.49399
1.31171
1.13417
0.964951
0.805944
0.657038
0.527705
0.417235
0.325721
0.252885
0.196582
0.154168
0.122703
0.0995068
0.0823614
0.069567
0.0598821
0.0524259
0.0465828
0.0419249
0.0381548
0.0350649
0.0325082
0.0303795
0.0286016
0.0271162
0.0258782
0.0248517
0.0240071
0.02332
0.0227695
0.0223379
0.0220095
0.0217709
0.0216098
0.0215153
0.0214773
0.0214865
0.0215338
0.0216105
0.0217088
0.0218212
0.021933
0.0220323
0.0221083
0.0221501
0.022147
0.0220879
0.0219616
0.0217567
0.021462
0.0210668
0.0205613
0.0199368
0.0191866
0.0183062
0.0172935
0.00104386
0.00118831
0.00139309
0.0015562
0.00179738
0.00215612
0.00268443
0.0034554
0.00456708
0.0061381
0.00829773
0.0111775
0.0149116
0.0196489
0.0255772
0.0329593
0.0421839
0.053836
0.0688034
0.0884252
0.114007
0.147604
0.194278
0.269969
0.379185
0.524964
0.707702
0.924538
1.16723
1.42237
1.67337
1.9036
2.09938
2.25176
2.3567
2.41423
2.42722
2.40017
2.33835
2.24721
2.1321
1.99794
1.84926
1.69017
1.52425
1.35488
1.18547
1.01898
0.85822
0.707799
0.56999
0.449286
0.350018
0.270348
0.208984
0.162869
0.128837
0.103888
0.0855525
0.0719471
0.0617046
0.0538624
0.0477526
0.0429138
0.0390264
0.0358672
0.0332783
0.0311459
0.0293859
0.0279348
0.0267431
0.0257713
0.0249873
0.0243642
0.0238793
0.0235134
0.0232495
0.0230729
0.0229701
0.0229293
0.022939
0.0229889
0.0230688
0.023169
0.0232857
0.0234024
0.0235058
0.023584
0.0236258
0.0236204
0.0235567
0.023424
0.0232117
0.0229093
0.0225074
0.0219971
0.0213713
0.020624
0.0197518
0.018753
0.000997794
0.000997099
0.000998369
0.00100133
0.00100805
0.00102013
0.00103909
0.00106641
0.00110377
0.00115334
0.00121792
0.0013011
0.00140738
0.00154234
0.00171308
0.00192904
0.00220349
0.00255579
0.00300725
0.00360191
0.00509314
0.00841294
0.0147467
0.0264023
0.0468377
0.0807223
0.13375
0.212111
0.321383
0.464949
0.642288
0.847734
1.07042
1.29576
1.50818
1.6939
1.84293
1.9497
2.01266
2.0333
2.01509
1.9626
1.88085
1.77495
1.64974
1.50986
1.35968
1.20325
1.04456
0.887991
0.737665
0.598261
0.474006
0.367291
0.282903
0.217589
0.168768
0.132887
0.106718
0.0875847
0.0734576
0.0628746
0.0548133
0.0485686
0.0436554
0.0397385
0.0365835
0.0340239
0.0319392
0.0302401
0.0288587
0.0277419
0.0268476
0.0261414
0.0255949
0.0251839
0.024888
0.0246892
0.0245717
0.0245212
0.0245248
0.0245702
0.0246461
0.0247413
0.0248539
0.0249675
0.0250675
0.025141
0.0251764
0.0251624
0.0250883
0.0249439
0.024719
0.0244042
0.023991
0.0234718
0.0228403
0.0220919
0.0212236
0.0202352
0.000996915
0.000993899
0.000991334
0.000989585
0.000989008
0.000990013
0.000993136
0.000999081
0.00100874
0.00102317
0.00104355
0.00107116
0.00110738
0.00115363
0.00121149
0.00128249
0.00136815
0.00147035
0.00159956
0.00176655
0.00200856
0.0024236
0.00321786
0.00481831
0.00804208
0.0143095
0.0258612
0.0459436
0.0788778
0.129852
0.20429
0.306746
0.439451
0.600878
0.7849
0.981106
1.17637
1.35722
1.51206
1.63266
1.7145
1.7564
1.75978
1.72778
1.66455
1.57476
1.46328
1.33491
1.19447
1.04687
0.897107
0.750423
0.612062
0.4868
0.379018
0.290128
0.222432
0.171837
0.134859
0.108027
0.0885032
0.0741537
0.0634536
0.0553436
0.0490974
0.0442164
0.0403563
0.0372757
0.0348026
0.0328119
0.0312103
0.029927
0.0289067
0.0281053
0.0274871
0.0270226
0.0266868
0.0264583
0.0263186
0.0262511
0.026241
0.0262749
0.0263403
0.0264256
0.0265211
0.0266221
0.0267105
0.0267717
0.0267935
0.0267645
0.026674
0.0265122
0.0262696
0.0259376
0.0255085
0.0249759
0.0243345
0.0235805
0.0227119
0.0217294
0.000996885
0.000993734
0.00099078
0.000988369
0.000986974
0.000987179
0.000989648
0.00099509
0.00100423
0.00101782
0.00103665
0.00106153
0.00109338
0.00113321
0.00118214
0.0012415
0.00131269
0.00139727
0.00149741
0.00161598
0.00175794
0.00193518
0.00217724
0.00255545
0.0032309
0.00453839
0.00711541
0.0120716
0.0211722
0.0370038
0.0630698
0.103699
0.163625
0.247151
0.356982
0.492934
0.650989
0.823172
0.99853
1.16495
1.31121
1.42849
1.51116
1.55672
1.56533
1.53913
1.48159
1.39702
1.29025
1.16645
1.03105
0.889775
0.748543
0.613282
0.489627
0.381919
0.293039
0.22352
0.17219
0.134867
0.10792
0.0884074
0.0741308
0.0635327
0.0555405
0.0494215
0.044674
0.0409508
0.0380078
0.0356706
0.0338116
0.0323358
0.0311708
0.0302602
0.0295593
0.0290317
0.0286474
0.0283812
0.0282113
0.0281189
0.0280873
0.0281013
0.0281472
0.0282125
0.0282848
0.0283642
0.0284321
0.0284731
0.0284741
0.0284233
0.0283104
0.0281256
0.0278601
0.0275062
0.027057
0.0265067
0.0258513
0.0250875
0.0242141
0.023233
0.000996939
0.000993851
0.000990948
0.000988478
0.000986773
0.000986227
0.000987292
0.000990489
0.00099641
0.00100573
0.00101921
0.00103774
0.00106229
0.00109397
0.00113396
0.00118365
0.0012446
0.00131849
0.0014071
0.0015123
0.00163624
0.00178182
0.00195442
0.00216674
0.0024503
0.00287968
0.00361794
0.00499332
0.00761294
0.0125068
0.0212818
0.0362604
0.0605616
0.0980215
0.152827
0.228798
0.328364
0.451424
0.594487
0.750504
0.909652
1.06089
1.19376
1.29979
1.37331
1.41153
1.41423
1.3832
1.32175
1.23425
1.12588
1.00237
0.869923
0.735025
0.604201
0.48349
0.377862
0.29034
0.221235
0.170062
0.133084
0.106556
0.0874429
0.0735189
0.0632291
0.0555098
0.0496365
0.0451132
0.0415962
0.0388431
0.0366802
0.0349803
0.0336485
0.0326126
0.0318164
0.0312154
0.0307735
0.030461
0.0302527
0.0301272
0.0300657
0.0300515
0.0300698
0.0301067
0.0301496
0.0301955
0.0302332
0.0302453
0.0302177
0.0301384
0.0299968
0.0297835
0.0294902
0.0291098
0.0286361
0.0280643
0.0273909
0.0266134
0.0257311
0.0247468
0.000997048
0.000994059
0.000991285
0.000988929
0.000987269
0.000986656
0.000987504
0.000990302
0.000995604
0.00100404
0.00101631
0.0010332
0.00105558
0.00108445
0.00112087
0.00116606
0.00122133
0.00128813
0.00136809
0.00146301
0.00157487
0.00170583
0.0018584
0.00203622
0.00224645
0.00250614
0.00285623
0.00338903
0.00429684
0.0059492
0.00900048
0.0145186
0.0241168
0.0400693
0.0653608
0.103571
0.158487
0.233394
0.330109
0.447962
0.583088
0.7284
0.874434
1.01082
1.12787
1.2179
1.2758
1.29924
1.2883
1.24513
1.17346
1.07823
0.965279
0.841122
0.712667
0.586856
0.470146
0.367724
0.282684
0.215855
0.165661
0.129757
0.104156
0.0857966
0.0724793
0.0626835
0.0553742
0.0498484
0.0456243
0.0423677
0.0398425
0.0378791
0.0363534
0.0351728
0.0342669
0.0335809
0.0330716
0.0327037
0.0324484
0.0322812
0.0321812
0.0321303
0.0321122
0.0321127
0.0321189
0.0321197
0.0321167
0.0320906
0.0320262
0.031911
0.0317343
0.0314868
0.0311607
0.0307494
0.0302472
0.0296501
0.0289552
0.0281605
0.0272656
0.0262743
0.000997211
0.000994331
0.000991692
0.000989455
0.000987835
0.000987103
0.000987587
0.000989681
0.000993851
0.00100065
0.00101071
0.00102478
0.00104372
0.00106847
0.00110012
0.00113986
0.00118903
0.0012491
0.0013217
0.00140861
0.00151175
0.00163315
0.00177501
0.00193968
0.00213013
0.00235134
0.00261409
0.00294403
0.00340007
0.00410795
0.00531552
0.00747437
0.0113453
0.0181159
0.029516
0.047907
0.0762844
0.118088
0.176736
0.254865
0.353383
0.470567
0.601584
0.738746
0.872531
0.993059
1.09155
1.16138
1.19855
1.20172
1.17196
1.11233
1.02745
0.923186
0.806229
0.683798
0.563164
0.451013
0.352647
0.271258
0.20743
0.159402
0.125229
0.100994
0.083697
0.0712059
0.0620606
0.0552729
0.0501726
0.0463011
0.0433394
0.0410625
0.0393085
0.037959
0.0369255
0.0361407
0.0355523
0.035119
0.0348072
0.0345891
0.0344415
0.0343444
0.0342805
0.0342345
0.0341927
0.0341421
0.0340876
0.0340129
0.0339026
0.0337436
0.0335248
0.0332373
0.0328732
0.0324263
0.0318917
0.0312658
0.0305463
0.0297315
0.0288211
0.0278197
0.000997432
0.000994674
0.000992174
0.00099006
0.0009885
0.000987714
0.000987984
0.000989664
0.000993182
0.000999055
0.0010079
0.00102042
0.00103743
0.00105986
0.00108873
0.00112517
0.00117045
0.00122595
0.00129323
0.00137397
0.00147006
0.00158351
0.00171647
0.00187125
0.00205027
0.00225637
0.0024936
0.00276987
0.00310322
0.00353521
0.00415599
0.0051465
0.00684284
0.00982383
0.0150149
0.0237967
0.038104
0.0604785
0.0939915
0.14194
0.207259
0.291685
0.394827
0.513465
0.641407
0.770121
0.889988
0.991783
1.06794
1.11332
1.12552
1.10475
1.05349
0.976109
0.878429
0.76731
0.65021
0.534627
0.427384
0.333772
0.256751
0.196662
0.151824
0.119894
0.0973998
0.0814222
0.069931
0.0615517
0.0553601
0.0507311
0.0472371
0.0445812
0.0425533
0.0410024
0.0398174
0.0389156
0.0382336
0.0377225
0.037343
0.0370636
0.036858
0.0367045
0.0365844
0.0364819
0.0363833
0.0362769
0.0361537
0.0360179
0.0358512
0.0356394
0.035371
0.0350368
0.0346291
0.034142
0.0335711
0.0329131
0.0321661
0.0313288
0.0304009
0.0293874
0.000997709
0.000995094
0.000992742
0.000990744
0.000989217
0.000988337
0.000988342
0.000989533
0.000992286
0.000997072
0.00100447
0.00101516
0.00102993
0.0010497
0.00107547
0.00110838
0.00114968
0.00120075
0.00126314
0.00133854
0.00142883
0.00153602
0.00166225
0.00180981
0.00198109
0.00217857
0.00240504
0.00266411
0.00296217
0.00331311
0.00374883
0.00433919
0.00522628
0.00667772
0.00916131
0.0134377
0.020662
0.0324826
0.0511152
0.0793263
0.120232
0.176836
0.251289
0.343995
0.452795
0.572597
0.695713
0.812913
0.914856
0.99346
1.04288
1.05999
1.04438
0.99817
0.925543
0.832357
0.725646
0.613095
0.502377
0.400329
0.312028
0.240085
0.18454
0.143425
0.114244
0.0937941
0.0793171
0.0689296
0.0613713
0.0557994
0.0516455
0.048521
0.0461554
0.0443565
0.0429857
0.0419406
0.0411444
0.0405385
0.0400768
0.0397228
0.0394469
0.0392249
0.0390367
0.0388653
0.0386968
0.038519
0.0383207
0.0381117
0.0378769
0.0376022
0.0372757
0.0368876
0.0364302
0.0358979
0.0352863
0.0345928
0.0338158
0.032954
0.0320071
0.0309803
0.000998041
0.000995629
0.000993495
0.000991672
0.000990272
0.000989496
0.000989604
0.000990911
0.000993804
0.000998763
0.00100637
0.00101729
0.0010323
0.00105226
0.00107811
0.00111085
0.00115161
0.00120162
0.00126227
0.00133511
0.00142188
0.00152446
0.00164496
0.00178566
0.00194899
0.00213757
0.00235417
0.00260176
0.00288399
0.00320661
0.00358135
0.00403461
0.00462438
0.00546963
0.00679654
0.00900444
0.01275
0.0190428
0.0293423
0.0456403
0.0704769
0.106803
0.157595
0.225203
0.310472
0.411895
0.525099
0.643006
0.756728
0.856948
0.935336
0.985649
1.00432
0.990617
0.94645
0.876021
0.785349
0.681727
0.573085
0.467203
0.370778
0.28849
0.222403
0.172018
0.135069
0.10897
0.090717
0.0777927
0.068508
0.0617424
0.0567498
0.053027
0.0502284
0.048111
0.0465011
0.0452722
0.0443303
0.0436043
0.0430395
0.042593
0.0422307
0.0419252
0.0416542
0.0413998
0.0411473
0.0408853
0.0406042
0.040303
0.0399856
0.0396362
0.0392415
0.0387913
0.0382776
0.0376944
0.0370378
0.0363053
0.0354957
0.0346079
0.0336413
0.0326014
0.000998824
0.00099797
0.000998771
0.00100174
0.00100755
0.00101688
0.00103038
0.0010486
0.00107201
0.0011009
0.00113536
0.00117529
0.00122037
0.00127017
0.00132419
0.00138199
0.00144332
0.00150829
0.0015775
0.00165206
0.00173361
0.00182434
0.00192691
0.00204437
0.00218012
0.00233782
0.0025213
0.00273445
0.00298127
0.00326617
0.00359517
0.00397924
0.00444198
0.00503477
0.00586325
0.00712917
0.00919064
0.0126405
0.0183971
0.0278001
0.0426957
0.0654699
0.0989464
0.146054
0.209211
0.289487
0.385716
0.493924
0.607385
0.71743
0.814779
0.890986
0.939606
0.956894
0.942049
0.897094
0.826503
0.736669
0.635258
0.530424
0.429904
0.340006
0.264709
0.205255
0.160508
0.127935
0.104945
0.0887955
0.0772884
0.0689665
0.0628654
0.058343
0.0549606
0.0524113
0.0504767
0.0489987
0.0478607
0.0469753
0.0462758
0.0457106
0.0452395
0.0448304
0.0444582
0.044103
0.0437494
0.0433859
0.0430041
0.0425976
0.0421822
0.0417446
0.0412709
0.0407495
0.0401718
0.0395317
0.0388253
0.0380501
0.0372052
0.0362897
0.0353025
0.0342487
0.00104364
0.00114906
0.00134095
0.0016424
0.00206745
0.00262288
0.00330846
0.00411475
0.00502126
0.00599626
0.00699809
0.00797798
0.00888414
0.00966668
0.0102828
0.010701
0.0109044
0.0108918
0.0106771
0.0102873
0.00975882
0.00913404
0.00845678
0.00776896
0.00710794
0.00650484
0.00598378
0.00556193
0.00525011
0.00505382
0.00497466
0.0050126
0.00517014
0.00546047
0.00592253
0.00664668
0.00781459
0.00975631
0.0130246
0.0184831
0.0273995
0.0415326
0.0631728
0.0950566
0.140057
0.20059
0.277777
0.370557
0.475073
0.584688
0.690765
0.783995
0.855891
0.900039
0.912882
0.893996
0.845929
0.77374
0.684335
0.585694
0.485965
0.392466
0.310669
0.243476
0.191156
0.152027
0.123496
0.103149
0.0886603
0.0781991
0.0705412
0.0648801
0.0606607
0.0574903
0.0550892
0.0532552
0.0518397
0.0507321
0.0498487
0.0491256
0.0485131
0.0479728
0.0474749
0.0469962
0.0465199
0.0460338
0.0455306
0.0450065
0.0444715
0.0439311
0.0433666
0.0427644
0.0421151
0.0414119
0.0406506
0.0398292
0.0389467
0.0380024
0.0369952
0.0359303
0.00695908
0.014876
0.025893
0.0400107
0.0564073
0.0742951
0.0929524
0.111578
0.12931
0.145308
0.158817
0.169214
0.176053
0.179101
0.178355
0.174027
0.166533
0.156402
0.144252
0.130745
0.116529
0.1022
0.088271
0.0751481
0.0631247
0.0523854
0.0430181
0.0350308
0.0283702
0.0229403
0.0186196
0.0152756
0.0127759
0.0109985
0.00984208
0.00924176
0.00919564
0.0098059
0.0113369
0.0142876
0.0194742
0.0281174
0.0419259
0.0631395
0.0944467
0.138675
0.198184
0.274007
0.364919
0.466809
0.57273
0.673785
0.760623
0.82506
0.861348
0.866846
0.842107
0.790529
0.71775
0.630907
0.5378
0.445965
0.361682
0.289133
0.230037
0.183963
0.149138
0.123318
0.104475
0.0908072
0.0807592
0.073341
0.0678375
0.063721
0.0606152
0.0582491
0.0564245
0.0549952
0.0538514
0.05291
0.0521077
0.0513961
0.050738
0.0501056
0.0494783
0.0488425
0.0481908
0.0475225
0.0468459
0.0461892
0.0455209
0.0448268
0.0440964
0.0433224
0.0425003
0.0416281
0.0407051
0.0397309
0.0387051
0.0376335
0.0813591
0.109367
0.140555
0.178163
0.219291
0.261367
0.303273
0.344365
0.383901
0.421125
0.455354
0.485975
0.51242
0.534185
0.551014
0.562301
0.565137
0.559748
0.546629
0.526537
0.50048
0.469626
0.435283
0.398829
0.361502
0.324398
0.288428
0.25429
0.222471
0.193279
0.166865
0.143264
0.122416
0.104197
0.0884396
0.074954
0.0635499
0.0540581
0.0463589
0.0404194
0.036342
0.0344251
0.0352312
0.0396558
0.0489747
0.0648406
0.0891797
0.12394
0.170667
0.229955
0.300887
0.380656
0.464532
0.546272
0.618944
0.675973
0.712181
0.724533
0.712513
0.678062
0.625194
0.559354
0.486647
0.41301
0.343484
0.281682
0.22957
0.187564
0.154904
0.130135
0.111564
0.097982
0.0880904
0.0807916
0.0753509
0.071249
0.0681121
0.0656689
0.0637213
0.0621226
0.0607639
0.0595639
0.0584619
0.0574131
0.0563848
0.0553538
0.0543049
0.0532293
0.0521242
0.0510012
0.049903
0.0488408
0.0477949
0.0467515
0.0457008
0.044636
0.0435527
0.0424473
0.0413181
0.0401708
0.0237652
0.0211527
0.0188788
0.0167205
0.0150065
0.0138345
0.0131431
0.0128889
0.0130426
0.0135784
0.0144704
0.0156979
0.0172448
0.0190927
0.0212271
0.0259033
0.0401947
0.0604426
0.0840594
0.109367
0.135171
0.160549
0.183354
0.200818
0.212479
0.218236
0.218448
0.213936
0.205652
0.194552
0.181519
0.167316
0.15258
0.137829
0.123464
0.109791
0.09703
0.0853315
0.0747982
0.0655095
0.0575529
0.0510647
0.0462779
0.0435801
0.0435723
0.0471187
0.0553674
0.0697145
0.0916835
0.122694
0.163722
0.214899
0.275126
0.341838
0.411028
0.477608
0.536089
0.581404
0.60971
0.618927
0.608963
0.581577
0.540003
0.488403
0.431291
0.373001
0.31726
0.266864
0.2235
0.187748
0.159271
0.137173
0.120286
0.107421
0.0978246
0.0906276
0.085161
0.0809482
0.077641
0.0749832
0.0727855
0.0709075
0.0692451
0.0677211
0.0662785
0.0648755
0.0634819
0.0620761
0.0606431
0.0591735
0.0576622
0.0561355
0.0546545
0.0532353
0.0518728
0.0505595
0.0492869
0.0480466
0.0468315
0.0456417
0.0244741
0.0205284
0.0174228
0.0148826
0.0127412
0.0109825
0.00953507
0.00832711
0.00730706
0.00644189
0.00570662
0.00508235
0.00455418
0.0041135
0.00375821
0.00349549
0.00335009
0.00333599
0.00347085
0.00378625
0.00432431
0.00520805
0.00962031
0.0212211
0.0377305
0.0574881
0.0783727
0.0967089
0.1111
0.120941
0.126377
0.127957
0.126364
0.122287
0.116364
0.10916
0.101163
0.0927826
0.0843567
0.0761628
0.0684318
0.0613728
0.0552024
0.0501844
0.0466765
0.0451811
0.0463913
0.0512193
0.0607873
0.076362
0.0992123
0.130379
0.170367
0.21881
0.274186
0.333696
0.39342
0.448776
0.495202
0.528869
0.547255
0.549423
0.536023
0.50904
0.471424
0.426661
0.37838
0.329974
0.28429
0.243367
0.208322
0.179401
0.156196
0.137921
0.123683
0.112593
0.104047
0.0974389
0.0922545
0.0881133
0.0847318
0.0818987
0.0794569
0.0772896
0.0753108
0.0734573
0.0716837
0.0699575
0.0682561
0.066564
0.0648706
0.063169
0.0614544
0.0597639
0.058156
0.0566362
0.055203
0.05385
0.0525684
0.0513546
0.0212778
0.0179855
0.0152535
0.0129749
0.0110884
0.00954755
0.00827856
0.00722614
0.00634771
0.00561164
0.00499256
0.00447105
0.00403113
0.00366047
0.00334879
0.00308857
0.00287411
0.00270126
0.00256519
0.00246037
0.0023808
0.00232467
0.002303
0.00234961
0.002527
0.00300047
0.00527271
0.013602
0.0273333
0.0436649
0.0593623
0.0724307
0.0819711
0.0879405
0.090725
0.0908613
0.0889022
0.0853675
0.0807214
0.0753691
0.0696573
0.0638855
0.0583218
0.0532284
0.048893
0.0456697
0.0440222
0.0445653
0.0480938
0.0555831
0.0681484
0.0869425
0.112979
0.146875
0.188548
0.236918
0.289748
0.343725
0.394846
0.439017
0.472716
0.493501
0.50028
0.493309
0.474017
0.444705
0.408225
0.367646
0.325946
0.285704
0.248866
0.216606
0.189352
0.166941
0.14885
0.134392
0.122879
0.113663
0.106344
0.100472
0.0956844
0.0917057
0.0883282
0.0853956
0.0827917
0.0804301
0.078248
0.0761995
0.0742518
0.0723814
0.0705711
0.068808
0.0670821
0.0653851
0.0637094
0.0621004
0.0605922
0.0591913
0.0578959
0.0567043
0.0207856
0.0175376
0.0148081
0.012586
0.010776
0.00930904
0.00810884
0.00711999
0.00630112
0.00562282
0.00506228
0.004602
0.00422711
0.00392542
0.00368575
0.0034986
0.003355
0.00324742
0.0031689
0.00311408
0.00307869
0.003061
0.00306147
0.00308147
0.00311794
0.00316227
0.00320771
0.00330071
0.00374003
0.00662353
0.0145773
0.0268857
0.0406326
0.0530096
0.0624977
0.0687493
0.0720399
0.0728735
0.0717865
0.0692784
0.0657864
0.0616864
0.0573003
0.052915
0.0488048
0.0452635
0.0426402
0.0413806
0.0420635
0.0454277
0.052375
0.0639383
0.0811947
0.105107
0.136283
0.17467
0.219262
0.26794
0.317584
0.364482
0.404933
0.435841
0.45514
0.461968
0.456633
0.440422
0.415359
0.383922
0.348771
0.312471
0.277233
0.24471
0.215905
0.191207
0.170533
0.153499
0.139586
0.128249
0.118989
0.111366
0.105115
0.0999135
0.0955203
0.0917479
0.0884539
0.0855308
0.0828986
0.0804981
0.0782857
0.0762291
0.0743046
0.0724938
0.0707818
0.0691556
0.067603
0.0661116
0.0646866
0.0633624
0.0621531
0.0610655
0.019341
0.0163598
0.0138261
0.011763
0.0101063
0.00878661
0.00773525
0.00690824
0.00627093
0.00579442
0.00545196
0.00521927
0.00507318
0.00499301
0.00496008
0.00495898
0.0049768
0.0050039
0.00503273
0.00505834
0.00507708
0.00508731
0.00508842
0.00508233
0.00507376
0.00507022
0.00508183
0.00512179
0.00521801
0.00542113
0.00609186
0.00868378
0.0152641
0.0261621
0.0386361
0.0494881
0.0571687
0.0615721
0.0632253
0.0627959
0.0608898
0.0580075
0.0545469
0.0508307
0.0471341
0.0437186
0.0408661
0.0389177
0.0383119
0.0396184
0.0435606
0.0510171
0.0629876
0.0805038
0.10446
0.135349
0.172933
0.21596
0.262086
0.308109
0.350496
0.385979
0.412061
0.427276
0.431245
0.424556
0.40858
0.385233
0.356752
0.32545
0.293484
0.26264
0.234201
0.208906
0.187017
0.168445
0.152885
0.139932
0.129167
0.120196
0.112679
0.106318
0.100939
0.0963329
0.0923382
0.0888348
0.0857301
0.0829532
0.0804506
0.0781823
0.0761188
0.0742372
0.0725196
0.0709508
0.0695166
0.0682029
0.0669957
0.0658795
0.0648686
0.0639815
0.0183447
0.0155598
0.0131733
0.0113124
0.00994684
0.0090075
0.00842022
0.00812233
0.00804746
0.00813053
0.00831226
0.00854401
0.00878737
0.00901492
0.00920785
0.00935537
0.009452
0.00949713
0.00949281
0.00944405
0.00935753
0.00924269
0.00910951
0.00897486
0.00888081
0.00882708
0.00880949
0.00882041
0.00884481
0.00890767
0.00908261
0.00961112
0.0111879
0.015316
0.0236012
0.0351314
0.0461971
0.0539241
0.0577934
0.0585826
0.0573034
0.0547837
0.0515964
0.0481259
0.0446429
0.0413693
0.0385245
0.036368
0.0352367
0.0355797
0.0379878
0.0432089
0.052143
0.0657953
0.085161
0.111
0.143511
0.181971
0.224552
0.268453
0.310376
0.347118
0.37609
0.395604
0.404957
0.404342
0.394698
0.377515
0.354645
0.328094
0.299823
0.271553
0.244628
0.219944
0.197974
0.178839
0.162425
0.148473
0.136667
0.12668
0.118212
0.110996
0.104813
0.0994722
0.0948141
0.0907502
0.0871768
0.084013
0.0811971
0.0786828
0.076436
0.074432
0.0726513
0.0710774
0.0696961
0.068494
0.0674573
0.0665718
0.0658212
0.0651997
0.0170743
0.0148893
0.0133005
0.0125837
0.0126445
0.0132226
0.0140747
0.0150243
0.0159429
0.0167478
0.0173938
0.0178641
0.0181582
0.0182869
0.0182663
0.0181156
0.0178549
0.0175053
0.0170879
0.016626
0.016147
0.0157008
0.0152886
0.0148911
0.0144719
0.014036
0.0135936
0.0131604
0.0127587
0.0124243
0.0122226
0.0122905
0.0129317
0.0148216
0.0192723
0.0277364
0.0392752
0.0496313
0.0554672
0.0567668
0.0551413
0.0520914
0.048527
0.044906
0.0414491
0.0382951
0.0355796
0.0334829
0.0322626
0.0322838
0.0340471
0.0382096
0.0455936
0.0571654
0.0739522
0.0968384
0.126227
0.16163
0.201447
0.243079
0.283426
0.319467
0.348746
0.369622
0.381341
0.383944
0.378136
0.365121
0.346447
0.323834
0.299003
0.273514
0.24864
0.225294
0.204036
0.185112
0.168539
0.154181
0.141819
0.131204
0.122085
0.114233
0.107444
0.101546
0.0963937
0.0918724
0.0878866
0.084359
0.0812279
0.0784441
0.0759691
0.0737879
0.0718775
0.0702197
0.0688008
0.067609
0.066634
0.0658654
0.0652928
0.0649013
0.0201221
0.021219
0.0231422
0.0256742
0.0282558
0.0304497
0.0321215
0.0332752
0.0339542
0.0342176
0.0341269
0.0337412
0.0331137
0.032293
0.0313217
0.0302392
0.0290814
0.0278845
0.0266877
0.0255483
0.0244343
0.0233015
0.0221522
0.0210043
0.0198754
0.0187842
0.0177503
0.0167964
0.0159516
0.015259
0.0147898
0.0146741
0.015163
0.0167494
0.0203579
0.027405
0.0384303
0.0500098
0.0564752
0.0562135
0.0524064
0.0481282
0.0441403
0.0405241
0.0372882
0.0344525
0.0320784
0.0302929
0.029307
0.0294428
0.0311801
0.0351143
0.0420297
0.05288
0.0687138
0.0904515
0.118503
0.152327
0.190262
0.229746
0.267869
0.301905
0.329703
0.349847
0.361722
0.365378
0.361422
0.350878
0.335073
0.315479
0.293579
0.270729
0.248062
0.226424
0.206372
0.188203
0.17201
0.157742
0.145264
0.134392
0.124933
0.116695
0.109505
0.10321
0.0976774
0.0927973
0.0884787
0.0846469
0.0812417
0.0782149
0.0755293
0.0731567
0.0710755
0.0692695
0.0677271
0.06644
0.0654028
0.064612
0.0640653
0.0637568
0.0546278
0.0582905
0.0603011
0.0616122
0.0622646
0.0622644
0.0616851
0.0606177
0.0591498
0.057363
0.0553292
0.053113
0.0507694
0.0483475
0.04589
0.0434389
0.0410382
0.0387489
0.0365301
0.03433
0.0321797
0.0301039
0.0281236
0.0262593
0.0245295
0.0229538
0.0215538
0.0203582
0.0194078
0.0187685
0.0185518
0.0189647
0.0204228
0.0237242
0.0294016
0.0373419
0.045706
0.051517
0.0527545
0.0500157
0.0457364
0.0416776
0.038167
0.0351328
0.0325138
0.0303036
0.0285558
0.0273963
0.0270371
0.0278004
0.0301484
0.0346726
0.042146
0.0535016
0.0697337
0.0916357
0.119405
0.152272
0.188459
0.22551
0.260835
0.292142
0.31761
0.335625
0.346104
0.349305
0.345803
0.336494
0.32253
0.305174
0.285688
0.265218
0.244724
0.22494
0.206369
0.189304
0.173871
0.160072
0.147831
0.137021
0.127496
0.119108
0.111714
0.105183
0.0994
0.0942671
0.0897001
0.0856288
0.0819955
0.0787531
0.075864
0.0732986
0.0710343
0.0690543
0.067347
0.0659053
0.0647264
0.0638108
0.0631629
0.0627869
0.111073
0.11009
0.108025
0.105389
0.102285
0.0987455
0.0948292
0.0906337
0.0862612
0.0818055
0.077342
0.0729281
0.0686041
0.0644097
0.0603927
0.05662
0.053044
0.0495891
0.0463197
0.0432648
0.0404239
0.0378036
0.0354117
0.0332604
0.0313653
0.0297509
0.0284524
0.0275236
0.0270414
0.027113
0.0278719
0.0294524
0.0319171
0.0351595
0.0388003
0.0421841
0.0444638
0.0448996
0.0433266
0.0404053
0.0371813
0.0342913
0.0318263
0.0297382
0.0280085
0.0266717
0.0258207
0.0256187
0.0263143
0.0282627
0.0319463
0.0379796
0.0471245
0.0602335
0.0780975
0.101162
0.129205
0.161137
0.195132
0.228978
0.260508
0.287865
0.309611
0.324826
0.333455
0.335733
0.331962
0.323073
0.310251
0.294575
0.277094
0.258747
0.240319
0.222412
0.205448
0.189688
0.175262
0.162197
0.150457
0.139957
0.130595
0.122256
0.114829
0.108208
0.102296
0.0970098
0.0922746
0.0880274
0.0842151
0.0807931
0.0777249
0.074981
0.0725383
0.0703789
0.0684903
0.0668647
0.0654992
0.0643954
0.0635604
0.0630052
0.162274
0.160647
0.156219
0.149935
0.142662
0.134954
0.127161
0.119501
0.112102
0.105048
0.098394
0.0921816
0.0864272
0.0811063
0.0761292
0.0714081
0.0669471
0.0627538
0.0588278
0.055168
0.0517683
0.048625
0.0457386
0.0431184
0.0407828
0.0387602
0.0370855
0.0357953
0.0349169
0.0344588
0.0343998
0.0346836
0.0352126
0.0358408
0.0363663
0.036548
0.0361608
0.0350934
0.0334444
0.0315186
0.0296587
0.0280536
0.0267417
0.0257381
0.025091
0.0248952
0.0253016
0.0265291
0.02888
0.0327536
0.0386552
0.0471868
0.0590137
0.0747607
0.0948351
0.119198
0.147192
0.177532
0.208512
0.238301
0.265228
0.287934
0.305465
0.31734
0.32357
0.324394
0.320203
0.311583
0.299514
0.285142
0.269363
0.25292
0.236425
0.220346
0.20502
0.190658
0.177375
0.165211
0.154151
0.144142
0.135113
0.126981
0.119661
0.113072
0.107137
0.101784
0.0969535
0.0925894
0.088645
0.0850802
0.0818611
0.0789594
0.0763522
0.0740211
0.0719528
0.070138
0.0685723
0.0672566
0.0661975
0.0654085
0.202541
0.197445
0.188916
0.178635
0.167754
0.156929
0.146504
0.13663
0.127333
0.118568
0.110346
0.102634
0.0953856
0.0885588
0.0821492
0.0761398
0.0705171
0.0652731
0.0604008
0.0558971
0.0517627
0.0480024
0.0446214
0.0416241
0.0390113
0.036779
0.0349166
0.0334065
0.0322223
0.0313289
0.03068
0.0302185
0.0298758
0.0295736
0.02923
0.028773
0.0281614
0.0274071
0.0265847
0.0258116
0.0252024
0.0248361
0.0247706
0.0250801
0.0258741
0.0273069
0.0295859
0.0329805
0.037828
0.0445334
0.0535548
0.0653658
0.0803854
0.0988645
0.120752
0.145579
0.172437
0.200069
0.227063
0.252051
0.273869
0.291642
0.30483
0.313231
0.316937
0.316201
0.311402
0.302971
0.291532
0.278289
0.264024
0.249312
0.234612
0.220272
0.206543
0.193589
0.181503
0.170323
0.160047
0.150643
0.142065
0.134254
0.127148
0.120687
0.11481
0.109463
0.104596
0.100164
0.0961276
0.0924515
0.0891061
0.0860657
0.0833086
0.0808173
0.0785777
0.0765796
0.074817
0.0732885
0.0719984
0.0709591
0.181892
0.172359
0.159899
0.147068
0.134757
0.12331
0.112842
0.103356
0.0947965
0.0870811
0.0800714
0.0736856
0.0678663
0.0625677
0.0577455
0.0533622
0.0493839
0.0457834
0.0425378
0.0396278
0.0370362
0.0347473
0.0327455
0.0310157
0.0295419
0.0283074
0.0272941
0.0264829
0.0258526
0.0253806
0.0250427
0.0248137
0.024669
0.0245867
0.0245513
0.0245592
0.0246232
0.0247773
0.025075
0.0255842
0.0263796
0.0275419
0.0291666
0.031375
0.0343218
0.0381992
0.0432389
0.0497108
0.0579146
0.0681612
0.0807396
0.0958659
0.113618
0.133864
0.156202
0.179954
0.204213
0.227947
0.250134
0.269863
0.286425
0.299336
0.308358
0.313467
0.31481
0.312628
0.307206
0.298746
0.287908
0.275744
0.262884
0.249761
0.23671
0.223982
0.211758
0.200155
0.189246
0.179061
0.169605
0.160859
0.152794
0.14537
0.138543
0.13227
0.126507
0.121212
0.116348
0.111878
0.107772
0.104
0.100537
0.0973626
0.0944563
0.0918024
0.0893875
0.0872012
0.0852363
0.0834893
0.0819614
0.0806619
0.0905921
0.0843554
0.077817
0.0718114
0.0664067
0.0615662
0.0572311
0.0533415
0.0498437
0.0466918
0.0438435
0.0412653
0.0389289
0.036812
0.0348964
0.0331677
0.0316139
0.0302254
0.0289942
0.0279139
0.0269787
0.0261841
0.0255259
0.0250008
0.0246055
0.0243374
0.0241943
0.0241746
0.0242771
0.0245022
0.0248512
0.0253283
0.0259408
0.0267009
0.0276273
0.028747
0.0300973
0.0317268
0.0336962
0.0360781
0.0389579
0.0424355
0.0466284
0.0516734
0.0577272
0.0649622
0.0735614
0.0837055
0.0955566
0.109232
0.124777
0.142123
0.161067
0.181241
0.202122
0.223061
0.243342
0.262251
0.279149
0.293519
0.304999
0.313386
0.318632
0.32081
0.32007
0.316573
0.310395
0.301719
0.291465
0.280323
0.268739
0.25703
0.245438
0.234135
0.223248
0.212859
0.20302
0.193755
0.185068
0.17695
0.169382
0.162337
0.155788
0.149703
0.144051
0.138802
0.133929
0.129404
0.125204
0.121306
0.117692
0.114342
0.111242
0.108378
0.105737
0.103311
0.101092
0.0990753
0.0972595
0.0956503
0.0513722
0.0492423
0.0471727
0.0452844
0.043569
0.0420114
0.0405972
0.0393143
0.0381526
0.037104
0.0361622
0.0353225
0.0345813
0.0339363
0.0333862
0.0329309
0.0325709
0.0323077
0.0321439
0.0320828
0.0321286
0.0322866
0.0325629
0.032965
0.0335013
0.0341816
0.0350175
0.036022
0.0372104
0.0386003
0.0402123
0.0420701
0.0442016
0.0466395
0.0494215
0.0525919
0.0562015
0.0603085
0.0649785
0.0702848
0.0763078
0.0831344
0.0908562
0.0995662
0.109354
0.120298
0.132457
0.145856
0.160474
0.176231
0.19297
0.210454
0.228362
0.246297
0.263813
0.280436
0.295713
0.309237
0.320686
0.329827
0.336537
0.340783
0.34261
0.342098
0.339321
0.33422
0.326878
0.317976
0.308112
0.297704
0.287057
0.276392
0.265873
0.255618
0.24571
0.236204
0.227135
0.21852
0.210363
0.202658
0.195392
0.18855
0.182112
0.176056
0.170363
0.165011
0.15998
0.155251
0.150808
0.146632
0.142711
0.13903
0.135577
0.132342
0.129315
0.126487
0.123853
0.121407
0.119147
0.117075
0.0754167
0.0746351
0.0738705
0.0731724
0.072545
0.0719905
0.0715107
0.0711085
0.070787
0.0705501
0.0704023
0.0703487
0.070395
0.0705478
0.0708141
0.0712023
0.071721
0.0723804
0.0731912
0.0741656
0.0753166
0.0766591
0.0782086
0.0799828
0.0820004
0.0842822
0.0868504
0.0897292
0.0929444
0.0965241
0.100498
0.104897
0.109756
0.115108
0.12099
0.12744
0.134495
0.142193
0.150569
0.159656
0.169484
0.180073
0.191433
0.203561
0.216433
0.230002
0.244193
0.258894
0.273959
0.289202
0.3044
0.319297
0.333618
0.347075
0.359388
0.3703
0.379594
0.387102
0.39272
0.396397
0.398139
0.397979
0.395961
0.392099
0.386206
0.378506
0.369531
0.359697
0.349347
0.338742
0.328081
0.317504
0.307119
0.296999
0.287197
0.277747
0.268669
0.259973
0.25166
0.243725
0.236159
0.22895
0.222086
0.21555
0.209328
0.203406
0.197769
0.192403
0.187295
0.182434
0.177808
0.173408
0.169223
0.165246
0.161469
0.157886
0.15449
0.151278
0.148246
0.145398
0.161691
0.162746
0.163999
0.165332
0.166729
0.168194
0.169736
0.171363
0.173083
0.174908
0.176848
0.178916
0.181124
0.183487
0.18602
0.188738
0.191659
0.194801
0.198183
0.201826
0.20575
0.209977
0.214531
0.219435
0.224713
0.230388
0.236485
0.243027
0.250035
0.25753
0.265529
0.274048
0.283098
0.292684
0.302806
0.313458
0.324625
0.336285
0.348403
0.360933
0.37382
0.386991
0.40036
0.413827
0.427272
0.440563
0.453551
0.466075
0.477965
0.489043
0.499133
0.508065
0.515684
0.52185
0.526455
0.529418
0.530694
0.530271
0.528167
0.524423
0.519089
0.512216
0.503814
0.493602
0.482219
0.470044
0.457325
0.444307
0.431194
0.418142
0.405267
0.392653
0.380361
0.368431
0.35689
0.345752
0.335025
0.324706
0.314791
0.305271
0.296134
0.287368
0.278959
0.270891
0.263153
0.255729
0.248606
0.241772
0.235214
0.228923
0.222886
0.217095
0.211541
0.206216
0.201112
0.196223
0.191544
0.187069
0.182796
0.178725
0.287421
0.291523
0.296435
0.301616
0.306977
0.312507
0.318214
0.324109
0.330203
0.336509
0.343042
0.349816
0.356846
0.364149
0.371742
0.379643
0.38787
0.396441
0.405375
0.414692
0.424408
0.434542
0.445109
0.456124
0.467597
0.479537
0.491948
0.504829
0.518172
0.531965
0.546183
0.560795
0.575759
0.591021
0.606515
0.622162
0.637871
0.653536
0.669039
0.684249
0.699027
0.71322
0.726673
0.739221
0.750704
0.76096
0.769835
0.777185
0.782881
0.786815
0.788898
0.789067
0.787287
0.783548
0.777868
0.770283
0.760856
0.749655
0.736754
0.722231
0.706187
0.688624
0.669625
0.650093
0.630349
0.610567
0.590919
0.571548
0.552568
0.534064
0.516096
0.498702
0.481906
0.465719
0.450142
0.435169
0.420786
0.40698
0.393731
0.381019
0.368823
0.357121
0.345893
0.335117
0.324774
0.314843
0.305307
0.296149
0.287352
0.278901
0.270782
0.262983
0.255491
0.248295
0.241385
0.234753
0.228389
0.222287
0.216441
0.210849
0.385348
0.392072
0.400267
0.408988
0.418057
0.427448
0.437168
0.447232
0.457654
0.468453
0.479644
0.491246
0.503276
0.515755
0.528699
0.542127
0.556056
0.570504
0.585485
0.601014
0.617099
0.633749
0.650968
0.668753
0.687096
0.705983
0.725389
0.745281
0.765615
0.786332
0.807363
0.828621
0.850006
0.871399
0.892666
0.913656
0.934202
0.954124
0.973228
0.991313
1.00817
1.02359
1.03736
1.04928
1.05916
1.06685
1.07218
1.07503
1.07533
1.07302
1.06806
1.06048
1.05032
1.03765
1.02257
1.00517
0.985577
0.963895
0.940226
0.914689
0.887399
0.858318
0.829078
0.800094
0.771527
0.743528
0.71623
0.689728
0.664092
0.639365
0.615572
0.59272
0.570806
0.549813
0.529719
0.510498
0.492117
0.474543
0.457742
0.441678
0.426317
0.411624
0.397566
0.384113
0.371233
0.358899
0.347084
0.335763
0.324913
0.314512
0.30454
0.294979
0.285811
0.277021
0.268594
0.260517
0.252777
0.245364
0.238268
0.231481
0.200575
0.201571
0.202006
0.202077
0.20187
0.201451
0.200874
0.200182
0.199411
0.19859
0.197741
0.196885
0.196036
0.19521
0.194416
0.193664
0.192963
0.19232
0.191741
0.191232
0.190797
0.190443
0.190172
0.18999
0.1899
0.189907
0.190015
0.190228
0.190551
0.190987
0.191541
0.192219
0.193025
0.193965
0.195044
0.196269
0.197644
0.199178
0.200877
0.202747
0.204798
0.207036
0.209471
0.21211
0.214962
0.218036
0.221343
0.22489
0.228688
0.232747
0.237074
0.241681
0.246576
0.251767
0.257262
0.263069
0.269193
0.27564
0.282415
0.289518
0.296952
0.304714
0.312801
0.321207
0.329922
0.338934
0.348228
0.357784
0.36758
0.377588
0.387777
0.398112
0.408555
0.419063
0.42959
0.440086
0.450503
0.460787
0.470888
0.480757
0.490349
0.499628
0.508567
0.517154
0.525401
0.533345
0.541065
0.548695
0.556443
0.564624
0.573712
0.584421
0.597868
0.615853
0.641458
0.680464
0.745285
0.868779
1.17401
2.57705
0.0682046
0.0678095
0.0672932
0.0667424
0.066205
0.0657144
0.0652932
0.064957
0.0647155
0.0645744
0.0645365
0.0646028
0.0647726
0.0650448
0.0654175
0.065889
0.0664571
0.0671201
0.067876
0.0687234
0.0696607
0.070687
0.0718012
0.0730027
0.074291
0.075666
0.0771278
0.0786766
0.0803132
0.0820384
0.0838536
0.0857602
0.08776
0.0898554
0.0920489
0.0943433
0.096742
0.0992487
0.101868
0.104603
0.10746
0.110444
0.11356
0.116816
0.120217
0.123772
0.127488
0.131372
0.135435
0.139685
0.144132
0.148786
0.153658
0.15875
0.164067
0.169618
0.175414
0.181464
0.187779
0.194367
0.201237
0.208396
0.215849
0.223601
0.231654
0.240006
0.248654
0.25759
0.266801
0.27627
0.285975
0.295884
0.305962
0.316162
0.326432
0.336707
0.346917
0.356978
0.3668
0.376284
0.385323
0.393805
0.401617
0.408647
0.41479
0.419989
0.424227
0.427531
0.429989
0.431768
0.433161
0.434633
0.436938
0.441306
0.44987
0.466671
0.500514
0.575383
0.788232
1.98893
0.0360677
0.0352163
0.0345373
0.0340497
0.0337579
0.0336533
0.0337209
0.0339419
0.0342968
0.0347664
0.0353334
0.0359828
0.036702
0.037481
0.0383118
0.0391888
0.0401078
0.0410661
0.0420619
0.0430945
0.0441638
0.0452702
0.0464146
0.0475981
0.0488222
0.0500885
0.0513988
0.0527552
0.0541596
0.0556144
0.057122
0.0586848
0.0603056
0.0619869
0.0637319
0.0655433
0.0674245
0.0693786
0.071409
0.0735194
0.0757133
0.0779946
0.0803671
0.0828348
0.085402
0.0880726
0.090851
0.0937413
0.0967478
0.0998747
0.103126
0.106506
0.110017
0.113664
0.117449
0.121375
0.125445
0.129658
0.134015
0.138517
0.14316
0.147941
0.152856
0.157896
0.163054
0.168316
0.173669
0.179096
0.184575
0.190083
0.195593
0.201073
0.206488
0.211799
0.216964
0.221937
0.22667
0.231112
0.235212
0.238918
0.24218
0.244953
0.247198
0.248882
0.249992
0.25049
0.250342
0.249539
0.248125
0.246191
0.243872
0.241377
0.239021
0.237308
0.237085
0.239931
0.249229
0.274113
0.351304
0.809692
0.0258806
0.025368
0.0250613
0.0249488
0.0250099
0.0252181
0.0255465
0.0259712
0.0264723
0.027034
0.0276445
0.0282953
0.0289805
0.029696
0.0304394
0.0312092
0.0320049
0.0328264
0.0336738
0.0345479
0.0354493
0.0363789
0.0373378
0.0383271
0.0393479
0.0404015
0.0414891
0.0426121
0.0437719
0.0449699
0.0462076
0.0474865
0.0488083
0.0501745
0.0515867
0.0530468
0.0545564
0.0561173
0.0577313
0.0594001
0.0611257
0.0629098
0.0647542
0.0666607
0.0686311
0.0706669
0.0727699
0.0749413
0.0771827
0.0794951
0.0818795
0.0843367
0.086867
0.0894705
0.092147
0.0948957
0.0977154
0.100604
0.10356
0.106579
0.109658
0.112791
0.115974
0.119199
0.122459
0.125745
0.129046
0.132351
0.135649
0.138924
0.142162
0.145346
0.148459
0.151481
0.154394
0.157176
0.159806
0.162261
0.164519
0.166558
0.168354
0.169886
0.171133
0.172075
0.172693
0.172973
0.172902
0.172474
0.171662
0.17045
0.16885
0.16692
0.164784
0.162678
0.161038
0.160707
0.163537
0.174393
0.212213
0.444321
0.0184019
0.0181105
0.0179639
0.0179508
0.0180551
0.0182577
0.0185402
0.0188868
0.0192847
0.019724
0.0201974
0.0206998
0.0212277
0.0217788
0.0223516
0.0229454
0.0235598
0.0241948
0.0248507
0.0255278
0.0262265
0.0269476
0.0276915
0.0284591
0.029251
0.0300681
0.0309111
0.031781
0.0326785
0.0336047
0.0345604
0.0355466
0.0365643
0.0376145
0.0386982
0.0398164
0.0409702
0.0421606
0.0433887
0.0446555
0.045962
0.0473092
0.048698
0.0501293
0.051604
0.0531227
0.0546863
0.0562951
0.0579496
0.0596499
0.0613962
0.0631882
0.0650254
0.0669071
0.0688323
0.0707992
0.0728062
0.0748506
0.0769298
0.0790398
0.0811768
0.0833355
0.0855104
0.0876948
0.0898812
0.0920611
0.094225
0.0963622
0.0984612
0.100509
0.102491
0.104393
0.106199
0.10789
0.10945
0.110858
0.112095
0.113141
0.113977
0.114583
0.11494
0.115031
0.114841
0.114356
0.11357
0.112477
0.11108
0.109389
0.107426
0.105222
0.102831
0.100327
0.0978207
0.095478
0.0935626
0.0925344
0.0932708
0.0980259
0.115384
0.216315
0.0133413
0.0131292
0.0130087
0.0129752
0.0130206
0.0131341
0.013305
0.0135236
0.0137817
0.0140729
0.0143922
0.0147359
0.0151013
0.0154866
0.0158904
0.016312
0.0167509
0.0172068
0.0176797
0.0181696
0.0186767
0.0192013
0.0197436
0.020304
0.0208829
0.0214807
0.0220978
0.0227348
0.023392
0.0240701
0.0247695
0.0254908
0.0262345
0.0270013
0.0277918
0.0286063
0.0294457
0.0303104
0.031201
0.032118
0.0330619
0.0340333
0.0350326
0.0360601
0.0371163
0.0382013
0.0393155
0.0404588
0.0416312
0.0428327
0.044063
0.0453215
0.0466077
0.0479207
0.0492596
0.0506229
0.0520092
0.0534164
0.0548425
0.0562847
0.05774
0.0592051
0.060676
0.0621484
0.0636173
0.0650772
0.0665222
0.0679455
0.0693401
0.070698
0.0720108
0.0732694
0.0744644
0.0755855
0.0766225
0.0775644
0.0784001
0.0791185
0.0797086
0.0801596
0.0804615
0.0806049
0.0805819
0.0803862
0.0800139
0.0794635
0.078738
0.0778442
0.0767963
0.0756156
0.0743363
0.0730081
0.071708
0.0705557
0.0697522
0.0696624
0.0710451
0.0758635
0.0915692
0.177595
0.0104796
0.010289
0.0101539
0.0100744
0.0100474
0.0100676
0.0101292
0.0102267
0.0103551
0.0105103
0.010689
0.0108886
0.0111071
0.0113431
0.0115954
0.0118633
0.0121462
0.0124438
0.0127557
0.013082
0.0134225
0.0137772
0.0141463
0.0145297
0.0149277
0.0153404
0.0157681
0.0162108
0.0166689
0.0171426
0.0176322
0.018138
0.0186603
0.0191994
0.0197556
0.0203293
0.0209207
0.0215303
0.0221583
0.0228051
0.0234709
0.0241561
0.0248609
0.0255855
0.0263302
0.0270951
0.0278802
0.0286857
0.0295115
0.0303575
0.0312235
0.0321093
0.0330145
0.0339385
0.0348808
0.0358405
0.0368168
0.0378084
0.0388143
0.0398327
0.0408621
0.0419005
0.0429458
0.0439954
0.0450468
0.0460968
0.0471423
0.0481796
0.049205
0.0502141
0.0512027
0.0521658
0.0530986
0.0539957
0.0548519
0.0556614
0.0564188
0.0571182
0.0577543
0.0583215
0.0588151
0.0592306
0.0595646
0.0598143
0.0599789
0.0600591
0.0600584
0.0599834
0.0598458
0.0596633
0.0594636
0.0592885
0.0592032
0.0593131
0.0597995
0.0610007
0.0636279
0.0695233
0.0855893
0.162853
0.00923294
0.00904451
0.00888905
0.00876957
0.00868582
0.00863542
0.00861516
0.00862177
0.0086522
0.00870381
0.00877442
0.00886226
0.00896593
0.00908436
0.00921673
0.00936242
0.00952098
0.00969207
0.00987546
0.010071
0.0102785
0.010498
0.0107294
0.0109727
0.011228
0.0114953
0.0117746
0.012066
0.0123696
0.0126856
0.013014
0.013355
0.0137088
0.0140755
0.0144554
0.0148485
0.015255
0.0156753
0.0161095
0.0165577
0.0170202
0.0174972
0.0179889
0.0184954
0.0190168
0.0195534
0.0201052
0.0206722
0.0212546
0.0218523
0.0224652
0.0230933
0.0237364
0.0243942
0.0250665
0.0257528
0.0264528
0.0271658
0.0278913
0.0286283
0.0293761
0.0301337
0.0308999
0.0316734
0.032453
0.0332371
0.034024
0.034812
0.0355991
0.0363832
0.0371623
0.0379339
0.0386959
0.0394457
0.0401809
0.0408991
0.0415979
0.0422751
0.0429286
0.0435567
0.0441581
0.0447319
0.0452784
0.0457984
0.0462943
0.0467702
0.0472326
0.0476911
0.0481599
0.0486593
0.0492195
0.0498847
0.0507234
0.0518455
0.0534401
0.0558613
0.0598536
0.067332
0.0853482
0.162596
0.00895172
0.00875908
0.00858575
0.00843658
0.00831284
0.00821366
0.0081373
0.0080817
0.00804484
0.00802491
0.00802034
0.00802987
0.00805246
0.00808732
0.0081338
0.00819145
0.00825991
0.00833891
0.00842826
0.00852782
0.0086375
0.00875722
0.00888696
0.00902669
0.00917641
0.00933612
0.00950585
0.00968563
0.0098755
0.0100755
0.0102858
0.0105063
0.0107372
0.0109786
0.0112306
0.0114933
0.0117668
0.0120512
0.0123468
0.0126536
0.0129717
0.0133014
0.0136428
0.013996
0.0143611
0.0147383
0.0151277
0.0155293
0.0159434
0.0163699
0.0168089
0.0172604
0.0177244
0.0182009
0.0186896
0.0191906
0.0197037
0.0202285
0.0207649
0.0213125
0.0218709
0.0224397
0.0230183
0.0236061
0.0242026
0.024807
0.0254186
0.0260365
0.0266598
0.0272878
0.0279193
0.0285536
0.0291896
0.0298264
0.0304633
0.0310995
0.0317344
0.0323677
0.0329994
0.0336296
0.0342594
0.0348902
0.0355244
0.0361654
0.0368182
0.0374895
0.038189
0.0389294
0.0397286
0.0406114
0.0416132
0.0427854
0.0442058
0.0459982
0.0483729
0.0517205
0.0568556
0.0658408
0.0861049
0.16663
0.00923095
0.00903056
0.00884058
0.00866729
0.00851298
0.0083778
0.00826089
0.00816092
0.00807649
0.00800625
0.00794903
0.0079038
0.00786975
0.00784623
0.0078327
0.00782878
0.00783415
0.00784858
0.00787189
0.00790397
0.00794471
0.00799406
0.00805198
0.00811843
0.0081934
0.0082769
0.00836892
0.00846949
0.00857862
0.00869636
0.00882274
0.00895781
0.00910163
0.00925426
0.00941578
0.00958625
0.00976579
0.00995447
0.0101524
0.0103597
0.0105765
0.0108029
0.011039
0.0112849
0.0115409
0.0118069
0.0120832
0.0123699
0.012667
0.0129747
0.0132931
0.0136223
0.0139623
0.0143133
0.0146751
0.015048
0.0154318
0.0158266
0.0162323
0.0166488
0.017076
0.0175137
0.0179619
0.0184203
0.0188887
0.0193669
0.0198547
0.0203516
0.0208575
0.0213722
0.0218953
0.0224266
0.022966
0.0235135
0.024069
0.0246327
0.0252052
0.0257869
0.0263789
0.0269828
0.0276004
0.0282346
0.028889
0.0295685
0.0302795
0.0310307
0.0318335
0.0327029
0.0336598
0.0347326
0.0359615
0.0374048
0.0391502
0.0413372
0.0442021
0.0481822
0.0541891
0.0645183
0.0873119
0.17546
0.00983322
0.00962321
0.00941714
0.00922253
0.00904251
0.00887802
0.00872884
0.00859421
0.00847315
0.00836464
0.00826775
0.00818165
0.00810566
0.0080392
0.00798181
0.00793311
0.00789283
0.00786073
0.00783665
0.00782044
0.007812
0.00781126
0.00781815
0.00783263
0.00785467
0.00788425
0.00792136
0.00796599
0.00801815
0.00807785
0.0081451
0.00821993
0.00830237
0.00839246
0.00849026
0.0085958
0.00870917
0.00883042
0.00895964
0.00909692
0.00924235
0.00939604
0.00955808
0.00972861
0.00990773
0.0100956
0.0102923
0.010498
0.0107128
0.0109368
0.0111703
0.0114132
0.0116659
0.0119283
0.0122005
0.0124828
0.0127753
0.0130779
0.0133908
0.0137141
0.0140479
0.0143921
0.0147469
0.0151123
0.0154884
0.0158751
0.0162726
0.0166808
0.0170999
0.0175299
0.017971
0.0184235
0.0188875
0.0193635
0.019852
0.0203537
0.0208695
0.0214007
0.0219487
0.0225158
0.0231044
0.0237179
0.0243608
0.0250385
0.0257585
0.02653
0.0273657
0.028282
0.0293013
0.0304545
0.0317849
0.0333559
0.0352632
0.0376589
0.0408021
0.0451736
0.0517796
0.0631536
0.088198
0.184821
0.0106321
0.0104113
0.0101891
0.00997433
0.00977081
0.0095802
0.00940288
0.00923855
0.00908658
0.00894624
0.00881679
0.00869755
0.00858793
0.00848741
0.00839558
0.00831209
0.00823664
0.00816902
0.00810902
0.00805651
0.00801135
0.00797343
0.00794269
0.00791905
0.00790244
0.00789283
0.00789017
0.00789443
0.00790559
0.00792363
0.00794853
0.0079803
0.00801894
0.00806446
0.00811688
0.00817623
0.00824254
0.00831586
0.00839625
0.00848377
0.00857849
0.00868049
0.00878987
0.00890672
0.00903116
0.0091633
0.00930326
0.00945118
0.0096072
0.00977146
0.00994411
0.0101253
0.0103152
0.010514
0.0107218
0.0109388
0.0111652
0.0114012
0.0116468
0.0119024
0.012168
0.0124438
0.0127301
0.013027
0.0133348
0.0136535
0.0139836
0.0143251
0.0146784
0.0150439
0.0154219
0.0158128
0.0162172
0.0166359
0.0170695
0.017519
0.0179857
0.0184711
0.018977
0.0195059
0.0200605
0.0206446
0.0212628
0.0219211
0.0226269
0.0233902
0.0242239
0.0251448
0.0261763
0.0273501
0.0287115
0.0303265
0.0322957
0.0347803
0.0380561
0.0426395
0.0496212
0.0617685
0.0888019
0.19459
0.0115544
0.0113225
0.0110844
0.01085
0.0106241
0.010409
0.0102057
0.0100142
0.0098344
0.00966568
0.00950754
0.00935943
0.00922086
0.00909136
0.00897055
0.00885809
0.0087537
0.00865714
0.0085682
0.0084867
0.0084125
0.00834546
0.00828547
0.00823243
0.00818624
0.00814682
0.0081141
0.00808802
0.00806851
0.00805552
0.00804901
0.00804895
0.0080553
0.00806804
0.00808716
0.00811266
0.00814454
0.00818283
0.00822755
0.00827873
0.00833642
0.00840069
0.00847161
0.00854925
0.00863371
0.0087251
0.00882353
0.00892912
0.00904201
0.00916235
0.0092903
0.00942601
0.00956967
0.00972146
0.00988156
0.0100502
0.0102275
0.0104138
0.0106093
0.0108142
0.0110287
0.0112532
0.0114878
0.0117328
0.0119887
0.0122556
0.012534
0.0128242
0.0131266
0.0134417
0.0137702
0.0141124
0.0144693
0.0148416
0.0152302
0.0156364
0.0160615
0.0165072
0.0169756
0.0174691
0.0179907
0.0185443
0.0191347
0.0197677
0.0204512
0.0211949
0.0220117
0.0229188
0.0239395
0.0251057
0.0264634
0.0280797
0.0300577
0.0325637
0.035885
0.0405644
0.0477612
0.0604502
0.0891326
0.203599
0.0125581
0.012315
0.012061
0.0118074
0.0115597
0.0113209
0.0110926
0.0108754
0.0106693
0.0104741
0.0102894
0.0101149
0.00995007
0.00979459
0.00964809
0.00951022
0.00938073
0.00925933
0.00914583
0.00904
0.00894167
0.00885068
0.00876687
0.0086901
0.00862024
0.00855718
0.0085008
0.00845099
0.00840765
0.0083707
0.00834006
0.00831563
0.00829738
0.00828522
0.00827913
0.00827906
0.00828498
0.00829689
0.00831478
0.00833867
0.00836857
0.00840452
0.00844658
0.00849479
0.00854926
0.00861005
0.00867727
0.00875105
0.00883151
0.00891879
0.00901305
0.00911446
0.0092232
0.00933946
0.00946345
0.00959539
0.00973551
0.00988405
0.0100413
0.0102075
0.0103829
0.0105679
0.0107627
0.0109678
0.0111834
0.0114101
0.0116482
0.0118981
0.0121605
0.0124358
0.0127247
0.013028
0.0133464
0.0136809
0.0140325
0.0144025
0.0147925
0.0152042
0.0156396
0.0161014
0.0165926
0.0171172
0.0176798
0.0182864
0.0189447
0.0196642
0.0204579
0.0213426
0.0223411
0.0234853
0.0248205
0.0264138
0.0283686
0.0308527
0.0341587
0.038845
0.04612
0.0591309
0.089129
0.211964
0.0136152
0.0133613
0.0130918
0.0128192
0.0125501
0.0122882
0.0120357
0.0117935
0.0115621
0.0113416
0.0111318
0.0109324
0.0107432
0.0105637
0.0103936
0.0102327
0.0100807
0.00993719
0.00980207
0.00967506
0.00955595
0.00944453
0.0093406
0.009244
0.00915453
0.00907204
0.00899637
0.00892737
0.00886489
0.0088088
0.00875897
0.00871529
0.00867765
0.00864595
0.00862012
0.00860007
0.00858576
0.00857712
0.00857415
0.00857681
0.0085851
0.00859905
0.00861867
0.008644
0.00867512
0.00871209
0.00875501
0.00880398
0.00885912
0.00892056
0.00898847
0.009063
0.00914434
0.00923269
0.00932825
0.00943127
0.00954197
0.00966063
0.00978752
0.00992293
0.0100672
0.0102206
0.0103836
0.0105565
0.0107397
0.0109338
0.011139
0.0113561
0.0115856
0.011828
0.0120842
0.0123549
0.012641
0.0129435
0.0132635
0.0136025
0.0139619
0.0143437
0.01475
0.0151833
0.0156469
0.0161446
0.0166812
0.0172625
0.0178961
0.0185916
0.0193614
0.0202222
0.0211964
0.0223152
0.0236232
0.0251866
0.0271077
0.0295538
0.0328181
0.037466
0.0447355
0.0579036
0.0888916
0.219698
0.0147738
0.0145068
0.0142198
0.0139265
0.0136344
0.0133479
0.0130698
0.0128015
0.012544
0.0122974
0.0120618
0.0118371
0.0116231
0.0114195
0.011226
0.0110424
0.0108683
0.0107035
0.0105476
0.0104005
0.0102619
0.0101315
0.010009
0.00989435
0.00978718
0.00968731
0.00959454
0.00950865
0.00942946
0.00935678
0.00929043
0.00923025
0.00917609
0.00912781
0.00908528
0.0090484
0.00901707
0.00899121
0.00897076
0.00895567
0.00894593
0.00894151
0.00894242
0.0089487
0.00896038
0.00897753
0.00900022
0.00902855
0.00906263
0.0091026
0.00914859
0.00920079
0.00925937
0.00932452
0.00939647
0.00947546
0.00956174
0.00965557
0.00975726
0.00986712
0.00998548
0.0101127
0.0102492
0.0103954
0.0105517
0.0107186
0.0108966
0.0110863
0.0112884
0.0115036
0.0117325
0.0119761
0.0122353
0.0125112
0.012805
0.0131182
0.0134523
0.0138094
0.0141915
0.0146015
0.0150424
0.0155181
0.0160335
0.0165944
0.0172082
0.0178844
0.0186354
0.0194773
0.0204322
0.0215307
0.0228164
0.0243543
0.0262447
0.0286523
0.031867
0.0364507
0.0436442
0.0567761
0.0881689
0.223967
0.0162239
0.0159435
0.0156374
0.0153209
0.0150026
0.0146879
0.0143802
0.0140818
0.0137938
0.0135169
0.0132515
0.0129976
0.0127551
0.0125239
0.0123038
0.0120945
0.0118956
0.011707
0.0115282
0.0113591
0.0111992
0.0110483
0.010906
0.0107721
0.0106462
0.0105282
0.0104176
0.0103143
0.0102179
0.0101282
0.0100449
0.00996793
0.00989696
0.00983182
0.00977234
0.00971836
0.00966974
0.00962636
0.00958812
0.00955495
0.0095268
0.00950361
0.00948538
0.00947212
0.00946385
0.00946061
0.00946247
0.00946952
0.00948187
0.00949963
0.00952296
0.00955201
0.00958698
0.00962806
0.00967547
0.00972947
0.00979031
0.00985828
0.00993368
0.0100169
0.0101082
0.010208
0.0103168
0.0104349
0.0105629
0.0107013
0.0108507
0.0110117
0.0111849
0.0113712
0.0115713
0.0117863
0.012017
0.0122647
0.0125307
0.0128164
0.0131237
0.0134545
0.0138111
0.0141962
0.0146132
0.015066
0.0155594
0.0160994
0.0166933
0.0173506
0.0180837
0.0189085
0.019847
0.0209294
0.0221988
0.0237194
0.0255906
0.0279758
0.0311642
0.0357187
0.0428948
0.0561051
0.0881909
0.230763
0.0177189
0.0174255
0.0171008
0.0167617
0.0164179
0.0160758
0.0157395
0.0154117
0.0150942
0.0147881
0.014494
0.014212
0.0139425
0.0136851
0.0134399
0.0132065
0.0129846
0.012774
0.0125743
0.0123851
0.0122061
0.0120369
0.0118771
0.0117263
0.0115842
0.0114504
0.0113246
0.0112062
0.0110952
0.010991
0.0108935
0.0108022
0.010717
0.0106376
0.0105637
0.0104952
0.0104319
0.0103736
0.0103202
0.0102716
0.0102276
0.0101883
0.0101536
0.0101236
0.0100981
0.0100772
0.0100611
0.0100497
0.0100433
0.0100418
0.0100454
0.0100544
0.0100689
0.0100891
0.0101152
0.0101474
0.0101862
0.0102316
0.0102842
0.0103441
0.0104119
0.0104878
0.0105724
0.0106661
0.0107694
0.010883
0.0110072
0.011143
0.0112909
0.0114518
0.0116265
0.0118161
0.0120216
0.0122442
0.0124854
0.0127466
0.0130297
0.0133368
0.0136702
0.0140328
0.0144279
0.0148596
0.0153328
0.0158534
0.016429
0.017069
0.0177858
0.0185954
0.0195195
0.0205883
0.0218447
0.0233522
0.0252098
0.0275801
0.0307515
0.0352877
0.0424546
0.0557287
0.0883752
0.23658
0.0192307
0.0189245
0.0185819
0.0182214
0.0178534
0.0174853
0.0171219
0.0167666
0.0164216
0.0160882
0.0157674
0.0154596
0.0151651
0.0148838
0.0146158
0.0143607
0.0141183
0.0138882
0.0136701
0.0134634
0.0132679
0.013083
0.0129082
0.0127432
0.0125873
0.0124403
0.0123016
0.0121708
0.0120475
0.0119313
0.0118217
0.0117185
0.0116213
0.0115299
0.0114438
0.0113629
0.011287
0.0112159
0.0111494
0.0110874
0.0110298
0.0109764
0.0109273
0.0108825
0.0108419
0.0108055
0.0107735
0.0107458
0.0107226
0.0107041
0.0106903
0.0106814
0.0106776
0.0106791
0.0106862
0.0106991
0.010718
0.0107434
0.0107754
0.0108146
0.0108612
0.0109157
0.0109785
0.0110502
0.0111313
0.0112223
0.0113239
0.0114367
0.0115616
0.0116994
0.011851
0.0120174
0.0121997
0.0123992
0.0126174
0.0128559
0.0131165
0.0134013
0.013713
0.0140543
0.0144287
0.0148403
0.0152941
0.0157962
0.0163542
0.0169776
0.0176788
0.0184739
0.0193846
0.020441
0.0216857
0.0231821
0.0250286
0.0273867
0.0305434
0.0350615
0.0422102
0.0555088
0.0885805
0.241986
0.0207486
0.0204296
0.0200699
0.0196891
0.0192986
0.0189064
0.0185182
0.0181377
0.0177675
0.0174094
0.0170646
0.0167336
0.016417
0.0161146
0.0158266
0.0155527
0.0152925
0.0150458
0.014812
0.0145906
0.0143812
0.0141832
0.0139961
0.0138192
0.0136521
0.0134942
0.013345
0.0132039
0.0130704
0.0129441
0.0128245
0.0127112
0.0126038
0.0125019
0.0124053
0.0123137
0.0122267
0.0121443
0.0120661
0.0119921
0.0119222
0.0118561
0.011794
0.0117357
0.0116813
0.0116307
0.011584
0.0115414
0.0115028
0.0114685
0.0114385
0.0114131
0.0113923
0.0113765
0.0113659
0.0113607
0.0113612
0.0113678
0.0113807
0.0114004
0.0114272
0.0114616
0.011504
0.011555
0.0116151
0.0116849
0.0117651
0.0118564
0.0119595
0.0120754
0.012205
0.0123493
0.0125095
0.012687
0.0128833
0.0130999
0.0133389
0.0136024
0.0138931
0.0142138
0.0145682
0.0149604
0.0153955
0.0158797
0.0164208
0.0170284
0.0177151
0.0184969
0.019396
0.0204423
0.0216786
0.0231684
0.0250099
0.0273645
0.0305187
0.0350353
0.0421874
0.0555294
0.0889794
0.246804
0.0222699
0.0219378
0.0215616
0.0211617
0.0207505
0.0203364
0.0199258
0.0195227
0.0191303
0.0187504
0.0183846
0.0180336
0.0176979
0.0173776
0.0170727
0.0167829
0.016508
0.0162476
0.016001
0.0157677
0.0155471
0.0153386
0.0151416
0.0149553
0.0147792
0.0146125
0.0144547
0.0143051
0.0141633
0.0140285
0.0139004
0.0137785
0.0136622
0.0135513
0.0134454
0.0133441
0.0132472
0.0131544
0.0130656
0.0129806
0.0128992
0.0128214
0.012747
0.0126761
0.0126087
0.0125447
0.0124843
0.0124274
0.0123742
0.0123249
0.0122795
0.0122382
0.0122012
0.0121688
0.0121412
0.0121187
0.0121015
0.0120899
0.0120844
0.0120853
0.012093
0.0121079
0.0121306
0.0121615
0.0122013
0.0122506
0.0123099
0.0123802
0.0124622
0.0125567
0.0126648
0.0127876
0.0129262
0.0130821
0.0132568
0.013452
0.0136697
0.0139122
0.014182
0.0144824
0.0148169
0.0151898
0.0156063
0.0160728
0.0165971
0.0171891
0.0178613
0.0186304
0.0195184
0.0205555
0.0217851
0.0232705
0.0251103
0.0274662
0.0306248
0.0351491
0.0423154
0.0557044
0.0894803
0.251287
0.0237957
0.0234503
0.0230582
0.0226406
0.0222104
0.0217767
0.0213462
0.0209235
0.0205118
0.0201134
0.0197298
0.019362
0.0190105
0.0186754
0.0183568
0.0180545
0.0177679
0.0174966
0.0172401
0.0169976
0.0167684
0.0165519
0.0163472
0.0161536
0.0159704
0.0157968
0.0156322
0.0154758
0.015327
0.0151852
0.0150498
0.0149203
0.0147963
0.0146773
0.0145629
0.0144528
0.0143467
0.0142444
0.0141456
0.0140502
0.013958
0.013869
0.013783
0.0137001
0.0136201
0.0135432
0.0134694
0.0133988
0.0133314
0.0132675
0.013207
0.0131503
0.0130975
0.0130489
0.0130046
0.012965
0.0129303
0.012901
0.0128772
0.0128596
0.0128483
0.012844
0.0128471
0.0128582
0.0128778
0.0129066
0.0129453
0.0129946
0.0130554
0.0131286
0.0132153
0.0133164
0.0134335
0.0135677
0.0137207
0.0138943
0.0140905
0.0143117
0.0145606
0.0148404
0.0151546
0.0155079
0.0159054
0.0163537
0.0168608
0.0174367
0.0180943
0.0188503
0.0197271
0.0207555
0.0219789
0.0234614
0.0253022
0.0276637
0.0308335
0.0353762
0.0425726
0.0560273
0.0901156
0.25546
0.0253303
0.0249712
0.0245637
0.0241297
0.0236824
0.0232315
0.0227838
0.0223442
0.0219163
0.0215025
0.0211044
0.020723
0.020359
0.0200124
0.0196832
0.0193712
0.0190759
0.0187966
0.0185327
0.0182835
0.0180481
0.0178257
0.0176154
0.0174165
0.0172279
0.017049
0.016879
0.0167171
0.0165625
0.0164148
0.0162731
0.0161371
0.0160061
0.0158798
0.0157577
0.0156394
0.0155248
0.0154135
0.0153053
0.0152
0.0150974
0.0149976
0.0149004
0.0148058
0.0147137
0.0146242
0.0145374
0.0144532
0.0143719
0.0142936
0.0142183
0.0141463
0.0140778
0.014013
0.0139522
0.0138956
0.0138435
0.0137963
0.0137544
0.0137181
0.0136879
0.0136642
0.0136476
0.0136386
0.0136378
0.0136459
0.0136636
0.0136917
0.0137311
0.0137826
0.0138474
0.0139266
0.0140215
0.0141336
0.0142645
0.0144159
0.0145901
0.0147895
0.0150167
0.015275
0.0155683
0.0159011
0.0162788
0.016708
0.0171969
0.0177557
0.0183976
0.0191396
0.0200044
0.0210231
0.0222398
0.0237194
0.0255617
0.0279305
0.0311151
0.0356827
0.0429197
0.0564534
0.0908428
0.259419
0.026879
0.0265059
0.0260837
0.0256345
0.025172
0.0247059
0.0242436
0.02379
0.0233488
0.0229226
0.0225131
0.0221212
0.0217477
0.0213926
0.0210558
0.0207369
0.0204355
0.0201507
0.019882
0.0196282
0.0193887
0.0191623
0.0189482
0.0187454
0.0185531
0.0183702
0.018196
0.0180297
0.0178704
0.0177176
0.0175706
0.0174287
0.0172915
0.0171586
0.0170294
0.0169036
0.0167809
0.0166611
0.016544
0.0164292
0.0163168
0.0162066
0.0160985
0.0159925
0.0158886
0.0157868
0.0156871
0.0155897
0.0154946
0.015402
0.0153121
0.0152249
0.0151407
0.0150597
0.0149823
0.0149086
0.014839
0.0147738
0.0147135
0.0146583
0.0146088
0.0145655
0.0145288
0.0144993
0.0144777
0.0144647
0.0144609
0.0144672
0.0144845
0.0145138
0.0145561
0.0146126
0.0146847
0.0147738
0.0148817
0.0150102
0.0151614
0.0153379
0.0155424
0.0157783
0.0160495
0.0163606
0.0167172
0.017126
0.0175954
0.0181357
0.0187604
0.0194868
0.0203379
0.0213453
0.0225539
0.0240291
0.0258721
0.0282482
0.031449
0.0360455
0.0433316
0.0569583
0.0916506
0.263195
0.0284475
0.0280602
0.027624
0.0271608
0.0266847
0.0262056
0.0257309
0.0252658
0.0248141
0.0243782
0.02396
0.0235605
0.0231802
0.0228192
0.0224773
0.0221541
0.0218489
0.0215609
0.0212893
0.021033
0.020791
0.0205623
0.0203459
0.0201407
0.0199458
0.0197601
0.0195829
0.0194131
0.0192501
0.0190931
0.0189415
0.0187946
0.0186519
0.0185129
0.0183773
0.0182446
0.0181145
0.0179867
0.0178611
0.0177374
0.0176155
0.0174953
0.0173768
0.0172598
0.0171444
0.0170306
0.0169184
0.0168079
0.0166993
0.0165926
0.016488
0.0163856
0.0162858
0.0161887
0.0160945
0.0160036
0.0159163
0.0158329
0.0157538
0.0156795
0.0156103
0.0155469
0.0154896
0.0154392
0.0153962
0.0153613
0.0153354
0.0153192
0.0153137
0.0153198
0.0153387
0.0153716
0.0154199
0.015485
0.0155688
0.0156732
0.0158003
0.0159527
0.0161333
0.0163454
0.0165931
0.0168811
0.017215
0.0176017
0.0180498
0.0185698
0.0191752
0.0198838
0.020719
0.0217128
0.0229105
0.0243788
0.0262199
0.0286009
0.0318162
0.0364417
0.0437799
0.0575077
0.0925043
0.266818
0.0300395
0.0296382
0.0291886
0.0287128
0.0282247
0.0277344
0.0272495
0.0267751
0.026315
0.025872
0.0254476
0.0250428
0.0246581
0.0242936
0.0239489
0.0236234
0.0233165
0.0230272
0.0227545
0.0224973
0.0222545
0.0220249
0.0218075
0.0216012
0.0214048
0.0212175
0.0210381
0.0208659
0.0207
0.0205397
0.0203843
0.0202332
0.0200857
0.0199416
0.0198002
0.0196612
0.0195243
0.0193893
0.0192558
0.0191238
0.018993
0.0188634
0.0187349
0.0186074
0.0184809
0.0183555
0.0182311
0.0181079
0.0179859
0.0178653
0.0177462
0.0176289
0.0175134
0.0174001
0.0172891
0.0171809
0.0170757
0.0169739
0.0168758
0.0167819
0.0166926
0.0166085
0.0165301
0.0164581
0.016393
0.0163356
0.0162867
0.0162471
0.0162178
0.0161998
0.0161942
0.0162024
0.0162257
0.0162657
0.0163242
0.0164031
0.0165047
0.0166316
0.0167867
0.0169735
0.0171961
0.0174592
0.0177687
0.0181314
0.0185561
0.0190536
0.0196375
0.0203258
0.0211422
0.0221192
0.0233028
0.0247603
0.0265953
0.0289766
0.0322018
0.0368518
0.0442397
0.05807
0.0933716
0.270288
0.0316594
0.0312444
0.0307821
0.0302945
0.0297956
0.0292956
0.028802
0.0283202
0.0278538
0.0274054
0.0269767
0.0265687
0.0261816
0.0258155
0.0254698
0.0251439
0.024837
0.0245479
0.0242756
0.0240189
0.0237766
0.0235475
0.0233303
0.023124
0.0229273
0.0227392
0.0225588
0.0223852
0.0222174
0.0220547
0.0218964
0.021742
0.0215907
0.0214421
0.0212959
0.0211515
0.0210087
0.0208671
0.0207267
0.020587
0.0204481
0.0203098
0.0201719
0.0200345
0.0198975
0.019761
0.0196249
0.0194894
0.0193544
0.0192203
0.019087
0.0189548
0.0188238
0.0186944
0.0185667
0.018441
0.0183178
0.0181973
0.0180799
0.0179661
0.0178563
0.0177511
0.017651
0.0175567
0.0174687
0.017388
0.0173152
0.0172513
0.0171972
0.017154
0.0171229
0.0171051
0.0171022
0.0171157
0.0171474
0.0171993
0.0172739
0.0173736
0.0175016
0.0176614
0.017857
0.0180934
0.0183764
0.0187131
0.0191122
0.0195847
0.0201445
0.0208096
0.0216041
0.0225609
0.0237262
0.0251682
0.0269914
0.0293663
0.0325931
0.0372576
0.0446836
0.0586047
0.0941986
0.273583
0.033305
0.0328768
0.0324027
0.0319044
0.0313959
0.0308875
0.0303868
0.0298989
0.0294278
0.0289758
0.0285447
0.0281351
0.0277474
0.0273813
0.0270363
0.0267116
0.0264062
0.0261189
0.0258485
0.0255937
0.0253532
0.0251258
0.02491
0.0247048
0.024509
0.0243214
0.0241411
0.0239671
0.0237985
0.0236346
0.0234746
0.0233178
0.0231638
0.023012
0.0228619
0.0227131
0.0225654
0.0224184
0.0222719
0.0221256
0.0219794
0.0218332
0.0216869
0.0215404
0.0213937
0.0212467
0.0210996
0.0209523
0.0208049
0.0206576
0.0205105
0.0203638
0.0202176
0.0200722
0.0199279
0.0197849
0.0196435
0.0195042
0.0193673
0.0192333
0.0191026
0.0189758
0.0188534
0.0187361
0.0186246
0.0185197
0.0184222
0.0183329
0.0182529
0.0181833
0.0181254
0.0180803
0.0180497
0.0180352
0.0180386
0.018062
0.0181078
0.0181787
0.0182777
0.0184085
0.0185752
0.0187828
0.0190372
0.0193456
0.0197168
0.0201619
0.0206948
0.0213339
0.0221032
0.0230359
0.0241785
0.0255996
0.0274042
0.0297637
0.0329799
0.037642
0.0450814
0.059057
0.0948921
0.276655
0.0349858
0.0345444
0.0340581
0.0335486
0.0330303
0.0325135
0.0320058
0.0315125
0.0310373
0.0305827
0.0301501
0.0297401
0.029353
0.0289882
0.0286451
0.0283229
0.0280202
0.0277359
0.0274685
0.0272168
0.0269793
0.0267547
0.0265416
0.0263387
0.0261449
0.025959
0.02578
0.0256068
0.0254386
0.0252747
0.0251141
0.0249564
0.0248008
0.024647
0.0244943
0.0243424
0.024191
0.0240397
0.0238883
0.0237366
0.0235843
0.0234313
0.0232776
0.0231229
0.0229674
0.022811
0.0226536
0.0224953
0.0223363
0.0221765
0.0220161
0.0218554
0.0216944
0.0215334
0.0213726
0.0212124
0.021053
0.0208948
0.0207383
0.0205838
0.0204319
0.0202831
0.020138
0.0199972
0.0198614
0.0197315
0.0196083
0.0194927
0.0193857
0.0192886
0.0192025
0.0191288
0.019069
0.0190249
0.0189984
0.0189916
0.0190069
0.019047
0.0191152
0.019215
0.0193507
0.0195274
0.0197511
0.0200289
0.0203698
0.020785
0.0212884
0.0218984
0.0226392
0.023544
0.0246595
0.0260539
0.0278324
0.0301661
0.0333565
0.037992
0.0454041
0.0593604
0.0953027
0.279431
0.0366914
0.0362369
0.0357378
0.0352167
0.0346882
0.034163
0.0336487
0.0331506
0.0326723
0.0322161
0.0317832
0.0313742
0.0309889
0.0306268
0.0302871
0.0299687
0.0296702
0.0293903
0.0291274
0.0288802
0.0286471
0.0284268
0.0282177
0.0280186
0.0278283
0.0276455
0.0274692
0.0272984
0.0271321
0.0269696
0.0268101
0.0266529
0.0264974
0.026343
0.0261893
0.0260359
0.0258823
0.0257282
0.0255734
0.0254176
0.0252606
0.0251022
0.0249423
0.0247809
0.0246177
0.0244529
0.0242864
0.0241181
0.0239483
0.0237769
0.0236041
0.0234299
0.0232547
0.0230786
0.0229018
0.0227247
0.0225475
0.0223706
0.0221944
0.0220194
0.0218461
0.0216749
0.0215065
0.0213416
0.021181
0.0210253
0.0208755
0.0207325
0.0205975
0.0204715
0.020356
0.0202522
0.0201618
0.0200865
0.0200283
0.0199893
0.0199722
0.0199796
0.0200148
0.0200815
0.020184
0.0203275
0.0205179
0.0207627
0.0210708
0.0214533
0.0219244
0.0225024
0.0232115
0.0240848
0.0251689
0.0265317
0.0282776
0.0305763
0.033726
0.0383088
0.0456404
0.0594531
0.0951642
0.281751
0.0392282
0.0387312
0.0381944
0.0376402
0.0370828
0.0365325
0.0359966
0.0354801
0.0349862
0.0345168
0.034073
0.0336549
0.0332622
0.0328941
0.0325494
0.0322269
0.0319251
0.0316425
0.0313773
0.0311281
0.0308933
0.0306713
0.0304606
0.0302599
0.0300679
0.0298833
0.029705
0.0295319
0.0293632
0.029198
0.0290354
0.0288747
0.0287153
0.0285565
0.028398
0.0282392
0.0280796
0.027919
0.0277569
0.0275932
0.0274276
0.0272598
0.0270898
0.0269173
0.0267423
0.0265647
0.0263844
0.0262015
0.026016
0.025828
0.0256375
0.0254446
0.0252496
0.0250526
0.0248538
0.0246536
0.0244521
0.0242499
0.0240472
0.0238445
0.0236424
0.0234414
0.023242
0.023045
0.0228511
0.0226612
0.0224761
0.0222969
0.0221246
0.0219604
0.0218058
0.0216621
0.021531
0.0214142
0.021314
0.0212324
0.021172
0.0211358
0.021127
0.0211495
0.0212076
0.0213065
0.0214524
0.0216527
0.0219165
0.0222549
0.0226823
0.0232169
0.023883
0.0247137
0.0257551
0.027075
0.0287765
0.0310272
0.0341202
0.0386244
0.0458181
0.0592989
0.0937908
0.271106
0.0447052
0.0441694
0.0435956
0.0430067
0.0424173
0.0418382
0.0412768
0.0407383
0.0402261
0.0397419
0.0392867
0.0388605
0.0384626
0.0380921
0.0377477
0.0374277
0.0371304
0.036854
0.0365968
0.0363568
0.0361323
0.0359216
0.035723
0.0355349
0.0353559
0.0351845
0.0350194
0.0348595
0.0347037
0.0345508
0.0344
0.0342503
0.0341011
0.0339515
0.0338008
0.0336485
0.033494
0.0333368
0.0331764
0.0330124
0.0328444
0.0326721
0.0324953
0.0323136
0.0321268
0.0319349
0.0317375
0.0315346
0.0313262
0.0311122
0.0308926
0.0306674
0.0304369
0.0302009
0.0299599
0.0297139
0.0294633
0.0292083
0.0289493
0.0286868
0.0284213
0.0281533
0.0278834
0.0276123
0.0273409
0.02707
0.0268006
0.0265337
0.0262706
0.0260125
0.0257609
0.0255175
0.0252841
0.0250625
0.0248552
0.0246645
0.0244932
0.0243446
0.0242221
0.02413
0.024073
0.0240566
0.0240875
0.0241734
0.024324
0.024551
0.0248694
0.0252982
0.0258628
0.0265973
0.0275496
0.0287894
0.0304229
0.032622
0.0356861
0.040194
0.0474389
0.0610396
0.0957964
0.276492
0.0504352
0.0498727
0.049272
0.0486564
0.0480414
0.047438
0.0468546
0.0462966
0.0457679
0.0452706
0.0448056
0.044373
0.0439722
0.0436022
0.0432615
0.0429484
0.0426609
0.0423971
0.042155
0.0419325
0.0417276
0.0415384
0.0413629
0.0411994
0.0410462
0.0409016
0.0407641
0.0406322
0.0405046
0.0403801
0.0402574
0.0401354
0.0400131
0.0398896
0.0397638
0.0396351
0.0395026
0.0393656
0.0392233
0.0390753
0.0389208
0.0387595
0.0385907
0.0384141
0.0382293
0.0380359
0.0378336
0.0376222
0.0374014
0.037171
0.036931
0.0366813
0.0364218
0.0361527
0.0358738
0.0355855
0.0352879
0.0349812
0.0346658
0.0343421
0.0340106
0.0336717
0.0333262
0.0329748
0.0326182
0.0322574
0.0318934
0.0315275
0.0311608
0.0307949
0.0304313
0.0300718
0.0297184
0.0293734
0.0290392
0.0287185
0.0284144
0.0281305
0.0278706
0.0276393
0.0274416
0.0272837
0.0271725
0.0271164
0.0271255
0.0272121
0.0273918
0.0276844
0.0281159
0.0287216
0.0295505
0.0306741
0.0322007
0.0343056
0.0372931
0.0417496
0.0489796
0.0626116
0.0974291
0.278983
0.0558313
0.0552646
0.0546579
0.0540349
0.0534116
0.0527999
0.0522089
0.0516449
0.0511123
0.0506138
0.0501506
0.0497233
0.0493314
0.048974
0.0486495
0.0483564
0.0480925
0.0478558
0.0476442
0.0474554
0.0472872
0.0471373
0.0470038
0.0468846
0.0467775
0.0466809
0.0465927
0.0465113
0.046435
0.0463623
0.0462916
0.0462215
0.0461508
0.046078
0.0460021
0.0459217
0.045836
0.0457438
0.0456441
0.0455361
0.0454189
0.0452917
0.0451537
0.0450043
0.0448427
0.0446685
0.044481
0.0442798
0.0440644
0.0438346
0.0435899
0.0433302
0.0430552
0.0427648
0.0424591
0.0421379
0.0418015
0.0414499
0.0410835
0.0407026
0.0403075
0.0398989
0.0394773
0.0390435
0.0385984
0.0381428
0.037678
0.0372051
0.0367255
0.0362409
0.035753
0.0352637
0.0347753
0.0342901
0.0338109
0.0333408
0.0328831
0.0324418
0.032021
0.0316257
0.0312615
0.0309349
0.0306533
0.0304257
0.0302625
0.0301768
0.0301844
0.0303058
0.0305676
0.0310054
0.031669
0.0326301
0.033998
0.0359482
0.0387858
0.0430966
0.050179
0.0636304
0.098099
0.280107
0.0602919
0.0597612
0.0591882
0.0585966
0.0580023
0.0574179
0.0568531
0.056315
0.0558089
0.055338
0.0549045
0.0545091
0.0541519
0.0538324
0.0535492
0.0533008
0.0530853
0.0529007
0.0527447
0.052615
0.0525093
0.0524253
0.0523606
0.052313
0.0522801
0.0522597
0.0522499
0.0522484
0.0522532
0.0522626
0.0522745
0.0522873
0.0522991
0.0523083
0.0523134
0.0523127
0.0523048
0.0522882
0.0522617
0.0522239
0.0521736
0.0521096
0.0520308
0.0519362
0.0518247
0.0516954
0.0515476
0.0513803
0.051193
0.0509849
0.0507555
0.0505043
0.050231
0.0499352
0.0496166
0.0492752
0.0489108
0.0485237
0.0481138
0.0476816
0.0472272
0.0467514
0.0462546
0.0457376
0.0452014
0.0446469
0.0440753
0.043488
0.0428864
0.0422725
0.0416479
0.041015
0.0403761
0.039734
0.0390917
0.0384524
0.0378201
0.0371989
0.0365935
0.0360094
0.0354526
0.0349302
0.0344501
0.0340217
0.0336562
0.033367
0.0331706
0.0330877
0.0331454
0.0333796
0.03384
0.0345982
0.0357628
0.037508
0.0401358
0.0442247
0.0510536
0.0641515
0.097872
0.277772
0.0633716
0.0629289
0.0624418
0.0619329
0.0614178
0.060909
0.0604169
0.0599492
0.059512
0.0591093
0.0587439
0.0584176
0.0581309
0.0578837
0.0576752
0.0575043
0.0573694
0.0572686
0.0571998
0.0571607
0.0571489
0.0571622
0.0571979
0.0572537
0.0573271
0.0574156
0.0575168
0.0576282
0.0577477
0.0578727
0.0580012
0.0581307
0.0582593
0.0583848
0.0585051
0.0586182
0.0587221
0.058815
0.058895
0.0589604
0.0590094
0.0590403
0.0590517
0.059042
0.0590098
0.0589538
0.0588726
0.0587651
0.0586302
0.058467
0.0582745
0.058052
0.0577987
0.0575142
0.0571979
0.0568495
0.0564688
0.0560556
0.0556101
0.0551325
0.0546229
0.054082
0.0535104
0.0529088
0.0522783
0.0516198
0.0509348
0.0502248
0.0494914
0.0487366
0.0479624
0.0471714
0.0463663
0.0455499
0.0447258
0.0438976
0.0430694
0.0422461
0.0414327
0.0406353
0.0398605
0.039116
0.0384103
0.0377534
0.037157
0.036635
0.0362044
0.0358864
0.0357079
0.035705
0.0359269
0.0364443
0.0373635
0.0388552
0.041214
0.0450034
0.0514645
0.0640114
0.0965245
0.272213
0.0648021
0.064495
0.0641442
0.0637698
0.063386
0.063005
0.0626369
0.0622898
0.0619701
0.0616827
0.061431
0.0612175
0.0610435
0.0609095
0.0608154
0.0607604
0.0607435
0.0607631
0.0608173
0.0609041
0.0610212
0.0611664
0.061337
0.0615305
0.0617444
0.0619759
0.0622224
0.0624812
0.0627496
0.0630248
0.0633043
0.0635853
0.0638652
0.0641414
0.0644114
0.0646725
0.0649222
0.0651582
0.065378
0.0655792
0.0657596
0.0659169
0.0660491
0.066154
0.0662297
0.0662743
0.066286
0.0662633
0.0662044
0.0661081
0.065973
0.065798
0.0655819
0.065324
0.0650235
0.0646797
0.0642923
0.0638609
0.0633855
0.0628662
0.0623032
0.0616971
0.0610485
0.0603585
0.059628
0.0588584
0.0580512
0.057208
0.0563309
0.055422
0.0544838
0.053519
0.0525307
0.0515222
0.0504973
0.0494601
0.0484152
0.0473676
0.0463231
0.0452891
0.0442729
0.0432826
0.0423274
0.0414178
0.040566
0.0397865
0.0390967
0.038518
0.0380778
0.0378116
0.037768
0.0380164
0.0386606
0.0398664
0.0419199
0.0453669
0.0514068
0.0633298
0.094481
0.263678
0.064709
0.0645531
0.0643619
0.0641513
0.0639329
0.0637169
0.0635123
0.0633265
0.0631658
0.0630352
0.0629385
0.0628785
0.0628572
0.0628755
0.0629338
0.0630321
0.0631695
0.063345
0.063557
0.0638037
0.0640831
0.064393
0.0647308
0.0650941
0.06548
0.0658859
0.0663087
0.0667456
0.0671935
0.0676494
0.0681102
0.0685728
0.0690339
0.0694906
0.0699397
0.070378
0.0708024
0.0712099
0.0715974
0.0719619
0.0723004
0.07261
0.0728879
0.0731315
0.073338
0.0735051
0.0736304
0.0737116
0.0737467
0.0737337
0.0736708
0.0735565
0.0733893
0.0731679
0.0728913
0.0725586
0.0721689
0.0717219
0.0712172
0.0706546
0.0700341
0.0693571
0.0686246
0.0678375
0.0669971
0.066105
0.0651628
0.0641727
0.0631369
0.062058
0.0609389
0.0597828
0.0585934
0.0573745
0.0561304
0.0548659
0.0535864
0.0522975
0.0510056
0.049718
0.0484424
0.0471876
0.0459633
0.0447809
0.0436531
0.0425949
0.0416241
0.0407623
0.0400367
0.0394822
0.0391463
0.0390957
0.0394299
0.0403073
0.0420001
0.0450269
0.0505247
0.0616077
0.0908872
0.250835
0.0636824
0.0636375
0.0635784
0.0635157
0.0634563
0.063407
0.0633741
0.0633632
0.0633793
0.0634266
0.0635082
0.0636269
0.0637844
0.063982
0.0642202
0.0644991
0.0648182
0.0651766
0.065573
0.0660059
0.0664732
0.0669729
0.0675025
0.0680595
0.068641
0.0692442
0.0698658
0.0705028
0.0711517
0.0718093
0.072472
0.0731363
0.0737985
0.0744551
0.0751022
0.0757363
0.0763536
0.0769505
0.0775232
0.0780682
0.0785807
0.0790575
0.0794951
0.0798901
0.0802392
0.0805394
0.0807876
0.0809811
0.0811171
0.0811932
0.081207
0.0811565
0.0810399
0.0808554
0.0806016
0.0802776
0.0798823
0.0794153
0.0788762
0.078265
0.077582
0.0768279
0.0760036
0.0751102
0.0741492
0.0731225
0.0720322
0.0708806
0.0696707
0.0684054
0.0670882
0.065723
0.0643139
0.0628654
0.0613826
0.059871
0.0583363
0.0567852
0.0552248
0.0536627
0.0521076
0.050569
0.0490573
0.0475844
0.0461638
0.0448107
0.0435433
0.0423831
0.0413569
0.0404985
0.0398533
0.0394844
0.0394852
0.0400037
0.0412931
0.0438345
0.0486812
0.0587141
0.0855828
0.233229
0.062698
0.0626727
0.0626683
0.0626883
0.0627346
0.0628094
0.0629151
0.0630545
0.0632299
0.0634435
0.0636973
0.0639926
0.0643304
0.0647113
0.0651355
0.0656028
0.0661124
0.0666634
0.0672543
0.0678834
0.0685489
0.0692484
0.0699794
0.0707392
0.0715247
0.072333
0.0731607
0.0740042
0.07486
0.0757243
0.0765933
0.0774628
0.0783289
0.0791875
0.0800341
0.0808647
0.0816748
0.0824601
0.0832161
0.0839385
0.0846229
0.0852649
0.0858604
0.0864053
0.0868954
0.087327
0.0876964
0.0879998
0.088234
0.0883959
0.0884824
0.0884909
0.0884191
0.0882647
0.0880261
0.0877016
0.0872903
0.0867912
0.086204
0.0855287
0.0847654
0.083915
0.0829785
0.0819573
0.0808533
0.0796688
0.0784064
0.0770691
0.0756602
0.0741836
0.0726434
0.0710443
0.0693912
0.0676895
0.065945
0.0641641
0.0623536
0.0605208
0.0586738
0.056821
0.054972
0.053137
0.0513271
0.0495549
0.0478343
0.046181
0.0446131
0.0431521
0.0418236
0.0406601
0.039704
0.0390139
0.0386754
0.038823
0.0396863
0.0417
0.0458139
0.0546238
0.0786078
0.211145
0.0627887
0.0626819
0.0626309
0.0626379
0.0627031
0.0628246
0.0630008
0.0632307
0.0635137
0.0638492
0.0642368
0.0646759
0.0651659
0.065706
0.0662952
0.0669324
0.0676161
0.0683447
0.0691162
0.0699285
0.0707793
0.071666
0.0725857
0.0735354
0.0745119
0.0755118
0.0765315
0.0775672
0.0786149
0.0796706
0.08073
0.0817888
0.0828425
0.0838864
0.0849158
0.085926
0.086912
0.0878688
0.0887916
0.0896752
0.0905146
0.0913049
0.092041
0.0927181
0.0933314
0.0938762
0.0943479
0.0947423
0.0950551
0.0952826
0.0954209
0.095467
0.0954176
0.0952702
0.0950226
0.0946728
0.0942194
0.0936615
0.0929985
0.0922304
0.0913575
0.0903807
0.0893015
0.0881217
0.0868436
0.0854702
0.0840046
0.0824508
0.0808129
0.0790957
0.0773042
0.0754441
0.0735215
0.0715427
0.0695148
0.0674451
0.0653415
0.0632124
0.0610669
0.0589145
0.0567655
0.054631
0.052523
0.0504545
0.0484398
0.046495
0.0446379
0.0428894
0.0412741
0.0398221
0.0385725
0.0375779
0.0369148
0.0367019
0.037141
0.0386129
0.0419483
0.0494149
0.0701453
0.18527
0.064996
0.0647303
0.0645475
0.0644494
0.0644381
0.0645126
0.0646688
0.0649031
0.0652122
0.0655932
0.0660431
0.0665594
0.0671395
0.067781
0.0684811
0.0692375
0.0700474
0.070908
0.0718166
0.0727701
0.0737653
0.0747992
0.0758681
0.0769687
0.0780972
0.0792497
0.0804223
0.0816109
0.0828111
0.0840184
0.0852284
0.0864363
0.0876372
0.0888261
0.0899979
0.0911473
0.092269
0.0933575
0.0944071
0.0954124
0.0963676
0.0972669
0.0981048
0.0988755
0.0995734
0.100193
0.100729
0.101176
0.10153
0.101785
0.101937
0.101982
0.101917
0.101737
0.101442
0.101028
0.100493
0.0998363
0.0990577
0.0981569
0.0971345
0.0959918
0.0947305
0.0933533
0.091863
0.0902634
0.0885587
0.0867537
0.0848538
0.0828649
0.0807932
0.0786458
0.07643
0.0741535
0.0718247
0.0694522
0.0670452
0.0646134
0.0621669
0.0597164
0.0572732
0.0548492
0.052457
0.0501103
0.0478236
0.0456129
0.0434957
0.0414919
0.0396243
0.0379205
0.0364151
0.0351543
0.0342038
0.0336648
0.0337083
0.0346561
0.0372091
0.0432782
0.0605349
0.156773
0.0703186
0.069844
0.0694706
0.0692005
0.0690358
0.0689805
0.0690296
0.0691785
0.0694225
0.0697573
0.0701785
0.0706818
0.0712631
0.0719183
0.0726435
0.0734346
0.0742877
0.0751988
0.0761639
0.0771791
0.0782404
0.0793436
0.0804848
0.0816596
0.082864
0.0840935
0.0853438
0.0866104
0.0878885
0.0891737
0.0904609
0.0917451
0.0930212
0.094284
0.0955279
0.0967473
0.0979365
0.0990895
0.1002
0.101263
0.10227
0.103217
0.104095
0.1049
0.105624
0.106262
0.106806
0.107251
0.10759
0.107819
0.107932
0.107924
0.10779
0.107528
0.107133
0.106604
0.105937
0.105133
0.104189
0.103108
0.101888
0.100533
0.099044
0.0974253
0.0956805
0.0938145
0.0918327
0.0897412
0.0875467
0.0852567
0.082879
0.0804221
0.077895
0.0753071
0.0726682
0.0699884
0.0672786
0.0645496
0.0618128
0.0590802
0.0563638
0.0536765
0.0510314
0.0484425
0.0459243
0.0434925
0.0411638
0.0389565
0.0368915
0.034993
0.0332905
0.0318227
0.0306438
0.0298364
0.029539
0.030012
0.0318221
0.0365129
0.0502542
0.127185
0.0797725
0.0790509
0.0784409
0.077945
0.0775668
0.0773107
0.0771722
0.0771466
0.0772293
0.0774154
0.0777001
0.0780784
0.0785455
0.0790965
0.0797265
0.0804306
0.081204
0.082042
0.0829398
0.0838927
0.0848962
0.0859457
0.0870364
0.088164
0.0893238
0.0905111
0.0917215
0.0929501
0.0941923
0.0954431
0.0966976
0.0979507
0.099197
0.100431
0.101647
0.10284
0.104002
0.105129
0.106212
0.107246
0.108223
0.109137
0.109979
0.110743
0.111421
0.112006
0.11249
0.112865
0.113126
0.113265
0.113276
0.113154
0.112893
0.112488
0.111936
0.111234
0.11038
0.109372
0.108209
0.106893
0.105425
0.103808
0.102045
0.10014
0.0980984
0.0959269
0.0936323
0.0912225
0.0887058
0.0860916
0.0833896
0.0806101
0.077764
0.0748624
0.071917
0.0689396
0.0659424
0.0629378
0.0599386
0.0569574
0.0540075
0.051102
0.0482547
0.0454792
0.0427898
0.0402014
0.0377293
0.0353899
0.0332013
0.0311835
0.0293606
0.0277632
0.0264332
0.0254342
0.0248725
0.0249475
0.0260946
0.0294985
0.0398718
0.0982142
0.0944588
0.0934274
0.0925122
0.0917166
0.0910459
0.0904984
0.0900703
0.0897577
0.0895563
0.0894619
0.08947
0.0895759
0.0897751
0.0900627
0.0904341
0.0908845
0.0914092
0.0920033
0.0926623
0.0933816
0.0941565
0.0949825
0.0958551
0.0967699
0.0977224
0.0987082
0.0997226
0.100761
0.10182
0.102893
0.103976
0.105063
0.10615
0.107232
0.108301
0.109352
0.110379
0.111374
0.11233
0.113241
0.114097
0.114891
0.115614
0.116258
0.116814
0.117273
0.117626
0.117864
0.11798
0.117965
0.117811
0.117512
0.117062
0.116455
0.115687
0.114755
0.113655
0.112388
0.110952
0.10935
0.107584
0.105657
0.103574
0.101341
0.0989658
0.0964556
0.0938196
0.0910678
0.0882109
0.0852602
0.0822277
0.0791259
0.0759676
0.072766
0.0695346
0.0662869
0.0630367
0.0597976
0.0565833
0.0534075
0.0502838
0.0472256
0.0442464
0.0413595
0.0385781
0.0359156
0.0333855
0.0310014
0.0287777
0.0267302
0.0248765
0.0232388
0.0218469
0.0207456
0.0200105
0.0197843
0.0203804
0.022653
0.0299841
0.0715314
0.115435
0.113946
0.112576
0.111327
0.110206
0.109201
0.108309
0.107527
0.106851
0.10628
0.105809
0.105435
0.105155
0.104966
0.104863
0.104844
0.104904
0.105039
0.105246
0.105522
0.105862
0.106262
0.106719
0.107229
0.107788
0.108392
0.109037
0.109719
0.110434
0.111176
0.111942
0.112726
0.113523
0.114328
0.115133
0.115933
0.11672
0.117487
0.118226
0.118928
0.119583
0.120182
0.120715
0.121172
0.121542
0.121814
0.121977
0.122021
0.121935
0.121711
0.121338
0.120808
0.120115
0.119252
0.118214
0.116998
0.115602
0.114024
0.112267
0.110331
0.108222
0.105944
0.103504
0.10091
0.0981723
0.0953005
0.0923064
0.0892024
0.0860017
0.0827183
0.0793664
0.0759609
0.0725168
0.0690492
0.0655734
0.0621044
0.0586571
0.0552463
0.0518862
0.0485908
0.0453737
0.0422478
0.0392257
0.0363196
0.0335409
0.0309009
0.0284101
0.0260789
0.0239175
0.0219363
0.0201465
0.0185617
0.0171999
0.016089
0.0152767
0.0148557
0.0150334
0.0163792
0.0211407
0.0485421
0.143004
0.140766
0.138654
0.136669
0.134806
0.133053
0.131408
0.129871
0.128441
0.127117
0.125896
0.124778
0.123761
0.122842
0.122021
0.121294
0.12066
0.120115
0.119658
0.119285
0.118994
0.118782
0.118645
0.118581
0.118587
0.118658
0.11879
0.118982
0.119227
0.119522
0.119862
0.120241
0.120655
0.121096
0.121559
0.122035
0.122517
0.122996
0.123461
0.123903
0.124311
0.124672
0.124975
0.125206
0.125352
0.125399
0.125335
0.125147
0.124821
0.124346
0.123712
0.122909
0.121928
0.120762
0.119408
0.117861
0.116121
0.114187
0.112063
0.109752
0.107261
0.104598
0.101772
0.098794
0.0956766
0.0924334
0.0890788
0.0856283
0.082098
0.0785043
0.0748643
0.0711949
0.0675131
0.063836
0.0601799
0.056561
0.052995
0.0494968
0.0460806
0.0427599
0.0395474
0.0364547
0.0334927
0.0306714
0.0279996
0.0254854
0.0231359
0.0209573
0.0189549
0.0171335
0.0154978
0.014053
0.0128069
0.0117721
0.0109736
0.0104633
0.0103633
0.0110161
0.0137804
0.0302203
0.175138
0.171734
0.168478
0.165369
0.162385
0.159528
0.156797
0.154193
0.151716
0.149365
0.147142
0.145043
0.14307
0.141221
0.139493
0.137887
0.1364
0.13503
0.133774
0.132631
0.131598
0.130673
0.129852
0.129132
0.128511
0.127984
0.127548
0.127199
0.126933
0.126745
0.12663
0.126582
0.126594
0.12666
0.126772
0.12692
0.127096
0.127287
0.127483
0.12767
0.127835
0.127962
0.128035
0.12804
0.127958
0.127774
0.127471
0.127034
0.126446
0.125695
0.124769
0.123656
0.122348
0.120839
0.119125
0.117203
0.115075
0.112744
0.110214
0.107493
0.104591
0.10152
0.0982915
0.0949215
0.0914258
0.0878214
0.0841262
0.080359
0.0765387
0.0726843
0.0688151
0.0649499
0.0611072
0.0573048
0.0535599
0.0498887
0.0463067
0.042828
0.0394657
0.0362316
0.0331365
0.0301898
0.0273993
0.024772
0.0223132
0.0200271
0.0179163
0.0159824
0.0142256
0.0126452
0.0112396
0.0100068
0.00894576
0.00805768
0.00735016
0.00684567
0.00660514
0.0068103
0.00819731
0.0170502
0.205736
0.200859
0.196179
0.191684
0.187365
0.183221
0.179253
0.175458
0.171837
0.168389
0.165111
0.162002
0.159061
0.156285
0.153671
0.151218
0.148922
0.146781
0.144792
0.142951
0.141255
0.139701
0.138284
0.137002
0.13585
0.134824
0.133918
0.13313
0.132453
0.131881
0.131409
0.13103
0.130735
0.130517
0.130365
0.130269
0.130217
0.130195
0.130188
0.130179
0.130153
0.130088
0.129967
0.129769
0.129474
0.129061
0.128511
0.127807
0.12693
0.125867
0.124605
0.123134
0.121447
0.119538
0.117407
0.115056
0.112488
0.109711
0.106734
0.10357
0.100233
0.0967385
0.0931049
0.0893512
0.0854973
0.0815641
0.0775728
0.0735449
0.0695018
0.0654644
0.0614534
0.0574882
0.0535879
0.04977
0.0460509
0.0424459
0.0389686
0.0356311
0.0324441
0.0294166
0.0265562
0.0238686
0.0213582
0.0190276
0.0168779
0.0149087
0.013118
0.0115026
0.0100575
0.00877679
0.00765359
0.0066803
0.00584945
0.00515466
0.00459276
0.00416826
0.00390517
0.00388826
0.00448012
0.00882131
0.225087
0.21898
0.213134
0.207538
0.202186
0.197073
0.192194
0.187544
0.183119
0.178913
0.174923
0.171144
0.167571
0.1642
0.161026
0.158046
0.155254
0.152647
0.15022
0.147969
0.145888
0.143975
0.142224
0.140631
0.139191
0.1379
0.136751
0.13574
0.134861
0.134108
0.133472
0.132947
0.132522
0.132187
0.131929
0.131736
0.131591
0.131477
0.131374
0.131262
0.131119
0.13092
0.130643
0.130262
0.129754
0.129097
0.12827
0.127254
0.126032
0.124592
0.122923
0.121019
0.118877
0.116498
0.113885
0.111045
0.10799
0.104732
0.101287
0.0976728
0.0939092
0.0900173
0.0860195
0.0819389
0.077799
0.0736235
0.0694359
0.0652591
0.0611155
0.0570263
0.0530118
0.0490906
0.0452802
0.0415963
0.0380529
0.0346623
0.0314349
0.0283795
0.0255027
0.0228095
0.0203033
0.0179852
0.0158552
0.013911
0.0121491
0.0105644
0.00915002
0.00789814
0.00679954
0.0058441
0.00502103
0.00431926
0.00372789
0.00323691
0.00283827
0.00252802
0.00231173
0.00222303
0.00242129
0.00431586
)
;

boundaryField
{
    jetInlet
    {
        type            fixedValue;
        value           uniform 0.001;
    }
    returnOutlet
    {
        type            inletOutlet;
        inletValue      uniform 0.001;
        value           nonuniform List<scalar> 
35
(
3.12145
1.64312
1.65164
1.91627
2.29526
2.73395
3.18937
3.6214
3.99469
4.28255
4.46809
4.52983
0.001
0.001
0.001
0.001
0.001
0.001
0.001
0.001
0.001
0.001
0.001
0.001
0.001
0.001
0.162274
0.202541
0.181892
0.0905921
0.0513722
0.0754167
0.161691
0.287421
0.385348
)
;
    }
    flatBed
    {
        type            epsilonWallFunction;
        blending        stepwise;
        value           nonuniform List<scalar> 
100
(
3.12145
3.15218
3.17734
3.19711
3.21086
3.21807
3.2186
3.21073
3.18345
3.13448
3.06256
2.9675
2.85017
2.71237
2.55674
2.38657
2.20566
2.01806
1.82793
1.63931
1.45597
1.28125
1.11787
0.967904
0.832644
0.712653
0.607803
0.517389
0.44028
0.375076
0.320257
0.274316
0.235839
0.203565
0.176412
0.153476
0.134018
0.117451
0.103311
0.0912383
0.0809546
0.072243
0.0649297
0.0588685
0.0539281
0.0499843
0.0469162
0.044607
0.0429476
0.0418398
0.0411996
0.0409575
0.0410578
0.0414571
0.0420511
0.0428096
0.0437122
0.0447417
0.0458837
0.0471261
0.0484581
0.0498703
0.0513544
0.0529031
0.0545101
0.0561697
0.057877
0.0596282
0.06142
0.0632502
0.0651172
0.0670205
0.0689609
0.0709398
0.0729605
0.0750273
0.0771468
0.0793273
0.0815801
0.0839198
0.0863654
0.0889417
0.091582
0.0942827
0.0970448
0.0998682
0.10275
0.105686
0.108663
0.111662
0.114655
0.117593
0.120409
0.123002
0.125233
0.126898
0.127656
0.126976
0.124342
0.119512
)
;
    }
    slope
    {
        type            epsilonWallFunction;
        blending        stepwise;
        value           nonuniform List<scalar> 
50
(
2.57705
1.98893
0.809692
0.444321
0.216315
0.177595
0.162853
0.162596
0.16663
0.17546
0.184821
0.19459
0.203599
0.211964
0.219698
0.223967
0.230763
0.23658
0.241986
0.246804
0.251287
0.25546
0.259419
0.263195
0.266818
0.270288
0.273583
0.276655
0.279431
0.281751
0.271106
0.276492
0.278983
0.280107
0.277772
0.272213
0.263678
0.250835
0.233229
0.211145
0.18527
0.156773
0.127185
0.0982142
0.0715314
0.0485421
0.0302203
0.0170502
0.00882131
0.00431586
)
;
    }
    top
    {
        type            symmetryPlane;
    }
    frontAndBack
    {
        type            empty;
    }
    defaultFaces
    {
        type            empty;
    }
}


// ************************************************************************* //
