/*--------------------------------*- C++ -*----------------------------------*\
| =========                 |                                                 |
| \\      /  F ield         | OpenFOAM: The Open Source CFD Toolbox           |
|  \\    /   O peration     | Version:  2206                                  |
|   \\  /    A nd           | Website:  www.openfoam.com                      |
|    \\/     M anipulation  |                                                 |
\*---------------------------------------------------------------------------*/
FoamFile
{
    version     2.0;
    format      ascii;
    arch        "LSB;label=32;scalar=64";
    class       volScalarField;
    location    "184";
    object      Cx;
}
// * * * * * * * * * * * * * * * * * * * * * * * * * * * * * * * * * * * * * //

dimensions      [0 1 0 0 0 0 0];

internalField   nonuniform List<scalar> 
10000
(
0.05
0.15
0.25
0.35
0.45
0.55
0.65
0.75
0.85
0.95
1.05
1.15
1.25
1.35
1.45
1.55
1.65
1.75
1.85
1.95
2.05
2.15
2.25
2.35
2.45
2.55
2.65
2.75
2.85
2.95
3.05
3.15
3.25
3.35
3.45
3.55
3.65
3.75
3.85
3.95
4.05
4.15
4.25
4.35
4.45
4.55
4.65
4.75
4.85
4.95
5.05
5.15
5.25
5.35
5.45
5.55
5.65
5.75
5.85
5.95
6.05
6.15
6.25
6.35
6.45
6.55
6.65
6.75
6.85
6.95
7.05
7.15
7.25
7.35
7.45
7.55
7.65
7.75
7.85
7.95
8.05
8.15
8.25
8.35
8.45
8.55
8.65
8.75
8.85
8.95
9.05
9.15
9.25
9.35
9.45
9.55
9.65
9.75
9.85
9.95
0.05
0.15
0.25
0.35
0.45
0.55
0.65
0.75
0.85
0.95
1.05
1.15
1.25
1.35
1.45
1.55
1.65
1.75
1.85
1.95
2.05
2.15
2.25
2.35
2.45
2.55
2.65
2.75
2.85
2.95
3.05
3.15
3.25
3.35
3.45
3.55
3.65
3.75
3.85
3.95
4.05
4.15
4.25
4.35
4.45
4.55
4.65
4.75
4.85
4.95
5.05
5.15
5.25
5.35
5.45
5.55
5.65
5.75
5.85
5.95
6.05
6.15
6.25
6.35
6.45
6.55
6.65
6.75
6.85
6.95
7.05
7.15
7.25
7.35
7.45
7.55
7.65
7.75
7.85
7.95
8.05
8.15
8.25
8.35
8.45
8.55
8.65
8.75
8.85
8.95
9.05
9.15
9.25
9.35
9.45
9.55
9.65
9.75
9.85
9.95
0.05
0.15
0.25
0.35
0.45
0.55
0.65
0.75
0.85
0.95
1.05
1.15
1.25
1.35
1.45
1.55
1.65
1.75
1.85
1.95
2.05
2.15
2.25
2.35
2.45
2.55
2.65
2.75
2.85
2.95
3.05
3.15
3.25
3.35
3.45
3.55
3.65
3.75
3.85
3.95
4.05
4.15
4.25
4.35
4.45
4.55
4.65
4.75
4.85
4.95
5.05
5.15
5.25
5.35
5.45
5.55
5.65
5.75
5.85
5.95
6.05
6.15
6.25
6.35
6.45
6.55
6.65
6.75
6.85
6.95
7.05
7.15
7.25
7.35
7.45
7.55
7.65
7.75
7.85
7.95
8.05
8.15
8.25
8.35
8.45
8.55
8.65
8.75
8.85
8.95
9.05
9.15
9.25
9.35
9.45
9.55
9.65
9.75
9.85
9.95
0.05
0.15
0.25
0.35
0.45
0.55
0.65
0.75
0.85
0.95
1.05
1.15
1.25
1.35
1.45
1.55
1.65
1.75
1.85
1.95
2.05
2.15
2.25
2.35
2.45
2.55
2.65
2.75
2.85
2.95
3.05
3.15
3.25
3.35
3.45
3.55
3.65
3.75
3.85
3.95
4.05
4.15
4.25
4.35
4.45
4.55
4.65
4.75
4.85
4.95
5.05
5.15
5.25
5.35
5.45
5.55
5.65
5.75
5.85
5.95
6.05
6.15
6.25
6.35
6.45
6.55
6.65
6.75
6.85
6.95
7.05
7.15
7.25
7.35
7.45
7.55
7.65
7.75
7.85
7.95
8.05
8.15
8.25
8.35
8.45
8.55
8.65
8.75
8.85
8.95
9.05
9.15
9.25
9.35
9.45
9.55
9.65
9.75
9.85
9.95
0.05
0.15
0.25
0.35
0.45
0.55
0.65
0.75
0.85
0.95
1.05
1.15
1.25
1.35
1.45
1.55
1.65
1.75
1.85
1.95
2.05
2.15
2.25
2.35
2.45
2.55
2.65
2.75
2.85
2.95
3.05
3.15
3.25
3.35
3.45
3.55
3.65
3.75
3.85
3.95
4.05
4.15
4.25
4.35
4.45
4.55
4.65
4.75
4.85
4.95
5.05
5.15
5.25
5.35
5.45
5.55
5.65
5.75
5.85
5.95
6.05
6.15
6.25
6.35
6.45
6.55
6.65
6.75
6.85
6.95
7.05
7.15
7.25
7.35
7.45
7.55
7.65
7.75
7.85
7.95
8.05
8.15
8.25
8.35
8.45
8.55
8.65
8.75
8.85
8.95
9.05
9.15
9.25
9.35
9.45
9.55
9.65
9.75
9.85
9.95
0.05
0.15
0.25
0.35
0.45
0.55
0.65
0.75
0.85
0.95
1.05
1.15
1.25
1.35
1.45
1.55
1.65
1.75
1.85
1.95
2.05
2.15
2.25
2.35
2.45
2.55
2.65
2.75
2.85
2.95
3.05
3.15
3.25
3.35
3.45
3.55
3.65
3.75
3.85
3.95
4.05
4.15
4.25
4.35
4.45
4.55
4.65
4.75
4.85
4.95
5.05
5.15
5.25
5.35
5.45
5.55
5.65
5.75
5.85
5.95
6.05
6.15
6.25
6.35
6.45
6.55
6.65
6.75
6.85
6.95
7.05
7.15
7.25
7.35
7.45
7.55
7.65
7.75
7.85
7.95
8.05
8.15
8.25
8.35
8.45
8.55
8.65
8.75
8.85
8.95
9.05
9.15
9.25
9.35
9.45
9.55
9.65
9.75
9.85
9.95
0.05
0.15
0.25
0.35
0.45
0.55
0.65
0.75
0.85
0.95
1.05
1.15
1.25
1.35
1.45
1.55
1.65
1.75
1.85
1.95
2.05
2.15
2.25
2.35
2.45
2.55
2.65
2.75
2.85
2.95
3.05
3.15
3.25
3.35
3.45
3.55
3.65
3.75
3.85
3.95
4.05
4.15
4.25
4.35
4.45
4.55
4.65
4.75
4.85
4.95
5.05
5.15
5.25
5.35
5.45
5.55
5.65
5.75
5.85
5.95
6.05
6.15
6.25
6.35
6.45
6.55
6.65
6.75
6.85
6.95
7.05
7.15
7.25
7.35
7.45
7.55
7.65
7.75
7.85
7.95
8.05
8.15
8.25
8.35
8.45
8.55
8.65
8.75
8.85
8.95
9.05
9.15
9.25
9.35
9.45
9.55
9.65
9.75
9.85
9.95
0.05
0.15
0.25
0.35
0.45
0.55
0.65
0.75
0.85
0.95
1.05
1.15
1.25
1.35
1.45
1.55
1.65
1.75
1.85
1.95
2.05
2.15
2.25
2.35
2.45
2.55
2.65
2.75
2.85
2.95
3.05
3.15
3.25
3.35
3.45
3.55
3.65
3.75
3.85
3.95
4.05
4.15
4.25
4.35
4.45
4.55
4.65
4.75
4.85
4.95
5.05
5.15
5.25
5.35
5.45
5.55
5.65
5.75
5.85
5.95
6.05
6.15
6.25
6.35
6.45
6.55
6.65
6.75
6.85
6.95
7.05
7.15
7.25
7.35
7.45
7.55
7.65
7.75
7.85
7.95
8.05
8.15
8.25
8.35
8.45
8.55
8.65
8.75
8.85
8.95
9.05
9.15
9.25
9.35
9.45
9.55
9.65
9.75
9.85
9.95
0.05
0.15
0.25
0.35
0.45
0.55
0.65
0.75
0.85
0.95
1.05
1.15
1.25
1.35
1.45
1.55
1.65
1.75
1.85
1.95
2.05
2.15
2.25
2.35
2.45
2.55
2.65
2.75
2.85
2.95
3.05
3.15
3.25
3.35
3.45
3.55
3.65
3.75
3.85
3.95
4.05
4.15
4.25
4.35
4.45
4.55
4.65
4.75
4.85
4.95
5.05
5.15
5.25
5.35
5.45
5.55
5.65
5.75
5.85
5.95
6.05
6.15
6.25
6.35
6.45
6.55
6.65
6.75
6.85
6.95
7.05
7.15
7.25
7.35
7.45
7.55
7.65
7.75
7.85
7.95
8.05
8.15
8.25
8.35
8.45
8.55
8.65
8.75
8.85
8.95
9.05
9.15
9.25
9.35
9.45
9.55
9.65
9.75
9.85
9.95
0.05
0.15
0.25
0.35
0.45
0.55
0.65
0.75
0.85
0.95
1.05
1.15
1.25
1.35
1.45
1.55
1.65
1.75
1.85
1.95
2.05
2.15
2.25
2.35
2.45
2.55
2.65
2.75
2.85
2.95
3.05
3.15
3.25
3.35
3.45
3.55
3.65
3.75
3.85
3.95
4.05
4.15
4.25
4.35
4.45
4.55
4.65
4.75
4.85
4.95
5.05
5.15
5.25
5.35
5.45
5.55
5.65
5.75
5.85
5.95
6.05
6.15
6.25
6.35
6.45
6.55
6.65
6.75
6.85
6.95
7.05
7.15
7.25
7.35
7.45
7.55
7.65
7.75
7.85
7.95
8.05
8.15
8.25
8.35
8.45
8.55
8.65
8.75
8.85
8.95
9.05
9.15
9.25
9.35
9.45
9.55
9.65
9.75
9.85
9.95
0.05
0.15
0.25
0.35
0.45
0.55
0.65
0.75
0.85
0.95
1.05
1.15
1.25
1.35
1.45
1.55
1.65
1.75
1.85
1.95
2.05
2.15
2.25
2.35
2.45
2.55
2.65
2.75
2.85
2.95
3.05
3.15
3.25
3.35
3.45
3.55
3.65
3.75
3.85
3.95
4.05
4.15
4.25
4.35
4.45
4.55
4.65
4.75
4.85
4.95
5.05
5.15
5.25
5.35
5.45
5.55
5.65
5.75
5.85
5.95
6.05
6.15
6.25
6.35
6.45
6.55
6.65
6.75
6.85
6.95
7.05
7.15
7.25
7.35
7.45
7.55
7.65
7.75
7.85
7.95
8.05
8.15
8.25
8.35
8.45
8.55
8.65
8.75
8.85
8.95
9.05
9.15
9.25
9.35
9.45
9.55
9.65
9.75
9.85
9.95
0.05
0.15
0.25
0.35
0.45
0.55
0.65
0.75
0.85
0.95
1.05
1.15
1.25
1.35
1.45
1.55
1.65
1.75
1.85
1.95
2.05
2.15
2.25
2.35
2.45
2.55
2.65
2.75
2.85
2.95
3.05
3.15
3.25
3.35
3.45
3.55
3.65
3.75
3.85
3.95
4.05
4.15
4.25
4.35
4.45
4.55
4.65
4.75
4.85
4.95
5.05
5.15
5.25
5.35
5.45
5.55
5.65
5.75
5.85
5.95
6.05
6.15
6.25
6.35
6.45
6.55
6.65
6.75
6.85
6.95
7.05
7.15
7.25
7.35
7.45
7.55
7.65
7.75
7.85
7.95
8.05
8.15
8.25
8.35
8.45
8.55
8.65
8.75
8.85
8.95
9.05
9.15
9.25
9.35
9.45
9.55
9.65
9.75
9.85
9.95
0.05
0.15
0.25
0.35
0.45
0.55
0.65
0.75
0.85
0.95
1.05
1.15
1.25
1.35
1.45
1.55
1.65
1.75
1.85
1.95
2.05
2.15
2.25
2.35
2.45
2.55
2.65
2.75
2.85
2.95
3.05
3.15
3.25
3.35
3.45
3.55
3.65
3.75
3.85
3.95
4.05
4.15
4.25
4.35
4.45
4.55
4.65
4.75
4.85
4.95
5.05
5.15
5.25
5.35
5.45
5.55
5.65
5.75
5.85
5.95
6.05
6.15
6.25
6.35
6.45
6.55
6.65
6.75
6.85
6.95
7.05
7.15
7.25
7.35
7.45
7.55
7.65
7.75
7.85
7.95
8.05
8.15
8.25
8.35
8.45
8.55
8.65
8.75
8.85
8.95
9.05
9.15
9.25
9.35
9.45
9.55
9.65
9.75
9.85
9.95
0.05
0.15
0.25
0.35
0.45
0.55
0.65
0.75
0.85
0.95
1.05
1.15
1.25
1.35
1.45
1.55
1.65
1.75
1.85
1.95
2.05
2.15
2.25
2.35
2.45
2.55
2.65
2.75
2.85
2.95
3.05
3.15
3.25
3.35
3.45
3.55
3.65
3.75
3.85
3.95
4.05
4.15
4.25
4.35
4.45
4.55
4.65
4.75
4.85
4.95
5.05
5.15
5.25
5.35
5.45
5.55
5.65
5.75
5.85
5.95
6.05
6.15
6.25
6.35
6.45
6.55
6.65
6.75
6.85
6.95
7.05
7.15
7.25
7.35
7.45
7.55
7.65
7.75
7.85
7.95
8.05
8.15
8.25
8.35
8.45
8.55
8.65
8.75
8.85
8.95
9.05
9.15
9.25
9.35
9.45
9.55
9.65
9.75
9.85
9.95
0.05
0.15
0.25
0.35
0.45
0.55
0.65
0.75
0.85
0.95
1.05
1.15
1.25
1.35
1.45
1.55
1.65
1.75
1.85
1.95
2.05
2.15
2.25
2.35
2.45
2.55
2.65
2.75
2.85
2.95
3.05
3.15
3.25
3.35
3.45
3.55
3.65
3.75
3.85
3.95
4.05
4.15
4.25
4.35
4.45
4.55
4.65
4.75
4.85
4.95
5.05
5.15
5.25
5.35
5.45
5.55
5.65
5.75
5.85
5.95
6.05
6.15
6.25
6.35
6.45
6.55
6.65
6.75
6.85
6.95
7.05
7.15
7.25
7.35
7.45
7.55
7.65
7.75
7.85
7.95
8.05
8.15
8.25
8.35
8.45
8.55
8.65
8.75
8.85
8.95
9.05
9.15
9.25
9.35
9.45
9.55
9.65
9.75
9.85
9.95
0.05
0.15
0.25
0.35
0.45
0.55
0.65
0.75
0.85
0.95
1.05
1.15
1.25
1.35
1.45
1.55
1.65
1.75
1.85
1.95
2.05
2.15
2.25
2.35
2.45
2.55
2.65
2.75
2.85
2.95
3.05
3.15
3.25
3.35
3.45
3.55
3.65
3.75
3.85
3.95
4.05
4.15
4.25
4.35
4.45
4.55
4.65
4.75
4.85
4.95
5.05
5.15
5.25
5.35
5.45
5.55
5.65
5.75
5.85
5.95
6.05
6.15
6.25
6.35
6.45
6.55
6.65
6.75
6.85
6.95
7.05
7.15
7.25
7.35
7.45
7.55
7.65
7.75
7.85
7.95
8.05
8.15
8.25
8.35
8.45
8.55
8.65
8.75
8.85
8.95
9.05
9.15
9.25
9.35
9.45
9.55
9.65
9.75
9.85
9.95
0.05
0.15
0.25
0.35
0.45
0.55
0.65
0.75
0.85
0.95
1.05
1.15
1.25
1.35
1.45
1.55
1.65
1.75
1.85
1.95
2.05
2.15
2.25
2.35
2.45
2.55
2.65
2.75
2.85
2.95
3.05
3.15
3.25
3.35
3.45
3.55
3.65
3.75
3.85
3.95
4.05
4.15
4.25
4.35
4.45
4.55
4.65
4.75
4.85
4.95
5.05
5.15
5.25
5.35
5.45
5.55
5.65
5.75
5.85
5.95
6.05
6.15
6.25
6.35
6.45
6.55
6.65
6.75
6.85
6.95
7.05
7.15
7.25
7.35
7.45
7.55
7.65
7.75
7.85
7.95
8.05
8.15
8.25
8.35
8.45
8.55
8.65
8.75
8.85
8.95
9.05
9.15
9.25
9.35
9.45
9.55
9.65
9.75
9.85
9.95
0.05
0.15
0.25
0.35
0.45
0.55
0.65
0.75
0.85
0.95
1.05
1.15
1.25
1.35
1.45
1.55
1.65
1.75
1.85
1.95
2.05
2.15
2.25
2.35
2.45
2.55
2.65
2.75
2.85
2.95
3.05
3.15
3.25
3.35
3.45
3.55
3.65
3.75
3.85
3.95
4.05
4.15
4.25
4.35
4.45
4.55
4.65
4.75
4.85
4.95
5.05
5.15
5.25
5.35
5.45
5.55
5.65
5.75
5.85
5.95
6.05
6.15
6.25
6.35
6.45
6.55
6.65
6.75
6.85
6.95
7.05
7.15
7.25
7.35
7.45
7.55
7.65
7.75
7.85
7.95
8.05
8.15
8.25
8.35
8.45
8.55
8.65
8.75
8.85
8.95
9.05
9.15
9.25
9.35
9.45
9.55
9.65
9.75
9.85
9.95
0.05
0.15
0.25
0.35
0.45
0.55
0.65
0.75
0.85
0.95
1.05
1.15
1.25
1.35
1.45
1.55
1.65
1.75
1.85
1.95
2.05
2.15
2.25
2.35
2.45
2.55
2.65
2.75
2.85
2.95
3.05
3.15
3.25
3.35
3.45
3.55
3.65
3.75
3.85
3.95
4.05
4.15
4.25
4.35
4.45
4.55
4.65
4.75
4.85
4.95
5.05
5.15
5.25
5.35
5.45
5.55
5.65
5.75
5.85
5.95
6.05
6.15
6.25
6.35
6.45
6.55
6.65
6.75
6.85
6.95
7.05
7.15
7.25
7.35
7.45
7.55
7.65
7.75
7.85
7.95
8.05
8.15
8.25
8.35
8.45
8.55
8.65
8.75
8.85
8.95
9.05
9.15
9.25
9.35
9.45
9.55
9.65
9.75
9.85
9.95
0.05
0.15
0.25
0.35
0.45
0.55
0.65
0.75
0.85
0.95
1.05
1.15
1.25
1.35
1.45
1.55
1.65
1.75
1.85
1.95
2.05
2.15
2.25
2.35
2.45
2.55
2.65
2.75
2.85
2.95
3.05
3.15
3.25
3.35
3.45
3.55
3.65
3.75
3.85
3.95
4.05
4.15
4.25
4.35
4.45
4.55
4.65
4.75
4.85
4.95
5.05
5.15
5.25
5.35
5.45
5.55
5.65
5.75
5.85
5.95
6.05
6.15
6.25
6.35
6.45
6.55
6.65
6.75
6.85
6.95
7.05
7.15
7.25
7.35
7.45
7.55
7.65
7.75
7.85
7.95
8.05
8.15
8.25
8.35
8.45
8.55
8.65
8.75
8.85
8.95
9.05
9.15
9.25
9.35
9.45
9.55
9.65
9.75
9.85
9.95
0.05
0.15
0.25
0.35
0.45
0.55
0.65
0.75
0.85
0.95
1.05
1.15
1.25
1.35
1.45
1.55
1.65
1.75
1.85
1.95
2.05
2.15
2.25
2.35
2.45
2.55
2.65
2.75
2.85
2.95
3.05
3.15
3.25
3.35
3.45
3.55
3.65
3.75
3.85
3.95
4.05
4.15
4.25
4.35
4.45
4.55
4.65
4.75
4.85
4.95
5.05
5.15
5.25
5.35
5.45
5.55
5.65
5.75
5.85
5.95
6.05
6.15
6.25
6.35
6.45
6.55
6.65
6.75
6.85
6.95
7.05
7.15
7.25
7.35
7.45
7.55
7.65
7.75
7.85
7.95
8.05
8.15
8.25
8.35
8.45
8.55
8.65
8.75
8.85
8.95
9.05
9.15
9.25
9.35
9.45
9.55
9.65
9.75
9.85
9.95
0.05
0.15
0.25
0.35
0.45
0.55
0.65
0.75
0.85
0.95
1.05
1.15
1.25
1.35
1.45
1.55
1.65
1.75
1.85
1.95
2.05
2.15
2.25
2.35
2.45
2.55
2.65
2.75
2.85
2.95
3.05
3.15
3.25
3.35
3.45
3.55
3.65
3.75
3.85
3.95
4.05
4.15
4.25
4.35
4.45
4.55
4.65
4.75
4.85
4.95
5.05
5.15
5.25
5.35
5.45
5.55
5.65
5.75
5.85
5.95
6.05
6.15
6.25
6.35
6.45
6.55
6.65
6.75
6.85
6.95
7.05
7.15
7.25
7.35
7.45
7.55
7.65
7.75
7.85
7.95
8.05
8.15
8.25
8.35
8.45
8.55
8.65
8.75
8.85
8.95
9.05
9.15
9.25
9.35
9.45
9.55
9.65
9.75
9.85
9.95
0.05
0.15
0.25
0.35
0.45
0.55
0.65
0.75
0.85
0.95
1.05
1.15
1.25
1.35
1.45
1.55
1.65
1.75
1.85
1.95
2.05
2.15
2.25
2.35
2.45
2.55
2.65
2.75
2.85
2.95
3.05
3.15
3.25
3.35
3.45
3.55
3.65
3.75
3.85
3.95
4.05
4.15
4.25
4.35
4.45
4.55
4.65
4.75
4.85
4.95
5.05
5.15
5.25
5.35
5.45
5.55
5.65
5.75
5.85
5.95
6.05
6.15
6.25
6.35
6.45
6.55
6.65
6.75
6.85
6.95
7.05
7.15
7.25
7.35
7.45
7.55
7.65
7.75
7.85
7.95
8.05
8.15
8.25
8.35
8.45
8.55
8.65
8.75
8.85
8.95
9.05
9.15
9.25
9.35
9.45
9.55
9.65
9.75
9.85
9.95
0.05
0.15
0.25
0.35
0.45
0.55
0.65
0.75
0.85
0.95
1.05
1.15
1.25
1.35
1.45
1.55
1.65
1.75
1.85
1.95
2.05
2.15
2.25
2.35
2.45
2.55
2.65
2.75
2.85
2.95
3.05
3.15
3.25
3.35
3.45
3.55
3.65
3.75
3.85
3.95
4.05
4.15
4.25
4.35
4.45
4.55
4.65
4.75
4.85
4.95
5.05
5.15
5.25
5.35
5.45
5.55
5.65
5.75
5.85
5.95
6.05
6.15
6.25
6.35
6.45
6.55
6.65
6.75
6.85
6.95
7.05
7.15
7.25
7.35
7.45
7.55
7.65
7.75
7.85
7.95
8.05
8.15
8.25
8.35
8.45
8.55
8.65
8.75
8.85
8.95
9.05
9.15
9.25
9.35
9.45
9.55
9.65
9.75
9.85
9.95
0.05
0.15
0.25
0.35
0.45
0.55
0.65
0.75
0.85
0.95
1.05
1.15
1.25
1.35
1.45
1.55
1.65
1.75
1.85
1.95
2.05
2.15
2.25
2.35
2.45
2.55
2.65
2.75
2.85
2.95
3.05
3.15
3.25
3.35
3.45
3.55
3.65
3.75
3.85
3.95
4.05
4.15
4.25
4.35
4.45
4.55
4.65
4.75
4.85
4.95
5.05
5.15
5.25
5.35
5.45
5.55
5.65
5.75
5.85
5.95
6.05
6.15
6.25
6.35
6.45
6.55
6.65
6.75
6.85
6.95
7.05
7.15
7.25
7.35
7.45
7.55
7.65
7.75
7.85
7.95
8.05
8.15
8.25
8.35
8.45
8.55
8.65
8.75
8.85
8.95
9.05
9.15
9.25
9.35
9.45
9.55
9.65
9.75
9.85
9.95
0.05
0.15
0.25
0.35
0.45
0.55
0.65
0.75
0.85
0.95
1.05
1.15
1.25
1.35
1.45
1.55
1.65
1.75
1.85
1.95
2.05
2.15
2.25
2.35
2.45
2.55
2.65
2.75
2.85
2.95
3.05
3.15
3.25
3.35
3.45
3.55
3.65
3.75
3.85
3.95
4.05
4.15
4.25
4.35
4.45
4.55
4.65
4.75
4.85
4.95
5.05
5.15
5.25
5.35
5.45
5.55
5.65
5.75
5.85
5.95
6.05
6.15
6.25
6.35
6.45
6.55
6.65
6.75
6.85
6.95
7.05
7.15
7.25
7.35
7.45
7.55
7.65
7.75
7.85
7.95
8.05
8.15
8.25
8.35
8.45
8.55
8.65
8.75
8.85
8.95
9.05
9.15
9.25
9.35
9.45
9.55
9.65
9.75
9.85
9.95
0.05
0.15
0.25
0.35
0.45
0.55
0.65
0.75
0.85
0.95
1.05
1.15
1.25
1.35
1.45
1.55
1.65
1.75
1.85
1.95
2.05
2.15
2.25
2.35
2.45
2.55
2.65
2.75
2.85
2.95
3.05
3.15
3.25
3.35
3.45
3.55
3.65
3.75
3.85
3.95
4.05
4.15
4.25
4.35
4.45
4.55
4.65
4.75
4.85
4.95
5.05
5.15
5.25
5.35
5.45
5.55
5.65
5.75
5.85
5.95
6.05
6.15
6.25
6.35
6.45
6.55
6.65
6.75
6.85
6.95
7.05
7.15
7.25
7.35
7.45
7.55
7.65
7.75
7.85
7.95
8.05
8.15
8.25
8.35
8.45
8.55
8.65
8.75
8.85
8.95
9.05
9.15
9.25
9.35
9.45
9.55
9.65
9.75
9.85
9.95
0.05
0.15
0.25
0.35
0.45
0.55
0.65
0.75
0.85
0.95
1.05
1.15
1.25
1.35
1.45
1.55
1.65
1.75
1.85
1.95
2.05
2.15
2.25
2.35
2.45
2.55
2.65
2.75
2.85
2.95
3.05
3.15
3.25
3.35
3.45
3.55
3.65
3.75
3.85
3.95
4.05
4.15
4.25
4.35
4.45
4.55
4.65
4.75
4.85
4.95
5.05
5.15
5.25
5.35
5.45
5.55
5.65
5.75
5.85
5.95
6.05
6.15
6.25
6.35
6.45
6.55
6.65
6.75
6.85
6.95
7.05
7.15
7.25
7.35
7.45
7.55
7.65
7.75
7.85
7.95
8.05
8.15
8.25
8.35
8.45
8.55
8.65
8.75
8.85
8.95
9.05
9.15
9.25
9.35
9.45
9.55
9.65
9.75
9.85
9.95
0.05
0.15
0.25
0.35
0.45
0.55
0.65
0.75
0.85
0.95
1.05
1.15
1.25
1.35
1.45
1.55
1.65
1.75
1.85
1.95
2.05
2.15
2.25
2.35
2.45
2.55
2.65
2.75
2.85
2.95
3.05
3.15
3.25
3.35
3.45
3.55
3.65
3.75
3.85
3.95
4.05
4.15
4.25
4.35
4.45
4.55
4.65
4.75
4.85
4.95
5.05
5.15
5.25
5.35
5.45
5.55
5.65
5.75
5.85
5.95
6.05
6.15
6.25
6.35
6.45
6.55
6.65
6.75
6.85
6.95
7.05
7.15
7.25
7.35
7.45
7.55
7.65
7.75
7.85
7.95
8.05
8.15
8.25
8.35
8.45
8.55
8.65
8.75
8.85
8.95
9.05
9.15
9.25
9.35
9.45
9.55
9.65
9.75
9.85
9.95
0.05
0.15
0.25
0.35
0.45
0.55
0.65
0.75
0.85
0.95
1.05
1.15
1.25
1.35
1.45
1.55
1.65
1.75
1.85
1.95
2.05
2.15
2.25
2.35
2.45
2.55
2.65
2.75
2.85
2.95
3.05
3.15
3.25
3.35
3.45
3.55
3.65
3.75
3.85
3.95
4.05
4.15
4.25
4.35
4.45
4.55
4.65
4.75
4.85
4.95
5.05
5.15
5.25
5.35
5.45
5.55
5.65
5.75
5.85
5.95
6.05
6.15
6.25
6.35
6.45
6.55
6.65
6.75
6.85
6.95
7.05
7.15
7.25
7.35
7.45
7.55
7.65
7.75
7.85
7.95
8.05
8.15
8.25
8.35
8.45
8.55
8.65
8.75
8.85
8.95
9.05
9.15
9.25
9.35
9.45
9.55
9.65
9.75
9.85
9.95
0.05
0.15
0.25
0.35
0.45
0.55
0.65
0.75
0.85
0.95
1.05
1.15
1.25
1.35
1.45
1.55
1.65
1.75
1.85
1.95
2.05
2.15
2.25
2.35
2.45
2.55
2.65
2.75
2.85
2.95
3.05
3.15
3.25
3.35
3.45
3.55
3.65
3.75
3.85
3.95
4.05
4.15
4.25
4.35
4.45
4.55
4.65
4.75
4.85
4.95
5.05
5.15
5.25
5.35
5.45
5.55
5.65
5.75
5.85
5.95
6.05
6.15
6.25
6.35
6.45
6.55
6.65
6.75
6.85
6.95
7.05
7.15
7.25
7.35
7.45
7.55
7.65
7.75
7.85
7.95
8.05
8.15
8.25
8.35
8.45
8.55
8.65
8.75
8.85
8.95
9.05
9.15
9.25
9.35
9.45
9.55
9.65
9.75
9.85
9.95
0.05
0.15
0.25
0.35
0.45
0.55
0.65
0.75
0.85
0.95
1.05
1.15
1.25
1.35
1.45
1.55
1.65
1.75
1.85
1.95
2.05
2.15
2.25
2.35
2.45
2.55
2.65
2.75
2.85
2.95
3.05
3.15
3.25
3.35
3.45
3.55
3.65
3.75
3.85
3.95
4.05
4.15
4.25
4.35
4.45
4.55
4.65
4.75
4.85
4.95
5.05
5.15
5.25
5.35
5.45
5.55
5.65
5.75
5.85
5.95
6.05
6.15
6.25
6.35
6.45
6.55
6.65
6.75
6.85
6.95
7.05
7.15
7.25
7.35
7.45
7.55
7.65
7.75
7.85
7.95
8.05
8.15
8.25
8.35
8.45
8.55
8.65
8.75
8.85
8.95
9.05
9.15
9.25
9.35
9.45
9.55
9.65
9.75
9.85
9.95
0.05
0.15
0.25
0.35
0.45
0.55
0.65
0.75
0.85
0.95
1.05
1.15
1.25
1.35
1.45
1.55
1.65
1.75
1.85
1.95
2.05
2.15
2.25
2.35
2.45
2.55
2.65
2.75
2.85
2.95
3.05
3.15
3.25
3.35
3.45
3.55
3.65
3.75
3.85
3.95
4.05
4.15
4.25
4.35
4.45
4.55
4.65
4.75
4.85
4.95
5.05
5.15
5.25
5.35
5.45
5.55
5.65
5.75
5.85
5.95
6.05
6.15
6.25
6.35
6.45
6.55
6.65
6.75
6.85
6.95
7.05
7.15
7.25
7.35
7.45
7.55
7.65
7.75
7.85
7.95
8.05
8.15
8.25
8.35
8.45
8.55
8.65
8.75
8.85
8.95
9.05
9.15
9.25
9.35
9.45
9.55
9.65
9.75
9.85
9.95
0.05
0.15
0.25
0.35
0.45
0.55
0.65
0.75
0.85
0.95
1.05
1.15
1.25
1.35
1.45
1.55
1.65
1.75
1.85
1.95
2.05
2.15
2.25
2.35
2.45
2.55
2.65
2.75
2.85
2.95
3.05
3.15
3.25
3.35
3.45
3.55
3.65
3.75
3.85
3.95
4.05
4.15
4.25
4.35
4.45
4.55
4.65
4.75
4.85
4.95
5.05
5.15
5.25
5.35
5.45
5.55
5.65
5.75
5.85
5.95
6.05
6.15
6.25
6.35
6.45
6.55
6.65
6.75
6.85
6.95
7.05
7.15
7.25
7.35
7.45
7.55
7.65
7.75
7.85
7.95
8.05
8.15
8.25
8.35
8.45
8.55
8.65
8.75
8.85
8.95
9.05
9.15
9.25
9.35
9.45
9.55
9.65
9.75
9.85
9.95
0.05
0.15
0.25
0.35
0.45
0.55
0.65
0.75
0.85
0.95
1.05
1.15
1.25
1.35
1.45
1.55
1.65
1.75
1.85
1.95
2.05
2.15
2.25
2.35
2.45
2.55
2.65
2.75
2.85
2.95
3.05
3.15
3.25
3.35
3.45
3.55
3.65
3.75
3.85
3.95
4.05
4.15
4.25
4.35
4.45
4.55
4.65
4.75
4.85
4.95
5.05
5.15
5.25
5.35
5.45
5.55
5.65
5.75
5.85
5.95
6.05
6.15
6.25
6.35
6.45
6.55
6.65
6.75
6.85
6.95
7.05
7.15
7.25
7.35
7.45
7.55
7.65
7.75
7.85
7.95
8.05
8.15
8.25
8.35
8.45
8.55
8.65
8.75
8.85
8.95
9.05
9.15
9.25
9.35
9.45
9.55
9.65
9.75
9.85
9.95
0.05
0.15
0.25
0.35
0.45
0.55
0.65
0.75
0.85
0.95
1.05
1.15
1.25
1.35
1.45
1.55
1.65
1.75
1.85
1.95
2.05
2.15
2.25
2.35
2.45
2.55
2.65
2.75
2.85
2.95
3.05
3.15
3.25
3.35
3.45
3.55
3.65
3.75
3.85
3.95
4.05
4.15
4.25
4.35
4.45
4.55
4.65
4.75
4.85
4.95
5.05
5.15
5.25
5.35
5.45
5.55
5.65
5.75
5.85
5.95
6.05
6.15
6.25
6.35
6.45
6.55
6.65
6.75
6.85
6.95
7.05
7.15
7.25
7.35
7.45
7.55
7.65
7.75
7.85
7.95
8.05
8.15
8.25
8.35
8.45
8.55
8.65
8.75
8.85
8.95
9.05
9.15
9.25
9.35
9.45
9.55
9.65
9.75
9.85
9.95
0.05
0.15
0.25
0.35
0.45
0.55
0.65
0.75
0.85
0.95
1.05
1.15
1.25
1.35
1.45
1.55
1.65
1.75
1.85
1.95
2.05
2.15
2.25
2.35
2.45
2.55
2.65
2.75
2.85
2.95
3.05
3.15
3.25
3.35
3.45
3.55
3.65
3.75
3.85
3.95
4.05
4.15
4.25
4.35
4.45
4.55
4.65
4.75
4.85
4.95
5.05
5.15
5.25
5.35
5.45
5.55
5.65
5.75
5.85
5.95
6.05
6.15
6.25
6.35
6.45
6.55
6.65
6.75
6.85
6.95
7.05
7.15
7.25
7.35
7.45
7.55
7.65
7.75
7.85
7.95
8.05
8.15
8.25
8.35
8.45
8.55
8.65
8.75
8.85
8.95
9.05
9.15
9.25
9.35
9.45
9.55
9.65
9.75
9.85
9.95
0.05
0.15
0.25
0.35
0.45
0.55
0.65
0.75
0.85
0.95
1.05
1.15
1.25
1.35
1.45
1.55
1.65
1.75
1.85
1.95
2.05
2.15
2.25
2.35
2.45
2.55
2.65
2.75
2.85
2.95
3.05
3.15
3.25
3.35
3.45
3.55
3.65
3.75
3.85
3.95
4.05
4.15
4.25
4.35
4.45
4.55
4.65
4.75
4.85
4.95
5.05
5.15
5.25
5.35
5.45
5.55
5.65
5.75
5.85
5.95
6.05
6.15
6.25
6.35
6.45
6.55
6.65
6.75
6.85
6.95
7.05
7.15
7.25
7.35
7.45
7.55
7.65
7.75
7.85
7.95
8.05
8.15
8.25
8.35
8.45
8.55
8.65
8.75
8.85
8.95
9.05
9.15
9.25
9.35
9.45
9.55
9.65
9.75
9.85
9.95
0.05
0.15
0.25
0.35
0.45
0.55
0.65
0.75
0.85
0.95
1.05
1.15
1.25
1.35
1.45
1.55
1.65
1.75
1.85
1.95
2.05
2.15
2.25
2.35
2.45
2.55
2.65
2.75
2.85
2.95
3.05
3.15
3.25
3.35
3.45
3.55
3.65
3.75
3.85
3.95
4.05
4.15
4.25
4.35
4.45
4.55
4.65
4.75
4.85
4.95
5.05
5.15
5.25
5.35
5.45
5.55
5.65
5.75
5.85
5.95
6.05
6.15
6.25
6.35
6.45
6.55
6.65
6.75
6.85
6.95
7.05
7.15
7.25
7.35
7.45
7.55
7.65
7.75
7.85
7.95
8.05
8.15
8.25
8.35
8.45
8.55
8.65
8.75
8.85
8.95
9.05
9.15
9.25
9.35
9.45
9.55
9.65
9.75
9.85
9.95
0.05
0.15
0.25
0.35
0.45
0.55
0.65
0.75
0.85
0.95
1.05
1.15
1.25
1.35
1.45
1.55
1.65
1.75
1.85
1.95
2.05
2.15
2.25
2.35
2.45
2.55
2.65
2.75
2.85
2.95
3.05
3.15
3.25
3.35
3.45
3.55
3.65
3.75
3.85
3.95
4.05
4.15
4.25
4.35
4.45
4.55
4.65
4.75
4.85
4.95
5.05
5.15
5.25
5.35
5.45
5.55
5.65
5.75
5.85
5.95
6.05
6.15
6.25
6.35
6.45
6.55
6.65
6.75
6.85
6.95
7.05
7.15
7.25
7.35
7.45
7.55
7.65
7.75
7.85
7.95
8.05
8.15
8.25
8.35
8.45
8.55
8.65
8.75
8.85
8.95
9.05
9.15
9.25
9.35
9.45
9.55
9.65
9.75
9.85
9.95
0.05
0.15
0.25
0.35
0.45
0.55
0.65
0.75
0.85
0.95
1.05
1.15
1.25
1.35
1.45
1.55
1.65
1.75
1.85
1.95
2.05
2.15
2.25
2.35
2.45
2.55
2.65
2.75
2.85
2.95
3.05
3.15
3.25
3.35
3.45
3.55
3.65
3.75
3.85
3.95
4.05
4.15
4.25
4.35
4.45
4.55
4.65
4.75
4.85
4.95
5.05
5.15
5.25
5.35
5.45
5.55
5.65
5.75
5.85
5.95
6.05
6.15
6.25
6.35
6.45
6.55
6.65
6.75
6.85
6.95
7.05
7.15
7.25
7.35
7.45
7.55
7.65
7.75
7.85
7.95
8.05
8.15
8.25
8.35
8.45
8.55
8.65
8.75
8.85
8.95
9.05
9.15
9.25
9.35
9.45
9.55
9.65
9.75
9.85
9.95
0.05
0.15
0.25
0.35
0.45
0.55
0.65
0.75
0.85
0.95
1.05
1.15
1.25
1.35
1.45
1.55
1.65
1.75
1.85
1.95
2.05
2.15
2.25
2.35
2.45
2.55
2.65
2.75
2.85
2.95
3.05
3.15
3.25
3.35
3.45
3.55
3.65
3.75
3.85
3.95
4.05
4.15
4.25
4.35
4.45
4.55
4.65
4.75
4.85
4.95
5.05
5.15
5.25
5.35
5.45
5.55
5.65
5.75
5.85
5.95
6.05
6.15
6.25
6.35
6.45
6.55
6.65
6.75
6.85
6.95
7.05
7.15
7.25
7.35
7.45
7.55
7.65
7.75
7.85
7.95
8.05
8.15
8.25
8.35
8.45
8.55
8.65
8.75
8.85
8.95
9.05
9.15
9.25
9.35
9.45
9.55
9.65
9.75
9.85
9.95
0.05
0.15
0.25
0.35
0.45
0.55
0.65
0.75
0.85
0.95
1.05
1.15
1.25
1.35
1.45
1.55
1.65
1.75
1.85
1.95
2.05
2.15
2.25
2.35
2.45
2.55
2.65
2.75
2.85
2.95
3.05
3.15
3.25
3.35
3.45
3.55
3.65
3.75
3.85
3.95
4.05
4.15
4.25
4.35
4.45
4.55
4.65
4.75
4.85
4.95
5.05
5.15
5.25
5.35
5.45
5.55
5.65
5.75
5.85
5.95
6.05
6.15
6.25
6.35
6.45
6.55
6.65
6.75
6.85
6.95
7.05
7.15
7.25
7.35
7.45
7.55
7.65
7.75
7.85
7.95
8.05
8.15
8.25
8.35
8.45
8.55
8.65
8.75
8.85
8.95
9.05
9.15
9.25
9.35
9.45
9.55
9.65
9.75
9.85
9.95
0.05
0.15
0.25
0.35
0.45
0.55
0.65
0.75
0.85
0.95
1.05
1.15
1.25
1.35
1.45
1.55
1.65
1.75
1.85
1.95
2.05
2.15
2.25
2.35
2.45
2.55
2.65
2.75
2.85
2.95
3.05
3.15
3.25
3.35
3.45
3.55
3.65
3.75
3.85
3.95
4.05
4.15
4.25
4.35
4.45
4.55
4.65
4.75
4.85
4.95
5.05
5.15
5.25
5.35
5.45
5.55
5.65
5.75
5.85
5.95
6.05
6.15
6.25
6.35
6.45
6.55
6.65
6.75
6.85
6.95
7.05
7.15
7.25
7.35
7.45
7.55
7.65
7.75
7.85
7.95
8.05
8.15
8.25
8.35
8.45
8.55
8.65
8.75
8.85
8.95
9.05
9.15
9.25
9.35
9.45
9.55
9.65
9.75
9.85
9.95
0.05
0.15
0.25
0.35
0.45
0.55
0.65
0.75
0.85
0.95
1.05
1.15
1.25
1.35
1.45
1.55
1.65
1.75
1.85
1.95
2.05
2.15
2.25
2.35
2.45
2.55
2.65
2.75
2.85
2.95
3.05
3.15
3.25
3.35
3.45
3.55
3.65
3.75
3.85
3.95
4.05
4.15
4.25
4.35
4.45
4.55
4.65
4.75
4.85
4.95
5.05
5.15
5.25
5.35
5.45
5.55
5.65
5.75
5.85
5.95
6.05
6.15
6.25
6.35
6.45
6.55
6.65
6.75
6.85
6.95
7.05
7.15
7.25
7.35
7.45
7.55
7.65
7.75
7.85
7.95
8.05
8.15
8.25
8.35
8.45
8.55
8.65
8.75
8.85
8.95
9.05
9.15
9.25
9.35
9.45
9.55
9.65
9.75
9.85
9.95
0.05
0.15
0.25
0.35
0.45
0.55
0.65
0.75
0.85
0.95
1.05
1.15
1.25
1.35
1.45
1.55
1.65
1.75
1.85
1.95
2.05
2.15
2.25
2.35
2.45
2.55
2.65
2.75
2.85
2.95
3.05
3.15
3.25
3.35
3.45
3.55
3.65
3.75
3.85
3.95
4.05
4.15
4.25
4.35
4.45
4.55
4.65
4.75
4.85
4.95
5.05
5.15
5.25
5.35
5.45
5.55
5.65
5.75
5.85
5.95
6.05
6.15
6.25
6.35
6.45
6.55
6.65
6.75
6.85
6.95
7.05
7.15
7.25
7.35
7.45
7.55
7.65
7.75
7.85
7.95
8.05
8.15
8.25
8.35
8.45
8.55
8.65
8.75
8.85
8.95
9.05
9.15
9.25
9.35
9.45
9.55
9.65
9.75
9.85
9.95
0.05
0.15
0.25
0.35
0.45
0.55
0.65
0.75
0.85
0.95
1.05
1.15
1.25
1.35
1.45
1.55
1.65
1.75
1.85
1.95
2.05
2.15
2.25
2.35
2.45
2.55
2.65
2.75
2.85
2.95
3.05
3.15
3.25
3.35
3.45
3.55
3.65
3.75
3.85
3.95
4.05
4.15
4.25
4.35
4.45
4.55
4.65
4.75
4.85
4.95
5.05
5.15
5.25
5.35
5.45
5.55
5.65
5.75
5.85
5.95
6.05
6.15
6.25
6.35
6.45
6.55
6.65
6.75
6.85
6.95
7.05
7.15
7.25
7.35
7.45
7.55
7.65
7.75
7.85
7.95
8.05
8.15
8.25
8.35
8.45
8.55
8.65
8.75
8.85
8.95
9.05
9.15
9.25
9.35
9.45
9.55
9.65
9.75
9.85
9.95
0.05
0.15
0.25
0.35
0.45
0.55
0.65
0.75
0.85
0.95
1.05
1.15
1.25
1.35
1.45
1.55
1.65
1.75
1.85
1.95
2.05
2.15
2.25
2.35
2.45
2.55
2.65
2.75
2.85
2.95
3.05
3.15
3.25
3.35
3.45
3.55
3.65
3.75
3.85
3.95
4.05
4.15
4.25
4.35
4.45
4.55
4.65
4.75
4.85
4.95
5.05
5.15
5.25
5.35
5.45
5.55
5.65
5.75
5.85
5.95
6.05
6.15
6.25
6.35
6.45
6.55
6.65
6.75
6.85
6.95
7.05
7.15
7.25
7.35
7.45
7.55
7.65
7.75
7.85
7.95
8.05
8.15
8.25
8.35
8.45
8.55
8.65
8.75
8.85
8.95
9.05
9.15
9.25
9.35
9.45
9.55
9.65
9.75
9.85
9.95
0.05
0.15
0.25
0.35
0.45
0.55
0.65
0.75
0.85
0.95
1.05
1.15
1.25
1.35
1.45
1.55
1.65
1.75
1.85
1.95
2.05
2.15
2.25
2.35
2.45
2.55
2.65
2.75
2.85
2.95
3.05
3.15
3.25
3.35
3.45
3.55
3.65
3.75
3.85
3.95
4.05
4.15
4.25
4.35
4.45
4.55
4.65
4.75
4.85
4.95
5.05
5.15
5.25
5.35
5.45
5.55
5.65
5.75
5.85
5.95
6.05
6.15
6.25
6.35
6.45
6.55
6.65
6.75
6.85
6.95
7.05
7.15
7.25
7.35
7.45
7.55
7.65
7.75
7.85
7.95
8.05
8.15
8.25
8.35
8.45
8.55
8.65
8.75
8.85
8.95
9.05
9.15
9.25
9.35
9.45
9.55
9.65
9.75
9.85
9.95
0.05
0.15
0.25
0.35
0.45
0.55
0.65
0.75
0.85
0.95
1.05
1.15
1.25
1.35
1.45
1.55
1.65
1.75
1.85
1.95
2.05
2.15
2.25
2.35
2.45
2.55
2.65
2.75
2.85
2.95
3.05
3.15
3.25
3.35
3.45
3.55
3.65
3.75
3.85
3.95
4.05
4.15
4.25
4.35
4.45
4.55
4.65
4.75
4.85
4.95
5.05
5.15
5.25
5.35
5.45
5.55
5.65
5.75
5.85
5.95
6.05
6.15
6.25
6.35
6.45
6.55
6.65
6.75
6.85
6.95
7.05
7.15
7.25
7.35
7.45
7.55
7.65
7.75
7.85
7.95
8.05
8.15
8.25
8.35
8.45
8.55
8.65
8.75
8.85
8.95
9.05
9.15
9.25
9.35
9.45
9.55
9.65
9.75
9.85
9.95
10.0444
10.1332
10.2221
10.311
10.3999
10.4888
10.5776
10.6665
10.7554
10.8443
10.9332
11.022
11.1109
11.1998
11.2887
11.3776
11.4664
11.5553
11.6442
11.7331
11.822
11.9108
11.9997
12.0886
12.1775
12.2664
12.3552
12.4441
12.533
12.6219
12.7108
12.7996
12.8885
12.9774
13.0663
13.1552
13.244
13.3329
13.4218
13.5107
13.5996
13.6884
13.7773
13.8662
13.9551
14.0439
14.1328
14.2217
14.3106
14.3995
14.4883
14.5772
14.6661
14.755
14.8439
14.9327
15.0216
15.1105
15.1994
15.2882
15.3771
15.466
15.5549
15.6437
15.7326
15.8215
15.9104
15.9992
16.0881
16.177
16.2659
16.3547
16.4436
16.5325
16.6213
16.7102
16.7991
16.8879
16.9768
17.0657
17.1545
17.2434
17.3323
17.4211
17.51
17.5988
17.6877
17.7765
17.8653
17.9541
18.043
18.1317
18.2205
18.3092
18.3979
18.4865
18.5749
18.6629
18.7498
18.8288
10.0444
10.1332
10.2221
10.311
10.3999
10.4888
10.5776
10.6665
10.7554
10.8443
10.9332
11.022
11.1109
11.1998
11.2887
11.3776
11.4664
11.5553
11.6442
11.7331
11.822
11.9108
11.9997
12.0886
12.1775
12.2664
12.3552
12.4441
12.533
12.6219
12.7108
12.7996
12.8885
12.9774
13.0663
13.1552
13.244
13.3329
13.4218
13.5107
13.5996
13.6884
13.7773
13.8662
13.9551
14.0439
14.1328
14.2217
14.3106
14.3995
14.4883
14.5772
14.6661
14.755
14.8439
14.9327
15.0216
15.1105
15.1994
15.2882
15.3771
15.466
15.5549
15.6437
15.7326
15.8215
15.9104
15.9992
16.0881
16.177
16.2659
16.3547
16.4436
16.5325
16.6213
16.7102
16.7991
16.8879
16.9768
17.0657
17.1545
17.2434
17.3323
17.4211
17.51
17.5988
17.6877
17.7765
17.8653
17.9541
18.043
18.1317
18.2205
18.3092
18.3979
18.4865
18.5749
18.6629
18.7498
18.8288
10.0444
10.1332
10.2221
10.311
10.3999
10.4888
10.5776
10.6665
10.7554
10.8443
10.9332
11.022
11.1109
11.1998
11.2887
11.3776
11.4664
11.5553
11.6442
11.7331
11.822
11.9108
11.9997
12.0886
12.1775
12.2664
12.3552
12.4441
12.533
12.6219
12.7108
12.7996
12.8885
12.9774
13.0663
13.1552
13.244
13.3329
13.4218
13.5107
13.5996
13.6884
13.7773
13.8662
13.9551
14.0439
14.1328
14.2217
14.3106
14.3995
14.4883
14.5772
14.6661
14.755
14.8439
14.9327
15.0216
15.1105
15.1994
15.2882
15.3771
15.466
15.5549
15.6437
15.7326
15.8215
15.9104
15.9992
16.0881
16.177
16.2659
16.3547
16.4436
16.5325
16.6213
16.7102
16.7991
16.8879
16.9768
17.0657
17.1545
17.2434
17.3323
17.4211
17.51
17.5988
17.6877
17.7765
17.8653
17.9541
18.043
18.1317
18.2205
18.3092
18.3979
18.4865
18.5749
18.6629
18.7498
18.8288
10.0444
10.1332
10.2221
10.311
10.3999
10.4888
10.5776
10.6665
10.7554
10.8443
10.9332
11.022
11.1109
11.1998
11.2887
11.3776
11.4664
11.5553
11.6442
11.7331
11.822
11.9108
11.9997
12.0886
12.1775
12.2664
12.3552
12.4441
12.533
12.6219
12.7108
12.7996
12.8885
12.9774
13.0663
13.1552
13.244
13.3329
13.4218
13.5107
13.5996
13.6884
13.7773
13.8662
13.9551
14.0439
14.1328
14.2217
14.3106
14.3995
14.4883
14.5772
14.6661
14.755
14.8439
14.9327
15.0216
15.1105
15.1994
15.2882
15.3771
15.466
15.5549
15.6437
15.7326
15.8215
15.9104
15.9992
16.0881
16.177
16.2659
16.3547
16.4436
16.5325
16.6213
16.7102
16.7991
16.8879
16.9768
17.0657
17.1545
17.2434
17.3323
17.4211
17.51
17.5988
17.6877
17.7765
17.8653
17.9541
18.043
18.1317
18.2205
18.3092
18.3979
18.4865
18.5749
18.6629
18.7498
18.8288
10.0444
10.1332
10.2221
10.311
10.3999
10.4888
10.5776
10.6665
10.7554
10.8443
10.9332
11.022
11.1109
11.1998
11.2887
11.3776
11.4664
11.5553
11.6442
11.7331
11.822
11.9108
11.9997
12.0886
12.1775
12.2664
12.3552
12.4441
12.533
12.6219
12.7108
12.7996
12.8885
12.9774
13.0663
13.1552
13.244
13.3329
13.4218
13.5107
13.5996
13.6884
13.7773
13.8662
13.9551
14.0439
14.1328
14.2217
14.3106
14.3995
14.4883
14.5772
14.6661
14.755
14.8439
14.9327
15.0216
15.1105
15.1994
15.2882
15.3771
15.466
15.5549
15.6437
15.7326
15.8215
15.9104
15.9992
16.0881
16.177
16.2659
16.3547
16.4436
16.5325
16.6213
16.7102
16.7991
16.8879
16.9768
17.0657
17.1545
17.2434
17.3323
17.4211
17.51
17.5988
17.6877
17.7765
17.8653
17.9541
18.043
18.1317
18.2205
18.3092
18.3979
18.4865
18.5749
18.6629
18.7498
18.8288
10.0444
10.1332
10.2221
10.311
10.3999
10.4888
10.5776
10.6665
10.7554
10.8443
10.9332
11.022
11.1109
11.1998
11.2887
11.3776
11.4664
11.5553
11.6442
11.7331
11.822
11.9108
11.9997
12.0886
12.1775
12.2664
12.3552
12.4441
12.533
12.6219
12.7108
12.7996
12.8885
12.9774
13.0663
13.1552
13.244
13.3329
13.4218
13.5107
13.5996
13.6884
13.7773
13.8662
13.9551
14.0439
14.1328
14.2217
14.3106
14.3995
14.4883
14.5772
14.6661
14.755
14.8439
14.9327
15.0216
15.1105
15.1994
15.2882
15.3771
15.466
15.5549
15.6437
15.7326
15.8215
15.9104
15.9992
16.0881
16.177
16.2659
16.3547
16.4436
16.5325
16.6213
16.7102
16.7991
16.8879
16.9768
17.0657
17.1545
17.2434
17.3323
17.4211
17.51
17.5988
17.6877
17.7765
17.8653
17.9541
18.043
18.1317
18.2205
18.3092
18.3979
18.4865
18.5749
18.6629
18.7498
18.8288
10.0444
10.1332
10.2221
10.311
10.3999
10.4888
10.5776
10.6665
10.7554
10.8443
10.9332
11.022
11.1109
11.1998
11.2887
11.3776
11.4664
11.5553
11.6442
11.7331
11.822
11.9108
11.9997
12.0886
12.1775
12.2664
12.3552
12.4441
12.533
12.6219
12.7108
12.7996
12.8885
12.9774
13.0663
13.1552
13.244
13.3329
13.4218
13.5107
13.5996
13.6884
13.7773
13.8662
13.9551
14.0439
14.1328
14.2217
14.3106
14.3995
14.4883
14.5772
14.6661
14.755
14.8439
14.9327
15.0216
15.1105
15.1994
15.2882
15.3771
15.466
15.5549
15.6437
15.7326
15.8215
15.9104
15.9992
16.0881
16.177
16.2659
16.3547
16.4436
16.5325
16.6213
16.7102
16.7991
16.8879
16.9768
17.0657
17.1545
17.2434
17.3323
17.4211
17.51
17.5988
17.6877
17.7765
17.8653
17.9541
18.043
18.1317
18.2205
18.3092
18.3979
18.4865
18.5749
18.6629
18.7498
18.8288
10.0444
10.1332
10.2221
10.311
10.3999
10.4888
10.5776
10.6665
10.7554
10.8443
10.9332
11.022
11.1109
11.1998
11.2887
11.3776
11.4664
11.5553
11.6442
11.7331
11.822
11.9108
11.9997
12.0886
12.1775
12.2664
12.3552
12.4441
12.533
12.6219
12.7108
12.7996
12.8885
12.9774
13.0663
13.1552
13.244
13.3329
13.4218
13.5107
13.5996
13.6884
13.7773
13.8662
13.9551
14.0439
14.1328
14.2217
14.3106
14.3995
14.4883
14.5772
14.6661
14.755
14.8439
14.9327
15.0216
15.1105
15.1994
15.2882
15.3771
15.466
15.5549
15.6437
15.7326
15.8215
15.9104
15.9992
16.0881
16.177
16.2659
16.3547
16.4436
16.5325
16.6213
16.7102
16.7991
16.8879
16.9768
17.0657
17.1545
17.2434
17.3323
17.4211
17.51
17.5988
17.6877
17.7765
17.8653
17.9541
18.043
18.1317
18.2205
18.3092
18.3979
18.4865
18.5749
18.6629
18.7498
18.8288
10.0444
10.1332
10.2221
10.311
10.3999
10.4888
10.5776
10.6665
10.7554
10.8443
10.9332
11.022
11.1109
11.1998
11.2887
11.3776
11.4664
11.5553
11.6442
11.7331
11.822
11.9108
11.9997
12.0886
12.1775
12.2664
12.3552
12.4441
12.533
12.6219
12.7108
12.7996
12.8885
12.9774
13.0663
13.1552
13.244
13.3329
13.4218
13.5107
13.5996
13.6884
13.7773
13.8662
13.9551
14.0439
14.1328
14.2217
14.3106
14.3995
14.4883
14.5772
14.6661
14.755
14.8439
14.9327
15.0216
15.1105
15.1994
15.2882
15.3771
15.466
15.5549
15.6437
15.7326
15.8215
15.9104
15.9992
16.0881
16.177
16.2659
16.3547
16.4436
16.5325
16.6213
16.7102
16.7991
16.8879
16.9768
17.0657
17.1545
17.2434
17.3323
17.4211
17.51
17.5988
17.6877
17.7765
17.8653
17.9541
18.043
18.1317
18.2205
18.3092
18.3979
18.4865
18.5749
18.6629
18.7498
18.8288
10.0444
10.1332
10.2221
10.311
10.3999
10.4888
10.5776
10.6665
10.7554
10.8443
10.9332
11.022
11.1109
11.1998
11.2887
11.3776
11.4664
11.5553
11.6442
11.7331
11.822
11.9108
11.9997
12.0886
12.1775
12.2664
12.3552
12.4441
12.533
12.6219
12.7108
12.7996
12.8885
12.9774
13.0663
13.1552
13.244
13.3329
13.4218
13.5107
13.5996
13.6884
13.7773
13.8662
13.9551
14.0439
14.1328
14.2217
14.3106
14.3995
14.4883
14.5772
14.6661
14.755
14.8439
14.9327
15.0216
15.1105
15.1994
15.2882
15.3771
15.466
15.5549
15.6437
15.7326
15.8215
15.9104
15.9992
16.0881
16.177
16.2659
16.3547
16.4436
16.5325
16.6213
16.7102
16.7991
16.8879
16.9768
17.0657
17.1545
17.2434
17.3323
17.4211
17.51
17.5988
17.6877
17.7765
17.8653
17.9541
18.043
18.1317
18.2205
18.3092
18.3979
18.4865
18.5749
18.6629
18.7498
18.8288
10.0444
10.1332
10.2221
10.311
10.3999
10.4888
10.5776
10.6665
10.7554
10.8443
10.9332
11.022
11.1109
11.1998
11.2887
11.3776
11.4664
11.5553
11.6442
11.7331
11.822
11.9108
11.9997
12.0886
12.1775
12.2664
12.3552
12.4441
12.533
12.6219
12.7108
12.7996
12.8885
12.9774
13.0663
13.1552
13.244
13.3329
13.4218
13.5107
13.5996
13.6884
13.7773
13.8662
13.9551
14.0439
14.1328
14.2217
14.3106
14.3995
14.4883
14.5772
14.6661
14.755
14.8439
14.9327
15.0216
15.1105
15.1994
15.2882
15.3771
15.466
15.5549
15.6437
15.7326
15.8215
15.9104
15.9992
16.0881
16.177
16.2659
16.3547
16.4436
16.5325
16.6213
16.7102
16.7991
16.8879
16.9768
17.0657
17.1545
17.2434
17.3323
17.4211
17.51
17.5988
17.6877
17.7765
17.8653
17.9541
18.043
18.1317
18.2205
18.3092
18.3979
18.4865
18.5749
18.6629
18.7498
18.8288
10.0444
10.1332
10.2221
10.311
10.3999
10.4888
10.5776
10.6665
10.7554
10.8443
10.9332
11.022
11.1109
11.1998
11.2887
11.3776
11.4664
11.5553
11.6442
11.7331
11.822
11.9108
11.9997
12.0886
12.1775
12.2664
12.3552
12.4441
12.533
12.6219
12.7108
12.7996
12.8885
12.9774
13.0663
13.1552
13.244
13.3329
13.4218
13.5107
13.5996
13.6884
13.7773
13.8662
13.9551
14.0439
14.1328
14.2217
14.3106
14.3995
14.4883
14.5772
14.6661
14.755
14.8439
14.9327
15.0216
15.1105
15.1994
15.2882
15.3771
15.466
15.5549
15.6437
15.7326
15.8215
15.9104
15.9992
16.0881
16.177
16.2659
16.3547
16.4436
16.5325
16.6213
16.7102
16.7991
16.8879
16.9768
17.0657
17.1545
17.2434
17.3323
17.4211
17.51
17.5988
17.6877
17.7765
17.8653
17.9541
18.043
18.1317
18.2205
18.3092
18.3979
18.4865
18.5749
18.6629
18.7498
18.8288
10.0444
10.1332
10.2221
10.311
10.3999
10.4888
10.5776
10.6665
10.7554
10.8443
10.9332
11.022
11.1109
11.1998
11.2887
11.3776
11.4664
11.5553
11.6442
11.7331
11.822
11.9108
11.9997
12.0886
12.1775
12.2664
12.3552
12.4441
12.533
12.6219
12.7108
12.7996
12.8885
12.9774
13.0663
13.1552
13.244
13.3329
13.4218
13.5107
13.5996
13.6884
13.7773
13.8662
13.9551
14.0439
14.1328
14.2217
14.3106
14.3995
14.4883
14.5772
14.6661
14.755
14.8439
14.9327
15.0216
15.1105
15.1994
15.2882
15.3771
15.466
15.5549
15.6437
15.7326
15.8215
15.9104
15.9992
16.0881
16.177
16.2659
16.3547
16.4436
16.5325
16.6213
16.7102
16.7991
16.8879
16.9768
17.0657
17.1545
17.2434
17.3323
17.4211
17.51
17.5988
17.6877
17.7765
17.8653
17.9541
18.043
18.1317
18.2205
18.3092
18.3979
18.4865
18.5749
18.6629
18.7498
18.8288
10.0444
10.1332
10.2221
10.311
10.3999
10.4888
10.5776
10.6665
10.7554
10.8443
10.9332
11.022
11.1109
11.1998
11.2887
11.3776
11.4664
11.5553
11.6442
11.7331
11.822
11.9108
11.9997
12.0886
12.1775
12.2664
12.3552
12.4441
12.533
12.6219
12.7108
12.7996
12.8885
12.9774
13.0663
13.1552
13.244
13.3329
13.4218
13.5107
13.5996
13.6884
13.7773
13.8662
13.9551
14.0439
14.1328
14.2217
14.3106
14.3995
14.4883
14.5772
14.6661
14.755
14.8439
14.9327
15.0216
15.1105
15.1994
15.2882
15.3771
15.466
15.5549
15.6437
15.7326
15.8215
15.9104
15.9992
16.0881
16.177
16.2659
16.3547
16.4436
16.5325
16.6213
16.7102
16.7991
16.8879
16.9768
17.0657
17.1545
17.2434
17.3323
17.4211
17.51
17.5988
17.6877
17.7765
17.8653
17.9541
18.043
18.1317
18.2205
18.3092
18.3979
18.4865
18.5749
18.6629
18.7498
18.8288
10.0444
10.1332
10.2221
10.311
10.3999
10.4888
10.5776
10.6665
10.7554
10.8443
10.9332
11.022
11.1109
11.1998
11.2887
11.3776
11.4664
11.5553
11.6442
11.7331
11.822
11.9108
11.9997
12.0886
12.1775
12.2664
12.3552
12.4441
12.533
12.6219
12.7108
12.7996
12.8885
12.9774
13.0663
13.1552
13.244
13.3329
13.4218
13.5107
13.5996
13.6884
13.7773
13.8662
13.9551
14.0439
14.1328
14.2217
14.3106
14.3995
14.4883
14.5772
14.6661
14.755
14.8439
14.9327
15.0216
15.1105
15.1994
15.2882
15.3771
15.466
15.5549
15.6437
15.7326
15.8215
15.9104
15.9992
16.0881
16.177
16.2659
16.3547
16.4436
16.5325
16.6213
16.7102
16.7991
16.8879
16.9768
17.0657
17.1545
17.2434
17.3323
17.4211
17.51
17.5988
17.6877
17.7765
17.8653
17.9541
18.043
18.1317
18.2205
18.3092
18.3979
18.4865
18.5749
18.6629
18.7498
18.8288
10.0444
10.1332
10.2221
10.311
10.3999
10.4888
10.5776
10.6665
10.7554
10.8443
10.9332
11.022
11.1109
11.1998
11.2887
11.3776
11.4664
11.5553
11.6442
11.7331
11.822
11.9108
11.9997
12.0886
12.1775
12.2664
12.3552
12.4441
12.533
12.6219
12.7108
12.7996
12.8885
12.9774
13.0663
13.1552
13.244
13.3329
13.4218
13.5107
13.5996
13.6884
13.7773
13.8662
13.9551
14.0439
14.1328
14.2217
14.3106
14.3995
14.4883
14.5772
14.6661
14.755
14.8439
14.9327
15.0216
15.1105
15.1994
15.2882
15.3771
15.466
15.5549
15.6437
15.7326
15.8215
15.9104
15.9992
16.0881
16.177
16.2659
16.3547
16.4436
16.5325
16.6213
16.7102
16.7991
16.8879
16.9768
17.0657
17.1545
17.2434
17.3323
17.4211
17.51
17.5988
17.6877
17.7765
17.8653
17.9541
18.043
18.1317
18.2205
18.3092
18.3979
18.4865
18.5749
18.6629
18.7498
18.8288
10.0444
10.1332
10.2221
10.311
10.3999
10.4888
10.5776
10.6665
10.7554
10.8443
10.9332
11.022
11.1109
11.1998
11.2887
11.3776
11.4664
11.5553
11.6442
11.7331
11.822
11.9108
11.9997
12.0886
12.1775
12.2664
12.3552
12.4441
12.533
12.6219
12.7108
12.7996
12.8885
12.9774
13.0663
13.1552
13.244
13.3329
13.4218
13.5107
13.5996
13.6884
13.7773
13.8662
13.9551
14.0439
14.1328
14.2217
14.3106
14.3995
14.4883
14.5772
14.6661
14.755
14.8439
14.9327
15.0216
15.1105
15.1994
15.2882
15.3771
15.466
15.5549
15.6437
15.7326
15.8215
15.9104
15.9992
16.0881
16.177
16.2659
16.3547
16.4436
16.5325
16.6213
16.7102
16.7991
16.8879
16.9768
17.0657
17.1545
17.2434
17.3323
17.4211
17.51
17.5988
17.6877
17.7765
17.8653
17.9541
18.043
18.1317
18.2205
18.3092
18.3979
18.4865
18.5749
18.6629
18.7498
18.8288
10.0444
10.1332
10.2221
10.311
10.3999
10.4888
10.5776
10.6665
10.7554
10.8443
10.9332
11.022
11.1109
11.1998
11.2887
11.3776
11.4664
11.5553
11.6442
11.7331
11.822
11.9108
11.9997
12.0886
12.1775
12.2664
12.3552
12.4441
12.533
12.6219
12.7108
12.7996
12.8885
12.9774
13.0663
13.1552
13.244
13.3329
13.4218
13.5107
13.5996
13.6884
13.7773
13.8662
13.9551
14.0439
14.1328
14.2217
14.3106
14.3995
14.4883
14.5772
14.6661
14.755
14.8439
14.9327
15.0216
15.1105
15.1994
15.2882
15.3771
15.466
15.5549
15.6437
15.7326
15.8215
15.9104
15.9992
16.0881
16.177
16.2659
16.3547
16.4436
16.5325
16.6213
16.7102
16.7991
16.8879
16.9768
17.0657
17.1545
17.2434
17.3323
17.4211
17.51
17.5988
17.6877
17.7765
17.8653
17.9541
18.043
18.1317
18.2205
18.3092
18.3979
18.4865
18.5749
18.6629
18.7498
18.8288
10.0444
10.1332
10.2221
10.311
10.3999
10.4888
10.5776
10.6665
10.7554
10.8443
10.9332
11.022
11.1109
11.1998
11.2887
11.3776
11.4664
11.5553
11.6442
11.7331
11.822
11.9108
11.9997
12.0886
12.1775
12.2664
12.3552
12.4441
12.533
12.6219
12.7108
12.7996
12.8885
12.9774
13.0663
13.1552
13.244
13.3329
13.4218
13.5107
13.5996
13.6884
13.7773
13.8662
13.9551
14.0439
14.1328
14.2217
14.3106
14.3995
14.4883
14.5772
14.6661
14.755
14.8439
14.9327
15.0216
15.1105
15.1994
15.2882
15.3771
15.466
15.5549
15.6437
15.7326
15.8215
15.9104
15.9992
16.0881
16.177
16.2659
16.3547
16.4436
16.5325
16.6213
16.7102
16.7991
16.8879
16.9768
17.0657
17.1545
17.2434
17.3323
17.4211
17.51
17.5988
17.6877
17.7765
17.8653
17.9541
18.043
18.1317
18.2205
18.3092
18.3979
18.4865
18.5749
18.6629
18.7498
18.8288
10.0444
10.1332
10.2221
10.311
10.3999
10.4888
10.5776
10.6665
10.7554
10.8443
10.9332
11.022
11.1109
11.1998
11.2887
11.3776
11.4664
11.5553
11.6442
11.7331
11.822
11.9108
11.9997
12.0886
12.1775
12.2664
12.3552
12.4441
12.533
12.6219
12.7108
12.7996
12.8885
12.9774
13.0663
13.1552
13.244
13.3329
13.4218
13.5107
13.5996
13.6884
13.7773
13.8662
13.9551
14.0439
14.1328
14.2217
14.3106
14.3995
14.4883
14.5772
14.6661
14.755
14.8439
14.9327
15.0216
15.1105
15.1994
15.2882
15.3771
15.466
15.5549
15.6437
15.7326
15.8215
15.9104
15.9992
16.0881
16.177
16.2659
16.3547
16.4436
16.5325
16.6213
16.7102
16.7991
16.8879
16.9768
17.0657
17.1545
17.2434
17.3323
17.4211
17.51
17.5988
17.6877
17.7765
17.8653
17.9541
18.043
18.1317
18.2205
18.3092
18.3979
18.4865
18.5749
18.6629
18.7498
18.8288
10.0444
10.1332
10.2221
10.311
10.3999
10.4888
10.5776
10.6665
10.7554
10.8443
10.9332
11.022
11.1109
11.1998
11.2887
11.3776
11.4664
11.5553
11.6442
11.7331
11.822
11.9108
11.9997
12.0886
12.1775
12.2664
12.3552
12.4441
12.533
12.6219
12.7108
12.7996
12.8885
12.9774
13.0663
13.1552
13.244
13.3329
13.4218
13.5107
13.5996
13.6884
13.7773
13.8662
13.9551
14.0439
14.1328
14.2217
14.3106
14.3995
14.4883
14.5772
14.6661
14.755
14.8439
14.9327
15.0216
15.1105
15.1994
15.2882
15.3771
15.466
15.5549
15.6437
15.7326
15.8215
15.9104
15.9992
16.0881
16.177
16.2659
16.3547
16.4436
16.5325
16.6213
16.7102
16.7991
16.8879
16.9768
17.0657
17.1545
17.2434
17.3323
17.4211
17.51
17.5988
17.6877
17.7765
17.8653
17.9541
18.043
18.1317
18.2205
18.3092
18.3979
18.4865
18.5749
18.6629
18.7498
18.8288
10.0444
10.1332
10.2221
10.311
10.3999
10.4888
10.5776
10.6665
10.7554
10.8443
10.9332
11.022
11.1109
11.1998
11.2887
11.3776
11.4664
11.5553
11.6442
11.7331
11.822
11.9108
11.9997
12.0886
12.1775
12.2664
12.3552
12.4441
12.533
12.6219
12.7108
12.7996
12.8885
12.9774
13.0663
13.1552
13.244
13.3329
13.4218
13.5107
13.5996
13.6884
13.7773
13.8662
13.9551
14.0439
14.1328
14.2217
14.3106
14.3995
14.4883
14.5772
14.6661
14.755
14.8439
14.9327
15.0216
15.1105
15.1994
15.2882
15.3771
15.466
15.5549
15.6437
15.7326
15.8215
15.9104
15.9992
16.0881
16.177
16.2659
16.3547
16.4436
16.5325
16.6213
16.7102
16.7991
16.8879
16.9768
17.0657
17.1545
17.2434
17.3323
17.4211
17.51
17.5988
17.6877
17.7765
17.8653
17.9541
18.043
18.1317
18.2205
18.3092
18.3979
18.4865
18.5749
18.6629
18.7498
18.8288
10.0444
10.1332
10.2221
10.311
10.3999
10.4888
10.5776
10.6665
10.7554
10.8443
10.9332
11.022
11.1109
11.1998
11.2887
11.3776
11.4664
11.5553
11.6442
11.7331
11.822
11.9108
11.9997
12.0886
12.1775
12.2664
12.3552
12.4441
12.533
12.6219
12.7108
12.7996
12.8885
12.9774
13.0663
13.1552
13.244
13.3329
13.4218
13.5107
13.5996
13.6884
13.7773
13.8662
13.9551
14.0439
14.1328
14.2217
14.3106
14.3995
14.4883
14.5772
14.6661
14.755
14.8439
14.9327
15.0216
15.1105
15.1994
15.2882
15.3771
15.466
15.5549
15.6437
15.7326
15.8215
15.9104
15.9992
16.0881
16.177
16.2659
16.3547
16.4436
16.5325
16.6213
16.7102
16.7991
16.8879
16.9768
17.0657
17.1545
17.2434
17.3323
17.4211
17.51
17.5988
17.6877
17.7765
17.8653
17.9541
18.043
18.1317
18.2205
18.3092
18.3979
18.4865
18.5749
18.6629
18.7498
18.8288
10.0444
10.1332
10.2221
10.311
10.3999
10.4888
10.5776
10.6665
10.7554
10.8443
10.9332
11.022
11.1109
11.1998
11.2887
11.3776
11.4664
11.5553
11.6442
11.7331
11.822
11.9108
11.9997
12.0886
12.1775
12.2664
12.3552
12.4441
12.533
12.6219
12.7108
12.7996
12.8885
12.9774
13.0663
13.1552
13.244
13.3329
13.4218
13.5107
13.5996
13.6884
13.7773
13.8662
13.9551
14.0439
14.1328
14.2217
14.3106
14.3995
14.4883
14.5772
14.6661
14.755
14.8439
14.9327
15.0216
15.1105
15.1994
15.2882
15.3771
15.466
15.5549
15.6437
15.7326
15.8215
15.9104
15.9992
16.0881
16.177
16.2659
16.3547
16.4436
16.5325
16.6213
16.7102
16.7991
16.8879
16.9768
17.0657
17.1545
17.2434
17.3323
17.4211
17.51
17.5988
17.6877
17.7765
17.8653
17.9541
18.043
18.1317
18.2205
18.3092
18.3979
18.4865
18.5749
18.6629
18.7498
18.8288
10.0444
10.1332
10.2221
10.311
10.3999
10.4888
10.5776
10.6665
10.7554
10.8443
10.9332
11.022
11.1109
11.1998
11.2887
11.3776
11.4664
11.5553
11.6442
11.7331
11.822
11.9108
11.9997
12.0886
12.1775
12.2664
12.3552
12.4441
12.533
12.6219
12.7108
12.7996
12.8885
12.9774
13.0663
13.1552
13.244
13.3329
13.4218
13.5107
13.5996
13.6884
13.7773
13.8662
13.9551
14.0439
14.1328
14.2217
14.3106
14.3995
14.4883
14.5772
14.6661
14.755
14.8439
14.9327
15.0216
15.1105
15.1994
15.2882
15.3771
15.466
15.5549
15.6437
15.7326
15.8215
15.9104
15.9992
16.0881
16.177
16.2659
16.3547
16.4436
16.5325
16.6213
16.7102
16.7991
16.8879
16.9768
17.0657
17.1545
17.2434
17.3323
17.4211
17.51
17.5988
17.6877
17.7765
17.8653
17.9541
18.043
18.1317
18.2205
18.3092
18.3979
18.4865
18.5749
18.6629
18.7498
18.8288
10.0444
10.1332
10.2221
10.311
10.3999
10.4888
10.5776
10.6665
10.7554
10.8443
10.9332
11.022
11.1109
11.1998
11.2887
11.3776
11.4664
11.5553
11.6442
11.7331
11.822
11.9108
11.9997
12.0886
12.1775
12.2664
12.3552
12.4441
12.533
12.6219
12.7108
12.7996
12.8885
12.9774
13.0663
13.1552
13.244
13.3329
13.4218
13.5107
13.5996
13.6884
13.7773
13.8662
13.9551
14.0439
14.1328
14.2217
14.3106
14.3995
14.4883
14.5772
14.6661
14.755
14.8439
14.9327
15.0216
15.1105
15.1994
15.2882
15.3771
15.466
15.5549
15.6437
15.7326
15.8215
15.9104
15.9992
16.0881
16.177
16.2659
16.3547
16.4436
16.5325
16.6213
16.7102
16.7991
16.8879
16.9768
17.0657
17.1545
17.2434
17.3323
17.4211
17.51
17.5988
17.6877
17.7765
17.8653
17.9541
18.043
18.1317
18.2205
18.3092
18.3979
18.4865
18.5749
18.6629
18.7498
18.8288
10.0444
10.1332
10.2221
10.311
10.3999
10.4888
10.5776
10.6665
10.7554
10.8443
10.9332
11.022
11.1109
11.1998
11.2887
11.3776
11.4664
11.5553
11.6442
11.7331
11.822
11.9108
11.9997
12.0886
12.1775
12.2664
12.3552
12.4441
12.533
12.6219
12.7108
12.7996
12.8885
12.9774
13.0663
13.1552
13.244
13.3329
13.4218
13.5107
13.5996
13.6884
13.7773
13.8662
13.9551
14.0439
14.1328
14.2217
14.3106
14.3995
14.4883
14.5772
14.6661
14.755
14.8439
14.9327
15.0216
15.1105
15.1994
15.2882
15.3771
15.466
15.5549
15.6437
15.7326
15.8215
15.9104
15.9992
16.0881
16.177
16.2659
16.3547
16.4436
16.5325
16.6213
16.7102
16.7991
16.8879
16.9768
17.0657
17.1545
17.2434
17.3323
17.4211
17.51
17.5988
17.6877
17.7765
17.8653
17.9541
18.043
18.1317
18.2205
18.3092
18.3979
18.4865
18.5749
18.6629
18.7498
18.8288
10.0444
10.1332
10.2221
10.311
10.3999
10.4888
10.5776
10.6665
10.7554
10.8443
10.9332
11.022
11.1109
11.1998
11.2887
11.3776
11.4664
11.5553
11.6442
11.7331
11.822
11.9108
11.9997
12.0886
12.1775
12.2664
12.3552
12.4441
12.533
12.6219
12.7108
12.7996
12.8885
12.9774
13.0663
13.1552
13.244
13.3329
13.4218
13.5107
13.5996
13.6884
13.7773
13.8662
13.9551
14.0439
14.1328
14.2217
14.3106
14.3995
14.4883
14.5772
14.6661
14.755
14.8439
14.9327
15.0216
15.1105
15.1994
15.2882
15.3771
15.466
15.5549
15.6437
15.7326
15.8215
15.9104
15.9992
16.0881
16.177
16.2659
16.3547
16.4436
16.5325
16.6213
16.7102
16.7991
16.8879
16.9768
17.0657
17.1545
17.2434
17.3323
17.4211
17.51
17.5988
17.6877
17.7765
17.8653
17.9541
18.043
18.1317
18.2205
18.3092
18.3979
18.4865
18.5749
18.6629
18.7498
18.8288
10.0444
10.1332
10.2221
10.311
10.3999
10.4888
10.5776
10.6665
10.7554
10.8443
10.9332
11.022
11.1109
11.1998
11.2887
11.3776
11.4664
11.5553
11.6442
11.7331
11.822
11.9108
11.9997
12.0886
12.1775
12.2664
12.3552
12.4441
12.533
12.6219
12.7108
12.7996
12.8885
12.9774
13.0663
13.1552
13.244
13.3329
13.4218
13.5107
13.5996
13.6884
13.7773
13.8662
13.9551
14.0439
14.1328
14.2217
14.3106
14.3995
14.4883
14.5772
14.6661
14.755
14.8439
14.9327
15.0216
15.1105
15.1994
15.2882
15.3771
15.466
15.5549
15.6437
15.7326
15.8215
15.9104
15.9992
16.0881
16.177
16.2659
16.3547
16.4436
16.5325
16.6213
16.7102
16.7991
16.8879
16.9768
17.0657
17.1545
17.2434
17.3323
17.4211
17.51
17.5988
17.6877
17.7765
17.8653
17.9541
18.043
18.1317
18.2205
18.3092
18.3979
18.4865
18.5749
18.6629
18.7498
18.8288
10.0444
10.1332
10.2221
10.311
10.3999
10.4888
10.5776
10.6665
10.7554
10.8443
10.9332
11.022
11.1109
11.1998
11.2887
11.3776
11.4664
11.5553
11.6442
11.7331
11.822
11.9108
11.9997
12.0886
12.1775
12.2664
12.3552
12.4441
12.533
12.6219
12.7108
12.7996
12.8885
12.9774
13.0663
13.1552
13.244
13.3329
13.4218
13.5107
13.5996
13.6884
13.7773
13.8662
13.9551
14.0439
14.1328
14.2217
14.3106
14.3995
14.4883
14.5772
14.6661
14.755
14.8439
14.9327
15.0216
15.1105
15.1994
15.2882
15.3771
15.466
15.5549
15.6437
15.7326
15.8215
15.9104
15.9992
16.0881
16.177
16.2659
16.3547
16.4436
16.5325
16.6213
16.7102
16.7991
16.8879
16.9768
17.0657
17.1545
17.2434
17.3323
17.4211
17.51
17.5988
17.6877
17.7765
17.8653
17.9541
18.043
18.1317
18.2205
18.3092
18.3979
18.4865
18.5749
18.6629
18.7498
18.8288
10.0444
10.1332
10.2221
10.311
10.3999
10.4888
10.5776
10.6665
10.7554
10.8443
10.9332
11.022
11.1109
11.1998
11.2887
11.3776
11.4664
11.5553
11.6442
11.7331
11.822
11.9108
11.9997
12.0886
12.1775
12.2664
12.3552
12.4441
12.533
12.6219
12.7108
12.7996
12.8885
12.9774
13.0663
13.1552
13.244
13.3329
13.4218
13.5107
13.5996
13.6884
13.7773
13.8662
13.9551
14.0439
14.1328
14.2217
14.3106
14.3995
14.4883
14.5772
14.6661
14.755
14.8439
14.9327
15.0216
15.1105
15.1994
15.2882
15.3771
15.466
15.5549
15.6437
15.7326
15.8215
15.9104
15.9992
16.0881
16.177
16.2659
16.3547
16.4436
16.5325
16.6213
16.7102
16.7991
16.8879
16.9768
17.0657
17.1545
17.2434
17.3323
17.4211
17.51
17.5988
17.6877
17.7765
17.8653
17.9541
18.043
18.1317
18.2205
18.3092
18.3979
18.4865
18.5749
18.6629
18.7498
18.8288
10.0444
10.1332
10.2221
10.311
10.3999
10.4888
10.5776
10.6665
10.7554
10.8443
10.9332
11.022
11.1109
11.1998
11.2887
11.3776
11.4664
11.5553
11.6442
11.7331
11.822
11.9108
11.9997
12.0886
12.1775
12.2664
12.3552
12.4441
12.533
12.6219
12.7108
12.7996
12.8885
12.9774
13.0663
13.1552
13.244
13.3329
13.4218
13.5107
13.5996
13.6884
13.7773
13.8662
13.9551
14.0439
14.1328
14.2217
14.3106
14.3995
14.4883
14.5772
14.6661
14.755
14.8439
14.9327
15.0216
15.1105
15.1994
15.2882
15.3771
15.466
15.5549
15.6437
15.7326
15.8215
15.9104
15.9992
16.0881
16.177
16.2659
16.3547
16.4436
16.5325
16.6213
16.7102
16.7991
16.8879
16.9768
17.0657
17.1545
17.2434
17.3323
17.4211
17.51
17.5988
17.6877
17.7765
17.8653
17.9541
18.043
18.1317
18.2205
18.3092
18.3979
18.4865
18.5749
18.6629
18.7498
18.8288
10.0444
10.1332
10.2221
10.311
10.3999
10.4888
10.5776
10.6665
10.7554
10.8443
10.9332
11.022
11.1109
11.1998
11.2887
11.3776
11.4664
11.5553
11.6442
11.7331
11.822
11.9108
11.9997
12.0886
12.1775
12.2664
12.3552
12.4441
12.533
12.6219
12.7108
12.7996
12.8885
12.9774
13.0663
13.1552
13.244
13.3329
13.4218
13.5107
13.5996
13.6884
13.7773
13.8662
13.9551
14.0439
14.1328
14.2217
14.3106
14.3995
14.4883
14.5772
14.6661
14.755
14.8439
14.9327
15.0216
15.1105
15.1994
15.2882
15.3771
15.466
15.5549
15.6437
15.7326
15.8215
15.9104
15.9992
16.0881
16.177
16.2659
16.3547
16.4436
16.5325
16.6213
16.7102
16.7991
16.8879
16.9768
17.0657
17.1545
17.2434
17.3323
17.4211
17.51
17.5988
17.6877
17.7765
17.8653
17.9541
18.043
18.1317
18.2205
18.3092
18.3979
18.4865
18.5749
18.6629
18.7498
18.8288
10.0444
10.1332
10.2221
10.311
10.3999
10.4888
10.5776
10.6665
10.7554
10.8443
10.9332
11.022
11.1109
11.1998
11.2887
11.3776
11.4664
11.5553
11.6442
11.7331
11.822
11.9108
11.9997
12.0886
12.1775
12.2664
12.3552
12.4441
12.533
12.6219
12.7108
12.7996
12.8885
12.9774
13.0663
13.1552
13.244
13.3329
13.4218
13.5107
13.5996
13.6884
13.7773
13.8662
13.9551
14.0439
14.1328
14.2217
14.3106
14.3995
14.4883
14.5772
14.6661
14.755
14.8439
14.9327
15.0216
15.1105
15.1994
15.2882
15.3771
15.466
15.5549
15.6437
15.7326
15.8215
15.9104
15.9992
16.0881
16.177
16.2659
16.3547
16.4436
16.5325
16.6213
16.7102
16.7991
16.8879
16.9768
17.0657
17.1545
17.2434
17.3323
17.4211
17.51
17.5988
17.6877
17.7765
17.8653
17.9541
18.043
18.1317
18.2205
18.3092
18.3979
18.4865
18.5749
18.6629
18.7498
18.8288
10.0444
10.1332
10.2221
10.311
10.3999
10.4888
10.5776
10.6665
10.7554
10.8443
10.9332
11.022
11.1109
11.1998
11.2887
11.3776
11.4664
11.5553
11.6442
11.7331
11.822
11.9108
11.9997
12.0886
12.1775
12.2664
12.3552
12.4441
12.533
12.6219
12.7108
12.7996
12.8885
12.9774
13.0663
13.1552
13.244
13.3329
13.4218
13.5107
13.5996
13.6884
13.7773
13.8662
13.9551
14.0439
14.1328
14.2217
14.3106
14.3995
14.4883
14.5772
14.6661
14.755
14.8439
14.9327
15.0216
15.1105
15.1994
15.2882
15.3771
15.466
15.5549
15.6437
15.7326
15.8215
15.9104
15.9992
16.0881
16.177
16.2659
16.3547
16.4436
16.5325
16.6213
16.7102
16.7991
16.8879
16.9768
17.0657
17.1545
17.2434
17.3323
17.4211
17.51
17.5988
17.6877
17.7765
17.8653
17.9541
18.043
18.1317
18.2205
18.3092
18.3979
18.4865
18.5749
18.6629
18.7498
18.8288
10.0444
10.1332
10.2221
10.311
10.3999
10.4888
10.5776
10.6665
10.7554
10.8443
10.9332
11.022
11.1109
11.1998
11.2887
11.3776
11.4664
11.5553
11.6442
11.7331
11.822
11.9108
11.9997
12.0886
12.1775
12.2664
12.3552
12.4441
12.533
12.6219
12.7108
12.7996
12.8885
12.9774
13.0663
13.1552
13.244
13.3329
13.4218
13.5107
13.5996
13.6884
13.7773
13.8662
13.9551
14.0439
14.1328
14.2217
14.3106
14.3995
14.4883
14.5772
14.6661
14.755
14.8439
14.9327
15.0216
15.1105
15.1994
15.2882
15.3771
15.466
15.5549
15.6437
15.7326
15.8215
15.9104
15.9992
16.0881
16.177
16.2659
16.3547
16.4436
16.5325
16.6213
16.7102
16.7991
16.8879
16.9768
17.0657
17.1545
17.2434
17.3323
17.4211
17.51
17.5988
17.6877
17.7765
17.8653
17.9541
18.043
18.1317
18.2205
18.3092
18.3979
18.4865
18.5749
18.6629
18.7498
18.8288
10.0444
10.1332
10.2221
10.311
10.3999
10.4888
10.5776
10.6665
10.7554
10.8443
10.9332
11.022
11.1109
11.1998
11.2887
11.3776
11.4664
11.5553
11.6442
11.7331
11.822
11.9108
11.9997
12.0886
12.1775
12.2664
12.3552
12.4441
12.533
12.6219
12.7108
12.7996
12.8885
12.9774
13.0663
13.1552
13.244
13.3329
13.4218
13.5107
13.5996
13.6884
13.7773
13.8662
13.9551
14.0439
14.1328
14.2217
14.3106
14.3995
14.4883
14.5772
14.6661
14.755
14.8439
14.9327
15.0216
15.1105
15.1994
15.2882
15.3771
15.466
15.5549
15.6437
15.7326
15.8215
15.9104
15.9992
16.0881
16.177
16.2659
16.3547
16.4436
16.5325
16.6213
16.7102
16.7991
16.8879
16.9768
17.0657
17.1545
17.2434
17.3323
17.4211
17.51
17.5988
17.6877
17.7765
17.8653
17.9541
18.043
18.1317
18.2205
18.3092
18.3979
18.4865
18.5749
18.6629
18.7498
18.8288
10.0444
10.1332
10.2221
10.311
10.3999
10.4888
10.5776
10.6665
10.7554
10.8443
10.9332
11.022
11.1109
11.1998
11.2887
11.3776
11.4664
11.5553
11.6442
11.7331
11.822
11.9108
11.9997
12.0886
12.1775
12.2664
12.3552
12.4441
12.533
12.6219
12.7108
12.7996
12.8885
12.9774
13.0663
13.1552
13.244
13.3329
13.4218
13.5107
13.5996
13.6884
13.7773
13.8662
13.9551
14.0439
14.1328
14.2217
14.3106
14.3995
14.4883
14.5772
14.6661
14.755
14.8439
14.9327
15.0216
15.1105
15.1994
15.2882
15.3771
15.466
15.5549
15.6437
15.7326
15.8215
15.9104
15.9992
16.0881
16.177
16.2659
16.3547
16.4436
16.5325
16.6213
16.7102
16.7991
16.8879
16.9768
17.0657
17.1545
17.2434
17.3323
17.4211
17.51
17.5988
17.6877
17.7765
17.8653
17.9541
18.043
18.1317
18.2205
18.3092
18.3979
18.4865
18.5749
18.6629
18.7498
18.8288
10.0444
10.1332
10.2221
10.311
10.3999
10.4888
10.5776
10.6665
10.7554
10.8443
10.9332
11.022
11.1109
11.1998
11.2887
11.3776
11.4664
11.5553
11.6442
11.7331
11.822
11.9108
11.9997
12.0886
12.1775
12.2664
12.3552
12.4441
12.533
12.6219
12.7108
12.7996
12.8885
12.9774
13.0663
13.1552
13.244
13.3329
13.4218
13.5107
13.5996
13.6884
13.7773
13.8662
13.9551
14.0439
14.1328
14.2217
14.3106
14.3995
14.4883
14.5772
14.6661
14.755
14.8439
14.9327
15.0216
15.1105
15.1994
15.2882
15.3771
15.466
15.5549
15.6437
15.7326
15.8215
15.9104
15.9992
16.0881
16.177
16.2659
16.3547
16.4436
16.5325
16.6213
16.7102
16.7991
16.8879
16.9768
17.0657
17.1545
17.2434
17.3323
17.4211
17.51
17.5988
17.6877
17.7765
17.8653
17.9541
18.043
18.1317
18.2205
18.3092
18.3979
18.4865
18.5749
18.6629
18.7498
18.8288
10.0444
10.1332
10.2221
10.311
10.3999
10.4888
10.5776
10.6665
10.7554
10.8443
10.9332
11.022
11.1109
11.1998
11.2887
11.3776
11.4664
11.5553
11.6442
11.7331
11.822
11.9108
11.9997
12.0886
12.1775
12.2664
12.3552
12.4441
12.533
12.6219
12.7108
12.7996
12.8885
12.9774
13.0663
13.1552
13.244
13.3329
13.4218
13.5107
13.5996
13.6884
13.7773
13.8662
13.9551
14.0439
14.1328
14.2217
14.3106
14.3995
14.4883
14.5772
14.6661
14.755
14.8439
14.9327
15.0216
15.1105
15.1994
15.2882
15.3771
15.466
15.5549
15.6437
15.7326
15.8215
15.9104
15.9992
16.0881
16.177
16.2659
16.3547
16.4436
16.5325
16.6213
16.7102
16.7991
16.8879
16.9768
17.0657
17.1545
17.2434
17.3323
17.4211
17.51
17.5988
17.6877
17.7765
17.8653
17.9541
18.043
18.1317
18.2205
18.3092
18.3979
18.4865
18.5749
18.6629
18.7498
18.8288
10.0444
10.1332
10.2221
10.311
10.3999
10.4888
10.5776
10.6665
10.7554
10.8443
10.9332
11.022
11.1109
11.1998
11.2887
11.3776
11.4664
11.5553
11.6442
11.7331
11.822
11.9108
11.9997
12.0886
12.1775
12.2664
12.3552
12.4441
12.533
12.6219
12.7108
12.7996
12.8885
12.9774
13.0663
13.1552
13.244
13.3329
13.4218
13.5107
13.5996
13.6884
13.7773
13.8662
13.9551
14.0439
14.1328
14.2217
14.3106
14.3995
14.4883
14.5772
14.6661
14.755
14.8439
14.9327
15.0216
15.1105
15.1994
15.2882
15.3771
15.466
15.5549
15.6437
15.7326
15.8215
15.9104
15.9992
16.0881
16.177
16.2659
16.3547
16.4436
16.5325
16.6213
16.7102
16.7991
16.8879
16.9768
17.0657
17.1545
17.2434
17.3323
17.4211
17.51
17.5988
17.6877
17.7765
17.8653
17.9541
18.043
18.1317
18.2205
18.3092
18.3979
18.4865
18.5749
18.6629
18.7498
18.8288
10.0444
10.1332
10.2221
10.311
10.3999
10.4888
10.5776
10.6665
10.7554
10.8443
10.9332
11.022
11.1109
11.1998
11.2887
11.3776
11.4664
11.5553
11.6442
11.7331
11.822
11.9108
11.9997
12.0886
12.1775
12.2664
12.3552
12.4441
12.533
12.6219
12.7108
12.7996
12.8885
12.9774
13.0663
13.1552
13.244
13.3329
13.4218
13.5107
13.5996
13.6884
13.7773
13.8662
13.9551
14.0439
14.1328
14.2217
14.3106
14.3995
14.4883
14.5772
14.6661
14.755
14.8439
14.9327
15.0216
15.1105
15.1994
15.2882
15.3771
15.466
15.5549
15.6437
15.7326
15.8215
15.9104
15.9992
16.0881
16.177
16.2659
16.3547
16.4436
16.5325
16.6213
16.7102
16.7991
16.8879
16.9768
17.0657
17.1545
17.2434
17.3323
17.4211
17.51
17.5988
17.6877
17.7765
17.8653
17.9541
18.043
18.1317
18.2205
18.3092
18.3979
18.4865
18.5749
18.6629
18.7498
18.8288
10.0444
10.1332
10.2221
10.311
10.3999
10.4888
10.5776
10.6665
10.7554
10.8443
10.9332
11.022
11.1109
11.1998
11.2887
11.3776
11.4664
11.5553
11.6442
11.7331
11.822
11.9108
11.9997
12.0886
12.1775
12.2664
12.3552
12.4441
12.533
12.6219
12.7108
12.7996
12.8885
12.9774
13.0663
13.1552
13.244
13.3329
13.4218
13.5107
13.5996
13.6884
13.7773
13.8662
13.9551
14.0439
14.1328
14.2217
14.3106
14.3995
14.4883
14.5772
14.6661
14.755
14.8439
14.9327
15.0216
15.1105
15.1994
15.2882
15.3771
15.466
15.5549
15.6437
15.7326
15.8215
15.9104
15.9992
16.0881
16.177
16.2659
16.3547
16.4436
16.5325
16.6213
16.7102
16.7991
16.8879
16.9768
17.0657
17.1545
17.2434
17.3323
17.4211
17.51
17.5988
17.6877
17.7765
17.8653
17.9541
18.043
18.1317
18.2205
18.3092
18.3979
18.4865
18.5749
18.6629
18.7498
18.8288
10.0444
10.1332
10.2221
10.311
10.3999
10.4888
10.5776
10.6665
10.7554
10.8443
10.9332
11.022
11.1109
11.1998
11.2887
11.3776
11.4664
11.5553
11.6442
11.7331
11.822
11.9108
11.9997
12.0886
12.1775
12.2664
12.3552
12.4441
12.533
12.6219
12.7108
12.7996
12.8885
12.9774
13.0663
13.1552
13.244
13.3329
13.4218
13.5107
13.5996
13.6884
13.7773
13.8662
13.9551
14.0439
14.1328
14.2217
14.3106
14.3995
14.4883
14.5772
14.6661
14.755
14.8439
14.9327
15.0216
15.1105
15.1994
15.2882
15.3771
15.466
15.5549
15.6437
15.7326
15.8215
15.9104
15.9992
16.0881
16.177
16.2659
16.3547
16.4436
16.5325
16.6213
16.7102
16.7991
16.8879
16.9768
17.0657
17.1545
17.2434
17.3323
17.4211
17.51
17.5988
17.6877
17.7765
17.8653
17.9541
18.043
18.1317
18.2205
18.3092
18.3979
18.4865
18.5749
18.6629
18.7498
18.8288
10.0444
10.1332
10.2221
10.311
10.3999
10.4888
10.5776
10.6665
10.7554
10.8443
10.9332
11.022
11.1109
11.1998
11.2887
11.3776
11.4664
11.5553
11.6442
11.7331
11.822
11.9108
11.9997
12.0886
12.1775
12.2664
12.3552
12.4441
12.533
12.6219
12.7108
12.7996
12.8885
12.9774
13.0663
13.1552
13.244
13.3329
13.4218
13.5107
13.5996
13.6884
13.7773
13.8662
13.9551
14.0439
14.1328
14.2217
14.3106
14.3995
14.4883
14.5772
14.6661
14.755
14.8439
14.9327
15.0216
15.1105
15.1994
15.2882
15.3771
15.466
15.5549
15.6437
15.7326
15.8215
15.9104
15.9992
16.0881
16.177
16.2659
16.3547
16.4436
16.5325
16.6213
16.7102
16.7991
16.8879
16.9768
17.0657
17.1545
17.2434
17.3323
17.4211
17.51
17.5988
17.6877
17.7765
17.8653
17.9541
18.043
18.1317
18.2205
18.3092
18.3979
18.4865
18.5749
18.6629
18.7498
18.8288
10.0444
10.1332
10.2221
10.311
10.3999
10.4888
10.5776
10.6665
10.7554
10.8443
10.9332
11.022
11.1109
11.1998
11.2887
11.3776
11.4664
11.5553
11.6442
11.7331
11.822
11.9108
11.9997
12.0886
12.1775
12.2664
12.3552
12.4441
12.533
12.6219
12.7108
12.7996
12.8885
12.9774
13.0663
13.1552
13.244
13.3329
13.4218
13.5107
13.5996
13.6884
13.7773
13.8662
13.9551
14.0439
14.1328
14.2217
14.3106
14.3995
14.4883
14.5772
14.6661
14.755
14.8439
14.9327
15.0216
15.1105
15.1994
15.2882
15.3771
15.466
15.5549
15.6437
15.7326
15.8215
15.9104
15.9992
16.0881
16.177
16.2659
16.3547
16.4436
16.5325
16.6213
16.7102
16.7991
16.8879
16.9768
17.0657
17.1545
17.2434
17.3323
17.4211
17.51
17.5988
17.6877
17.7765
17.8653
17.9541
18.043
18.1317
18.2205
18.3092
18.3979
18.4865
18.5749
18.6629
18.7498
18.8288
10.0444
10.1332
10.2221
10.311
10.3999
10.4888
10.5776
10.6665
10.7554
10.8443
10.9332
11.022
11.1109
11.1998
11.2887
11.3776
11.4664
11.5553
11.6442
11.7331
11.822
11.9108
11.9997
12.0886
12.1775
12.2664
12.3552
12.4441
12.533
12.6219
12.7108
12.7996
12.8885
12.9774
13.0663
13.1552
13.244
13.3329
13.4218
13.5107
13.5996
13.6884
13.7773
13.8662
13.9551
14.0439
14.1328
14.2217
14.3106
14.3995
14.4883
14.5772
14.6661
14.755
14.8439
14.9327
15.0216
15.1105
15.1994
15.2882
15.3771
15.466
15.5549
15.6437
15.7326
15.8215
15.9104
15.9992
16.0881
16.177
16.2659
16.3547
16.4436
16.5325
16.6213
16.7102
16.7991
16.8879
16.9768
17.0657
17.1545
17.2434
17.3323
17.4211
17.51
17.5988
17.6877
17.7765
17.8653
17.9541
18.043
18.1317
18.2205
18.3092
18.3979
18.4865
18.5749
18.6629
18.7498
18.8288
10.0444
10.1332
10.2221
10.311
10.3999
10.4888
10.5776
10.6665
10.7554
10.8443
10.9332
11.022
11.1109
11.1998
11.2887
11.3776
11.4664
11.5553
11.6442
11.7331
11.822
11.9108
11.9997
12.0886
12.1775
12.2664
12.3552
12.4441
12.533
12.6219
12.7108
12.7996
12.8885
12.9774
13.0663
13.1552
13.244
13.3329
13.4218
13.5107
13.5996
13.6884
13.7773
13.8662
13.9551
14.0439
14.1328
14.2217
14.3106
14.3995
14.4883
14.5772
14.6661
14.755
14.8439
14.9327
15.0216
15.1105
15.1994
15.2882
15.3771
15.466
15.5549
15.6437
15.7326
15.8215
15.9104
15.9992
16.0881
16.177
16.2659
16.3547
16.4436
16.5325
16.6213
16.7102
16.7991
16.8879
16.9768
17.0657
17.1545
17.2434
17.3323
17.4211
17.51
17.5988
17.6877
17.7765
17.8653
17.9541
18.043
18.1317
18.2205
18.3092
18.3979
18.4865
18.5749
18.6629
18.7498
18.8288
10.0444
10.1332
10.2221
10.311
10.3999
10.4888
10.5776
10.6665
10.7554
10.8443
10.9332
11.022
11.1109
11.1998
11.2887
11.3776
11.4664
11.5553
11.6442
11.7331
11.822
11.9108
11.9997
12.0886
12.1775
12.2664
12.3552
12.4441
12.533
12.6219
12.7108
12.7996
12.8885
12.9774
13.0663
13.1552
13.244
13.3329
13.4218
13.5107
13.5996
13.6884
13.7773
13.8662
13.9551
14.0439
14.1328
14.2217
14.3106
14.3995
14.4883
14.5772
14.6661
14.755
14.8439
14.9327
15.0216
15.1105
15.1994
15.2882
15.3771
15.466
15.5549
15.6437
15.7326
15.8215
15.9104
15.9992
16.0881
16.177
16.2659
16.3547
16.4436
16.5325
16.6213
16.7102
16.7991
16.8879
16.9768
17.0657
17.1545
17.2434
17.3323
17.4211
17.51
17.5988
17.6877
17.7765
17.8653
17.9541
18.043
18.1317
18.2205
18.3092
18.3979
18.4865
18.5749
18.6629
18.7498
18.8288
10.0444
10.1332
10.2221
10.311
10.3999
10.4888
10.5776
10.6665
10.7554
10.8443
10.9332
11.022
11.1109
11.1998
11.2887
11.3776
11.4664
11.5553
11.6442
11.7331
11.822
11.9108
11.9997
12.0886
12.1775
12.2664
12.3552
12.4441
12.533
12.6219
12.7108
12.7996
12.8885
12.9774
13.0663
13.1552
13.244
13.3329
13.4218
13.5107
13.5996
13.6884
13.7773
13.8662
13.9551
14.0439
14.1328
14.2217
14.3106
14.3995
14.4883
14.5772
14.6661
14.755
14.8439
14.9327
15.0216
15.1105
15.1994
15.2882
15.3771
15.466
15.5549
15.6437
15.7326
15.8215
15.9104
15.9992
16.0881
16.177
16.2659
16.3547
16.4436
16.5325
16.6213
16.7102
16.7991
16.8879
16.9768
17.0657
17.1545
17.2434
17.3323
17.4211
17.51
17.5988
17.6877
17.7765
17.8653
17.9541
18.043
18.1317
18.2205
18.3092
18.3979
18.4865
18.5749
18.6629
18.7498
18.8288
)
;

boundaryField
{
    inlet
    {
        type            calculated;
        value           uniform 0;
    }
    flatBed
    {
        type            calculated;
        value           nonuniform List<scalar> 
100
(
0.05
0.15
0.25
0.35
0.45
0.55
0.65
0.75
0.85
0.95
1.05
1.15
1.25
1.35
1.45
1.55
1.65
1.75
1.85
1.95
2.05
2.15
2.25
2.35
2.45
2.55
2.65
2.75
2.85
2.95
3.05
3.15
3.25
3.35
3.45
3.55
3.65
3.75
3.85
3.95
4.05
4.15
4.25
4.35
4.45
4.55
4.65
4.75
4.85
4.95
5.05
5.15
5.25
5.35
5.45
5.55
5.65
5.75
5.85
5.95
6.05
6.15
6.25
6.35
6.45
6.55
6.65
6.75
6.85
6.95
7.05
7.15
7.25
7.35
7.45
7.55
7.65
7.75
7.85
7.95
8.05
8.15
8.25
8.35
8.45
8.55
8.65
8.75
8.85
8.95
9.05
9.15
9.25
9.35
9.45
9.55
9.65
9.75
9.85
9.95
)
;
    }
    slope
    {
        type            calculated;
        value           nonuniform List<scalar> 
100
(
10.0444
10.1333
10.2222
10.3111
10.4
10.4888
10.5777
10.6666
10.7555
10.8444
10.9333
11.0221
11.111
11.1999
11.2888
11.3777
11.4665
11.5554
11.6443
11.7332
11.8221
11.9109
11.9998
12.0887
12.1776
12.2665
12.3553
12.4442
12.5331
12.622
12.7109
12.7998
12.8886
12.9775
13.0664
13.1553
13.2442
13.333
13.4219
13.5108
13.5997
13.6886
13.7774
13.8663
13.9552
14.0441
14.133
14.2218
14.3107
14.3996
14.4885
14.5774
14.6663
14.7551
14.844
14.9329
15.0218
15.1107
15.1995
15.2884
15.3773
15.4662
15.5551
15.6439
15.7328
15.8217
15.9106
15.9995
16.0883
16.1772
16.2661
16.355
16.4439
16.5328
16.6216
16.7105
16.7994
16.8883
16.9772
17.066
17.1549
17.2438
17.3327
17.4216
17.5104
17.5993
17.6882
17.7771
17.866
17.9548
18.0437
18.1326
18.2215
18.3104
18.3993
18.4881
18.577
18.6659
18.7548
18.8437
)
;
    }
    top
    {
        type            calculated;
        value           nonuniform List<scalar> 
200
(
0.05
0.15
0.25
0.35
0.45
0.55
0.65
0.75
0.85
0.95
1.05
1.15
1.25
1.35
1.45
1.55
1.65
1.75
1.85
1.95
2.05
2.15
2.25
2.35
2.45
2.55
2.65
2.75
2.85
2.95
3.05
3.15
3.25
3.35
3.45
3.55
3.65
3.75
3.85
3.95
4.05
4.15
4.25
4.35
4.45
4.55
4.65
4.75
4.85
4.95
5.05
5.15
5.25
5.35
5.45
5.55
5.65
5.75
5.85
5.95
6.05
6.15
6.25
6.35
6.45
6.55
6.65
6.75
6.85
6.95
7.05
7.15
7.25
7.35
7.45
7.55
7.65
7.75
7.85
7.95
8.05
8.15
8.25
8.35
8.45
8.55
8.65
8.75
8.85
8.95
9.05
9.15
9.25
9.35
9.45
9.55
9.65
9.75
9.85
9.95
10.0444
10.1333
10.2222
10.3111
10.4
10.4888
10.5777
10.6666
10.7555
10.8444
10.9333
11.0221
11.111
11.1999
11.2888
11.3777
11.4665
11.5554
11.6443
11.7332
11.8221
11.9109
11.9998
12.0887
12.1776
12.2665
12.3553
12.4442
12.5331
12.622
12.7109
12.7998
12.8886
12.9775
13.0664
13.1553
13.2442
13.333
13.4219
13.5108
13.5997
13.6886
13.7774
13.8663
13.9552
14.0441
14.133
14.2218
14.3107
14.3996
14.4885
14.5774
14.6663
14.7551
14.844
14.9329
15.0218
15.1107
15.1995
15.2884
15.3773
15.4662
15.5551
15.6439
15.7328
15.8217
15.9106
15.9995
16.0883
16.1772
16.2661
16.355
16.4439
16.5328
16.6216
16.7105
16.7994
16.8883
16.9772
17.066
17.1549
17.2438
17.3327
17.4216
17.5104
17.5993
17.6882
17.7771
17.866
17.9548
18.0437
18.1326
18.2215
18.3104
18.3993
18.4881
18.577
18.6659
18.7548
18.8437
)
;
    }
    frontAndBack
    {
        type            empty;
    }
    defaultFaces
    {
        type            empty;
    }
}


// ************************************************************************* //
