/*--------------------------------*- C++ -*----------------------------------*\
| =========                 |                                                 |
| \\      /  F ield         | OpenFOAM: The Open Source CFD Toolbox           |
|  \\    /   O peration     | Version:  2206                                  |
|   \\  /    A nd           | Website:  www.openfoam.com                      |
|    \\/     M anipulation  |                                                 |
\*---------------------------------------------------------------------------*/
FoamFile
{
    version     2.0;
    format      ascii;
    arch        "LSB;label=32;scalar=64";
    class       volScalarField;
    location    "1700";
    object      k;
}
// * * * * * * * * * * * * * * * * * * * * * * * * * * * * * * * * * * * * * //

dimensions      [0 2 -2 0 0 0 0];

internalField   nonuniform List<scalar> 
10000
(
0.290865
0.295456
0.299754
0.303719
0.307313
0.310499
0.313251
0.315577
0.317506
0.318252
0.317661
0.315635
0.312127
0.307133
0.300692
0.292879
0.283798
0.273582
0.262386
0.250379
0.237746
0.224678
0.211368
0.198008
0.184778
0.171844
0.159349
0.147411
0.136118
0.125531
0.115681
0.106578
0.0982087
0.0905485
0.0835609
0.0772035
0.0714312
0.0661984
0.0614601
0.0571738
0.0532987
0.049797
0.0466333
0.0437751
0.0411924
0.0388582
0.0367481
0.0348407
0.0331174
0.0315625
0.0301627
0.0289071
0.0277865
0.0267934
0.0259212
0.025164
0.0245158
0.0239706
0.0235221
0.023164
0.0228895
0.0226918
0.0225644
0.022501
0.0224957
0.0225428
0.0226376
0.0227755
0.0229474
0.0231468
0.023371
0.0236175
0.0238849
0.024172
0.0244792
0.0248075
0.0251528
0.0255089
0.0258733
0.0262433
0.0266163
0.0269896
0.0273601
0.0277244
0.0280786
0.0284181
0.0287375
0.0290302
0.0292879
0.0295007
0.0296557
0.0297366
0.0297222
0.0295846
0.0292872
0.0287797
0.0279896
0.0268155
0.0251704
0.0232795
0.563312
0.571284
0.57918
0.586752
0.593907
0.60057
0.606566
0.611667
0.615645
0.618051
0.618423
0.616465
0.611966
0.604799
0.594922
0.582372
0.567257
0.54975
0.530077
0.50851
0.485358
0.460961
0.435677
0.409875
0.383924
0.358176
0.332956
0.308546
0.28518
0.263035
0.242233
0.222841
0.20488
0.188336
0.173165
0.159302
0.146673
0.135198
0.124794
0.115382
0.106881
0.0992181
0.092321
0.086122
0.080557
0.0755661
0.0710933
0.0670874
0.0635021
0.0602959
0.0574328
0.0548814
0.0526154
0.0506123
0.0488533
0.0473222
0.0460044
0.0448866
0.0439557
0.043199
0.0426034
0.0421558
0.0418435
0.0416537
0.0415745
0.0415945
0.0417032
0.0418899
0.042142
0.0424553
0.0428235
0.0432413
0.0437037
0.0442063
0.0447454
0.0453174
0.0459241
0.0465582
0.0472149
0.0478905
0.0485812
0.0492834
0.0499927
0.0507045
0.0514131
0.0521118
0.0527924
0.0534445
0.054055
0.0546071
0.0550784
0.0554393
0.0556497
0.0556533
0.0553693
0.0546789
0.0534079
0.0512796
0.0477365
0.0416758
0.752347
0.760341
0.768865
0.777375
0.785679
0.793711
0.801285
0.808104
0.813802
0.81789
0.819646
0.818587
0.81436
0.806735
0.795604
0.780976
0.762958
0.741742
0.717589
0.690815
0.661785
0.630899
0.598587
0.5653
0.531498
0.497637
0.464149
0.431429
0.399819
0.369591
0.340953
0.314037
0.288914
0.265601
0.24407
0.224264
0.206106
0.189506
0.174373
0.160612
0.148134
0.13685
0.126675
0.117525
0.10932
0.101981
0.0954327
0.0896022
0.0844205
0.0798234
0.0757518
0.0721528
0.0689795
0.0661909
0.0637517
0.0616314
0.0598037
0.0582451
0.0569347
0.055853
0.0549814
0.0543021
0.053798
0.0534524
0.0532497
0.053175
0.0532147
0.0533514
0.0535756
0.0538785
0.0542518
0.0546883
0.0551814
0.0557255
0.0563154
0.0569463
0.0576152
0.0583204
0.0590546
0.0598129
0.0605906
0.061383
0.0621852
0.0629912
0.0637944
0.0645864
0.0653567
0.0660924
0.0667765
0.0673868
0.067894
0.0682583
0.0684254
0.0683197
0.0678338
0.0668152
0.0650502
0.0622245
0.0577972
0.0509648
0.911231
0.919058
0.928017
0.937544
0.947368
0.957383
0.967334
0.97681
0.985297
0.992182
0.996462
0.99745
0.99464
0.987713
0.976518
0.96106
0.941467
0.917966
0.890855
0.860489
0.827265
0.791612
0.753993
0.714897
0.674832
0.634319
0.593869
0.553969
0.515058
0.477509
0.44162
0.407603
0.375592
0.345653
0.31779
0.291966
0.268114
0.24615
0.225982
0.207518
0.19067
0.175348
0.161469
0.148947
0.137699
0.127637
0.118675
0.110723
0.103692
0.0974943
0.0920463
0.0872685
0.0830882
0.07944
0.076266
0.073516
0.0711466
0.0691205
0.0674051
0.0659718
0.0647949
0.063851
0.0631182
0.0625763
0.0622061
0.06199
0.0619115
0.061951
0.0620966
0.0623374
0.0626634
0.0630658
0.0635367
0.0640689
0.0646562
0.0652927
0.0659731
0.066697
0.0674567
0.0682459
0.0690592
0.0698911
0.0707355
0.0715857
0.0724338
0.07327
0.0740822
0.0748551
0.075569
0.076198
0.0767083
0.0770547
0.0771767
0.0769921
0.0763887
0.0752138
0.0732635
0.0702562
0.0657502
0.0591591
1.05689
1.06492
1.07466
1.08575
1.09792
1.11096
1.12449
1.13788
1.1504
1.16125
1.1691
1.17305
1.17244
1.16689
1.15624
1.14053
1.11996
1.09482
1.06549
1.03235
0.995844
0.95641
0.914511
0.870638
0.825307
0.779061
0.732459
0.686053
0.640367
0.59587
0.552952
0.511917
0.472975
0.43625
0.401795
0.3696
0.33962
0.311782
0.286004
0.262203
0.240301
0.220223
0.201899
0.185258
0.170229
0.156734
0.144688
0.134
0.124569
0.116289
0.109051
0.102746
0.0972715
0.092529
0.0884307
0.0848985
0.0818647
0.0792709
0.0770674
0.0752119
0.0736679
0.0724036
0.0713908
0.0706041
0.0700205
0.0696189
0.06938
0.0692818
0.0693101
0.069452
0.0696959
0.0700311
0.0704483
0.070939
0.0714956
0.072111
0.072779
0.0734964
0.0742579
0.0750558
0.0758832
0.0767337
0.0776003
0.0784752
0.0793495
0.0802121
0.0810495
0.0818447
0.0825763
0.0832163
0.083729
0.0840675
0.0841705
0.0839573
0.083322
0.0821255
0.0801886
0.0772759
0.0730437
0.0670705
1.19139
1.20017
1.21125
1.22465
1.24017
1.25747
1.2759
1.29457
1.31239
1.32826
1.34054
1.34808
1.3501
1.34618
1.33625
1.32043
1.29905
1.27253
1.24133
1.20594
1.16681
1.12441
1.07916
1.03153
0.981984
0.931049
0.879282
0.827263
0.775574
0.724762
0.675308
0.627607
0.581951
0.538537
0.497471
0.458784
0.422454
0.388427
0.356633
0.327003
0.299473
0.27399
0.250506
0.228979
0.209367
0.191621
0.175683
0.161477
0.148911
0.137878
0.128254
0.119906
0.112699
0.106499
0.101179
0.0966247
0.0927335
0.0894175
0.0866016
0.0842226
0.0822277
0.0805722
0.0792181
0.0781327
0.0772874
0.0766566
0.0762163
0.0759427
0.0758192
0.0758305
0.0759629
0.0762042
0.0765433
0.07697
0.0774754
0.0780512
0.0786899
0.0793846
0.080133
0.0809255
0.081754
0.082611
0.0834884
0.0843774
0.085268
0.0861483
0.0870036
0.0878161
0.0885633
0.0892168
0.0897406
0.0900887
0.0902025
0.0900067
0.0894047
0.0882737
0.0864587
0.0837619
0.0799088
0.0745708
1.31143
1.32165
1.33489
1.35163
1.37182
1.39487
1.41976
1.44517
1.46963
1.49148
1.50881
1.52025
1.52494
1.52254
1.51311
1.49696
1.47461
1.44667
1.41374
1.37642
1.33522
1.29061
1.24298
1.19271
1.1402
1.08588
1.03024
0.973862
0.917327
0.861237
0.806148
0.752537
0.700782
0.651156
0.603831
0.558884
0.516324
0.476117
0.438209
0.402545
0.369078
0.337777
0.308621
0.281601
0.256715
0.233959
0.213319
0.194763
0.178236
0.163653
0.150901
0.139842
0.130317
0.122161
0.115205
0.109289
0.104268
0.100013
0.0964118
0.0933722
0.0908163
0.0886801
0.0869108
0.0854644
0.0843037
0.0833973
0.0827131
0.0822267
0.0819175
0.0817677
0.0817615
0.0818843
0.0821232
0.0824664
0.082903
0.0834234
0.0840184
0.0846793
0.0854029
0.0861795
0.0869998
0.0878548
0.0887355
0.0896321
0.0905337
0.0914275
0.0922984
0.0931279
0.0938934
0.0945669
0.0951135
0.0954894
0.0956397
0.0954956
0.0949706
0.0939564
0.0923188
0.0898902
0.0864487
0.0817341
1.41128
1.42385
1.44048
1.46214
1.4889
1.51968
1.55288
1.58668
1.61909
1.64767
1.67032
1.68549
1.69242
1.69095
1.6814
1.66436
1.64062
1.61101
1.57633
1.53731
1.49454
1.4485
1.39952
1.34788
1.29385
1.23772
1.17986
1.12074
1.06093
1.00103
0.941636
0.883304
0.826485
0.771532
0.718689
0.668089
0.619778
0.573745
0.529957
0.488375
0.448973
0.411739
0.376679
0.343817
0.313192
0.284849
0.258833
0.235172
0.213873
0.194905
0.1782
0.163642
0.15108
0.140331
0.131193
0.123463
0.116942
0.111451
0.106831
0.102945
0.099683
0.0969508
0.0946737
0.0927907
0.0912521
0.0900165
0.0890437
0.0883046
0.0877747
0.0874331
0.0872609
0.0872412
0.0873589
0.0875999
0.0879515
0.0884023
0.0889414
0.0895589
0.0902467
0.0909986
0.0918032
0.09265
0.0935287
0.0944287
0.0953382
0.096244
0.0971303
0.0979788
0.0987672
0.0994682
0.100049
0.100467
0.100674
0.100606
0.100185
0.0993169
0.0978839
0.0957431
0.0927115
0.0885749
1.48398
1.50028
1.52233
1.55152
1.58772
1.62892
1.67267
1.71652
1.7579
1.79336
1.82078
1.83871
1.84669
1.84496
1.83421
1.81541
1.78963
1.75799
1.72149
1.68101
1.63722
1.59059
1.54143
1.48987
1.436
1.37991
1.3218
1.26197
1.20087
1.13907
1.07716
1.01574
0.955323
0.896341
0.839121
0.783854
0.730628
0.679463
0.630351
0.583282
0.538254
0.495276
0.454379
0.415615
0.379064
0.344819
0.312981
0.283646
0.256897
0.232782
0.211304
0.192415
0.176003
0.161904
0.149909
0.139781
0.131275
0.124153
0.118199
0.11322
0.109057
0.105578
0.102674
0.10026
0.0982677
0.0966407
0.0953271
0.094291
0.0935026
0.0929363
0.0925699
0.0923832
0.0923582
0.0924786
0.0927294
0.0930967
0.0935679
0.0941313
0.0947757
0.0954955
0.0962779
0.0971112
0.0979839
0.0988843
0.0998
0.100717
0.10162
0.10249
0.103306
0.104041
0.104665
0.105138
0.105415
0.105438
0.105139
0.104432
0.103216
0.101367
0.0987314
0.0951308
1.52152
1.54409
1.57539
1.61662
1.66669
1.72193
1.7787
1.83386
1.88404
1.92503
1.95513
1.97346
1.98021
1.9762
1.96264
1.94089
1.91235
1.87836
1.8401
1.79856
1.75448
1.70836
1.66039
1.6106
1.55885
1.505
1.44898
1.39086
1.33091
1.26957
1.20741
1.145
1.0829
1.02162
0.961579
0.903028
0.846094
0.790834
0.737276
0.685456
0.63541
0.587172
0.540794
0.496362
0.45399
0.413812
0.375983
0.340663
0.30801
0.278159
0.251209
0.227203
0.206114
0.187841
0.172207
0.158976
0.147874
0.138612
0.130908
0.124508
0.119188
0.114761
0.111076
0.10801
0.105469
0.103374
0.101657
0.100273
0.0991833
0.0983566
0.0977655
0.0973858
0.0971962
0.0971771
0.0973108
0.097581
0.0979727
0.098472
0.0990657
0.099746
0.1005
0.101316
0.102179
0.103077
0.103998
0.104926
0.105847
0.106741
0.107588
0.108363
0.109036
0.109572
0.109929
0.110053
0.109884
0.109346
0.108349
0.106787
0.104528
0.101419
1.51303
1.54824
1.59681
1.65804
1.7285
1.80213
1.87391
1.94005
1.99568
2.03791
2.06605
2.08046
2.08231
2.07316
2.05474
2.02876
1.99685
1.96047
1.92088
1.87912
1.83593
1.79177
1.74679
1.70081
1.65351
1.60447
1.5533
1.49976
1.44387
1.38588
1.32623
1.26547
1.20408
1.14268
1.08183
1.02181
0.962773
0.904823
0.848025
0.792502
0.738357
0.685643
0.634434
0.584851
0.537052
0.491207
0.44751
0.406183
0.367449
0.33153
0.298618
0.268865
0.24236
0.219103
0.199003
0.181873
0.167448
0.155413
0.145433
0.137183
0.130366
0.124729
0.120058
0.116185
0.112974
0.110314
0.108118
0.106325
0.104885
0.103757
0.102907
0.102307
0.101929
0.10175
0.10175
0.10191
0.10221
0.102636
0.103172
0.103805
0.104525
0.105318
0.106168
0.107062
0.107987
0.108926
0.109865
0.110785
0.111665
0.112484
0.113211
0.113815
0.114256
0.114487
0.114452
0.114085
0.113304
0.112018
0.110113
0.107457
1.43635
1.5074
1.59007
1.68419
1.78298
1.87823
1.96392
2.03499
2.0871
2.12184
2.1403
2.14452
2.13677
2.11925
2.09403
2.06295
2.02767
1.98957
1.94984
1.90943
1.86901
1.82895
1.7893
1.74973
1.70969
1.66848
1.62539
1.57982
1.53142
1.4802
1.42643
1.37049
1.31273
1.25388
1.19474
1.13553
1.07645
1.01763
0.959155
0.901323
0.84435
0.788284
0.733204
0.679287
0.626764
0.57582
0.526679
0.479625
0.434941
0.392915
0.353832
0.317947
0.285471
0.256542
0.231193
0.209343
0.190793
0.175245
0.162341
0.151699
0.14295
0.135758
0.129836
0.124951
0.120914
0.117565
0.114795
0.112518
0.110668
0.109192
0.108046
0.107193
0.106601
0.106242
0.106091
0.106124
0.106322
0.106664
0.107133
0.107713
0.108394
0.10916
0.109994
0.110881
0.111807
0.112757
0.113713
0.11466
0.115576
0.116439
0.117223
0.117897
0.118424
0.118763
0.118862
0.118662
0.118091
0.117067
0.115493
0.113253
1.26395
1.43145
1.57794
1.71915
1.84932
1.96031
2.0462
2.10421
2.13852
2.15359
2.1532
2.14081
2.11932
2.09116
2.05833
2.02249
1.985
1.947
1.90942
1.87298
1.83818
1.80527
1.77413
1.7443
1.71498
1.68521
1.65392
1.62015
1.58313
1.54255
1.49843
1.45104
1.40075
1.34814
1.29383
1.23824
1.18168
1.12432
1.06613
1.00779
0.949723
0.89186
0.834244
0.77715
0.720975
0.665854
0.61201
0.559843
0.509665
0.461819
0.416676
0.374576
0.335847
0.300772
0.269539
0.242219
0.218735
0.19887
0.182296
0.168608
0.157378
0.14819
0.140672
0.134508
0.129438
0.125244
0.121779
0.118925
0.116594
0.114714
0.113227
0.112086
0.111252
0.11069
0.110368
0.11026
0.110342
0.11059
0.110984
0.111505
0.11214
0.112873
0.113687
0.114565
0.11549
0.116448
0.117422
0.118394
0.119345
0.120253
0.121093
0.121837
0.122451
0.122896
0.123126
0.123086
0.122715
0.121939
0.120673
0.118814
1.0809
1.39772
1.62419
1.80439
1.94276
2.03397
2.08297
2.10076
2.09802
2.08131
2.05538
2.02362
1.98838
1.95137
1.91387
1.8769
1.8413
1.80773
1.77676
1.74882
1.7242
1.70296
1.68488
1.66931
1.65526
1.64146
1.62653
1.60905
1.58786
1.56227
1.53205
1.49726
1.45818
1.41535
1.36933
1.32062
1.26963
1.21667
1.16202
1.10613
1.04935
0.99184
0.933528
0.874857
0.816628
0.758726
0.701293
0.64503
0.590199
0.53717
0.486439
0.438395
0.393454
0.352053
0.314546
0.281179
0.252048
0.227076
0.20603
0.188546
0.174178
0.162447
0.152892
0.145109
0.138733
0.13349
0.129176
0.12563
0.12273
0.120377
0.118497
0.117027
0.115918
0.115126
0.114613
0.114348
0.114299
0.114442
0.114752
0.115207
0.115789
0.116485
0.117274
0.118138
0.119061
0.120024
0.121013
0.122009
0.122992
0.123943
0.124838
0.12565
0.126347
0.126894
0.127249
0.127363
0.12718
0.126635
0.125652
0.124144
1.19078
1.56934
1.77826
1.88272
1.92003
1.91568
1.88963
1.85437
1.81624
1.77808
1.74106
1.7056
1.67186
1.64007
1.61054
1.58368
1.55994
1.53977
1.52355
1.51162
1.50416
1.50123
1.50253
1.50733
1.51442
1.52226
1.52906
1.53295
1.53233
1.52626
1.51433
1.49642
1.47264
1.44337
1.4094
1.37128
1.3295
1.28446
1.23656
1.18623
1.13386
1.0797
1.02396
0.966988
0.909188
0.850617
0.791188
0.732477
0.674372
0.617205
0.561791
0.508485
0.457743
0.410193
0.366342
0.326625
0.291338
0.260581
0.234287
0.212212
0.193959
0.179031
0.166894
0.157049
0.149022
0.142469
0.137111
0.132727
0.129147
0.12624
0.123903
0.122056
0.120634
0.119582
0.118856
0.118414
0.118221
0.118246
0.118461
0.118841
0.119365
0.120017
0.120776
0.121623
0.122538
0.123504
0.124504
0.12552
0.126534
0.127525
0.128471
0.129346
0.130121
0.130764
0.131236
0.131493
0.131484
0.131153
0.130432
0.129244
0.0453559
0.122875
0.230994
0.358277
0.492328
0.621242
0.737003
0.834816
0.912857
0.971722
1.01368
1.04188
1.05975
1.07056
1.07722
1.08216
1.08735
1.09436
1.10437
1.11829
1.13678
1.16022
1.18851
1.22096
1.25624
1.29255
1.32768
1.3588
1.38343
1.40167
1.4134
1.41855
1.41714
1.40925
1.39507
1.37495
1.34933
1.3187
1.28353
1.24432
1.20152
1.15552
1.10667
1.05534
1.00189
0.946592
0.88971
0.831772
0.772906
0.712667
0.653472
0.595394
0.538804
0.484768
0.433905
0.386862
0.344202
0.306221
0.273113
0.244854
0.221204
0.201737
0.185851
0.172941
0.16249
0.154031
0.14717
0.141595
0.137063
0.133389
0.130429
0.128074
0.126235
0.124842
0.123835
0.123163
0.122782
0.122655
0.122747
0.123028
0.123473
0.124062
0.124776
0.125591
0.126487
0.127445
0.128448
0.129477
0.130514
0.131538
0.13253
0.133463
0.134313
0.135047
0.135632
0.136028
0.13619
0.136066
0.1356
0.134724
0.00655197
0.00798082
0.0106102
0.0145882
0.0200984
0.0291653
0.0422648
0.0594703
0.08049
0.104784
0.131714
0.160678
0.191219
0.223087
0.256274
0.291021
0.327808
0.367333
0.410472
0.458208
0.511514
0.571023
0.635886
0.702312
0.769326
0.835786
0.900585
0.963266
1.02356
1.07958
1.12989
1.17346
1.20958
1.23782
1.2579
1.26978
1.27365
1.26987
1.25889
1.24126
1.21753
1.18824
1.15392
1.11508
1.07221
1.02575
0.976142
0.923831
0.869153
0.812433
0.754436
0.695538
0.635623
0.577291
0.520699
0.466552
0.415841
0.369351
0.327717
0.291275
0.260081
0.233903
0.212339
0.194807
0.180671
0.169312
0.160185
0.152837
0.146914
0.142138
0.138301
0.135242
0.132835
0.130982
0.129603
0.128629
0.128005
0.127681
0.127615
0.12777
0.128114
0.12862
0.12927
0.130038
0.130903
0.131843
0.13284
0.133874
0.134928
0.135983
0.137016
0.138006
0.138929
0.139756
0.140457
0.140996
0.141334
0.141427
0.141226
0.140674
0.00600896
0.00604347
0.00610062
0.00616616
0.0062192
0.00629411
0.00641037
0.00659716
0.00689607
0.00736292
0.00806847
0.00909808
0.010552
0.0125486
0.0152323
0.0187878
0.0234619
0.0295956
0.03767
0.0483243
0.0621696
0.0801988
0.104287
0.138644
0.184529
0.242594
0.312564
0.393111
0.481837
0.575209
0.66918
0.759883
0.844167
0.919831
0.985549
1.04067
1.08501
1.11871
1.14209
1.15566
1.16001
1.1558
1.14368
1.12434
1.09844
1.06663
1.0295
0.987647
0.941598
0.891896
0.83914
0.783844
0.726518
0.668104
0.608957
0.550284
0.49391
0.440399
0.390932
0.346233
0.306869
0.27306
0.244705
0.221397
0.202524
0.187383
0.175287
0.16563
0.15791
0.151733
0.146797
0.14287
0.139774
0.13737
0.13555
0.134223
0.133314
0.132762
0.132512
0.13252
0.132745
0.133155
0.133727
0.134436
0.135256
0.136166
0.137145
0.138174
0.139233
0.140304
0.141367
0.1424
0.143381
0.144285
0.145083
0.145745
0.146237
0.146519
0.146551
0.146283
0.00599316
0.00598547
0.00597908
0.00597578
0.0059782
0.0059899
0.0060132
0.00604937
0.00609887
0.00616187
0.00623862
0.00632988
0.00643707
0.00656245
0.0067093
0.00688228
0.00708812
0.00733626
0.00764216
0.00806864
0.00896484
0.010684
0.0138045
0.0192973
0.0285313
0.0432766
0.0656156
0.0977373
0.141594
0.198412
0.268208
0.349465
0.439154
0.533179
0.627096
0.716841
0.799206
0.87199
0.933907
0.984385
1.02336
1.05112
1.06815
1.07508
1.07263
1.06154
1.04256
1.01641
0.983821
0.94548
0.902083
0.854287
0.802767
0.748272
0.691481
0.63326
0.574515
0.51604
0.460523
0.408566
0.361368
0.31962
0.283709
0.253607
0.228917
0.208996
0.193087
0.180444
0.170411
0.162446
0.156123
0.151116
0.147175
0.144107
0.14176
0.140014
0.138773
0.137954
0.13749
0.137326
0.137412
0.13771
0.138185
0.138818
0.139579
0.140444
0.14139
0.142398
0.143448
0.14452
0.145597
0.146656
0.147678
0.148639
0.149514
0.150276
0.150894
0.151336
0.151565
0.151541
0.00599096
0.00598147
0.00597287
0.00596612
0.00596204
0.0059615
0.00596559
0.00597575
0.00599398
0.00602267
0.00606452
0.00612231
0.00619875
0.0062963
0.00641703
0.0065625
0.00673389
0.00693232
0.00715804
0.00741054
0.0076958
0.00803285
0.00848091
0.0091942
0.0104893
0.012917
0.0173412
0.0250101
0.0375872
0.0570932
0.0857164
0.125466
0.177697
0.242614
0.318935
0.403889
0.493615
0.583827
0.670499
0.75034
0.820982
0.880946
0.929483
0.966397
0.991879
1.00638
1.01052
1.005
0.990598
0.968095
0.938288
0.901959
0.859897
0.812899
0.761755
0.707313
0.650469
0.592196
0.533754
0.476218
0.422435
0.373214
0.329583
0.292042
0.260616
0.234914
0.214255
0.19783
0.184846
0.174604
0.16653
0.160174
0.15519
0.15131
0.14833
0.146086
0.144451
0.143318
0.142604
0.142236
0.142158
0.14232
0.142681
0.143218
0.143901
0.144703
0.145599
0.146568
0.147591
0.148647
0.149718
0.150785
0.151828
0.152825
0.153754
0.154591
0.155308
0.155878
0.156269
0.156448
0.0059907
0.0059808
0.0059711
0.00596241
0.00595594
0.00595318
0.0059559
0.00596593
0.00598512
0.00601525
0.00605807
0.00611531
0.00618873
0.00628019
0.00639153
0.00652459
0.00668115
0.00686306
0.00707208
0.00730924
0.0075744
0.00786589
0.0081812
0.00852267
0.0089158
0.0094484
0.0103278
0.011943
0.0149324
0.0202562
0.0292522
0.0436374
0.0654104
0.0966169
0.138973
0.193399
0.259593
0.335824
0.419063
0.505455
0.590952
0.671885
0.745319
0.809164
0.86213
0.903583
0.933393
0.951792
0.959261
0.956446
0.944096
0.923017
0.894048
0.858047
0.815882
0.768445
0.716666
0.66155
0.604225
0.545909
0.488058
0.432579
0.381828
0.336799
0.298089
0.265775
0.239447
0.218375
0.201703
0.188594
0.178317
0.170275
0.163998
0.159125
0.155376
0.152534
0.150429
0.148926
0.147914
0.147306
0.147031
0.147031
0.147257
0.147672
0.148254
0.148971
0.149795
0.150706
0.15168
0.1527
0.153746
0.1548
0.155842
0.156852
0.157811
0.158696
0.159484
0.160151
0.160669
0.161011
0.00599082
0.0059811
0.00597158
0.00596285
0.00595574
0.00595122
0.00595042
0.00595461
0.00596522
0.0059839
0.00601247
0.00605297
0.00610761
0.00617873
0.00626882
0.00638052
0.00651642
0.00667895
0.00687031
0.00709233
0.00734623
0.0076322
0.00794864
0.00829146
0.00865442
0.00903403
0.00944564
0.0099579
0.0107441
0.0121381
0.0146934
0.0192476
0.0269793
0.039424
0.0584107
0.0858799
0.123569
0.172598
0.233045
0.303683
0.381995
0.464518
0.547392
0.626919
0.69997
0.764173
0.817937
0.860357
0.891085
0.910196
0.918068
0.91529
0.902592
0.880791
0.850762
0.813419
0.769721
0.720688
0.667429
0.611172
0.553318
0.495477
0.439144
0.38731
0.341329
0.301932
0.269191
0.24264
0.221494
0.204849
0.191834
0.181695
0.173819
0.167725
0.16304
0.159475
0.156806
0.154859
0.153493
0.152598
0.152087
0.151889
0.151948
0.152217
0.152671
0.153276
0.154005
0.154833
0.155737
0.156697
0.157695
0.158712
0.15973
0.16073
0.161693
0.1626
0.163431
0.164163
0.164774
0.165241
0.00599116
0.00598176
0.00597269
0.00596442
0.00595765
0.00595323
0.00595222
0.00595584
0.00596545
0.00598262
0.00600902
0.00604651
0.00609704
0.00616269
0.00624562
0.00634803
0.00647219
0.00662035
0.00679482
0.00699784
0.00723152
0.00749763
0.00779713
0.00812957
0.00849209
0.0088785
0.00927992
0.00969069
0.0101262
0.0106575
0.0114603
0.0128664
0.0154169
0.0199212
0.0275071
0.0396354
0.0580402
0.0845611
0.120853
0.167997
0.226111
0.294082
0.369568
0.449296
0.529561
0.606745
0.677722
0.740062
0.792082
0.832777
0.861713
0.878897
0.884664
0.879582
0.864381
0.8399
0.807062
0.766871
0.720418
0.668914
0.613722
0.556383
0.498595
0.44232
0.389721
0.343291
0.303743
0.271056
0.244696
0.223817
0.207469
0.194757
0.184915
0.177324
0.171495
0.167052
0.163703
0.16122
0.159427
0.158187
0.15739
0.156952
0.156806
0.156899
0.157189
0.157652
0.158257
0.158974
0.159781
0.160657
0.161582
0.162538
0.163507
0.164471
0.165413
0.166315
0.167159
0.167927
0.168598
0.169154
0.00599166
0.00598261
0.00597401
0.00596622
0.00595977
0.0059553
0.00595364
0.00595572
0.00596267
0.0059758
0.00599665
0.00602694
0.00606864
0.00612386
0.00619492
0.00628423
0.00639428
0.0065276
0.00668667
0.00687395
0.00709173
0.00734213
0.00762689
0.00794718
0.00830299
0.00869233
0.00910992
0.00954638
0.00998998
0.0104355
0.0109063
0.0114917
0.0123949
0.0139809
0.0168264
0.0217738
0.0299729
0.042883
0.0622004
0.0896791
0.126837
0.174582
0.232844
0.300362
0.374717
0.452645
0.530523
0.604849
0.672606
0.731455
0.779774
0.8166
0.841521
0.854562
0.856072
0.846638
0.827021
0.798121
0.760963
0.716707
0.666672
0.612361
0.55549
0.497993
0.441949
0.389193
0.342964
0.303814
0.271672
0.245916
0.225628
0.209824
0.197598
0.188183
0.180962
0.175449
0.171272
0.168139
0.165828
0.164166
0.163019
0.162287
0.161887
0.161757
0.161849
0.162134
0.16258
0.163155
0.163836
0.164599
0.165424
0.166292
0.167186
0.168089
0.168983
0.169854
0.170683
0.171456
0.172155
0.172765
0.00599231
0.00598366
0.00597553
0.00596822
0.00596212
0.00595777
0.00595584
0.00595717
0.0059628
0.00597396
0.0059921
0.00601892
0.0060563
0.00610632
0.0061712
0.00625327
0.00635494
0.00647864
0.00662682
0.00680189
0.00700626
0.00724221
0.00751185
0.00781701
0.00815905
0.00853838
0.00895375
0.00940095
0.00987141
0.0103521
0.0108297
0.0113047
0.011819
0.0124976
0.0135945
0.0155388
0.0189821
0.024847
0.0343566
0.0490158
0.0705099
0.100496
0.14029
0.190496
0.250683
0.319246
0.393521
0.47015
0.545554
0.616382
0.679813
0.733706
0.776611
0.807702
0.826668
0.833609
0.828935
0.813298
0.787555
0.752748
0.710116
0.66111
0.607415
0.550948
0.493818
0.438197
0.38626
0.340764
0.30258
0.271477
0.246709
0.227296
0.212236
0.200628
0.191717
0.184903
0.179713
0.175783
0.172833
0.170651
0.169072
0.167973
0.167258
0.166854
0.166703
0.166763
0.167009
0.167406
0.167926
0.168545
0.16924
0.169993
0.170784
0.171598
0.172418
0.173229
0.174017
0.174766
0.175462
0.176092
0.00599312
0.00598491
0.00597729
0.00597042
0.00596458
0.00596017
0.00595775
0.00595801
0.00596183
0.00597031
0.00598481
0.00600693
0.00603853
0.00608168
0.00613865
0.00621182
0.00630367
0.00641674
0.00655359
0.00671681
0.00690894
0.00713242
0.00738957
0.00768247
0.0080129
0.00838216
0.00879078
0.00923779
0.00971957
0.0102283
0.0107509
0.0112708
0.0117768
0.0122843
0.0128695
0.013714
0.0151489
0.0176985
0.0221268
0.0294771
0.0410824
0.0585133
0.0834342
0.117351
0.161271
0.215347
0.278629
0.349032
0.423566
0.498752
0.571091
0.637443
0.695263
0.742684
0.778493
0.802051
0.813191
0.81213
0.799407
0.775841
0.742523
0.700811
0.652337
0.598998
0.542925
0.48642
0.431831
0.381317
0.337287
0.300677
0.271067
0.247602
0.229266
0.215065
0.204125
0.195724
0.189288
0.18437
0.180625
0.177792
0.175671
0.174112
0.173001
0.172252
0.171797
0.171582
0.171581
0.171756
0.172077
0.172517
0.17305
0.173656
0.174317
0.175014
0.175732
0.176457
0.177174
0.177871
0.178534
0.179155
0.00599407
0.00598652
0.00597961
0.00597332
0.00596789
0.00596378
0.00596158
0.00596197
0.00596582
0.00597418
0.00598838
0.00600996
0.00604069
0.00608252
0.00613756
0.006208
0.00629605
0.00640395
0.00653401
0.00668859
0.00687012
0.00708101
0.00732365
0.00760036
0.00791337
0.00826467
0.00865596
0.00908824
0.00956126
0.0100723
0.0106145
0.0111753
0.011737
0.0122824
0.012811
0.0133683
0.0140867
0.01523
0.0172354
0.0207572
0.0267088
0.0362876
0.0509533
0.0723288
0.101998
0.141201
0.190481
0.249376
0.316282
0.388577
0.462953
0.535878
0.604014
0.664509
0.71514
0.754342
0.781153
0.795151
0.79638
0.785303
0.762769
0.729986
0.688501
0.640176
0.587145
0.531759
0.476468
0.42364
0.375318
0.333499
0.298988
0.271198
0.24921
0.232014
0.21866
0.208329
0.20035
0.194192
0.18944
0.185778
0.182966
0.180823
0.179213
0.17803
0.177196
0.176647
0.176337
0.17624
0.176317
0.176537
0.176873
0.177301
0.1778
0.178352
0.17894
0.179551
0.180171
0.180788
0.18139
0.18197
0.00599615
0.00599214
0.00599087
0.00599248
0.00599754
0.00600673
0.00602062
0.00603975
0.00606459
0.00609564
0.00613334
0.00617809
0.00623026
0.00629027
0.00635859
0.00643586
0.00652291
0.00662097
0.00673182
0.00685788
0.00700219
0.00716835
0.00736041
0.00758273
0.00783975
0.00813576
0.00847471
0.00885991
0.00929365
0.00977655
0.0103065
0.0108771
0.0114759
0.0120841
0.0126808
0.0132553
0.0138327
0.014511
0.0155056
0.0171921
0.0201486
0.0251975
0.0334367
0.0462364
0.0651693
0.0918448
0.127639
0.173348
0.228855
0.292928
0.363251
0.436697
0.509744
0.578911
0.641086
0.693722
0.734926
0.76346
0.778715
0.780668
0.76983
0.747191
0.714171
0.672557
0.624452
0.572199
0.518275
0.465138
0.415025
0.369722
0.330703
0.298592
0.272715
0.252156
0.235965
0.22328
0.21337
0.205631
0.199582
0.194849
0.191144
0.18825
0.186002
0.184272
0.182963
0.181998
0.181317
0.180888
0.180671
0.180629
0.18073
0.180944
0.18125
0.181627
0.182057
0.182527
0.183022
0.183532
0.184046
0.184557
0.00607389
0.00622537
0.00646517
0.0068007
0.00722967
0.0077467
0.00834463
0.00901277
0.00973593
0.0104943
0.011264
0.0120177
0.0127264
0.013361
0.0138947
0.0143051
0.0145761
0.0146997
0.0146762
0.0145149
0.014233
0.0138545
0.0134086
0.0129273
0.0124435
0.011989
0.0115931
0.0112808
0.0110728
0.0109843
0.0110247
0.0111969
0.0114959
0.0119069
0.012405
0.0129583
0.0135385
0.0141437
0.0148353
0.015783
0.0173115
0.0199428
0.024436
0.0318204
0.0434015
0.0607098
0.0853604
0.118807
0.162009
0.215083
0.277057
0.345835
0.418402
0.491208
0.560604
0.623225
0.67626
0.717611
0.745942
0.760663
0.761869
0.750258
0.727037
0.693844
0.652664
0.605746
0.555499
0.504355
0.454598
0.408165
0.366483
0.330442
0.300645
0.276417
0.256918
0.241341
0.228975
0.219185
0.211435
0.205294
0.200422
0.196556
0.193491
0.191069
0.189167
0.18769
0.186565
0.185733
0.185166
0.184814
0.184637
0.184603
0.184683
0.184854
0.185098
0.185399
0.185744
0.186121
0.18652
0.186937
0.0141225
0.021959
0.0307377
0.0402836
0.0500504
0.0597001
0.0690135
0.0777709
0.0857481
0.0927392
0.098567
0.103087
0.106193
0.107822
0.107963
0.106661
0.104005
0.100141
0.095239
0.0894936
0.0831171
0.0763271
0.0693369
0.0623468
0.0555368
0.0490599
0.0430387
0.0375642
0.0326972
0.0284706
0.0248925
0.021951
0.0196168
0.0178468
0.0165859
0.0157687
0.0153238
0.0151824
0.0152961
0.015668
0.0163966
0.0177297
0.0201178
0.0242564
0.0311186
0.0419631
0.0582922
0.0817256
0.113765
0.155462
0.207042
0.26762
0.335108
0.406414
0.477855
0.54566
0.606428
0.657418
0.696689
0.723114
0.73631
0.736552
0.724675
0.701982
0.670166
0.631225
0.587359
0.540846
0.493887
0.448433
0.40605
0.367827
0.334282
0.306125
0.282747
0.263528
0.247962
0.235461
0.225451
0.217444
0.211039
0.205911
0.201802
0.198509
0.195872
0.193769
0.192101
0.190797
0.189818
0.189107
0.18861
0.188289
0.18811
0.188045
0.188074
0.188179
0.188347
0.188565
0.188825
0.189122
0.022568
0.0304462
0.0395424
0.0504103
0.0624593
0.0751645
0.0882769
0.101634
0.115048
0.128323
0.141273
0.153723
0.165501
0.176445
0.186397
0.19523
0.202901
0.208447
0.211665
0.212533
0.211095
0.207463
0.201814
0.19438
0.18544
0.175316
0.164326
0.152784
0.140986
0.129199
0.117649
0.106524
0.0959715
0.086103
0.0769947
0.0686922
0.0612145
0.0545585
0.0487054
0.0436303
0.0393166
0.0357772
0.0330832
0.0313991
0.031021
0.032414
0.0362429
0.0433816
0.0548863
0.0719138
0.0955784
0.126759
0.165887
0.21276
0.266429
0.325187
0.386675
0.448084
0.506432
0.558861
0.60291
0.636714
0.659129
0.669756
0.668905
0.657491
0.636909
0.608869
0.575242
0.537908
0.498648
0.459078
0.420615
0.384471
0.35156
0.322406
0.297939
0.277838
0.261455
0.248194
0.237507
0.228897
0.221944
0.21631
0.211724
0.207975
0.204897
0.20236
0.200263
0.198545
0.197162
0.196058
0.195181
0.194489
0.193952
0.193546
0.193252
0.193057
0.192949
0.192921
0.0181407
0.0170902
0.0161073
0.0150704
0.0141559
0.0134479
0.0129377
0.0126197
0.0124927
0.012554
0.0127994
0.0132261
0.0138324
0.0146181
0.0155826
0.0167073
0.0180226
0.0219784
0.0284136
0.0367285
0.0463763
0.0568811
0.0678447
0.078932
0.0893654
0.0981219
0.104954
0.109718
0.112387
0.11309
0.112036
0.109484
0.105709
0.100984
0.0955666
0.0896885
0.0835564
0.0773488
0.0712167
0.0652853
0.0596583
0.0544253
0.0496744
0.0455091
0.0420711
0.039568
0.0383034
0.0387066
0.0413544
0.0469745
0.0564217
0.0706162
0.0904438
0.116625
0.149567
0.189225
0.234991
0.285644
0.339379
0.393935
0.4468
0.495472
0.537718
0.571784
0.596526
0.611454
0.616691
0.612875
0.601021
0.582377
0.558306
0.530186
0.499364
0.46713
0.434701
0.403181
0.373532
0.346444
0.322299
0.301493
0.284089
0.269621
0.257649
0.24775
0.239547
0.232715
0.226991
0.22216
0.218049
0.214523
0.21147
0.208827
0.206557
0.204611
0.202941
0.201509
0.200286
0.199251
0.198386
0.19768
0.018335
0.0167349
0.015353
0.0141304
0.0130187
0.0120452
0.0111946
0.0104417
0.00976806
0.00916338
0.008621
0.00813598
0.00770489
0.00732603
0.00700029
0.00673367
0.00653687
0.00642858
0.00642325
0.00653475
0.00678333
0.00719763
0.00780833
0.00865692
0.0107014
0.0155171
0.0226925
0.0316649
0.0418365
0.051789
0.0606703
0.0679716
0.0734553
0.0771037
0.0790402
0.0794621
0.0785972
0.076678
0.0739293
0.0705613
0.0667664
0.062719
0.0585777
0.0544915
0.0506098
0.0470973
0.044154
0.0420382
0.0410917
0.0417622
0.0446165
0.0503384
0.0597027
0.073522
0.092564
0.117443
0.148492
0.185642
0.228308
0.275341
0.325059
0.375375
0.42401
0.468742
0.507647
0.539268
0.562702
0.577598
0.584094
0.582715
0.574263
0.559722
0.540181
0.516782
0.490684
0.463018
0.434857
0.407165
0.38075
0.356234
0.334005
0.314193
0.297138
0.282606
0.270266
0.259794
0.250885
0.243271
0.236724
0.231057
0.226117
0.221779
0.217943
0.214546
0.211555
0.208926
0.20662
0.204605
0.202857
0.201355
0.0179385
0.0164348
0.0150559
0.013806
0.0126919
0.0117205
0.0108694
0.0101224
0.00946767
0.00889715
0.00840523
0.0079882
0.00764353
0.00736926
0.00716331
0.00702323
0.00694617
0.00692948
0.00697071
0.00706664
0.00721194
0.00739844
0.00761643
0.00786066
0.00813534
0.00846149
0.00889133
0.00952644
0.0105267
0.0131532
0.0180619
0.0251229
0.0332967
0.0415182
0.0489062
0.0549315
0.0593916
0.0623013
0.063792
0.0640474
0.0632698
0.0616628
0.0594229
0.0567363
0.0537813
0.050733
0.0477741
0.0451092
0.0429838
0.0417049
0.0416619
0.0433426
0.0473392
0.0543388
0.0650921
0.0803575
0.100817
0.126965
0.158982
0.196608
0.239049
0.284965
0.332554
0.379736
0.4244
0.464633
0.498905
0.526164
0.545847
0.557842
0.562409
0.560091
0.551643
0.537957
0.520012
0.498825
0.475411
0.450745
0.425726
0.401135
0.377609
0.355613
0.335446
0.317216
0.301148
0.287154
0.275004
0.264458
0.255285
0.247278
0.240256
0.234069
0.228589
0.223714
0.219359
0.21547
0.212016
0.208961
0.206273
0.203928
0.0178776
0.0163721
0.0149589
0.0137125
0.0126271
0.0116973
0.0109033
0.0102351
0.0096891
0.00926592
0.00896742
0.00879437
0.0087447
0.00881264
0.00898854
0.00925952
0.00961026
0.0100242
0.0104845
0.0109749
0.0114802
0.0119875
0.012487
0.0129739
0.013449
0.0139156
0.0143699
0.0147936
0.0151527
0.0153939
0.0155374
0.0158319
0.0171998
0.0205048
0.025806
0.0323441
0.0390352
0.0449896
0.0497145
0.0530546
0.0550566
0.055865
0.0556636
0.0546465
0.0530064
0.0509302
0.0486026
0.0462129
0.0439677
0.0421071
0.0409232
0.0407797
0.042128
0.0455174
0.0515917
0.0610696
0.0747005
0.093192
0.117105
0.146722
0.181905
0.221987
0.265741
0.311466
0.357178
0.400855
0.440668
0.475145
0.503256
0.524423
0.538475
0.545581
0.546183
0.540917
0.530559
0.515968
0.498044
0.477686
0.455763
0.433078
0.410345
0.388158
0.366983
0.347147
0.32885
0.312152
0.29726
0.284072
0.272422
0.262137
0.253044
0.244989
0.237833
0.23146
0.225771
0.220684
0.216132
0.212071
0.208471
0.205304
0.0176528
0.0161987
0.0148173
0.0136166
0.0126305
0.0118757
0.0113627
0.0111126
0.0111385
0.011438
0.0119917
0.0127653
0.013714
0.0147876
0.0159357
0.0171115
0.0182744
0.0193915
0.0204374
0.0213939
0.0222489
0.0229953
0.0236301
0.0241539
0.0245704
0.0248883
0.0251228
0.0252931
0.0254349
0.0256289
0.025875
0.0260852
0.0261134
0.0258756
0.0258928
0.0270907
0.0300937
0.0346119
0.039646
0.0442122
0.0477466
0.0500746
0.0512485
0.0514211
0.0507781
0.0495093
0.0477988
0.0458273
0.0437797
0.0418578
0.0402963
0.039381
0.0394678
0.0409994
0.0445153
0.0506526
0.0601286
0.0737005
0.0920905
0.115872
0.145319
0.180247
0.219903
0.262961
0.307652
0.352
0.394072
0.432195
0.465074
0.491844
0.512052
0.525608
0.532713
0.533799
0.529461
0.520406
0.507407
0.491265
0.472776
0.452702
0.431751
0.410551
0.389633
0.369426
0.350246
0.332302
0.315713
0.300529
0.286877
0.274649
0.263723
0.253968
0.245257
0.237475
0.230519
0.2243
0.218743
0.213785
0.209374
0.205474
0.0174783
0.0161246
0.0149093
0.0141239
0.013932
0.0144014
0.0155221
0.0172262
0.0193893
0.0218574
0.024477
0.0271133
0.0296595
0.0320371
0.0341932
0.0360964
0.0377316
0.0390959
0.0401951
0.0410413
0.0416507
0.0420438
0.0422444
0.0422814
0.0421879
0.0420175
0.0418886
0.0417764
0.0416412
0.0414024
0.0410249
0.040497
0.0397893
0.038848
0.03764
0.0362955
0.0353223
0.0355905
0.0376508
0.0410023
0.0444787
0.0471814
0.0487811
0.0493191
0.0489805
0.047976
0.0464993
0.0447229
0.0428088
0.0409245
0.0392595
0.0380436
0.0375653
0.0381905
0.0403783
0.0446915
0.0517959
0.0624407
0.0774087
0.0974218
0.122992
0.154237
0.190709
0.231334
0.274509
0.318324
0.360838
0.40031
0.435344
0.464953
0.488547
0.505894
0.517053
0.522316
0.522148
0.517131
0.507927
0.495238
0.479776
0.462242
0.443299
0.423558
0.403559
0.38376
0.364535
0.346165
0.328849
0.312709
0.2978
0.284146
0.2718
0.26067
0.250661
0.241675
0.233619
0.226406
0.219958
0.214209
0.209103
0.20459
0.0174377
0.0171616
0.0180842
0.0206917
0.0248493
0.0300058
0.0355839
0.0411443
0.0463824
0.0511137
0.055247
0.0587545
0.0616461
0.0639533
0.0657187
0.0669893
0.0678135
0.0682389
0.068312
0.0680787
0.0675863
0.0668859
0.0660398
0.0651533
0.064231
0.0632112
0.0619895
0.0605906
0.0590405
0.0573638
0.05558
0.0537006
0.051726
0.0496484
0.0474651
0.0452144
0.043048
0.0413519
0.0408081
0.0419836
0.0444496
0.0468948
0.0483347
0.0485886
0.0479089
0.0466175
0.0449599
0.0431067
0.0411883
0.0393283
0.0376697
0.0363942
0.0357412
0.0360242
0.0376485
0.0411265
0.0470855
0.0562623
0.069469
0.0875087
0.111021
0.140267
0.17492
0.213984
0.255896
0.29878
0.340728
0.380035
0.415339
0.445667
0.470423
0.489337
0.502416
0.509879
0.512106
0.509594
0.502914
0.492682
0.479532
0.464094
0.446974
0.428739
0.409905
0.390923
0.372173
0.353966
0.336538
0.320058
0.304636
0.290332
0.277163
0.265103
0.254142
0.244247
0.235339
0.227337
0.220171
0.213776
0.208097
0.203083
0.0238625
0.0326861
0.043568
0.0550294
0.0658065
0.0751717
0.0829685
0.0892772
0.094244
0.0980278
0.100781
0.10264
0.103727
0.104148
0.103994
0.103346
0.102274
0.100844
0.0991137
0.0971449
0.0950057
0.0927933
0.0904444
0.0878679
0.0850705
0.0821032
0.079011
0.0758362
0.0726167
0.0693849
0.0661655
0.0629762
0.0598275
0.0567283
0.0536952
0.050772
0.0480596
0.0457786
0.044357
0.0443951
0.0460422
0.0481021
0.0489352
0.0482134
0.0464933
0.0445105
0.0425502
0.040618
0.0387494
0.0370099
0.0355019
0.0343652
0.0338361
0.0341955
0.0358227
0.0392112
0.0449807
0.0538791
0.0667534
0.0844563
0.107659
0.136594
0.170837
0.209275
0.250281
0.292001
0.332633
0.370609
0.404703
0.434073
0.458215
0.476908
0.490161
0.49817
0.501272
0.499908
0.494581
0.485838
0.474241
0.46035
0.444711
0.427834
0.410193
0.392206
0.374238
0.356592
0.339512
0.323183
0.307741
0.293271
0.279821
0.267408
0.256023
0.245639
0.236212
0.227692
0.22002
0.213151
0.207049
0.201661
0.0771266
0.0998274
0.115715
0.127388
0.13596
0.142085
0.146246
0.148816
0.150086
0.150284
0.149598
0.148182
0.146166
0.143654
0.140729
0.137462
0.133912
0.130133
0.126188
0.12215
0.117965
0.113561
0.109016
0.104391
0.0997361
0.0950981
0.0905151
0.0860184
0.0816321
0.0773745
0.0732573
0.0692868
0.0654642
0.0617887
0.058267
0.0549418
0.0520491
0.0497818
0.0483866
0.0478943
0.047874
0.0476035
0.0465673
0.0448274
0.0427708
0.0407742
0.0389425
0.0372405
0.0356752
0.0342982
0.0332056
0.0325442
0.0325403
0.0334822
0.0357565
0.0398679
0.0464519
0.0562729
0.0701789
0.0889768
0.11321
0.142903
0.177405
0.215449
0.255401
0.295546
0.334325
0.370306
0.401981
0.429039
0.451182
0.468285
0.480392
0.487691
0.490501
0.489222
0.484313
0.476262
0.465569
0.452732
0.438231
0.42252
0.406017
0.389098
0.372091
0.355277
0.338886
0.3231
0.308056
0.293852
0.28055
0.268183
0.256761
0.246274
0.236699
0.228003
0.220149
0.213096
0.206803
0.201227
0.182595
0.195724
0.202956
0.206704
0.208051
0.207593
0.205743
0.202827
0.199103
0.194764
0.189957
0.1848
0.179435
0.173903
0.168236
0.16247
0.156655
0.150834
0.144985
0.139061
0.133125
0.127214
0.121361
0.115593
0.10993
0.104384
0.0989581
0.0936463
0.0884373
0.0833155
0.0782654
0.0732815
0.0683821
0.0636295
0.0591452
0.0551041
0.0516866
0.0489622
0.0468783
0.0452756
0.0439137
0.04254
0.0410118
0.0393677
0.037744
0.0362547
0.0349249
0.0337506
0.0327657
0.0320467
0.0317166
0.0319546
0.0330108
0.0352116
0.0389837
0.0448678
0.0535186
0.0656752
0.0820753
0.103295
0.129537
0.160462
0.195155
0.232275
0.270291
0.307697
0.343142
0.375469
0.403806
0.427806
0.447279
0.462167
0.472476
0.478278
0.480022
0.47812
0.472993
0.465084
0.454841
0.442703
0.42909
0.414396
0.39898
0.38317
0.36725
0.351466
0.336022
0.321083
0.306777
0.293199
0.280416
0.268466
0.257369
0.247128
0.237731
0.22916
0.221388
0.214385
0.208118
0.202556
0.276183
0.274836
0.270984
0.265268
0.258408
0.250906
0.243093
0.235177
0.227276
0.219445
0.211701
0.20405
0.196505
0.189068
0.181726
0.17442
0.167152
0.159898
0.152665
0.145452
0.138257
0.131079
0.123914
0.116761
0.109622
0.102511
0.095457
0.0885078
0.0817317
0.0752152
0.0690568
0.063356
0.0581998
0.0536523
0.0497476
0.0464862
0.0438322
0.0417099
0.0400141
0.0386234
0.0374177
0.036303
0.0352376
0.0342364
0.0333427
0.0325979
0.0320332
0.0316937
0.031659
0.0320508
0.0330391
0.0348526
0.0377891
0.0422248
0.0486217
0.0575225
0.0695208
0.0851945
0.104994
0.129099
0.157287
0.188891
0.222863
0.257943
0.292831
0.326327
0.357409
0.38528
0.409416
0.429563
0.445612
0.457556
0.465468
0.469528
0.469987
0.46714
0.461454
0.453383
0.443341
0.431711
0.418856
0.405109
0.390773
0.376121
0.361392
0.346793
0.332496
0.318642
0.305342
0.292681
0.280719
0.269495
0.259033
0.249339
0.240411
0.232237
0.224799
0.218075
0.212041
0.206673
0.293806
0.288624
0.280251
0.270233
0.259555
0.248763
0.238134
0.227779
0.217706
0.207871
0.198199
0.18861
0.179078
0.169708
0.160536
0.151584
0.142808
0.134197
0.12576
0.117523
0.109514
0.101764
0.0943086
0.0871873
0.0804389
0.0741013
0.0682087
0.0627899
0.0578661
0.0534499
0.049544
0.0461409
0.0432229
0.0407626
0.0387244
0.0370653
0.0357363
0.0346847
0.0338581
0.0332091
0.0327015
0.0323168
0.0320579
0.0319493
0.0320309
0.0323553
0.0329919
0.0340359
0.0356182
0.0379107
0.0411326
0.0455557
0.051507
0.0593662
0.0695521
0.0824928
0.0985729
0.118059
0.141012
0.167212
0.196128
0.226954
0.258709
0.290355
0.320909
0.349517
0.375497
0.398357
0.417795
0.433672
0.445955
0.454692
0.459999
0.462053
0.46106
0.457194
0.450865
0.442554
0.43265
0.421489
0.409375
0.396584
0.383365
0.369939
0.356498
0.343209
0.330211
0.317619
0.305523
0.293995
0.283083
0.272824
0.263236
0.254329
0.246103
0.238549
0.231655
0.225403
0.219776
0.214756
0.230146
0.220911
0.208883
0.19633
0.184021
0.172274
0.161227
0.15091
0.141314
0.13241
0.124159
0.116523
0.109423
0.10272
0.0963763
0.090377
0.0847085
0.0793602
0.0743237
0.0695936
0.065167
0.0610423
0.0572185
0.0536949
0.0504698
0.047541
0.0449048
0.0425562
0.0404885
0.0386936
0.0371618
0.0358821
0.0348421
0.034029
0.0334295
0.0330309
0.0328217
0.0327933
0.0329415
0.0332686
0.033786
0.0345169
0.0354977
0.03678
0.0384318
0.0405396
0.0432125
0.0465864
0.0508273
0.0561332
0.0627339
0.070887
0.0808688
0.0929579
0.107408
0.124413
0.144057
0.166277
0.19082
0.217237
0.244911
0.273106
0.301047
0.32799
0.353276
0.376365
0.396854
0.414474
0.42908
0.440627
0.449144
0.454715
0.457465
0.457542
0.455083
0.45017
0.443258
0.434795
0.425114
0.414498
0.403194
0.391426
0.379389
0.367257
0.35518
0.343286
0.331684
0.320462
0.30969
0.299422
0.289698
0.280542
0.271972
0.263994
0.256607
0.249805
0.243575
0.237906
0.232781
0.228184
0.114687
0.10898
0.102937
0.0972852
0.092101
0.0873459
0.0829671
0.078925
0.0751846
0.0717149
0.068489
0.0654842
0.0626804
0.0600591
0.0576068
0.0553133
0.0531709
0.0511745
0.0493207
0.0476075
0.0460339
0.0445999
0.0433063
0.0421541
0.0411452
0.0402815
0.0395656
0.0390003
0.0385889
0.0383353
0.0382439
0.0383201
0.0385707
0.0390037
0.0396293
0.0404604
0.0415132
0.0428084
0.0443723
0.0462381
0.0484472
0.0510514
0.0541134
0.0577091
0.0619285
0.0668768
0.0726754
0.0794612
0.087385
0.0966075
0.107292
0.119596
0.133654
0.14956
0.167347
0.186968
0.208269
0.230986
0.254745
0.279079
0.303462
0.32735
0.350221
0.371608
0.391124
0.408472
0.423449
0.43594
0.445902
0.453356
0.458365
0.461021
0.461424
0.459656
0.455727
0.449882
0.442561
0.434106
0.424781
0.41481
0.404389
0.393688
0.382857
0.372027
0.361309
0.350799
0.340576
0.330705
0.321235
0.312206
0.303645
0.29557
0.28799
0.28091
0.274326
0.268232
0.262617
0.25747
0.252776
0.248521
0.0951208
0.0924491
0.0896942
0.0870802
0.0846212
0.0823112
0.080142
0.0781066
0.0761986
0.0744128
0.072745
0.0711921
0.0697521
0.0684239
0.0672071
0.0661023
0.0651104
0.0642334
0.0634737
0.0628347
0.0623203
0.0619353
0.0616856
0.0615775
0.0616188
0.0618179
0.0621846
0.0627299
0.063466
0.0644069
0.0655681
0.0669674
0.0686244
0.0705617
0.0728044
0.0753813
0.0783246
0.081671
0.085462
0.0897442
0.0945701
0.0999983
0.106094
0.112927
0.120574
0.129115
0.138633
0.149207
0.160913
0.173811
0.187945
0.20333
0.219943
0.237713
0.256518
0.276175
0.296443
0.317028
0.337597
0.357794
0.377263
0.395667
0.412706
0.428131
0.441751
0.453436
0.46311
0.470752
0.476381
0.480047
0.481814
0.481744
0.479872
0.476144
0.470766
0.464088
0.456402
0.447946
0.438918
0.429486
0.419794
0.409968
0.400116
0.39033
0.380691
0.371266
0.362108
0.353263
0.344763
0.336635
0.328896
0.321557
0.314623
0.308093
0.301966
0.296233
0.290886
0.285914
0.281306
0.277051
0.16783
0.166173
0.164343
0.162532
0.160772
0.159069
0.15743
0.155861
0.154367
0.152955
0.151632
0.150404
0.14928
0.148266
0.147372
0.146605
0.145975
0.145491
0.145164
0.145004
0.145024
0.145235
0.145652
0.146287
0.147157
0.148279
0.149669
0.151346
0.153331
0.155644
0.15831
0.161351
0.164794
0.168666
0.172995
0.177812
0.183147
0.189033
0.195504
0.202591
0.21033
0.218751
0.227886
0.237763
0.248405
0.259827
0.272036
0.285028
0.298781
0.313257
0.328394
0.344106
0.360279
0.376773
0.39342
0.410028
0.426389
0.442281
0.457484
0.471783
0.484983
0.496914
0.507435
0.516445
0.523875
0.529694
0.5339
0.536519
0.537589
0.537156
0.535248
0.531865
0.526931
0.520709
0.513462
0.505397
0.496706
0.487553
0.478077
0.468393
0.458604
0.448795
0.439041
0.429405
0.41994
0.410691
0.401693
0.392974
0.384558
0.376458
0.368685
0.361246
0.354143
0.347374
0.340936
0.334823
0.32903
0.323547
0.318366
0.31348
0.302168
0.302656
0.303261
0.303904
0.304571
0.305263
0.305986
0.306745
0.30755
0.308408
0.309328
0.310322
0.311398
0.312569
0.313846
0.315243
0.316774
0.318452
0.320293
0.322313
0.324528
0.326958
0.329619
0.332532
0.335715
0.339189
0.342976
0.347095
0.351569
0.356418
0.361663
0.367324
0.37342
0.379969
0.386986
0.394484
0.402474
0.410962
0.419951
0.42944
0.439418
0.449874
0.460784
0.47212
0.483843
0.495905
0.508247
0.520801
0.533485
0.546206
0.55886
0.571333
0.583501
0.595236
0.606404
0.61687
0.626506
0.635188
0.642806
0.649266
0.654489
0.658418
0.661017
0.662269
0.662178
0.660762
0.658054
0.65409
0.648909
0.642539
0.634942
0.626189
0.616566
0.60626
0.595417
0.584178
0.572664
0.560984
0.549228
0.537472
0.525784
0.51422
0.502827
0.491645
0.480706
0.470038
0.45966
0.449591
0.43984
0.430416
0.421324
0.412565
0.404138
0.39604
0.388267
0.380814
0.373675
0.366843
0.360311
0.354074
0.442539
0.445642
0.449554
0.453729
0.458037
0.462451
0.466969
0.471594
0.476335
0.481199
0.486193
0.491327
0.49661
0.502052
0.507664
0.513455
0.519437
0.525623
0.532024
0.538652
0.54552
0.552641
0.560027
0.56769
0.575642
0.583893
0.592454
0.601332
0.610535
0.620067
0.629928
0.640118
0.65063
0.661454
0.672575
0.683973
0.695619
0.707481
0.719518
0.731681
0.743914
0.756154
0.768329
0.780362
0.792167
0.803652
0.814723
0.825279
0.835217
0.844436
0.852832
0.860309
0.866771
0.872135
0.876323
0.879269
0.880922
0.881242
0.880206
0.877801
0.874033
0.868916
0.862479
0.854757
0.845794
0.835636
0.824327
0.811912
0.798439
0.783889
0.768527
0.752726
0.736623
0.720327
0.703941
0.687559
0.671262
0.655119
0.639188
0.623518
0.608148
0.593112
0.578436
0.56414
0.550242
0.536752
0.523678
0.511024
0.498793
0.486982
0.47559
0.464612
0.454041
0.443871
0.434092
0.424698
0.415679
0.407025
0.398728
0.390781
0.531278
0.536134
0.542377
0.549114
0.556115
0.563324
0.570735
0.57835
0.586177
0.594226
0.602505
0.611024
0.619793
0.628823
0.638124
0.647705
0.657578
0.667751
0.678236
0.68904
0.700173
0.711641
0.72345
0.735606
0.74811
0.760963
0.774161
0.787698
0.801564
0.815744
0.830218
0.844961
0.859941
0.875118
0.890445
0.905868
0.921324
0.936741
0.952039
0.967129
0.981915
0.996292
1.01015
1.02338
1.03585
1.04745
1.05806
1.06756
1.07583
1.08279
1.08832
1.09235
1.09482
1.09565
1.09483
1.09233
1.08814
1.08228
1.07478
1.06567
1.05502
1.04287
1.0293
1.01438
0.998168
0.980728
0.962118
0.942394
0.921599
0.89989
0.87797
0.856015
0.834122
0.812386
0.790895
0.769722
0.748927
0.72856
0.70866
0.689259
0.670381
0.652043
0.634256
0.617028
0.600363
0.58426
0.568715
0.553724
0.539279
0.525371
0.511989
0.499121
0.486756
0.47488
0.463481
0.452544
0.442057
0.432005
0.422377
0.413159
0.0231569
0.0231434
0.023125
0.0231026
0.0230764
0.0230467
0.0230137
0.0229774
0.022938
0.0228957
0.0228506
0.0228027
0.0227522
0.0226991
0.0226434
0.0225852
0.0225246
0.0224615
0.0223959
0.022328
0.0222577
0.0221849
0.0221098
0.0220322
0.0219522
0.0218697
0.0217848
0.0216974
0.0216075
0.0215151
0.0214202
0.0213227
0.0212226
0.0211199
0.0210146
0.0209067
0.0207961
0.0206829
0.020567
0.0204484
0.020327
0.020203
0.0200762
0.0199467
0.0198145
0.0196795
0.0195418
0.0194013
0.0192581
0.0191121
0.0189634
0.018812
0.0186577
0.0185008
0.0183411
0.0181786
0.0180134
0.0178454
0.0176747
0.0175012
0.017325
0.0171459
0.016964
0.0167793
0.0165917
0.0164012
0.0162077
0.0160112
0.0158116
0.0156089
0.0154029
0.0151935
0.0149806
0.0147641
0.0145438
0.0143195
0.0140909
0.0138579
0.01362
0.013377
0.0131283
0.0128736
0.0126121
0.0123433
0.0120663
0.0117801
0.0114835
0.0111749
0.0108526
0.0105141
0.0101564
0.00977554
0.00936594
0.00891999
0.00842647
0.00786812
0.00721656
0.00642203
0.00539946
0.00429997
0.030779
0.0305064
0.0302481
0.0300025
0.0297685
0.0295454
0.0293323
0.0291285
0.0289332
0.0287458
0.0285655
0.0283917
0.0282238
0.0280613
0.0279035
0.0277501
0.0276004
0.0274542
0.0273109
0.0271701
0.0270316
0.0268949
0.0267597
0.0266258
0.0264928
0.0263606
0.0262288
0.0260974
0.0259659
0.0258344
0.0257026
0.0255704
0.0254376
0.025304
0.0251697
0.0250344
0.0248981
0.0247607
0.0246221
0.0244822
0.024341
0.0241984
0.0240543
0.0239088
0.0237617
0.0236131
0.0234628
0.0233109
0.0231574
0.0230021
0.0228451
0.0226863
0.0225257
0.0223634
0.0221991
0.022033
0.021865
0.021695
0.021523
0.0213489
0.0211727
0.0209943
0.0208136
0.0206306
0.0204452
0.0202571
0.0200664
0.0198728
0.0196762
0.0194764
0.0192731
0.0190663
0.0188554
0.0186404
0.0184207
0.018196
0.0179659
0.0177298
0.0174872
0.0172373
0.0169794
0.0167126
0.0164358
0.0161478
0.0158473
0.0155325
0.0152013
0.0148513
0.0144795
0.0140821
0.0136542
0.0131895
0.0126794
0.0121119
0.0114693
0.010724
0.00982875
0.00869299
0.00712228
0.00498447
0.0411006
0.0407075
0.0403386
0.0399905
0.0396617
0.0393509
0.0390568
0.0387781
0.0385135
0.0382618
0.0380221
0.0377931
0.0375739
0.0373635
0.0371611
0.0369658
0.0367769
0.0365937
0.0364155
0.0362416
0.0360715
0.0359048
0.0357408
0.0355792
0.0354196
0.0352616
0.0351049
0.0349491
0.0347941
0.0346395
0.034485
0.0343306
0.034176
0.0340211
0.0338656
0.0337095
0.0335526
0.0333948
0.0332359
0.033076
0.0329149
0.0327525
0.0325887
0.0324235
0.0322568
0.0320885
0.0319186
0.0317469
0.0315734
0.0313981
0.0312208
0.0310415
0.0308601
0.0306765
0.0304906
0.0303023
0.0301115
0.0299181
0.0297219
0.0295228
0.0293206
0.0291151
0.0289063
0.0286938
0.0284774
0.0282568
0.0280319
0.0278023
0.0275677
0.0273277
0.0270819
0.0268298
0.0265711
0.026305
0.0260312
0.0257488
0.0254572
0.0251555
0.0248429
0.0245182
0.0241803
0.0238278
0.0234591
0.0230726
0.022666
0.0222369
0.0217824
0.0212989
0.020782
0.0202262
0.0196245
0.0189679
0.0182438
0.0174349
0.0165153
0.0154442
0.01415
0.0124904
0.0101227
0.00632414
0.0508336
0.0503784
0.0499521
0.0495507
0.0491723
0.0488154
0.0484784
0.0481597
0.0478578
0.0475715
0.0472993
0.0470401
0.0467927
0.0465559
0.0463287
0.0461102
0.0458995
0.0456957
0.0454981
0.0453059
0.0451184
0.0449352
0.0447555
0.0445788
0.0444048
0.0442329
0.0440627
0.0438939
0.0437261
0.043559
0.0433923
0.0432258
0.0430591
0.0428921
0.0427245
0.0425562
0.042387
0.0422166
0.042045
0.0418719
0.0416973
0.0415209
0.0413427
0.0411625
0.0409801
0.0407955
0.0406085
0.0404189
0.0402267
0.0400317
0.0398337
0.0396327
0.0394284
0.0392206
0.0390093
0.0387943
0.0385753
0.0383521
0.0381245
0.0378924
0.0376554
0.0374133
0.0371659
0.0369127
0.0366535
0.036388
0.0361157
0.0358363
0.0355492
0.035254
0.0349503
0.0346373
0.0343145
0.0339811
0.0336364
0.0332796
0.0329097
0.0325256
0.0321262
0.0317102
0.031276
0.0308219
0.0303459
0.0298458
0.029319
0.0287622
0.0281717
0.0275431
0.0268706
0.0261474
0.0253646
0.0245103
0.0235689
0.0225179
0.0213244
0.0199356
0.0182597
0.0161124
0.0130444
0.00802553
0.060084
0.059599
0.0591448
0.058717
0.0583137
0.0579334
0.0575744
0.057235
0.0569138
0.0566092
0.05632
0.0560447
0.0557821
0.0555311
0.0552905
0.0550592
0.0548363
0.054621
0.0544122
0.0542093
0.0540114
0.053818
0.0536283
0.0534418
0.053258
0.0530763
0.0528963
0.0527175
0.0525396
0.0523621
0.0521847
0.0520072
0.0518291
0.0516503
0.0514705
0.0512894
0.0511068
0.0509224
0.0507361
0.0505477
0.050357
0.0501637
0.0499678
0.0497689
0.049567
0.0493619
0.0491534
0.0489413
0.0487254
0.0485056
0.0482816
0.0480534
0.0478206
0.047583
0.0473405
0.0470928
0.0468397
0.0465809
0.0463161
0.0460451
0.0457675
0.0454831
0.0451914
0.0448922
0.044585
0.0442693
0.0439448
0.0436109
0.0432671
0.0429128
0.0425473
0.0421699
0.04178
0.0413766
0.0409589
0.0405258
0.0400761
0.0396087
0.0391221
0.0386147
0.0380847
0.03753
0.0369483
0.0363369
0.0356924
0.0350113
0.0342889
0.0335198
0.0326972
0.0318127
0.0308556
0.0298117
0.0286619
0.0273791
0.0259232
0.0242302
0.0221885
0.0195731
0.0158303
0.00962603
0.0686628
0.0681666
0.0677018
0.067264
0.0668514
0.0664622
0.0660947
0.0657474
0.0654187
0.0651071
0.0648111
0.0645294
0.0642608
0.0640038
0.0637575
0.0635207
0.0632924
0.0630716
0.0628574
0.062649
0.0624457
0.0622466
0.062051
0.0618585
0.0616683
0.06148
0.061293
0.0611069
0.0609212
0.0607355
0.0605494
0.0603626
0.0601747
0.0599855
0.0597946
0.0596018
0.0594068
0.0592093
0.0590091
0.0588059
0.0585996
0.0583899
0.0581767
0.0579596
0.0577385
0.0575132
0.0572834
0.057049
0.0568097
0.0565654
0.0563157
0.0560605
0.0557995
0.0555325
0.0552592
0.0549793
0.0546926
0.0543987
0.0540974
0.0537882
0.0534709
0.053145
0.0528102
0.052466
0.0521119
0.0517475
0.0513722
0.0509854
0.0505865
0.0501748
0.0497495
0.04931
0.0488552
0.0483842
0.0478959
0.0473892
0.0468627
0.046315
0.0457444
0.0451491
0.0445271
0.0438758
0.0431926
0.0424744
0.0417173
0.040917
0.0400683
0.0391649
0.0381988
0.0371604
0.0360371
0.0348124
0.0334641
0.0319606
0.030255
0.0282728
0.0258833
0.0228226
0.0184387
0.0111248
0.07672
0.0762263
0.0757635
0.0753272
0.0749156
0.074527
0.0741599
0.0738127
0.0734837
0.0731716
0.0728749
0.0725922
0.0723223
0.0720639
0.0718159
0.0715771
0.0713465
0.0711232
0.0709061
0.0706945
0.0704876
0.0702845
0.0700847
0.0698874
0.0696921
0.0694981
0.069305
0.0691122
0.0689193
0.0687258
0.0685314
0.0683357
0.0681382
0.0679387
0.0677369
0.0675324
0.067325
0.0671143
0.0669002
0.0666822
0.0664603
0.0662341
0.0660035
0.0657681
0.0655277
0.0652821
0.0650311
0.0647743
0.0645117
0.0642428
0.0639675
0.0636855
0.0633965
0.0631002
0.0627964
0.0624847
0.0621647
0.0618362
0.0614988
0.0611521
0.0607956
0.060429
0.0600518
0.0596635
0.0592636
0.0588514
0.0584265
0.0579881
0.0575354
0.0570679
0.0565845
0.0560844
0.0555667
0.0550301
0.0544736
0.0538957
0.053295
0.0526698
0.0520184
0.0513386
0.050628
0.0498841
0.0491037
0.0482832
0.0474185
0.0465046
0.0455356
0.0445044
0.0434021
0.0422178
0.0409372
0.0395418
0.0380062
0.0362949
0.0343546
0.0321007
0.0293846
0.0259058
0.0209175
0.012541
0.0843037
0.0838219
0.0833697
0.0829429
0.0825398
0.0821588
0.0817984
0.081457
0.0811332
0.0808255
0.0805325
0.0802529
0.0799854
0.0797289
0.0794821
0.079244
0.0790136
0.0787898
0.0785719
0.0783588
0.0781498
0.0779442
0.0777412
0.0775402
0.0773406
0.0771417
0.0769431
0.0767442
0.0765446
0.0763438
0.0761413
0.0759369
0.07573
0.0755204
0.0753077
0.0750916
0.0748718
0.074648
0.0744198
0.0741871
0.0739495
0.0737068
0.0734586
0.0732048
0.0729451
0.0726792
0.0724068
0.0721278
0.0718417
0.0715483
0.0712474
0.0709386
0.0706216
0.0702961
0.0699618
0.0696183
0.0692653
0.0689024
0.0685291
0.068145
0.0677498
0.0673428
0.0669236
0.0664916
0.0660463
0.065587
0.0651131
0.0646237
0.0641182
0.0635956
0.0630551
0.0624956
0.061916
0.0613152
0.0606917
0.0600442
0.059371
0.0586703
0.05794
0.0571779
0.0563814
0.0555475
0.0546728
0.0537535
0.0527848
0.0517613
0.0506766
0.0495226
0.0482898
0.0469657
0.0455349
0.0439767
0.042263
0.0403542
0.0381912
0.03568
0.032655
0.0287807
0.0232213
0.0138515
0.0914892
0.0910264
0.0905914
0.0901802
0.0897911
0.0894226
0.0890735
0.0887421
0.0884271
0.0881272
0.0878409
0.0875672
0.0873046
0.0870521
0.0868085
0.0865728
0.086344
0.0861211
0.0859032
0.0856896
0.0854793
0.0852717
0.0850661
0.0848618
0.0846581
0.0844545
0.0842505
0.0840455
0.0838391
0.0836307
0.08342
0.0832066
0.0829901
0.08277
0.0825461
0.0823179
0.0820853
0.0818478
0.0816052
0.0813571
0.0811033
0.0808434
0.0805773
0.0803045
0.0800249
0.0797381
0.0794438
0.0791418
0.0788317
0.0785133
0.0781861
0.07785
0.0775045
0.0771493
0.0767841
0.0764084
0.0760218
0.075624
0.0752145
0.0747927
0.0743583
0.0739107
0.0734493
0.0729735
0.0724827
0.0719761
0.0714532
0.0709129
0.0703546
0.0697773
0.0691799
0.0685614
0.0679206
0.0672562
0.0665666
0.0658505
0.0651059
0.0643309
0.0635234
0.0626808
0.0618004
0.0608789
0.0599126
0.0588974
0.0578282
0.0566991
0.055503
0.0542314
0.0528737
0.0514166
0.0498431
0.0481307
0.0462488
0.0441544
0.0417828
0.0390312
0.0357183
0.0314763
0.0253851
0.015077
0.0983163
0.0978778
0.097465
0.0970737
0.0967028
0.0963508
0.0960163
0.0956981
0.0953949
0.0951053
0.0948281
0.0945622
0.0943063
0.0940594
0.0938204
0.0935883
0.0933621
0.0931409
0.0929239
0.0927102
0.0924991
0.0922898
0.0920817
0.091874
0.0916663
0.0914579
0.0912482
0.0910368
0.0908232
0.090607
0.0903875
0.0901646
0.0899377
0.0897066
0.0894707
0.0892299
0.0889836
0.0887317
0.0884738
0.0882096
0.0879387
0.0876608
0.0873758
0.0870831
0.0867827
0.086474
0.0861569
0.085831
0.0854959
0.0851515
0.0847972
0.0844327
0.0840578
0.083672
0.0832748
0.082866
0.082445
0.0820114
0.0815648
0.0811045
0.0806301
0.0801411
0.0796367
0.0791163
0.0785793
0.078025
0.0774524
0.0768609
0.0762494
0.0756169
0.0749624
0.0742848
0.0735827
0.0728547
0.0720993
0.0713149
0.0704994
0.0696509
0.068767
0.067845
0.066882
0.0658745
0.0648186
0.0637098
0.0625427
0.061311
0.0600072
0.058622
0.0571441
0.0555594
0.0538494
0.0519901
0.0499486
0.0476785
0.0451101
0.0421323
0.0385494
0.0339632
0.0273751
0.0161989
0.104822
0.104412
0.104025
0.103657
0.103308
0.102975
0.102658
0.102355
0.102066
0.101789
0.101522
0.101265
0.101017
0.100777
0.100544
0.100316
0.100093
0.0998737
0.0996578
0.0994442
0.0992322
0.0990211
0.0988103
0.0985991
0.0983869
0.0981732
0.0979574
0.0977391
0.0975176
0.0972927
0.0970638
0.0968305
0.0965925
0.0963493
0.0961005
0.0958459
0.0955851
0.0953177
0.0950434
0.0947619
0.0944728
0.0941758
0.0938706
0.0935569
0.0932344
0.0929027
0.0925615
0.0922105
0.0918493
0.0914775
0.0910948
0.0907009
0.0902953
0.0898775
0.0894473
0.0890041
0.0885476
0.0880771
0.0875921
0.0870923
0.0865768
0.0860453
0.0854969
0.0849311
0.084347
0.083744
0.0831211
0.0824774
0.0818121
0.081124
0.080412
0.0796748
0.0789112
0.0781196
0.0772984
0.0764458
0.0755599
0.0746384
0.0736789
0.0726786
0.0716342
0.0705423
0.0693987
0.0681986
0.0669362
0.0656051
0.0641971
0.0627026
0.0611095
0.0594029
0.0575632
0.0555648
0.0533729
0.0509379
0.0481857
0.0449979
0.0411652
0.0362618
0.0292164
0.0172332
0.111027
0.110649
0.110291
0.10995
0.109624
0.109313
0.109015
0.10873
0.108456
0.108192
0.107938
0.107691
0.107452
0.107219
0.106991
0.106768
0.106549
0.106332
0.106117
0.105903
0.10569
0.105477
0.105263
0.105048
0.104831
0.104611
0.104389
0.104162
0.103932
0.103698
0.103459
0.103214
0.102964
0.102707
0.102445
0.102175
0.101899
0.101615
0.101323
0.101023
0.100714
0.100397
0.10007
0.0997342
0.0993883
0.0990322
0.0986656
0.0982881
0.0978994
0.097499
0.0970866
0.0966618
0.0962241
0.0957732
0.0953086
0.0948298
0.0943363
0.0938276
0.0933032
0.0927625
0.0922048
0.0916296
0.0910362
0.0904238
0.0897916
0.0891389
0.0884648
0.0877683
0.0870483
0.0863039
0.0855337
0.0847366
0.083911
0.0830555
0.0821684
0.0812478
0.0802915
0.0792974
0.0782629
0.0771849
0.0760603
0.0748853
0.0736556
0.072366
0.0710109
0.069583
0.0680742
0.0664742
0.0647704
0.062947
0.0609836
0.0588533
0.0565192
0.0539292
0.051005
0.0476215
0.0435571
0.0383603
0.0308934
0.0181716
0.11695
0.116607
0.11628
0.115967
0.115667
0.115379
0.115102
0.114835
0.114578
0.114329
0.114087
0.113851
0.113621
0.113396
0.113175
0.112956
0.11274
0.112525
0.112311
0.112097
0.111883
0.111667
0.11145
0.11123
0.111007
0.11078
0.11055
0.110315
0.110076
0.109831
0.10958
0.109323
0.109059
0.108789
0.108511
0.108226
0.107932
0.10763
0.107319
0.106999
0.10667
0.106331
0.105982
0.105622
0.105251
0.104869
0.104476
0.104071
0.103653
0.103223
0.102779
0.102322
0.101851
0.101366
0.100865
0.100349
0.0998177
0.0992695
0.0987043
0.0981215
0.0975205
0.0969005
0.0962608
0.0956008
0.0949195
0.0942162
0.0934899
0.0927397
0.0919645
0.091163
0.0903342
0.0894767
0.0885889
0.0876694
0.0867163
0.0857277
0.0847016
0.0836354
0.0825265
0.081372
0.0801684
0.0789118
0.0775978
0.0762211
0.0747757
0.0732542
0.0716481
0.0699467
0.0681369
0.0662023
0.0641216
0.0618667
0.0593991
0.0566644
0.0535805
0.0500163
0.0457392
0.0402746
0.0324234
0.0190262
0.122601
0.122294
0.122001
0.121718
0.121445
0.121181
0.120926
0.120679
0.120439
0.120204
0.119976
0.119751
0.119531
0.119313
0.119098
0.118884
0.118671
0.118458
0.118245
0.11803
0.117813
0.117594
0.117373
0.117147
0.116918
0.116684
0.116445
0.116201
0.11595
0.115694
0.115431
0.11516
0.114882
0.114596
0.114302
0.113999
0.113687
0.113366
0.113035
0.112694
0.112343
0.111981
0.111607
0.111222
0.110826
0.110417
0.109995
0.109561
0.109113
0.108651
0.108175
0.107685
0.107179
0.106658
0.10612
0.105567
0.104995
0.104407
0.1038
0.103174
0.102528
0.101863
0.101176
0.100468
0.0997366
0.0989821
0.0982031
0.0973987
0.0965678
0.0957092
0.0948216
0.0939037
0.0929539
0.0919706
0.0909519
0.0898961
0.0888007
0.0876633
0.0864814
0.0852516
0.0839706
0.0826343
0.0812381
0.0797766
0.0782437
0.0766317
0.0749318
0.0731331
0.0712219
0.0691813
0.0669892
0.0646167
0.0620237
0.0591536
0.0559214
0.0521905
0.0477185
0.04201
0.0338107
0.019799
0.127989
0.12772
0.127461
0.127209
0.126964
0.126726
0.126493
0.126266
0.126043
0.125824
0.125609
0.125396
0.125184
0.124974
0.124765
0.124555
0.124345
0.124133
0.12392
0.123704
0.123484
0.123262
0.123035
0.122803
0.122566
0.122324
0.122075
0.12182
0.121559
0.121289
0.121012
0.120727
0.120434
0.120131
0.11982
0.119498
0.119167
0.118826
0.118473
0.11811
0.117735
0.117349
0.11695
0.116539
0.116115
0.115678
0.115227
0.114762
0.114283
0.113789
0.11328
0.112755
0.112213
0.111655
0.11108
0.110487
0.109876
0.109246
0.108596
0.107927
0.107236
0.106524
0.10579
0.105033
0.104252
0.103446
0.102614
0.101755
0.100869
0.0999529
0.0990067
0.0980287
0.0970172
0.0959707
0.0948873
0.0937648
0.0926012
0.0913939
0.0901401
0.0888366
0.0874799
0.0860658
0.0845896
0.0830459
0.0814282
0.0797288
0.0779385
0.0760461
0.0740378
0.0718959
0.0695979
0.0671136
0.064402
0.0614047
0.0580336
0.0541473
0.0494951
0.043563
0.0350476
0.0204936
0.13376
0.133532
0.133308
0.133088
0.132872
0.132659
0.132449
0.132241
0.132035
0.13183
0.131626
0.131423
0.131219
0.131014
0.130808
0.1306
0.13039
0.130176
0.129959
0.129738
0.129513
0.129282
0.129046
0.128804
0.128555
0.1283
0.128037
0.127767
0.127488
0.127201
0.126905
0.1266
0.126286
0.125961
0.125626
0.125281
0.124924
0.124556
0.124176
0.123785
0.12338
0.122963
0.122533
0.122089
0.121631
0.121159
0.120672
0.12017
0.119652
0.119119
0.118569
0.118002
0.117418
0.116816
0.116195
0.115556
0.114897
0.114218
0.113518
0.112797
0.112054
0.111288
0.110498
0.109684
0.108845
0.10798
0.107087
0.106167
0.105217
0.104236
0.103223
0.102177
0.101097
0.099979
0.0988231
0.0976266
0.0963873
0.0951026
0.0937696
0.0923852
0.0909458
0.089447
0.0878841
0.0862516
0.0845427
0.0827497
0.0808632
0.0788716
0.0767606
0.0745123
0.0721034
0.0695028
0.0666684
0.0635398
0.0600263
0.0559821
0.0511481
0.0449938
0.0361725
0.0211099
0.139988
0.139807
0.139627
0.139446
0.139265
0.139083
0.138901
0.138717
0.138532
0.138345
0.138157
0.137966
0.137772
0.137575
0.137374
0.137169
0.13696
0.136746
0.136526
0.136301
0.136069
0.135831
0.135585
0.135332
0.135071
0.134802
0.134525
0.134238
0.133942
0.133636
0.13332
0.132994
0.132656
0.132308
0.131948
0.131576
0.131192
0.130796
0.130387
0.129964
0.129528
0.129077
0.128613
0.128134
0.127639
0.12713
0.126604
0.126062
0.125503
0.124927
0.124334
0.123722
0.123092
0.122443
0.121774
0.121085
0.120375
0.119644
0.118891
0.118116
0.117317
0.116494
0.115646
0.114772
0.113872
0.112944
0.111988
0.111002
0.109986
0.108937
0.107855
0.106739
0.105586
0.104395
0.103164
0.101891
0.100573
0.0992085
0.0977941
0.0963265
0.094802
0.0932164
0.0915646
0.089841
0.0880389
0.08615
0.0841649
0.0820715
0.0798553
0.0774976
0.0749744
0.0722538
0.0692919
0.0660263
0.0623631
0.0581509
0.053121
0.0467219
0.0375506
0.0218632
0.145838
0.145706
0.145569
0.145428
0.145281
0.14513
0.144975
0.144816
0.144651
0.144482
0.144309
0.14413
0.143946
0.143756
0.14356
0.143358
0.143149
0.142934
0.142711
0.14248
0.142242
0.141995
0.14174
0.141476
0.141202
0.140919
0.140626
0.140322
0.140008
0.139683
0.139346
0.138998
0.138637
0.138265
0.13788
0.137481
0.13707
0.136645
0.136205
0.135752
0.135284
0.1348
0.134302
0.133787
0.133256
0.132709
0.132145
0.131563
0.130964
0.130346
0.12971
0.129055
0.12838
0.127684
0.126968
0.126231
0.125471
0.12469
0.123885
0.123056
0.122203
0.121325
0.12042
0.119489
0.11853
0.117542
0.116525
0.115476
0.114396
0.113283
0.112134
0.11095
0.109728
0.108467
0.107165
0.105818
0.104427
0.102986
0.101495
0.0999481
0.0983431
0.0966753
0.0949394
0.0931298
0.0912395
0.0892602
0.0871819
0.0849926
0.0826771
0.0802163
0.0775855
0.0747516
0.0716697
0.0682753
0.0644714
0.0601018
0.0548886
0.0482613
0.0387671
0.0225256
0.151302
0.151216
0.151121
0.151017
0.150904
0.150782
0.150653
0.150516
0.150371
0.150218
0.150057
0.149889
0.149713
0.149529
0.149337
0.149136
0.148927
0.148709
0.148481
0.148245
0.147998
0.147742
0.147476
0.147199
0.146912
0.146613
0.146303
0.145982
0.145648
0.145303
0.144945
0.144574
0.14419
0.143792
0.143381
0.142956
0.142516
0.142062
0.141593
0.141108
0.140608
0.140091
0.139559
0.139009
0.138442
0.137858
0.137256
0.136636
0.135996
0.135338
0.13466
0.133962
0.133243
0.132503
0.131741
0.130957
0.13015
0.12932
0.128465
0.127586
0.126681
0.12575
0.124792
0.123806
0.122792
0.121747
0.120672
0.119565
0.118425
0.117251
0.116041
0.114794
0.113509
0.112182
0.110814
0.109401
0.10794
0.106431
0.104868
0.10325
0.101572
0.0998292
0.0980173
0.0961299
0.0941601
0.0920994
0.0899376
0.0876622
0.0852579
0.082705
0.0799781
0.0770434
0.0738546
0.0703455
0.0664163
0.0619063
0.0565293
0.0496975
0.0399112
0.023146
0.15638
0.156338
0.156281
0.156212
0.156129
0.156035
0.155929
0.155811
0.155683
0.155545
0.155395
0.155236
0.155066
0.154885
0.154695
0.154493
0.154282
0.154059
0.153826
0.153581
0.153326
0.153059
0.15278
0.152489
0.152187
0.151872
0.151544
0.151204
0.15085
0.150484
0.150103
0.149709
0.149301
0.148878
0.148441
0.147989
0.147521
0.147038
0.146539
0.146023
0.145491
0.144942
0.144376
0.143793
0.143191
0.142571
0.141932
0.141275
0.140597
0.1399
0.139182
0.138443
0.137682
0.1369
0.136095
0.135267
0.134416
0.13354
0.13264
0.131713
0.130761
0.129782
0.128774
0.127738
0.126673
0.125577
0.124449
0.123289
0.122095
0.120866
0.119601
0.118297
0.116954
0.11557
0.114143
0.11267
0.111149
0.109578
0.107953
0.106271
0.104528
0.10272
0.100841
0.0988854
0.0968458
0.0947136
0.0924785
0.0901276
0.0876452
0.085011
0.0821991
0.0791749
0.0758906
0.0722783
0.0682355
0.0635971
0.0580687
0.0510455
0.0409826
0.0237223
0.161083
0.16108
0.161058
0.161019
0.160964
0.160893
0.160807
0.160707
0.160593
0.160465
0.160324
0.160171
0.160004
0.159826
0.159634
0.15943
0.159214
0.158985
0.158744
0.15849
0.158223
0.157944
0.157651
0.157346
0.157027
0.156694
0.156348
0.155988
0.155614
0.155226
0.154823
0.154406
0.153973
0.153525
0.153062
0.152583
0.152087
0.151576
0.151048
0.150503
0.14994
0.14936
0.148763
0.148146
0.147512
0.146858
0.146185
0.145492
0.144779
0.144045
0.14329
0.142514
0.141716
0.140895
0.140051
0.139183
0.138291
0.137375
0.136433
0.135464
0.134469
0.133447
0.132396
0.131315
0.130205
0.129063
0.12789
0.126683
0.125442
0.124166
0.122852
0.1215
0.120107
0.118673
0.117195
0.115671
0.114098
0.112474
0.110796
0.10906
0.107262
0.105398
0.103462
0.101449
0.0993494
0.0971561
0.0948581
0.0924423
0.0898925
0.087188
0.0843021
0.0811992
0.0778305
0.0741262
0.0699811
0.0652256
0.0595576
0.0523556
0.04203
0.0242814
0.165423
0.165455
0.165464
0.165451
0.165419
0.165367
0.165298
0.165211
0.165107
0.164987
0.164852
0.164702
0.164536
0.164356
0.164161
0.163953
0.16373
0.163493
0.163241
0.162976
0.162697
0.162404
0.162096
0.161774
0.161438
0.161087
0.160722
0.160342
0.159947
0.159537
0.159112
0.158671
0.158214
0.157742
0.157253
0.156748
0.156226
0.155688
0.155132
0.154559
0.153968
0.153359
0.152732
0.152086
0.15142
0.150736
0.150031
0.149307
0.148562
0.147795
0.147008
0.146198
0.145366
0.144511
0.143633
0.142731
0.141804
0.140852
0.139874
0.13887
0.137838
0.136779
0.135691
0.134573
0.133425
0.132245
0.131033
0.129787
0.128507
0.127191
0.125837
0.124445
0.123012
0.121536
0.120016
0.11845
0.116835
0.115168
0.113446
0.111665
0.109822
0.107912
0.105929
0.103866
0.101718
0.0994735
0.0971227
0.0946519
0.0920446
0.0892795
0.0863292
0.0831573
0.0797135
0.0759263
0.0716877
0.0668234
0.0610235
0.0536494
0.0430663
0.0248294
0.169419
0.16948
0.169513
0.169522
0.169508
0.169471
0.169413
0.169336
0.169239
0.169123
0.16899
0.168839
0.168671
0.168487
0.168287
0.16807
0.167838
0.167591
0.167328
0.16705
0.166757
0.166448
0.166124
0.165785
0.165431
0.165061
0.164676
0.164276
0.16386
0.163428
0.162981
0.162517
0.162038
0.161541
0.161029
0.160499
0.159953
0.159389
0.158808
0.158209
0.157592
0.156957
0.156303
0.15563
0.154938
0.154226
0.153495
0.152743
0.15197
0.151176
0.15036
0.149523
0.148662
0.147779
0.146872
0.145941
0.144986
0.144005
0.142998
0.141964
0.140903
0.139814
0.138697
0.137549
0.136371
0.135161
0.133919
0.132643
0.131332
0.129984
0.128599
0.127175
0.125711
0.124203
0.122651
0.121052
0.119403
0.117702
0.115946
0.11413
0.112252
0.110305
0.108284
0.106183
0.103994
0.101708
0.0993141
0.0967975
0.0941417
0.091325
0.088319
0.0850865
0.0815758
0.0777135
0.0733887
0.0684226
0.0624968
0.0549558
0.0441176
0.0253802
0.173088
0.173171
0.173223
0.173248
0.173246
0.173219
0.173169
0.173096
0.173001
0.172886
0.17275
0.172596
0.172423
0.172231
0.172022
0.171796
0.171553
0.171293
0.171016
0.170723
0.170414
0.170089
0.169748
0.169391
0.169018
0.168629
0.168224
0.167804
0.167367
0.166914
0.166446
0.16596
0.165459
0.164941
0.164406
0.163854
0.163285
0.162699
0.162095
0.161473
0.160833
0.160175
0.159499
0.158803
0.158089
0.157354
0.1566
0.155826
0.155031
0.154214
0.153376
0.152517
0.151634
0.150729
0.1498
0.148848
0.14787
0.146867
0.145839
0.144784
0.143701
0.142591
0.141451
0.140282
0.139083
0.137851
0.136587
0.135289
0.133957
0.132587
0.13118
0.129734
0.128247
0.126716
0.125141
0.123518
0.121845
0.12012
0.118338
0.116497
0.114591
0.112617
0.110567
0.108436
0.106216
0.103896
0.101467
0.0989123
0.0962158
0.0933548
0.0903004
0.0870141
0.083443
0.0795117
0.0751062
0.0700431
0.0639954
0.0562893
0.0451942
0.0259389
0.176449
0.176547
0.176612
0.176646
0.176651
0.176628
0.17658
0.176507
0.17641
0.17629
0.176149
0.175987
0.175805
0.175604
0.175383
0.175144
0.174887
0.174612
0.174319
0.17401
0.173684
0.173341
0.172982
0.172606
0.172214
0.171806
0.171382
0.170941
0.170485
0.170012
0.169523
0.169017
0.168496
0.167957
0.167403
0.166831
0.166242
0.165637
0.165014
0.164373
0.163715
0.163038
0.162343
0.16163
0.160898
0.160146
0.159375
0.158584
0.157772
0.15694
0.156087
0.155211
0.154314
0.153394
0.152451
0.151484
0.150492
0.149476
0.148433
0.147365
0.146269
0.145146
0.143993
0.142811
0.141599
0.140355
0.139078
0.137767
0.136422
0.135039
0.133619
0.132159
0.130658
0.129114
0.127524
0.125887
0.124199
0.122457
0.120659
0.118799
0.116875
0.114881
0.11281
0.110657
0.108412
0.106067
0.103608
0.101023
0.0982919
0.0953927
0.0922956
0.0889609
0.0853345
0.0813387
0.0768568
0.0717002
0.0655331
0.057663
0.0463078
0.0265115
0.179522
0.179628
0.179698
0.179735
0.17974
0.179716
0.179664
0.179586
0.179482
0.179353
0.179202
0.179029
0.178834
0.178619
0.178383
0.178129
0.177855
0.177563
0.177253
0.176926
0.176581
0.17622
0.175842
0.175447
0.175036
0.174608
0.174165
0.173705
0.17323
0.172738
0.172231
0.171707
0.171168
0.170612
0.17004
0.169452
0.168847
0.168226
0.167588
0.166932
0.16626
0.16557
0.164862
0.164137
0.163393
0.16263
0.161848
0.161047
0.160226
0.159384
0.158522
0.157639
0.156734
0.155807
0.154857
0.153884
0.152886
0.151864
0.150817
0.149744
0.148644
0.147516
0.146359
0.145173
0.143957
0.142709
0.141428
0.140113
0.138763
0.137377
0.135952
0.134488
0.132982
0.131432
0.129836
0.128191
0.126496
0.124746
0.122938
0.121069
0.119133
0.117125
0.11504
0.112871
0.110608
0.108241
0.10576
0.103148
0.100388
0.0974546
0.0943188
0.0909396
0.0872613
0.0832042
0.0786486
0.0734008
0.0671158
0.0590816
0.0474618
0.0271
0.182327
0.182433
0.182501
0.182534
0.182533
0.182501
0.18244
0.18235
0.182234
0.182092
0.181926
0.181737
0.181526
0.181293
0.18104
0.180767
0.180474
0.180163
0.179834
0.179487
0.179123
0.178742
0.178344
0.17793
0.1775
0.177054
0.176592
0.176114
0.175621
0.175113
0.174589
0.17405
0.173495
0.172925
0.17234
0.171739
0.171122
0.170489
0.169841
0.169176
0.168495
0.167797
0.167082
0.16635
0.165601
0.164833
0.164048
0.163244
0.16242
0.161577
0.160715
0.159831
0.158927
0.158001
0.157053
0.156082
0.155087
0.154068
0.153025
0.151955
0.150859
0.149736
0.148584
0.147403
0.146191
0.144948
0.143672
0.142362
0.141016
0.139634
0.138213
0.136751
0.135248
0.1337
0.132105
0.130461
0.128765
0.127013
0.125202
0.123329
0.121387
0.119372
0.117278
0.115097
0.11282
0.110437
0.107936
0.105302
0.102515
0.0995506
0.0963785
0.0929567
0.0892283
0.0851115
0.0804835
0.0751456
0.0687436
0.0605453
0.0486572
0.027705
0.184882
0.184981
0.185039
0.18506
0.185046
0.185
0.184923
0.184817
0.184683
0.184522
0.184337
0.184128
0.183897
0.183643
0.183369
0.183074
0.182761
0.182428
0.182078
0.18171
0.181325
0.180924
0.180506
0.180073
0.179624
0.17916
0.178681
0.178187
0.177678
0.177155
0.176618
0.176066
0.1755
0.174919
0.174324
0.173714
0.17309
0.172452
0.171798
0.171129
0.170445
0.169746
0.16903
0.168299
0.167551
0.166786
0.166004
0.165204
0.164387
0.16355
0.162695
0.161819
0.160924
0.160008
0.15907
0.15811
0.157127
0.15612
0.155088
0.154032
0.152949
0.151838
0.1507
0.149532
0.148333
0.147103
0.14584
0.144543
0.143209
0.141839
0.140429
0.138978
0.137484
0.135945
0.134358
0.13272
0.131029
0.129282
0.127473
0.1256
0.123657
0.121639
0.119539
0.11735
0.115062
0.112666
0.110148
0.107492
0.104679
0.101685
0.0984773
0.0950132
0.0912344
0.0870574
0.0823565
0.076928
0.0704087
0.0620463
0.049888
0.0283234
0.187212
0.187294
0.187334
0.187336
0.187301
0.187234
0.187134
0.187005
0.186848
0.186664
0.186454
0.186221
0.185965
0.185687
0.185388
0.185069
0.184732
0.184376
0.184003
0.183613
0.183206
0.182784
0.182346
0.181894
0.181427
0.180946
0.180451
0.179943
0.179421
0.178886
0.178338
0.177776
0.177202
0.176615
0.176015
0.175402
0.174776
0.174136
0.173483
0.172817
0.172136
0.171442
0.170733
0.170009
0.16927
0.168515
0.167745
0.166958
0.166154
0.165332
0.164493
0.163634
0.162756
0.161858
0.160939
0.159999
0.159036
0.15805
0.15704
0.156004
0.154942
0.153854
0.152737
0.15159
0.150413
0.149204
0.147961
0.146684
0.14537
0.144018
0.142626
0.141192
0.139714
0.138189
0.136615
0.134989
0.133309
0.131569
0.129767
0.127899
0.125958
0.123939
0.121836
0.119641
0.117344
0.114935
0.1124
0.109723
0.106885
0.10386
0.100614
0.0971059
0.0932741
0.0890338
0.0842564
0.0787339
0.0720945
0.0635666
0.0511388
0.0289454
0.189331
0.189387
0.189401
0.189375
0.189313
0.189217
0.189089
0.188931
0.188744
0.188531
0.188292
0.18803
0.187745
0.187439
0.187112
0.186767
0.186403
0.186022
0.185624
0.18521
0.184781
0.184338
0.183881
0.18341
0.182926
0.18243
0.181921
0.1814
0.180868
0.180324
0.179768
0.179202
0.178624
0.178035
0.177435
0.176824
0.176201
0.175567
0.174921
0.174263
0.173593
0.172911
0.172216
0.171507
0.170785
0.170049
0.169298
0.168532
0.16775
0.166952
0.166137
0.165304
0.164452
0.163581
0.16269
0.161778
0.160844
0.159887
0.158906
0.1579
0.156868
0.155809
0.154721
0.153604
0.152455
0.151274
0.150059
0.148809
0.147521
0.146193
0.144825
0.143413
0.141956
0.140451
0.138895
0.137285
0.135618
0.133891
0.132098
0.130237
0.1283
0.126283
0.124178
0.121978
0.119672
0.11725
0.114698
0.112
0.109134
0.106075
0.102788
0.0992307
0.0953402
0.0910294
0.086167
0.0805402
0.0737695
0.0650663
0.0523663
0.0295436
0.192982
0.192958
0.192891
0.192786
0.192645
0.192471
0.192265
0.19203
0.191769
0.191482
0.191171
0.190839
0.190486
0.190113
0.189723
0.189316
0.188893
0.188455
0.188004
0.18754
0.187064
0.186577
0.186079
0.185571
0.185054
0.184527
0.183992
0.183449
0.182897
0.182338
0.181771
0.181197
0.180615
0.180026
0.179429
0.178825
0.178212
0.177592
0.176963
0.176326
0.175679
0.175024
0.174358
0.173681
0.172993
0.172294
0.171582
0.170857
0.170117
0.169363
0.168594
0.167807
0.167004
0.166181
0.165339
0.164477
0.163592
0.162685
0.161753
0.160796
0.159812
0.158799
0.157757
0.156684
0.155579
0.154439
0.153262
0.152048
0.150794
0.149498
0.148158
0.146772
0.145336
0.143849
0.142308
0.140708
0.139047
0.137321
0.135526
0.133656
0.131705
0.129669
0.127538
0.125306
0.122962
0.120494
0.117888
0.115128
0.112191
0.10905
0.105671
0.102008
0.0979971
0.093548
0.0885246
0.0827076
0.0757052
0.066706
0.0535913
0.0300653
0.197304
0.197077
0.196815
0.196522
0.196202
0.195855
0.195485
0.195094
0.194683
0.194255
0.193811
0.193353
0.192883
0.192401
0.191911
0.191412
0.190906
0.190394
0.189877
0.189357
0.188834
0.188308
0.187781
0.187254
0.186726
0.186199
0.185672
0.185146
0.184621
0.184097
0.183575
0.183053
0.182533
0.182014
0.181496
0.180977
0.180459
0.17994
0.179419
0.178896
0.178371
0.177843
0.177309
0.176771
0.176226
0.175674
0.175114
0.174544
0.173963
0.17337
0.172764
0.172143
0.171505
0.170851
0.170177
0.169483
0.168766
0.168026
0.16726
0.166468
0.165647
0.164795
0.16391
0.162992
0.162037
0.161043
0.16001
0.158933
0.157812
0.156644
0.155426
0.154155
0.152828
0.151444
0.149997
0.148485
0.146904
0.145249
0.143516
0.141699
0.139792
0.137789
0.135681
0.13346
0.131114
0.128631
0.125997
0.123191
0.120192
0.116969
0.113486
0.109693
0.10552
0.10087
0.0955952
0.0894567
0.0820271
0.0724164
0.058276
0.0322858
0.200452
0.199947
0.199422
0.198881
0.198326
0.197761
0.197185
0.196602
0.196014
0.195421
0.194827
0.194231
0.193637
0.193045
0.192457
0.191874
0.191297
0.190728
0.190167
0.189615
0.189074
0.188543
0.188024
0.187517
0.187022
0.18654
0.18607
0.185614
0.18517
0.184739
0.184321
0.183914
0.183519
0.183134
0.18276
0.182395
0.182038
0.181689
0.181346
0.181008
0.180673
0.180342
0.180011
0.17968
0.179346
0.179009
0.178667
0.178318
0.177959
0.17759
0.177208
0.176812
0.176399
0.175968
0.175516
0.175042
0.174543
0.174017
0.173463
0.172877
0.172258
0.171604
0.170912
0.170179
0.169404
0.168584
0.167717
0.166799
0.165829
0.164802
0.163718
0.162571
0.16136
0.16008
0.158728
0.1573
0.155791
0.154198
0.152514
0.150733
0.14885
0.146857
0.144745
0.142505
0.140125
0.137591
0.134887
0.131994
0.128886
0.125533
0.121894
0.117915
0.113523
0.108612
0.103024
0.0965011
0.0885798
0.0782925
0.0630564
0.034449
0.202449
0.201605
0.200763
0.199927
0.1991
0.198281
0.197473
0.196676
0.195894
0.195126
0.194375
0.193641
0.192926
0.192232
0.191559
0.190909
0.190283
0.189681
0.189104
0.188553
0.188028
0.187531
0.18706
0.186617
0.186202
0.185814
0.185453
0.185118
0.18481
0.184527
0.184269
0.184034
0.183822
0.183631
0.183461
0.183308
0.183173
0.183053
0.182946
0.182851
0.182765
0.182686
0.182613
0.182543
0.182474
0.182403
0.182328
0.182247
0.182157
0.182055
0.18194
0.181809
0.181658
0.181486
0.18129
0.181067
0.180814
0.18053
0.180211
0.179854
0.179457
0.179017
0.178532
0.177998
0.177413
0.176774
0.176078
0.175322
0.174503
0.173618
0.172663
0.171634
0.17053
0.169344
0.168075
0.166716
0.165264
0.163713
0.162058
0.160292
0.158409
0.1564
0.154258
0.151971
0.149527
0.146912
0.144109
0.141097
0.137849
0.134334
0.130507
0.126313
0.121672
0.116474
0.110549
0.10362
0.0951916
0.0842178
0.067878
0.0365471
0.203243
0.202022
0.200834
0.19968
0.19856
0.197475
0.196426
0.195413
0.194439
0.193502
0.192605
0.191748
0.190932
0.190159
0.189427
0.18874
0.188096
0.187496
0.186942
0.186432
0.185968
0.185549
0.185174
0.184844
0.184558
0.184316
0.184115
0.183956
0.183838
0.183757
0.183714
0.183707
0.183732
0.18379
0.183876
0.183989
0.184127
0.184287
0.184466
0.184662
0.184872
0.185092
0.18532
0.185553
0.185788
0.186022
0.186251
0.186473
0.186683
0.18688
0.18706
0.187219
0.187354
0.187463
0.187542
0.187588
0.187597
0.187567
0.187494
0.187375
0.187207
0.186986
0.18671
0.186376
0.185979
0.185518
0.184987
0.184385
0.183708
0.182951
0.182113
0.181187
0.180172
0.179062
0.177854
0.176542
0.175123
0.173589
0.171936
0.170157
0.168244
0.16619
0.163985
0.161619
0.159078
0.156348
0.153412
0.150246
0.146824
0.143112
0.139065
0.134623
0.129705
0.124191
0.117904
0.110552
0.101606
0.089948
0.072526
0.0384665
0.202873
0.201272
0.199735
0.198265
0.19686
0.19552
0.194245
0.193035
0.19189
0.19081
0.189796
0.188847
0.187963
0.187146
0.186395
0.18571
0.185091
0.184539
0.184052
0.183631
0.183275
0.182983
0.182754
0.182587
0.182481
0.182435
0.182446
0.182513
0.182633
0.182805
0.183026
0.183292
0.183602
0.183953
0.18434
0.184761
0.185213
0.185692
0.186194
0.186716
0.187255
0.187805
0.188364
0.188928
0.189492
0.190053
0.190608
0.191151
0.191679
0.192189
0.192676
0.193136
0.193566
0.193962
0.194321
0.194637
0.194908
0.195131
0.1953
0.195413
0.195466
0.195455
0.195377
0.195228
0.195004
0.194703
0.194319
0.19385
0.193291
0.192639
0.191891
0.191041
0.190085
0.18902
0.187841
0.186543
0.18512
0.183568
0.181879
0.180048
0.178067
0.175928
0.17362
0.171134
0.168455
0.16557
0.162459
0.1591
0.155465
0.151519
0.147216
0.142493
0.137265
0.13141
0.124741
0.116952
0.107489
0.0951678
0.0767272
0.0400986
0.201524
0.199562
0.197702
0.195943
0.194284
0.192722
0.191256
0.189885
0.188609
0.187427
0.186337
0.18534
0.184434
0.18362
0.182896
0.182262
0.181717
0.18126
0.18089
0.180606
0.180407
0.18029
0.180255
0.180298
0.180419
0.180613
0.180879
0.181214
0.181615
0.182077
0.182599
0.183175
0.183803
0.184477
0.185195
0.185951
0.186742
0.187563
0.188409
0.189276
0.190159
0.191053
0.191955
0.192858
0.19376
0.194654
0.195536
0.196402
0.197247
0.198067
0.198856
0.199611
0.200327
0.201
0.201625
0.202198
0.202714
0.203171
0.203562
0.203885
0.204136
0.204309
0.204401
0.204408
0.204327
0.204153
0.203881
0.203509
0.203032
0.202446
0.201747
0.200931
0.199992
0.198928
0.197733
0.196401
0.194928
0.193309
0.191537
0.189606
0.187508
0.185235
0.182778
0.180124
0.177263
0.174177
0.170849
0.167256
0.16337
0.159154
0.154563
0.149532
0.143975
0.137766
0.130711
0.122494
0.112537
0.0996014
0.08025
0.041407
0.199628
0.197341
0.195197
0.193191
0.19132
0.189582
0.187972
0.18649
0.185132
0.183897
0.182783
0.181788
0.180911
0.18015
0.179503
0.178969
0.178546
0.178232
0.178026
0.177924
0.177924
0.178025
0.178222
0.178513
0.178894
0.179363
0.179915
0.180545
0.181251
0.182027
0.182869
0.183773
0.184732
0.185743
0.1868
0.187898
0.189032
0.190196
0.191384
0.192593
0.193815
0.195046
0.196281
0.197513
0.198737
0.199948
0.201141
0.202311
0.203451
0.204557
0.205624
0.206647
0.20762
0.208539
0.209399
0.210195
0.210922
0.211576
0.212152
0.212645
0.213051
0.213365
0.213583
0.2137
0.213712
0.213616
0.213406
0.213079
0.212631
0.212057
0.211352
0.210514
0.209537
0.208416
0.207149
0.205728
0.20415
0.202408
0.200497
0.198411
0.196142
0.193682
0.191021
0.18815
0.185055
0.181721
0.178131
0.174262
0.170086
0.165567
0.160658
0.155297
0.149395
0.142824
0.135389
0.126766
0.116363
0.102903
0.0828194
0.0421881
0.197897
0.195319
0.192928
0.190718
0.188681
0.186813
0.185108
0.183563
0.182173
0.180935
0.179846
0.178902
0.178102
0.177441
0.176916
0.176526
0.176267
0.176135
0.176128
0.176242
0.176473
0.176817
0.177272
0.177831
0.178491
0.179247
0.180094
0.181027
0.182041
0.18313
0.184289
0.185512
0.186793
0.188126
0.189506
0.190926
0.192381
0.193863
0.195368
0.19689
0.198421
0.199957
0.20149
0.203015
0.204525
0.206014
0.207477
0.208906
0.210298
0.211645
0.212942
0.214185
0.215366
0.216481
0.217524
0.21849
0.219373
0.220169
0.220872
0.221477
0.221979
0.222374
0.222657
0.222822
0.222867
0.222785
0.222572
0.222225
0.221739
0.221109
0.220332
0.219404
0.218319
0.217074
0.215663
0.214084
0.21233
0.210398
0.20828
0.205972
0.203466
0.200755
0.197831
0.194683
0.1913
0.187667
0.183768
0.179582
0.17508
0.170228
0.164981
0.159277
0.153028
0.146107
0.138319
0.12934
0.118571
0.104722
0.0841545
0.0423278
0.197255
0.19443
0.191831
0.189451
0.187285
0.185326
0.183567
0.182
0.18062
0.179421
0.178398
0.177546
0.17686
0.176334
0.175966
0.175749
0.175679
0.175752
0.175963
0.176307
0.176779
0.177373
0.178084
0.178908
0.179837
0.180867
0.181991
0.183203
0.184498
0.185869
0.187309
0.188812
0.190372
0.191982
0.193636
0.195327
0.197049
0.198794
0.200557
0.202331
0.204109
0.205885
0.207652
0.209404
0.211134
0.212835
0.214501
0.216125
0.217702
0.219225
0.220688
0.222084
0.223406
0.22465
0.225809
0.226877
0.227848
0.228717
0.229477
0.230123
0.23065
0.231052
0.231325
0.231463
0.231461
0.231316
0.231022
0.230574
0.22997
0.229203
0.228271
0.22717
0.225895
0.224442
0.222809
0.220989
0.218981
0.216779
0.214378
0.211774
0.20896
0.205931
0.20268
0.199196
0.195471
0.191491
0.187241
0.182701
0.177845
0.172643
0.167048
0.161003
0.154423
0.147184
0.139094
0.129836
0.118816
0.104752
0.0840086
0.0417226
0.198514
0.195524
0.192792
0.190312
0.188076
0.18608
0.184315
0.182774
0.181447
0.180326
0.179403
0.178671
0.178124
0.177753
0.177552
0.177516
0.177637
0.177909
0.178326
0.178882
0.179569
0.180382
0.181314
0.182359
0.18351
0.18476
0.186103
0.187532
0.189041
0.190622
0.192269
0.193976
0.195736
0.197541
0.199386
0.201264
0.203167
0.205089
0.207024
0.208965
0.210904
0.212835
0.214751
0.216646
0.218511
0.220341
0.222128
0.223866
0.225546
0.227163
0.228709
0.230177
0.23156
0.232852
0.234045
0.235133
0.236109
0.236966
0.237699
0.238302
0.238767
0.23909
0.239266
0.239288
0.239151
0.238851
0.238384
0.237745
0.236929
0.235933
0.234754
0.233388
0.231831
0.230081
0.228134
0.225988
0.223639
0.221085
0.218322
0.215346
0.212153
0.20874
0.205099
0.201224
0.197108
0.192739
0.188104
0.183186
0.177962
0.172404
0.16647
0.160106
0.153231
0.145728
0.137414
0.12798
0.116855
0.102789
0.0822258
0.0403263
0.202696
0.199638
0.19686
0.194354
0.192114
0.190134
0.18841
0.18693
0.185684
0.18466
0.183849
0.18324
0.182826
0.182597
0.182543
0.182658
0.182933
0.18336
0.183931
0.184639
0.185476
0.186435
0.187509
0.188691
0.189973
0.191349
0.192812
0.194356
0.195973
0.197657
0.199402
0.2012
0.203046
0.204934
0.206856
0.208806
0.210778
0.212764
0.21476
0.216757
0.218748
0.220728
0.222688
0.224622
0.226522
0.22838
0.23019
0.231943
0.233631
0.235247
0.236783
0.238231
0.239583
0.24083
0.241967
0.242983
0.243873
0.244629
0.245243
0.245709
0.24602
0.24617
0.246152
0.245962
0.245595
0.245044
0.244306
0.243377
0.242252
0.24093
0.239406
0.237679
0.235746
0.233605
0.231254
0.228692
0.225919
0.222931
0.219728
0.216309
0.212671
0.208812
0.204728
0.200417
0.195871
0.191083
0.186044
0.180739
0.175149
0.169248
0.163002
0.156359
0.149248
0.141558
0.133117
0.123637
0.112573
0.0987418
0.0787404
0.0381302
0.210963
0.207938
0.205199
0.202738
0.200551
0.198633
0.196979
0.195574
0.194408
0.193467
0.192739
0.192215
0.191882
0.191732
0.191753
0.191936
0.192273
0.192754
0.193372
0.194117
0.194983
0.195962
0.197046
0.198229
0.199504
0.200864
0.202304
0.203816
0.205395
0.207035
0.20873
0.210475
0.212263
0.214089
0.215946
0.21783
0.219734
0.221652
0.223577
0.225504
0.227424
0.229331
0.231218
0.233078
0.234901
0.23668
0.238408
0.240074
0.24167
0.243188
0.244618
0.245952
0.247179
0.24829
0.249278
0.250132
0.250844
0.251405
0.251808
0.252044
0.252107
0.251989
0.251684
0.251186
0.250489
0.24959
0.248484
0.247167
0.245636
0.24389
0.241926
0.239744
0.237342
0.234721
0.23188
0.228821
0.225544
0.222049
0.21834
0.214415
0.210277
0.205926
0.201362
0.196582
0.191587
0.18637
0.180925
0.175243
0.169309
0.163102
0.156591
0.149733
0.142462
0.134681
0.126232
0.116849
0.10603
0.0926762
0.0736177
0.0351941
0.224643
0.221711
0.219055
0.216668
0.214548
0.212691
0.211084
0.209713
0.208565
0.207627
0.206889
0.206338
0.205965
0.205757
0.205707
0.205804
0.20604
0.206406
0.206894
0.207498
0.20821
0.209023
0.209932
0.210929
0.21201
0.213169
0.2144
0.215699
0.217062
0.218482
0.219955
0.221477
0.223043
0.224649
0.226288
0.227956
0.229648
0.231357
0.233078
0.234805
0.23653
0.238246
0.239946
0.241622
0.243264
0.244863
0.246411
0.247896
0.24931
0.250641
0.251878
0.253012
0.25403
0.254921
0.255676
0.256284
0.256734
0.257016
0.257122
0.257041
0.256767
0.256291
0.255607
0.254709
0.253592
0.252251
0.250683
0.248886
0.246858
0.244597
0.242104
0.239381
0.236427
0.233246
0.229841
0.226213
0.222369
0.218311
0.214043
0.209571
0.204898
0.200029
0.194966
0.189712
0.184269
0.178636
0.172811
0.166787
0.160555
0.154099
0.147394
0.140404
0.133072
0.125312
0.116983
0.107848
0.0974559
0.084814
0.0670485
0.031631
0.24516
0.242266
0.239622
0.237224
0.235068
0.233155
0.231457
0.229962
0.228659
0.227538
0.226588
0.2258
0.225164
0.224674
0.224319
0.224094
0.223991
0.224004
0.224126
0.224352
0.224677
0.225095
0.225603
0.226195
0.226868
0.227618
0.22844
0.229332
0.23029
0.23131
0.232389
0.233523
0.234709
0.235943
0.23722
0.238536
0.239886
0.241265
0.242667
0.244085
0.245513
0.246941
0.248363
0.249768
0.251147
0.252488
0.253782
0.255015
0.256176
0.257252
0.25823
0.259097
0.259839
0.260444
0.260898
0.261188
0.261304
0.261233
0.260965
0.26049
0.259798
0.258883
0.257736
0.256353
0.254729
0.252861
0.250746
0.248383
0.245773
0.242918
0.239819
0.23648
0.232906
0.229102
0.225074
0.220828
0.216374
0.211716
0.206865
0.201828
0.196613
0.191228
0.185679
0.179974
0.174116
0.168111
0.161958
0.155657
0.149202
0.142581
0.135776
0.128756
0.121476
0.11386
0.105787
0.0970505
0.0872555
0.0755324
0.0593529
0.0276152
0.273568
0.270444
0.267538
0.264847
0.262372
0.260087
0.257978
0.256036
0.254254
0.252624
0.25114
0.249795
0.248584
0.2475
0.24654
0.245699
0.244972
0.244356
0.243846
0.243439
0.243133
0.242923
0.242807
0.242783
0.242847
0.242998
0.243233
0.24355
0.243946
0.244419
0.244966
0.245584
0.246272
0.247024
0.247838
0.24871
0.249634
0.250604
0.251616
0.252661
0.253731
0.254818
0.255912
0.257001
0.258074
0.259117
0.260118
0.261061
0.261931
0.262713
0.26339
0.263948
0.264368
0.264636
0.264737
0.264655
0.264376
0.263888
0.263178
0.262237
0.261054
0.259621
0.257934
0.255986
0.253775
0.251299
0.248559
0.245555
0.242292
0.238773
0.235005
0.230994
0.22675
0.222281
0.217598
0.21271
0.207631
0.202371
0.196942
0.191357
0.185628
0.179765
0.17378
0.167682
0.161481
0.155182
0.14879
0.142307
0.135732
0.129057
0.122267
0.11534
0.108237
0.100895
0.0932131
0.0850151
0.0759671
0.0653306
0.050954
0.0233654
0.309299
0.305423
0.301744
0.298259
0.294961
0.291823
0.28884
0.286008
0.283323
0.280783
0.278384
0.276123
0.273997
0.272005
0.270142
0.268408
0.2668
0.265316
0.263953
0.26271
0.261585
0.260576
0.259681
0.258899
0.258227
0.257665
0.257209
0.256859
0.256613
0.256469
0.256423
0.256475
0.25662
0.256857
0.257179
0.257584
0.258066
0.258618
0.259233
0.259903
0.260618
0.261367
0.262137
0.262915
0.263686
0.264434
0.265142
0.265791
0.266363
0.266839
0.267198
0.267422
0.26749
0.267384
0.267087
0.266581
0.26585
0.264882
0.263662
0.262182
0.260431
0.258404
0.256096
0.253503
0.250627
0.247469
0.244031
0.240321
0.236343
0.232109
0.227628
0.222911
0.217972
0.212825
0.207484
0.201964
0.196282
0.190454
0.184495
0.178421
0.172247
0.165989
0.159659
0.15327
0.146834
0.140358
0.13385
0.127314
0.12075
0.114153
0.107514
0.100813
0.094019
0.0870817
0.0799175
0.0723821
0.0642023
0.0547733
0.0423312
0.0191234
0.348518
0.343272
0.33824
0.333416
0.328771
0.324305
0.320017
0.315904
0.311966
0.308199
0.304603
0.301176
0.297916
0.29482
0.291887
0.289115
0.286501
0.284045
0.281743
0.279594
0.277597
0.275748
0.274047
0.272491
0.271079
0.269808
0.268677
0.267684
0.266827
0.266103
0.265509
0.265043
0.264702
0.264481
0.264375
0.264379
0.264486
0.264688
0.264976
0.265339
0.265764
0.266238
0.266744
0.267266
0.267783
0.268276
0.268723
0.2691
0.269386
0.269556
0.269587
0.269456
0.269139
0.268617
0.267869
0.266877
0.265625
0.264099
0.262289
0.260184
0.257779
0.25507
0.252055
0.248738
0.24512
0.241209
0.237014
0.232544
0.227813
0.222835
0.217625
0.212201
0.206581
0.200783
0.194826
0.188732
0.182518
0.176206
0.169814
0.16336
0.156862
0.150337
0.1438
0.137264
0.13074
0.124239
0.117768
0.11133
0.104927
0.0985547
0.0922059
0.0858648
0.0795063
0.0730898
0.0665493
0.0597715
0.0525421
0.0443873
0.0339238
0.0151215
0.383472
0.376517
0.369835
0.363408
0.357226
0.351285
0.345583
0.340115
0.33488
0.329873
0.325091
0.32053
0.316186
0.312056
0.308137
0.304425
0.300917
0.297609
0.294498
0.291581
0.288854
0.286315
0.283961
0.281789
0.279797
0.27798
0.276338
0.274866
0.273562
0.272422
0.271444
0.270623
0.269954
0.269433
0.269053
0.268805
0.268682
0.268673
0.268765
0.268944
0.269194
0.269495
0.269828
0.270169
0.270496
0.27078
0.270997
0.271118
0.271115
0.270961
0.270629
0.270093
0.269328
0.268313
0.267028
0.265455
0.263581
0.261394
0.258886
0.256053
0.252893
0.249407
0.2456
0.241479
0.237055
0.23234
0.22735
0.222101
0.216613
0.210904
0.204998
0.198915
0.192679
0.186314
0.179842
0.173287
0.166671
0.160015
0.15334
0.146667
0.140011
0.133391
0.12682
0.12031
0.113872
0.107513
0.10124
0.0950538
0.0889552
0.0829404
0.0770014
0.0711254
0.0652919
0.0594698
0.0536092
0.0476259
0.0413618
0.0344704
0.0259397
0.011387
0.404452
0.396134
0.388162
0.38052
0.373198
0.366188
0.359482
0.353073
0.346952
0.341113
0.335549
0.330253
0.325219
0.320442
0.315915
0.311633
0.307591
0.303785
0.300209
0.296859
0.293731
0.290822
0.288127
0.285642
0.283365
0.281291
0.279418
0.277741
0.276257
0.274963
0.273853
0.272922
0.272164
0.271572
0.271136
0.270847
0.270692
0.270655
0.27072
0.270867
0.271073
0.271315
0.271565
0.271795
0.271974
0.27207
0.272052
0.271888
0.271546
0.270997
0.270213
0.269167
0.267838
0.266205
0.264251
0.261965
0.259336
0.25636
0.253035
0.249364
0.245353
0.24101
0.236348
0.231381
0.226129
0.22061
0.214846
0.208862
0.202681
0.196329
0.189833
0.183218
0.176512
0.169739
0.162925
0.156093
0.149267
0.142467
0.135713
0.129023
0.122411
0.115892
0.109477
0.103174
0.0969903
0.0909303
0.084996
0.0791875
0.0735024
0.0679357
0.0624797
0.0571231
0.0518501
0.0466373
0.0414504
0.0362326
0.0308776
0.0251524
0.0183865
0.00785056
)
;

boundaryField
{
    jetInlet
    {
        type            fixedValue;
        value           uniform 0.006;
    }
    returnOutlet
    {
        type            inletOutlet;
        inletValue      uniform 0.006;
        value           nonuniform List<scalar> 
35
(
0.290865
0.563312
0.752347
0.911231
1.05689
1.19139
1.31143
1.41128
1.48398
1.52152
1.51303
1.43635
0.006
0.006
0.006
0.006
0.006
0.006
0.006
0.006
0.006
0.006
0.006
0.006
0.006
0.006
0.276183
0.293806
0.230146
0.114687
0.0951208
0.16783
0.302168
0.442539
0.531278
)
;
    }
    flatBed
    {
        type            kqRWallFunction;
        value           nonuniform List<scalar> 
100
(
0.290865
0.295456
0.299754
0.303719
0.307313
0.310499
0.313251
0.315577
0.317506
0.318252
0.317661
0.315635
0.312127
0.307133
0.300692
0.292879
0.283798
0.273582
0.262386
0.250379
0.237746
0.224678
0.211368
0.198008
0.184778
0.171844
0.159349
0.147411
0.136118
0.125531
0.115681
0.106578
0.0982087
0.0905485
0.0835609
0.0772035
0.0714312
0.0661984
0.0614601
0.0571738
0.0532987
0.049797
0.0466333
0.0437751
0.0411924
0.0388582
0.0367481
0.0348407
0.0331174
0.0315625
0.0301627
0.0289071
0.0277865
0.0267934
0.0259212
0.025164
0.0245158
0.0239706
0.0235221
0.023164
0.0228895
0.0226918
0.0225644
0.022501
0.0224957
0.0225428
0.0226376
0.0227755
0.0229474
0.0231468
0.023371
0.0236175
0.0238849
0.024172
0.0244792
0.0248075
0.0251528
0.0255089
0.0258733
0.0262433
0.0266163
0.0269896
0.0273601
0.0277244
0.0280786
0.0284181
0.0287375
0.0290302
0.0292879
0.0295007
0.0296557
0.0297366
0.0297222
0.0295846
0.0292872
0.0287797
0.0279896
0.0268155
0.0251704
0.0232795
)
;
    }
    slope
    {
        type            kqRWallFunction;
        value           nonuniform List<scalar> 
50
(
0.00429997
0.00498447
0.00632414
0.00802553
0.00962603
0.0111248
0.012541
0.0138515
0.015077
0.0161989
0.0172332
0.0181716
0.0190262
0.019799
0.0204936
0.0211099
0.0218632
0.0225256
0.023146
0.0237223
0.0242814
0.0248294
0.0253802
0.0259389
0.0265115
0.0271
0.027705
0.0283234
0.0289454
0.0295436
0.0300653
0.0322858
0.034449
0.0365471
0.0384665
0.0400986
0.041407
0.0421881
0.0423278
0.0417226
0.0403263
0.0381302
0.0351941
0.031631
0.0276152
0.0233654
0.0191234
0.0151215
0.011387
0.00785056
)
;
    }
    top
    {
        type            symmetryPlane;
    }
    frontAndBack
    {
        type            empty;
    }
    defaultFaces
    {
        type            empty;
    }
}


// ************************************************************************* //
