/*--------------------------------*- C++ -*----------------------------------*\
| =========                 |                                                 |
| \\      /  F ield         | OpenFOAM: The Open Source CFD Toolbox           |
|  \\    /   O peration     | Version:  2206                                  |
|   \\  /    A nd           | Website:  www.openfoam.com                      |
|    \\/     M anipulation  |                                                 |
\*---------------------------------------------------------------------------*/
FoamFile
{
    version     2.0;
    format      ascii;
    arch        "LSB;label=32;scalar=64";
    class       volScalarField;
    location    "1700";
    object      p;
}
// * * * * * * * * * * * * * * * * * * * * * * * * * * * * * * * * * * * * * //

dimensions      [0 2 -2 0 0 0 0];

internalField   nonuniform List<scalar> 
10000
(
-0.0978627
-0.148324
-0.18681
-0.205933
-0.203006
-0.174077
-0.115487
-0.024264
0.102151
0.264943
0.462923
0.693176
0.951452
1.23259
1.53095
1.84076
2.15644
2.4728
2.78525
3.08983
3.3833
3.66316
3.92758
4.17539
4.40598
4.61928
4.81562
4.99567
5.16034
5.31071
5.44794
5.57322
5.68772
5.79254
5.88871
5.97714
6.05864
6.13392
6.20357
6.26809
6.32793
6.38344
6.43492
6.48264
6.5268
6.5676
6.60522
6.63982
6.67154
6.70052
6.72691
6.75084
6.77245
6.79188
6.80927
6.82476
6.83847
6.85056
6.86115
6.87036
6.87834
6.8852
6.89107
6.89606
6.90028
6.90385
6.90689
6.90949
6.91177
6.91383
6.91577
6.91768
6.91967
6.92182
6.92424
6.92699
6.93019
6.93391
6.93823
6.94325
6.94904
6.95568
6.96325
6.97182
6.98145
6.99221
7.00415
7.01732
7.03175
7.04746
7.06443
7.08262
7.10193
7.12221
7.1431
7.16375
7.18304
7.20139
7.21968
7.22255
-0.0936345
-0.138195
-0.177504
-0.201283
-0.204599
-0.182832
-0.131892
-0.0485545
0.0699853
0.22532
0.416508
0.640739
0.893875
1.17085
1.46606
1.77379
2.08842
2.40475
2.71809
3.02441
3.32035
3.60327
3.87118
4.12278
4.35733
4.57459
4.7748
4.95852
5.12661
5.28009
5.42012
5.54787
5.66455
5.77128
5.8691
5.95899
6.04178
6.1182
6.1889
6.25439
6.31513
6.3715
6.42381
6.47233
6.51728
6.55886
6.59724
6.63259
6.66505
6.69475
6.72183
6.74643
6.76868
6.7887
6.80664
6.82262
6.83678
6.84927
6.8602
6.86971
6.87794
6.885
6.89103
6.89614
6.90045
6.90408
6.90714
6.90975
6.91202
6.91404
6.91592
6.91775
6.91964
6.92167
6.92393
6.92651
6.92951
6.933
6.93708
6.94181
6.94729
6.95357
6.96074
6.96885
6.97797
6.98816
6.99945
7.01188
7.02547
7.04022
7.0561
7.07303
7.09091
7.10954
7.12859
7.14736
7.16497
7.1819
7.19869
7.20213
-0.09496
-0.133538
-0.174336
-0.204035
-0.214974
-0.201558
-0.159047
-0.0838355
0.0270519
0.17566
0.36139
0.581321
0.831245
1.10602
1.39998
1.70731
2.02236
2.33983
2.65497
2.96365
3.26243
3.54855
3.81994
4.07515
4.31336
4.53422
4.73789
4.92486
5.09592
5.2521
5.39451
5.52438
5.64289
5.7512
5.85041
5.9415
6.02536
6.10273
6.17429
6.24059
6.30209
6.35918
6.4122
6.46142
6.50706
6.54934
6.58843
6.62449
6.65767
6.6881
6.71591
6.74124
6.7642
6.78492
6.80352
6.82012
6.83486
6.84786
6.85925
6.86916
6.87772
6.88505
6.89129
6.89657
6.90099
6.90469
6.90778
6.91039
6.91261
6.91457
6.91636
6.91807
6.91981
6.92167
6.92374
6.92611
6.92886
6.93208
6.93585
6.94024
6.94534
6.95121
6.95792
6.96553
6.97409
6.98365
6.99425
7.00592
7.01867
7.03248
7.04732
7.0631
7.07971
7.09695
7.1145
7.13179
7.14813
7.16384
7.17909
7.1825
-0.101408
-0.140726
-0.186144
-0.223967
-0.243994
-0.23954
-0.205131
-0.136741
-0.0312882
0.113685
0.297796
0.517706
0.768866
1.04583
1.34267
1.65336
1.97209
2.29342
2.6125
2.92511
3.22775
3.51759
3.79249
4.05097
4.29213
4.51562
4.72157
4.91047
5.08315
5.24062
5.38408
5.51476
5.63391
5.74272
5.84233
5.93375
6.01789
6.09553
6.16735
6.23391
6.29568
6.35305
6.40636
6.45587
6.50182
6.54441
6.58381
6.6202
6.65371
6.68449
6.71267
6.73837
6.76172
6.78285
6.80186
6.81887
6.834
6.84737
6.85909
6.8693
6.87811
6.88564
6.89204
6.89741
6.90189
6.9056
6.90867
6.91121
6.91335
6.91519
6.91682
6.91837
6.91991
6.92155
6.92339
6.92549
6.92795
6.93086
6.93429
6.93831
6.94301
6.94844
6.95467
6.96176
6.96976
6.9787
6.98863
6.99957
7.01151
7.02444
7.03833
7.05308
7.06857
7.0846
7.10087
7.11686
7.13192
7.14607
7.15915
7.16098
-0.108765
-0.155426
-0.209652
-0.258266
-0.289044
-0.294313
-0.267913
-0.20543
-0.103718
0.0399873
0.225328
0.448308
0.703847
0.986043
1.2886
1.60522
1.92984
2.2569
2.58144
2.89915
3.20646
3.50052
3.77915
4.04084
4.2847
4.51037
4.718
4.90814
5.08165
5.23963
5.38333
5.51405
5.63312
5.74177
5.8412
5.93244
6.01644
6.094
6.16579
6.23237
6.29421
6.35171
6.40517
6.45485
6.50099
6.54377
6.58335
6.61989
6.65353
6.68443
6.7127
6.7385
6.76194
6.78316
6.80227
6.8194
6.83466
6.84816
6.86001
6.87034
6.87925
6.88687
6.89331
6.8987
6.90315
6.90681
6.90978
6.91221
6.91421
6.91587
6.91731
6.91864
6.91994
6.92133
6.92289
6.9247
6.92685
6.92942
6.93248
6.93612
6.94041
6.9454
6.95115
6.95773
6.96516
6.9735
6.98277
6.99299
7.00414
7.01622
7.02917
7.04289
7.05726
7.07207
7.08701
7.10161
7.11523
7.1277
7.13872
7.13996
-0.115046
-0.174597
-0.24187
-0.303986
-0.347184
-0.362967
-0.344617
-0.287396
-0.188012
-0.0435815
0.145202
0.373535
0.635679
0.9252
1.23538
1.5596
1.89158
2.22559
2.55657
2.88016
3.19273
3.4914
3.77396
4.03891
4.28535
4.51297
4.72195
4.9129
5.08677
5.24476
5.38819
5.51847
5.63699
5.74506
5.84391
5.93465
6.01823
6.09546
6.16703
6.23349
6.29532
6.35287
6.40646
6.45634
6.50269
6.54569
6.58549
6.62222
6.65602
6.68702
6.71534
6.74114
6.76454
6.78568
6.8047
6.82173
6.8369
6.85032
6.8621
6.87237
6.88122
6.88877
6.89514
6.90044
6.90478
6.9083
6.91112
6.91338
6.91517
6.9166
6.9178
6.91887
6.9199
6.92099
6.92223
6.92372
6.92553
6.92774
6.93042
6.93366
6.93751
6.94204
6.9473
6.95335
6.96022
6.96794
6.97655
6.98603
6.99639
7.0076
7.01959
7.03227
7.04549
7.05904
7.07262
7.08578
7.09791
7.10871
7.1179
7.11864
-0.11952
-0.196989
-0.281202
-0.359061
-0.415829
-0.44244
-0.431813
-0.378986
-0.280242
-0.13289
0.0614573
0.297125
0.567666
0.866084
1.18524
1.5182
1.85847
2.2002
2.53822
2.86813
3.18625
3.48969
3.77623
4.04437
4.29321
4.5225
4.73247
4.92383
5.09761
5.25513
5.39784
5.52722
5.64477
5.75186
5.84981
5.93973
6.02262
6.09931
6.17046
6.23664
6.2983
6.35582
6.40947
6.45949
6.50605
6.5493
6.58937
6.62636
6.66039
6.69156
6.71999
6.74582
6.76916
6.79019
6.80903
6.82583
6.84075
6.85391
6.86545
6.87547
6.88409
6.89143
6.89758
6.90267
6.9068
6.91009
6.91269
6.91469
6.91622
6.91738
6.91829
6.91905
6.91976
6.92052
6.92142
6.92255
6.924
6.92582
6.9281
6.93091
6.93431
6.93837
6.94313
6.94863
6.95492
6.96201
6.96993
6.97868
6.98824
6.99856
7.00959
7.02121
7.03328
7.04558
7.05782
7.06958
7.0803
7.08964
7.09736
7.09807
-0.121949
-0.222266
-0.326816
-0.421772
-0.492334
-0.529255
-0.525352
-0.475569
-0.375266
-0.222433
-0.0204379
0.224263
0.504543
0.812886
1.14178
1.48402
1.83297
2.18265
2.52785
2.86411
3.18775
3.49585
3.78618
4.05724
4.30817
4.53874
4.74928
4.94057
5.1138
5.27038
5.41191
5.54
5.6562
5.76198
5.85872
5.94757
6.02955
6.10547
6.17602
6.24175
6.3031
6.36043
6.41402
6.46408
6.51078
6.55424
6.59457
6.63184
6.66615
6.69756
6.72618
6.75211
6.77547
6.7964
6.81505
6.83159
6.84617
6.85895
6.87008
6.8797
6.88794
6.8949
6.90069
6.90544
6.90923
6.91221
6.91449
6.91617
6.91737
6.91821
6.91877
6.91918
6.91953
6.91993
6.92045
6.9212
6.92225
6.92367
6.92553
6.92789
6.93083
6.9344
6.93863
6.94359
6.94928
6.95574
6.96297
6.97096
6.9797
6.98914
6.99921
7.00978
7.02072
7.03181
7.04277
7.05321
7.06263
7.07067
7.07719
7.07789
-0.122323
-0.2508
-0.378355
-0.490315
-0.573521
-0.619097
-0.620037
-0.571262
-0.466589
-0.305437
-0.0939228
0.16102
0.451739
0.770313
1.10896
1.46031
1.81763
2.17489
2.52684
2.86903
3.19777
3.51009
3.80377
4.07729
4.32982
4.56118
4.77178
4.96251
5.13469
5.2899
5.42986
5.5563
5.67085
5.77506
5.87037
5.95798
6.03889
6.11392
6.18374
6.24888
6.30978
6.36679
6.42019
6.47016
6.51687
6.56044
6.60095
6.63845
6.67302
6.7047
6.73355
6.75966
6.78311
6.80402
6.82253
6.83881
6.85303
6.86538
6.87602
6.88511
6.89281
6.89924
6.90453
6.90879
6.91213
6.91467
6.91654
6.91783
6.91863
6.91907
6.91925
6.91926
6.91922
6.91921
6.91934
6.91968
6.92031
6.92131
6.92273
6.92463
6.92709
6.93015
6.93386
6.93825
6.94334
6.94915
6.95569
6.96294
6.97087
6.97943
6.98854
6.9981
7.00794
7.01787
7.02763
7.03686
7.04512
7.05206
7.05761
7.05846
-0.119973
-0.283206
-0.435573
-0.562187
-0.654965
-0.706124
-0.709016
-0.658181
-0.545814
-0.373734
-0.15149
0.114012
0.414884
0.742999
1.09046
1.44986
1.81444
2.17821
2.53592
2.88312
3.2161
3.5319
3.82824
4.10359
4.35713
4.58872
4.79884
4.98852
5.15922
5.31267
5.45074
5.57528
5.68799
5.79048
5.88427
5.97057
6.05037
6.12449
6.19353
6.25801
6.31837
6.37497
6.42806
6.47782
6.52441
6.56795
6.60852
6.64615
6.6809
6.7128
6.74188
6.76818
6.79178
6.81274
6.8312
6.84728
6.86118
6.87308
6.88318
6.89166
6.89871
6.90449
6.90914
6.91278
6.91553
6.91753
6.91888
6.91967
6.92001
6.91999
6.91972
6.9193
6.91882
6.91839
6.91808
6.91799
6.91818
6.91874
6.91971
6.92114
6.92311
6.92566
6.92883
6.93265
6.93714
6.94231
6.94815
6.95466
6.96179
6.96949
6.97768
6.98626
6.99506
7.00391
7.01255
7.02068
7.0279
7.0339
7.03865
7.03962
-0.114031
-0.319173
-0.496958
-0.632553
-0.729304
-0.781539
-0.782804
-0.72511
-0.601477
-0.417568
-0.18493
0.0899621
0.39929
0.734958
1.08913
1.45449
1.82437
2.19282
2.55465
2.90543
3.24143
3.55964
3.85775
4.13417
4.38805
4.61931
4.82848
5.0167
5.18559
5.33705
5.4731
5.5957
5.70655
5.8073
5.89961
5.98469
6.06349
6.13678
6.20511
6.26895
6.32876
6.38492
6.43765
6.48711
6.53346
6.57686
6.61735
6.65497
6.68978
6.7218
6.75103
6.77751
6.80126
6.82232
6.84077
6.85674
6.87038
6.88188
6.89145
6.89929
6.90563
6.91066
6.91454
6.91743
6.91947
6.92081
6.92154
6.92174
6.92152
6.92098
6.9202
6.9193
6.91835
6.91745
6.91669
6.91614
6.91588
6.91598
6.91649
6.91745
6.91892
6.92096
6.92359
6.92684
6.93073
6.93525
6.94042
6.94619
6.95255
6.95942
6.96673
6.97436
6.98219
6.99002
6.99764
7.00477
7.01108
7.01627
7.02036
7.02148
-0.12436
-0.361769
-0.556229
-0.689342
-0.782344
-0.831655
-0.829179
-0.759251
-0.620799
-0.427756
-0.18725
0.0942404
0.408971
0.749036
1.10681
1.47515
1.84754
2.21816
2.58187
2.93426
3.27158
3.59076
3.88941
4.16585
4.41924
4.64949
4.85722
5.04365
5.21057
5.36007
5.49428
5.61527
5.72471
5.82411
5.91522
5.99939
6.07747
6.15021
6.21803
6.28131
6.34064
6.39642
6.44882
6.49795
6.544
6.58717
6.62747
6.66494
6.69969
6.73169
6.76096
6.78753
6.81139
6.83254
6.85103
6.86694
6.88039
6.89156
6.90065
6.90788
6.91348
6.9177
6.92073
6.92275
6.92398
6.92455
6.92454
6.92405
6.92319
6.92204
6.92071
6.91926
6.91781
6.91642
6.91517
6.91415
6.91343
6.91306
6.9131
6.91358
6.91455
6.91607
6.91816
6.92085
6.92414
6.92804
6.93254
6.93761
6.94321
6.94928
6.95574
6.9625
6.96941
6.9763
6.98299
6.98923
6.99472
6.99921
7.00274
7.00398
-0.154165
-0.438815
-0.602286
-0.710637
-0.793998
-0.838242
-0.825309
-0.741556
-0.593682
-0.395418
-0.151541
0.131842
0.447281
0.78719
1.14424
1.51156
1.88282
2.25232
2.61503
2.96654
3.30305
3.62139
3.91907
4.19433
4.4463
4.6749
4.88078
5.06527
5.23032
5.37819
5.51102
5.63082
5.73932
5.83811
5.92886
6.01277
6.09072
6.16348
6.23124
6.29422
6.35326
6.40889
6.46115
6.50999
6.55571
6.59868
6.63877
6.676
6.71057
6.74243
6.7716
6.79816
6.82205
6.84323
6.86175
6.87763
6.89096
6.90188
6.91056
6.91723
6.92213
6.92553
6.92766
6.92875
6.92907
6.92876
6.9279
6.92663
6.92503
6.92321
6.92124
6.91921
6.9172
6.91529
6.91354
6.91203
6.91083
6.90998
6.90955
6.90956
6.91004
6.91104
6.9126
6.91473
6.91744
6.92073
6.92457
6.92896
6.93383
6.93914
6.94481
6.95073
6.95679
6.96283
6.96867
6.9741
6.97887
6.98275
6.9858
6.98712
-0.192222
-0.513774
-0.58976
-0.655534
-0.733181
-0.774499
-0.74686
-0.655556
-0.50959
-0.314532
-0.074794
0.203481
0.513145
0.846948
1.19787
1.5593
1.92512
2.28976
2.64825
2.99617
3.32964
3.64535
3.94063
4.21363
4.46348
4.6901
4.89412
5.07688
5.24053
5.38752
5.51986
5.63934
5.74757
5.84646
5.93779
6.02239
6.10096
6.17418
6.24239
6.3059
6.36539
6.42141
6.47392
6.52259
6.56809
6.61105
6.65098
6.68787
6.72223
6.75386
6.78282
6.8093
6.83314
6.85429
6.87279
6.88862
6.90186
6.91259
6.92096
6.92716
6.93142
6.93402
6.93523
6.93538
6.93474
6.93345
6.93165
6.92948
6.92706
6.92448
6.92181
6.91915
6.91654
6.91407
6.9118
6.90979
6.9081
6.90677
6.90586
6.9054
6.90539
6.90588
6.90692
6.9085
6.91065
6.91334
6.91656
6.92029
6.92447
6.92906
6.93398
6.93913
6.9444
6.94964
6.95471
6.95942
6.96355
6.96689
6.9695
6.97088
-0.0519969
-0.447887
-0.505872
-0.55342
-0.615501
-0.641917
-0.614705
-0.52981
-0.391316
-0.204055
0.0267869
0.295085
0.594135
0.917166
1.25759
1.60912
1.96591
2.32254
2.6741
3.01612
3.34465
3.65622
3.94795
4.21791
4.4653
4.68991
4.89214
5.07324
5.23597
5.38316
5.51633
5.63684
5.74617
5.84689
5.94064
6.02757
6.10819
6.18308
6.2527
6.31744
6.37785
6.43436
6.48707
6.53603
6.58181
6.6249
6.66438
6.70059
6.73463
6.76599
6.79461
6.82097
6.84473
6.86575
6.88413
6.89984
6.91294
6.92351
6.93163
6.93742
6.94111
6.94297
6.94333
6.94257
6.94093
6.93859
6.93576
6.93261
6.92928
6.92586
6.92243
6.91907
6.91584
6.91279
6.90997
6.90744
6.90525
6.90344
6.90206
6.90112
6.90064
6.90063
6.90116
6.90222
6.90381
6.90593
6.90855
6.91164
6.91517
6.91907
6.92328
6.9277
6.93223
6.93675
6.94111
6.94515
6.9487
6.95155
6.95379
6.95516
0.771072
0.379943
0.150572
-0.0110152
-0.151307
-0.245214
-0.278701
-0.249517
-0.160975
-0.0178233
0.1745
0.409592
0.680299
0.979238
1.2992
1.63338
1.97551
2.31985
2.66123
2.99497
3.31687
3.62328
3.9111
4.1786
4.42527
4.65016
4.85268
5.03399
5.19886
5.3506
5.48968
5.61719
5.73465
5.84245
5.94083
6.03117
6.11456
6.19175
6.2633
6.32968
6.39138
6.44876
6.50207
6.55152
6.59749
6.64027
6.6797
6.71634
6.75104
6.78223
6.80985
6.83558
6.85877
6.87908
6.89699
6.91235
6.92524
6.93567
6.94357
6.94902
6.9522
6.95343
6.95307
6.95136
6.94855
6.94496
6.94088
6.93652
6.93204
6.92757
6.92319
6.91897
6.91495
6.91119
6.90771
6.90457
6.9018
6.89943
6.89749
6.89602
6.895
6.89445
6.89439
6.89486
6.89584
6.89732
6.89927
6.90168
6.90448
6.90763
6.91107
6.91471
6.91845
6.92219
6.9258
6.92915
6.93208
6.93443
6.93627
6.93749
0.268262
0.0780923
-0.0851678
-0.176295
-0.224027
-0.234744
-0.204702
-0.131703
-0.0169154
0.137021
0.326937
0.549118
0.799303
1.07289
1.36514
1.67132
1.98677
2.30692
2.62729
2.94341
3.25059
3.54393
3.81874
4.07578
4.31712
4.54236
4.7523
4.94827
5.129
5.29327
5.44281
5.5794
5.70435
5.81852
5.92292
6.0188
6.10714
6.18872
6.26415
6.33396
6.39862
6.45851
6.51391
6.56511
6.61241
6.65607
6.69621
6.73317
6.76729
6.79811
6.82614
6.85224
6.87491
6.8944
6.91216
6.92747
6.94014
6.95024
6.95777
6.96288
6.96567
6.96632
6.96502
6.96211
6.95794
6.95288
6.94728
6.94143
6.93552
6.92972
6.92414
6.91883
6.91384
6.90921
6.90495
6.90108
6.89763
6.89462
6.89207
6.88999
6.88839
6.88725
6.88658
6.8864
6.88672
6.88752
6.88877
6.89044
6.89249
6.89487
6.89751
6.90035
6.9033
6.90626
6.90913
6.91179
6.91411
6.91595
6.9174
6.91856
0.162
0.120081
0.0564567
0.0100833
-0.0154179
-0.0206286
0.00032591
0.0533345
0.141028
0.263547
0.419581
0.606746
0.821779
1.06081
1.31963
1.59398
1.87965
2.17255
2.46879
2.76476
3.05775
3.34602
3.6289
3.90269
4.16198
4.40488
4.63065
4.8388
5.02879
5.20142
5.35876
5.50284
5.63532
5.75748
5.87034
5.97473
6.07129
6.16054
6.243
6.31913
6.38939
6.45418
6.51383
6.56868
6.61902
6.66516
6.70731
6.74575
6.78077
6.81238
6.84094
6.86679
6.88957
6.90993
6.92784
6.94247
6.95454
6.96436
6.97155
6.97636
6.97871
6.97875
6.97665
6.97272
6.96734
6.96091
6.95384
6.94647
6.93909
6.9319
6.92504
6.91859
6.91259
6.90705
6.90199
6.8974
6.89328
6.88965
6.8865
6.88385
6.88169
6.88
6.87875
6.87798
6.87769
6.87785
6.87844
6.87944
6.8808
6.88246
6.88439
6.8865
6.88873
6.89099
6.8932
6.89525
6.89703
6.89842
6.89948
6.90054
0.0946964
0.0731893
0.0326359
-0.00164746
-0.0166496
-0.00845493
0.0263662
0.0907485
0.185734
0.310634
0.463708
0.642548
0.84426
1.06562
1.30319
1.55356
1.81344
2.07981
2.35005
2.62212
2.89405
3.16338
3.42789
3.68478
3.93224
4.1698
4.39706
4.61323
4.81726
5.00833
5.18604
5.35038
5.50171
5.64083
5.76882
5.88685
5.99593
6.09683
6.19012
6.27624
6.35558
6.42849
6.49534
6.55647
6.61223
6.66296
6.70896
6.75054
6.78801
6.82159
6.85157
6.87826
6.90172
6.92233
6.94016
6.95529
6.9681
6.9776
6.98418
6.98866
6.99053
6.99009
6.98738
6.98266
6.97628
6.96866
6.96023
6.95142
6.94258
6.93399
6.92584
6.91821
6.91117
6.90472
6.89885
6.89354
6.88877
6.88454
6.88082
6.87762
6.87493
6.87273
6.87097
6.86963
6.86877
6.86835
6.86834
6.86871
6.86943
6.87046
6.87173
6.87319
6.87477
6.87641
6.87802
6.87953
6.88083
6.88181
6.88254
6.8835
0.059469
0.0526882
0.0399404
0.0329208
0.0403552
0.0656996
0.111115
0.178621
0.269467
0.383869
0.521209
0.680238
0.859202
1.05596
1.26814
1.49322
1.7286
1.9718
2.22033
2.47167
2.72335
2.97349
3.22048
3.46272
3.69887
3.92798
4.14944
4.36283
4.56783
4.76421
4.95171
5.13001
5.29864
5.45711
5.60507
5.74253
5.8698
5.98744
6.09609
6.19631
6.28861
6.37335
6.45091
6.52161
6.58582
6.64389
6.6962
6.74312
6.78501
6.82221
6.85507
6.88394
6.90907
6.93078
6.94931
6.96485
6.97767
6.98765
6.99517
6.99944
7.00072
6.9999
6.99669
6.99137
6.98422
6.97561
6.96602
6.95591
6.94572
6.93579
6.92636
6.91758
6.90951
6.90216
6.8955
6.88949
6.8841
6.8793
6.87505
6.87134
6.86815
6.86547
6.86322
6.8614
6.86001
6.85905
6.85849
6.85829
6.85843
6.85887
6.85954
6.86041
6.86142
6.86249
6.86358
6.86459
6.86546
6.86607
6.86648
6.86731
0.0325094
0.0313242
0.0300908
0.0341933
0.0492467
0.0788879
0.125574
0.191257
0.277204
0.38382
0.510738
0.656992
0.821158
1.0015
1.19609
1.40282
1.61944
1.84361
2.07305
2.3057
2.5397
2.7734
3.00542
3.23453
3.45971
3.68013
3.89516
4.10429
4.3072
4.50374
4.69391
4.87771
5.05498
5.22538
5.38837
5.5433
5.68953
5.82656
5.95419
6.07244
6.18157
6.28191
6.3738
6.45757
6.53357
6.60216
6.66372
6.71866
6.7674
6.81038
6.84802
6.88074
6.90894
6.93299
6.95324
6.96999
6.98352
6.994
7.00173
7.00666
7.00879
7.00779
7.00413
6.99832
6.9906
6.98125
6.97072
6.95953
6.94815
6.937
6.9264
6.91654
6.90749
6.89929
6.89188
6.88523
6.87926
6.87393
6.8692
6.86502
6.86137
6.85823
6.85557
6.85331
6.85143
6.84998
6.84891
6.8482
6.84781
6.84771
6.84785
6.84818
6.84866
6.84923
6.84983
6.85041
6.85088
6.85115
6.85127
6.85197
0.0069416
0.00904835
0.015159
0.0279634
0.0507763
0.0863262
0.136517
0.2027
0.285751
0.386003
0.503279
0.636966
0.786103
0.949436
1.12544
1.31245
1.50874
1.71257
1.92221
2.13601
2.35241
2.56995
2.78729
3.00325
3.21686
3.42751
3.63479
3.83837
4.03789
4.23306
4.42371
4.60981
4.79136
4.96824
5.14016
5.30663
5.46698
5.62041
5.76606
5.90317
6.03121
6.1499
6.25921
6.35926
6.45029
6.53258
6.60647
6.67237
6.73071
6.78198
6.82666
6.86528
6.89832
6.92627
6.94958
6.96866
6.98391
6.99562
7.00412
7.0096
7.01223
7.01229
7.00917
7.00304
6.99496
6.98508
6.97386
6.96182
6.94948
6.93732
6.9257
6.91489
6.90498
6.89602
6.88796
6.88072
6.87424
6.86845
6.86328
6.85869
6.85463
6.85109
6.84803
6.84536
6.84306
6.84116
6.83963
6.83845
6.83758
6.83699
6.83664
6.83648
6.83649
6.8366
6.83677
6.83694
6.83705
6.83701
6.83686
6.83741
-0.0220594
-0.0182586
-0.00828514
0.00910331
0.0356204
0.073062
0.122863
0.186101
0.263535
0.355561
0.462194
0.583102
0.717651
0.864951
1.02391
1.19328
1.37173
1.55785
1.75023
1.94745
2.14817
2.35114
2.55522
2.75938
2.96276
3.1647
3.3647
3.56252
3.758
3.95097
4.14123
4.32853
4.51274
4.69377
4.87151
5.04568
5.21581
5.38123
5.5411
5.69442
5.84017
5.97744
6.10551
6.22393
6.3325
6.43126
6.52035
6.60008
6.67082
6.73305
6.78728
6.83408
6.87404
6.90773
6.93573
6.95858
6.97677
6.99075
7.00094
7.00766
7.0112
7.01187
7.00964
7.00469
6.99681
6.98663
6.97492
6.96233
6.94931
6.93639
6.92399
6.91242
6.90183
6.89225
6.88365
6.87594
6.86904
6.86286
6.85732
6.85237
6.84795
6.84404
6.8406
6.8376
6.83494
6.83262
6.83067
6.82905
6.82774
6.8267
6.8259
6.82531
6.82488
6.82457
6.82434
6.82415
6.82394
6.82361
6.8232
6.82359
-0.0568653
-0.0521422
-0.0400285
-0.0200108
0.0086321
0.046915
0.0957915
0.156061
0.228327
0.312939
0.409975
0.519263
0.640407
0.772816
0.915729
1.06825
1.2294
1.3981
1.57326
1.75379
1.93861
2.12672
2.31718
2.50914
2.70185
2.89468
3.08713
3.27884
3.46958
3.65926
3.84783
4.03513
4.2209
4.40488
4.58685
4.7666
4.94387
5.11816
5.28881
5.45492
5.61544
5.76922
5.9151
6.05205
6.17926
6.29623
6.40271
6.49871
6.58442
6.66018
6.72647
6.78386
6.83297
6.87447
6.90902
6.93728
6.95989
6.97742
6.99041
6.99932
7.00455
7.00646
7.00528
7.00128
6.99482
6.98532
6.97343
6.96059
6.94722
6.93385
6.92097
6.90892
6.89787
6.88788
6.87892
6.87088
6.86366
6.85718
6.85134
6.84609
6.84137
6.83715
6.83338
6.83004
6.82705
6.82437
6.82203
6.82002
6.8183
6.81685
6.81564
6.81464
6.81381
6.81312
6.81253
6.812
6.81148
6.81089
6.81025
6.81049
-0.0988076
-0.0936592
-0.0805058
-0.0591656
-0.02967
0.00818194
0.0548309
0.110853
0.176763
0.252903
0.339446
0.436413
0.543672
0.660937
0.787779
0.923647
1.06788
1.21974
1.3784
1.54303
1.71278
1.88683
2.06442
2.24482
2.4274
2.61157
2.79684
2.9828
3.16915
3.35567
3.54226
3.72885
3.91535
4.10149
4.28694
4.47134
4.65439
4.83575
5.01494
5.19126
5.3638
5.53145
5.69294
5.84697
5.99229
6.12782
6.25277
6.36666
6.46932
6.56082
6.64147
6.71174
6.77224
6.82367
6.86676
6.90227
6.93095
6.95351
6.97062
6.98288
6.99081
6.99488
6.99544
6.99287
6.98753
6.9795
6.96884
6.9562
6.94282
6.92938
6.91638
6.90418
6.89298
6.88284
6.87372
6.86552
6.85813
6.85146
6.84541
6.83992
6.83494
6.83044
6.82637
6.82271
6.81943
6.81645
6.81374
6.81136
6.80926
6.80743
6.80584
6.80446
6.80326
6.80222
6.80129
6.80045
6.79965
6.79881
6.79794
6.79803
-0.1485
-0.143302
-0.129756
-0.107546
-0.0775403
-0.0405492
0.00346502
0.0550384
0.114644
0.182579
0.259057
0.344231
0.43817
0.540832
0.652071
0.771639
0.899185
1.03426
1.17632
1.32477
1.47902
1.63848
1.80258
1.97078
2.14256
2.31745
2.49498
2.67475
2.85636
3.03952
3.22399
3.40958
3.5962
3.78371
3.97185
4.16024
4.34842
4.53597
4.72245
4.90736
5.08996
5.26929
5.44418
5.61327
5.77513
5.92833
6.07161
6.20397
6.32471
6.43351
6.53035
6.6155
6.68945
6.75284
6.80645
6.85109
6.88761
6.91684
6.93956
6.95651
6.96833
6.97562
6.97887
6.97851
6.97496
6.96854
6.95961
6.94847
6.93575
6.92268
6.90998
6.89805
6.88706
6.87708
6.86807
6.85992
6.85252
6.84576
6.83958
6.83392
6.82873
6.82397
6.81963
6.81569
6.81212
6.80883
6.80581
6.80307
6.80062
6.79843
6.79648
6.79475
6.79321
6.79183
6.79059
6.78946
6.7884
6.78733
6.78627
6.78622
-0.206083
-0.201545
-0.188222
-0.164738
-0.133969
-0.0985266
-0.0584712
-0.0128865
0.0388238
0.0969869
0.161942
0.234056
0.313642
0.400928
0.496059
0.59909
0.70997
0.828513
0.954392
1.0872
1.22653
1.37198
1.52315
1.67965
1.84107
2.00701
2.17705
2.35079
2.52781
2.70774
2.89024
3.07501
3.26183
3.45052
3.64088
3.83266
4.02544
4.21872
4.41196
4.60466
4.79621
4.98584
5.1725
5.35491
5.53162
5.70107
5.86173
6.01217
6.15123
6.27808
6.39229
6.49379
6.58285
6.65999
6.72594
6.78153
6.82767
6.86526
6.89521
6.91834
6.93544
6.9472
6.95425
6.95713
6.95632
6.95226
6.94544
6.93635
6.92548
6.91355
6.90169
6.8905
6.88015
6.87069
6.86208
6.85421
6.84695
6.84023
6.834
6.8282
6.82282
6.81784
6.81324
6.809
6.80512
6.80157
6.79826
6.79518
6.79238
6.78984
6.78755
6.78549
6.78362
6.78194
6.7804
6.779
6.7777
6.77641
6.77515
6.77491
-0.270785
-0.268925
-0.256356
-0.229164
-0.19515
-0.159449
-0.121586
-0.0801948
-0.0348391
0.0146866
0.0688261
0.128157
0.193243
0.264602
0.342715
0.428005
0.520786
0.621189
0.729095
0.844307
0.966691
1.09614
1.2325
1.3756
1.52522
1.68106
1.84274
2.00985
2.1819
2.35843
2.53898
2.72311
2.91044
3.10062
3.29338
3.48847
3.68556
3.88425
4.08397
4.28412
4.48409
4.68316
4.88045
5.07482
5.26488
5.4491
5.62581
5.79335
5.9502
6.09509
6.22712
6.34582
6.45115
6.54344
6.62329
6.69151
6.74899
6.79669
6.83557
6.86653
6.89045
6.90814
6.92033
6.92766
6.93073
6.93007
6.92622
6.91978
6.91137
6.9017
6.89145
6.88157
6.87233
6.86377
6.85588
6.84854
6.8416
6.83503
6.8288
6.8229
6.81733
6.81212
6.80725
6.80272
6.79854
6.79468
6.79107
6.78768
6.78453
6.78164
6.77901
6.77662
6.77444
6.77245
6.77064
6.76898
6.76744
6.76595
6.76452
6.76422
-0.340498
-0.35122
-0.336229
-0.301141
-0.267153
-0.237398
-0.207046
-0.174012
-0.138438
-0.100266
-0.0588747
-0.0135064
0.0365562
0.0920316
0.153679
0.222273
0.298516
0.382812
0.474952
0.574736
0.682184
0.797356
0.920263
1.0509
1.18922
1.3351
1.48825
1.6483
1.81482
1.98737
2.16548
2.34863
2.53635
2.72816
2.92365
3.12242
3.32412
3.5284
3.73483
3.94287
4.15184
4.36089
4.56904
4.77519
4.97806
5.17619
5.36795
5.55159
5.72537
5.88771
6.03733
6.17339
6.29548
6.40365
6.49834
6.58023
6.65022
6.70926
6.75837
6.79853
6.83071
6.85577
6.87454
6.88775
6.89606
6.90008
6.90041
6.8977
6.89262
6.88591
6.87838
6.87053
6.86296
6.85578
6.84909
6.84273
6.83641
6.83016
6.82402
6.81806
6.81231
6.80685
6.80169
6.79685
6.79234
6.78816
6.78425
6.78055
6.77701
6.77375
6.77077
6.76804
6.76554
6.76325
6.76115
6.75922
6.75743
6.75571
6.75407
6.75347
-0.393748
-0.471857
-0.430356
-0.354751
-0.305753
-0.274803
-0.246596
-0.218251
-0.190918
-0.164391
-0.137429
-0.108794
-0.0774196
-0.0422454
-0.00211639
0.0442156
0.0980325
0.160323
0.230534
0.308808
0.395791
0.491964
0.59762
0.71303
0.838433
0.973794
1.11865
1.2724
1.43439
1.60398
1.7805
1.96327
2.15166
2.34509
2.54304
2.745
2.95054
3.15926
3.37082
3.58489
3.80102
4.01848
4.23625
4.45312
4.66777
4.87876
5.08441
5.28287
5.47217
5.6504
5.81589
5.96744
6.10444
6.22688
6.33531
6.43057
6.51368
6.58565
6.64742
6.69985
6.74373
6.77978
6.80871
6.83118
6.84785
6.85936
6.86636
6.86956
6.86968
6.86749
6.86376
6.85922
6.85409
6.84848
6.84335
6.83827
6.83261
6.82659
6.82043
6.81426
6.8082
6.80235
6.7968
6.79157
6.78669
6.78214
6.77791
6.77388
6.77007
6.76661
6.76346
6.76057
6.75794
6.75553
6.75333
6.75133
6.74949
6.74775
6.74613
6.74556
-0.431264
-0.859996
-0.7954
-0.667472
-0.610665
-0.587443
-0.565811
-0.543713
-0.525331
-0.511251
-0.500055
-0.490337
-0.48085
-0.470092
-0.455949
-0.43534
-0.403274
-0.36157
-0.315726
-0.266205
-0.211548
-0.150719
-0.0829031
-0.00694423
0.0789988
0.176715
0.286892
0.410086
0.54664
0.696451
0.858946
1.03331
1.21872
1.41442
1.61965
1.83364
2.05555
2.28446
2.51932
2.75897
3.00218
3.2477
3.49431
3.74081
3.98599
4.22859
4.46732
4.70086
4.9279
5.14712
5.35725
5.55699
5.74501
5.91999
6.08065
6.22594
6.35515
6.46807
6.56494
6.64649
6.71379
6.76816
6.81103
6.84385
6.86806
6.88496
6.89577
6.9016
6.90341
6.90205
6.8982
6.8924
6.88506
6.87675
6.86758
6.85696
6.84534
6.83428
6.82418
6.8148
6.80599
6.79781
6.79027
6.78335
6.77702
6.77126
6.76603
6.76131
6.75699
6.7529
6.74911
6.74572
6.74272
6.74002
6.73759
6.73541
6.73344
6.73162
6.72992
6.72853
-0.222106
-0.444644
-0.421625
-0.36884
-0.348835
-0.342451
-0.335122
-0.326411
-0.318566
-0.312285
-0.307536
-0.304458
-0.303495
-0.305371
-0.31118
-0.322605
-0.342837
-0.36752
-0.386063
-0.394771
-0.394222
-0.38469
-0.364816
-0.331262
-0.282069
-0.222098
-0.156433
-0.0848483
-0.00521879
0.0856065
0.189549
0.307939
0.441863
0.591843
0.757808
0.939305
1.13568
1.34614
1.56976
1.80554
2.05233
2.3089
2.57392
2.84593
3.12339
3.40463
3.68788
3.97118
4.25241
4.52924
4.79914
5.05947
5.30759
5.54095
5.75731
5.95483
6.13224
6.28886
6.42467
6.5402
6.63652
6.71507
6.77755
6.82581
6.8617
6.88703
6.90349
6.91267
6.916
6.91475
6.91003
6.9028
6.89377
6.88353
6.87244
6.86074
6.84886
6.83697
6.82476
6.81216
6.80006
6.78911
6.77902
6.76972
6.76121
6.75347
6.74645
6.74013
6.73446
6.72942
6.72487
6.72057
6.71654
6.71292
6.70969
6.7068
6.7042
6.70188
6.69977
6.69796
-0.232359
-0.473209
-0.468317
-0.427611
-0.414792
-0.413382
-0.409982
-0.404206
-0.398226
-0.392744
-0.387617
-0.382652
-0.377714
-0.372646
-0.367237
-0.361229
-0.354325
-0.346066
-0.336791
-0.32754
-0.319557
-0.314162
-0.312999
-0.318757
-0.331932
-0.344971
-0.348026
-0.336734
-0.308009
-0.263301
-0.208023
-0.144151
-0.0696839
0.0179254
0.12083
0.240654
0.378421
0.534553
0.708993
0.901319
1.11083
1.33655
1.57728
1.83155
2.09771
2.37392
2.65813
2.94818
3.24174
3.53637
3.82952
4.11858
4.40093
4.67397
4.93522
5.18239
5.41347
5.62681
5.82118
5.99587
6.15067
6.28586
6.40218
6.50076
6.58296
6.65032
6.70443
6.74689
6.77922
6.80287
6.81915
6.82926
6.83429
6.83518
6.83274
6.82771
6.8207
6.81223
6.80273
6.79274
6.78265
6.77214
6.76153
6.75172
6.74267
6.73431
6.72663
6.71962
6.71327
6.70754
6.7024
6.69784
6.69376
6.68995
6.6864
6.68326
6.68053
6.67815
6.67606
6.67437
-0.196095
-0.395268
-0.386738
-0.350568
-0.340331
-0.341051
-0.340559
-0.338212
-0.335774
-0.333792
-0.332132
-0.330688
-0.329463
-0.328479
-0.327738
-0.327207
-0.326799
-0.326323
-0.325454
-0.323801
-0.321053
-0.317039
-0.311697
-0.305024
-0.296952
-0.287757
-0.279016
-0.273165
-0.273752
-0.279281
-0.281128
-0.270463
-0.243977
-0.203341
-0.150003
-0.0833807
-0.00158049
0.0974785
0.215474
0.353505
0.512098
0.691261
0.890545
1.10908
1.34563
1.59858
1.86605
2.14588
2.43569
2.73295
3.03496
3.33896
3.6421
3.94151
4.2343
4.5177
4.78903
5.04584
5.286
5.50776
5.70988
5.89163
6.05285
6.1939
6.31559
6.41911
6.50585
6.57737
6.63527
6.68116
6.71656
6.74292
6.7616
6.77381
6.78067
6.78317
6.78218
6.77848
6.77271
6.76546
6.75721
6.74837
6.73943
6.73032
6.72119
6.71263
6.70468
6.69733
6.69058
6.68443
6.67887
6.67387
6.66941
6.66549
6.66203
6.65882
6.6559
6.65339
6.65126
6.64951
-0.186808
-0.378071
-0.373423
-0.342727
-0.336566
-0.34063
-0.343283
-0.343881
-0.34408
-0.344369
-0.344578
-0.344556
-0.34425
-0.343624
-0.34263
-0.341213
-0.339328
-0.336944
-0.334055
-0.330699
-0.326953
-0.322918
-0.318693
-0.314347
-0.309874
-0.305134
-0.299872
-0.293812
-0.286711
-0.278082
-0.268705
-0.26144
-0.256877
-0.250771
-0.237319
-0.211912
-0.17255
-0.11844
-0.0481329
0.0405421
0.149678
0.28079
0.434716
0.611641
0.811146
1.03225
1.27346
1.53285
1.80814
2.09671
2.39576
2.7023
3.01322
3.32534
3.63548
3.94045
4.23717
4.52271
4.79434
5.04967
5.28674
5.50407
5.70074
5.87644
6.03141
6.16635
6.28236
6.38081
6.46319
6.5311
6.58612
6.6298
6.66361
6.68893
6.70703
6.71908
6.72613
6.72913
6.72892
6.72622
6.72166
6.71578
6.70903
6.70178
6.69446
6.68702
6.67963
6.67276
6.66637
6.66047
6.65507
6.65019
6.64581
6.64194
6.63856
6.63569
6.63322
6.63094
6.62896
6.62739
-0.168846
-0.340869
-0.336078
-0.308515
-0.30373
-0.308582
-0.31248
-0.31481
-0.317011
-0.319446
-0.321891
-0.32416
-0.326174
-0.327885
-0.329241
-0.330191
-0.33069
-0.330694
-0.330164
-0.329061
-0.327357
-0.325037
-0.322101
-0.318571
-0.314485
-0.309907
-0.304927
-0.299633
-0.294093
-0.288312
-0.282197
-0.275443
-0.267303
-0.257474
-0.24675
-0.235407
-0.220887
-0.198487
-0.163788
-0.113593
-0.0451612
0.0441805
0.156708
0.293954
0.45661
0.644538
0.856845
1.09197
1.34781
1.62182
1.91109
2.21252
2.5228
2.83854
3.15631
3.47266
3.78422
4.08771
4.38004
4.65835
4.92015
5.1634
5.3866
5.58885
5.76987
5.92995
6.06986
6.19071
6.29386
6.38083
6.45317
6.51244
6.56017
6.59781
6.62674
6.64822
6.66343
6.67342
6.67915
6.68148
6.68114
6.67878
6.67494
6.67007
6.66456
6.6587
6.65282
6.64692
6.64118
6.63588
6.63098
6.6265
6.62245
6.61885
6.6157
6.61302
6.61081
6.60909
6.60765
6.60627
-0.153085
-0.309594
-0.306856
-0.284465
-0.283419
-0.291447
-0.298794
-0.304835
-0.310762
-0.316786
-0.322635
-0.328105
-0.333097
-0.337536
-0.341349
-0.344475
-0.346862
-0.34848
-0.349309
-0.349348
-0.348609
-0.347116
-0.344897
-0.341984
-0.338377
-0.33405
-0.329134
-0.323829
-0.31819
-0.312219
-0.305945
-0.299447
-0.292733
-0.285554
-0.277205
-0.266847
-0.254083
-0.23856
-0.218312
-0.189368
-0.146952
-0.0865074
-0.00412301
0.103209
0.237414
0.399281
0.588515
0.803886
1.04342
1.30457
1.58437
1.87957
2.18672
2.50226
2.82258
3.14408
3.46319
3.77644
4.08052
4.37232
4.64903
4.90828
5.14818
5.36747
5.56555
5.74242
5.89859
6.03502
6.15292
6.2537
6.33885
6.4099
6.46838
6.51575
6.5534
6.58266
6.60474
6.62076
6.63176
6.63863
6.64221
6.64319
6.64218
6.63971
6.63621
6.63201
6.62742
6.62266
6.618
6.61342
6.60906
6.60512
6.60158
6.59841
6.59566
6.59333
6.59145
6.59005
6.58907
6.58825
-0.129926
-0.264718
-0.265093
-0.250134
-0.254233
-0.266027
-0.277135
-0.287239
-0.297323
-0.307434
-0.31725
-0.326527
-0.335106
-0.342863
-0.349696
-0.355531
-0.360317
-0.364025
-0.366643
-0.368174
-0.36862
-0.367984
-0.366232
-0.36355
-0.360315
-0.356702
-0.352578
-0.347833
-0.342537
-0.336795
-0.330672
-0.324203
-0.317394
-0.310198
-0.302452
-0.293776
-0.283493
-0.270734
-0.25446
-0.232819
-0.202243
-0.157444
-0.0925336
-0.00255639
0.115712
0.263971
0.44182
0.64785
0.879913
1.13527
1.41077
1.703
2.00857
2.32375
2.6448
2.96805
3.28989
3.6068
3.91541
4.21255
4.49534
4.76128
5.00838
5.23525
5.44118
5.62606
5.79032
5.93477
6.06054
6.16894
6.2614
6.33938
6.40437
6.45778
6.501
6.53533
6.56199
6.58213
6.59677
6.60685
6.61322
6.61662
6.61769
6.61698
6.61496
6.61201
6.60845
6.60452
6.60043
6.59636
6.5925
6.5889
6.58555
6.58255
6.57999
6.57787
6.57624
6.5751
6.57438
6.57381
-0.0990696
-0.211359
-0.218644
-0.215175
-0.227172
-0.24488
-0.262154
-0.278691
-0.29482
-0.310324
-0.324885
-0.338298
-0.350433
-0.361208
-0.370567
-0.378484
-0.384947
-0.389957
-0.393511
-0.395591
-0.396155
-0.395706
-0.394854
-0.393437
-0.391109
-0.38783
-0.383729
-0.378906
-0.37345
-0.367445
-0.360964
-0.354072
-0.346811
-0.33919
-0.331165
-0.322575
-0.312967
-0.301632
-0.28729
-0.267638
-0.238793
-0.195121
-0.130169
-0.038552
0.0827443
0.234732
0.416775
0.627116
0.863272
1.12224
1.40071
1.69516
2.00201
2.31756
2.63815
2.96022
3.28025
3.59485
3.90076
4.19497
4.47474
4.73776
4.98223
5.20695
5.41132
5.59534
5.75948
5.9045
6.03118
6.14079
6.23471
6.31435
6.38111
6.43634
6.48137
6.51745
6.54578
6.56746
6.5835
6.59484
6.6023
6.60663
6.60848
6.6084
6.60688
6.6043
6.60101
6.59727
6.5933
6.58926
6.58531
6.58153
6.57804
6.57495
6.57227
6.57005
6.56831
6.56705
6.56624
6.56558
-0.0597261
-0.145999
-0.167183
-0.181532
-0.203786
-0.22827
-0.251732
-0.27386
-0.29469
-0.314088
-0.331911
-0.348062
-0.362463
-0.375083
-0.385913
-0.39495
-0.40217
-0.407521
-0.410976
-0.413289
-0.415266
-0.416429
-0.41625
-0.414829
-0.412338
-0.408906
-0.404653
-0.399689
-0.394116
-0.388026
-0.381486
-0.374526
-0.367112
-0.359087
-0.350147
-0.339992
-0.327941
-0.312965
-0.293956
-0.268774
-0.232889
-0.179419
-0.101366
0.00606354
0.144756
0.313791
0.511469
0.73556
0.983332
1.2517
1.53739
1.83712
2.14713
2.46379
2.78358
3.10305
3.41883
3.72766
4.02647
4.31244
4.5831
4.83645
5.07103
5.28599
5.481
5.65623
5.81228
5.95022
6.07101
6.17565
6.26545
6.3418
6.40602
6.45911
6.50229
6.53678
6.56372
6.58418
6.59913
6.60947
6.616
6.61945
6.62044
6.61952
6.61716
6.61376
6.60965
6.60511
6.60035
6.59556
6.59088
6.58642
6.58228
6.57851
6.57518
6.57233
6.56999
6.56822
6.56697
6.56592
-0.0239608
-0.0753186
-0.115649
-0.148477
-0.179766
-0.209636
-0.237554
-0.263424
-0.287267
-0.30908
-0.328866
-0.346688
-0.362519
-0.37626
-0.387855
-0.397232
-0.404364
-0.41007
-0.415313
-0.419553
-0.422116
-0.423139
-0.422799
-0.421231
-0.41854
-0.414808
-0.410093
-0.404426
-0.397804
-0.390175
-0.381429
-0.371382
-0.359766
-0.346239
-0.330404
-0.311829
-0.289981
-0.263638
-0.230291
-0.185809
-0.124832
-0.0418747
0.06732
0.20498
0.37133
0.564942
0.783794
1.02543
1.28701
1.56549
1.85769
2.16037
2.47007
2.78343
3.09718
3.4081
3.71309
4.00919
4.29363
4.56397
4.81815
5.0546
5.27226
5.47064
5.64971
5.80982
5.95163
6.07613
6.18467
6.27838
6.35844
6.42607
6.48273
6.52958
6.56748
6.59732
6.62003
6.63661
6.648
6.65508
6.6586
6.65924
6.65762
6.65425
6.64958
6.644
6.63783
6.63134
6.62475
6.61822
6.61192
6.60594
6.60038
6.59531
6.59078
6.58683
6.58351
6.58085
6.57878
6.57698
-0.0219675
-0.0591644
-0.0947104
-0.128287
-0.160054
-0.19013
-0.2185
-0.245083
-0.269767
-0.292422
-0.312899
-0.331073
-0.346844
-0.35998
-0.370368
-0.37913
-0.387424
-0.394584
-0.399758
-0.402932
-0.404245
-0.403804
-0.40167
-0.397883
-0.392461
-0.385407
-0.376697
-0.366289
-0.35411
-0.340058
-0.323981
-0.305649
-0.284691
-0.260494
-0.232065
-0.197908
-0.155983
-0.103757
-0.0383112
0.0435237
0.144914
0.26858
0.416294
0.588606
0.784899
1.00364
1.24282
1.50004
1.7726
2.05765
2.35218
2.65315
2.9574
3.26185
3.5635
3.85944
4.14691
4.42336
4.68647
4.93432
5.16536
5.37853
5.57326
5.74942
5.90726
6.04737
6.17052
6.27771
6.3701
6.44884
6.51507
6.56995
6.61461
6.65046
6.67879
6.70066
6.71635
6.72647
6.73192
6.73352
6.73198
6.72794
6.72197
6.71455
6.70609
6.69697
6.68748
6.67788
6.66836
6.65911
6.65026
6.64191
6.63415
6.62704
6.62064
6.61497
6.61009
6.60601
6.60266
6.59972
-0.0275331
-0.0615776
-0.0888587
-0.116659
-0.144022
-0.170183
-0.19482
-0.217651
-0.238379
-0.256665
-0.27217
-0.285129
-0.296798
-0.308113
-0.318969
-0.328222
-0.334905
-0.339109
-0.340981
-0.340613
-0.338063
-0.333367
-0.326534
-0.31755
-0.306361
-0.29287
-0.276913
-0.258246
-0.236517
-0.211244
-0.181785
-0.147326
-0.106865
-0.0592177
-0.00302148
0.0632593
0.141321
0.232982
0.340104
0.464461
0.607573
0.770489
0.953606
1.15658
1.37839
1.61744
1.87176
2.13907
2.41686
2.70248
2.99314
3.28605
3.57836
3.86732
4.15027
4.4247
4.68828
4.93895
5.17496
5.39491
5.59784
5.78318
5.95077
6.10081
6.23379
6.35043
6.45162
6.53837
6.61177
6.67293
6.72297
6.76298
6.79401
6.8171
6.83328
6.84418
6.85028
6.85172
6.84917
6.84337
6.835
6.82463
6.81277
6.79986
6.78629
6.77239
6.75843
6.74465
6.73123
6.71833
6.70607
6.69456
6.68387
6.67405
6.66515
6.6572
6.65022
6.64425
6.63919
6.6347
-0.0244762
-0.0449539
-0.0606839
-0.077253
-0.0939642
-0.110745
-0.127538
-0.144134
-0.160357
-0.176145
-0.191471
-0.205786
-0.217787
-0.226848
-0.233222
-0.237023
-0.238241
-0.236841
-0.232757
-0.225903
-0.216164
-0.203397
-0.18742
-0.168007
-0.144878
-0.117696
-0.086051
-0.0494641
-0.00737219
0.0408745
0.0960212
0.15891
0.230482
0.311766
0.403864
0.507917
0.625064
0.756385
0.902836
1.06516
1.24381
1.43884
1.64985
1.87597
2.11592
2.36804
2.63037
2.90075
3.17684
3.45619
3.73627
4.01458
4.28864
4.55607
4.81464
5.06229
5.29723
5.51792
5.72317
5.91213
6.08431
6.23958
6.3781
6.50031
6.60687
6.69858
6.77637
6.84124
6.89425
6.93645
6.96888
6.99259
7.00857
7.01772
7.02099
7.01984
7.01504
7.00633
6.99437
6.97986
6.96341
6.94551
6.92664
6.90719
6.88749
6.86786
6.84854
6.82974
6.81163
6.79435
6.77801
6.76269
6.74847
6.73538
6.72347
6.71275
6.70325
6.69497
6.68784
6.68147
-0.0158225
-0.0270793
-0.0383274
-0.0505784
-0.0630898
-0.0751501
-0.0863049
-0.0962603
-0.104758
-0.111606
-0.116674
-0.11984
-0.120909
-0.119638
-0.115796
-0.109146
-0.0994568
-0.086504
-0.0700633
-0.0499027
-0.0257714
0.00260482
0.0355333
0.0733575
0.116465
0.165289
0.220315
0.28208
0.351174
0.428233
0.513941
0.609009
0.714173
0.830163
0.957689
1.0974
1.24987
1.41552
1.59461
1.78715
1.99291
2.21133
2.44156
2.68242
2.93245
3.18995
3.45302
3.71961
3.98756
4.25465
4.51867
4.77744
5.02887
5.27101
5.50207
5.72052
5.92503
6.1146
6.28852
6.44639
6.58808
6.71377
6.82386
6.91893
6.99971
7.06707
7.12192
7.16526
7.19809
7.2214
7.2362
7.24343
7.244
7.23883
7.22928
7.21628
7.19992
7.18042
7.15845
7.13463
7.10948
7.08346
7.05699
7.03042
7.00406
6.97817
6.95299
6.92869
6.90543
6.88333
6.86249
6.84299
6.82487
6.80817
6.79292
6.77913
6.7668
6.75595
6.74649
6.73799
-0.00520307
-0.00776303
-0.0103042
-0.012799
-0.014947
-0.0164753
-0.0171032
-0.0165481
-0.0145216
-0.0107303
-0.00486882
0.00337334
0.0142997
0.0281947
0.0453328
0.0659857
0.0904316
0.118956
0.151857
0.189447
0.23206
0.280045
0.333779
0.393659
0.46011
0.533576
0.614529
0.703453
0.800849
0.907221
1.02307
1.14887
1.28507
1.43207
1.59018
1.75961
1.94045
2.13264
2.33593
2.54987
2.7738
3.00681
3.24779
3.4954
3.74812
4.00425
4.262
4.51946
4.77469
5.02574
5.27072
5.50779
5.73526
5.95158
6.15542
6.34564
6.52138
6.68202
6.82722
6.95688
7.07113
7.17033
7.25499
7.32577
7.38346
7.42892
7.46305
7.48681
7.50117
7.50709
7.50548
7.49719
7.48315
7.4652
7.44418
7.41966
7.39206
7.36207
7.33032
7.29735
7.26362
7.22955
7.19551
7.16183
7.12879
7.09662
7.06552
7.03566
7.00719
6.98019
6.95477
6.93097
6.90885
6.88844
6.86974
6.85276
6.8375
6.82395
6.81204
6.80132
0.00448487
0.0119851
0.0195332
0.0274888
0.0361272
0.0457469
0.0566491
0.0691308
0.083488
0.100015
0.119013
0.140784
0.165644
0.19391
0.225906
0.261961
0.302413
0.347603
0.397883
0.453612
0.515161
0.582905
0.657234
0.73854
0.827222
0.92368
1.02831
1.1415
1.26361
1.39499
1.53593
1.68669
1.84744
2.01828
2.19921
2.39012
2.59076
2.80072
3.01944
3.24621
3.4801
3.72006
3.96484
4.21305
4.46318
4.71363
4.96271
5.2087
5.44988
5.68458
5.91117
6.12814
6.33414
6.52796
6.70859
6.87524
7.02734
7.16453
7.28669
7.39389
7.4864
7.56465
7.62921
7.68078
7.72012
7.74808
7.76556
7.77346
7.77272
7.76422
7.7488
7.72758
7.70305
7.67551
7.64398
7.60921
7.572
7.53302
7.49281
7.45186
7.41061
7.36945
7.32872
7.28871
7.24969
7.21188
7.17546
7.14057
7.10735
7.07589
7.04626
7.01851
6.99269
6.96881
6.94688
6.92689
6.90884
6.89272
6.87844
6.86558
0.0137662
0.0315748
0.0487946
0.0668171
0.0857278
0.105795
0.127338
0.150678
0.17614
0.204049
0.234739
0.268544
0.305805
0.346866
0.392074
0.441783
0.49635
0.556136
0.621506
0.692829
0.770473
0.854807
0.946196
1.045
1.15156
1.26622
1.38927
1.521
1.66165
1.81141
1.97042
2.13873
2.31633
2.50311
2.69885
2.90323
3.11578
3.33591
3.56289
3.79585
4.03378
4.27555
4.51988
4.76542
5.01071
5.25424
5.49448
5.72987
5.95889
6.18007
6.39204
6.59353
6.7834
6.96069
7.12462
7.27457
7.41014
7.53112
7.63748
7.72938
7.80711
7.87113
7.92201
7.96042
7.98711
8.00289
8.00863
8.00519
7.99339
7.97418
7.94966
7.92179
7.89005
7.85399
7.81432
7.77192
7.72748
7.68159
7.63478
7.58754
7.54029
7.4934
7.44721
7.40201
7.35804
7.31551
7.27459
7.23544
7.19817
7.16286
7.1296
7.09842
7.06936
7.04243
7.01764
6.99498
6.97444
6.95599
6.93956
6.92478
0.0209079
0.0455705
0.0687338
0.0933144
0.119131
0.146358
0.175306
0.206287
0.239618
0.27562
0.314624
0.356965
0.402984
0.453027
0.507449
0.566602
0.630846
0.70054
0.776045
0.857717
0.94591
1.04097
1.14323
1.253
1.37059
1.49627
1.63027
1.77279
1.92398
2.08393
2.25268
2.43017
2.61627
2.81075
3.01328
3.22344
3.44065
3.66426
3.89347
4.12737
4.36494
4.60503
4.84644
5.08785
5.32789
5.56517
5.79827
6.02577
6.24629
6.45853
6.66124
6.85331
7.03375
7.2017
7.35649
7.49759
7.62466
7.73751
7.83614
7.92069
7.99145
8.04882
8.09335
8.12564
8.14641
8.15641
8.15644
8.14721
8.12969
8.10658
8.0799
8.0487
8.01239
7.97184
7.92795
7.88148
7.83307
7.78332
7.73277
7.68189
7.6311
7.5808
7.53131
7.48291
7.43585
7.39034
7.34656
7.30465
7.26474
7.2269
7.19122
7.15773
7.12647
7.09746
7.07069
7.04616
7.02384
7.00372
6.98572
6.96958
0.0254744
0.0539179
0.0801575
0.108201
0.137665
0.16866
0.201494
0.236482
0.273939
0.31419
0.357568
0.40441
0.455063
0.509877
0.569207
0.633413
0.702856
0.777896
0.858892
0.946198
1.04016
1.14112
1.2494
1.36529
1.48908
1.62101
1.76128
1.91007
2.06748
2.23356
2.40829
2.59157
2.78322
2.98295
3.1904
3.40507
3.62636
3.85356
4.08584
4.32226
4.56179
4.80327
5.04549
5.28715
5.5269
5.76336
5.99515
6.22089
6.43925
6.64895
6.84881
7.03775
7.21483
7.37923
7.5303
7.66754
7.79064
7.89942
7.99387
8.07416
8.14055
8.19346
8.2334
8.261
8.27694
8.28197
8.27682
8.26221
8.24014
8.21416
8.18423
8.14842
8.10751
8.06257
8.01445
7.96386
7.91146
7.85786
7.8036
7.74917
7.69499
7.64144
7.58886
7.53752
7.48768
7.43954
7.39327
7.34902
7.3069
7.267
7.22937
7.19407
7.16112
7.13053
7.10229
7.07638
7.05278
7.03145
7.01233
6.99528
7.19353
7.19245
7.19229
7.19232
7.19229
7.19222
7.19217
7.19212
7.19207
7.19202
7.19198
7.19193
7.19189
7.19185
7.19181
7.19177
7.19173
7.19169
7.19166
7.19162
7.19159
7.19155
7.19151
7.19148
7.19144
7.19141
7.19137
7.19134
7.1913
7.19126
7.19122
7.19118
7.19114
7.1911
7.19106
7.19102
7.19097
7.19093
7.19088
7.19083
7.19078
7.19073
7.19068
7.19062
7.19056
7.1905
7.19044
7.19038
7.19031
7.19025
7.19018
7.19011
7.19003
7.18996
7.18988
7.1898
7.18972
7.18964
7.18955
7.18946
7.18937
7.18928
7.18919
7.1891
7.189
7.1889
7.1888
7.1887
7.1886
7.18849
7.18839
7.18828
7.18817
7.18806
7.18796
7.18784
7.18773
7.18762
7.18751
7.1874
7.18729
7.18718
7.18706
7.18695
7.18684
7.18673
7.18663
7.18652
7.18641
7.18631
7.18621
7.18611
7.18601
7.18592
7.18583
7.18575
7.18567
7.1856
7.18553
7.18546
7.18425
7.18335
7.18315
7.18312
7.18305
7.18296
7.18287
7.18278
7.18269
7.1826
7.18251
7.18242
7.18233
7.18224
7.18214
7.18204
7.18194
7.18184
7.18174
7.18163
7.18153
7.18142
7.1813
7.18118
7.18106
7.18094
7.18081
7.18068
7.18054
7.1804
7.18026
7.18011
7.17996
7.1798
7.17964
7.17947
7.1793
7.17912
7.17894
7.17875
7.17856
7.17836
7.17816
7.17795
7.17774
7.17752
7.1773
7.17707
7.17683
7.17659
7.17635
7.1761
7.17584
7.17558
7.17531
7.17504
7.17476
7.17448
7.1742
7.17391
7.17361
7.17331
7.173
7.17269
7.17238
7.17206
7.17174
7.17141
7.17108
7.17075
7.17041
7.17007
7.16973
7.16938
7.16904
7.16868
7.16833
7.16797
7.16761
7.16725
7.16689
7.16653
7.16616
7.16579
7.16543
7.16506
7.16469
7.16432
7.16395
7.16358
7.16321
7.16284
7.16247
7.1621
7.16173
7.16137
7.16102
7.16066
7.16026
7.1599
7.17151
7.17058
7.17009
7.16973
7.16938
7.16901
7.16865
7.16829
7.16794
7.16758
7.16723
7.16688
7.16654
7.16619
7.16584
7.16549
7.16514
7.16479
7.16444
7.16408
7.16372
7.16336
7.16299
7.16262
7.16225
7.16187
7.16149
7.1611
7.16071
7.16031
7.15991
7.1595
7.15908
7.15866
7.15824
7.1578
7.15737
7.15692
7.15647
7.15602
7.15556
7.15509
7.15462
7.15414
7.15366
7.15317
7.15268
7.15218
7.15167
7.15116
7.15065
7.15013
7.14961
7.14908
7.14854
7.14801
7.14746
7.14692
7.14637
7.14581
7.14525
7.14469
7.14412
7.14355
7.14298
7.14241
7.14183
7.14125
7.14066
7.14007
7.13948
7.13889
7.13829
7.1377
7.1371
7.13649
7.13589
7.13528
7.13467
7.13406
7.13345
7.13284
7.13222
7.1316
7.13098
7.13036
7.12974
7.12912
7.12849
7.12786
7.12724
7.12661
7.12598
7.12535
7.12472
7.1241
7.12349
7.12285
7.12213
7.12148
7.14848
7.1473
7.14668
7.14621
7.14574
7.14526
7.14478
7.1443
7.14383
7.14336
7.1429
7.14243
7.14197
7.14151
7.14105
7.14058
7.14012
7.13966
7.13919
7.13872
7.13825
7.13778
7.1373
7.13682
7.13633
7.13584
7.13535
7.13485
7.13434
7.13383
7.13332
7.1328
7.13227
7.13174
7.1312
7.13066
7.13011
7.12955
7.12899
7.12842
7.12784
7.12726
7.12667
7.12608
7.12548
7.12487
7.12426
7.12364
7.12302
7.12239
7.12175
7.12111
7.12046
7.11981
7.11915
7.11848
7.11781
7.11714
7.11645
7.11577
7.11508
7.11438
7.11368
7.11297
7.11226
7.11154
7.11082
7.11009
7.10936
7.10862
7.10788
7.10714
7.10639
7.10564
7.10488
7.10411
7.10335
7.10258
7.1018
7.10102
7.10024
7.09945
7.09866
7.09786
7.09706
7.09626
7.09545
7.09464
7.09383
7.09301
7.09219
7.09137
7.09055
7.08972
7.08889
7.08807
7.08726
7.08642
7.08548
7.08464
7.13026
7.12912
7.12839
7.1278
7.12721
7.12661
7.12602
7.12543
7.12484
7.12426
7.12369
7.12311
7.12253
7.12196
7.12138
7.12081
7.12023
7.11965
7.11907
7.11848
7.11789
7.1173
7.1167
7.1161
7.1155
7.11488
7.11426
7.11364
7.11301
7.11237
7.11173
7.11108
7.11042
7.10976
7.10908
7.1084
7.10772
7.10702
7.10632
7.10562
7.1049
7.10418
7.10345
7.10271
7.10196
7.10121
7.10045
7.09968
7.09891
7.09813
7.09734
7.09654
7.09574
7.09493
7.09412
7.0933
7.09247
7.09163
7.09079
7.08994
7.08909
7.08823
7.08736
7.08649
7.08561
7.08473
7.08384
7.08294
7.08204
7.08114
7.08022
7.07931
7.07838
7.07746
7.07652
7.07558
7.07464
7.07369
7.07274
7.07178
7.07082
7.06985
7.06888
7.0679
7.06691
7.06593
7.06494
7.06394
7.06294
7.06193
7.06092
7.05991
7.0589
7.05788
7.05686
7.05585
7.05485
7.05382
7.05266
7.05161
7.10934
7.10808
7.10722
7.10649
7.10577
7.10504
7.10432
7.1036
7.10289
7.10219
7.10149
7.10079
7.10009
7.0994
7.0987
7.09801
7.09731
7.09661
7.09591
7.09521
7.09451
7.0938
7.09308
7.09237
7.09164
7.09092
7.09018
7.08944
7.0887
7.08795
7.08719
7.08642
7.08565
7.08487
7.08408
7.08329
7.08249
7.08168
7.08086
7.08004
7.0792
7.07836
7.07752
7.07666
7.0758
7.07493
7.07405
7.07316
7.07227
7.07137
7.07046
7.06955
7.06862
7.06769
7.06676
7.06581
7.06486
7.0639
7.06294
7.06197
7.06099
7.06
7.05901
7.05801
7.057
7.05599
7.05497
7.05395
7.05292
7.05188
7.05084
7.04979
7.04873
7.04767
7.0466
7.04553
7.04445
7.04336
7.04227
7.04117
7.04007
7.03896
7.03784
7.03672
7.0356
7.03446
7.03333
7.03218
7.03103
7.02988
7.02872
7.02756
7.02639
7.02522
7.02405
7.02288
7.02173
7.02055
7.01922
7.018
7.09055
7.08933
7.08839
7.08756
7.08675
7.08593
7.08512
7.08432
7.08353
7.08273
7.08195
7.08116
7.08038
7.07959
7.07881
7.07803
7.07724
7.07646
7.07567
7.07488
7.07408
7.07328
7.07248
7.07167
7.07086
7.07004
7.06921
7.06838
7.06753
7.06669
7.06583
7.06497
7.0641
7.06322
7.06234
7.06144
7.06054
7.05963
7.05872
7.05779
7.05685
7.05591
7.05496
7.054
7.05303
7.05206
7.05107
7.05008
7.04908
7.04807
7.04705
7.04603
7.045
7.04395
7.04291
7.04185
7.04079
7.03972
7.03864
7.03755
7.03646
7.03536
7.03425
7.03313
7.03201
7.03088
7.02975
7.02861
7.02746
7.0263
7.02514
7.02397
7.02279
7.02161
7.02042
7.01923
7.01802
7.01682
7.0156
7.01438
7.01315
7.01192
7.01068
7.00944
7.00818
7.00693
7.00566
7.00439
7.00312
7.00184
7.00055
6.99926
6.99796
6.99666
6.99536
6.99407
6.99279
6.99148
6.99002
6.98866
7.0711
7.06984
7.06879
7.06785
7.06692
7.066
7.06509
7.06419
7.06329
7.06239
7.0615
7.06062
7.05973
7.05885
7.05797
7.05709
7.0562
7.05532
7.05443
7.05354
7.05265
7.05176
7.05086
7.04995
7.04904
7.04812
7.0472
7.04627
7.04534
7.0444
7.04345
7.04249
7.04153
7.04055
7.03957
7.03859
7.03759
7.03659
7.03557
7.03455
7.03352
7.03249
7.03144
7.03039
7.02933
7.02825
7.02718
7.02609
7.02499
7.02389
7.02278
7.02166
7.02053
7.0194
7.01826
7.0171
7.01595
7.01478
7.01361
7.01243
7.01124
7.01004
7.00884
7.00763
7.00642
7.00519
7.00396
7.00272
7.00148
7.00023
6.99897
6.99771
6.99643
6.99516
6.99387
6.99258
6.99128
6.98998
6.98867
6.98735
6.98603
6.9847
6.98336
6.98202
6.98067
6.97931
6.97795
6.97658
6.97521
6.97383
6.97244
6.97105
6.96965
6.96825
6.96685
6.96546
6.96408
6.96267
6.9611
6.95963
7.05283
7.0516
7.05048
7.04945
7.04846
7.04746
7.04648
7.0455
7.04453
7.04356
7.0426
7.04164
7.04068
7.03973
7.03877
7.03782
7.03686
7.03591
7.03495
7.03398
7.03302
7.03205
7.03107
7.0301
7.02911
7.02812
7.02712
7.02612
7.02511
7.02409
7.02307
7.02203
7.02099
7.01995
7.01889
7.01783
7.01675
7.01567
7.01458
7.01349
7.01238
7.01127
7.01014
7.00901
7.00787
7.00673
7.00557
7.00441
7.00323
7.00205
7.00087
6.99967
6.99847
6.99725
6.99603
6.99481
6.99357
6.99233
6.99108
6.98982
6.98855
6.98728
6.986
6.98472
6.98342
6.98212
6.98082
6.9795
6.97818
6.97685
6.97552
6.97418
6.97283
6.97148
6.97012
6.96875
6.96738
6.966
6.96461
6.96322
6.96182
6.96042
6.959
6.95758
6.95616
6.95473
6.95329
6.95185
6.9504
6.94894
6.94748
6.94601
6.94454
6.94307
6.94159
6.94012
6.93867
6.93719
6.93556
6.93401
7.03468
7.03345
7.03224
7.03113
7.03005
7.02898
7.02792
7.02686
7.02581
7.02477
7.02373
7.02269
7.02166
7.02063
7.0196
7.01857
7.01753
7.0165
7.01547
7.01443
7.01339
7.01235
7.0113
7.01025
7.00919
7.00813
7.00706
7.00599
7.00491
7.00382
7.00272
7.00162
7.00051
6.99939
6.99827
6.99713
6.99599
6.99484
6.99369
6.99252
6.99135
6.99017
6.98898
6.98778
6.98657
6.98536
6.98414
6.98291
6.98167
6.98042
6.97917
6.97791
6.97664
6.97536
6.97408
6.97279
6.97149
6.97018
6.96887
6.96755
6.96622
6.96489
6.96354
6.9622
6.96084
6.95948
6.95811
6.95674
6.95536
6.95397
6.95258
6.95118
6.94978
6.94836
6.94695
6.94552
6.94409
6.94266
6.94122
6.93977
6.93831
6.93685
6.93539
6.93392
6.93244
6.93095
6.92946
6.92797
6.92646
6.92495
6.92344
6.92192
6.9204
6.91887
6.91735
6.91583
6.91433
6.9128
6.91112
6.90951
7.01731
7.0161
7.01484
7.01366
7.01252
7.01139
7.01027
7.00915
7.00804
7.00694
7.00584
7.00474
7.00365
7.00256
7.00147
7.00038
6.99928
6.99819
6.9971
6.996
6.9949
6.9938
6.99269
6.99158
6.99047
6.98934
6.98822
6.98708
6.98594
6.98479
6.98364
6.98248
6.98131
6.98014
6.97895
6.97776
6.97657
6.97536
6.97415
6.97293
6.9717
6.97046
6.96921
6.96796
6.9667
6.96544
6.96416
6.96288
6.96159
6.96029
6.95899
6.95767
6.95635
6.95503
6.9537
6.95236
6.95101
6.94966
6.9483
6.94694
6.94556
6.94419
6.9428
6.94141
6.94002
6.93862
6.93721
6.9358
6.93438
6.93296
6.93153
6.93009
6.92865
6.92721
6.92576
6.9243
6.92284
6.92137
6.9199
6.91842
6.91694
6.91545
6.91395
6.91245
6.91094
6.90943
6.90791
6.90638
6.90485
6.90332
6.90178
6.90023
6.89868
6.89713
6.89557
6.89403
6.8925
6.89095
6.88926
6.88762
7.00038
6.99918
6.99786
6.99662
6.99542
6.99424
6.99306
6.99188
6.99072
6.98956
6.98841
6.98726
6.98611
6.98497
6.98382
6.98268
6.98154
6.9804
6.97925
6.97811
6.97696
6.9758
6.97465
6.97349
6.97232
6.97115
6.96998
6.9688
6.96761
6.96642
6.96522
6.96402
6.9628
6.96159
6.96036
6.95913
6.95789
6.95664
6.95539
6.95413
6.95286
6.95158
6.9503
6.94901
6.94771
6.94641
6.9451
6.94378
6.94246
6.94112
6.93979
6.93844
6.93709
6.93573
6.93437
6.933
6.93162
6.93024
6.92885
6.92745
6.92605
6.92465
6.92323
6.92182
6.92039
6.91896
6.91753
6.91609
6.91465
6.9132
6.91174
6.91028
6.90881
6.90734
6.90587
6.90439
6.9029
6.90141
6.89991
6.89841
6.8969
6.89539
6.89387
6.89234
6.89081
6.88928
6.88774
6.88619
6.88464
6.88309
6.88153
6.87997
6.8784
6.87683
6.87526
6.8737
6.87216
6.87059
6.8689
6.86725
6.98404
6.98285
6.98149
6.9802
6.97896
6.97772
6.9765
6.97528
6.97407
6.97287
6.97167
6.97047
6.96928
6.96809
6.9669
6.96571
6.96452
6.96333
6.96214
6.96095
6.95975
6.95855
6.95735
6.95615
6.95494
6.95372
6.9525
6.95128
6.95005
6.94882
6.94757
6.94633
6.94507
6.94381
6.94255
6.94127
6.93999
6.93871
6.93741
6.93611
6.93481
6.93349
6.93217
6.93085
6.92951
6.92818
6.92683
6.92548
6.92412
6.92276
6.92139
6.92001
6.91863
6.91724
6.91585
6.91445
6.91305
6.91164
6.91023
6.90881
6.90739
6.90596
6.90453
6.90309
6.90165
6.90021
6.89876
6.89731
6.89585
6.89439
6.89293
6.89146
6.88999
6.88852
6.88704
6.88556
6.88408
6.88259
6.8811
6.87961
6.87811
6.87661
6.8751
6.8736
6.87208
6.87057
6.86905
6.86753
6.866
6.86447
6.86293
6.8614
6.85986
6.85831
6.85677
6.85523
6.85372
6.85218
6.85052
6.84889
6.96824
6.96707
6.96567
6.96434
6.96307
6.9618
6.96054
6.95929
6.95805
6.95681
6.95558
6.95435
6.95313
6.95191
6.95069
6.94947
6.94825
6.94704
6.94582
6.9446
6.94338
6.94215
6.94092
6.93969
6.93846
6.93722
6.93598
6.93474
6.93348
6.93223
6.93097
6.9297
6.92843
6.92715
6.92587
6.92458
6.92328
6.92198
6.92068
6.91937
6.91805
6.91672
6.91539
6.91406
6.91272
6.91137
6.91002
6.90867
6.9073
6.90594
6.90457
6.90319
6.90181
6.90042
6.89903
6.89764
6.89624
6.89484
6.89344
6.89203
6.89061
6.8892
6.88778
6.88635
6.88493
6.8835
6.88206
6.88063
6.87919
6.87775
6.8763
6.87485
6.8734
6.87195
6.87049
6.86903
6.86756
6.86609
6.86462
6.86314
6.86166
6.86017
6.85868
6.85718
6.85568
6.85417
6.85265
6.85113
6.8496
6.84806
6.84652
6.84497
6.84341
6.84185
6.84028
6.83871
6.83717
6.8356
6.83391
6.83224
6.95293
6.95178
6.95036
6.949
6.9477
6.9464
6.94512
6.94384
6.94256
6.9413
6.94003
6.93877
6.93752
6.93627
6.93501
6.93376
6.93251
6.93126
6.93001
6.92876
6.92751
6.92625
6.92499
6.92373
6.92247
6.9212
6.91993
6.91865
6.91737
6.91609
6.9148
6.9135
6.9122
6.9109
6.90959
6.90828
6.90696
6.90563
6.9043
6.90297
6.90163
6.90029
6.89894
6.89758
6.89623
6.89486
6.89349
6.89212
6.89075
6.88936
6.88798
6.88659
6.8852
6.8838
6.8824
6.881
6.87959
6.87818
6.87677
6.87535
6.87393
6.87251
6.87108
6.86965
6.86822
6.86679
6.86535
6.86391
6.86247
6.86102
6.85957
6.85812
6.85667
6.85521
6.85374
6.85228
6.85081
6.84934
6.84786
6.84638
6.84489
6.84341
6.84191
6.84041
6.83891
6.8374
6.83589
6.83437
6.83284
6.83132
6.82978
6.82825
6.82671
6.82516
6.82362
6.82209
6.82057
6.81905
6.8174
6.81578
6.93551
6.93434
6.93287
6.93147
6.93012
6.92879
6.92746
6.92613
6.92481
6.9235
6.92219
6.92089
6.91959
6.91829
6.91699
6.9157
6.9144
6.91311
6.91181
6.91052
6.90922
6.90792
6.90662
6.90532
6.90402
6.90271
6.9014
6.90008
6.89877
6.89745
6.89612
6.8948
6.89346
6.89213
6.89079
6.88945
6.8881
6.88675
6.88539
6.88404
6.88267
6.88131
6.87994
6.87857
6.87719
6.87581
6.87443
6.87305
6.87166
6.87027
6.86888
6.86748
6.86608
6.86468
6.86328
6.86188
6.86048
6.85907
6.85766
6.85625
6.85484
6.85343
6.85202
6.85061
6.8492
6.84778
6.84637
6.84495
6.84354
6.84212
6.84071
6.83929
6.83787
6.83646
6.83504
6.83363
6.83221
6.83079
6.82938
6.82796
6.82654
6.82512
6.82371
6.82229
6.82087
6.81946
6.81804
6.81662
6.81521
6.81379
6.81238
6.81097
6.80956
6.80815
6.80675
6.80536
6.804
6.80262
6.80115
6.79974
6.91701
6.9159
6.91443
6.91303
6.91168
6.91035
6.90902
6.9077
6.90638
6.90507
6.90376
6.90246
6.90116
6.89986
6.89857
6.89727
6.89598
6.89469
6.8934
6.89211
6.89082
6.88953
6.88823
6.88694
6.88564
6.88435
6.88305
6.88174
6.88044
6.87913
6.87782
6.87651
6.8752
6.87388
6.87256
6.87124
6.86991
6.86858
6.86725
6.86592
6.86458
6.86325
6.8619
6.86056
6.85922
6.85787
6.85652
6.85517
6.85382
6.85247
6.85112
6.84976
6.84841
6.84705
6.84569
6.84434
6.84298
6.84162
6.84026
6.83891
6.83755
6.8362
6.83484
6.83349
6.83213
6.83078
6.82943
6.82808
6.82673
6.82538
6.82404
6.82269
6.82135
6.82
6.81866
6.81732
6.81599
6.81465
6.81332
6.81198
6.81065
6.80932
6.80799
6.80665
6.80533
6.804
6.80267
6.80134
6.80001
6.79868
6.79735
6.79602
6.7947
6.79337
6.79204
6.79073
6.78943
6.78812
6.78673
6.7854
6.89918
6.89807
6.8966
6.89518
6.89382
6.89248
6.89114
6.8898
6.88847
6.88714
6.88582
6.88451
6.88319
6.88188
6.88058
6.87927
6.87797
6.87667
6.87537
6.87407
6.87277
6.87148
6.87018
6.86888
6.86758
6.86628
6.86498
6.86368
6.86238
6.86107
6.85977
6.85846
6.85716
6.85585
6.85454
6.85323
6.85192
6.85061
6.84929
6.84798
6.84666
6.84535
6.84403
6.84272
6.8414
6.84008
6.83877
6.83745
6.83614
6.83482
6.83351
6.83219
6.83088
6.82957
6.82827
6.82696
6.82565
6.82435
6.82305
6.82176
6.82046
6.81917
6.81788
6.81659
6.81531
6.81403
6.81276
6.81148
6.81021
6.80895
6.80768
6.80642
6.80517
6.80392
6.80267
6.80142
6.80018
6.79893
6.7977
6.79646
6.79523
6.794
6.79276
6.79154
6.79031
6.78908
6.78785
6.78663
6.7854
6.78417
6.78294
6.78172
6.78049
6.77926
6.77803
6.7768
6.7756
6.77438
6.77308
6.77185
6.88238
6.88132
6.87986
6.87846
6.87712
6.87578
6.87446
6.87313
6.87182
6.87051
6.8692
6.8679
6.8666
6.86531
6.86402
6.86273
6.86145
6.86017
6.85888
6.85761
6.85633
6.85505
6.85378
6.85251
6.85123
6.84996
6.84869
6.84742
6.84614
6.84487
6.8436
6.84233
6.84106
6.83979
6.83852
6.83725
6.83598
6.83471
6.83344
6.83217
6.83091
6.82964
6.82838
6.82711
6.82585
6.82459
6.82333
6.82207
6.82082
6.81957
6.81832
6.81707
6.81583
6.81459
6.81335
6.81211
6.81088
6.80966
6.80843
6.80721
6.806
6.80479
6.80358
6.80238
6.80118
6.79999
6.7988
6.79761
6.79643
6.79526
6.79409
6.79292
6.79176
6.7906
6.78944
6.78829
6.78714
6.786
6.78486
6.78372
6.78258
6.78145
6.78032
6.77919
6.77806
6.77693
6.7758
6.77467
6.77354
6.77242
6.77129
6.77016
6.76903
6.7679
6.76677
6.76565
6.76454
6.76342
6.76225
6.76114
6.86632
6.86528
6.86384
6.86246
6.86113
6.85981
6.85849
6.85718
6.85588
6.85458
6.85329
6.852
6.85072
6.84944
6.84817
6.8469
6.84563
6.84436
6.8431
6.84185
6.84059
6.83934
6.83809
6.83684
6.83559
6.83435
6.8331
6.83186
6.83062
6.82939
6.82815
6.82692
6.82568
6.82445
6.82322
6.822
6.82077
6.81955
6.81833
6.81711
6.8159
6.81469
6.81348
6.81227
6.81107
6.80987
6.80867
6.80748
6.80629
6.80511
6.80393
6.80275
6.80158
6.80042
6.79926
6.7981
6.79695
6.79581
6.79467
6.79353
6.79241
6.79128
6.79017
6.78906
6.78795
6.78686
6.78576
6.78468
6.7836
6.78252
6.78145
6.78039
6.77933
6.77828
6.77723
6.77619
6.77515
6.77411
6.77308
6.77206
6.77103
6.77001
6.76899
6.76798
6.76696
6.76595
6.76494
6.76393
6.76292
6.76191
6.7609
6.75989
6.75888
6.75786
6.75685
6.75585
6.75485
6.75385
6.7528
6.75182
6.85111
6.85011
6.8487
6.84735
6.84604
6.84475
6.84346
6.84218
6.84091
6.83964
6.83837
6.83712
6.83586
6.83462
6.83337
6.83214
6.8309
6.82967
6.82845
6.82723
6.82601
6.8248
6.82359
6.82238
6.82118
6.81998
6.81878
6.81759
6.8164
6.81521
6.81403
6.81285
6.81167
6.8105
6.80933
6.80816
6.807
6.80584
6.80469
6.80354
6.80239
6.80125
6.80011
6.79898
6.79785
6.79673
6.79561
6.7945
6.79339
6.79229
6.79119
6.79011
6.78902
6.78795
6.78688
6.78581
6.78475
6.7837
6.78266
6.78162
6.7806
6.77957
6.77856
6.77755
6.77655
6.77555
6.77457
6.77359
6.77261
6.77165
6.77069
6.76973
6.76878
6.76784
6.76691
6.76598
6.76505
6.76413
6.76321
6.7623
6.76139
6.76049
6.75959
6.75869
6.75779
6.7569
6.75601
6.75511
6.75422
6.75333
6.75244
6.75155
6.75066
6.74977
6.74888
6.748
6.74712
6.74624
6.74533
6.7445
6.83664
6.83567
6.8343
6.83298
6.83171
6.83044
6.82919
6.82794
6.82669
6.82546
6.82423
6.823
6.82179
6.82057
6.81937
6.81817
6.81697
6.81578
6.8146
6.81342
6.81225
6.81108
6.80991
6.80875
6.8076
6.80645
6.8053
6.80416
6.80303
6.8019
6.80077
6.79965
6.79853
6.79742
6.79632
6.79522
6.79412
6.79303
6.79195
6.79087
6.7898
6.78873
6.78767
6.78662
6.78557
6.78453
6.7835
6.78248
6.78146
6.78045
6.77944
6.77844
6.77746
6.77647
6.7755
6.77454
6.77358
6.77263
6.77169
6.77076
6.76984
6.76892
6.76801
6.76711
6.76622
6.76534
6.76447
6.7636
6.76274
6.76189
6.76105
6.76021
6.75939
6.75856
6.75775
6.75694
6.75614
6.75534
6.75455
6.75376
6.75298
6.75221
6.75143
6.75066
6.7499
6.74913
6.74837
6.74761
6.74685
6.74609
6.74533
6.74458
6.74382
6.74306
6.74231
6.74156
6.74081
6.74006
6.7393
6.73862
6.8229
6.82196
6.82063
6.81934
6.8181
6.81688
6.81566
6.81445
6.81325
6.81205
6.81086
6.80968
6.8085
6.80734
6.80617
6.80502
6.80388
6.80274
6.8016
6.80048
6.79936
6.79824
6.79714
6.79604
6.79494
6.79386
6.79277
6.7917
6.79063
6.78957
6.78851
6.78747
6.78642
6.78539
6.78436
6.78334
6.78232
6.78132
6.78032
6.77933
6.77834
6.77736
6.77639
6.77543
6.77448
6.77353
6.7726
6.77167
6.77075
6.76984
6.76893
6.76804
6.76716
6.76628
6.76541
6.76456
6.76371
6.76287
6.76204
6.76122
6.76042
6.75962
6.75882
6.75804
6.75727
6.75651
6.75575
6.75501
6.75427
6.75354
6.75283
6.75211
6.75141
6.75072
6.75003
6.74935
6.74867
6.74801
6.74734
6.74669
6.74604
6.74539
6.74475
6.74411
6.74348
6.74285
6.74222
6.7416
6.74098
6.74036
6.73974
6.73912
6.7385
6.73788
6.73726
6.73665
6.73604
6.73542
6.73482
6.73432
6.80987
6.80896
6.80768
6.80644
6.80525
6.80407
6.8029
6.80173
6.80058
6.79943
6.79828
6.79715
6.79603
6.79491
6.7938
6.7927
6.7916
6.79052
6.78944
6.78837
6.78731
6.78626
6.78521
6.78418
6.78315
6.78213
6.78111
6.78011
6.77911
6.77812
6.77714
6.77617
6.7752
6.77425
6.7733
6.77236
6.77143
6.77051
6.7696
6.7687
6.7678
6.76692
6.76604
6.76518
6.76432
6.76348
6.76264
6.76182
6.761
6.7602
6.7594
6.75862
6.75784
6.75708
6.75632
6.75558
6.75485
6.75413
6.75342
6.75272
6.75203
6.75135
6.75068
6.75002
6.74938
6.74874
6.74811
6.74749
6.74689
6.74629
6.7457
6.74512
6.74455
6.74399
6.74343
6.74289
6.74235
6.74182
6.74129
6.74077
6.74026
6.73976
6.73926
6.73876
6.73827
6.73778
6.7373
6.73682
6.73635
6.73587
6.7354
6.73493
6.73446
6.73399
6.73352
6.73306
6.7326
6.73213
6.73169
6.73137
6.79741
6.79653
6.79529
6.79409
6.79293
6.7918
6.79066
6.78954
6.78843
6.78732
6.78623
6.78515
6.78408
6.78302
6.78196
6.78092
6.77989
6.77887
6.77786
6.77686
6.77587
6.77488
6.77391
6.77295
6.772
6.77106
6.77013
6.7692
6.76829
6.76739
6.7665
6.76562
6.76474
6.76388
6.76303
6.76219
6.76136
6.76054
6.75973
6.75893
6.75814
6.75736
6.75659
6.75584
6.75509
6.75436
6.75363
6.75292
6.75222
6.75153
6.75085
6.75019
6.74953
6.74889
6.74826
6.74764
6.74703
6.74643
6.74585
6.74528
6.74471
6.74416
6.74363
6.7431
6.74258
6.74208
6.74158
6.7411
6.74063
6.74016
6.73971
6.73927
6.73884
6.73841
6.738
6.7376
6.7372
6.73681
6.73643
6.73606
6.73569
6.73533
6.73498
6.73463
6.73429
6.73396
6.73362
6.7333
6.73297
6.73265
6.73234
6.73202
6.73171
6.7314
6.73109
6.73079
6.73048
6.73017
6.7299
6.72978
6.7857
6.78487
6.7837
6.78256
6.78147
6.78039
6.77932
6.77825
6.7772
6.77616
6.77512
6.7741
6.77309
6.77209
6.7711
6.77012
6.76915
6.7682
6.76725
6.76632
6.76539
6.76448
6.76358
6.76269
6.76182
6.76095
6.7601
6.75925
6.75842
6.7576
6.7568
6.756
6.75522
6.75445
6.75369
6.75294
6.7522
6.75148
6.75077
6.75007
6.74939
6.74871
6.74805
6.7474
6.74677
6.74614
6.74553
6.74494
6.74435
6.74378
6.74322
6.74268
6.74214
6.74162
6.74112
6.74062
6.74014
6.73968
6.73922
6.73878
6.73835
6.73794
6.73753
6.73714
6.73676
6.7364
6.73604
6.7357
6.73537
6.73505
6.73474
6.73444
6.73415
6.73388
6.73361
6.73335
6.7331
6.73286
6.73263
6.73241
6.7322
6.73199
6.7318
6.73161
6.73142
6.73124
6.73107
6.7309
6.73074
6.73059
6.73044
6.73029
6.73014
6.73
6.72986
6.72973
6.72959
6.72945
6.72936
6.72945
6.77427
6.77342
6.77226
6.77115
6.77008
6.76903
6.76799
6.76697
6.76596
6.76497
6.76399
6.76302
6.76207
6.76114
6.76022
6.75931
6.75842
6.75754
6.75668
6.75583
6.755
6.75418
6.75337
6.75258
6.7518
6.75104
6.75029
6.74955
6.74883
6.74812
6.74742
6.74674
6.74607
6.74542
6.74477
6.74415
6.74353
6.74293
6.74234
6.74177
6.74121
6.74066
6.74013
6.73961
6.73911
6.73862
6.73814
6.73767
6.73722
6.73679
6.73636
6.73595
6.73556
6.73518
6.73481
6.73445
6.73411
6.73378
6.73347
6.73317
6.73288
6.73261
6.73235
6.7321
6.73186
6.73164
6.73143
6.73123
6.73105
6.73088
6.73072
6.73057
6.73043
6.73031
6.73019
6.73009
6.73
6.72992
6.72985
6.72978
6.72973
6.72969
6.72966
6.72963
6.72962
6.72961
6.72961
6.72961
6.72963
6.72965
6.72967
6.7297
6.72973
6.72977
6.72982
6.72986
6.7299
6.72994
6.73004
6.73037
6.76394
6.76324
6.76219
6.76117
6.76019
6.75923
6.75827
6.75732
6.75639
6.75546
6.75455
6.75365
6.75277
6.7519
6.75104
6.7502
6.74938
6.74856
6.74777
6.74699
6.74622
6.74547
6.74473
6.74401
6.74331
6.74262
6.74194
6.74128
6.74064
6.74001
6.7394
6.7388
6.73822
6.73766
6.7371
6.73657
6.73605
6.73555
6.73506
6.73458
6.73413
6.73369
6.73326
6.73285
6.73245
6.73208
6.73171
6.73136
6.73103
6.73072
6.73042
6.73013
6.72986
6.72961
6.72937
6.72915
6.72894
6.72875
6.72858
6.72842
6.72827
6.72814
6.72803
6.72793
6.72784
6.72777
6.72772
6.72767
6.72765
6.72763
6.72763
6.72765
6.72767
6.72771
6.72776
6.72782
6.7279
6.72799
6.72808
6.72819
6.72831
6.72844
6.72858
6.72872
6.72888
6.72904
6.72922
6.7294
6.72959
6.72979
6.72999
6.73021
6.73043
6.73066
6.73089
6.73114
6.73137
6.7316
6.73193
6.73251
6.75261
6.75175
6.75067
6.74965
6.74867
6.74772
6.7468
6.74589
6.745
6.74414
6.7433
6.74248
6.74168
6.7409
6.74014
6.7394
6.73868
6.73798
6.7373
6.73664
6.736
6.73538
6.73477
6.73419
6.73362
6.73307
6.73254
6.73203
6.73153
6.73106
6.7306
6.73016
6.72973
6.72933
6.72894
6.72856
6.72821
6.72787
6.72754
6.72723
6.72694
6.72667
6.72641
6.72617
6.72594
6.72573
6.72554
6.72536
6.72519
6.72505
6.72491
6.7248
6.7247
6.72461
6.72454
6.72448
6.72444
6.72442
6.72441
6.72441
6.72443
6.72446
6.72451
6.72457
6.72465
6.72474
6.72484
6.72496
6.72509
6.72523
6.72539
6.72557
6.72575
6.72595
6.72616
6.72639
6.72663
6.72688
6.72714
6.72742
6.72771
6.72801
6.72833
6.72866
6.729
6.72936
6.72973
6.73011
6.7305
6.73091
6.73133
6.73176
6.7322
6.73265
6.73312
6.73359
6.73405
6.73449
6.73504
6.73591
6.74526
6.74462
6.74366
6.74272
6.74183
6.74095
6.74009
6.73925
6.73842
6.73761
6.73681
6.73604
6.73528
6.73454
6.73382
6.73312
6.73244
6.73177
6.73113
6.7305
6.7299
6.72931
6.72875
6.7282
6.72767
6.72716
6.72667
6.7262
6.72575
6.72532
6.72491
6.72452
6.72415
6.72379
6.72346
6.72314
6.72284
6.72256
6.72231
6.72207
6.72184
6.72164
6.72146
6.72129
6.72115
6.72102
6.72092
6.72083
6.72076
6.72071
6.72067
6.72066
6.72066
6.72069
6.72073
6.72079
6.72087
6.72097
6.72109
6.72123
6.72138
6.72155
6.72174
6.72195
6.72218
6.72243
6.72269
6.72298
6.72328
6.72359
6.72393
6.72428
6.72466
6.72504
6.72545
6.72587
6.72631
6.72677
6.72724
6.72773
6.72823
6.72875
6.72928
6.72983
6.73039
6.73096
6.73155
6.73215
6.73275
6.73337
6.73399
6.73462
6.73525
6.73589
6.73653
6.73717
6.73779
6.73836
6.7391
6.74032
6.7282
6.72832
6.72759
6.72677
6.72601
6.72528
6.72457
6.72388
6.72321
6.72255
6.72191
6.72129
6.72069
6.72012
6.71956
6.71902
6.7185
6.718
6.71752
6.71706
6.71662
6.71621
6.71581
6.71543
6.71508
6.71475
6.71443
6.71414
6.71387
6.71362
6.7134
6.71319
6.713
6.71284
6.7127
6.71258
6.71248
6.7124
6.71235
6.71231
6.7123
6.71231
6.71235
6.7124
6.71248
6.71258
6.7127
6.71285
6.71302
6.71321
6.71342
6.71366
6.71392
6.71421
6.71451
6.71484
6.7152
6.71557
6.71597
6.7164
6.71684
6.71731
6.7178
6.71832
6.71886
6.71942
6.72
6.72061
6.72124
6.72189
6.72257
6.72326
6.72398
6.72472
6.72548
6.72627
6.72707
6.7279
6.72874
6.72961
6.73049
6.7314
6.73232
6.73327
6.73423
6.73521
6.73621
6.73723
6.73826
6.73931
6.74038
6.74147
6.74257
6.74368
6.74482
6.74595
6.74707
6.74823
6.74967
6.75128
6.69734
6.6974
6.69675
6.69602
6.69537
6.69477
6.6942
6.69367
6.69318
6.69272
6.6923
6.69191
6.69156
6.69125
6.69097
6.69073
6.69053
6.69036
6.69022
6.69013
6.69006
6.69004
6.69004
6.69009
6.69016
6.69028
6.69042
6.6906
6.69082
6.69106
6.69134
6.69166
6.692
6.69238
6.69279
6.69324
6.69372
6.69423
6.69477
6.69534
6.69594
6.69658
6.69725
6.69795
6.69868
6.69944
6.70023
6.70105
6.70191
6.70279
6.70371
6.70466
6.70563
6.70664
6.70768
6.70874
6.70984
6.71097
6.71212
6.71331
6.71453
6.71577
6.71704
6.71834
6.71967
6.72103
6.72242
6.72384
6.72528
6.72675
6.72825
6.72977
6.73133
6.73291
6.73451
6.73615
6.73781
6.7395
6.74121
6.74296
6.74473
6.74652
6.74835
6.7502
6.75207
6.75398
6.75591
6.75787
6.75986
6.76187
6.76391
6.76598
6.76808
6.7702
6.77236
6.77451
6.77665
6.77886
6.78148
6.78427
6.67402
6.67422
6.67375
6.67322
6.67277
6.67239
6.67207
6.67179
6.67156
6.67138
6.67124
6.67116
6.67113
6.67114
6.67121
6.67132
6.67148
6.67169
6.67195
6.67225
6.67261
6.673
6.67345
6.67394
6.67447
6.67505
6.67568
6.67635
6.67706
6.67782
6.67862
6.67946
6.68035
6.68128
6.68225
6.68326
6.68431
6.68541
6.68654
6.68772
6.68894
6.6902
6.69149
6.69283
6.69421
6.69563
6.69708
6.69858
6.70011
6.70168
6.70329
6.70494
6.70663
6.70835
6.71012
6.71192
6.71375
6.71563
6.71754
6.71948
6.72146
6.72348
6.72554
6.72763
6.72975
6.73192
6.73411
6.73635
6.73861
6.74092
6.74325
6.74563
6.74804
6.75048
6.75296
6.75548
6.75803
6.76062
6.76324
6.7659
6.7686
6.77134
6.77412
6.77694
6.77979
6.78269
6.78563
6.78861
6.79164
6.7947
6.79782
6.80098
6.80418
6.80743
6.81072
6.81403
6.81731
6.82072
6.82468
6.82873
6.64906
6.64926
6.64889
6.6485
6.64821
6.648
6.64787
6.64781
6.64781
6.64789
6.64805
6.64827
6.64856
6.64892
6.64935
6.64984
6.65041
6.65104
6.65174
6.65251
6.65334
6.65423
6.65519
6.65622
6.6573
6.65845
6.65966
6.66093
6.66226
6.66365
6.6651
6.66661
6.66818
6.6698
6.67148
6.67321
6.675
6.67685
6.67874
6.6807
6.6827
6.68476
6.68687
6.68903
6.69124
6.69351
6.69582
6.69818
6.70059
6.70305
6.70556
6.70811
6.71071
6.71336
6.71605
6.71879
6.72157
6.7244
6.72727
6.73018
6.73314
6.73614
6.73918
6.74227
6.74539
6.74856
6.75176
6.75501
6.7583
6.76163
6.765
6.76842
6.77187
6.77537
6.7789
6.78248
6.78611
6.78977
6.79348
6.79724
6.80104
6.80489
6.80879
6.81274
6.81674
6.82079
6.8249
6.82906
6.83329
6.83757
6.84191
6.84632
6.85079
6.85532
6.85992
6.86454
6.86915
6.87395
6.87942
6.88486
6.6271
6.62741
6.62723
6.62705
6.627
6.62705
6.6272
6.62745
6.62778
6.62821
6.62873
6.62935
6.63006
6.63085
6.63174
6.63272
6.63379
6.63494
6.63618
6.63751
6.63892
6.64041
6.64199
6.64365
6.6454
6.64722
6.64912
6.6511
6.65316
6.65529
6.6575
6.65978
6.66214
6.66456
6.66706
6.66963
6.67227
6.67497
6.67775
6.68058
6.68349
6.68646
6.68949
6.69258
6.69573
6.69895
6.70222
6.70555
6.70893
6.71238
6.71588
6.71943
6.72303
6.72669
6.73039
6.73415
6.73796
6.74181
6.74572
6.74966
6.75366
6.7577
6.76178
6.76591
6.77009
6.7743
6.77856
6.78287
6.78721
6.7916
6.79603
6.80051
6.80503
6.80959
6.8142
6.81886
6.82356
6.82831
6.83311
6.83796
6.84287
6.84783
6.85285
6.85792
6.86306
6.86827
6.87354
6.87889
6.88431
6.88981
6.89539
6.90105
6.9068
6.91263
6.91856
6.92452
6.93049
6.9367
6.94371
6.95046
6.60598
6.60635
6.60633
6.60634
6.6065
6.6068
6.60723
6.60778
6.60845
6.60924
6.61015
6.61119
6.61234
6.61361
6.615
6.61651
6.61813
6.61986
6.62171
6.62367
6.62574
6.62792
6.63021
6.6326
6.6351
6.6377
6.6404
6.6432
6.6461
6.64909
6.65218
6.65537
6.65864
6.662
6.66546
6.66899
6.67262
6.67632
6.68011
6.68397
6.68792
6.69193
6.69603
6.70019
6.70442
6.70873
6.71309
6.71753
6.72202
6.72658
6.73119
6.73587
6.7406
6.74538
6.75021
6.7551
6.76004
6.76502
6.77005
6.77513
6.78025
6.78541
6.79062
6.79587
6.80116
6.80649
6.81186
6.81726
6.82271
6.8282
6.83373
6.83929
6.8449
6.85055
6.85625
6.86198
6.86777
6.8736
6.87948
6.88541
6.8914
6.89744
6.90355
6.90972
6.91597
6.92228
6.92867
6.93515
6.94171
6.94837
6.95512
6.96197
6.96893
6.97601
6.98318
6.99042
6.99768
7.00525
7.0137
7.02156
6.58823
6.58869
6.58884
6.58907
6.58948
6.59006
6.59081
6.59171
6.59276
6.59397
6.59534
6.59686
6.59853
6.60035
6.60232
6.60444
6.6067
6.60911
6.61167
6.61436
6.61719
6.62016
6.62326
6.6265
6.62986
6.63336
6.63698
6.64072
6.64458
6.64856
6.65266
6.65686
6.66118
6.66561
6.67013
6.67476
6.67949
6.68432
6.68923
6.69424
6.69933
6.7045
6.70976
6.71509
6.7205
6.72598
6.73153
6.73715
6.74282
6.74856
6.75435
6.7602
6.7661
6.77205
6.77805
6.78409
6.79017
6.79629
6.80245
6.80865
6.81488
6.82115
6.82745
6.83377
6.84013
6.84652
6.85293
6.85937
6.86584
6.87234
6.87886
6.88542
6.89201
6.89863
6.90528
6.91197
6.91869
6.92545
6.93225
6.9391
6.946
6.95296
6.95998
6.96706
6.97421
6.98143
6.98875
6.99615
7.00365
7.01125
7.01896
7.02679
7.03475
7.04284
7.05106
7.05935
7.06768
7.07641
7.08602
7.09466
6.57416
6.57494
6.5753
6.57569
6.57631
6.57715
6.57818
6.57942
6.58084
6.58247
6.58429
6.58631
6.58851
6.59091
6.59349
6.59626
6.59921
6.60235
6.60566
6.60915
6.61281
6.61665
6.62065
6.62481
6.62913
6.63361
6.63824
6.64302
6.64795
6.65301
6.65821
6.66355
6.66901
6.6746
6.6803
6.68612
6.69205
6.69809
6.70422
6.71045
6.71678
6.72319
6.72968
6.73625
6.74289
6.7496
6.75637
6.7632
6.77008
6.77701
6.784
6.79102
6.79808
6.80518
6.81231
6.81947
6.82666
6.83387
6.8411
6.84835
6.85561
6.86289
6.87018
6.87748
6.88478
6.8921
6.89943
6.90677
6.91411
6.92146
6.92883
6.9362
6.94359
6.95099
6.9584
6.96584
6.97329
6.98077
6.98829
6.99583
7.00341
7.01104
7.01872
7.02646
7.03426
7.04213
7.05009
7.05813
7.06627
7.07453
7.0829
7.0914
7.10003
7.10881
7.11773
7.12674
7.13582
7.14534
7.1557
7.16464
6.56591
6.56683
6.56753
6.56823
6.56904
6.57009
6.57138
6.57294
6.57473
6.57678
6.57906
6.58159
6.58436
6.58736
6.5906
6.59407
6.59776
6.60168
6.60582
6.61018
6.61474
6.61952
6.62449
6.62966
6.63502
6.64057
6.6463
6.6522
6.65827
6.66451
6.67089
6.67743
6.68411
6.69092
6.69786
6.70493
6.71211
6.7194
6.72678
6.73427
6.74184
6.74949
6.75722
6.76501
6.77286
6.78076
6.78872
6.79672
6.80475
6.81282
6.82091
6.82903
6.83716
6.8453
6.85346
6.86161
6.86977
6.87792
6.88606
6.8942
6.90232
6.91044
6.91853
6.92661
6.93467
6.94271
6.95073
6.95873
6.96672
6.97468
6.98263
6.99056
6.99847
7.00638
7.01427
7.02216
7.03005
7.03794
7.04583
7.05374
7.06168
7.06963
7.07763
7.08566
7.09375
7.10189
7.11011
7.11841
7.12681
7.13531
7.14392
7.15267
7.16156
7.1706
7.17978
7.18905
7.19842
7.20827
7.21883
7.22755
6.56607
6.56692
6.5676
6.56843
6.56943
6.57059
6.57204
6.5738
6.57588
6.57826
6.58094
6.58393
6.58721
6.59079
6.59465
6.5988
6.60323
6.60794
6.61291
6.61814
6.62363
6.62936
6.63534
6.64155
6.64798
6.65463
6.66149
6.66854
6.67579
6.68321
6.6908
6.69856
6.70647
6.71452
6.7227
6.731
6.73942
6.74793
6.75654
6.76524
6.77401
6.78284
6.79173
6.80067
6.80965
6.81866
6.82769
6.83675
6.84581
6.85487
6.86393
6.87298
6.88202
6.89103
6.90001
6.90897
6.91789
6.92676
6.9356
6.94439
6.95313
6.96182
6.97046
6.97904
6.98757
6.99604
7.00446
7.01283
7.02114
7.02939
7.0376
7.04576
7.05387
7.06194
7.06997
7.07796
7.08593
7.09387
7.10179
7.1097
7.11761
7.12552
7.13344
7.14139
7.14937
7.15739
7.16547
7.17361
7.18184
7.19016
7.19859
7.20713
7.21581
7.22464
7.2336
7.24265
7.25181
7.26144
7.27162
7.27959
6.57664
6.57714
6.57753
6.57815
6.5791
6.58028
6.58174
6.58359
6.58583
6.58845
6.59144
6.59481
6.59854
6.60264
6.60709
6.61188
6.61702
6.62248
6.62827
6.63437
6.64077
6.64746
6.65444
6.66168
6.66918
6.67693
6.68491
6.69311
6.70151
6.71011
6.71888
6.72783
6.73692
6.74616
6.75552
6.765
6.77457
6.78423
6.79397
6.80377
6.81362
6.8235
6.83342
6.84335
6.85329
6.86322
6.87314
6.88304
6.8929
6.90273
6.91251
6.92224
6.93191
6.94151
6.95105
6.96051
6.96988
6.97918
6.98839
6.99751
7.00654
7.01548
7.02432
7.03307
7.04172
7.05028
7.05874
7.06712
7.0754
7.08359
7.0917
7.09972
7.10767
7.11554
7.12334
7.13108
7.13876
7.14638
7.15396
7.1615
7.16901
7.1765
7.18398
7.19146
7.19894
7.20645
7.214
7.22159
7.22924
7.23697
7.24478
7.2527
7.26073
7.26888
7.27715
7.2855
7.29396
7.30287
7.3121
7.3189
6.5985
6.59833
6.59818
6.59836
6.59895
6.5999
6.60126
6.6031
6.60541
6.60818
6.61142
6.61511
6.61924
6.6238
6.62879
6.63419
6.64
6.64619
6.65277
6.6597
6.66698
6.67459
6.68253
6.69076
6.69927
6.70805
6.71708
6.72634
6.73581
6.74548
6.75533
6.76534
6.77549
6.78576
6.79615
6.80662
6.81717
6.82778
6.83843
6.84911
6.85981
6.8705
6.88118
6.89183
6.90245
6.91302
6.92352
6.93396
6.94432
6.9546
6.96477
6.97485
6.98482
6.99467
7.00441
7.01402
7.02351
7.03287
7.0421
7.05119
7.06015
7.06897
7.07766
7.08622
7.09464
7.10292
7.11108
7.11911
7.12702
7.1348
7.14246
7.15002
7.15746
7.1648
7.17204
7.17919
7.18625
7.19323
7.20015
7.207
7.21379
7.22055
7.22727
7.23396
7.24064
7.24732
7.25401
7.26073
7.26748
7.27428
7.28115
7.28808
7.29511
7.30223
7.30944
7.3167
7.32405
7.33178
7.33961
7.34498
6.63222
6.63103
6.63004
6.6295
6.6295
6.63004
6.63115
6.63283
6.63509
6.63791
6.64127
6.64518
6.6496
6.65454
6.65998
6.6659
6.67228
6.67911
6.68637
6.69403
6.70208
6.7105
6.71927
6.72836
6.73775
6.74742
6.75734
6.7675
6.77787
6.78843
6.79915
6.81002
6.821
6.83209
6.84326
6.85449
6.86575
6.87704
6.88833
6.8996
6.91085
6.92204
6.93318
6.94424
6.95521
6.96608
6.97684
6.98747
6.99798
7.00835
7.01857
7.02864
7.03855
7.0483
7.05788
7.06729
7.07653
7.0856
7.09449
7.10321
7.11175
7.12013
7.12832
7.13635
7.14422
7.15191
7.15945
7.16683
7.17406
7.18114
7.18807
7.19487
7.20154
7.20808
7.2145
7.2208
7.22701
7.23311
7.23913
7.24506
7.25092
7.25672
7.26246
7.26816
7.27383
7.27947
7.28511
7.29074
7.29639
7.30205
7.30776
7.3135
7.3193
7.32515
7.33105
7.33696
7.34295
7.3492
7.35535
7.35923
6.67739
6.67487
6.67277
6.67129
6.67048
6.67043
6.67115
6.67256
6.67464
6.67737
6.68075
6.68475
6.68936
6.69456
6.70032
6.70663
6.71346
6.72079
6.72859
6.73684
6.7455
6.75456
6.76398
6.77374
6.78381
6.79416
6.80476
6.81558
6.8266
6.83779
6.84913
6.86058
6.87212
6.88372
6.89537
6.90704
6.9187
6.93034
6.94194
6.95347
6.96492
6.97627
6.9875
6.99861
7.00957
7.02038
7.03103
7.0415
7.05179
7.06188
7.07179
7.08149
7.09099
7.10027
7.10935
7.11822
7.12688
7.13532
7.14356
7.15159
7.15941
7.16703
7.17445
7.18168
7.18872
7.19556
7.20223
7.20873
7.21505
7.22121
7.22721
7.23306
7.23876
7.24433
7.24977
7.25509
7.26029
7.26538
7.27037
7.27527
7.28009
7.28484
7.28952
7.29414
7.29871
7.30325
7.30776
7.31225
7.31672
7.32119
7.32567
7.33016
7.33466
7.33917
7.34368
7.34818
7.3527
7.35736
7.36176
7.36425
6.73206
6.72795
6.7245
6.72185
6.72007
6.71926
6.71941
6.72036
6.72208
6.72455
6.72776
6.73168
6.73629
6.74156
6.74746
6.75396
6.76103
6.76864
6.77677
6.78536
6.79441
6.80386
6.81368
6.82385
6.83433
6.84509
6.85608
6.86729
6.87867
6.8902
6.90185
6.91358
6.92536
6.93718
6.94899
6.96078
6.97253
6.9842
6.99577
7.00723
7.01856
7.02974
7.04075
7.05158
7.06221
7.07264
7.08286
7.09285
7.10261
7.11214
7.12142
7.13047
7.13927
7.14782
7.15614
7.16421
7.17204
7.17963
7.18699
7.19411
7.20102
7.2077
7.21417
7.22044
7.2265
7.23237
7.23805
7.24354
7.24887
7.25402
7.25902
7.26386
7.26856
7.27312
7.27755
7.28186
7.28606
7.29014
7.29413
7.29802
7.30183
7.30556
7.30923
7.31283
7.31637
7.31986
7.32332
7.32673
7.33012
7.33347
7.33681
7.34012
7.34341
7.34666
7.34988
7.35304
7.35617
7.35931
7.36212
7.36348
6.79338
6.7875
6.78252
6.77856
6.77578
6.77417
6.77354
6.77382
6.77498
6.777
6.77986
6.78352
6.78795
6.7931
6.79895
6.80546
6.81259
6.8203
6.82854
6.8373
6.84651
6.85614
6.86616
6.87651
6.88718
6.8981
6.90925
6.92059
6.93208
6.94369
6.95538
6.96712
6.97888
6.99062
7.00232
7.01395
7.02549
7.0369
7.04817
7.05927
7.07019
7.08091
7.09141
7.10169
7.11172
7.1215
7.13102
7.14028
7.14926
7.15798
7.16642
7.17458
7.18248
7.1901
7.19746
7.20455
7.21138
7.21797
7.22431
7.23041
7.23628
7.24192
7.24735
7.25257
7.2576
7.26243
7.26708
7.27155
7.27586
7.28001
7.28401
7.28787
7.29159
7.29519
7.29867
7.30204
7.3053
7.30847
7.31155
7.31454
7.31746
7.3203
7.32308
7.3258
7.32846
7.33107
7.33363
7.33614
7.33861
7.34103
7.34341
7.34573
7.348
7.3502
7.35233
7.35436
7.35631
7.35818
7.35969
7.36026
6.8556
6.84787
6.84128
6.83595
6.83199
6.82928
6.82765
6.82704
6.82743
6.82879
6.83108
6.83426
6.83828
6.8431
6.84867
6.85496
6.8619
6.86947
6.87761
6.88628
6.89542
6.90501
6.91498
6.92529
6.9359
6.94677
6.95786
6.96911
6.9805
6.99198
7.00352
7.01507
7.02661
7.03809
7.0495
7.06079
7.07195
7.08294
7.09374
7.10433
7.1147
7.12481
7.13467
7.14426
7.15356
7.16257
7.17128
7.1797
7.18781
7.19562
7.20314
7.21036
7.21729
7.22393
7.2303
7.23639
7.24223
7.24781
7.25315
7.25825
7.26314
7.26781
7.27227
7.27654
7.28063
7.28455
7.2883
7.2919
7.29534
7.29866
7.30184
7.3049
7.30785
7.31069
7.31343
7.31608
7.31864
7.32111
7.32352
7.32585
7.32811
7.3303
7.33244
7.33452
7.33654
7.3385
7.3404
7.34225
7.34404
7.34576
7.34742
7.349
7.3505
7.3519
7.3532
7.35439
7.35545
7.35638
7.35699
7.35711
6.91288
6.9033
6.89512
6.88847
6.88328
6.87937
6.87668
6.87517
6.8748
6.87551
6.87726
6.88
6.88367
6.88821
6.89358
6.89971
6.90656
6.91406
6.92217
6.93083
6.93998
6.94957
6.95955
6.96986
6.98047
6.99131
7.00234
7.01351
7.02478
7.03611
7.04745
7.05877
7.07003
7.08118
7.09221
7.10308
7.11376
7.12422
7.13445
7.14442
7.15411
7.16352
7.17262
7.18141
7.18989
7.19804
7.20587
7.21337
7.22056
7.22742
7.23398
7.24023
7.24619
7.25187
7.25727
7.2624
7.26729
7.27193
7.27634
7.28054
7.28453
7.28832
7.29194
7.29538
7.29865
7.30178
7.30477
7.30762
7.31035
7.31296
7.31547
7.31787
7.32019
7.32241
7.32456
7.32663
7.32863
7.33056
7.33243
7.33425
7.336
7.3377
7.33934
7.34093
7.34246
7.34393
7.34534
7.34669
7.34796
7.34916
7.35028
7.35131
7.35224
7.35307
7.35379
7.35439
7.35487
7.3552
7.35532
7.35526
6.9561
6.94492
6.93536
6.92741
6.92099
6.91599
6.91234
6.90999
6.90889
6.90896
6.91016
6.91241
6.91566
6.91985
6.9249
6.93077
6.93739
6.9447
6.95263
6.96114
6.97015
6.97961
6.98947
6.99967
7.01016
7.02088
7.03178
7.04281
7.05392
7.06507
7.07622
7.08732
7.09833
7.10922
7.11994
7.13048
7.14079
7.15085
7.16064
7.17014
7.17933
7.1882
7.19673
7.20491
7.21276
7.22025
7.2274
7.2342
7.24067
7.24681
7.25263
7.25815
7.26337
7.26831
7.27298
7.2774
7.28158
7.28554
7.28929
7.29284
7.2962
7.2994
7.30244
7.30534
7.3081
7.31074
7.31327
7.31569
7.31802
7.32026
7.32243
7.32451
7.32653
7.32849
7.33038
7.33222
7.334
7.33573
7.33741
7.33902
7.34058
7.34209
7.34353
7.3449
7.3462
7.34742
7.34857
7.34963
7.35059
7.35146
7.35223
7.3529
7.35346
7.35392
7.35428
7.35454
7.35471
7.35478
7.35475
7.3547
6.98061
6.96811
6.95744
6.94855
6.94134
6.93574
6.93166
6.92905
6.92781
6.92788
6.92919
6.93165
6.93519
6.93974
6.94523
6.95157
6.9587
6.96655
6.97504
6.9841
6.99367
7.00368
7.01406
7.02475
7.03568
7.04681
7.05806
7.06939
7.08075
7.09207
7.10333
7.11446
7.12543
7.1362
7.14675
7.15702
7.16701
7.17668
7.18601
7.19499
7.20362
7.21187
7.21975
7.22725
7.23439
7.24116
7.24757
7.25363
7.25936
7.26477
7.26988
7.2747
7.27924
7.28353
7.28758
7.2914
7.29502
7.29844
7.30169
7.30476
7.30769
7.31048
7.31313
7.31567
7.3181
7.32042
7.32266
7.3248
7.32687
7.32886
7.33077
7.33262
7.3344
7.33611
7.33777
7.33935
7.34087
7.34233
7.34371
7.34503
7.34626
7.34743
7.34851
7.34951
7.35042
7.35124
7.35197
7.35261
7.35316
7.35363
7.35401
7.3543
7.35453
7.35469
7.35479
7.35485
7.35487
7.35486
7.35485
7.35485
)
;

boundaryField
{
    jetInlet
    {
        type            zeroGradient;
    }
    returnOutlet
    {
        type            fixedValue;
        value           uniform 0;
    }
    flatBed
    {
        type            zeroGradient;
    }
    slope
    {
        type            zeroGradient;
    }
    top
    {
        type            symmetryPlane;
    }
    frontAndBack
    {
        type            empty;
    }
    defaultFaces
    {
        type            empty;
    }
}


// ************************************************************************* //
