/*--------------------------------*- C++ -*----------------------------------*\
| =========                 |                                                 |
| \\      /  F ield         | OpenFOAM: The Open Source CFD Toolbox           |
|  \\    /   O peration     | Version:  2206                                  |
|   \\  /    A nd           | Website:  www.openfoam.com                      |
|    \\/     M anipulation  |                                                 |
\*---------------------------------------------------------------------------*/
FoamFile
{
    version     2.0;
    format      ascii;
    arch        "LSB;label=32;scalar=64";
    class       surfaceScalarField;
    location    "100";
    object      phi;
}
// * * * * * * * * * * * * * * * * * * * * * * * * * * * * * * * * * * * * * //

dimensions      [0 3 -1 0 0 0 0];

oriented        oriented;

internalField   nonuniform List<scalar> 
7860
(
0.0249747
2.52773e-05
0.0249735
1.26071e-06
0.0249743
-8.09777e-07
0.0249742
1.72682e-08
0.024974
2.8094e-07
0.0249736
3.55518e-07
0.0249732
4.26674e-07
0.0249727
5.02687e-07
0.0249721
5.75732e-07
0.0249714
6.43977e-07
0.0249707
7.07454e-07
0.02497
7.66319e-07
0.0249691
8.20607e-07
0.0249683
8.70395e-07
0.0249674
9.15741e-07
0.0249664
9.56747e-07
0.0249654
9.93528e-07
0.0249644
1.0262e-06
0.0249633
1.05494e-06
0.0249622
1.07985e-06
0.0249611
1.10119e-06
0.02496
1.11903e-06
0.0249589
1.1337e-06
0.0249577
1.14526e-06
0.0249566
1.15408e-06
0.0249554
1.16017e-06
0.0249542
1.164e-06
0.0249531
1.16548e-06
0.0249519
1.16513e-06
0.0249508
1.16281e-06
0.0249496
1.15908e-06
0.0249484
1.15371e-06
0.0249473
1.14732e-06
0.0249462
1.13958e-06
0.024945
1.1312e-06
0.0249439
1.12174e-06
0.0249428
1.11199e-06
0.0249417
1.10142e-06
0.0249406
1.09089e-06
0.0249395
1.07975e-06
0.0249384
1.06893e-06
0.0249374
1.05764e-06
0.0249363
1.0469e-06
0.0249353
1.03578e-06
0.0249343
1.02541e-06
0.0249333
1.01475e-06
0.0249323
1.00501e-06
0.0249313
9.95079e-07
0.0249303
9.86259e-07
0.0249293
9.77328e-07
0.0249284
9.69673e-07
0.0249274
9.61968e-07
0.0249264
9.55651e-07
0.0249255
9.49305e-07
0.0249246
9.44411e-07
0.0249236
9.39494e-07
0.0249227
9.36071e-07
0.0249218
9.32646e-07
0.0249208
9.30749e-07
0.0249199
9.28884e-07
0.024919
9.28562e-07
0.024918
9.2828e-07
0.0249171
9.29516e-07
0.0249162
9.30751e-07
0.0249153
9.33428e-07
0.0249143
9.3603e-07
0.0249134
9.39968e-07
0.0249125
9.43766e-07
0.0249115
9.48781e-07
0.0249106
9.53618e-07
0.0249096
9.59517e-07
0.0249086
9.65191e-07
0.0249077
9.71691e-07
0.0249067
9.77835e-07
0.0249057
9.84458e-07
0.0249047
9.90462e-07
0.0249037
9.96494e-07
0.0249027
1.00152e-06
0.0249017
1.00607e-06
0.0249007
1.00914e-06
0.0248997
1.01118e-06
0.0248987
1.01122e-06
0.0248977
1.00957e-06
0.0248967
1.00527e-06
0.0248957
9.98418e-07
0.0248947
9.88056e-07
0.0248938
9.73893e-07
0.0248928
9.55003e-07
0.0248919
9.30536e-07
0.024891
8.99632e-07
0.0248901
8.60728e-07
0.0248893
8.13036e-07
0.0248885
7.54192e-07
0.0248879
6.83454e-07
0.0248872
5.97732e-07
0.0248867
4.9667e-07
0.0248864
3.7828e-07
0.0248861
2.46463e-07
0.024886
1.20492e-07
3.20794e-08
0.0250287
-3.42126e-06
0.0250286
1.32943e-06
0.0250267
1.1109e-06
0.0250255
1.26681e-06
0.0250243
1.43662e-06
0.0250232
1.51522e-06
0.025022
1.58018e-06
0.0250209
1.64828e-06
0.0250197
1.7145e-06
0.0250186
1.77646e-06
0.0250175
1.83408e-06
0.0250164
1.88754e-06
0.0250152
1.93692e-06
0.0250141
1.98225e-06
0.025013
2.02362e-06
0.0250119
2.06112e-06
0.0250108
2.09486e-06
0.0250097
2.125e-06
0.0250087
2.15165e-06
0.0250076
2.175e-06
0.0250065
2.19517e-06
0.0250054
2.21238e-06
0.0250043
2.22675e-06
0.0250032
2.23853e-06
0.0250021
2.24784e-06
0.025001
2.25493e-06
0.0249999
2.25993e-06
0.0249989
2.26309e-06
0.0249978
2.26451e-06
0.0249967
2.26445e-06
0.0249956
2.26297e-06
0.0249945
2.26034e-06
0.0249934
2.25657e-06
0.0249923
2.25197e-06
0.0249912
2.24653e-06
0.0249901
2.24057e-06
0.0249889
2.23406e-06
0.0249878
2.22736e-06
0.0249867
2.22039e-06
0.0249856
2.21353e-06
0.0249845
2.20661e-06
0.0249833
2.20001e-06
0.0249822
2.1935e-06
0.0249811
2.18745e-06
0.0249799
2.1816e-06
0.0249788
2.17634e-06
0.0249776
2.17141e-06
0.0249765
2.16725e-06
0.0249753
2.16358e-06
0.0249741
2.16084e-06
0.024973
2.15875e-06
0.0249718
2.15771e-06
0.0249706
2.1574e-06
0.0249694
2.15821e-06
0.0249682
2.15976e-06
0.024967
2.16245e-06
0.0249658
2.1659e-06
0.0249646
2.17051e-06
0.0249633
2.1759e-06
0.0249621
2.18246e-06
0.0249608
2.18981e-06
0.0249596
2.19832e-06
0.0249583
2.20756e-06
0.0249571
2.21786e-06
0.0249558
2.22878e-06
0.0249545
2.24062e-06
0.0249532
2.25292e-06
0.0249519
2.26597e-06
0.0249506
2.27931e-06
0.0249493
2.29319e-06
0.0249479
2.30718e-06
0.0249466
2.32141e-06
0.0249453
2.33544e-06
0.0249439
2.34926e-06
0.0249426
2.36238e-06
0.0249412
2.37467e-06
0.0249398
2.38558e-06
0.0249384
2.39488e-06
0.0249371
2.40194e-06
0.0249357
2.40648e-06
0.0249343
2.4078e-06
0.0249329
2.40554e-06
0.0249316
2.39888e-06
0.0249302
2.38726e-06
0.0249289
2.36973e-06
0.0249275
2.34537e-06
0.0249262
2.313e-06
0.0249249
2.27123e-06
0.0249236
2.21857e-06
0.0249224
2.15298e-06
0.0249212
2.07258e-06
0.02492
1.9746e-06
0.0249189
1.85658e-06
0.0249179
1.71496e-06
0.024917
1.54665e-06
0.0249161
1.34753e-06
0.0249154
1.11417e-06
0.0249148
8.43868e-07
0.0249144
5.32477e-07
1.83296e-07
0.0249975
-9.70711e-07
0.0249977
1.16892e-06
0.0249974
1.38307e-06
0.0249973
1.41479e-06
0.0249972
1.51429e-06
0.0249971
1.59388e-06
0.024997
1.6621e-06
0.0249969
1.73004e-06
0.0249969
1.79639e-06
0.0249968
1.8595e-06
0.0249967
1.91919e-06
0.0249966
1.97562e-06
0.0249965
2.02886e-06
0.0249964
2.07895e-06
0.0249963
2.12597e-06
0.0249962
2.16998e-06
0.0249961
2.21108e-06
0.0249959
2.24938e-06
0.0249958
2.28499e-06
0.0249956
2.31803e-06
0.0249955
2.34865e-06
0.0249953
2.37695e-06
0.0249951
2.40312e-06
0.0249949
2.42725e-06
0.0249947
2.44957e-06
0.0249945
2.47015e-06
0.0249943
2.48923e-06
0.024994
2.50687e-06
0.0249938
2.52331e-06
0.0249935
2.53856e-06
0.0249932
2.55289e-06
0.0249929
2.56625e-06
0.0249926
2.57892e-06
0.0249922
2.59084e-06
0.0249919
2.60231e-06
0.0249915
2.61327e-06
0.0249911
2.62407e-06
0.0249907
2.63461e-06
0.0249903
2.64528e-06
0.0249898
2.65592e-06
0.0249894
2.6669e-06
0.0249889
2.67798e-06
0.0249884
2.68952e-06
0.0249879
2.7012e-06
0.0249873
2.71342e-06
0.0249868
2.72584e-06
0.0249862
2.73894e-06
0.0249856
2.75236e-06
0.024985
2.76663e-06
0.0249844
2.78138e-06
0.0249838
2.79714e-06
0.0249831
2.81347e-06
0.0249824
2.8309e-06
0.0249818
2.84891e-06
0.024981
2.86802e-06
0.0249803
2.8877e-06
0.0249796
2.90845e-06
0.0249788
2.92974e-06
0.024978
2.9521e-06
0.0249772
2.97499e-06
0.0249764
2.99891e-06
0.0249756
3.02329e-06
0.0249748
3.04861e-06
0.0249739
3.07425e-06
0.024973
3.10064e-06
0.0249722
3.12715e-06
0.0249712
3.15419e-06
0.0249703
3.18112e-06
0.0249694
3.20829e-06
0.0249685
3.23507e-06
0.0249675
3.26174e-06
0.0249665
3.28763e-06
0.0249656
3.31287e-06
0.0249646
3.33675e-06
0.0249636
3.35923e-06
0.0249626
3.37952e-06
0.0249616
3.39745e-06
0.0249605
3.41217e-06
0.0249595
3.42338e-06
0.0249585
3.43018e-06
0.0249575
3.43214e-06
0.0249564
3.42826e-06
0.0249554
3.41793e-06
0.0249544
3.39996e-06
0.0249534
3.37343e-06
0.0249524
3.33686e-06
0.0249515
3.28886e-06
0.0249505
3.2276e-06
0.0249496
3.15104e-06
0.0249487
3.05688e-06
0.0249478
2.94231e-06
0.0249469
2.80445e-06
0.0249461
2.63951e-06
0.0249454
2.44391e-06
0.0249447
2.21272e-06
0.0249441
1.94134e-06
0.0249436
1.6235e-06
0.0249432
1.25229e-06
0.0249429
8.16471e-07
2.91521e-07
0.0249986
3.86949e-07
0.0249984
1.394e-06
0.0249982
1.64123e-06
0.0249979
1.66728e-06
0.0249977
1.73139e-06
0.0249975
1.80333e-06
0.0249973
1.86915e-06
0.0249971
1.93244e-06
0.0249969
1.99377e-06
0.0249967
2.05244e-06
0.0249965
2.1083e-06
0.0249963
2.16147e-06
0.0249962
2.21204e-06
0.024996
2.26007e-06
0.0249958
2.30565e-06
0.0249956
2.34885e-06
0.0249955
2.38978e-06
0.0249953
2.42854e-06
0.0249951
2.46524e-06
0.0249949
2.49998e-06
0.0249948
2.53289e-06
0.0249946
2.5641e-06
0.0249944
2.59372e-06
0.0249942
2.6219e-06
0.024994
2.64877e-06
0.0249938
2.67449e-06
0.0249936
2.69916e-06
0.0249934
2.72296e-06
0.0249932
2.74595e-06
0.024993
2.7683e-06
0.0249927
2.79004e-06
0.0249925
2.81131e-06
0.0249923
2.83214e-06
0.024992
2.85269e-06
0.0249917
2.87297e-06
0.0249915
2.89317e-06
0.0249912
2.91334e-06
0.0249909
2.93368e-06
0.0249906
2.95422e-06
0.0249903
2.97516e-06
0.02499
2.99643e-06
0.0249896
3.01819e-06
0.0249893
3.04032e-06
0.024989
3.06295e-06
0.0249886
3.08594e-06
0.0249882
3.10945e-06
0.0249878
3.13337e-06
0.0249875
3.15793e-06
0.024987
3.18304e-06
0.0249866
3.20893e-06
0.0249862
3.23548e-06
0.0249858
3.26291e-06
0.0249853
3.29102e-06
0.0249849
3.31999e-06
0.0249844
3.34959e-06
0.0249839
3.37996e-06
0.0249834
3.4109e-06
0.0249829
3.44253e-06
0.0249824
3.47466e-06
0.0249819
3.50741e-06
0.0249814
3.54057e-06
0.0249809
3.57422e-06
0.0249803
3.60812e-06
0.0249798
3.64232e-06
0.0249792
3.67651e-06
0.0249786
3.71072e-06
0.024978
3.74463e-06
0.0249775
3.77823e-06
0.0249769
3.81119e-06
0.0249763
3.84344e-06
0.0249757
3.8746e-06
0.0249751
3.9045e-06
0.0249745
3.93267e-06
0.0249739
3.95879e-06
0.0249733
3.9823e-06
0.0249727
4.00273e-06
0.024972
4.01942e-06
0.0249714
4.03181e-06
0.0249708
4.03915e-06
0.0249702
4.04078e-06
0.0249696
4.03584e-06
0.0249691
4.02356e-06
0.0249685
4.0029e-06
0.0249679
3.97283e-06
0.0249674
3.93206e-06
0.0249669
3.87918e-06
0.0249664
3.81253e-06
0.0249659
3.73017e-06
0.0249654
3.62999e-06
0.0249649
3.50944e-06
0.0249645
3.36583e-06
0.0249641
3.19588e-06
0.0249638
2.99621e-06
0.0249635
2.76267e-06
0.0249632
2.49094e-06
0.0249629
2.17567e-06
0.0249627
1.81075e-06
0.0249626
1.38844e-06
0.0249625
8.97876e-07
3.17794e-07
0.0249993
1.09571e-06
0.0249991
1.6098e-06
0.0249989
1.80949e-06
0.0249987
1.84869e-06
0.0249985
1.90085e-06
0.0249984
1.96657e-06
0.0249982
2.03008e-06
0.024998
2.09037e-06
0.0249979
2.14843e-06
0.0249977
2.20425e-06
0.0249976
2.25775e-06
0.0249974
2.30901e-06
0.0249973
2.35811e-06
0.0249971
2.40513e-06
0.024997
2.45015e-06
0.0249968
2.49325e-06
0.0249967
2.53452e-06
0.0249965
2.57406e-06
0.0249964
2.61196e-06
0.0249962
2.64832e-06
0.0249961
2.68323e-06
0.0249959
2.7168e-06
0.0249957
2.74916e-06
0.0249956
2.7804e-06
0.0249954
2.81068e-06
0.0249952
2.84007e-06
0.0249951
2.86875e-06
0.0249949
2.89678e-06
0.0249947
2.9243e-06
0.0249945
2.95135e-06
0.0249943
2.97806e-06
0.0249941
3.00442e-06
0.0249939
3.03055e-06
0.0249937
3.05646e-06
0.0249935
3.08229e-06
0.0249933
3.10806e-06
0.0249931
3.13395e-06
0.0249928
3.16e-06
0.0249926
3.18639e-06
0.0249924
3.21311e-06
0.0249921
3.2403e-06
0.0249919
3.26785e-06
0.0249916
3.29584e-06
0.0249913
3.32413e-06
0.0249911
3.35279e-06
0.0249908
3.38171e-06
0.0249905
3.41104e-06
0.0249902
3.44068e-06
0.0249899
3.47085e-06
0.0249896
3.50145e-06
0.0249893
3.53268e-06
0.024989
3.5644e-06
0.0249887
3.59673e-06
0.0249884
3.62948e-06
0.0249881
3.66275e-06
0.0249878
3.6963e-06
0.0249875
3.73025e-06
0.0249871
3.76435e-06
0.0249868
3.79873e-06
0.0249865
3.83315e-06
0.0249861
3.8677e-06
0.0249858
3.90211e-06
0.0249855
3.93643e-06
0.0249851
3.97036e-06
0.0249848
4.0039e-06
0.0249845
4.03671e-06
0.0249842
4.06878e-06
0.0249838
4.09975e-06
0.0249835
4.12957e-06
0.0249832
4.15784e-06
0.0249829
4.18442e-06
0.0249826
4.20884e-06
0.0249823
4.23081e-06
0.024982
4.24976e-06
0.0249817
4.26526e-06
0.0249814
4.27663e-06
0.0249811
4.28334e-06
0.0249809
4.28463e-06
0.0249806
4.27988e-06
0.0249804
4.26828e-06
0.0249802
4.24913e-06
0.02498
4.2215e-06
0.0249798
4.18451e-06
0.0249796
4.13705e-06
0.0249795
4.07798e-06
0.0249794
4.00587e-06
0.0249793
3.91921e-06
0.0249792
3.81621e-06
0.0249791
3.69488e-06
0.0249791
3.55302e-06
0.024979
3.38813e-06
0.024979
3.19755e-06
0.024979
2.97821e-06
0.024979
2.72692e-06
0.0249791
2.43988e-06
0.0249791
2.11307e-06
0.0249792
1.74154e-06
0.0249793
1.3196e-06
0.0249793
8.39872e-07
2.93438e-07
0.0249996
1.49577e-06
0.0249994
1.78122e-06
0.0249993
1.93111e-06
0.0249992
1.98002e-06
0.0249991
2.02946e-06
0.0249989
2.09047e-06
0.0249988
2.15126e-06
0.0249987
2.20901e-06
0.0249986
2.26449e-06
0.0249985
2.31806e-06
0.0249984
2.36973e-06
0.0249983
2.41953e-06
0.0249982
2.46755e-06
0.0249981
2.51385e-06
0.0249979
2.55851e-06
0.0249978
2.60161e-06
0.0249977
2.64323e-06
0.0249976
2.68345e-06
0.0249975
2.72234e-06
0.0249974
2.75997e-06
0.0249973
2.79644e-06
0.0249972
2.83182e-06
0.0249971
2.86621e-06
0.024997
2.8997e-06
0.0249969
2.9324e-06
0.0249967
2.96442e-06
0.0249966
2.99584e-06
0.0249965
3.02677e-06
0.0249964
3.05726e-06
0.0249962
3.08741e-06
0.0249961
3.11723e-06
0.024996
3.14678e-06
0.0249958
3.17607e-06
0.0249957
3.20516e-06
0.0249955
3.23408e-06
0.0249954
3.26293e-06
0.0249952
3.29178e-06
0.0249951
3.32076e-06
0.0249949
3.34991e-06
0.0249948
3.37933e-06
0.0249946
3.409e-06
0.0249945
3.43892e-06
0.0249943
3.46901e-06
0.0249941
3.49923e-06
0.024994
3.52947e-06
0.0249938
3.55976e-06
0.0249936
3.59005e-06
0.0249935
3.62042e-06
0.0249933
3.65086e-06
0.0249931
3.68148e-06
0.0249929
3.71225e-06
0.0249928
3.74321e-06
0.0249926
3.77427e-06
0.0249924
3.80542e-06
0.0249923
3.83651e-06
0.0249921
3.86751e-06
0.024992
3.89828e-06
0.0249918
3.9288e-06
0.0249917
3.95892e-06
0.0249915
3.98862e-06
0.0249914
4.01774e-06
0.0249912
4.04621e-06
0.0249911
4.07385e-06
0.024991
4.10056e-06
0.0249909
4.12608e-06
0.0249908
4.15031e-06
0.0249907
4.17299e-06
0.0249906
4.19398e-06
0.0249905
4.21299e-06
0.0249905
4.22982e-06
0.0249904
4.24413e-06
0.0249904
4.2556e-06
0.0249903
4.26379e-06
0.0249903
4.26825e-06
0.0249903
4.26841e-06
0.0249903
4.26374e-06
0.0249904
4.25359e-06
0.0249904
4.23737e-06
0.0249905
4.2144e-06
0.0249906
4.18404e-06
0.0249907
4.14556e-06
0.0249908
4.09828e-06
0.024991
4.04135e-06
0.0249911
3.9739e-06
0.0249913
3.89494e-06
0.0249915
3.80333e-06
0.0249918
3.69782e-06
0.024992
3.577e-06
0.0249923
3.43933e-06
0.0249925
3.28311e-06
0.0249928
3.10656e-06
0.0249931
2.90771e-06
0.0249934
2.68458e-06
0.0249937
2.43495e-06
0.0249939
2.15661e-06
0.0249942
1.84706e-06
0.0249944
1.50365e-06
0.0249946
1.12356e-06
0.0249947
7.04093e-07
2.42831e-07
0.0249998
1.70497e-06
0.0249997
1.88706e-06
0.0249996
2.0022e-06
0.0249995
2.05555e-06
0.0249994
2.10459e-06
0.0249994
2.16167e-06
0.0249993
2.21922e-06
0.0249992
2.27418e-06
0.0249991
2.327e-06
0.0249991
2.37817e-06
0.024999
2.42775e-06
0.024999
2.47577e-06
0.0249989
2.52228e-06
0.0249988
2.56736e-06
0.0249988
2.61108e-06
0.0249987
2.6535e-06
0.0249987
2.69468e-06
0.0249986
2.73468e-06
0.0249986
2.77357e-06
0.0249985
2.8114e-06
0.0249984
2.84823e-06
0.0249984
2.88412e-06
0.0249983
2.91914e-06
0.0249983
2.95337e-06
0.0249982
2.9869e-06
0.0249981
3.01979e-06
0.0249981
3.05214e-06
0.024998
3.08401e-06
0.024998
3.11546e-06
0.0249979
3.14651e-06
0.0249978
3.17721e-06
0.0249978
3.20754e-06
0.0249977
3.23754e-06
0.0249976
3.26718e-06
0.0249976
3.29654e-06
0.0249975
3.32565e-06
0.0249974
3.3546e-06
0.0249973
3.38345e-06
0.0249973
3.4123e-06
0.0249972
3.44116e-06
0.0249971
3.47003e-06
0.0249971
3.49885e-06
0.024997
3.52755e-06
0.024997
3.556e-06
0.0249969
3.58414e-06
0.0249968
3.61188e-06
0.0249968
3.63925e-06
0.0249967
3.66622e-06
0.0249967
3.69287e-06
0.0249966
3.71918e-06
0.0249966
3.74522e-06
0.0249966
3.77091e-06
0.0249966
3.79624e-06
0.0249965
3.82107e-06
0.0249965
3.84536e-06
0.0249965
3.86894e-06
0.0249965
3.89175e-06
0.0249965
3.91366e-06
0.0249965
3.93461e-06
0.0249966
3.95446e-06
0.0249966
3.97315e-06
0.0249967
3.99049e-06
0.0249967
4.00639e-06
0.0249968
4.02063e-06
0.0249969
4.03309e-06
0.024997
4.04354e-06
0.0249971
4.05184e-06
0.0249972
4.05775e-06
0.0249974
4.0611e-06
0.0249975
4.06161e-06
0.0249977
4.05905e-06
0.0249979
4.05303e-06
0.0249981
4.04321e-06
0.0249984
4.0291e-06
0.0249986
4.01025e-06
0.0249989
3.9861e-06
0.0249992
3.95616e-06
0.0249995
3.91985e-06
0.0249998
3.87668e-06
0.0250002
3.82609e-06
0.0250005
3.76761e-06
0.0250009
3.70066e-06
0.0250014
3.62471e-06
0.0250018
3.53911e-06
0.0250022
3.4432e-06
0.0250027
3.33621e-06
0.0250032
3.21732e-06
0.0250037
3.0856e-06
0.0250042
2.9401e-06
0.0250046
2.77982e-06
0.0250051
2.60374e-06
0.0250056
2.41089e-06
0.0250061
2.20029e-06
0.0250065
1.97111e-06
0.025007
1.72253e-06
0.0250073
1.45397e-06
0.0250077
1.1649e-06
0.0250079
8.55305e-07
0.0250081
5.25419e-07
1.78438e-07
0.0249999
1.82e-06
0.0249998
1.9464e-06
0.0249998
2.03785e-06
0.0249998
2.09205e-06
0.0249997
2.14072e-06
0.0249997
2.19441e-06
0.0249997
2.24866e-06
0.0249996
2.30078e-06
0.0249996
2.35098e-06
0.0249996
2.39972e-06
0.0249996
2.44712e-06
0.0249996
2.49318e-06
0.0249996
2.53796e-06
0.0249995
2.5815e-06
0.0249995
2.62386e-06
0.0249995
2.66511e-06
0.0249995
2.70528e-06
0.0249995
2.74442e-06
0.0249995
2.78257e-06
0.0249995
2.81976e-06
0.0249995
2.85602e-06
0.0249995
2.89141e-06
0.0249995
2.92597e-06
0.0249995
2.95976e-06
0.0249995
2.99282e-06
0.0249995
3.02524e-06
0.0249995
3.05706e-06
0.0249995
3.08833e-06
0.0249995
3.11909e-06
0.0249995
3.14935e-06
0.0249995
3.1791e-06
0.0249995
3.20834e-06
0.0249995
3.23704e-06
0.0249995
3.26521e-06
0.0249995
3.29285e-06
0.0249995
3.32001e-06
0.0249995
3.34673e-06
0.0249995
3.37309e-06
0.0249996
3.39913e-06
0.0249996
3.42488e-06
0.0249996
3.4503e-06
0.0249996
3.47531e-06
0.0249997
3.4998e-06
0.0249997
3.52364e-06
0.0249998
3.54671e-06
0.0249998
3.56894e-06
0.0249999
3.59029e-06
0.0249999
3.61078e-06
0.025
3.6304e-06
0.0250001
3.6492e-06
0.0250001
3.66715e-06
0.0250002
3.68425e-06
0.0250003
3.70039e-06
0.0250005
3.7155e-06
0.0250006
3.72944e-06
0.0250007
3.74211e-06
0.0250009
3.75338e-06
0.025001
3.76315e-06
0.0250012
3.77132e-06
0.0250014
3.77779e-06
0.0250016
3.78244e-06
0.0250018
3.78516e-06
0.025002
3.78578e-06
0.0250022
3.78416e-06
0.0250025
3.78013e-06
0.0250028
3.77354e-06
0.025003
3.76422e-06
0.0250034
3.75202e-06
0.0250037
3.73676e-06
0.025004
3.71824e-06
0.0250044
3.69623e-06
0.0250048
3.67044e-06
0.0250052
3.64053e-06
0.0250056
3.60614e-06
0.025006
3.56685e-06
0.0250065
3.52224e-06
0.025007
3.47191e-06
0.0250075
3.41546e-06
0.025008
3.35252e-06
0.0250085
3.28278e-06
0.0250091
3.20594e-06
0.0250097
3.12173e-06
0.0250103
3.02987e-06
0.0250109
2.93007e-06
0.0250115
2.82202e-06
0.0250121
2.70539e-06
0.0250128
2.57983e-06
0.0250134
2.44496e-06
0.025014
2.30045e-06
0.0250147
2.146e-06
0.0250153
1.9814e-06
0.0250159
1.80655e-06
0.0250164
1.62155e-06
0.025017
1.42666e-06
0.0250174
1.22246e-06
0.0250179
1.00979e-06
0.0250182
7.89929e-07
0.0250185
5.6474e-07
0.0250187
3.36927e-07
1.1178e-07
0.025
1.84813e-06
0.025
1.94994e-06
0.025
2.02686e-06
0.025
2.07968e-06
0.025
2.12695e-06
0.025
2.17714e-06
0.025
2.22772e-06
0.025
2.27656e-06
0.025
2.32369e-06
0.0250001
2.36953e-06
0.0250001
2.4142e-06
0.0250001
2.45769e-06
0.0250002
2.50005e-06
0.0250002
2.54131e-06
0.0250002
2.58153e-06
0.0250003
2.62074e-06
0.0250003
2.65898e-06
0.0250003
2.69626e-06
0.0250004
2.7326e-06
0.0250004
2.76803e-06
0.0250005
2.80256e-06
0.0250005
2.83621e-06
0.0250006
2.869e-06
0.0250006
2.90098e-06
0.0250007
2.93219e-06
0.0250007
2.96265e-06
0.0250008
2.99242e-06
0.0250009
3.02152e-06
0.0250009
3.04997e-06
0.025001
3.07776e-06
0.0250011
3.10486e-06
0.0250011
3.13124e-06
0.0250012
3.15687e-06
0.0250013
3.18172e-06
0.0250014
3.2058e-06
0.0250014
3.2291e-06
0.0250015
3.2517e-06
0.0250016
3.27362e-06
0.0250017
3.29491e-06
0.0250018
3.31555e-06
0.0250019
3.33552e-06
0.0250021
3.3547e-06
0.0250022
3.37295e-06
0.0250023
3.39013e-06
0.0250024
3.4061e-06
0.0250026
3.42077e-06
0.0250027
3.4341e-06
0.0250029
3.44606e-06
0.0250031
3.45668e-06
0.0250032
3.46595e-06
0.0250034
3.47389e-06
0.0250036
3.48044e-06
0.0250038
3.48553e-06
0.025004
3.48904e-06
0.0250043
3.49087e-06
0.0250045
3.49087e-06
0.0250048
3.48894e-06
0.0250051
3.48498e-06
0.0250053
3.47889e-06
0.0250056
3.47057e-06
0.025006
3.45993e-06
0.0250063
3.44683e-06
0.0250066
3.43118e-06
0.025007
3.41281e-06
0.0250074
3.39161e-06
0.0250078
3.36745e-06
0.0250082
3.34023e-06
0.0250086
3.30981e-06
0.0250091
3.2761e-06
0.0250096
3.23895e-06
0.0250101
3.19819e-06
0.0250106
3.15361e-06
0.0250111
3.10497e-06
0.0250116
3.05197e-06
0.0250122
2.99432e-06
0.0250128
2.93173e-06
0.0250134
2.86392e-06
0.025014
2.79069e-06
0.0250146
2.71186e-06
0.0250153
2.62733e-06
0.025016
2.53706e-06
0.0250166
2.44104e-06
0.0250173
2.33932e-06
0.025018
2.23194e-06
0.0250187
2.11896e-06
0.0250194
2.00046e-06
0.0250201
1.87654e-06
0.0250208
1.74733e-06
0.0250215
1.61302e-06
0.0250221
1.47394e-06
0.0250228
1.33051e-06
0.0250234
1.18337e-06
0.025024
1.03337e-06
0.0250245
8.81643e-07
0.025025
7.29649e-07
0.0250254
5.79244e-07
0.0250258
4.32728e-07
0.025026
2.93114e-07
0.0250262
1.63827e-07
5.13156e-08
0.025
1.83357e-06
0.0250001
1.91632e-06
0.0250001
1.98219e-06
0.0250001
2.0323e-06
0.0250002
2.07734e-06
0.0250002
2.12395e-06
0.0250003
2.17077e-06
0.0250004
2.21613e-06
0.0250004
2.26001e-06
0.0250005
2.30271e-06
0.0250006
2.34436e-06
0.0250006
2.38496e-06
0.0250007
2.42452e-06
0.0250008
2.46308e-06
0.0250009
2.50068e-06
0.025001
2.53734e-06
0.025001
2.57306e-06
0.0250011
2.60787e-06
0.0250012
2.64175e-06
0.0250013
2.67471e-06
0.0250014
2.70675e-06
0.0250015
2.73787e-06
0.0250016
2.76808e-06
0.0250017
2.79739e-06
0.0250018
2.82583e-06
0.0250019
2.85342e-06
0.0250021
2.88018e-06
0.0250022
2.90611e-06
0.0250023
2.93123e-06
0.0250024
2.95549e-06
0.0250025
2.97887e-06
0.0250027
3.00132e-06
0.0250028
3.02277e-06
0.025003
3.0432e-06
0.0250031
3.06258e-06
0.0250032
3.08092e-06
0.0250034
3.09824e-06
0.0250036
3.11459e-06
0.0250037
3.12998e-06
0.0250039
3.14439e-06
0.0250041
3.15776e-06
0.0250043
3.16998e-06
0.0250045
3.18089e-06
0.0250047
3.19032e-06
0.0250049
3.19814e-06
0.0250051
3.20423e-06
0.0250053
3.20854e-06
0.0250056
3.21104e-06
0.0250058
3.21175e-06
0.0250061
3.21068e-06
0.0250063
3.2078e-06
0.0250066
3.20309e-06
0.0250069
3.19645e-06
0.0250072
3.18778e-06
0.0250075
3.17696e-06
0.0250079
3.16388e-06
0.0250082
3.14843e-06
0.0250086
3.13052e-06
0.0250089
3.11007e-06
0.0250093
3.08699e-06
0.0250097
3.0612e-06
0.0250101
3.03262e-06
0.0250106
3.00113e-06
0.025011
2.96666e-06
0.0250115
2.9291e-06
0.0250119
2.88838e-06
0.0250124
2.84444e-06
0.0250129
2.79725e-06
0.0250135
2.74674e-06
0.025014
2.69286e-06
0.0250146
2.63552e-06
0.0250152
2.5746e-06
0.0250157
2.50995e-06
0.0250163
2.4414e-06
0.025017
2.36878e-06
0.0250176
2.29193e-06
0.0250182
2.21074e-06
0.0250189
2.12518e-06
0.0250196
2.03528e-06
0.0250203
1.94116e-06
0.0250209
1.84302e-06
0.0250216
1.74112e-06
0.0250223
1.63577e-06
0.025023
1.52734e-06
0.0250237
1.41621e-06
0.0250244
1.3028e-06
0.0250251
1.1876e-06
0.0250258
1.07112e-06
0.0250264
9.54e-07
0.0250271
8.36969e-07
0.0250277
7.20936e-07
0.0250282
6.06992e-07
0.0250287
4.96472e-07
0.0250292
3.9098e-07
0.0250296
2.92452e-07
0.02503
2.03163e-07
0.0250303
1.25824e-07
0.0250305
6.36393e-08
0.0250307
2.03227e-08
2.00957e-09
0.0250001
1.76235e-06
0.0250001
1.83695e-06
0.0250002
1.89526e-06
0.0250003
1.94176e-06
0.0250004
1.98365e-06
0.0250005
2.02631e-06
0.0250006
2.069e-06
0.0250007
2.11046e-06
0.0250008
2.15059e-06
0.0250009
2.18966e-06
0.025001
2.22777e-06
0.0250011
2.26491e-06
0.0250012
2.30109e-06
0.0250013
2.33633e-06
0.0250015
2.37066e-06
0.0250016
2.40409e-06
0.0250017
2.43662e-06
0.0250019
2.46823e-06
0.025002
2.49892e-06
0.0250021
2.52866e-06
0.0250023
2.55745e-06
0.0250024
2.58527e-06
0.0250026
2.61211e-06
0.0250027
2.63797e-06
0.0250029
2.66286e-06
0.025003
2.68678e-06
0.0250032
2.70974e-06
0.0250034
2.73174e-06
0.0250035
2.75276e-06
0.0250037
2.77276e-06
0.0250039
2.7917e-06
0.0250041
2.8095e-06
0.0250043
2.82611e-06
0.0250045
2.84147e-06
0.0250047
2.85557e-06
0.0250049
2.86839e-06
0.0250051
2.87994e-06
0.0250053
2.89026e-06
0.0250055
2.89936e-06
0.0250058
2.90719e-06
0.025006
2.9137e-06
0.0250062
2.91874e-06
0.0250065
2.92216e-06
0.0250068
2.92379e-06
0.025007
2.92348e-06
0.0250073
2.9211e-06
0.0250076
2.9166e-06
0.0250079
2.90996e-06
0.0250082
2.90118e-06
0.0250085
2.89028e-06
0.0250088
2.87724e-06
0.0250092
2.86202e-06
0.0250095
2.84455e-06
0.0250099
2.82472e-06
0.0250102
2.80244e-06
0.0250106
2.7776e-06
0.025011
2.75011e-06
0.0250114
2.71989e-06
0.0250118
2.68689e-06
0.0250123
2.65104e-06
0.0250127
2.6123e-06
0.0250132
2.57059e-06
0.0250136
2.52585e-06
0.0250141
2.47804e-06
0.0250146
2.42711e-06
0.0250151
2.37304e-06
0.0250156
2.31583e-06
0.0250162
2.25552e-06
0.0250167
2.19212e-06
0.0250173
2.12566e-06
0.0250179
2.05613e-06
0.0250184
1.9835e-06
0.025019
1.90773e-06
0.0250197
1.82875e-06
0.0250203
1.74651e-06
0.0250209
1.661e-06
0.0250215
1.57225e-06
0.0250222
1.48038e-06
0.0250228
1.38563e-06
0.0250234
1.28829e-06
0.0250241
1.18877e-06
0.0250247
1.08756e-06
0.0250254
9.85197e-07
0.025026
8.82285e-07
0.0250267
7.79458e-07
0.0250273
6.77393e-07
0.0250279
5.76814e-07
0.0250285
4.7851e-07
0.0250291
3.83354e-07
0.0250296
2.92337e-07
0.0250301
2.06585e-07
0.0250306
1.27406e-07
0.025031
5.63005e-08
0.0250314
-4.99332e-09
0.0250317
-5.44856e-08
0.025032
-8.99068e-08
0.0250322
-1.08702e-07
0.0250324
-1.07915e-07
0.0250325
-8.44548e-08
-3.34605e-08
0.0250001
1.66338e-06
0.0250002
1.72691e-06
0.0250003
1.77788e-06
0.0250004
1.82019e-06
0.0250006
1.8584e-06
0.0250007
1.8969e-06
0.0250008
1.93533e-06
0.025001
1.97269e-06
0.0250011
2.00888e-06
0.0250012
2.0441e-06
0.0250014
2.07842e-06
0.0250015
2.11185e-06
0.0250017
2.14437e-06
0.0250019
2.17602e-06
0.025002
2.20678e-06
0.0250022
2.23668e-06
0.0250024
2.26568e-06
0.0250025
2.29377e-06
0.0250027
2.32093e-06
0.0250029
2.34713e-06
0.0250031
2.37234e-06
0.0250033
2.39653e-06
0.0250035
2.41969e-06
0.0250036
2.44179e-06
0.0250038
2.46284e-06
0.025004
2.48283e-06
0.0250043
2.50175e-06
0.0250045
2.51959e-06
0.0250047
2.53631e-06
0.0250049
2.55188e-06
0.0250051
2.56623e-06
0.0250054
2.5793e-06
0.0250056
2.59102e-06
0.0250058
2.60133e-06
0.0250061
2.61019e-06
0.0250063
2.61759e-06
0.0250066
2.62355e-06
0.0250068
2.62807e-06
0.0250071
2.63116e-06
0.0250074
2.63278e-06
0.0250077
2.63284e-06
0.025008
2.63122e-06
0.0250083
2.62775e-06
0.0250086
2.62226e-06
0.0250089
2.61459e-06
0.0250092
2.60463e-06
0.0250095
2.59233e-06
0.0250098
2.57765e-06
0.0250102
2.56061e-06
0.0250105
2.54122e-06
0.0250109
2.51948e-06
0.0250112
2.49535e-06
0.0250116
2.46876e-06
0.025012
2.43963e-06
0.0250124
2.40788e-06
0.0250128
2.37341e-06
0.0250132
2.33615e-06
0.0250136
2.29607e-06
0.0250141
2.25311e-06
0.0250145
2.20726e-06
0.025015
2.15847e-06
0.0250154
2.10673e-06
0.0250159
2.052e-06
0.0250164
1.99428e-06
0.0250169
1.93358e-06
0.0250174
1.86993e-06
0.0250179
1.8034e-06
0.0250184
1.73408e-06
0.0250189
1.66206e-06
0.0250195
1.58745e-06
0.02502
1.51033e-06
0.0250205
1.43074e-06
0.0250211
1.34874e-06
0.0250217
1.26437e-06
0.0250222
1.17768e-06
0.0250228
1.08876e-06
0.0250234
9.97795e-07
0.0250239
9.0504e-07
0.0250245
8.10858e-07
0.0250251
7.15711e-07
0.0250256
6.20163e-07
0.0250262
5.24854e-07
0.0250267
4.30492e-07
0.0250273
3.37829e-07
0.0250278
2.47659e-07
0.0250283
1.60804e-07
0.0250288
7.81295e-08
0.0250293
5.42049e-10
0.0250297
-7.09794e-08
0.0250301
-1.35375e-07
0.0250305
-1.91472e-07
0.0250309
-2.37975e-07
0.0250312
-2.73437e-07
0.0250315
-2.96258e-07
0.0250317
-3.04662e-07
0.0250319
-2.96717e-07
0.0250321
-2.70316e-07
0.0250322
-2.23184e-07
0.0250322
-1.52966e-07
-5.60268e-08
0.0250001
1.52244e-06
0.0250003
1.58029e-06
0.0250004
1.62524e-06
0.0250006
1.6629e-06
0.0250007
1.69692e-06
0.0250009
1.73095e-06
0.0250011
1.76484e-06
0.0250012
1.7978e-06
0.0250014
1.82971e-06
0.0250016
1.86074e-06
0.0250018
1.89094e-06
0.0250019
1.92031e-06
0.0250021
1.94884e-06
0.0250023
1.97654e-06
0.0250025
2.00341e-06
0.0250027
2.02943e-06
0.0250029
2.0546e-06
0.0250031
2.07887e-06
0.0250033
2.10222e-06
0.0250036
2.12461e-06
0.0250038
2.146e-06
0.025004
2.16635e-06
0.0250042
2.18565e-06
0.0250045
2.20386e-06
0.0250047
2.22097e-06
0.0250049
2.23696e-06
0.0250052
2.25182e-06
0.0250054
2.26553e-06
0.0250057
2.27805e-06
0.0250059
2.28933e-06
0.0250062
2.29932e-06
0.0250065
2.30794e-06
0.0250067
2.31513e-06
0.025007
2.32082e-06
0.0250073
2.32498e-06
0.0250076
2.32759e-06
0.0250079
2.32866e-06
0.0250082
2.3282e-06
0.0250084
2.32619e-06
0.0250088
2.3226e-06
0.0250091
2.31734e-06
0.0250094
2.31029e-06
0.0250097
2.30128e-06
0.02501
2.29014e-06
0.0250104
2.27672e-06
0.0250107
2.26092e-06
0.025011
2.24268e-06
0.0250114
2.22198e-06
0.0250117
2.19884e-06
0.0250121
2.17327e-06
0.0250125
2.14527e-06
0.0250129
2.11483e-06
0.0250132
2.08188e-06
0.0250136
2.04637e-06
0.025014
2.00821e-06
0.0250144
1.96735e-06
0.0250148
1.92374e-06
0.0250152
1.87736e-06
0.0250157
1.82819e-06
0.0250161
1.77622e-06
0.0250165
1.72146e-06
0.025017
1.66391e-06
0.0250174
1.60358e-06
0.0250178
1.5405e-06
0.0250183
1.47472e-06
0.0250188
1.40633e-06
0.0250192
1.33544e-06
0.0250197
1.26221e-06
0.0250202
1.1868e-06
0.0250206
1.10935e-06
0.0250211
1.03002e-06
0.0250216
9.48938e-07
0.0250221
8.66207e-07
0.0250225
7.81947e-07
0.025023
6.96289e-07
0.0250235
6.09424e-07
0.025024
5.21608e-07
0.0250244
4.33202e-07
0.0250249
3.4466e-07
0.0250253
2.56551e-07
0.0250258
1.69527e-07
0.0250262
8.43276e-08
0.0250267
1.73881e-09
0.0250271
-7.74076e-08
0.0250275
-1.52264e-07
0.0250279
-2.21958e-07
0.0250282
-2.85607e-07
0.0250286
-3.42298e-07
0.0250289
-3.91086e-07
0.0250292
-4.30969e-07
0.0250294
-4.60882e-07
0.0250297
-4.79683e-07
0.0250299
-4.86144e-07
0.02503
-4.78951e-07
0.0250302
-4.56706e-07
0.0250303
-4.17948e-07
0.0250304
-3.61169e-07
0.0250304
-2.84796e-07
0.0250305
-1.87337e-07
-6.68387e-08
0.0250002
1.36001e-06
0.0250003
1.4085e-06
0.0250005
1.44689e-06
0.0250007
1.47961e-06
0.0250009
1.50915e-06
0.0250011
1.53857e-06
0.0250013
1.56782e-06
0.0250015
1.59626e-06
0.0250017
1.62378e-06
0.0250019
1.6505e-06
0.0250021
1.67647e-06
0.0250023
1.70169e-06
0.0250025
1.72613e-06
0.0250027
1.74981e-06
0.025003
1.77271e-06
0.0250032
1.79482e-06
0.0250034
1.81611e-06
0.0250037
1.83656e-06
0.0250039
1.85611e-06
0.0250041
1.87473e-06
0.0250044
1.89238e-06
0.0250047
1.90902e-06
0.0250049
1.92461e-06
0.0250052
1.93912e-06
0.0250054
1.95253e-06
0.0250057
1.96483e-06
0.025006
1.97598e-06
0.0250063
1.98597e-06
0.0250065
1.99475e-06
0.0250068
2.00229e-06
0.0250071
2.00851e-06
0.0250074
2.01336e-06
0.0250077
2.01676e-06
0.025008
2.01867e-06
0.0250083
2.01905e-06
0.0250086
2.01788e-06
0.0250089
2.01517e-06
0.0250092
2.01091e-06
0.0250096
2.00509e-06
0.0250099
1.99768e-06
0.0250102
1.9886e-06
0.0250105
1.97771e-06
0.0250109
1.96486e-06
0.0250112
1.9499e-06
0.0250115
1.93269e-06
0.0250119
1.91312e-06
0.0250122
1.89116e-06
0.0250126
1.86678e-06
0.025013
1.84001e-06
0.0250133
1.81086e-06
0.0250137
1.77936e-06
0.025014
1.74547e-06
0.0250144
1.70918e-06
0.0250148
1.67042e-06
0.0250152
1.62914e-06
0.0250155
1.5853e-06
0.0250159
1.53889e-06
0.0250163
1.48988e-06
0.0250167
1.4383e-06
0.0250171
1.38415e-06
0.0250175
1.32747e-06
0.0250179
1.26828e-06
0.0250183
1.20662e-06
0.0250187
1.14254e-06
0.0250191
1.07614e-06
0.0250195
1.00754e-06
0.0250198
9.3689e-07
0.0250202
8.64388e-07
0.0250206
7.90234e-07
0.025021
7.14628e-07
0.0250214
6.37761e-07
0.0250218
5.59805e-07
0.0250222
4.80918e-07
0.0250226
4.01262e-07
0.0250229
3.21024e-07
0.0250233
2.40439e-07
0.0250236
1.59823e-07
0.025024
7.958e-08
0.0250243
2.19293e-10
0.0250247
-7.76551e-08
0.025025
-1.53351e-07
0.0250253
-2.26109e-07
0.0250256
-2.95126e-07
0.0250259
-3.59574e-07
0.0250261
-4.18618e-07
0.0250264
-4.71423e-07
0.0250266
-5.17164e-07
0.0250268
-5.5501e-07
0.025027
-5.84127e-07
0.0250272
-6.0366e-07
0.0250273
-6.12731e-07
0.0250274
-6.10427e-07
0.0250275
-5.95811e-07
0.0250276
-5.67913e-07
0.0250277
-5.2576e-07
0.0250277
-4.68389e-07
0.0250277
-3.9487e-07
0.0250278
-3.04321e-07
0.0250278
-1.9599e-07
-6.88498e-08
0.0250002
1.16771e-06
0.0250004
1.20974e-06
0.0250006
1.24212e-06
0.0250008
1.26966e-06
0.025001
1.29448e-06
0.0250012
1.31913e-06
0.0250014
1.34359e-06
0.0250016
1.36736e-06
0.0250019
1.39034e-06
0.0250021
1.41263e-06
0.0250023
1.43425e-06
0.0250026
1.4552e-06
0.0250028
1.47547e-06
0.0250031
1.49506e-06
0.0250033
1.51395e-06
0.0250036
1.53212e-06
0.0250038
1.54955e-06
0.0250041
1.56621e-06
0.0250044
1.58205e-06
0.0250047
1.59702e-06
0.0250049
1.6111e-06
0.0250052
1.62423e-06
0.0250055
1.63637e-06
0.0250058
1.6475e-06
0.0250061
1.65759e-06
0.0250064
1.66662e-06
0.0250067
1.67456e-06
0.025007
1.68138e-06
0.0250073
1.68707e-06
0.0250076
1.69156e-06
0.0250079
1.69481e-06
0.0250082
1.69676e-06
0.0250085
1.69735e-06
0.0250088
1.69653e-06
0.0250091
1.69428e-06
0.0250094
1.69059e-06
0.0250098
1.68545e-06
0.0250101
1.67886e-06
0.0250104
1.67081e-06
0.0250108
1.66127e-06
0.0250111
1.65015e-06
0.0250114
1.63734e-06
0.0250118
1.62269e-06
0.0250121
1.60607e-06
0.0250124
1.58735e-06
0.0250128
1.56643e-06
0.0250131
1.54329e-06
0.0250135
1.51791e-06
0.0250138
1.49032e-06
0.0250142
1.46054e-06
0.0250145
1.42859e-06
0.0250149
1.39446e-06
0.0250152
1.35814e-06
0.0250156
1.31959e-06
0.0250159
1.27877e-06
0.0250163
1.23567e-06
0.0250166
1.19026e-06
0.0250169
1.14258e-06
0.0250173
1.09264e-06
0.0250176
1.04047e-06
0.025018
9.8612e-07
0.0250183
9.29627e-07
0.0250186
8.71045e-07
0.025019
8.10454e-07
0.0250193
7.47958e-07
0.0250196
6.83706e-07
0.0250199
6.17877e-07
0.0250202
5.50683e-07
0.0250205
4.82344e-07
0.0250208
4.13083e-07
0.0250211
3.43103e-07
0.0250214
2.72594e-07
0.0250217
2.01727e-07
0.025022
1.3068e-07
0.0250222
5.96494e-08
0.0250225
-1.11119e-08
0.0250227
-8.12874e-08
0.0250229
-1.50461e-07
0.0250231
-2.1813e-07
0.0250233
-2.83692e-07
0.0250235
-3.46475e-07
0.0250237
-4.05746e-07
0.0250239
-4.60751e-07
0.025024
-5.10717e-07
0.0250242
-5.54892e-07
0.0250243
-5.92535e-07
0.0250244
-6.22937e-07
0.0250245
-6.45403e-07
0.0250246
-6.59261e-07
0.0250246
-6.63842e-07
0.0250247
-6.58485e-07
0.0250247
-6.42528e-07
0.0250247
-6.15322e-07
0.0250247
-5.76232e-07
0.0250247
-5.24664e-07
0.0250247
-4.60079e-07
0.0250246
-3.82022e-07
0.0250246
-2.9012e-07
0.0250246
-1.84137e-07
-6.40487e-08
0.0250002
9.58178e-07
0.0250004
9.91377e-07
0.0250006
1.0173e-06
0.0250009
1.03951e-06
0.0250011
1.05949e-06
0.0250013
1.07928e-06
0.0250016
1.0989e-06
0.0250018
1.11796e-06
0.0250021
1.13636e-06
0.0250023
1.15419e-06
0.0250026
1.17145e-06
0.0250028
1.18816e-06
0.0250031
1.20429e-06
0.0250034
1.21984e-06
0.0250036
1.2348e-06
0.0250039
1.24915e-06
0.0250042
1.26287e-06
0.0250045
1.27591e-06
0.0250048
1.28825e-06
0.0250051
1.29983e-06
0.0250054
1.31063e-06
0.0250057
1.3206e-06
0.025006
1.32969e-06
0.0250063
1.33789e-06
0.0250066
1.34516e-06
0.0250069
1.35149e-06
0.0250072
1.35685e-06
0.0250075
1.36121e-06
0.0250078
1.36456e-06
0.0250082
1.36684e-06
0.0250085
1.36802e-06
0.0250088
1.36806e-06
0.0250091
1.3669e-06
0.0250095
1.36452e-06
0.0250098
1.36088e-06
0.0250101
1.35599e-06
0.0250104
1.34984e-06
0.0250108
1.34244e-06
0.0250111
1.33376e-06
0.0250114
1.32379e-06
0.0250118
1.31243e-06
0.0250121
1.2996e-06
0.0250124
1.28516e-06
0.0250128
1.26899e-06
0.0250131
1.25097e-06
0.0250134
1.23105e-06
0.0250138
1.20918e-06
0.0250141
1.18536e-06
0.0250144
1.15963e-06
0.0250148
1.132e-06
0.0250151
1.10251e-06
0.0250154
1.07115e-06
0.0250157
1.03792e-06
0.025016
1.00278e-06
0.0250163
9.65729e-07
0.0250166
9.26747e-07
0.0250169
8.85845e-07
0.0250172
8.43045e-07
0.0250175
7.98385e-07
0.0250178
7.51904e-07
0.0250181
7.03647e-07
0.0250184
6.53659e-07
0.0250186
6.02002e-07
0.0250189
5.48756e-07
0.0250191
4.94033e-07
0.0250194
4.37981e-07
0.0250196
3.80786e-07
0.0250199
3.22655e-07
0.0250201
2.63811e-07
0.0250203
2.04467e-07
0.0250205
1.44823e-07
0.0250207
8.50545e-08
0.0250208
2.53239e-08
0.025021
-3.42131e-08
0.0250211
-9.33753e-08
0.0250213
-1.5194e-07
0.0250214
-2.09611e-07
0.0250215
-2.66013e-07
0.0250216
-3.2068e-07
0.0250217
-3.73067e-07
0.0250218
-4.22564e-07
0.0250218
-4.68519e-07
0.0250219
-5.1026e-07
0.0250219
-5.47125e-07
0.025022
-5.78471e-07
0.025022
-6.03691e-07
0.025022
-6.22214e-07
0.025022
-6.33508e-07
0.0250219
-6.37066e-07
0.0250219
-6.32413e-07
0.0250218
-6.19091e-07
0.0250218
-5.9667e-07
0.0250217
-5.64748e-07
0.0250217
-5.22966e-07
0.0250216
-4.71025e-07
0.0250215
-4.08707e-07
0.0250215
-3.35883e-07
0.0250215
-2.52522e-07
0.0250214
-1.58736e-07
-5.48104e-08
0.0250002
7.30904e-07
0.0250005
7.56293e-07
0.0250007
7.75889e-07
0.0250009
7.92665e-07
0.0250012
8.07735e-07
0.0250014
8.22628e-07
0.0250017
8.37388e-07
0.0250019
8.51712e-07
0.0250022
8.65535e-07
0.0250025
8.78904e-07
0.0250028
8.91843e-07
0.025003
9.04346e-07
0.0250033
9.16407e-07
0.0250036
9.28018e-07
0.0250039
9.3917e-07
0.0250042
9.49845e-07
0.0250045
9.6002e-07
0.0250048
9.69665e-07
0.0250051
9.78749e-07
0.0250054
9.87232e-07
0.0250057
9.9508e-07
0.025006
1.00225e-06
0.0250063
1.00872e-06
0.0250067
1.01446e-06
0.025007
1.01944e-06
0.0250073
1.02363e-06
0.0250076
1.02704e-06
0.025008
1.02962e-06
0.0250083
1.03137e-06
0.0250086
1.03226e-06
0.0250089
1.03226e-06
0.0250093
1.03133e-06
0.0250096
1.02945e-06
0.0250099
1.0266e-06
0.0250103
1.02276e-06
0.0250106
1.01794e-06
0.0250109
1.01213e-06
0.0250113
1.00534e-06
0.0250116
9.97555e-07
0.0250119
9.88746e-07
0.0250123
9.78847e-07
0.0250126
9.67768e-07
0.0250129
9.55403e-07
0.0250132
9.41645e-07
0.0250136
9.26403e-07
0.0250139
9.09616e-07
0.0250142
8.91261e-07
0.0250145
8.71344e-07
0.0250148
8.49891e-07
0.0250151
8.26934e-07
0.0250154
8.02497e-07
0.0250157
7.76589e-07
0.025016
7.49205e-07
0.0250163
7.20333e-07
0.0250166
6.89963e-07
0.0250168
6.58097e-07
0.0250171
6.2475e-07
0.0250173
5.89951e-07
0.0250176
5.53735e-07
0.0250178
5.16144e-07
0.025018
4.77214e-07
0.0250182
4.3699e-07
0.0250184
3.95522e-07
0.0250186
3.52884e-07
0.0250188
3.09176e-07
0.025019
2.64537e-07
0.0250192
2.19132e-07
0.0250193
1.73154e-07
0.0250194
1.26795e-07
0.0250196
8.02435e-08
0.0250197
3.36614e-08
0.0250198
-1.28112e-08
0.0250199
-5.90619e-08
0.0250199
-1.04975e-07
0.02502
-1.50424e-07
0.02502
-1.95233e-07
0.02502
-2.39173e-07
0.0250201
-2.81926e-07
0.0250201
-3.23108e-07
0.02502
-3.62253e-07
0.02502
-3.98849e-07
0.02502
-4.32346e-07
0.0250199
-4.62199e-07
0.0250199
-4.87868e-07
0.0250198
-5.08854e-07
0.0250197
-5.24694e-07
0.0250197
-5.34977e-07
0.0250196
-5.39324e-07
0.0250195
-5.37403e-07
0.0250193
-5.289e-07
0.0250192
-5.1354e-07
0.0250191
-4.91066e-07
0.025019
-4.6127e-07
0.0250189
-4.23979e-07
0.0250188
-3.7909e-07
0.0250187
-3.26567e-07
0.0250186
-2.66464e-07
0.0250186
-1.98916e-07
0.0250185
-1.24138e-07
-4.26445e-08
0.0250002
4.90314e-07
0.0250005
5.0742e-07
0.0250007
5.20611e-07
0.025001
5.31872e-07
0.0250012
5.41953e-07
0.0250015
5.519e-07
0.0250018
5.61754e-07
0.025002
5.71314e-07
0.0250023
5.80534e-07
0.0250026
5.89445e-07
0.0250029
5.98066e-07
0.0250032
6.06395e-07
0.0250035
6.1443e-07
0.0250038
6.22167e-07
0.0250041
6.29599e-07
0.0250044
6.36712e-07
0.0250047
6.43489e-07
0.025005
6.49906e-07
0.0250053
6.55937e-07
0.0250056
6.61553e-07
0.025006
6.66723e-07
0.0250063
6.71418e-07
0.0250066
6.75611e-07
0.0250069
6.79278e-07
0.0250073
6.82399e-07
0.0250076
6.84959e-07
0.0250079
6.86945e-07
0.0250083
6.88345e-07
0.0250086
6.89146e-07
0.025009
6.89335e-07
0.0250093
6.88898e-07
0.0250096
6.87822e-07
0.02501
6.86094e-07
0.0250103
6.83708e-07
0.0250106
6.80665e-07
0.025011
6.76971e-07
0.0250113
6.72632e-07
0.0250116
6.67652e-07
0.025012
6.62022e-07
0.0250123
6.55712e-07
0.0250126
6.48669e-07
0.0250129
6.40818e-07
0.0250133
6.32075e-07
0.0250136
6.22351e-07
0.0250139
6.11576e-07
0.0250142
5.99705e-07
0.0250145
5.86721e-07
0.0250148
5.72633e-07
0.0250151
5.57471e-07
0.0250153
5.41262e-07
0.0250156
5.24032e-07
0.0250159
5.0579e-07
0.0250161
4.86537e-07
0.0250164
4.66267e-07
0.0250166
4.44977e-07
0.0250169
4.22672e-07
0.0250171
3.99372e-07
0.0250173
3.75102e-07
0.0250175
3.49896e-07
0.0250177
3.23781e-07
0.0250179
2.96786e-07
0.025018
2.68936e-07
0.0250182
2.40266e-07
0.0250183
2.10825e-07
0.0250185
1.80692e-07
0.0250186
1.49975e-07
0.0250187
1.18811e-07
0.0250188
8.73482e-08
0.0250188
5.57426e-08
0.0250189
2.41294e-08
0.0250189
-7.37935e-09
0.0250189
-3.87069e-08
0.025019
-6.97968e-08
0.0250189
-1.00606e-07
0.0250189
-1.31076e-07
0.0250189
-1.61115e-07
0.0250188
-1.9057e-07
0.0250188
-2.19228e-07
0.0250187
-2.46796e-07
0.0250186
-2.7293e-07
0.0250185
-2.97233e-07
0.0250184
-3.19292e-07
0.0250183
-3.38692e-07
0.0250181
-3.55044e-07
0.025018
-3.67994e-07
0.0250179
-3.77231e-07
0.0250177
-3.8249e-07
0.0250176
-3.83547e-07
0.0250174
-3.80208e-07
0.0250172
-3.7231e-07
0.0250171
-3.5971e-07
0.0250169
-3.42291e-07
0.0250168
-3.19966e-07
0.0250166
-2.92684e-07
0.0250165
-2.60444e-07
0.0250164
-2.23295e-07
0.0250163
-1.81347e-07
0.0250162
-1.34746e-07
0.0250162
-8.37245e-08
-2.86787e-08
0.0250002
2.44335e-07
0.0250005
2.52389e-07
0.0250008
2.58963e-07
0.025001
2.64675e-07
0.0250013
2.69788e-07
0.0250016
2.74826e-07
0.0250018
2.7982e-07
0.0250021
2.84667e-07
0.0250024
2.89345e-07
0.0250027
2.93871e-07
0.025003
2.98259e-07
0.0250033
3.02512e-07
0.0250036
3.06633e-07
0.0250039
3.1062e-07
0.0250042
3.14472e-07
0.0250045
3.18181e-07
0.0250048
3.21736e-07
0.0250052
3.2512e-07
0.0250055
3.28315e-07
0.0250058
3.313e-07
0.0250061
3.34055e-07
0.0250065
3.36555e-07
0.0250068
3.38782e-07
0.0250071
3.40717e-07
0.0250075
3.42348e-07
0.0250078
3.4366e-07
0.0250082
3.44651e-07
0.0250085
3.45314e-07
0.0250088
3.4565e-07
0.0250092
3.45658e-07
0.0250095
3.45343e-07
0.0250099
3.44708e-07
0.0250102
3.43763e-07
0.0250105
3.42516e-07
0.0250109
3.40982e-07
0.0250112
3.39174e-07
0.0250115
3.37105e-07
0.0250119
3.34778e-07
0.0250122
3.32186e-07
0.0250125
3.29304e-07
0.0250128
3.26089e-07
0.0250132
3.22484e-07
0.0250135
3.18422e-07
0.0250138
3.13838e-07
0.0250141
3.08681e-07
0.0250144
3.02918e-07
0.0250147
2.96543e-07
0.0250149
2.89566e-07
0.0250152
2.82015e-07
0.0250155
2.73915e-07
0.0250157
2.65289e-07
0.025016
2.56147e-07
0.0250162
2.46492e-07
0.0250165
2.36323e-07
0.0250167
2.25639e-07
0.0250169
2.1445e-07
0.0250171
2.02772e-07
0.0250173
1.90625e-07
0.0250174
1.7803e-07
0.0250176
1.65002e-07
0.0250177
1.51549e-07
0.0250179
1.37676e-07
0.025018
1.2339e-07
0.0250181
1.08715e-07
0.0250182
9.36956e-08
0.0250182
7.84037e-08
0.0250183
6.29307e-08
0.0250183
4.73791e-08
0.0250184
3.18437e-08
0.0250184
1.63985e-08
0.0250184
1.08261e-09
0.0250183
-1.40993e-08
0.0250183
-2.91741e-08
0.0250182
-4.41792e-08
0.0250182
-5.91472e-08
0.0250181
-7.4075e-08
0.025018
-8.89141e-08
0.0250178
-1.03549e-07
0.0250177
-1.17808e-07
0.0250176
-1.31463e-07
0.0250174
-1.44254e-07
0.0250173
-1.55905e-07
0.0250171
-1.66153e-07
0.0250169
-1.74756e-07
0.0250167
-1.81517e-07
0.0250165
-1.86274e-07
0.0250163
-1.88913e-07
0.0250161
-1.89343e-07
0.025016
-1.87509e-07
0.0250158
-1.83356e-07
0.0250156
-1.76856e-07
0.0250154
-1.67972e-07
0.0250152
-1.567e-07
0.0250151
-1.43034e-07
0.0250149
-1.27009e-07
0.0250148
-1.08669e-07
0.0250147
-8.80911e-08
0.0250146
-6.53632e-08
0.0250146
-4.05769e-08
-1.38791e-08
0.0250002
-1.0882e-08
0.0250005
-1.02796e-08
0.0250008
-1.00351e-08
0.025001
-9.94003e-09
0.0250013
-9.87413e-09
0.0250016
-9.81649e-09
0.0250019
-9.75797e-09
0.0250021
-9.69591e-09
0.0250024
-9.62987e-09
0.0250027
-9.55374e-09
0.025003
-9.45908e-09
0.0250033
-9.33558e-09
0.0250036
-9.17621e-09
0.025004
-8.97521e-09
0.0250043
-8.73138e-09
0.0250046
-8.4451e-09
0.0250049
-8.12145e-09
0.0250052
-7.76667e-09
0.0250056
-7.39107e-09
0.0250059
-7.00499e-09
0.0250062
-6.6217e-09
0.0250066
-6.25303e-09
0.0250069
-5.91211e-09
0.0250072
-5.60862e-09
0.0250076
-5.35134e-09
0.0250079
-5.14367e-09
0.0250083
-4.98624e-09
0.0250086
-4.87301e-09
0.0250089
-4.7943e-09
0.0250093
-4.73377e-09
0.0250096
-4.67201e-09
0.02501
-4.58409e-09
0.0250103
-4.44397e-09
0.0250106
-4.22312e-09
0.025011
-3.89576e-09
0.0250113
-3.43831e-09
0.0250117
-2.83534e-09
0.025012
-2.07963e-09
0.0250123
-1.17742e-09
0.0250126
-1.46708e-10
0.0250129
9.80457e-10
0.0250133
2.16386e-09
0.0250136
3.35766e-09
0.0250139
4.52054e-09
0.0250142
5.61992e-09
0.0250145
6.63981e-09
0.0250147
7.57984e-09
0.025015
8.45521e-09
0.0250153
9.28832e-09
0.0250155
1.01033e-08
0.0250158
1.09179e-08
0.025016
1.17428e-08
0.0250163
1.25808e-08
0.0250165
1.34328e-08
0.0250167
1.43008e-08
0.0250169
1.51929e-08
0.0250171
1.61213e-08
0.0250172
1.70986e-08
0.0250174
1.81321e-08
0.0250175
1.92191e-08
0.0250177
2.03456e-08
0.0250178
2.14897e-08
0.0250179
2.26304e-08
0.025018
2.37565e-08
0.025018
2.4875e-08
0.0250181
2.60123e-08
0.0250181
2.72103e-08
0.0250181
2.85131e-08
0.0250181
2.99531e-08
0.0250181
3.15332e-08
0.0250181
3.32186e-08
0.025018
3.49313e-08
0.025018
3.65611e-08
0.0250179
3.79771e-08
0.0250178
3.90543e-08
0.0250177
3.96891e-08
0.0250175
3.9825e-08
0.0250174
3.9454e-08
0.0250172
3.86252e-08
0.0250171
3.74271e-08
0.0250169
3.59793e-08
0.0250167
3.44045e-08
0.0250165
3.28165e-08
0.0250163
3.12979e-08
0.0250161
2.98991e-08
0.0250159
2.86283e-08
0.0250157
2.74669e-08
0.0250154
2.63662e-08
0.0250152
2.52733e-08
0.025015
2.41239e-08
0.0250148
2.28685e-08
0.0250146
2.14529e-08
0.0250144
1.98408e-08
0.0250143
1.79919e-08
0.0250141
1.58815e-08
0.025014
1.34893e-08
0.0250139
1.08191e-08
0.0250138
7.91223e-09
0.0250138
4.80589e-09
1.59088e-09
0.0250002
-2.59257e-07
0.0250005
-2.6863e-07
0.0250008
-2.75231e-07
0.025001
-2.80733e-07
0.0250013
-2.85643e-07
0.0250016
-2.90492e-07
0.0250019
-2.9529e-07
0.0250022
-2.99935e-07
0.0250024
-3.04399e-07
0.0250027
-3.08692e-07
0.025003
-3.12808e-07
0.0250033
-3.16734e-07
0.0250036
-3.20456e-07
0.025004
-3.23966e-07
0.0250043
-3.27256e-07
0.0250046
-3.30321e-07
0.0250049
-3.33157e-07
0.0250052
-3.35765e-07
0.0250056
-3.38144e-07
0.0250059
-3.40297e-07
0.0250062
-3.42225e-07
0.0250066
-3.43936e-07
0.0250069
-3.45431e-07
0.0250072
-3.46716e-07
0.0250076
-3.47793e-07
0.0250079
-3.48659e-07
0.0250083
-3.49308e-07
0.0250086
-3.49726e-07
0.025009
-3.49889e-07
0.0250093
-3.4977e-07
0.0250096
-3.49328e-07
0.02501
-3.48521e-07
0.0250103
-3.47302e-07
0.0250107
-3.45626e-07
0.025011
-3.43454e-07
0.0250113
-3.40754e-07
0.0250117
-3.37506e-07
0.025012
-3.33703e-07
0.0250123
-3.29346e-07
0.0250126
-3.24452e-07
0.025013
-3.19037e-07
0.0250133
-3.13129e-07
0.0250136
-3.06749e-07
0.0250139
-2.99918e-07
0.0250142
-2.92648e-07
0.0250145
-2.84942e-07
0.0250148
-2.7679e-07
0.025015
-2.68177e-07
0.0250153
-2.59081e-07
0.0250156
-2.49485e-07
0.0250158
-2.3937e-07
0.0250161
-2.2873e-07
0.0250163
-2.17557e-07
0.0250165
-2.05851e-07
0.0250167
-1.93605e-07
0.0250169
-1.80814e-07
0.0250171
-1.67467e-07
0.0250173
-1.53562e-07
0.0250174
-1.39105e-07
0.0250176
-1.24116e-07
0.0250177
-1.08631e-07
0.0250178
-9.26961e-08
0.0250179
-7.63589e-08
0.025018
-5.96637e-08
0.0250181
-4.26382e-08
0.0250181
-2.52999e-08
0.0250182
-7.65519e-09
0.0250182
1.02814e-08
0.0250182
2.84783e-08
0.0250182
4.6865e-08
0.0250181
6.53294e-08
0.0250181
8.37097e-08
0.025018
1.01809e-07
0.0250179
1.19406e-07
0.0250178
1.36281e-07
0.0250177
1.52235e-07
0.0250176
1.67106e-07
0.0250175
1.80775e-07
0.0250173
1.93171e-07
0.0250171
2.04254e-07
0.0250169
2.14002e-07
0.0250168
2.22392e-07
0.0250166
2.29381e-07
0.0250164
2.34898e-07
0.0250162
2.38834e-07
0.0250159
2.41047e-07
0.0250157
2.4137e-07
0.0250155
2.39627e-07
0.0250153
2.35636e-07
0.0250151
2.29239e-07
0.0250149
2.20284e-07
0.0250147
2.08662e-07
0.0250145
1.94269e-07
0.0250143
1.77059e-07
0.0250142
1.56989e-07
0.0250141
1.34096e-07
0.025014
1.08438e-07
0.0250139
8.01574e-08
0.0250138
4.9474e-08
1.68706e-08
0.0250002
-5.1222e-07
0.0250005
-5.2821e-07
0.0250008
-5.40967e-07
0.025001
-5.52077e-07
0.0250013
-5.62066e-07
0.0250016
-5.71939e-07
0.0250018
-5.8172e-07
0.0250021
-5.91204e-07
0.0250024
-6.00341e-07
0.0250027
-6.09154e-07
0.025003
-6.17641e-07
0.0250033
-6.25784e-07
0.0250036
-6.33565e-07
0.0250039
-6.40969e-07
0.0250042
-6.47986e-07
0.0250045
-6.54604e-07
0.0250048
-6.60815e-07
0.0250052
-6.66608e-07
0.0250055
-6.71976e-07
0.0250058
-6.76912e-07
0.0250062
-6.8141e-07
0.0250065
-6.85466e-07
0.0250068
-6.89077e-07
0.0250072
-6.92239e-07
0.0250075
-6.9495e-07
0.0250078
-6.972e-07
0.0250082
-6.98978e-07
0.0250085
-7.0026e-07
0.0250089
-7.01014e-07
0.0250092
-7.01194e-07
0.0250095
-7.00748e-07
0.0250099
-6.99613e-07
0.0250102
-6.97726e-07
0.0250106
-6.95025e-07
0.0250109
-6.91458e-07
0.0250112
-6.86985e-07
0.0250116
-6.81582e-07
0.0250119
-6.75239e-07
0.0250122
-6.67957e-07
0.0250126
-6.59742e-07
0.0250129
-6.50603e-07
0.0250132
-6.40547e-07
0.0250135
-6.29576e-07
0.0250138
-6.17687e-07
0.0250141
-6.04872e-07
0.0250144
-5.91117e-07
0.0250147
-5.76406e-07
0.025015
-5.60718e-07
0.0250153
-5.44035e-07
0.0250156
-5.26338e-07
0.0250158
-5.07615e-07
0.0250161
-4.87855e-07
0.0250163
-4.67052e-07
0.0250165
-4.45198e-07
0.0250168
-4.22287e-07
0.025017
-3.98308e-07
0.0250172
-3.73257e-07
0.0250174
-3.47135e-07
0.0250175
-3.19959e-07
0.0250177
-2.91762e-07
0.0250179
-2.62598e-07
0.025018
-2.32534e-07
0.0250181
-2.01642e-07
0.0250182
-1.69992e-07
0.0250183
-1.37647e-07
0.0250184
-1.04662e-07
0.0250184
-7.10886e-08
0.0250185
-3.69916e-08
0.0250185
-2.46224e-09
0.0250185
3.2368e-08
0.0250185
6.73174e-08
0.0250185
1.02154e-07
0.0250185
1.36603e-07
0.0250184
1.70365e-07
0.0250183
2.03133e-07
0.0250183
2.34615e-07
0.0250182
2.64549e-07
0.025018
2.92708e-07
0.0250179
3.18899e-07
0.0250178
3.42952e-07
0.0250176
3.64708e-07
0.0250175
3.83996e-07
0.0250173
4.00625e-07
0.0250171
4.14364e-07
0.0250169
4.24956e-07
0.0250168
4.32104e-07
0.0250166
4.35499e-07
0.0250164
4.34818e-07
0.0250162
4.29753e-07
0.025016
4.20009e-07
0.0250158
4.05331e-07
0.0250156
3.85486e-07
0.0250154
3.60295e-07
0.0250153
3.29614e-07
0.0250151
2.93372e-07
0.025015
2.5156e-07
0.0250149
2.04269e-07
0.0250148
1.51707e-07
0.0250148
9.41597e-08
3.21776e-08
0.0250002
-7.46671e-07
0.0250005
-7.73346e-07
0.0250007
-7.93028e-07
0.025001
-8.09669e-07
0.0250012
-8.24615e-07
0.0250015
-8.39402e-07
0.0250018
-8.54056e-07
0.0250021
-8.68271e-07
0.0250023
-8.8198e-07
0.0250026
-8.95221e-07
0.0250029
-9.08e-07
0.0250032
-9.20295e-07
0.0250035
-9.32083e-07
0.0250038
-9.43351e-07
0.0250041
-9.54081e-07
0.0250044
-9.64261e-07
0.0250047
-9.73875e-07
0.025005
-9.82907e-07
0.0250053
-9.91343e-07
0.0250057
-9.99169e-07
0.025006
-1.00637e-06
0.0250063
-1.01294e-06
0.0250066
-1.01886e-06
0.025007
-1.02414e-06
0.0250073
-1.02876e-06
0.0250076
-1.0327e-06
0.025008
-1.03596e-06
0.0250083
-1.0385e-06
0.0250087
-1.04028e-06
0.025009
-1.04125e-06
0.0250093
-1.04132e-06
0.0250097
-1.04044e-06
0.02501
-1.0385e-06
0.0250104
-1.03545e-06
0.0250107
-1.03121e-06
0.025011
-1.02573e-06
0.0250114
-1.019e-06
0.0250117
-1.011e-06
0.025012
-1.00173e-06
0.0250124
-9.91189e-07
0.0250127
-9.79374e-07
0.025013
-9.66279e-07
0.0250133
-9.51882e-07
0.0250137
-9.36161e-07
0.025014
-9.19085e-07
0.0250143
-9.00629e-07
0.0250146
-8.80764e-07
0.0250149
-8.5947e-07
0.0250152
-8.36723e-07
0.0250155
-8.12512e-07
0.0250158
-7.86817e-07
0.025016
-7.59631e-07
0.0250163
-7.30938e-07
0.0250166
-7.00727e-07
0.0250168
-6.6898e-07
0.025017
-6.35689e-07
0.0250173
-6.00841e-07
0.0250175
-5.64445e-07
0.0250177
-5.2652e-07
0.0250179
-4.8711e-07
0.0250181
-4.46275e-07
0.0250183
-4.04098e-07
0.0250184
-3.60659e-07
0.0250186
-3.1605e-07
0.0250187
-2.7035e-07
0.0250188
-2.23642e-07
0.0250189
-1.76009e-07
0.025019
-1.27559e-07
0.0250191
-7.84255e-08
0.0250192
-2.87979e-08
0.0250192
2.10892e-08
0.0250192
7.09384e-08
0.0250193
1.2042e-07
0.0250193
1.69164e-07
0.0250192
2.16806e-07
0.0250192
2.62979e-07
0.0250192
3.07349e-07
0.0250191
3.49603e-07
0.025019
3.89454e-07
0.025019
4.26625e-07
0.0250189
4.60835e-07
0.0250188
4.91781e-07
0.0250186
5.19126e-07
0.0250185
5.42492e-07
0.0250184
5.61459e-07
0.0250182
5.75575e-07
0.0250181
5.84371e-07
0.0250179
5.87369e-07
0.0250178
5.84112e-07
0.0250176
5.74159e-07
0.0250175
5.57108e-07
0.0250173
5.32598e-07
0.0250172
5.00303e-07
0.025017
4.59974e-07
0.0250169
4.11403e-07
0.0250168
3.54511e-07
0.0250167
2.89286e-07
0.0250166
2.15883e-07
0.0250166
1.34601e-07
4.62362e-08
0.0250002
-9.80388e-07
0.0250005
-1.01273e-06
0.0250007
-1.03837e-06
0.0250009
-1.06053e-06
0.0250012
-1.08053e-06
0.0250014
-1.10036e-06
0.0250017
-1.12003e-06
0.025002
-1.13914e-06
0.0250022
-1.1576e-06
0.0250025
-1.17547e-06
0.0250028
-1.19275e-06
0.025003
-1.20944e-06
0.0250033
-1.22549e-06
0.0250036
-1.2409e-06
0.0250039
-1.25565e-06
0.0250042
-1.26972e-06
0.0250045
-1.28309e-06
0.0250048
-1.29575e-06
0.0250051
-1.30767e-06
0.0250054
-1.31883e-06
0.0250057
-1.32921e-06
0.0250061
-1.33881e-06
0.0250064
-1.3476e-06
0.0250067
-1.35558e-06
0.025007
-1.36273e-06
0.0250073
-1.36904e-06
0.0250077
-1.37449e-06
0.025008
-1.37903e-06
0.0250083
-1.38264e-06
0.0250087
-1.38522e-06
0.025009
-1.38671e-06
0.0250093
-1.38702e-06
0.0250097
-1.38604e-06
0.02501
-1.38369e-06
0.0250103
-1.3799e-06
0.0250107
-1.37461e-06
0.025011
-1.3678e-06
0.0250114
-1.35945e-06
0.0250117
-1.34956e-06
0.025012
-1.33812e-06
0.0250124
-1.32513e-06
0.0250127
-1.31055e-06
0.025013
-1.29434e-06
0.0250134
-1.27647e-06
0.0250137
-1.25688e-06
0.025014
-1.23552e-06
0.0250144
-1.21237e-06
0.0250147
-1.18739e-06
0.025015
-1.16057e-06
0.0250153
-1.13187e-06
0.0250156
-1.10129e-06
0.0250159
-1.06881e-06
0.0250162
-1.03441e-06
0.0250165
-9.98061e-07
0.0250168
-9.59744e-07
0.025017
-9.19433e-07
0.0250173
-8.77118e-07
0.0250176
-8.32795e-07
0.0250178
-7.86487e-07
0.0250181
-7.38232e-07
0.0250183
-6.88097e-07
0.0250185
-6.36158e-07
0.0250187
-5.82509e-07
0.0250189
-5.27239e-07
0.0250191
-4.70442e-07
0.0250193
-4.12208e-07
0.0250195
-3.52643e-07
0.0250197
-2.91872e-07
0.0250198
-2.30062e-07
0.0250199
-1.67424e-07
0.0250201
-1.04233e-07
0.0250202
-4.08122e-08
0.0250203
2.24604e-08
0.0250203
8.51874e-08
0.0250204
1.46952e-07
0.0250204
2.07347e-07
0.0250205
2.65976e-07
0.0250205
3.22463e-07
0.0250205
3.76441e-07
0.0250205
4.27544e-07
0.0250205
4.75387e-07
0.0250205
5.19555e-07
0.0250204
5.59583e-07
0.0250204
5.94963e-07
0.0250203
6.25129e-07
0.0250202
6.49486e-07
0.0250202
6.67403e-07
0.0250201
6.78245e-07
0.02502
6.81377e-07
0.0250199
6.76179e-07
0.0250198
6.62055e-07
0.0250196
6.38429e-07
0.0250195
6.04776e-07
0.0250194
5.60591e-07
0.0250193
5.05473e-07
0.0250192
4.3907e-07
0.0250192
3.61195e-07
0.0250191
2.71768e-07
0.0250191
1.70944e-07
5.90191e-08
0.0250002
-1.18491e-06
0.0250004
-1.22814e-06
0.0250006
-1.2607e-06
0.0250009
-1.28824e-06
0.0250011
-1.31308e-06
0.0250013
-1.33776e-06
0.0250016
-1.36228e-06
0.0250018
-1.3861e-06
0.0250021
-1.40914e-06
0.0250023
-1.43148e-06
0.0250026
-1.45314e-06
0.0250028
-1.47409e-06
0.0250031
-1.49432e-06
0.0250034
-1.51379e-06
0.0250037
-1.53252e-06
0.0250039
-1.55046e-06
0.0250042
-1.56761e-06
0.0250045
-1.58394e-06
0.0250048
-1.59943e-06
0.0250051
-1.61407e-06
0.0250054
-1.62782e-06
0.0250057
-1.64067e-06
0.025006
-1.6526e-06
0.0250063
-1.66362e-06
0.0250066
-1.67369e-06
0.0250069
-1.68281e-06
0.0250073
-1.69096e-06
0.0250076
-1.6981e-06
0.0250079
-1.70417e-06
0.0250082
-1.7091e-06
0.0250085
-1.7128e-06
0.0250089
-1.71517e-06
0.0250092
-1.7161e-06
0.0250095
-1.7155e-06
0.0250099
-1.71328e-06
0.0250102
-1.70938e-06
0.0250105
-1.70379e-06
0.0250109
-1.69648e-06
0.0250112
-1.68745e-06
0.0250116
-1.6767e-06
0.0250119
-1.6642e-06
0.0250122
-1.64991e-06
0.0250126
-1.63377e-06
0.0250129
-1.61573e-06
0.0250133
-1.5957e-06
0.0250136
-1.57364e-06
0.0250139
-1.5495e-06
0.0250143
-1.52325e-06
0.0250146
-1.49486e-06
0.025015
-1.4643e-06
0.0250153
-1.43156e-06
0.0250156
-1.3966e-06
0.0250159
-1.35941e-06
0.0250163
-1.31993e-06
0.0250166
-1.27814e-06
0.0250169
-1.23399e-06
0.0250172
-1.18747e-06
0.0250175
-1.13856e-06
0.0250178
-1.08727e-06
0.0250181
-1.03363e-06
0.0250184
-9.77704e-07
0.0250187
-9.19557e-07
0.025019
-8.59261e-07
0.0250193
-7.96905e-07
0.0250195
-7.32564e-07
0.0250198
-6.66331e-07
0.02502
-5.98306e-07
0.0250203
-5.28623e-07
0.0250205
-4.57453e-07
0.0250207
-3.85025e-07
0.0250209
-3.1162e-07
0.0250211
-2.37581e-07
0.0250213
-1.63285e-07
0.0250215
-8.91498e-08
0.0250217
-1.5591e-08
0.0250218
5.69653e-08
0.025022
1.28118e-07
0.0250221
1.97461e-07
0.0250222
2.64599e-07
0.0250223
3.29113e-07
0.0250224
3.90554e-07
0.0250224
4.48421e-07
0.0250225
5.02154e-07
0.0250226
5.51124e-07
0.0250226
5.94646e-07
0.0250226
6.31976e-07
0.0250226
6.6234e-07
0.0250226
6.84935e-07
0.0250226
6.98957e-07
0.0250226
7.03589e-07
0.0250225
6.9803e-07
0.0250225
6.81472e-07
0.0250224
6.53125e-07
0.0250223
6.12215e-07
0.0250223
5.58003e-07
0.0250222
4.89829e-07
0.0250222
4.07104e-07
0.0250221
3.09394e-07
0.0250221
1.96439e-07
6.83868e-08
0.0250002
-1.38233e-06
0.0250004
-1.43035e-06
0.0250006
-1.46868e-06
0.0250008
-1.50151e-06
0.025001
-1.5312e-06
0.0250012
-1.56082e-06
0.0250014
-1.59028e-06
0.0250017
-1.61894e-06
0.0250019
-1.6467e-06
0.0250021
-1.67367e-06
0.0250024
-1.69987e-06
0.0250026
-1.72529e-06
0.0250028
-1.74991e-06
0.0250031
-1.7737e-06
0.0250033
-1.79667e-06
0.0250036
-1.81879e-06
0.0250039
-1.84006e-06
0.0250041
-1.86044e-06
0.0250044
-1.87992e-06
0.0250047
-1.89848e-06
0.025005
-1.91609e-06
0.0250052
-1.93273e-06
0.0250055
-1.94841e-06
0.0250058
-1.96309e-06
0.0250061
-1.97679e-06
0.0250064
-1.98947e-06
0.0250067
-2.00113e-06
0.025007
-2.01172e-06
0.0250073
-2.02119e-06
0.0250076
-2.02946e-06
0.0250079
-2.03644e-06
0.0250083
-2.04202e-06
0.0250086
-2.04608e-06
0.0250089
-2.04853e-06
0.0250092
-2.04928e-06
0.0250095
-2.04827e-06
0.0250099
-2.04548e-06
0.0250102
-2.04089e-06
0.0250105
-2.0345e-06
0.0250109
-2.02629e-06
0.0250112
-2.01624e-06
0.0250116
-2.00429e-06
0.0250119
-1.99038e-06
0.0250123
-1.97442e-06
0.0250126
-1.95632e-06
0.025013
-1.93602e-06
0.0250133
-1.91347e-06
0.0250137
-1.88861e-06
0.025014
-1.86142e-06
0.0250144
-1.83187e-06
0.0250147
-1.79993e-06
0.0250151
-1.76557e-06
0.0250155
-1.72873e-06
0.0250158
-1.68938e-06
0.0250162
-1.64745e-06
0.0250165
-1.60288e-06
0.0250169
-1.55565e-06
0.0250173
-1.50572e-06
0.0250176
-1.45308e-06
0.025018
-1.39775e-06
0.0250183
-1.33977e-06
0.0250187
-1.27917e-06
0.025019
-1.21603e-06
0.0250194
-1.15038e-06
0.0250197
-1.0823e-06
0.02502
-1.01185e-06
0.0250204
-9.39105e-07
0.0250207
-8.64187e-07
0.025021
-7.8725e-07
0.0250213
-7.085e-07
0.0250216
-6.28205e-07
0.0250219
-5.46681e-07
0.0250222
-4.64288e-07
0.0250225
-3.8141e-07
0.0250228
-2.98446e-07
0.0250231
-2.1579e-07
0.0250233
-1.33837e-07
0.0250236
-5.29754e-08
0.0250238
2.63912e-08
0.025024
1.03839e-07
0.0250242
1.78892e-07
0.0250244
2.51018e-07
0.0250246
3.19605e-07
0.0250248
3.83962e-07
0.0250249
4.43322e-07
0.025025
4.96851e-07
0.0250252
5.43657e-07
0.0250253
5.82806e-07
0.0250253
6.13326e-07
0.0250254
6.34212e-07
0.0250254
6.44424e-07
0.0250255
6.42888e-07
0.0250255
6.2849e-07
0.0250255
6.00088e-07
0.0250255
5.56532e-07
0.0250255
4.96671e-07
0.0250255
4.19414e-07
0.0250254
3.23701e-07
0.0250254
2.08795e-07
7.34189e-08
0.0250002
-1.54113e-06
0.0250003
-1.60002e-06
0.0250005
-1.64527e-06
0.0250007
-1.6831e-06
0.0250009
-1.71729e-06
0.0250011
-1.75153e-06
0.0250013
-1.78566e-06
0.0250015
-1.81886e-06
0.0250017
-1.85104e-06
0.0250019
-1.88234e-06
0.0250021
-1.91281e-06
0.0250023
-1.94242e-06
0.0250025
-1.97118e-06
0.0250027
-1.99905e-06
0.025003
-2.02605e-06
0.0250032
-2.05217e-06
0.0250034
-2.07739e-06
0.0250037
-2.10169e-06
0.0250039
-2.12506e-06
0.0250042
-2.14748e-06
0.0250044
-2.16894e-06
0.0250047
-2.18942e-06
0.0250049
-2.20891e-06
0.0250052
-2.22741e-06
0.0250055
-2.24492e-06
0.0250058
-2.26143e-06
0.025006
-2.27693e-06
0.0250063
-2.29137e-06
0.0250066
-2.30472e-06
0.0250069
-2.31688e-06
0.0250072
-2.32777e-06
0.0250075
-2.33728e-06
0.0250078
-2.34529e-06
0.0250081
-2.3517e-06
0.0250084
-2.35642e-06
0.0250087
-2.3594e-06
0.025009
-2.36062e-06
0.0250093
-2.36006e-06
0.0250097
-2.35773e-06
0.02501
-2.35361e-06
0.0250103
-2.34767e-06
0.0250107
-2.33985e-06
0.025011
-2.33006e-06
0.0250114
-2.31822e-06
0.0250117
-2.30422e-06
0.0250121
-2.28798e-06
0.0250124
-2.26945e-06
0.0250128
-2.24858e-06
0.0250132
-2.22531e-06
0.0250135
-2.19965e-06
0.0250139
-2.17152e-06
0.0250143
-2.1409e-06
0.0250147
-2.10772e-06
0.0250151
-2.07192e-06
0.0250155
-2.03341e-06
0.0250158
-1.99213e-06
0.0250162
-1.94802e-06
0.0250166
-1.90104e-06
0.025017
-1.85114e-06
0.0250175
-1.79834e-06
0.0250179
-1.74262e-06
0.0250183
-1.68401e-06
0.0250187
-1.62252e-06
0.0250191
-1.55818e-06
0.0250195
-1.49099e-06
0.0250199
-1.421e-06
0.0250203
-1.34825e-06
0.0250207
-1.27281e-06
0.0250212
-1.19482e-06
0.0250216
-1.11445e-06
0.025022
-1.03191e-06
0.0250224
-9.47492e-07
0.0250228
-8.61485e-07
0.0250232
-7.74238e-07
0.0250236
-6.86051e-07
0.0250239
-5.97277e-07
0.0250243
-5.08217e-07
0.0250247
-4.19206e-07
0.025025
-3.3059e-07
0.0250254
-2.42738e-07
0.0250257
-1.56118e-07
0.0250261
-7.12198e-08
0.0250264
1.13108e-08
0.0250267
9.07972e-08
0.025027
1.66423e-07
0.0250272
2.37313e-07
0.0250275
3.02526e-07
0.0250277
3.61019e-07
0.0250279
4.11754e-07
0.0250281
4.53541e-07
0.0250282
4.85215e-07
0.0250284
5.05433e-07
0.0250285
5.12829e-07
0.0250286
5.05915e-07
0.0250286
4.83085e-07
0.0250287
4.42735e-07
0.0250287
3.83084e-07
0.0250287
3.02465e-07
0.0250287
1.9911e-07
7.11259e-08
0.0250001
-1.68512e-06
0.0250003
-1.74866e-06
0.0250004
-1.7998e-06
0.0250006
-1.84237e-06
0.0250007
-1.88088e-06
0.0250009
-1.91972e-06
0.0250011
-1.95852e-06
0.0250012
-1.99628e-06
0.0250014
-2.03289e-06
0.0250016
-2.06854e-06
0.0250018
-2.1033e-06
0.0250019
-2.13715e-06
0.0250021
-2.17009e-06
0.0250023
-2.20212e-06
0.0250025
-2.23323e-06
0.0250027
-2.26344e-06
0.0250029
-2.29274e-06
0.0250032
-2.32111e-06
0.0250034
-2.34855e-06
0.0250036
-2.37505e-06
0.0250038
-2.4006e-06
0.025004
-2.4252e-06
0.0250043
-2.44883e-06
0.0250045
-2.47152e-06
0.0250047
-2.49326e-06
0.025005
-2.51406e-06
0.0250052
-2.53391e-06
0.0250055
-2.55277e-06
0.0250057
-2.57062e-06
0.025006
-2.58737e-06
0.0250063
-2.60294e-06
0.0250065
-2.61722e-06
0.0250068
-2.63009e-06
0.0250071
-2.64147e-06
0.0250074
-2.65126e-06
0.0250077
-2.65943e-06
0.025008
-2.66595e-06
0.0250083
-2.67082e-06
0.0250086
-2.67404e-06
0.0250089
-2.67561e-06
0.0250092
-2.67548e-06
0.0250095
-2.67359e-06
0.0250098
-2.66987e-06
0.0250102
-2.66418e-06
0.0250105
-2.65645e-06
0.0250109
-2.64657e-06
0.0250112
-2.63449e-06
0.0250116
-2.62014e-06
0.025012
-2.6035e-06
0.0250123
-2.58451e-06
0.0250127
-2.56316e-06
0.0250131
-2.53934e-06
0.0250135
-2.51304e-06
0.0250139
-2.48412e-06
0.0250143
-2.45253e-06
0.0250147
-2.41814e-06
0.0250151
-2.38092e-06
0.0250156
-2.34074e-06
0.025016
-2.29761e-06
0.0250164
-2.25143e-06
0.0250169
-2.20224e-06
0.0250173
-2.14995e-06
0.0250178
-2.0946e-06
0.0250183
-2.03611e-06
0.0250187
-1.9745e-06
0.0250192
-1.90971e-06
0.0250197
-1.84176e-06
0.0250202
-1.77066e-06
0.0250207
-1.6965e-06
0.0250212
-1.61936e-06
0.0250217
-1.53944e-06
0.0250222
-1.45689e-06
0.0250227
-1.372e-06
0.0250232
-1.28493e-06
0.0250237
-1.19598e-06
0.0250242
-1.10532e-06
0.0250246
-1.01321e-06
0.0250251
-9.19843e-07
0.0250256
-8.25456e-07
0.0250261
-7.30374e-07
0.0250266
-6.34879e-07
0.025027
-5.39489e-07
0.0250275
-4.44651e-07
0.0250279
-3.51068e-07
0.0250283
-2.59435e-07
0.0250287
-1.70584e-07
0.0250291
-8.54754e-08
0.0250295
-5.03261e-09
0.0250298
6.95366e-08
0.0250301
1.37165e-07
0.0250304
1.96418e-07
0.0250306
2.45938e-07
0.0250309
2.84074e-07
0.0250311
3.09022e-07
0.0250312
3.18918e-07
0.0250313
3.11456e-07
0.0250314
2.84521e-07
0.0250315
2.35277e-07
0.0250315
1.61693e-07
5.93355e-08
0.0250001
-1.78199e-06
0.0250002
-1.85738e-06
0.0250003
-1.91606e-06
0.0250004
-1.96287e-06
0.0250006
-2.00509e-06
0.0250007
-2.04811e-06
0.0250008
-2.0912e-06
0.025001
-2.13308e-06
0.0250011
-2.17366e-06
0.0250013
-2.2132e-06
0.0250014
-2.25178e-06
0.0250016
-2.28939e-06
0.0250017
-2.32603e-06
0.0250019
-2.36171e-06
0.025002
-2.39646e-06
0.0250022
-2.43027e-06
0.0250024
-2.46316e-06
0.0250025
-2.49513e-06
0.0250027
-2.52618e-06
0.0250029
-2.55631e-06
0.0250031
-2.58553e-06
0.0250033
-2.61384e-06
0.0250035
-2.64125e-06
0.0250037
-2.66779e-06
0.0250039
-2.69346e-06
0.0250041
-2.71829e-06
0.0250043
-2.74227e-06
0.0250045
-2.7654e-06
0.0250047
-2.78763e-06
0.025005
-2.80891e-06
0.0250052
-2.82916e-06
0.0250054
-2.84828e-06
0.0250057
-2.86617e-06
0.0250059
-2.88273e-06
0.0250061
-2.8979e-06
0.0250064
-2.91163e-06
0.0250067
-2.92392e-06
0.0250069
-2.93478e-06
0.0250072
-2.94421e-06
0.0250075
-2.95222e-06
0.0250078
-2.95876e-06
0.0250081
-2.96379e-06
0.0250084
-2.9672e-06
0.0250087
-2.96889e-06
0.025009
-2.96875e-06
0.0250093
-2.96671e-06
0.0250097
-2.96268e-06
0.02501
-2.95663e-06
0.0250104
-2.94849e-06
0.0250107
-2.93826e-06
0.0250111
-2.92585e-06
0.0250115
-2.91123e-06
0.0250118
-2.89428e-06
0.0250122
-2.87494e-06
0.0250126
-2.85309e-06
0.0250131
-2.82862e-06
0.0250135
-2.80143e-06
0.0250139
-2.77145e-06
0.0250144
-2.73858e-06
0.0250148
-2.70278e-06
0.0250153
-2.66397e-06
0.0250158
-2.6221e-06
0.0250163
-2.57707e-06
0.0250168
-2.52884e-06
0.0250173
-2.47731e-06
0.0250178
-2.42241e-06
0.0250183
-2.36408e-06
0.0250189
-2.30229e-06
0.0250194
-2.23705e-06
0.02502
-2.16841e-06
0.0250205
-2.09645e-06
0.0250211
-2.0213e-06
0.0250217
-1.94304e-06
0.0250222
-1.86185e-06
0.0250228
-1.77776e-06
0.0250234
-1.69091e-06
0.025024
-1.60133e-06
0.0250246
-1.5091e-06
0.0250252
-1.41432e-06
0.0250258
-1.31708e-06
0.0250264
-1.21765e-06
0.0250269
-1.11625e-06
0.0250275
-1.01335e-06
0.0250281
-9.09374e-07
0.0250286
-8.04978e-07
0.0250292
-7.0082e-07
0.0250297
-5.97687e-07
0.0250302
-4.96485e-07
0.0250307
-3.98118e-07
0.0250311
-3.03773e-07
0.0250315
-2.1458e-07
0.0250319
-1.32064e-07
0.0250322
-5.77624e-08
0.0250325
6.39557e-09
0.0250328
5.82907e-08
0.025033
9.55153e-08
0.0250332
1.15231e-07
0.0250333
1.144e-07
0.0250333
8.94589e-08
3.54522e-08
0.0250001
-1.85362e-06
0.0250001
-1.93685e-06
0.0250002
-2.00309e-06
0.0250003
-2.05358e-06
0.0250004
-2.09902e-06
0.0250005
-2.14608e-06
0.0250006
-2.19337e-06
0.0250007
-2.23924e-06
0.0250008
-2.28365e-06
0.0250009
-2.32693e-06
0.025001
-2.36916e-06
0.0250011
-2.41035e-06
0.0250012
-2.45049e-06
0.0250014
-2.48963e-06
0.0250015
-2.52779e-06
0.0250016
-2.56499e-06
0.0250017
-2.60125e-06
0.0250019
-2.63659e-06
0.025002
-2.67102e-06
0.0250021
-2.70457e-06
0.0250023
-2.73724e-06
0.0250024
-2.76905e-06
0.0250026
-2.80004e-06
0.0250027
-2.83024e-06
0.0250029
-2.85968e-06
0.0250031
-2.88838e-06
0.0250032
-2.91637e-06
0.0250034
-2.94365e-06
0.0250036
-2.9702e-06
0.0250038
-2.99598e-06
0.0250039
-3.0209e-06
0.0250041
-3.04491e-06
0.0250043
-3.0679e-06
0.0250045
-3.0898e-06
0.0250047
-3.11055e-06
0.0250049
-3.13014e-06
0.0250052
-3.14855e-06
0.0250054
-3.16582e-06
0.0250056
-3.18196e-06
0.0250058
-3.19697e-06
0.0250061
-3.21084e-06
0.0250063
-3.22351e-06
0.0250066
-3.23488e-06
0.0250069
-3.24487e-06
0.0250071
-3.25336e-06
0.0250074
-3.26028e-06
0.0250077
-3.26556e-06
0.025008
-3.26916e-06
0.0250083
-3.27102e-06
0.0250087
-3.27113e-06
0.025009
-3.26942e-06
0.0250093
-3.26584e-06
0.0250097
-3.26028e-06
0.0250101
-3.25265e-06
0.0250104
-3.24283e-06
0.0250108
-3.23072e-06
0.0250112
-3.21618e-06
0.0250116
-3.19914e-06
0.0250121
-3.17948e-06
0.0250125
-3.15713e-06
0.025013
-3.13198e-06
0.0250134
-3.10393e-06
0.0250139
-3.07288e-06
0.0250144
-3.0387e-06
0.0250149
-3.00127e-06
0.0250155
-2.96044e-06
0.025016
-2.9161e-06
0.0250166
-2.86818e-06
0.0250171
-2.81659e-06
0.0250177
-2.76133e-06
0.0250183
-2.70237e-06
0.0250189
-2.63975e-06
0.0250195
-2.57345e-06
0.0250201
-2.50347e-06
0.0250208
-2.42978e-06
0.0250214
-2.35228e-06
0.0250221
-2.2709e-06
0.0250227
-2.1855e-06
0.0250234
-2.09601e-06
0.0250241
-2.00236e-06
0.0250248
-1.90455e-06
0.0250254
-1.80269e-06
0.0250261
-1.69689e-06
0.0250268
-1.58749e-06
0.0250274
-1.47477e-06
0.0250281
-1.35921e-06
0.0250287
-1.24128e-06
0.0250293
-1.12159e-06
0.0250299
-1.00085e-06
0.0250305
-8.79805e-07
0.025031
-7.59525e-07
0.0250315
-6.4105e-07
0.025032
-5.25943e-07
0.0250324
-4.15715e-07
0.0250327
-3.12554e-07
0.025033
-2.18659e-07
0.0250333
-1.37048e-07
0.0250334
-7.10036e-08
0.0250335
-2.40426e-08
-3.01251e-09
0.025
-1.86771e-06
0.0250001
-1.96994e-06
0.0250001
-2.04723e-06
0.0250001
-2.10045e-06
0.0250002
-2.14816e-06
0.0250002
-2.19881e-06
0.0250003
-2.24989e-06
0.0250004
-2.29925e-06
0.0250004
-2.34696e-06
0.0250005
-2.39339e-06
0.0250006
-2.43866e-06
0.0250006
-2.48278e-06
0.0250007
-2.52575e-06
0.0250008
-2.56763e-06
0.0250009
-2.60844e-06
0.025001
-2.64824e-06
0.025001
-2.68705e-06
0.0250011
-2.72491e-06
0.0250012
-2.76186e-06
0.0250013
-2.7979e-06
0.0250014
-2.83312e-06
0.0250015
-2.86748e-06
0.0250016
-2.90113e-06
0.0250017
-2.934e-06
0.0250018
-2.96628e-06
0.025002
-2.99783e-06
0.0250021
-3.02893e-06
0.0250022
-3.05932e-06
0.0250023
-3.08931e-06
0.0250024
-3.11853e-06
0.0250026
-3.14731e-06
0.0250027
-3.17515e-06
0.0250028
-3.20248e-06
0.025003
-3.22869e-06
0.0250031
-3.25435e-06
0.0250033
-3.27879e-06
0.0250034
-3.30274e-06
0.0250036
-3.32546e-06
0.0250038
-3.34783e-06
0.0250039
-3.36896e-06
0.0250041
-3.3898e-06
0.0250043
-3.40929e-06
0.0250045
-3.42844e-06
0.0250047
-3.44601e-06
0.0250049
-3.46312e-06
0.0250052
-3.47842e-06
0.0250054
-3.49321e-06
0.0250056
-3.50601e-06
0.0250059
-3.51832e-06
0.0250062
-3.52851e-06
0.0250064
-3.53817e-06
0.0250067
-3.54556e-06
0.025007
-3.55232e-06
0.0250073
-3.55657e-06
0.0250077
-3.56002e-06
0.025008
-3.56067e-06
0.0250083
-3.56035e-06
0.0250087
-3.55696e-06
0.0250091
-3.5524e-06
0.0250095
-3.54454e-06
0.0250099
-3.53531e-06
0.0250103
-3.52252e-06
0.0250108
-3.50808e-06
0.0250112
-3.48978e-06
0.0250117
-3.46947e-06
0.0250122
-3.44498e-06
0.0250127
-3.41811e-06
0.0250132
-3.38678e-06
0.0250138
-3.3528e-06
0.0250143
-3.31416e-06
0.0250149
-3.27269e-06
0.0250155
-3.22644e-06
0.0250161
-3.17711e-06
0.0250167
-3.12284e-06
0.0250173
-3.06503e-06
0.025018
-3.00198e-06
0.0250187
-2.93472e-06
0.0250193
-2.86178e-06
0.02502
-2.78389e-06
0.0250207
-2.69984e-06
0.0250214
-2.61028e-06
0.0250222
-2.51424e-06
0.0250229
-2.41244e-06
0.0250236
-2.30405e-06
0.0250243
-2.18996e-06
0.0250251
-2.06943e-06
0.0250258
-1.94339e-06
0.0250265
-1.8113e-06
0.0250271
-1.674e-06
0.0250278
-1.53141e-06
0.0250284
-1.38413e-06
0.025029
-1.23298e-06
0.0250295
-1.07827e-06
0.02503
-9.22027e-07
0.0250305
-7.64422e-07
0.0250309
-6.08888e-07
0.0250312
-4.5586e-07
0.0250314
-3.10358e-07
0.0250316
-1.73829e-07
-5.48329e-08
0.025
-1.83718e-06
0.025
-1.96448e-06
0.025
-2.05641e-06
0.025
-2.11104e-06
0.025
-2.16012e-06
0.025
-2.21429e-06
0.025
-2.26904e-06
0.025
-2.3217e-06
0.025
-2.37248e-06
0.0250001
-2.42183e-06
0.0250001
-2.46986e-06
0.0250001
-2.51655e-06
0.0250001
-2.56198e-06
0.0250002
-2.60616e-06
0.0250002
-2.64917e-06
0.0250003
-2.69105e-06
0.0250003
-2.73186e-06
0.0250003
-2.77165e-06
0.0250004
-2.81046e-06
0.0250004
-2.84835e-06
0.0250005
-2.88536e-06
0.0250005
-2.92159e-06
0.0250006
-2.95703e-06
0.0250006
-2.99185e-06
0.0250007
-3.02599e-06
0.0250007
-3.05968e-06
0.0250008
-3.09277e-06
0.0250009
-3.12555e-06
0.0250009
-3.15775e-06
0.025001
-3.1897e-06
0.0250011
-3.22099e-06
0.0250011
-3.25202e-06
0.0250012
-3.28225e-06
0.0250013
-3.31219e-06
0.0250014
-3.34123e-06
0.0250014
-3.37003e-06
0.0250015
-3.39792e-06
0.0250016
-3.42571e-06
0.0250017
-3.45264e-06
0.0250018
-3.47961e-06
0.0250019
-3.5057e-06
0.0250021
-3.53187e-06
0.0250022
-3.557e-06
0.0250023
-3.58215e-06
0.0250024
-3.60606e-06
0.0250026
-3.62992e-06
0.0250027
-3.65237e-06
0.0250029
-3.67478e-06
0.0250031
-3.69566e-06
0.0250033
-3.71652e-06
0.0250035
-3.73574e-06
0.0250037
-3.7549e-06
0.0250039
-3.77224e-06
0.0250041
-3.78938e-06
0.0250043
-3.80447e-06
0.0250046
-3.81919e-06
0.0250048
-3.83158e-06
0.0250051
-3.84342e-06
0.0250054
-3.85268e-06
0.0250057
-3.86118e-06
0.025006
-3.86685e-06
0.0250064
-3.87147e-06
0.0250067
-3.87295e-06
0.0250071
-3.87301e-06
0.0250075
-3.86956e-06
0.0250079
-3.86426e-06
0.0250083
-3.85509e-06
0.0250088
-3.84367e-06
0.0250092
-3.82804e-06
0.0250097
-3.80984e-06
0.0250102
-3.78715e-06
0.0250107
-3.76152e-06
0.0250113
-3.73108e-06
0.0250118
-3.69713e-06
0.0250124
-3.65789e-06
0.025013
-3.6143e-06
0.0250136
-3.56473e-06
0.0250143
-3.50975e-06
0.0250149
-3.44798e-06
0.0250156
-3.37974e-06
0.0250162
-3.30385e-06
0.0250169
-3.2206e-06
0.0250176
-3.12892e-06
0.0250184
-3.02917e-06
0.0250191
-2.92027e-06
0.0250198
-2.80263e-06
0.0250205
-2.67518e-06
0.0250212
-2.53822e-06
0.0250219
-2.39089e-06
0.0250226
-2.23318e-06
0.0250233
-2.06482e-06
0.0250239
-1.8854e-06
0.0250245
-1.69558e-06
0.025025
-1.49454e-06
0.0250255
-1.28411e-06
0.025026
-1.06326e-06
0.0250263
-8.3512e-07
0.0250266
-5.98962e-07
0.0250268
-3.59062e-07
-1.19426e-07
0.0249999
-1.7234e-06
0.0249998
-1.90546e-06
0.0249998
-2.0209e-06
0.0249998
-2.07467e-06
0.0249997
-2.12416e-06
0.0249997
-2.18173e-06
0.0249997
-2.2398e-06
0.0249996
-2.29533e-06
0.0249996
-2.34875e-06
0.0249996
-2.40053e-06
0.0249996
-2.45075e-06
0.0249996
-2.49943e-06
0.0249995
-2.54661e-06
0.0249995
-2.59235e-06
0.0249995
-2.63672e-06
0.0249995
-2.67979e-06
0.0249995
-2.72162e-06
0.0249995
-2.7623e-06
0.0249995
-2.80186e-06
0.0249995
-2.84042e-06
0.0249995
-2.87799e-06
0.0249995
-2.91473e-06
0.0249995
-2.95062e-06
0.0249995
-2.98589e-06
0.0249995
-3.02045e-06
0.0249995
-3.0546e-06
0.0249995
-3.08818e-06
0.0249995
-3.12151e-06
0.0249995
-3.15435e-06
0.0249995
-3.18703e-06
0.0249995
-3.21921e-06
0.0249995
-3.25126e-06
0.0249995
-3.28272e-06
0.0249995
-3.31407e-06
0.0249995
-3.34479e-06
0.0249995
-3.37548e-06
0.0249995
-3.40559e-06
0.0249995
-3.43583e-06
0.0249995
-3.46558e-06
0.0249995
-3.49564e-06
0.0249996
-3.52522e-06
0.0249996
-3.55518e-06
0.0249996
-3.58458e-06
0.0249997
-3.61431e-06
0.0249997
-3.64333e-06
0.0249998
-3.67265e-06
0.0249998
-3.70114e-06
0.0249999
-3.72995e-06
0.0249999
-3.75787e-06
0.025
-3.78614e-06
0.0250001
-3.81346e-06
0.0250002
-3.84111e-06
0.0250003
-3.86765e-06
0.0250004
-3.89442e-06
0.0250005
-3.91989e-06
0.0250007
-3.94541e-06
0.0250008
-3.96942e-06
0.025001
-3.99329e-06
0.0250011
-4.01543e-06
0.0250013
-4.03721e-06
0.0250015
-4.05703e-06
0.0250017
-4.0762e-06
0.0250019
-4.09308e-06
0.0250022
-4.10895e-06
0.0250024
-4.1221e-06
0.0250027
-4.1338e-06
0.025003
-4.14237e-06
0.0250033
-4.14905e-06
0.0250036
-4.15224e-06
0.025004
-4.15313e-06
0.0250044
-4.15019e-06
0.0250047
-4.14445e-06
0.0250052
-4.13447e-06
0.0250056
-4.12096e-06
0.025006
-4.10251e-06
0.0250065
-4.0795e-06
0.025007
-4.05053e-06
0.0250075
-4.01577e-06
0.025008
-3.97379e-06
0.0250086
-3.92471e-06
0.0250091
-3.8671e-06
0.0250097
-3.80109e-06
0.0250103
-3.72531e-06
0.0250109
-3.63979e-06
0.0250116
-3.54324e-06
0.0250122
-3.4354e-06
0.0250128
-3.31511e-06
0.0250135
-3.18164e-06
0.0250141
-3.03404e-06
0.0250148
-2.87102e-06
0.0250154
-2.69198e-06
0.025016
-2.49518e-06
0.0250166
-2.28044e-06
0.0250171
-2.04571e-06
0.0250176
-1.79121e-06
0.025018
-1.51471e-06
0.0250184
-1.21686e-06
0.0250187
-8.95359e-07
0.0250189
-5.51441e-07
-1.88038e-07
0.0249998
-1.50915e-06
0.0249997
-1.79583e-06
0.0249996
-1.94624e-06
0.0249995
-1.99552e-06
0.0249994
-2.04532e-06
0.0249994
-2.10674e-06
0.0249993
-2.16797e-06
0.0249992
-2.22621e-06
0.0249991
-2.28221e-06
0.0249991
-2.33632e-06
0.024999
-2.38854e-06
0.0249989
-2.43892e-06
0.0249989
-2.48751e-06
0.0249988
-2.5344e-06
0.0249988
-2.57965e-06
0.0249987
-2.62334e-06
0.0249986
-2.66556e-06
0.0249986
-2.70636e-06
0.0249985
-2.7459e-06
0.0249985
-2.78417e-06
0.0249984
-2.82138e-06
0.0249983
-2.85748e-06
0.0249983
-2.89278e-06
0.0249982
-2.92711e-06
0.0249982
-2.96092e-06
0.0249981
-2.99392e-06
0.024998
-3.02667e-06
0.024998
-3.05873e-06
0.0249979
-3.09075e-06
0.0249978
-3.12212e-06
0.0249978
-3.1536e-06
0.0249977
-3.1844e-06
0.0249976
-3.21542e-06
0.0249976
-3.2457e-06
0.0249975
-3.27633e-06
0.0249974
-3.30622e-06
0.0249974
-3.3367e-06
0.0249973
-3.36649e-06
0.0249972
-3.39714e-06
0.0249971
-3.42715e-06
0.0249971
-3.45824e-06
0.024997
-3.48865e-06
0.0249969
-3.52023e-06
0.0249969
-3.55099e-06
0.0249968
-3.58299e-06
0.0249967
-3.61402e-06
0.0249967
-3.64636e-06
0.0249966
-3.67763e-06
0.0249966
-3.71035e-06
0.0249965
-3.74192e-06
0.0249965
-3.77503e-06
0.0249965
-3.80689e-06
0.0249964
-3.8403e-06
0.0249964
-3.8723e-06
0.0249964
-3.90578e-06
0.0249964
-3.93764e-06
0.0249964
-3.97087e-06
0.0249964
-4.00228e-06
0.0249964
-4.0349e-06
0.0249964
-4.0655e-06
0.0249964
-4.09708e-06
0.0249965
-4.12637e-06
0.0249965
-4.15632e-06
0.0249966
-4.18364e-06
0.0249967
-4.21122e-06
0.0249968
-4.23577e-06
0.0249969
-4.26015e-06
0.024997
-4.28112e-06
0.0249972
-4.30148e-06
0.0249973
-4.31809e-06
0.0249975
-4.33352e-06
0.0249977
-4.34484e-06
0.0249979
-4.3542e-06
0.0249981
-4.35887e-06
0.0249984
-4.36051e-06
0.0249986
-4.35656e-06
0.0249989
-4.34823e-06
0.0249992
-4.3331e-06
0.0249996
-4.31206e-06
0.0249999
-4.28281e-06
0.0250003
-4.24603e-06
0.0250007
-4.19947e-06
0.0250011
-4.14364e-06
0.0250015
-4.07629e-06
0.0250019
-3.99758e-06
0.0250024
-3.90533e-06
0.0250029
-3.79906e-06
0.0250033
-3.67682e-06
0.0250038
-3.53722e-06
0.0250043
-3.37873e-06
0.0250048
-3.19887e-06
0.0250053
-2.99675e-06
0.0250058
-2.76872e-06
0.0250062
-2.51453e-06
0.0250066
-2.22931e-06
0.025007
-1.91316e-06
0.0250073
-1.55982e-06
0.0250076
-1.16822e-06
0.0250078
-7.33965e-07
-2.53784e-07
0.0249996
-1.11223e-06
0.0249994
-1.62578e-06
0.0249993
-1.8256e-06
0.0249992
-1.86515e-06
0.0249991
-1.91769e-06
0.0249989
-1.98384e-06
0.0249988
-2.04781e-06
0.0249987
-2.10861e-06
0.0249986
-2.1672e-06
0.0249985
-2.22357e-06
0.0249984
-2.27766e-06
0.0249982
-2.3295e-06
0.0249981
-2.37921e-06
0.024998
-2.42683e-06
0.0249979
-2.47246e-06
0.0249978
-2.51616e-06
0.0249977
-2.55806e-06
0.0249976
-2.59823e-06
0.0249975
-2.63677e-06
0.0249974
-2.67382e-06
0.0249973
-2.70943e-06
0.0249972
-2.7438e-06
0.024997
-2.77695e-06
0.0249969
-2.80914e-06
0.0249968
-2.84033e-06
0.0249967
-2.87085e-06
0.0249966
-2.90057e-06
0.0249964
-2.92989e-06
0.0249963
-2.95856e-06
0.0249962
-2.98703e-06
0.024996
-3.01494e-06
0.0249959
-3.0428e-06
0.0249958
-3.07014e-06
0.0249956
-3.09756e-06
0.0249955
-3.1245e-06
0.0249953
-3.15172e-06
0.0249952
-3.17858e-06
0.024995
-3.20596e-06
0.0249948
-3.23312e-06
0.0249947
-3.26107e-06
0.0249945
-3.28886e-06
0.0249943
-3.31761e-06
0.0249942
-3.34619e-06
0.024994
-3.37581e-06
0.0249938
-3.40519e-06
0.0249936
-3.43568e-06
0.0249935
-3.46588e-06
0.0249933
-3.4973e-06
0.0249931
-3.52843e-06
0.0249929
-3.56091e-06
0.0249928
-3.59308e-06
0.0249926
-3.62667e-06
0.0249924
-3.65987e-06
0.0249922
-3.6945e-06
0.0249921
-3.72861e-06
0.0249919
-3.76408e-06
0.0249917
-3.79889e-06
0.0249916
-3.83496e-06
0.0249914
-3.8702e-06
0.0249912
-3.90657e-06
0.0249911
-3.94191e-06
0.0249909
-3.97816e-06
0.0249908
-4.01313e-06
0.0249907
-4.04868e-06
0.0249906
-4.08263e-06
0.0249904
-4.11678e-06
0.0249903
-4.14895e-06
0.0249902
-4.18093e-06
0.0249901
-4.21056e-06
0.0249901
-4.23956e-06
0.02499
-4.26582e-06
0.0249899
-4.29088e-06
0.0249899
-4.31266e-06
0.0249899
-4.33237e-06
0.0249899
-4.34803e-06
0.0249899
-4.36041e-06
0.0249899
-4.36763e-06
0.0249899
-4.37009e-06
0.02499
-4.36601e-06
0.02499
-4.3555e-06
0.0249901
-4.33679e-06
0.0249902
-4.30982e-06
0.0249904
-4.27273e-06
0.0249905
-4.22527e-06
0.0249907
-4.16535e-06
0.0249909
-4.09239e-06
0.0249911
-4.00406e-06
0.0249913
-3.89922e-06
0.0249915
-3.77539e-06
0.0249918
-3.63059e-06
0.024992
-3.4624e-06
0.0249923
-3.26774e-06
0.0249926
-3.04435e-06
0.0249928
-2.78785e-06
0.0249931
-2.49591e-06
0.0249933
-2.16256e-06
0.0249935
-1.78435e-06
0.0249937
-1.35263e-06
0.0249938
-8.62813e-07
-3.02177e-07
0.0249993
-3.95758e-07
0.0249991
-1.40433e-06
0.0249989
-1.65206e-06
0.0249987
-1.67835e-06
0.0249985
-1.74268e-06
0.0249984
-1.81487e-06
0.0249982
-1.88098e-06
0.024998
-1.94459e-06
0.0249979
-2.00628e-06
0.0249977
-2.06532e-06
0.0249975
-2.12158e-06
0.0249974
-2.17516e-06
0.0249972
-2.22614e-06
0.0249971
-2.2746e-06
0.0249969
-2.32061e-06
0.0249968
-2.36425e-06
0.0249966
-2.40562e-06
0.0249965
-2.44485e-06
0.0249963
-2.48201e-06
0.0249962
-2.51728e-06
0.024996
-2.5507e-06
0.0249959
-2.58251e-06
0.0249957
-2.61273e-06
0.0249955
-2.64163e-06
0.0249954
-2.66919e-06
0.0249952
-2.69575e-06
0.024995
-2.72122e-06
0.0249948
-2.74597e-06
0.0249946
-2.76984e-06
0.0249944
-2.79324e-06
0.0249942
-2.81591e-06
0.024994
-2.83829e-06
0.0249938
-2.86005e-06
0.0249936
-2.8817e-06
0.0249934
-2.90285e-06
0.0249932
-2.92412e-06
0.0249929
-2.94504e-06
0.0249927
-2.96634e-06
0.0249925
-2.98749e-06
0.0249922
-3.00928e-06
0.024992
-3.03104e-06
0.0249917
-3.05363e-06
0.0249914
-3.07624e-06
0.0249912
-3.09978e-06
0.0249909
-3.12334e-06
0.0249906
-3.14793e-06
0.0249903
-3.17256e-06
0.02499
-3.19833e-06
0.0249897
-3.22421e-06
0.0249894
-3.25135e-06
0.0249891
-3.27865e-06
0.0249888
-3.30731e-06
0.0249885
-3.3361e-06
0.0249881
-3.36629e-06
0.0249878
-3.39656e-06
0.0249875
-3.42818e-06
0.0249871
-3.45979e-06
0.0249868
-3.49269e-06
0.0249865
-3.52548e-06
0.0249861
-3.55946e-06
0.0249858
-3.59319e-06
0.0249854
-3.62796e-06
0.0249851
-3.6623e-06
0.0249847
-3.69742e-06
0.0249844
-3.73184e-06
0.024984
-3.76674e-06
0.0249837
-3.80063e-06
0.0249833
-3.83464e-06
0.024983
-3.86734e-06
0.0249827
-3.89974e-06
0.0249823
-3.93048e-06
0.024982
-3.96039e-06
0.0249817
-3.98814e-06
0.0249814
-4.01434e-06
0.0249811
-4.03759e-06
0.0249807
-4.05829e-06
0.0249805
-4.07497e-06
0.0249802
-4.08781e-06
0.0249799
-4.09527e-06
0.0249796
-4.09733e-06
0.0249794
-4.09241e-06
0.0249792
-4.08023e-06
0.024979
-4.05916e-06
0.0249788
-4.02853e-06
0.0249786
-3.98662e-06
0.0249784
-3.93224e-06
0.0249783
-3.86352e-06
0.0249782
-3.77859e-06
0.0249781
-3.67538e-06
0.024978
-3.55124e-06
0.0249779
-3.40381e-06
0.0249779
-3.22956e-06
0.0249778
-3.02574e-06
0.0249778
-2.78776e-06
0.0249778
-2.51218e-06
0.0249779
-2.19292e-06
0.0249779
-1.82418e-06
0.0249779
-1.39837e-06
0.024978
-9.05038e-07
-3.20767e-07
0.0249986
9.59048e-07
0.0249984
-1.17972e-06
0.0249982
-1.3938e-06
0.0249979
-1.42572e-06
0.0249977
-1.52544e-06
0.0249975
-1.60526e-06
0.0249973
-1.67375e-06
0.0249971
-1.74198e-06
0.0249969
-1.80867e-06
0.0249967
-1.87212e-06
0.0249965
-1.93217e-06
0.0249963
-1.98898e-06
0.0249961
-2.0426e-06
0.024996
-2.09309e-06
0.0249958
-2.1405e-06
0.0249956
-2.18491e-06
0.0249954
-2.22643e-06
0.0249952
-2.26514e-06
0.0249951
-2.30121e-06
0.0249949
-2.33469e-06
0.0249947
-2.36582e-06
0.0249945
-2.39459e-06
0.0249943
-2.42134e-06
0.0249941
-2.44601e-06
0.0249939
-2.469e-06
0.0249937
-2.49017e-06
0.0249935
-2.51002e-06
0.0249933
-2.5283e-06
0.0249931
-2.54559e-06
0.0249929
-2.56153e-06
0.0249926
-2.57675e-06
0.0249924
-2.59079e-06
0.0249921
-2.60438e-06
0.0249919
-2.61694e-06
0.0249916
-2.62932e-06
0.0249913
-2.64084e-06
0.024991
-2.65248e-06
0.0249907
-2.66346e-06
0.0249904
-2.67489e-06
0.0249901
-2.68583e-06
0.0249898
-2.6975e-06
0.0249895
-2.7088e-06
0.0249891
-2.72104e-06
0.0249888
-2.73295e-06
0.0249884
-2.74596e-06
0.024988
-2.75868e-06
0.0249876
-2.77267e-06
0.0249872
-2.78642e-06
0.0249868
-2.80164e-06
0.0249864
-2.81669e-06
0.0249859
-2.83337e-06
0.0249855
-2.84993e-06
0.024985
-2.86824e-06
0.0249845
-2.88642e-06
0.0249841
-2.90639e-06
0.0249836
-2.92618e-06
0.0249831
-2.94778e-06
0.0249825
-2.96915e-06
0.024982
-2.99231e-06
0.0249815
-3.0152e-06
0.0249809
-3.0398e-06
0.0249804
-3.06407e-06
0.0249798
-3.08992e-06
0.0249792
-3.11526e-06
0.0249787
-3.14198e-06
0.0249781
-3.16796e-06
0.0249775
-3.19504e-06
0.0249769
-3.22117e-06
0.0249763
-3.24807e-06
0.0249756
-3.2738e-06
0.024975
-3.29994e-06
0.0249744
-3.32465e-06
0.0249738
-3.34923e-06
0.0249731
-3.37195e-06
0.0249725
-3.39379e-06
0.0249719
-3.41307e-06
0.0249712
-3.43044e-06
0.0249706
-3.44427e-06
0.02497
-3.45492e-06
0.0249693
-3.46074e-06
0.0249687
-3.46191e-06
0.0249681
-3.4567e-06
0.0249675
-3.44502e-06
0.0249669
-3.42507e-06
0.0249663
-3.39634e-06
0.0249657
-3.35694e-06
0.0249652
-3.30571e-06
0.0249647
-3.24073e-06
0.0249641
-3.15992e-06
0.0249637
-3.06134e-06
0.0249632
-2.94181e-06
0.0249628
-2.79933e-06
0.0249624
-2.62945e-06
0.024962
-2.42991e-06
0.0249617
-2.1949e-06
0.0249614
-1.92154e-06
0.0249612
-1.60256e-06
0.024961
-1.23327e-06
0.0249609
-8.03268e-07
-2.86504e-07
0.0249975
3.4185e-06
0.0249977
-1.3334e-06
0.0249974
-1.11515e-06
0.0249973
-1.27121e-06
0.0249972
-1.44113e-06
0.0249971
-1.51981e-06
0.024997
-1.58484e-06
0.0249969
-1.65303e-06
0.0249968
-1.71934e-06
0.0249967
-1.78139e-06
0.0249967
-1.83912e-06
0.0249966
-1.89269e-06
0.0249965
-1.94217e-06
0.0249964
-1.98762e-06
0.0249962
-2.0291e-06
0.0249961
-2.06671e-06
0.024996
-2.10057e-06
0.0249959
-2.13082e-06
0.0249957
-2.1576e-06
0.0249956
-2.18107e-06
0.0249954
-2.20139e-06
0.0249953
-2.21875e-06
0.0249951
-2.2333e-06
0.0249949
-2.24527e-06
0.0249947
-2.2548e-06
0.0249944
-2.26213e-06
0.0249942
-2.26739e-06
0.024994
-2.27084e-06
0.0249937
-2.27256e-06
0.0249934
-2.2728e-06
0.0249931
-2.27163e-06
0.0249928
-2.26931e-06
0.0249925
-2.26585e-06
0.0249921
-2.26152e-06
0.0249917
-2.25635e-06
0.0249914
-2.2506e-06
0.024991
-2.24429e-06
0.0249905
-2.23772e-06
0.0249901
-2.23087e-06
0.0249897
-2.22404e-06
0.0249892
-2.21717e-06
0.0249887
-2.21055e-06
0.0249882
-2.20407e-06
0.0249877
-2.198e-06
0.0249871
-2.19221e-06
0.0249866
-2.18698e-06
0.024986
-2.18216e-06
0.0249854
-2.17806e-06
0.0249848
-2.17451e-06
0.0249841
-2.17183e-06
0.0249835
-2.16981e-06
0.0249828
-2.16877e-06
0.0249821
-2.16846e-06
0.0249814
-2.16919e-06
0.0249807
-2.17069e-06
0.0249799
-2.17326e-06
0.0249792
-2.17662e-06
0.0249784
-2.18108e-06
0.0249776
-2.18635e-06
0.0249768
-2.1927e-06
0.024976
-2.19985e-06
0.0249751
-2.20803e-06
0.0249743
-2.21691e-06
0.0249734
-2.22668e-06
0.0249725
-2.23701e-06
0.0249716
-2.24806e-06
0.0249707
-2.2595e-06
0.0249697
-2.27152e-06
0.0249688
-2.2838e-06
0.0249678
-2.2965e-06
0.0249668
-2.30932e-06
0.0249658
-2.32232e-06
0.0249648
-2.33515e-06
0.0249638
-2.34774e-06
0.0249628
-2.35965e-06
0.0249618
-2.37065e-06
0.0249607
-2.38023e-06
0.0249597
-2.38806e-06
0.0249586
-2.39355e-06
0.0249576
-2.39632e-06
0.0249565
-2.39573e-06
0.0249554
-2.39133e-06
0.0249544
-2.38238e-06
0.0249534
-2.36825e-06
0.0249523
-2.34805e-06
0.0249513
-2.3208e-06
0.0249503
-2.28538e-06
0.0249493
-2.24033e-06
0.0249483
-2.1842e-06
0.0249474
-2.11498e-06
0.0249465
-2.03083e-06
0.0249456
-1.92912e-06
0.0249448
-1.80752e-06
0.024944
-1.6628e-06
0.0249433
-1.49235e-06
0.0249427
-1.29233e-06
0.0249421
-1.06015e-06
0.0249417
-7.9564e-07
0.0249414
-4.96272e-07
-1.69267e-07
0.0250287
-2.52833e-05
0.0250286
-1.26499e-06
0.0250267
8.05721e-07
0.0250255
-2.14804e-08
0.0250243
-2.8529e-07
0.0250231
-3.59965e-07
0.025022
-4.31208e-07
0.0250209
-5.07289e-07
0.0250197
-5.80411e-07
0.0250186
-6.48719e-07
0.0250175
-7.12267e-07
0.0250163
-7.71185e-07
0.0250152
-8.25532e-07
0.0250141
-8.7536e-07
0.025013
-9.20741e-07
0.0250119
-9.6177e-07
0.0250108
-9.9856e-07
0.0250097
-1.03125e-06
0.0250086
-1.05997e-06
0.0250075
-1.08491e-06
0.0250064
-1.10622e-06
0.0250053
-1.12411e-06
0.0250042
-1.13877e-06
0.0250031
-1.15041e-06
0.025002
-1.15923e-06
0.025001
-1.16546e-06
0.0249999
-1.16929e-06
0.0249988
-1.17094e-06
0.0249977
-1.1706e-06
0.0249966
-1.16848e-06
0.0249955
-1.16475e-06
0.0249944
-1.15958e-06
0.0249933
-1.15314e-06
0.0249921
-1.14561e-06
0.024991
-1.13712e-06
0.0249899
-1.12784e-06
0.0249888
-1.11791e-06
0.0249877
-1.10749e-06
0.0249865
-1.09668e-06
0.0249854
-1.08566e-06
0.0249843
-1.07449e-06
0.0249831
-1.06331e-06
0.024982
-1.05218e-06
0.0249808
-1.04122e-06
0.0249797
-1.03046e-06
0.0249785
-1.02002e-06
0.0249774
-1.0099e-06
0.0249762
-1.00024e-06
0.024975
-9.91039e-07
0.0249738
-9.82399e-07
0.0249727
-9.74309e-07
0.0249715
-9.66864e-07
0.0249703
-9.60032e-07
0.0249691
-9.539e-07
0.0249678
-9.48432e-07
0.0249666
-9.43715e-07
0.0249654
-9.39711e-07
0.0249642
-9.36501e-07
0.0249629
-9.34035e-07
0.0249617
-9.32369e-07
0.0249604
-9.31424e-07
0.0249591
-9.31224e-07
0.0249579
-9.31666e-07
0.0249566
-9.3276e-07
0.0249553
-9.34406e-07
0.024954
-9.3663e-07
0.0249527
-9.39363e-07
0.0249513
-9.42654e-07
0.02495
-9.46452e-07
0.0249487
-9.50794e-07
0.0249473
-9.55601e-07
0.024946
-9.60836e-07
0.0249446
-9.66342e-07
0.0249432
-9.71976e-07
0.0249419
-9.77496e-07
0.0249405
-9.82679e-07
0.0249391
-9.8724e-07
0.0249377
-9.90946e-07
0.0249363
-9.93527e-07
0.0249349
-9.94782e-07
0.0249335
-9.94476e-07
0.0249321
-9.92416e-07
0.0249307
-9.88342e-07
0.0249294
-9.81972e-07
0.024928
-9.7291e-07
0.0249267
-9.6066e-07
0.0249253
-9.4459e-07
0.024924
-9.23896e-07
0.0249227
-8.97661e-07
0.0249215
-8.6474e-07
0.0249203
-8.23916e-07
0.0249191
-7.73718e-07
0.024918
-7.12673e-07
0.024917
-6.3918e-07
0.024916
-5.51643e-07
0.0249152
-4.48397e-07
0.0249144
-3.3016e-07
0.0249138
-2.01967e-07
0.0249134
-8.50326e-08
-1.70993e-08
0.0249747
0.0249735
0.0249743
0.0249742
0.024974
0.0249736
0.0249732
0.0249727
0.0249721
0.0249714
0.0249707
0.0249699
0.0249691
0.0249682
0.0249673
0.0249664
0.0249654
0.0249643
0.0249633
0.0249622
0.0249611
0.02496
0.0249588
0.0249577
0.0249565
0.0249553
0.0249542
0.024953
0.0249518
0.0249507
0.0249495
0.0249483
0.0249472
0.0249461
0.0249449
0.0249438
0.0249427
0.0249416
0.0249405
0.0249394
0.0249383
0.0249373
0.0249362
0.0249352
0.0249341
0.0249331
0.0249321
0.0249311
0.0249301
0.0249291
0.0249282
0.0249272
0.0249263
0.0249253
0.0249244
0.0249234
0.0249225
0.0249215
0.0249206
0.0249197
0.0249187
0.0249178
0.0249169
0.024916
0.024915
0.0249141
0.0249132
0.0249122
0.0249113
0.0249103
0.0249094
0.0249084
0.0249074
0.0249065
0.0249055
0.0249045
0.0249035
0.0249025
0.0249015
0.0249006
0.0248996
0.0248986
0.0248976
0.0248966
0.0248956
0.0248947
0.0248937
0.0248928
0.0248919
0.024891
0.0248902
0.0248894
0.0248887
0.0248881
0.0248875
0.0248871
0.0248867
0.0248865
0.0248865
)
;

boundaryField
{
    inlet
    {
        type            calculated;
        value           uniform -0.025;
    }
    outlet
    {
        type            calculated;
        value           nonuniform List<scalar> 
40
(
0.0248859
0.0249142
0.0249428
0.0249625
0.0249793
0.0249948
0.0250082
0.0250188
0.0250262
0.0250307
0.0250325
0.0250323
0.0250305
0.0250278
0.0250246
0.0250214
0.0250185
0.0250162
0.0250145
0.0250137
0.0250138
0.0250148
0.0250165
0.025019
0.0250221
0.0250254
0.0250287
0.0250315
0.0250334
0.0250336
0.0250316
0.0250269
0.025019
0.0250078
0.0249939
0.024978
0.0249609
0.0249412
0.0249132
0.0248864
)
;
    }
    bottom
    {
        type            calculated;
        value           uniform 0;
    }
    top
    {
        type            symmetryPlane;
        value           uniform 0;
    }
    frontAndBack
    {
        type            empty;
        value           nonuniform List<scalar> 0();
    }
}


// ************************************************************************* //
