/*--------------------------------*- C++ -*----------------------------------*\
| =========                 |                                                 |
| \\      /  F ield         | OpenFOAM: The Open Source CFD Toolbox           |
|  \\    /   O peration     | Version:  2206                                  |
|   \\  /    A nd           | Website:  www.openfoam.com                      |
|    \\/     M anipulation  |                                                 |
\*---------------------------------------------------------------------------*/
FoamFile
{
    version     2.0;
    format      ascii;
    arch        "LSB;label=32;scalar=64";
    class       volScalarField;
    location    "100";
    object      p;
}
// * * * * * * * * * * * * * * * * * * * * * * * * * * * * * * * * * * * * * //

dimensions      [0 2 -2 0 0 0 0];

internalField   nonuniform List<scalar> 
10000
(
-0.0648839
-0.0982662
-0.128462
-0.152915
-0.172143
-0.185594
-0.192347
-0.191407
-0.181863
-0.162991
-0.134299
-0.0955668
-0.0468563
0.0114844
0.0788349
0.154331
0.236916
0.32544
0.418747
0.515609
0.614706
0.714772
0.814676
0.913453
1.0103
1.10459
1.19583
1.28364
1.36777
1.44807
1.52442
1.59681
1.66526
1.72984
1.79065
1.84782
1.90154
1.95198
1.99936
2.04393
2.08591
2.12559
2.16322
2.19909
2.23348
2.2667
2.29903
2.33077
2.36222
2.39368
2.42543
2.45778
2.49101
2.52541
2.56127
2.59886
2.63847
2.68034
2.72475
2.77195
2.82216
2.87562
2.93255
2.99313
3.05754
3.12595
3.19847
3.2752
3.3562
3.44149
3.53104
3.62477
3.72253
3.82413
3.9293
4.03772
4.14899
4.26269
4.37832
4.49535
4.61323
4.73136
4.84915
4.96595
5.08112
5.19395
5.30368
5.40941
5.51014
5.60461
5.69135
5.76857
5.83423
5.88618
5.92242
5.94173
5.94495
5.93749
5.92992
5.92516
-0.058218
-0.0858618
-0.11364
-0.137818
-0.157502
-0.171839
-0.179769
-0.180206
-0.172184
-0.154924
-0.127891
-0.0908138
-0.0437089
0.0131236
0.0791068
0.153417
0.235028
0.32278
0.415509
0.512008
0.610933
0.710975
0.810969
0.909924
1.00702
1.10161
1.19317
1.28134
1.36585
1.44651
1.52323
1.59597
1.66476
1.72965
1.79074
1.84817
1.9021
1.95272
2.00024
2.04489
2.08692
2.1266
2.16419
2.19998
2.23425
2.26731
2.29945
2.33097
2.36216
2.39334
2.42479
2.45681
2.48969
2.52373
2.55921
2.59641
2.6356
2.67706
2.72103
2.76777
2.81752
2.8705
2.92693
2.987
3.05089
3.11875
3.19071
3.26686
3.34728
3.43197
3.52092
3.61403
3.71117
3.81214
3.91667
4.02444
4.13505
4.24806
4.36297
4.47925
4.59631
4.71357
4.8304
4.94615
5.06017
5.17175
5.28011
5.38442
5.48368
5.57674
5.66224
5.73858
5.80397
5.85656
5.89477
5.91776
5.92653
5.92561
5.92317
5.92051
-0.0550025
-0.0762711
-0.101209
-0.125072
-0.14536
-0.1608
-0.170125
-0.172126
-0.165756
-0.150181
-0.124817
-0.0893503
-0.0437515
0.0117174
0.0765137
0.14984
0.23069
0.317903
0.410292
0.506627
0.605541
0.705664
0.805797
0.904931
1.00224
1.09706
1.18888
1.27731
1.36208
1.44302
1.52001
1.59301
1.66205
1.72716
1.78845
1.84605
1.90012
1.95083
1.99842
2.0431
2.08512
2.12476
2.16228
2.19796
2.2321
2.26499
2.29694
2.32825
2.35921
2.39013
2.4213
2.45303
2.4856
2.51931
2.55444
2.59128
2.6301
2.67117
2.71474
2.76106
2.81039
2.86293
2.91891
2.97853
3.04195
3.10935
3.18084
3.25652
3.33648
3.42072
3.50922
3.60191
3.69865
3.79924
3.90341
4.01083
4.12111
4.23379
4.34836
4.46428
4.58094
4.69774
4.81403
4.92915
5.04243
5.15315
5.26055
5.36379
5.46194
5.5539
5.63842
5.71405
5.77921
5.83232
5.87206
5.89793
5.91096
5.91458
5.91428
5.91267
-0.0541778
-0.0725644
-0.0957732
-0.120009
-0.141441
-0.158367
-0.169289
-0.172858
-0.16794
-0.153646
-0.12935
-0.0947073
-0.0496691
0.00551258
0.07029
0.143846
0.225142
0.31299
0.406148
0.503308
0.603018
0.703857
0.804601
0.90424
1.00196
1.0971
1.18918
1.27782
1.36276
1.44382
1.52091
1.59397
1.66303
1.72814
1.78939
1.8469
1.90084
1.9514
1.99878
2.04322
2.08498
2.12431
2.1615
2.19683
2.23059
2.26309
2.29464
2.32553
2.35606
2.38653
2.41725
2.44851
2.48061
2.51383
2.54847
2.5848
2.6231
2.66364
2.70667
2.75245
2.80122
2.85321
2.90863
2.96767
3.03053
3.09737
3.16831
3.24346
3.3229
3.40666
3.49472
3.587
3.68338
3.78367
3.88758
3.9948
4.10491
4.21745
4.3319
4.44769
4.56421
4.68082
4.79686
4.91167
5.02455
5.13479
5.24165
5.34433
5.44194
5.53349
5.61782
5.69363
5.7595
5.814
5.85593
5.88475
5.90109
5.90723
5.9066
5.90282
-0.0534118
-0.072003
-0.0953623
-0.121059
-0.144375
-0.163259
-0.176019
-0.181188
-0.177563
-0.164213
-0.140489
-0.10603
-0.0607873
-0.00503009
0.0606563
0.135398
0.218089
0.307486
0.402291
0.501036
0.602116
0.70408
0.805711
0.906016
1.00421
1.09968
1.19197
1.28073
1.36572
1.44677
1.5238
1.59677
1.66569
1.73063
1.79166
1.84891
1.90255
1.95276
1.99975
2.04377
2.08507
2.12393
2.16061
2.19541
2.22864
2.26059
2.29159
2.32192
2.35189
2.38181
2.41197
2.44266
2.47419
2.50685
2.54092
2.57667
2.61439
2.65434
2.69679
2.74197
2.79014
2.84152
2.89633
2.95477
3.01703
3.08327
3.15363
3.22824
3.30716
3.39044
3.47808
3.57
3.66609
3.76616
3.86993
3.97707
4.08717
4.19975
4.31426
4.43012
4.54669
4.66332
4.77931
4.89398
5.00664
5.11657
5.22306
5.32533
5.42258
5.51388
5.59822
5.67443
5.74125
5.79735
5.84157
5.87319
5.89239
5.90046
5.8995
5.89252
-0.0520095
-0.0730692
-0.0984356
-0.126694
-0.152587
-0.17381
-0.188541
-0.195245
-0.192683
-0.179907
-0.156259
-0.121382
-0.0752431
-0.0181498
0.0492466
0.125982
0.210858
0.302593
0.399762
0.50062
0.603409
0.706686
0.809276
0.910231
1.00882
1.10448
1.19681
1.28552
1.37038
1.45124
1.52804
1.60074
1.66936
1.73396
1.79462
1.85148
1.90469
1.95444
2.00092
2.04441
2.08516
2.12343
2.1595
2.19367
2.22626
2.25756
2.28789
2.31756
2.34687
2.37612
2.40561
2.43564
2.46651
2.4985
2.5319
2.56699
2.60404
2.64331
2.68508
2.72958
2.77706
2.82774
2.88186
2.93961
3.00119
3.06676
3.13648
3.21047
3.28883
3.3716
3.45879
3.55035
3.64618
3.74607
3.84977
3.95694
4.06715
4.17992
4.29467
4.41079
4.52762
4.64447
4.76063
4.87538
4.98802
5.09783
5.20412
5.30615
5.40318
5.49439
5.57886
5.65559
5.72343
5.78119
5.82768
5.86203
5.88396
5.89403
5.89345
5.88341
-0.0499487
-0.0753534
-0.104433
-0.136228
-0.165236
-0.189002
-0.205665
-0.21369
-0.211843
-0.199183
-0.175064
-0.13914
-0.0914044
-0.0322241
0.0376606
0.117172
0.20501
0.299859
0.399997
0.503291
0.607933
0.712545
0.816011
0.917451
1.01621
1.11182
1.20394
1.29233
1.3768
1.45722
1.53352
1.60568
1.67377
1.73783
1.79793
1.85424
1.9069
1.95607
2.00195
2.04482
2.08494
2.12257
2.15798
2.19147
2.22334
2.25391
2.2835
2.31241
2.34096
2.36947
2.39823
2.42754
2.45767
2.48892
2.52158
2.55593
2.59222
2.63075
2.67175
2.71549
2.76221
2.81213
2.86549
2.92248
2.9833
3.04814
3.11715
3.19046
3.26819
3.3504
3.43712
3.52831
3.62387
3.72362
3.8273
3.93458
4.04502
4.1581
4.27325
4.38982
4.50711
4.6244
4.74094
4.85599
4.96884
5.07876
5.18506
5.28706
5.38405
5.47532
5.56007
5.63743
5.70638
5.76582
5.81461
5.85172
5.87647
5.88901
5.88983
5.87774
-0.0473475
-0.0788572
-0.113228
-0.149319
-0.181714
-0.207954
-0.226262
-0.235198
-0.233567
-0.220458
-0.19525
-0.157607
-0.107555
-0.0455332
0.0276123
0.110686
0.202356
0.301067
0.404531
0.510331
0.616772
0.722562
0.826666
0.928292
1.02689
1.1221
1.21368
1.30142
1.38515
1.46474
1.54017
1.61147
1.67874
1.74203
1.80139
1.85698
1.90896
1.95747
2.00272
2.04492
2.08433
2.12122
2.15587
2.18858
2.21965
2.24942
2.27819
2.30629
2.33404
2.36174
2.3897
2.41824
2.44763
2.47815
2.51006
2.54362
2.57911
2.61683
2.65702
2.69995
2.74585
2.79495
2.84747
2.90365
2.96366
3.02771
3.09595
3.16854
3.2456
3.32721
3.41343
3.50423
3.59953
3.69917
3.8029
3.91037
4.02114
4.13469
4.25041
4.36761
4.48557
4.60352
4.72069
4.8363
4.9496
5.05988
5.16644
5.26864
5.36583
5.45737
5.54257
5.62067
5.69083
5.75203
5.80317
5.84313
5.871
5.88667
5.89007
5.87747
-0.0443797
-0.0838996
-0.125009
-0.165778
-0.2014
-0.229629
-0.248952
-0.258135
-0.256039
-0.24179
-0.214809
-0.174754
-0.121668
-0.0560748
0.0210881
0.10859
0.205051
0.308115
0.414795
0.522892
0.630861
0.737492
0.84183
0.943204
1.04121
1.1356
1.22621
1.31286
1.39538
1.47369
1.54784
1.61798
1.68426
1.74675
1.80543
1.86025
1.91132
1.95888
2.00318
2.04444
2.08294
2.11894
2.1527
2.18454
2.21477
2.2437
2.27166
2.29895
2.32588
2.35275
2.37989
2.40761
2.43622
2.46601
2.49722
2.53009
2.56483
2.60173
2.64108
2.68316
2.7282
2.77644
2.82811
2.88343
2.9426
3.00582
3.07326
3.14509
3.22144
3.30244
3.38814
3.47855
3.57362
3.67319
3.77702
3.88478
3.99601
4.11018
4.22665
4.3447
4.46356
4.58243
4.70049
4.81693
4.93097
5.04188
5.14899
5.25166
5.34929
5.44133
5.52718
5.6062
5.67767
5.74071
5.79429
5.83728
5.86865
5.88819
5.89539
5.88404
-0.0411505
-0.0911069
-0.14026
-0.185365
-0.22331
-0.252414
-0.271646
-0.280095
-0.276643
-0.260448
-0.23099
-0.187874
-0.131133
-0.0613508
0.0205936
0.113648
0.215454
0.322448
0.431848
0.541764
0.650755
0.757678
0.861685
0.962258
1.05915
1.15223
1.24138
1.32644
1.40725
1.48389
1.55668
1.62587
1.69131
1.75272
1.81015
1.86367
1.91346
1.95976
2.00284
2.04294
2.08035
2.11531
2.14807
2.17895
2.20829
2.23639
2.26355
2.29007
2.31623
2.34232
2.36865
2.39557
2.4234
2.45243
2.48293
2.51514
2.54928
2.58553
2.62412
2.66536
2.70954
2.75691
2.8077
2.86214
2.92045
2.98283
3.04945
3.1205
3.19614
3.2765
3.36169
3.45173
3.54659
3.64615
3.75017
3.85833
3.97016
4.08512
4.20254
4.32167
4.44169
4.56176
4.681
4.79856
4.91365
5.02551
5.13346
5.23689
5.33525
5.42804
5.51475
5.59487
5.66778
5.73276
5.78889
5.83508
5.87033
5.89442
5.90642
5.89803
-0.0373583
-0.100968
-0.159371
-0.207101
-0.245189
-0.273148
-0.290616
-0.297061
-0.291235
-0.272276
-0.23979
-0.193204
-0.132455
-0.0580091
0.0298692
0.128995
0.235141
0.344974
0.456234
0.567184
0.676434
0.782915
0.885906
0.985053
1.08026
1.17149
1.25864
1.34159
1.4204
1.49546
1.56716
1.63523
1.69923
1.75909
1.81489
1.86679
1.915
1.95978
2.00141
2.04015
2.07631
2.1101
2.1417
2.17151
2.19991
2.22717
2.25356
2.27936
2.30483
2.3302
2.35581
2.38202
2.40914
2.43744
2.46722
2.49874
2.53226
2.568
2.60612
2.64675
2.69015
2.73665
2.78657
2.84015
2.8976
2.95913
3.02494
3.09521
3.17013
3.24988
3.33456
3.42426
3.51895
3.61855
3.72285
3.83152
3.94411
4.06005
4.17864
4.29909
4.42054
4.54209
4.66283
4.78185
4.89832
5.01145
5.12056
5.22506
5.32443
5.41822
5.50602
5.58742
5.66192
5.72894
5.7877
5.83724
5.87664
5.90575
5.92328
5.91912
-0.0336383
-0.113277
-0.180485
-0.226608
-0.261044
-0.285061
-0.298867
-0.302252
-0.29366
-0.271662
-0.236202
-0.186289
-0.121314
-0.0407646
0.0536677
0.157042
0.265703
0.377053
0.489028
0.599918
0.708388
0.813479
0.914604
1.01158
1.10443
1.19317
1.27774
1.35824
1.4351
1.50885
1.57918
1.64545
1.70749
1.76532
1.81911
1.86904
1.91537
1.95836
1.99833
2.03556
2.07039
2.10298
2.13337
2.16201
2.18944
2.21586
2.24152
2.26669
2.29155
2.31625
2.3412
2.36683
2.39339
2.42111
2.45025
2.48108
2.51394
2.54913
2.58685
2.62716
2.67014
2.71597
2.76509
2.81786
2.87448
2.93518
3.00019
3.0697
3.14393
3.22307
3.30727
3.39665
3.49122
3.59093
3.69559
3.8049
3.9184
4.03549
4.15547
4.2775
4.40067
4.52403
4.64659
4.7674
4.88559
5.00033
5.11093
5.21681
5.31747
5.41253
5.50164
5.58448
5.66069
5.72982
5.79127
5.84422
5.88788
5.9222
5.94552
5.94642
-0.0337463
-0.139543
-0.198256
-0.233494
-0.260053
-0.278015
-0.287187
-0.287361
-0.276435
-0.251863
-0.213962
-0.160769
-0.089347
-0.00268064
0.0946805
0.199307
0.308377
0.419475
0.530519
0.639837
0.746195
0.848753
0.947015
1.04094
1.1307
1.21633
1.29802
1.37631
1.45174
1.52396
1.59214
1.65601
1.71554
1.77087
1.82218
1.86973
1.91379
1.95469
1.99271
2.02818
2.06138
2.09253
2.12175
2.14946
2.17608
2.20184
2.22697
2.25176
2.27626
2.30042
2.32481
2.35002
2.3762
2.40356
2.43223
2.46244
2.49464
2.52926
2.56648
2.60643
2.64918
2.69483
2.74353
2.7956
2.85145
2.91138
2.97561
3.04439
3.11795
3.19653
3.2803
3.36941
3.46391
3.5638
3.66892
3.77899
3.89356
4.01202
4.13362
4.2575
4.38269
4.50817
4.6329
4.75585
4.8761
4.99279
5.10521
5.21276
5.31499
5.41155
5.50216
5.58659
5.6646
5.73588
5.79998
5.85628
5.90413
5.94354
5.97259
5.97878
-0.0460384
-0.173985
-0.19839
-0.21167
-0.227828
-0.239441
-0.244594
-0.243547
-0.233234
-0.207907
-0.164815
-0.105269
-0.031471
0.0548374
0.150819
0.253629
0.360538
0.469081
0.577188
0.683266
0.786175
0.885118
0.979592
1.06973
1.156
1.23861
1.31824
1.39539
1.4693
1.53915
1.60461
1.66562
1.72223
1.77465
1.82309
1.86788
1.90932
1.94775
1.9835
2.01691
2.04825
2.07779
2.10575
2.13249
2.15833
2.18351
2.20823
2.23268
2.25693
2.28106
2.30555
2.33086
2.35716
2.38465
2.41323
2.44303
2.47475
2.5089
2.54566
2.58513
2.62743
2.67284
2.72153
2.77343
2.82876
2.88799
2.95145
3.01951
3.09245
3.17053
3.25394
3.34284
3.43737
3.53753
3.64324
3.75423
3.87006
3.99011
4.1136
4.23961
4.36713
4.49507
4.6223
4.74775
4.8704
4.98937
5.10391
5.21342
5.31747
5.41575
5.50804
5.59418
5.67406
5.74746
5.81412
5.87357
5.92533
5.96945
6.00371
6.01509
-0.00979791
-0.163505
-0.165207
-0.168048
-0.185823
-0.199725
-0.205033
-0.199809
-0.182196
-0.151637
-0.106659
-0.0467141
0.0266854
0.111666
0.205681
0.305909
0.409656
0.514565
0.618754
0.720787
0.819644
0.914557
1.00511
1.092
1.17635
1.25838
1.33752
1.41303
1.48449
1.55153
1.61401
1.67192
1.72541
1.77469
1.82009
1.86191
1.90055
1.93634
1.96968
2.00088
2.03027
2.05813
2.08475
2.11041
2.13543
2.16
2.18433
2.20855
2.23282
2.25726
2.28226
2.30807
2.33489
2.3628
2.39179
2.42206
2.45422
2.48866
2.52556
2.5649
2.60672
2.6516
2.70008
2.75216
2.80766
2.8665
2.92919
2.99643
3.0687
3.14628
3.22935
3.31807
3.41262
3.51308
3.6194
3.73136
3.84851
3.97024
4.09572
4.224
4.35401
4.48459
4.61454
4.74271
4.86801
4.98951
5.10642
5.21814
5.32424
5.42446
5.5186
5.60662
5.68843
5.76398
5.83307
5.89542
5.95068
5.99891
6.0376
6.0541
0.371678
0.268413
0.202225
0.136075
0.0731217
0.0264037
-0.00280894
-0.0164612
-0.0152005
0.000520924
0.0307052
0.0750373
0.132149
0.200249
0.277267
0.361064
0.449612
0.541166
0.634293
0.727892
0.821142
0.913563
1.0049
1.09443
1.18107
1.2643
1.34365
1.41862
1.48877
1.5539
1.61396
1.66911
1.71963
1.7659
1.80827
1.84721
1.88309
1.91636
1.94738
1.97654
2.00416
2.03057
2.05603
2.08086
2.10528
2.12953
2.15375
2.17813
2.20276
2.22785
2.2536
2.28026
2.30792
2.33671
2.36672
2.39819
2.43148
2.46686
2.50441
2.54415
2.58628
2.63144
2.68016
2.73266
2.7888
2.84802
2.91015
2.97631
3.04763
3.12449
3.20699
3.29533
3.3897
3.49028
3.59712
3.71
3.82851
3.95198
4.07957
4.21028
4.34298
4.47644
4.60937
4.74055
4.86881
4.99315
5.11275
5.22698
5.33545
5.43787
5.53416
5.62427
5.70827
5.78615
5.85791
5.92338
5.98246
6.03512
6.07824
6.10172
0.0653513
0.00143234
-0.0599224
-0.100583
-0.125389
-0.136946
-0.136589
-0.125315
-0.103187
-0.0697806
-0.0246393
0.0322998
0.100439
0.178609
0.26521
0.358341
0.455947
0.555964
0.656435
0.755617
0.852085
0.944856
1.03343
1.11757
1.19725
1.27276
1.34441
1.41236
1.47664
1.53712
1.59363
1.64603
1.69426
1.73842
1.77875
1.81561
1.84943
1.88068
1.90983
1.93731
1.96349
1.98874
2.01337
2.03765
2.06184
2.08612
2.11067
2.13562
2.1611
2.18726
2.21425
2.24223
2.27133
2.30163
2.33327
2.36645
2.40139
2.4383
2.47727
2.5184
2.56192
2.60826
2.65779
2.71078
2.76738
2.82767
2.89205
2.96053
3.03271
3.10943
3.19167
3.2797
3.37388
3.47456
3.58191
3.69575
3.81564
3.9409
4.07066
4.20387
4.33934
4.47577
4.61182
4.74615
4.87753
5.00488
5.12734
5.24425
5.35521
5.45997
5.55848
5.65077
5.73699
5.81727
5.8917
5.96031
6.02316
6.08025
6.12855
6.15864
-0.0239949
-0.0326073
-0.0496243
-0.0648607
-0.0766115
-0.0843744
-0.0864802
-0.0813738
-0.0678814
-0.0450911
-0.012389
0.0304493
0.0832104
0.145279
0.215737
0.293465
0.377231
0.465754
0.557753
0.651974
0.747218
0.842359
0.936348
1.02815
1.11678
1.20133
1.28102
1.35522
1.42354
1.4859
1.54254
1.59389
1.64053
1.68303
1.72191
1.75764
1.79063
1.82126
1.84992
1.87701
1.90291
1.92799
1.95261
1.97708
2.00166
2.02657
2.052
2.07809
2.10496
2.13275
2.16158
2.19155
2.22278
2.25534
2.28935
2.32496
2.36233
2.40162
2.44296
2.48649
2.5324
2.58096
2.63242
2.68699
2.74493
2.80665
2.87287
2.94408
3.02016
3.10006
3.18349
3.27208
3.36703
3.46874
3.57734
3.6927
3.81434
3.9416
4.07359
4.20926
4.34739
4.48665
4.62562
4.76293
4.89726
5.02745
5.15257
5.27195
5.38515
5.49197
5.59237
5.68646
5.77446
5.85659
5.93305
6.00395
6.06947
6.12963
6.18182
6.21702
-0.115561
-0.123353
-0.139045
-0.155402
-0.167851
-0.174455
-0.173917
-0.165319
-0.14813
-0.12206
-0.087011
-0.0431047
0.00927836
0.0694954
0.136684
0.209832
0.287848
0.369635
0.454149
0.540455
0.627752
0.715391
0.802842
0.889639
0.975313
1.05934
1.14109
1.21982
1.2947
1.36492
1.42981
1.48893
1.54216
1.58973
1.63217
1.67019
1.70459
1.73617
1.76562
1.79352
1.82035
1.84652
1.87237
1.8982
1.92429
1.95086
1.97809
2.00617
2.03523
2.06538
2.09676
2.12944
2.16353
2.19909
2.23622
2.27501
2.31561
2.35814
2.40273
2.44952
2.49869
2.55046
2.60504
2.66262
2.72343
2.78782
2.85634
2.92966
3.0083
3.09233
3.1811
3.27345
3.37043
3.47397
3.5845
3.70198
3.82591
3.95559
4.09014
4.22849
4.36942
4.51154
4.65339
4.79352
4.93053
5.06323
5.19061
5.31197
5.42687
5.53512
5.63673
5.73186
5.8208
5.90384
5.98124
6.05328
6.12027
6.18224
6.23703
6.27626
-0.194247
-0.197036
-0.202762
-0.208137
-0.21042
-0.208317
-0.20109
-0.188127
-0.168943
-0.143192
-0.110675
-0.0713616
-0.0254154
0.0268104
0.0847982
0.147908
0.215425
0.286599
0.36068
0.436948
0.514735
0.593435
0.672508
0.75147
0.829875
0.907314
0.983392
1.05772
1.1299
1.19951
1.2661
1.32922
1.38841
1.4433
1.49365
1.53945
1.5809
1.61846
1.65276
1.68452
1.71449
1.74335
1.77168
1.79997
1.82858
1.85779
1.88784
1.9189
1.9511
1.98457
2.01941
2.05571
2.09355
2.133
2.17413
2.21703
2.2618
2.30854
2.35737
2.40842
2.46186
2.51788
2.57669
2.63852
2.70359
2.7722
2.8447
2.92152
3.00319
3.09026
3.18327
3.2821
3.38529
3.49236
3.60536
3.72536
3.85201
3.98451
4.12198
4.2633
4.40718
4.55221
4.69685
4.83958
4.97895
5.11367
5.24272
5.36538
5.48121
5.59004
5.69193
5.78711
5.87588
5.95863
6.03576
6.10769
6.17476
6.23711
6.29317
6.33532
-0.269579
-0.270756
-0.273114
-0.275086
-0.274902
-0.271323
-0.263493
-0.250741
-0.23255
-0.20857
-0.178619
-0.14268
-0.100896
-0.0535636
-0.00110973
0.0559406
0.116997
0.181437
0.248633
0.317977
0.388902
0.460888
0.533468
0.606215
0.678739
0.750676
0.821682
0.891427
0.959593
1.02588
1.09002
1.15177
1.21094
1.26737
1.32091
1.37146
1.41896
1.46342
1.50498
1.54386
1.58047
1.61529
1.64889
1.68183
1.71466
1.74783
1.78175
1.81669
1.85289
1.89051
1.92967
1.97046
2.01297
2.05724
2.10333
2.15131
2.20127
2.25328
2.30744
2.36388
2.42273
2.48417
2.5484
2.61564
2.68616
2.76022
2.83816
2.9203
3.00696
3.09853
3.19546
3.29839
3.4078
3.52303
3.64176
3.76489
3.89434
4.02967
4.17019
4.31456
4.4614
4.60919
4.75635
4.90128
5.04245
5.17853
5.30849
5.43158
5.54742
5.65588
5.75709
5.85133
5.93898
6.02046
6.09624
6.16674
6.23242
6.29367
6.34946
6.39334
-0.343264
-0.343297
-0.343074
-0.341718
-0.338139
-0.331466
-0.321105
-0.306618
-0.287675
-0.264049
-0.235623
-0.20239
-0.164444
-0.121985
-0.0753067
-0.0247787
0.029171
0.0860825
0.145488
0.20693
0.269979
0.334234
0.399327
0.464913
0.530666
0.596275
0.66144
0.725875
0.789313
0.851514
0.912271
0.971409
1.02879
1.0843
1.13789
1.18953
1.23924
1.28706
1.33307
1.37738
1.42015
1.46157
1.50192
1.54151
1.58072
1.61993
1.65954
1.69992
1.74139
1.78422
1.82863
1.87477
1.92277
1.97269
2.02462
2.07861
2.13472
2.19302
2.25359
2.31652
2.38195
2.45002
2.52091
2.59482
2.672
2.75271
2.83724
2.9259
3.01901
3.11685
3.21972
3.32791
3.44175
3.56167
3.6883
3.81993
3.95378
4.09179
4.23514
4.38228
4.53187
4.68218
4.83147
4.97807
5.12037
5.25701
5.38694
5.50946
5.62425
5.73129
5.83078
5.92308
6.00864
6.08795
6.16148
6.2297
6.29307
6.35206
6.40606
6.45025
-0.417019
-0.416423
-0.414746
-0.411471
-0.405977
-0.397762
-0.386485
-0.371861
-0.353638
-0.331621
-0.305696
-0.275827
-0.242051
-0.204482
-0.163309
-0.118783
-0.071208
-0.0209216
0.0317179
0.0863472
0.142611
0.200173
0.258725
0.317983
0.377691
0.437602
0.497477
0.557081
0.61619
0.674593
0.732109
0.788592
0.843939
0.898086
0.95101
1.00272
1.05325
1.10267
1.15108
1.19859
1.24536
1.29155
1.33733
1.38292
1.42852
1.47437
1.52073
1.56786
1.61601
1.66545
1.71641
1.76907
1.82363
1.8802
1.93889
1.9998
2.06298
2.12853
2.1965
2.26698
2.34007
2.4159
2.4946
2.57638
2.66141
2.74995
2.84225
2.93856
3.03917
3.14434
3.25429
3.36924
3.48938
3.61485
3.74573
3.8819
4.02387
4.1695
4.31623
4.46548
4.61726
4.76954
4.92055
5.06833
5.21115
5.34757
5.47654
5.59746
5.71011
5.81461
5.9113
6.00066
6.08322
6.15951
6.23005
6.29532
6.3558
6.41199
6.46359
6.50698
-0.491721
-0.490766
-0.488201
-0.483569
-0.4765
-0.46687
-0.454647
-0.439708
-0.421882
-0.401038
-0.377104
-0.350051
-0.31989
-0.286678
-0.250521
-0.211574
-0.170031
-0.126119
-0.0800856
-0.0321915
0.0173018
0.0681408
0.120087
0.172917
0.226424
0.280418
0.334723
0.389177
0.443623
0.49791
0.551894
0.605449
0.658474
0.710907
0.762727
0.813954
0.864647
0.914889
0.964786
1.01446
1.06405
1.11371
1.1636
1.2139
1.2648
1.31647
1.3691
1.42289
1.478
1.53463
1.59294
1.6531
1.71525
1.77953
1.84604
1.9149
1.98618
2.05997
2.13634
2.21537
2.29714
2.38176
2.46935
2.56005
2.65404
2.75149
2.85261
2.95762
3.06672
3.18012
3.298
3.42052
3.54776
3.67976
3.81646
3.9577
4.10326
4.25263
4.40575
4.56049
4.71445
4.86788
5.01995
5.16835
5.31121
5.44691
5.57432
5.69288
5.80254
5.9036
5.99659
6.08214
6.1609
6.23348
6.30043
6.36226
6.41945
6.47254
6.52143
6.56355
-0.567901
-0.566877
-0.563967
-0.558395
-0.549959
-0.539128
-0.526296
-0.511467
-0.494505
-0.475325
-0.453877
-0.430108
-0.403967
-0.375429
-0.344504
-0.311242
-0.27573
-0.238087
-0.198466
-0.157041
-0.114
-0.0695273
-0.0237998
0.0230169
0.0707663
0.119299
0.168475
0.218164
0.268247
0.318622
0.369197
0.419895
0.470647
0.521399
0.572123
0.622821
0.673535
0.724342
0.775356
0.82671
0.878555
0.931047
0.984349
1.03863
1.09405
1.15078
1.209
1.26886
1.33051
1.39411
1.45978
1.52765
1.59783
1.67042
1.7455
1.82314
1.90343
1.98641
2.07216
2.16072
2.25217
2.34658
2.44404
2.54466
2.64857
2.75589
2.86678
2.98137
3.09982
3.22226
3.34879
3.47949
3.61438
3.75342
3.89647
4.04329
4.19353
4.34668
4.50199
4.65862
4.8161
4.97249
5.12509
5.27297
5.41505
5.5495
5.67496
5.79087
5.89726
5.99457
6.08351
6.16487
6.23946
6.30796
6.371
6.42912
6.48282
6.53268
6.57878
6.61935
-0.645696
-0.645099
-0.642533
-0.636025
-0.625763
-0.613376
-0.599713
-0.584712
-0.568218
-0.550244
-0.530806
-0.509844
-0.487262
-0.46297
-0.4369
-0.409006
-0.379273
-0.347722
-0.314411
-0.279432
-0.242898
-0.204921
-0.165604
-0.125039
-0.0833188
-0.040533
0.00322955
0.0478839
0.0933491
0.139552
0.186432
0.233942
0.282052
0.330747
0.380023
0.429887
0.480364
0.531506
0.583393
0.636139
0.689885
0.744793
0.801033
0.85878
0.918207
0.97948
1.04276
1.1082
1.17595
1.24613
1.31888
1.39428
1.47244
1.55342
1.63729
1.72409
1.81387
1.90664
2.00243
2.10127
2.20318
2.30819
2.41636
2.52774
2.6424
2.7604
2.88183
3.00676
3.13525
3.26736
3.40311
3.5425
3.68546
3.83189
3.98157
4.13421
4.28939
4.44656
4.60499
4.76383
4.92193
5.07785
5.23056
5.37845
5.51906
5.65089
5.77331
5.886
5.98896
6.08258
6.16765
6.24512
6.31583
6.38052
6.43984
6.49438
6.54471
6.59143
6.63482
6.67374
-0.724674
-0.726059
-0.725468
-0.717495
-0.704363
-0.690383
-0.676613
-0.662373
-0.647346
-0.63163
-0.615246
-0.598047
-0.579839
-0.56044
-0.539686
-0.517434
-0.49357
-0.468026
-0.440785
-0.411888
-0.381406
-0.349402
-0.315917
-0.280989
-0.24466
-0.206982
-0.168006
-0.127784
-0.0863714
-0.0438191
-0.000170867
0.0445419
0.090304
0.137116
0.184996
0.233978
0.28411
0.335452
0.388078
0.442082
0.49758
0.55471
0.613633
0.674525
0.737572
0.802955
0.870854
0.941432
1.01484
1.09122
1.17069
1.25335
1.33928
1.42854
1.52117
1.6172
1.71664
1.81947
1.92567
2.03523
2.14811
2.2643
2.38379
2.50655
2.63259
2.7619
2.89448
3.03032
3.16938
3.31164
3.45703
3.60545
3.75678
3.91082
4.06729
4.22585
4.38604
4.54728
4.70885
4.86988
5.02927
5.18568
5.33762
5.48323
5.62099
5.74987
5.86889
5.97753
6.07595
6.16507
6.24598
6.31965
6.3869
6.44836
6.50462
6.55624
6.60376
6.64781
6.68886
6.72635
-0.802379
-0.81031
-0.814374
-0.801942
-0.782364
-0.764461
-0.748476
-0.732765
-0.717175
-0.702096
-0.687554
-0.673284
-0.658965
-0.644295
-0.628971
-0.612706
-0.595235
-0.57636
-0.555966
-0.534046
-0.510634
-0.485725
-0.459252
-0.431152
-0.40138
-0.369923
-0.336766
-0.301918
-0.265392
-0.227219
-0.187418
-0.146015
-0.103013
-0.0584152
-0.0122016
0.0356514
0.0851965
0.136488
0.18961
0.244645
0.301705
0.360903
0.422386
0.486301
0.552826
0.622129
0.694397
0.769799
0.848509
0.930676
1.01644
1.10592
1.1992
1.29634
1.39738
1.50233
1.61118
1.72388
1.84037
1.9606
2.08448
2.21193
2.34287
2.47721
2.61487
2.75575
2.89975
3.04677
3.19668
3.34934
3.50459
3.66226
3.82212
3.98389
4.14725
4.3118
4.47703
4.64235
4.80707
4.9703
5.13098
5.28784
5.43936
5.58386
5.71976
5.84572
5.96085
6.06503
6.15889
6.24353
6.32003
6.38944
6.45269
6.51066
6.56402
6.61325
6.65867
6.70078
6.7401
6.77649
-0.872658
-0.908226
-0.916741
-0.892474
-0.867847
-0.851703
-0.838136
-0.82419
-0.810687
-0.798443
-0.787366
-0.777038
-0.767088
-0.757163
-0.746893
-0.735882
-0.723753
-0.710181
-0.694982
-0.67819
-0.659918
-0.640126
-0.618687
-0.595486
-0.570455
-0.543531
-0.514672
-0.483846
-0.451055
-0.416304
-0.379604
-0.340947
-0.300323
-0.257708
-0.213076
-0.166379
-0.117566
-0.0665571
-0.0132718
0.0424001
0.100571
0.16138
0.224965
0.291489
0.361111
0.434013
0.510367
0.590364
0.674173
0.761967
0.853888
0.95007
1.0506
1.15556
1.26496
1.37881
1.49707
1.61967
1.74652
1.87751
2.0125
2.15136
2.29391
2.44001
2.58947
2.74211
2.89772
3.05609
3.21698
3.38016
3.54536
3.71231
3.8807
4.05019
4.22038
4.39081
4.56097
4.73024
4.89793
5.06316
5.22494
5.382
5.5329
5.67606
5.80998
5.93341
6.04565
6.14668
6.23712
6.31797
6.39044
6.45575
6.51514
6.56964
6.61995
6.66647
6.70966
6.75005
6.78809
6.82391
-0.891439
-1.05152
-1.03994
-0.962667
-0.916933
-0.896779
-0.880412
-0.863759
-0.849766
-0.839571
-0.832448
-0.827482
-0.824011
-0.821463
-0.819249
-0.816765
-0.813435
-0.808744
-0.802392
-0.794589
-0.785539
-0.774909
-0.762306
-0.747489
-0.730329
-0.710692
-0.688473
-0.663585
-0.636027
-0.605815
-0.57298
-0.537523
-0.499467
-0.458808
-0.415563
-0.369708
-0.321237
-0.270097
-0.216246
-0.159594
-0.10006
-0.0375143
0.0281617
0.0971344
0.169558
0.245632
0.325536
0.409483
0.497654
0.590248
0.687423
0.789337
0.8961
1.0078
1.12447
1.24612
1.3727
1.50412
1.64027
1.78101
1.92614
2.07547
2.22878
2.38583
2.54635
2.71008
2.87669
3.04589
3.21732
3.39064
3.56549
3.74149
3.91825
4.09533
4.27227
4.44856
4.62362
4.79682
4.96745
5.13466
5.29746
5.45469
5.60502
5.74703
5.87941
6.00111
6.11163
6.21099
6.29979
6.37899
6.44976
6.5133
6.57077
6.62308
6.67102
6.71531
6.75667
6.79552
6.83222
6.86707
-0.770342
-1.56149
-1.49192
-1.30469
-1.2333
-1.21518
-1.19528
-1.17031
-1.14895
-1.13394
-1.12417
-1.11842
-1.1159
-1.11587
-1.11738
-1.11926
-1.12006
-1.11786
-1.1124
-1.10629
-1.10112
-1.09618
-1.09047
-1.08354
-1.07511
-1.06496
-1.05278
-1.03835
-1.02149
-1.0021
-0.979933
-0.954809
-0.926508
-0.8949
-0.859795
-0.821081
-0.778577
-0.732187
-0.681737
-0.627132
-0.568192
-0.504811
-0.436793
-0.364012
-0.286255
-0.203382
-0.115175
-0.0214935
0.0778651
0.183018
0.294133
0.411287
0.534596
0.66408
0.799781
0.941639
1.08959
1.24348
1.40313
1.56826
1.7386
1.91378
2.09342
2.27707
2.46428
2.6545
2.84721
3.04183
3.23776
3.43439
3.63111
3.82732
4.02241
4.21578
4.4068
4.59487
4.77935
4.95963
5.13502
5.30484
5.46831
5.62464
5.77288
5.91212
6.0414
6.16002
6.26747
6.36374
6.44919
6.52464
6.59112
6.64991
6.70217
6.7491
6.79164
6.83073
6.86711
6.90177
6.93572
6.96954
-0.537631
-1.09267
-1.05199
-0.937375
-0.905088
-0.908653
-0.910004
-0.90705
-0.905569
-0.907388
-0.912044
-0.919192
-0.928948
-0.94162
-0.95757
-0.977305
-1.00151
-1.03133
-1.06601
-1.10149
-1.13442
-1.16426
-1.19105
-1.21447
-1.23393
-1.24877
-1.25811
-1.26212
-1.26194
-1.25821
-1.25088
-1.23991
-1.22532
-1.20715
-1.18538
-1.15998
-1.13082
-1.09778
-1.06063
-1.01916
-0.973035
-0.921948
-0.865485
-0.803264
-0.734827
-0.659762
-0.57761
-0.48798
-0.390459
-0.284718
-0.17043
-0.0473659
0.0846773
0.225796
0.376037
0.535328
0.703526
0.880367
1.0655
1.25847
1.45872
1.66561
1.87843
2.09635
2.31853
2.54402
2.77187
3.00108
3.23063
3.45953
3.68678
3.91145
4.13263
4.34945
4.56111
4.76684
4.96592
5.15769
5.34152
5.51682
5.68298
5.83947
5.98567
6.12107
6.24513
6.35752
6.45806
6.54697
6.62475
6.69233
6.75081
6.80152
6.84569
6.88459
6.91922
6.95054
6.97929
7.00636
7.03268
7.05874
-0.539071
-1.1083
-1.09587
-1.00458
-0.989252
-1.00713
-1.02202
-1.03185
-1.04214
-1.05468
-1.06899
-1.08453
-1.1011
-1.11848
-1.13636
-1.15438
-1.17209
-1.18898
-1.20441
-1.21796
-1.22973
-1.24015
-1.24967
-1.25874
-1.26789
-1.27783
-1.28946
-1.30268
-1.31616
-1.32895
-1.3405
-1.35035
-1.35796
-1.36281
-1.36435
-1.36209
-1.35559
-1.34448
-1.32839
-1.30704
-1.28013
-1.24739
-1.20853
-1.16323
-1.11116
-1.05193
-0.985115
-0.910242
-0.826806
-0.734294
-0.632186
-0.519994
-0.397283
-0.263691
-0.118962
0.0370507
0.204347
0.382791
0.572085
0.771788
0.981296
1.19987
1.42664
1.66059
1.90063
2.14557
2.39413
2.64503
2.89695
3.14858
3.39864
3.64592
3.88926
4.12757
4.35986
4.58523
4.80285
5.01201
5.21204
5.4024
5.58252
5.75195
5.91018
6.05676
6.19124
6.31335
6.42293
6.52022
6.60569
6.68024
6.74491
6.80097
6.84963
6.89208
6.92931
6.96226
6.99164
7.01829
7.0431
7.06651
-0.466821
-0.955061
-0.939175
-0.859171
-0.849267
-0.870732
-0.891154
-0.908483
-0.927305
-0.948839
-0.972429
-0.997552
-1.02405
-1.05184
-1.08078
-1.11069
-1.14137
-1.17257
-1.20398
-1.23523
-1.26586
-1.29543
-1.32349
-1.34968
-1.37362
-1.39499
-1.41348
-1.42873
-1.44054
-1.44897
-1.45455
-1.45801
-1.45953
-1.45915
-1.45687
-1.45272
-1.44665
-1.43856
-1.42823
-1.41536
-1.39951
-1.38015
-1.35662
-1.32821
-1.29415
-1.25362
-1.20583
-1.14999
-1.08533
-1.0111
-0.926584
-0.831096
-0.724009
-0.604729
-0.472785
-0.327785
-0.169518
0.00209176
0.186892
0.384563
0.594534
0.816064
1.04818
1.28976
1.5395
1.796
2.05771
2.32309
2.59052
2.85842
3.12524
3.38952
3.64984
3.90493
4.1536
4.39481
4.62761
4.85119
5.06483
5.26793
5.45993
5.64035
5.80867
5.96446
6.10729
6.23694
6.35336
6.45686
6.54802
6.6278
6.69728
6.75769
6.81018
6.85592
6.89582
6.93082
6.96157
6.9889
7.01365
7.03633
-0.408307
-0.840559
-0.837154
-0.781825
-0.791157
-0.829495
-0.867646
-0.903703
-0.941422
-0.98153
-1.02324
-1.0659
-1.10909
-1.15242
-1.19546
-1.23775
-1.27888
-1.31846
-1.35612
-1.39156
-1.42451
-1.45479
-1.48226
-1.50686
-1.52856
-1.54736
-1.5633
-1.57639
-1.58659
-1.59402
-1.59924
-1.60264
-1.60402
-1.60327
-1.60029
-1.59504
-1.58742
-1.57739
-1.56483
-1.54964
-1.53168
-1.51074
-1.4866
-1.45892
-1.42728
-1.39114
-1.34985
-1.30262
-1.24855
-1.18661
-1.11578
-1.03493
-0.943051
-0.839105
-0.722224
-0.591613
-0.446696
-0.287048
-0.112532
0.0767784
0.280481
0.497942
0.728207
0.970118
1.22225
1.48306
1.75081
2.02373
2.29998
2.57774
2.85523
3.13076
3.40272
3.66963
3.93016
4.18311
4.42741
4.66215
4.88652
5.09984
5.30145
5.49079
5.66729
5.83051
5.98005
6.11582
6.23793
6.34692
6.44349
6.52869
6.60358
6.66934
6.72702
6.77766
6.82209
6.86116
6.89547
6.9258
6.95286
6.97715
-0.31255
-0.656819
-0.669079
-0.645651
-0.675145
-0.727207
-0.779949
-0.832694
-0.88777
-0.944991
-1.00331
-1.06187
-1.12006
-1.17733
-1.23317
-1.28717
-1.33894
-1.38815
-1.4345
-1.47774
-1.51763
-1.554
-1.58668
-1.61557
-1.64056
-1.66163
-1.67868
-1.69159
-1.70048
-1.70678
-1.71105
-1.71251
-1.71105
-1.7068
-1.6999
-1.69047
-1.67861
-1.66441
-1.64793
-1.62918
-1.60813
-1.58467
-1.55864
-1.52978
-1.49778
-1.4622
-1.42254
-1.37813
-1.32826
-1.27201
-1.20843
-1.13637
-1.05467
-0.962058
-0.857348
-0.739344
-0.60706
-0.459643
-0.296575
-0.117585
0.0771811
0.287277
0.51184
0.749741
0.99951
1.25951
1.52786
1.80267
2.08189
2.36357
2.64575
2.92657
3.20429
3.4773
3.74414
4.00351
4.25425
4.49536
4.72591
4.94512
5.15224
5.3466
5.52761
5.69488
5.84815
5.98756
6.11342
6.22643
6.32741
6.41737
6.49732
6.56831
6.63123
6.68702
6.73638
6.7801
6.81871
6.85294
6.88338
6.91048
-0.201298
-0.462581
-0.504053
-0.526461
-0.584954
-0.658287
-0.733049
-0.807961
-0.883355
-0.958605
-1.03293
-1.10569
-1.17644
-1.24475
-1.31025
-1.37261
-1.43152
-1.4867
-1.5379
-1.58492
-1.62759
-1.66575
-1.69932
-1.72825
-1.75251
-1.77201
-1.78658
-1.7967
-1.80431
-1.8097
-1.8115
-1.80962
-1.80432
-1.79583
-1.78433
-1.77002
-1.75308
-1.73364
-1.71185
-1.68779
-1.66152
-1.63301
-1.60222
-1.569
-1.53317
-1.4944
-1.45232
-1.4064
-1.35604
-1.30045
-1.23877
-1.16992
-1.09273
-1.00588
-0.907973
-0.79756
-0.673294
-0.533967
-0.378697
-0.206913
-0.0185598
0.186038
0.406059
0.640356
0.887394
1.14544
1.41253
1.68664
1.96563
2.24746
2.53008
2.81159
3.09018
3.3642
3.63212
3.89262
4.14442
4.38643
4.61763
4.83716
5.04424
5.23829
5.41882
5.58565
5.73876
5.87851
6.00536
6.1201
6.22352
6.31656
6.40006
6.47495
6.54197
6.60192
6.65543
6.70318
6.74567
6.78353
6.81726
6.84723
-0.0884396
-0.262346
-0.352325
-0.425264
-0.508648
-0.597798
-0.687308
-0.775619
-0.862414
-0.947395
-1.03027
-1.11073
-1.18849
-1.26321
-1.33459
-1.4023
-1.46602
-1.52546
-1.58035
-1.63046
-1.67558
-1.71557
-1.75032
-1.77978
-1.80375
-1.82203
-1.83529
-1.84574
-1.85345
-1.85695
-1.85623
-1.85161
-1.84337
-1.83178
-1.81706
-1.79945
-1.77915
-1.75634
-1.73118
-1.70379
-1.67424
-1.64256
-1.60873
-1.57264
-1.53415
-1.493
-1.44886
-1.40125
-1.3496
-1.29313
-1.23096
-1.16195
-1.08491
-0.998397
-0.900955
-0.791044
-0.667283
-0.528404
-0.373562
-0.202206
-0.0142871
0.189857
0.40936
0.64304
0.889311
1.14641
1.41234
1.68506
1.96241
2.24234
2.52275
2.80172
3.07737
3.34802
3.6121
3.86823
4.11515
4.35185
4.5774
4.79106
4.99222
5.1805
5.35563
5.51768
5.66681
5.80352
5.92836
6.04211
6.14548
6.23933
6.32434
6.40123
6.47059
6.53312
6.58935
6.63991
6.68524
6.72588
6.76219
6.79447
-0.0270947
-0.118806
-0.232166
-0.337975
-0.439085
-0.537893
-0.634636
-0.729171
-0.821475
-0.911483
-0.99909
-1.08405
-1.1661
-1.24487
-1.32003
-1.3912
-1.45805
-1.52023
-1.57745
-1.62944
-1.676
-1.71699
-1.75234
-1.78184
-1.80522
-1.82294
-1.83711
-1.84793
-1.85404
-1.85555
-1.85281
-1.84612
-1.83576
-1.82197
-1.80501
-1.78509
-1.76242
-1.73718
-1.70951
-1.6795
-1.64722
-1.61265
-1.57577
-1.53644
-1.49451
-1.4497
-1.40169
-1.35
-1.29406
-1.23313
-1.16638
-1.09276
-1.01111
-0.92007
-0.818206
-0.703984
-0.576056
-0.433211
-0.274691
-0.100098
0.0904429
0.296433
0.516875
0.750503
0.995687
1.25067
1.51349
1.78218
2.05469
2.32907
2.60338
2.87581
3.14458
3.40813
3.6649
3.9135
4.15259
4.38108
4.59805
4.80296
4.99536
5.17514
5.34228
5.49709
5.63992
5.77136
5.89195
6.00243
6.10337
6.19552
6.27952
6.35603
6.42548
6.48848
6.54551
6.59711
6.64368
6.68568
6.72336
6.75691
-0.0399802
-0.115831
-0.212336
-0.308921
-0.402378
-0.493926
-0.584433
-0.674035
-0.762622
-0.849898
-0.935537
-1.01911
-1.10021
-1.17836
-1.25316
-1.32417
-1.391
-1.45325
-1.51059
-1.56275
-1.60956
-1.65089
-1.68653
-1.7161
-1.7397
-1.7586
-1.77331
-1.78319
-1.78825
-1.78877
-1.785
-1.77717
-1.76552
-1.75026
-1.73162
-1.70978
-1.68493
-1.65717
-1.62664
-1.59336
-1.55735
-1.51854
-1.47686
-1.43212
-1.38415
-1.33265
-1.27729
-1.21756
-1.15291
-1.08254
-1.00562
-0.921058
-0.827771
-0.724505
-0.610092
-0.483362
-0.343418
-0.189534
-0.0214189
0.160946
0.35712
0.566408
0.787711
1.01977
1.26102
1.50985
1.76444
2.02306
2.28384
2.54508
2.80505
3.06221
3.31501
3.56213
3.80225
4.03426
4.25709
4.46993
4.67206
4.86307
5.04263
5.21076
5.36751
5.51323
5.64822
5.77301
5.88806
5.99394
6.09115
6.18024
6.26172
6.33622
6.40421
6.46621
6.52264
6.57398
6.62056
6.66274
6.70061
6.73422
-0.051349
-0.127388
-0.201086
-0.278077
-0.356883
-0.436839
-0.517644
-0.598857
-0.680023
-0.760618
-0.840164
-0.91814
-0.99409
-1.06753
-1.13804
-1.20514
-1.26842
-1.32747
-1.38203
-1.43191
-1.47696
-1.51682
-1.55103
-1.57945
-1.60282
-1.62211
-1.63689
-1.6464
-1.65089
-1.65056
-1.64567
-1.63641
-1.62301
-1.60565
-1.58454
-1.55983
-1.53169
-1.5002
-1.46543
-1.42737
-1.38598
-1.34112
-1.29265
-1.24031
-1.18384
-1.12281
-1.05682
-0.985274
-0.907582
-0.822981
-0.730734
-0.629982
-0.519962
-0.399855
-0.269035
-0.126904
0.0268424
0.1924
0.369607
0.558162
0.757405
0.966566
1.18457
1.41027
1.64231
1.87932
2.11978
2.36223
2.60513
2.84709
3.08665
3.32258
3.55362
3.77874
3.9969
4.20734
4.40928
4.60221
4.78565
4.95938
5.1232
5.27717
5.42137
5.55605
5.68147
5.79802
5.90603
6.00598
6.09823
6.18325
6.26144
6.33328
6.39914
6.45948
6.51463
6.565
6.61083
6.65242
6.68971
6.72252
-0.0483939
-0.112459
-0.174651
-0.240279
-0.30795
-0.376945
-0.446865
-0.517237
-0.587631
-0.657573
-0.726654
-0.794431
-0.860511
-0.924453
-0.985853
-1.04429
-1.09944
-1.15108
-1.19905
-1.24311
-1.28287
-1.31782
-1.34789
-1.37368
-1.3961
-1.41463
-1.42804
-1.43602
-1.43879
-1.43654
-1.42947
-1.41774
-1.40152
-1.38094
-1.35615
-1.32724
-1.29428
-1.2573
-1.2163
-1.17118
-1.12185
-1.06812
-1.00979
-0.946557
-0.878164
-0.804217
-0.724379
-0.638174
-0.545197
-0.444911
-0.336886
-0.220592
-0.0956622
0.0383217
0.181552
0.334223
0.496253
0.667529
0.847635
1.03612
1.23226
1.43529
1.64424
1.85814
2.07583
2.29624
2.51813
2.74039
2.96179
3.18127
3.3977
3.61014
3.81763
4.01942
4.21474
4.40304
4.58379
4.75667
4.92135
5.07771
5.22564
5.36521
5.49645
5.61958
5.73477
5.84231
5.94246
6.03557
6.12192
6.20189
6.27579
6.344
6.40682
6.4646
6.5176
6.56614
6.61041
6.65061
6.68659
6.71801
-0.0440537
-0.0983953
-0.151482
-0.206938
-0.263733
-0.321369
-0.379549
-0.437905
-0.496117
-0.553814
-0.610673
-0.666315
-0.720397
-0.772534
-0.822423
-0.869785
-0.914452
-0.956218
-0.994834
-1.02987
-1.06095
-1.08797
-1.11141
-1.13187
-1.14914
-1.16202
-1.16981
-1.17252
-1.17024
-1.16302
-1.15096
-1.13409
-1.11252
-1.08625
-1.05537
-1.01986
-0.979761
-0.935013
-0.885607
-0.831413
-0.772359
-0.708243
-0.638931
-0.564159
-0.483751
-0.397405
-0.304928
-0.206004
-0.10045
0.012038
0.1316
0.258481
0.392735
0.534493
0.683662
0.840206
1.00383
1.1743
1.3511
1.53377
1.72159
1.91393
2.10991
2.30876
2.50953
2.71139
2.91334
3.11457
3.31412
3.51123
3.70504
3.89487
4.08001
4.25992
4.43403
4.60198
4.76335
4.91793
5.06548
5.20594
5.3392
5.46532
5.58434
5.69642
5.80166
5.9003
5.99252
6.07859
6.15874
6.23326
6.30239
6.36642
6.42559
6.48017
6.53034
6.57635
6.61833
6.65644
6.69048
6.72001
-0.038215
-0.0836778
-0.128314
-0.174342
-0.221011
-0.267985
-0.315061
-0.361972
-0.408485
-0.454301
-0.499158
-0.542736
-0.584776
-0.625003
-0.663235
-0.699265
-0.732908
-0.763855
-0.791782
-0.816371
-0.837589
-0.855657
-0.870898
-0.883064
-0.891366
-0.895202
-0.894484
-0.889114
-0.879079
-0.864313
-0.844829
-0.820571
-0.791562
-0.757743
-0.719133
-0.675657
-0.627325
-0.574039
-0.51579
-0.452451
-0.38399
-0.310248
-0.231172
-0.146575
-0.0563958
0.0395642
0.141354
0.249157
0.362985
0.482977
0.609079
0.741358
0.879667
1.02397
1.17401
1.32963
1.49043
1.65612
1.82618
2.00017
2.17746
2.35752
2.5396
2.72311
2.90728
3.09146
3.27488
3.45693
3.63687
3.81414
3.98808
4.15821
4.32398
4.48502
4.64088
4.7913
4.93598
5.07477
5.20748
5.33405
5.45443
5.56865
5.67673
5.77879
5.87492
5.96529
6.05005
6.12939
6.2035
6.27259
6.33687
6.39653
6.45177
6.50278
6.5497
6.5927
6.6319
6.66744
6.69912
6.72651
-0.0318276
-0.0689335
-0.105523
-0.142826
-0.180317
-0.217746
-0.254954
-0.291714
-0.327833
-0.363055
-0.397175
-0.429949
-0.461204
-0.490733
-0.518379
-0.5439
-0.567062
-0.587558
-0.605203
-0.619901
-0.63176
-0.640803
-0.646808
-0.649225
-0.647726
-0.642112
-0.632289
-0.618107
-0.599512
-0.576381
-0.548688
-0.516325
-0.479284
-0.437461
-0.39086
-0.339373
-0.28301
-0.221659
-0.155331
-0.0839081
-0.00740861
0.0742904
0.161162
0.253327
0.350742
0.453518
0.561584
0.675021
0.793715
0.917702
1.04681
1.18099
1.32002
1.46376
1.61188
1.76418
1.92023
2.07973
2.24216
2.40717
2.57416
2.7427
2.91216
3.08208
3.25181
3.42086
3.58862
3.75462
3.91829
4.07919
4.23681
4.39081
4.54075
4.68634
4.82727
4.96332
5.09428
5.22001
5.34038
5.45536
5.56488
5.66899
5.76769
5.86108
5.94922
6.03225
6.11028
6.18346
6.25193
6.31586
6.37539
6.43069
6.48189
6.52913
6.57254
6.61225
6.6484
6.68114
6.71032
6.73558
-0.0255554
-0.0550162
-0.0842376
-0.113723
-0.143105
-0.172172
-0.20078
-0.228724
-0.255844
-0.281927
-0.306823
-0.330335
-0.35232
-0.372571
-0.390913
-0.407091
-0.420919
-0.432195
-0.440859
-0.446841
-0.450096
-0.45034
-0.447268
-0.440596
-0.430201
-0.415895
-0.397591
-0.375121
-0.348428
-0.317364
-0.281896
-0.241891
-0.197338
-0.148115
-0.0942299
-0.0355667
0.0278498
0.0961294
0.16923
0.247255
0.330141
0.41798
0.510685
0.608331
0.710801
0.818143
0.930203
1.047
1.16833
1.29416
1.42424
1.5585
1.69661
1.83843
1.98358
2.13186
2.28283
2.43621
2.59152
2.74844
2.90644
3.06516
3.22406
3.38276
3.54071
3.69754
3.85273
4.00592
4.15664
4.30456
4.44927
4.5905
4.7279
4.86126
4.99032
5.11493
5.23489
5.35012
5.46052
5.56604
5.66666
5.76238
5.85323
5.93927
6.02056
6.0972
6.16928
6.2369
6.3002
6.35928
6.41427
6.4653
6.51249
6.55596
6.59583
6.63225
6.6654
6.69544
6.72229
6.7457
-0.0202847
-0.0434426
-0.066508
-0.0895192
-0.112221
-0.134424
-0.156003
-0.176774
-0.196607
-0.215319
-0.232782
-0.248806
-0.263248
-0.275893
-0.286583
-0.295107
-0.301348
-0.305158
-0.306468
-0.305105
-0.300895
-0.29355
-0.282909
-0.268774
-0.251044
-0.229536
-0.204172
-0.174783
-0.141315
-0.103615
-0.0616535
-0.0152899
0.0354791
0.090782
0.150598
0.215042
0.284069
0.357782
0.436108
0.519135
0.606764
0.699061
0.795895
0.89731
1.00314
1.1134
1.22787
1.34655
1.46917
1.59567
1.72575
1.85931
1.996
2.13566
2.2779
2.42252
2.56908
2.71733
2.86681
3.01725
3.16816
3.31923
3.46998
3.6201
3.76911
3.9167
4.06244
4.20602
4.34706
4.48528
4.62035
4.75203
4.88006
5.00425
5.12439
5.24035
5.35199
5.45922
5.56195
5.66017
5.75382
5.84294
5.92752
6.00762
6.08328
6.15459
6.22162
6.28445
6.3432
6.39797
6.44887
6.49601
6.53954
6.57959
6.61629
6.64982
6.68038
6.70815
6.7331
6.75509
-0.0162583
-0.0343941
-0.0524682
-0.0703068
-0.0877165
-0.104524
-0.120617
-0.135824
-0.150029
-0.163055
-0.174778
-0.185003
-0.193592
-0.200344
-0.205132
-0.207779
-0.208193
-0.206207
-0.201703
-0.194451
-0.184284
-0.170979
-0.154433
-0.134456
-0.110962
-0.0837707
-0.0528169
-0.0179309
0.0209299
0.0639221
0.111064
0.162497
0.218215
0.278344
0.34285
0.411844
0.485262
0.563196
0.645553
0.732404
0.823622
0.919257
1.01914
1.12331
1.23154
1.34384
1.45997
1.57987
1.70326
1.83007
1.95997
2.09284
2.22832
2.36623
2.5062
2.64801
2.79125
2.93568
3.08086
3.22654
3.37227
3.51778
3.66263
3.80654
3.9491
4.09002
4.22893
4.36557
4.49959
4.63077
4.75881
4.88351
5.00464
5.12205
5.23554
5.345
5.45032
5.55141
5.6482
5.74067
5.82879
5.91255
5.99198
6.06712
6.13802
6.20473
6.26735
6.32596
6.38067
6.43158
6.47883
6.52255
6.56288
6.59998
6.63402
6.66516
6.69362
6.71957
6.74303
6.76396
-0.0137931
-0.0285019
-0.0430371
-0.0572966
-0.0710911
-0.084248
-0.0966547
-0.108142
-0.118594
-0.127832
-0.135734
-0.14211
-0.146832
-0.149711
-0.150629
-0.149409
-0.145948
-0.140059
-0.131618
-0.120409
-0.106308
-0.0891178
-0.0687425
-0.044995
-0.0177964
0.0130323
0.0475501
0.0859258
0.128196
0.174516
0.224898
0.279483
0.338257
0.401344
0.4687
0.540432
0.616465
0.696886
0.781584
0.870626
0.963865
1.06134
1.16287
1.26847
1.37791
1.49118
1.60801
1.72835
1.8519
1.97857
2.10803
2.24015
2.37456
2.51109
2.64936
2.78917
2.93011
3.07196
3.21428
3.35685
3.49923
3.64118
3.78227
3.92227
4.06077
4.19752
4.33218
4.4645
4.59417
4.72098
4.84466
4.96503
5.08187
5.19504
5.30436
5.40974
5.51105
5.60823
5.70121
5.78995
5.87445
5.9547
6.03072
6.10255
6.17026
6.23389
6.29356
6.34935
6.40138
6.44977
6.49467
6.53621
6.57455
6.60986
6.6423
6.67206
6.69931
6.72423
6.74688
6.7673
-0.0124597
-0.0254375
-0.0380698
-0.0504492
-0.062379
-0.0736653
-0.084203
-0.0938059
-0.102367
-0.109695
-0.115682
-0.12013
-0.12293
-0.123882
-0.122879
-0.119716
-0.114291
-0.106396
-0.0959352
-0.0826978
-0.0665934
-0.0474098
-0.0250695
0.00063453
0.0297611
0.06251
0.0989181
0.139176
0.183297
0.23146
0.28365
0.340035
0.400568
0.465403
0.534461
0.607878
0.685542
0.767566
0.853804
0.944347
1.03901
1.13785
1.24066
1.34746
1.45799
1.57226
1.68996
1.81106
1.93523
2.06239
2.19218
2.32448
2.4589
2.59531
2.73326
2.87261
3.0129
3.15395
3.2953
3.43675
3.57786
3.71839
3.85793
3.99625
4.13295
4.26781
4.40046
4.5307
4.6582
4.78279
4.90418
5.02222
5.13668
5.24745
5.35435
5.45728
5.55615
5.65088
5.74141
5.82772
5.9098
5.98766
6.06133
6.13085
6.19629
6.25773
6.31528
6.36903
6.41912
6.46568
6.50887
6.54882
6.58573
6.61973
6.65102
6.67976
6.70612
6.73026
6.75232
6.77242
5.92703
5.92844
5.92933
5.92984
5.93046
5.93105
5.93174
5.93237
5.9331
5.93376
5.93452
5.93521
5.936
5.93672
5.93753
5.93827
5.9391
5.93986
5.94072
5.94149
5.94236
5.94316
5.94404
5.94485
5.94575
5.94656
5.94747
5.9483
5.94922
5.95006
5.95099
5.95184
5.95278
5.95364
5.95459
5.95545
5.95641
5.95728
5.95825
5.95913
5.96011
5.961
5.96198
5.96288
5.96388
5.96479
5.96578
5.9667
5.96771
5.96864
5.96965
5.97058
5.9716
5.97254
5.97356
5.9745
5.97553
5.97647
5.97749
5.97843
5.97943
5.98036
5.98136
5.98227
5.98324
5.98412
5.98505
5.98591
5.98679
5.9876
5.98843
5.98918
5.98993
5.99062
5.9913
5.99191
5.9925
5.99303
5.99353
5.99398
5.99441
5.99478
5.99512
5.99542
5.99569
5.99593
5.99615
5.99634
5.99651
5.99665
5.99678
5.99689
5.99699
5.99708
5.99717
5.99723
5.9973
5.99736
5.99743
5.99748
5.91986
5.92032
5.92117
5.92193
5.92277
5.92356
5.92445
5.92529
5.92624
5.92712
5.92811
5.92905
5.93008
5.93104
5.93211
5.93311
5.93421
5.93524
5.93636
5.93743
5.93858
5.93967
5.94085
5.94197
5.94317
5.94432
5.94555
5.94672
5.94797
5.94916
5.95044
5.95166
5.95295
5.95419
5.95551
5.95678
5.95812
5.95941
5.96078
5.96209
5.96348
5.96481
5.96622
5.96758
5.96901
5.97039
5.97185
5.97325
5.97473
5.97616
5.97766
5.97911
5.98062
5.98209
5.98363
5.98511
5.98666
5.98816
5.98971
5.99122
5.99278
5.99428
5.99583
5.99733
5.99886
6.00034
6.00184
6.00329
6.00475
6.00614
6.00755
6.00888
6.01021
6.01147
6.01272
6.01389
6.01504
6.01612
6.01716
6.01814
6.01908
6.01996
6.02079
6.02157
6.02231
6.023
6.02365
6.02426
6.02483
6.02537
6.02587
6.02635
6.0268
6.02723
6.02763
6.02802
6.0284
6.0288
6.02924
6.02963
5.90824
5.9085
5.90968
5.91092
5.91219
5.91341
5.91474
5.91606
5.91748
5.91888
5.92038
5.92186
5.92343
5.92499
5.92663
5.92824
5.92994
5.93162
5.93337
5.9351
5.93691
5.93869
5.94055
5.94237
5.94428
5.94615
5.9481
5.95002
5.95202
5.95397
5.95601
5.95801
5.96009
5.96213
5.96425
5.96632
5.96848
5.9706
5.9728
5.97495
5.97719
5.97938
5.98166
5.98389
5.9862
5.98847
5.99082
5.99313
5.99552
5.99787
6.00029
6.00268
6.00514
6.00755
6.01004
6.01249
6.015
6.01748
6.02001
6.0225
6.02505
6.02755
6.03009
6.03259
6.03512
6.0376
6.0401
6.04254
6.045
6.04738
6.04977
6.05207
6.05437
6.05658
6.05876
6.06085
6.06291
6.06487
6.06677
6.06859
6.07034
6.072
6.07359
6.0751
6.07653
6.07789
6.07917
6.08038
6.08152
6.08259
6.0836
6.08454
6.08544
6.08627
6.08706
6.0878
6.0885
6.08923
6.09006
6.0908
5.89615
5.8966
5.89843
5.9003
5.90212
5.90386
5.90568
5.90748
5.90938
5.91127
5.91325
5.91524
5.91733
5.91942
5.92161
5.9238
5.92607
5.92835
5.93071
5.93306
5.9355
5.93793
5.94044
5.94293
5.94551
5.94806
5.9507
5.95331
5.95601
5.95868
5.96142
5.96414
5.96694
5.9697
5.97255
5.97536
5.97825
5.98111
5.98404
5.98694
5.98992
5.99287
5.99589
5.99888
6.00194
6.00497
6.00808
6.01115
6.0143
6.01742
6.02061
6.02376
6.02699
6.03018
6.03344
6.03667
6.03996
6.04321
6.04653
6.0498
6.05313
6.05641
6.05974
6.06302
6.06633
6.06959
6.07287
6.07609
6.07932
6.08247
6.08562
6.08869
6.09173
6.09469
6.09761
6.10042
6.10319
6.10585
6.10845
6.11093
6.11334
6.11564
6.11785
6.11995
6.12196
6.12387
6.12568
6.12739
6.12901
6.13053
6.13196
6.1333
6.13455
6.13573
6.13683
6.13786
6.13884
6.13985
6.14101
6.14209
5.88543
5.88647
5.88943
5.89237
5.8951
5.89771
5.90031
5.90286
5.90545
5.90802
5.91065
5.9133
5.91602
5.91876
5.9216
5.92445
5.9274
5.93038
5.93344
5.93652
5.93969
5.94288
5.94615
5.94942
5.95278
5.95615
5.95959
5.96302
5.96654
5.97005
5.97363
5.97719
5.98083
5.98445
5.98815
5.99182
5.99556
5.99928
6.00307
6.00683
6.01066
6.01446
6.01834
6.02218
6.02609
6.02997
6.03392
6.03784
6.04183
6.04579
6.04981
6.0538
6.05786
6.06188
6.06596
6.07001
6.07412
6.07818
6.0823
6.08638
6.09051
6.09459
6.0987
6.10276
6.10685
6.11088
6.11493
6.1189
6.12287
6.12677
6.13064
6.13443
6.13819
6.14184
6.14545
6.14894
6.15237
6.15568
6.15891
6.16201
6.16502
6.16791
6.17069
6.17334
6.17588
6.17829
6.18058
6.18274
6.18478
6.18669
6.18849
6.19016
6.19172
6.19318
6.19455
6.19584
6.19707
6.19835
6.19983
6.20129
5.87724
5.87925
5.88388
5.88837
5.89246
5.89631
5.90006
5.90368
5.90724
5.91072
5.9142
5.91764
5.92111
5.92459
5.92812
5.93167
5.93529
5.93894
5.94268
5.94645
5.9503
5.95419
5.95816
5.96216
5.96624
5.97034
5.97453
5.97873
5.98301
5.98729
5.99165
5.996
6.00043
6.00484
6.00932
6.01378
6.01831
6.02281
6.02737
6.0319
6.03649
6.04105
6.04567
6.05025
6.05489
6.0595
6.06416
6.06878
6.07345
6.07809
6.08278
6.08743
6.09213
6.09678
6.10149
6.10615
6.11085
6.11551
6.12021
6.12485
6.12953
6.13415
6.1388
6.14338
6.14798
6.15251
6.15704
6.16149
6.16593
6.17028
6.17461
6.17883
6.18301
6.18708
6.1911
6.19499
6.19881
6.20249
6.20609
6.20955
6.21291
6.21612
6.21922
6.22217
6.22499
6.22767
6.2302
6.23259
6.23483
6.23693
6.23888
6.24072
6.24243
6.24405
6.24559
6.24706
6.24847
6.24994
6.25167
6.25344
5.87415
5.8775
5.88417
5.89052
5.89627
5.90165
5.90681
5.91175
5.91654
5.92116
5.92568
5.93009
5.93447
5.93878
5.9431
5.9474
5.95173
5.95607
5.96047
5.96488
5.96937
5.97388
5.97849
5.98312
5.98784
5.99258
5.99742
6.00228
6.00723
6.01219
6.01724
6.02228
6.02741
6.03253
6.03771
6.04288
6.04812
6.05332
6.05858
6.06381
6.06909
6.07433
6.07962
6.08487
6.09016
6.0954
6.10068
6.10592
6.11119
6.11641
6.12166
6.12686
6.13209
6.13728
6.14248
6.14763
6.1528
6.15792
6.16305
6.16813
6.17321
6.17823
6.18325
6.18821
6.19315
6.19802
6.20287
6.20764
6.21237
6.21703
6.22162
6.22613
6.23056
6.2349
6.23915
6.2433
6.24734
6.25127
6.25509
6.25879
6.26235
6.26579
6.2691
6.27226
6.27528
6.27816
6.28088
6.28345
6.28587
6.28815
6.29028
6.2923
6.29421
6.29604
6.2978
6.2995
6.30115
6.30286
6.30487
6.30699
5.87781
5.88276
5.89165
5.90004
5.9076
5.91466
5.92139
5.92779
5.93393
5.93981
5.9455
5.95099
5.95636
5.9616
5.96677
5.97186
5.97693
5.98195
5.98699
5.99201
5.99708
6.00215
6.00728
6.01244
6.01767
6.02292
6.02827
6.03363
6.03909
6.04457
6.05013
6.0557
6.06134
6.06699
6.0727
6.0784
6.08415
6.08988
6.09565
6.10139
6.10717
6.11291
6.11867
6.12439
6.13013
6.13583
6.14154
6.1472
6.15287
6.1585
6.16413
6.16971
6.17529
6.18082
6.18635
6.19182
6.19729
6.2027
6.20811
6.21345
6.21878
6.22404
6.22928
6.23445
6.23959
6.24466
6.24967
6.25462
6.2595
6.2643
6.26902
6.27366
6.27821
6.28266
6.28702
6.29126
6.2954
6.29942
6.30333
6.30711
6.31076
6.31428
6.31766
6.32091
6.32401
6.32696
6.32977
6.33242
6.33493
6.33731
6.33956
6.34171
6.34377
6.34577
6.34772
6.34961
6.35147
6.35339
6.35563
6.35804
5.88948
5.89618
5.90727
5.91765
5.927
5.93574
5.94401
5.95185
5.95931
5.96641
5.97323
5.97978
5.98612
5.99226
5.99826
6.00412
6.00988
6.01556
6.02119
6.02676
6.03232
6.03786
6.04342
6.04898
6.05459
6.06022
6.06591
6.07164
6.07743
6.08325
6.08915
6.09507
6.10106
6.10705
6.11311
6.11916
6.12525
6.13132
6.13743
6.14351
6.14961
6.15567
6.16174
6.16776
6.1738
6.17977
6.18576
6.19168
6.1976
6.20346
6.20932
6.21511
6.2209
6.22662
6.23233
6.23797
6.24359
6.24915
6.25468
6.26015
6.26558
6.27094
6.27627
6.28152
6.28672
6.29185
6.29691
6.3019
6.30681
6.31164
6.31639
6.32104
6.32561
6.33007
6.33444
6.33869
6.34284
6.34688
6.35079
6.35459
6.35826
6.36181
6.36522
6.36849
6.37163
6.37463
6.37749
6.38021
6.3828
6.38528
6.38765
6.38993
6.39214
6.39431
6.39644
6.39853
6.40059
6.40273
6.4052
6.40791
5.90906
5.91759
5.93075
5.94301
5.95406
5.96436
5.97409
5.98328
5.99199
6.00025
6.00812
6.01565
6.02287
6.02983
6.03656
6.04309
6.04947
6.05571
6.06184
6.06788
6.07386
6.07978
6.08569
6.09157
6.09747
6.10337
6.10932
6.11528
6.12129
6.12734
6.13344
6.13956
6.14574
6.15193
6.15817
6.16441
6.17069
6.17695
6.18323
6.18948
6.19575
6.20197
6.2082
6.21437
6.22054
6.22665
6.23275
6.23879
6.24481
6.25077
6.25671
6.26258
6.26842
6.2742
6.27995
6.28563
6.29128
6.29685
6.30239
6.30785
6.31328
6.31862
6.32392
6.32914
6.33431
6.33939
6.34441
6.34934
6.3542
6.35897
6.36367
6.36826
6.37277
6.37717
6.38148
6.38568
6.38978
6.39377
6.39765
6.40141
6.40506
6.40859
6.41199
6.41527
6.41842
6.42145
6.42435
6.42714
6.4298
6.43238
6.43486
6.43727
6.43963
6.44195
6.44424
6.44651
6.44874
6.45106
6.45373
6.45669
5.93597
5.94634
5.96142
5.97536
5.9879
5.99957
6.01054
6.02088
6.03063
6.03986
6.04862
6.05696
6.06493
6.07258
6.07994
6.08706
6.09396
6.10068
6.10724
6.11368
6.12001
6.12625
6.13243
6.13857
6.14468
6.15078
6.15688
6.163
6.16913
6.1753
6.18149
6.18771
6.19396
6.20023
6.20653
6.21283
6.21914
6.22545
6.23176
6.23804
6.24432
6.25055
6.25678
6.26295
6.2691
6.27519
6.28125
6.28725
6.29323
6.29913
6.305
6.31081
6.31658
6.32228
6.32794
6.33353
6.33908
6.34455
6.34998
6.35534
6.36065
6.36588
6.37105
6.37615
6.38119
6.38614
6.39103
6.39583
6.40056
6.40521
6.40977
6.41424
6.41862
6.42291
6.4271
6.4312
6.4352
6.43909
6.44289
6.44658
6.45016
6.45363
6.457
6.46025
6.46339
6.46643
6.46935
6.47217
6.4749
6.47754
6.48011
6.48263
6.4851
6.48755
6.48997
6.49237
6.49475
6.4972
6.50002
6.50318
5.96806
5.97996
5.99653
6.01179
6.02551
6.03826
6.05023
6.06148
6.07206
6.08206
6.09151
6.1005
6.10906
6.11726
6.12511
6.13269
6.14001
6.14711
6.15402
6.16077
6.16737
6.17386
6.18026
6.18659
6.19286
6.1991
6.20532
6.21153
6.21775
6.22397
6.23021
6.23646
6.24273
6.24901
6.25531
6.2616
6.26791
6.2742
6.28048
6.28674
6.29297
6.29917
6.30535
6.31147
6.31756
6.32359
6.32958
6.33551
6.34139
6.34721
6.35298
6.35868
6.36434
6.36992
6.37545
6.38091
6.38632
6.39166
6.39694
6.40215
6.40729
6.41237
6.41738
6.42231
6.42718
6.43196
6.43668
6.44131
6.44587
6.45035
6.45474
6.45905
6.46328
6.46741
6.47146
6.47542
6.47929
6.48307
6.48675
6.49034
6.49383
6.49723
6.50053
6.50374
6.50684
6.50986
6.51279
6.51563
6.51839
6.52109
6.52372
6.52631
6.52887
6.5314
6.53391
6.53641
6.53889
6.54145
6.54436
6.54765
6.0044
6.01758
6.03531
6.05158
6.06619
6.07976
6.09246
6.10438
6.11557
6.12612
6.13608
6.14553
6.1545
6.16308
6.17128
6.17918
6.18678
6.19414
6.20128
6.20824
6.21503
6.22169
6.22823
6.23468
6.24105
6.24737
6.25364
6.25989
6.26612
6.27235
6.27857
6.2848
6.29103
6.29726
6.30349
6.30972
6.31594
6.32215
6.32834
6.33451
6.34064
6.34674
6.3528
6.35881
6.36477
6.37068
6.37653
6.38233
6.38807
6.39374
6.39936
6.40491
6.4104
6.41582
6.42118
6.42647
6.4317
6.43686
6.44195
6.44697
6.45193
6.45681
6.46163
6.46637
6.47105
6.47564
6.48017
6.48461
6.48899
6.49328
6.49749
6.50163
6.50568
6.50965
6.51354
6.51735
6.52107
6.52472
6.52827
6.53175
6.53513
6.53844
6.54166
6.5448
6.54786
6.55084
6.55374
6.55658
6.55934
6.56206
6.56472
6.56735
6.56994
6.57252
6.57508
6.57763
6.58017
6.58279
6.58575
6.58912
6.0436
6.05781
6.07639
6.09338
6.10863
6.12278
6.13599
6.14837
6.15997
6.17089
6.18117
6.19092
6.20016
6.20898
6.2174
6.22549
6.23327
6.2408
6.24809
6.25518
6.26209
6.26885
6.27547
6.28199
6.2884
6.29476
6.30104
6.30728
6.31349
6.31968
6.32584
6.332
6.33814
6.34427
6.3504
6.35651
6.36261
6.36869
6.37475
6.38078
6.38677
6.39272
6.39863
6.4045
6.41031
6.41606
6.42176
6.42739
6.43296
6.43847
6.44391
6.44928
6.45459
6.45983
6.465
6.4701
6.47514
6.4801
6.48499
6.48981
6.49457
6.49925
6.50386
6.5084
6.51286
6.51726
6.52158
6.52583
6.53
6.5341
6.53812
6.54207
6.54595
6.54975
6.55347
6.55712
6.56069
6.56419
6.56761
6.57096
6.57423
6.57744
6.58057
6.58364
6.58663
6.58956
6.59242
6.59523
6.59799
6.6007
6.60336
6.606
6.60861
6.61121
6.61379
6.61637
6.61893
6.62156
6.62454
6.62794
6.08461
6.09962
6.1188
6.13632
6.15202
6.16659
6.18015
6.19286
6.20473
6.2159
6.2264
6.23634
6.24574
6.25471
6.26325
6.27146
6.27933
6.28695
6.2943
6.30146
6.3084
6.3152
6.32184
6.32836
6.33476
6.34109
6.34732
6.3535
6.35962
6.36571
6.37176
6.37779
6.38379
6.38978
6.39574
6.40169
6.40761
6.41352
6.41938
6.42522
6.43102
6.43678
6.4425
6.44816
6.45377
6.45932
6.46481
6.47024
6.4756
6.48089
6.48612
6.49128
6.49637
6.50139
6.50634
6.51122
6.51604
6.52078
6.52545
6.53005
6.53459
6.53905
6.54344
6.54777
6.55203
6.55621
6.56033
6.56438
6.56836
6.57227
6.57611
6.57988
6.58358
6.58721
6.59077
6.59428
6.5977
6.60107
6.60436
6.6076
6.61076
6.61387
6.61691
6.6199
6.62283
6.6257
6.62852
6.63129
6.63401
6.6367
6.63935
6.64197
6.64457
6.64715
6.64972
6.65228
6.65482
6.65744
6.66038
6.66378
6.13366
6.14957
6.16935
6.18733
6.20344
6.21834
6.23219
6.24514
6.25722
6.26857
6.2792
6.28925
6.29873
6.30777
6.31634
6.32457
6.33244
6.34005
6.34738
6.35451
6.36141
6.36815
6.37472
6.38117
6.38747
6.39369
6.3998
6.40585
6.41182
6.41774
6.42361
6.42944
6.43523
6.44099
6.44672
6.45242
6.45808
6.46372
6.46932
6.47489
6.48041
6.48589
6.49133
6.49671
6.50204
6.50731
6.51252
6.51768
6.52276
6.52779
6.53275
6.53764
6.54246
6.54722
6.55191
6.55653
6.56109
6.56558
6.57
6.57435
6.57864
6.58286
6.58701
6.5911
6.59512
6.59907
6.60296
6.60679
6.61054
6.61424
6.61787
6.62143
6.62493
6.62837
6.63174
6.63506
6.6383
6.6415
6.64463
6.6477
6.65072
6.65368
6.65659
6.65945
6.66225
6.66501
6.66771
6.67038
6.67301
6.6756
6.67816
6.6807
6.68321
6.6857
6.68819
6.69066
6.69312
6.69567
6.69854
6.70168
6.19303
6.20969
6.22977
6.24794
6.26418
6.27917
6.29305
6.30601
6.31805
6.32934
6.33989
6.34986
6.35922
6.36812
6.37654
6.38461
6.39231
6.39975
6.40689
6.41383
6.42054
6.4271
6.43347
6.43973
6.44583
6.45183
6.45772
6.46353
6.46924
6.47489
6.48047
6.486
6.49146
6.4969
6.50227
6.50761
6.5129
6.51816
6.52337
6.52854
6.53366
6.53875
6.54378
6.54877
6.5537
6.55858
6.5634
6.56817
6.57288
6.57753
6.58212
6.58664
6.59111
6.59551
6.59984
6.60411
6.60832
6.61247
6.61655
6.62057
6.62452
6.62841
6.63224
6.63601
6.63971
6.64335
6.64693
6.65045
6.65391
6.65731
6.66065
6.66393
6.66715
6.67032
6.67343
6.67649
6.67949
6.68244
6.68534
6.68819
6.69098
6.69374
6.69644
6.6991
6.70172
6.70431
6.70685
6.70936
6.71184
6.7143
6.71672
6.71914
6.72153
6.72392
6.72629
6.72867
6.73103
6.73349
6.73626
6.73929
6.25257
6.26957
6.28954
6.30757
6.32364
6.33847
6.35214
6.36489
6.37671
6.38778
6.39809
6.40781
6.41692
6.42557
6.43373
6.44153
6.44896
6.45612
6.46298
6.46965
6.47609
6.48238
6.48848
6.49447
6.50031
6.50605
6.51166
6.5172
6.52262
6.52799
6.53325
6.53847
6.5436
6.54869
6.5537
6.55868
6.5636
6.56848
6.5733
6.57808
6.58281
6.5875
6.59214
6.59673
6.60127
6.60576
6.61019
6.61458
6.6189
6.62316
6.62737
6.63152
6.6356
6.63962
6.64359
6.64749
6.65133
6.65511
6.65883
6.6625
6.6661
6.66965
6.67313
6.67656
6.67994
6.68326
6.68652
6.68974
6.6929
6.69601
6.69907
6.70208
6.70503
6.70795
6.71081
6.71363
6.7164
6.71914
6.72182
6.72447
6.72708
6.72965
6.73218
6.73468
6.73715
6.73959
6.74199
6.74438
6.74674
6.74908
6.7514
6.75371
6.756
6.75829
6.76058
6.76286
6.76514
6.7675
6.77016
6.77305
6.31251
6.32963
6.34925
6.3669
6.3826
6.39705
6.41034
6.42271
6.43415
6.44485
6.45479
6.46415
6.47289
6.48118
6.48896
6.4964
6.50344
6.51022
6.51669
6.52297
6.52901
6.53491
6.54062
6.54623
6.55169
6.55706
6.56231
6.56749
6.57256
6.57757
6.58248
6.58734
6.59211
6.59683
6.60148
6.60608
6.6106
6.61509
6.6195
6.62388
6.62819
6.63246
6.63666
6.64082
6.64492
6.64897
6.65296
6.65691
6.66078
6.66462
6.66839
6.67212
6.67578
6.6794
6.68296
6.68648
6.68993
6.69335
6.6967
6.70002
6.70328
6.70649
6.70966
6.71278
6.71585
6.71888
6.72186
6.7248
6.72769
6.73055
6.73335
6.73612
6.73884
6.74153
6.74416
6.74677
6.74934
6.75187
6.75436
6.75682
6.75925
6.76164
6.764
6.76634
6.76865
6.77093
6.77319
6.77544
6.77766
6.77987
6.78206
6.78425
6.78642
6.78859
6.79075
6.79291
6.79507
6.79732
6.79983
6.80254
6.37172
6.38868
6.40761
6.42458
6.43966
6.45348
6.46616
6.47793
6.48877
6.4989
6.50827
6.51707
6.52527
6.53302
6.54028
6.5472
6.55374
6.56001
6.56599
6.57179
6.57736
6.5828
6.58806
6.59323
6.59826
6.60323
6.60808
6.61288
6.61758
6.62223
6.62678
6.6313
6.63572
6.64009
6.64438
6.64862
6.65277
6.65688
6.6609
6.66488
6.66878
6.67264
6.67643
6.68017
6.68386
6.68751
6.6911
6.69465
6.69815
6.70162
6.70503
6.70841
6.71174
6.71503
6.71827
6.72147
6.72462
6.72774
6.7308
6.73383
6.7368
6.73974
6.74263
6.74548
6.74829
6.75106
6.75378
6.75647
6.75911
6.76172
6.76429
6.76682
6.76931
6.77177
6.77419
6.77659
6.77894
6.78127
6.78355
6.78582
6.78806
6.79027
6.79245
6.79462
6.79675
6.79887
6.80097
6.80306
6.80513
6.80719
6.80924
6.81128
6.81331
6.81534
6.81736
6.81938
6.82141
6.82351
6.82586
6.82838
6.42965
6.4461
6.46385
6.47972
6.49379
6.50666
6.51841
6.5293
6.53931
6.54865
6.55729
6.56541
6.57296
6.5801
6.58679
6.59317
6.59918
6.60497
6.61047
6.61579
6.6209
6.62589
6.6307
6.63544
6.64004
6.6446
6.64904
6.65345
6.65777
6.66207
6.66627
6.67045
6.67454
6.67859
6.68256
6.68647
6.6903
6.69407
6.69776
6.70141
6.70497
6.7085
6.71196
6.71538
6.71875
6.72209
6.72537
6.72862
6.73182
6.73499
6.7381
6.74118
6.74421
6.74721
6.75015
6.75307
6.75592
6.75875
6.76153
6.76428
6.76697
6.76964
6.77225
6.77484
6.77738
6.77989
6.78236
6.7848
6.78719
6.78956
6.79188
6.79419
6.79645
6.79869
6.80088
6.80306
6.8052
6.80733
6.80941
6.81149
6.81353
6.81555
6.81754
6.81953
6.82149
6.82343
6.82536
6.82728
6.82918
6.83108
6.83297
6.83485
6.83673
6.83861
6.84048
6.84235
6.84422
6.84618
6.84836
6.85067
6.48636
6.50222
6.51852
6.53303
6.54588
6.55763
6.56834
6.57826
6.58735
6.59585
6.60369
6.61106
6.6179
6.62438
6.63044
6.63622
6.64166
6.64689
6.65185
6.65666
6.66126
6.66576
6.6701
6.67437
6.67852
6.68263
6.68665
6.69064
6.69455
6.69845
6.70228
6.7061
6.70984
6.71355
6.7172
6.72081
6.72434
6.72783
6.73124
6.73462
6.73791
6.74117
6.74436
6.74751
6.7506
6.75365
6.75664
6.7596
6.7625
6.76537
6.76818
6.77097
6.7737
6.7764
6.77905
6.78167
6.78424
6.78678
6.78927
6.79174
6.79416
6.79656
6.7989
6.80123
6.80351
6.80576
6.80797
6.81017
6.81231
6.81444
6.81653
6.8186
6.82064
6.82265
6.82463
6.82659
6.82852
6.83044
6.83232
6.83419
6.83603
6.83787
6.83967
6.84147
6.84325
6.84502
6.84677
6.84852
6.85025
6.85198
6.8537
6.85542
6.85714
6.85886
6.86057
6.86229
6.86401
6.86581
6.86781
6.86991
6.54243
6.55775
6.57255
6.5856
6.59715
6.60769
6.61726
6.62611
6.6342
6.64176
6.64872
6.65526
6.66133
6.66707
6.67244
6.67756
6.68238
6.68701
6.69141
6.69567
6.69974
6.70372
6.70755
6.71133
6.71499
6.71861
6.72215
6.72567
6.72911
6.73256
6.73595
6.73933
6.74267
6.746
6.74928
6.75255
6.75575
6.75894
6.76205
6.76513
6.76813
6.7711
6.77399
6.77685
6.77963
6.78237
6.78505
6.7877
6.79029
6.79285
6.79535
6.79784
6.80026
6.80266
6.80501
6.80734
6.80962
6.81188
6.81409
6.81628
6.81842
6.82055
6.82263
6.8247
6.82672
6.82873
6.83069
6.83264
6.83455
6.83645
6.8383
6.84015
6.84196
6.84375
6.84552
6.84727
6.84899
6.8507
6.85239
6.85406
6.85571
6.85735
6.85898
6.86059
6.86218
6.86378
6.86535
6.86693
6.86849
6.87005
6.87161
6.87317
6.87472
6.87628
6.87783
6.87939
6.88096
6.8826
6.88443
6.88632
6.59781
6.61241
6.6255
6.6369
6.64699
6.65621
6.66453
6.67222
6.67923
6.68576
6.69177
6.69742
6.70265
6.70762
6.71224
6.71667
6.72083
6.72484
6.72863
6.73232
6.73583
6.73927
6.74257
6.74582
6.74896
6.75208
6.75511
6.75814
6.76111
6.76408
6.767
6.76994
6.77285
6.77576
6.77864
6.78153
6.78438
6.78722
6.79001
6.79278
6.79548
6.79815
6.80074
6.8033
6.80579
6.80824
6.81063
6.81298
6.81527
6.81754
6.81974
6.82193
6.82407
6.82619
6.82825
6.8303
6.8323
6.83429
6.83624
6.83816
6.84005
6.84192
6.84375
6.84556
6.84734
6.8491
6.85083
6.85254
6.85422
6.85589
6.85752
6.85915
6.86074
6.86232
6.86388
6.86542
6.86694
6.86846
6.86995
6.87143
6.87289
6.87435
6.87579
6.87722
6.87864
6.88006
6.88147
6.88287
6.88427
6.88567
6.88706
6.88845
6.88985
6.89125
6.89265
6.89406
6.89547
6.89695
6.89861
6.9003
6.65226
6.66596
6.67712
6.68668
6.69516
6.70292
6.7099
6.71633
6.72218
6.72764
6.73264
6.73735
6.74171
6.74586
6.74972
6.75342
6.75689
6.76025
6.76342
6.7665
6.76943
6.7723
6.77504
6.77775
6.78036
6.78296
6.78549
6.78802
6.7905
6.793
6.79547
6.79796
6.80042
6.80292
6.80539
6.80788
6.81035
6.81283
6.81528
6.81772
6.82011
6.82248
6.82479
6.82706
6.82926
6.83143
6.83353
6.8356
6.8376
6.83959
6.84151
6.84342
6.84528
6.84712
6.84891
6.85069
6.85243
6.85416
6.85584
6.85751
6.85915
6.86077
6.86235
6.86393
6.86547
6.867
6.8685
6.86999
6.87145
6.8729
6.87432
6.87574
6.87712
6.87851
6.87986
6.88122
6.88254
6.88387
6.88517
6.88648
6.88776
6.88904
6.8903
6.89157
6.89282
6.89407
6.89531
6.89656
6.89779
6.89903
6.90027
6.90151
6.90275
6.904
6.90525
6.9065
6.90777
6.90911
6.9106
6.91209
6.70504
6.71763
6.72663
6.73417
6.74088
6.74705
6.75257
6.75767
6.76228
6.76661
6.77056
6.77431
6.77777
6.78108
6.78416
6.78712
6.78989
6.79257
6.7951
6.79756
6.79989
6.80219
6.80439
6.80657
6.80868
6.81079
6.81285
6.81493
6.81696
6.81903
6.82107
6.82314
6.8252
6.8273
6.82938
6.8315
6.83361
6.83574
6.83785
6.83998
6.84206
6.84415
6.84617
6.84818
6.85011
6.85202
6.85386
6.85567
6.85742
6.85914
6.86081
6.86246
6.86406
6.86565
6.86719
6.86873
6.87021
6.8717
6.87314
6.87458
6.87597
6.87737
6.87872
6.88008
6.88139
6.88271
6.88399
6.88527
6.88652
6.88777
6.88899
6.89021
6.8914
6.8926
6.89376
6.89493
6.89608
6.89723
6.89836
6.89949
6.9006
6.90171
6.90282
6.90392
6.90501
6.90611
6.90719
6.90828
6.90937
6.91045
6.91154
6.91263
6.91373
6.91483
6.91593
6.91705
6.91817
6.91936
6.92069
6.922
6.75609
6.7674
6.77408
6.77945
6.78429
6.78878
6.79278
6.79649
6.79984
6.80301
6.8059
6.80866
6.8112
6.81364
6.81589
6.81807
6.82009
6.82206
6.82391
6.82574
6.82748
6.82922
6.8309
6.83259
6.83424
6.83591
6.83755
6.83921
6.84085
6.84253
6.84418
6.84588
6.84756
6.84928
6.851
6.85276
6.85452
6.85631
6.85809
6.8599
6.86168
6.86347
6.86522
6.86695
6.86863
6.87029
6.87188
6.87345
6.87495
6.87643
6.87786
6.87927
6.88063
6.88198
6.88329
6.88459
6.88584
6.8871
6.88831
6.88953
6.8907
6.89188
6.89302
6.89417
6.89528
6.89639
6.89747
6.89856
6.89961
6.90067
6.90171
6.90274
6.90375
6.90477
6.90576
6.90676
6.90774
6.90872
6.90969
6.91066
6.91161
6.91257
6.91352
6.91447
6.91541
6.91636
6.9173
6.91824
6.91919
6.92013
6.92108
6.92203
6.92299
6.92396
6.92492
6.9259
6.92689
6.92795
6.92913
6.93026
6.80458
6.8144
6.81859
6.82163
6.82447
6.82718
6.82957
6.83182
6.83384
6.83577
6.83752
6.83922
6.84078
6.8423
6.84371
6.84512
6.84643
6.84777
6.84904
6.85035
6.85161
6.8529
6.85416
6.85546
6.85672
6.85801
6.85928
6.86058
6.86186
6.86318
6.86449
6.86584
6.86719
6.86858
6.86997
6.87141
6.87285
6.87434
6.87582
6.87734
6.87884
6.88037
6.88186
6.88335
6.8848
6.88623
6.8876
6.88895
6.89024
6.89152
6.89273
6.89394
6.89509
6.89623
6.89733
6.89842
6.89948
6.90053
6.90154
6.90255
6.90354
6.90452
6.90547
6.90642
6.90735
6.90827
6.90917
6.91008
6.91096
6.91184
6.91271
6.91357
6.91442
6.91527
6.9161
6.91694
6.91776
6.91859
6.91941
6.92023
6.92103
6.92185
6.92265
6.92346
6.92427
6.92508
6.92588
6.92669
6.9275
6.92831
6.92913
6.92995
6.93078
6.93162
6.93246
6.93331
6.93418
6.93511
6.93615
6.93712
6.85129
6.85984
6.86152
6.86214
6.86283
6.86362
6.86426
6.86492
6.86549
6.86612
6.86669
6.86734
6.86796
6.86867
6.86935
6.87011
6.87087
6.87169
6.87249
6.87334
6.87418
6.87505
6.87589
6.87677
6.87763
6.87853
6.8794
6.88032
6.88122
6.88216
6.8831
6.88409
6.88509
6.88614
6.8872
6.88832
6.88944
6.89061
6.89179
6.893
6.89422
6.89546
6.89669
6.89793
6.89914
6.90034
6.90151
6.90266
6.90376
6.90484
6.90587
6.90688
6.90784
6.90879
6.90969
6.91059
6.91145
6.9123
6.91312
6.91395
6.91474
6.91553
6.9163
6.91707
6.91782
6.91857
6.9193
6.92004
6.92075
6.92147
6.92217
6.92288
6.92358
6.92427
6.92496
6.92565
6.92633
6.92701
6.92769
6.92837
6.92904
6.92972
6.93039
6.93107
6.93175
6.93243
6.93311
6.93379
6.93448
6.93517
6.93586
6.93657
6.93727
6.93799
6.93871
6.93945
6.9402
6.94101
6.94193
6.94276
6.89144
6.89809
6.89714
6.89542
6.89417
6.89332
6.89253
6.89197
6.89146
6.89116
6.89092
6.89086
6.89085
6.89098
6.89113
6.8914
6.89168
6.89204
6.8924
6.89283
6.89325
6.89374
6.89421
6.89473
6.89525
6.89581
6.89636
6.89696
6.89755
6.89819
6.89882
6.89951
6.9002
6.90095
6.90171
6.90254
6.90339
6.9043
6.90522
6.9062
6.90718
6.9082
6.90922
6.91028
6.91132
6.91239
6.91341
6.91443
6.91539
6.91633
6.91721
6.91806
6.91886
6.91963
6.92036
6.92109
6.92177
6.92245
6.92309
6.92374
6.92437
6.92499
6.9256
6.92621
6.92679
6.92739
6.92797
6.92855
6.92912
6.9297
6.93026
6.93082
6.93138
6.93194
6.93249
6.93305
6.9336
6.93416
6.93471
6.93526
6.93581
6.93637
6.93693
6.93749
6.93805
6.93862
6.93918
6.93976
6.94033
6.94092
6.9415
6.9421
6.9427
6.94332
6.94394
6.94457
6.94523
6.94594
6.94674
6.94743
6.9943
6.99794
6.99067
6.9828
6.97622
6.97068
6.96567
6.96128
6.9573
6.95386
6.95075
6.94809
6.94569
6.94367
6.94184
6.94032
6.93894
6.93782
6.9368
6.93599
6.93525
6.93468
6.93416
6.93377
6.93341
6.93316
6.93293
6.93278
6.93264
6.93258
6.93252
6.93254
6.93257
6.93267
6.93279
6.93298
6.9332
6.9335
6.93382
6.93423
6.93465
6.93515
6.93566
6.93622
6.93677
6.93734
6.93788
6.93843
6.93892
6.93941
6.93983
6.94024
6.9406
6.94095
6.94125
6.94155
6.94182
6.94209
6.94233
6.94259
6.94283
6.94308
6.94332
6.94358
6.94381
6.94407
6.94432
6.94458
6.94483
6.9451
6.94536
6.94563
6.9459
6.94618
6.94646
6.94675
6.94703
6.94734
6.94763
6.94794
6.94825
6.94858
6.9489
6.94924
6.94957
6.94992
6.95027
6.95064
6.951
6.95138
6.95176
6.95215
6.95255
6.95296
6.95338
6.95381
6.95426
6.95476
6.95532
6.95575
7.07501
7.07366
7.06168
7.04968
7.0394
7.0305
7.02241
7.01522
7.00869
7.00291
6.99768
6.99307
6.9889
6.98524
6.98192
6.97904
6.97642
6.97415
6.9721
6.97033
6.96872
6.96735
6.96609
6.96501
6.96402
6.96316
6.96236
6.96166
6.96099
6.9604
6.95983
6.95933
6.95883
6.95841
6.95799
6.95764
6.95731
6.95706
6.95682
6.95665
6.95651
6.95643
6.95637
6.95636
6.95637
6.95642
6.95647
6.95654
6.95659
6.95665
6.95668
6.95671
6.95669
6.95668
6.95663
6.95659
6.95652
6.95647
6.9564
6.95635
6.95629
6.95625
6.9562
6.95618
6.95615
6.95614
6.95613
6.95614
6.95614
6.95617
6.95619
6.95623
6.95627
6.95633
6.95639
6.95646
6.95654
6.95663
6.95672
6.95682
6.95693
6.95705
6.95717
6.95731
6.95744
6.95759
6.95774
6.9579
6.95806
6.95823
6.95841
6.95859
6.95878
6.95897
6.95918
6.95939
6.95961
6.95986
6.96013
6.96033
7.07843
7.07566
7.06417
7.05298
7.04338
7.03503
7.02745
7.02071
7.01459
7.0092
7.00431
7.00002
6.99614
6.99276
6.9897
6.98704
6.98465
6.98259
6.98073
6.97914
6.97771
6.97649
6.97538
6.97445
6.97359
6.97285
6.97216
6.97156
6.97097
6.97045
6.96993
6.96946
6.96899
6.96857
6.96814
6.96777
6.9674
6.96708
6.96677
6.96651
6.96627
6.96607
6.96588
6.96573
6.96558
6.96547
6.96534
6.96524
6.96511
6.96499
6.96484
6.9647
6.96452
6.96435
6.96415
6.96396
6.96376
6.96357
6.96337
6.96319
6.963
6.96284
6.96267
6.96252
6.96237
6.96224
6.96212
6.96201
6.9619
6.96181
6.96172
6.96165
6.96158
6.96153
6.96148
6.96144
6.96141
6.96139
6.96137
6.96137
6.96137
6.96138
6.96139
6.96141
6.96144
6.96148
6.96152
6.96157
6.96163
6.96169
6.96176
6.96183
6.96191
6.96199
6.96208
6.96218
6.96229
6.96242
6.96255
6.96265
7.04687
7.04467
7.03586
7.02747
7.02034
7.0142
7.00865
7.00378
6.99938
6.99556
6.99214
6.98918
6.98654
6.98429
6.98228
6.98059
6.9791
6.97786
6.97677
6.97589
6.97511
6.97449
6.97395
6.97352
6.97313
6.97283
6.97253
6.97228
6.97203
6.9718
6.97155
6.97131
6.97106
6.97082
6.97057
6.97034
6.9701
6.96989
6.96967
6.96948
6.96929
6.96913
6.96896
6.96881
6.96865
6.96851
6.96836
6.96821
6.96804
6.96786
6.96767
6.96747
6.96725
6.96704
6.9668
6.96658
6.96634
6.96612
6.96589
6.96567
6.96546
6.96526
6.96507
6.96489
6.96471
6.96455
6.96439
6.96424
6.9641
6.96398
6.96385
6.96374
6.96364
6.96355
6.96346
6.96338
6.96331
6.96325
6.96319
6.96314
6.9631
6.96306
6.96303
6.96301
6.96299
6.96298
6.96298
6.96298
6.96298
6.96299
6.96301
6.96303
6.96305
6.96308
6.96311
6.96314
6.96319
6.96323
6.96329
6.96332
6.98869
6.98889
6.98443
6.98032
6.97699
6.9743
6.97193
6.96998
6.9683
6.96698
6.96586
6.96504
6.96438
6.96395
6.96364
6.96351
6.96347
6.96358
6.96374
6.964
6.9643
6.96466
6.96503
6.96545
6.96584
6.96625
6.96661
6.96697
6.96727
6.96755
6.96777
6.96798
6.96813
6.96826
6.96836
6.96844
6.96849
6.96854
6.96855
6.96857
6.96857
6.96856
6.96853
6.96849
6.96844
6.96837
6.96828
6.96818
6.96806
6.96792
6.96777
6.9676
6.96742
6.96724
6.96704
6.96685
6.96665
6.96646
6.96627
6.96609
6.96591
6.96574
6.96557
6.96541
6.96526
6.96511
6.96497
6.96484
6.96472
6.9646
6.96449
6.96438
6.96428
6.96419
6.9641
6.96402
6.96395
6.96388
6.96382
6.96376
6.96371
6.96366
6.96362
6.96358
6.96355
6.96353
6.9635
6.96348
6.96347
6.96346
6.96345
6.96344
6.96344
6.96344
6.96344
6.96344
6.96345
6.96346
6.96347
6.96348
6.92459
6.92822
6.92867
6.92922
6.93008
6.93118
6.9323
6.93356
6.93484
6.93623
6.93763
6.93911
6.94057
6.9421
6.94361
6.94515
6.94665
6.94817
6.94964
6.9511
6.95251
6.95389
6.9552
6.95646
6.95764
6.95876
6.95977
6.96073
6.96158
6.96236
6.96305
6.96369
6.96424
6.96474
6.96517
6.96556
6.96589
6.96619
6.96644
6.96666
6.96683
6.96698
6.96709
6.96717
6.96722
6.96724
6.96723
6.9672
6.96714
6.96706
6.96696
6.96686
6.96673
6.9666
6.96646
6.96633
6.96619
6.96605
6.96591
6.96577
6.96564
6.96551
6.96538
6.96526
6.96514
6.96503
6.96492
6.96481
6.96471
6.96462
6.96453
6.96444
6.96436
6.96428
6.96421
6.96414
6.96407
6.96401
6.96396
6.9639
6.96386
6.96381
6.96377
6.96373
6.9637
6.96367
6.96364
6.96362
6.96359
6.96357
6.96356
6.96354
6.96353
6.96351
6.9635
6.96349
6.96348
6.96348
6.96347
6.96346
6.86441
6.87178
6.87694
6.8819
6.88671
6.8914
6.89582
6.90011
6.90417
6.90812
6.91188
6.91552
6.91898
6.92234
6.92554
6.92863
6.93156
6.93439
6.93706
6.93963
6.94204
6.94434
6.94649
6.94851
6.95038
6.95212
6.95371
6.95518
6.95651
6.95774
6.95883
6.95983
6.96072
6.96153
6.96225
6.96289
6.96345
6.96395
6.96437
6.96474
6.96505
6.96531
6.96552
6.96569
6.96581
6.9659
6.96595
6.96597
6.96597
6.96595
6.9659
6.96584
6.96577
6.9657
6.96561
6.96552
6.96543
6.96534
6.96524
6.96515
6.96505
6.96497
6.96487
6.96479
6.9647
6.96462
6.96454
6.96447
6.96439
6.96432
6.96425
6.96419
6.96413
6.96407
6.96401
6.96396
6.96391
6.96386
6.96382
6.96378
6.96374
6.9637
6.96367
6.96364
6.96361
6.96358
6.96356
6.96354
6.96351
6.9635
6.96348
6.96346
6.96344
6.96343
6.96341
6.9634
6.96338
6.96337
6.96335
6.96333
6.81454
6.82545
6.83468
6.84339
6.85157
6.85932
6.86656
6.87343
6.87987
6.88599
6.89175
6.89723
6.90238
6.90729
6.91191
6.91631
6.92045
6.92437
6.92804
6.9315
6.93472
6.93774
6.94054
6.94314
6.94552
6.94773
6.94974
6.95158
6.95325
6.95477
6.95614
6.95738
6.95848
6.95947
6.96035
6.96113
6.96181
6.96241
6.96292
6.96336
6.96373
6.96404
6.96429
6.9645
6.96465
6.96478
6.96486
6.96492
6.96495
6.96497
6.96497
6.96495
6.96492
6.96489
6.96484
6.96479
6.96474
6.96469
6.96463
6.96457
6.96451
6.96446
6.9644
6.96434
6.96428
6.96423
6.96417
6.96412
6.96407
6.96402
6.96397
6.96393
6.96389
6.96384
6.9638
6.96377
6.96373
6.9637
6.96366
6.96363
6.96361
6.96358
6.96355
6.96353
6.96351
6.96349
6.96347
6.96345
6.96344
6.96342
6.9634
6.96339
6.96337
6.96336
6.96334
6.96332
6.96331
6.96329
6.96326
6.96325
6.77929
6.79318
6.80558
6.81717
6.82794
6.83804
6.84744
6.85627
6.86451
6.87226
6.87951
6.88633
6.89272
6.89873
6.90435
6.90962
6.91454
6.91915
6.92342
6.92741
6.93109
6.9345
6.93764
6.94054
6.94318
6.94561
6.94781
6.94982
6.95164
6.95328
6.95476
6.95609
6.95727
6.95832
6.95924
6.96006
6.96076
6.96138
6.9619
6.96234
6.96271
6.96303
6.96328
6.96349
6.96365
6.96378
6.96388
6.96396
6.96401
6.96405
6.96407
6.96408
6.96408
6.96408
6.96406
6.96405
6.96402
6.964
6.96398
6.96395
6.96392
6.96389
6.96386
6.96383
6.9638
6.96377
6.96374
6.96371
6.96368
6.96366
6.96363
6.96361
6.96358
6.96356
6.96353
6.96351
6.96349
6.96347
6.96346
6.96344
6.96342
6.96341
6.96339
6.96338
6.96337
6.96336
6.96335
6.96333
6.96332
6.96331
6.9633
6.96329
6.96328
6.96327
6.96325
6.96324
6.96322
6.9632
6.96317
6.96315
6.75787
6.7739
6.78846
6.80196
6.81445
6.82609
6.83688
6.84696
6.85633
6.86509
6.87324
6.88087
6.88796
6.89459
6.90074
6.90648
6.91178
6.91672
6.92127
6.92549
6.92937
6.93295
6.93623
6.93924
6.94198
6.94449
6.94676
6.94883
6.95069
6.95237
6.95386
6.95521
6.95639
6.95745
6.95836
6.95917
6.95986
6.96045
6.96096
6.96139
6.96175
6.96206
6.96231
6.96252
6.96269
6.96284
6.96295
6.96305
6.96313
6.9632
6.96325
6.96329
6.96333
6.96335
6.96337
6.96339
6.9634
6.96341
6.96341
6.96341
6.96341
6.96341
6.96341
6.9634
6.9634
6.96339
6.96338
6.96338
6.96337
6.96336
6.96335
6.96335
6.96334
6.96333
6.96332
6.96332
6.96331
6.96331
6.9633
6.96329
6.96329
6.96329
6.96328
6.96328
6.96327
6.96327
6.96326
6.96326
6.96325
6.96325
6.96324
6.96323
6.96322
6.96321
6.9632
6.96318
6.96317
6.96315
6.96312
6.9631
6.74642
6.76368
6.77949
6.7941
6.80759
6.82012
6.83173
6.84254
6.85256
6.86191
6.87057
6.87865
6.88613
6.8931
6.89954
6.90551
6.91102
6.91613
6.92082
6.92514
6.9291
6.93274
6.93606
6.9391
6.94186
6.94437
6.94663
6.94868
6.95051
6.95215
6.9536
6.9549
6.95603
6.95702
6.95788
6.95863
6.95927
6.95983
6.96029
6.9607
6.96103
6.96133
6.96157
6.96178
6.96196
6.96212
6.96225
6.96236
6.96246
6.96255
6.96262
6.96269
6.96274
6.96279
6.96284
6.96287
6.96291
6.96294
6.96296
6.96298
6.963
6.96302
6.96304
6.96305
6.96306
6.96307
6.96308
6.96309
6.9631
6.96311
6.96311
6.96312
6.96313
6.96313
6.96314
6.96315
6.96315
6.96316
6.96316
6.96316
6.96317
6.96317
6.96318
6.96318
6.96318
6.96318
6.96318
6.96318
6.96318
6.96318
6.96318
6.96317
6.96316
6.96316
6.96315
6.96313
6.96312
6.9631
6.96307
6.96305
6.74164
6.75962
6.77615
6.7914
6.80549
6.81855
6.83064
6.84187
6.85226
6.86191
6.87085
6.87914
6.88679
6.89389
6.90042
6.90647
6.91202
6.91713
6.92182
6.92613
6.93005
6.93364
6.9369
6.93987
6.94255
6.94497
6.94714
6.94908
6.95081
6.95234
6.95369
6.95488
6.95591
6.95681
6.95759
6.95826
6.95884
6.95934
6.95977
6.96014
6.96046
6.96074
6.96098
6.9612
6.96138
6.96155
6.96169
6.96182
6.96194
6.96204
6.96214
6.96222
6.9623
6.96237
6.96243
6.96248
6.96253
6.96258
6.96262
6.96266
6.9627
6.96273
6.96276
6.96279
6.96282
6.96284
6.96287
6.96289
6.96291
6.96293
6.96295
6.96296
6.96298
6.963
6.96301
6.96303
6.96304
6.96305
6.96306
6.96308
6.96309
6.9631
6.9631
6.96311
6.96312
6.96312
6.96313
6.96313
6.96313
6.96313
6.96313
6.96313
6.96312
6.96311
6.96311
6.96309
6.96308
6.96306
6.96304
6.96302
6.74292
6.76112
6.77788
6.79335
6.80763
6.82086
6.83309
6.84442
6.85489
6.86459
6.87354
6.88182
6.88945
6.89648
6.90295
6.9089
6.91435
6.91935
6.92391
6.92808
6.93186
6.9353
6.9384
6.9412
6.94372
6.94597
6.94797
6.94975
6.95132
6.9527
6.95391
6.95497
6.95588
6.95668
6.95737
6.95798
6.9585
6.95895
6.95935
6.9597
6.96001
6.96029
6.96053
6.96075
6.96094
6.96112
6.96128
6.96142
6.96155
6.96167
6.96178
6.96188
6.96197
6.96205
6.96213
6.9622
6.96226
6.96232
6.96237
6.96243
6.96247
6.96252
6.96256
6.9626
6.96263
6.96267
6.9627
6.96273
6.96276
6.96279
6.96282
6.96284
6.96287
6.96289
6.96291
6.96293
6.96295
6.96297
6.96298
6.963
6.96302
6.96303
6.96304
6.96305
6.96306
6.96307
6.96307
6.96308
6.96308
6.96308
6.96308
6.96308
6.96308
6.96307
6.96306
6.96305
6.96304
6.96302
6.96299
6.96298
6.74839
6.76646
6.78312
6.7985
6.8127
6.82583
6.83796
6.84918
6.85952
6.86908
6.87787
6.88598
6.89342
6.90026
6.90653
6.91227
6.9175
6.92227
6.9266
6.93054
6.93408
6.93729
6.94015
6.94273
6.94501
6.94705
6.94884
6.95042
6.95181
6.95303
6.95409
6.95503
6.95584
6.95655
6.95718
6.95773
6.95821
6.95864
6.95902
6.95937
6.95967
6.95995
6.9602
6.96042
6.96063
6.96082
6.96099
6.96114
6.96128
6.96141
6.96153
6.96164
6.96175
6.96184
6.96192
6.962
6.96208
6.96215
6.96221
6.96227
6.96233
6.96238
6.96243
6.96247
6.96252
6.96256
6.9626
6.96263
6.96267
6.9627
6.96273
6.96276
6.96279
6.96282
6.96284
6.96286
6.96289
6.96291
6.96293
6.96295
6.96296
6.96298
6.96299
6.963
6.96301
6.96302
6.96303
6.96303
6.96304
6.96304
6.96304
6.96303
6.96303
6.96302
6.96302
6.96301
6.96299
6.96298
6.96296
6.96294
6.75637
6.77411
6.79048
6.80558
6.81952
6.8324
6.84427
6.85522
6.8653
6.87458
6.88309
6.89091
6.89806
6.9046
6.91056
6.91599
6.92092
6.92538
6.92941
6.93304
6.93629
6.9392
6.94179
6.94409
6.94613
6.94793
6.94952
6.95092
6.95215
6.95323
6.95418
6.95502
6.95576
6.95642
6.957
6.95753
6.95799
6.95841
6.95879
6.95913
6.95944
6.95973
6.95998
6.96022
6.96043
6.96063
6.96081
6.96097
6.96112
6.96126
6.96139
6.96151
6.96161
6.96171
6.9618
6.96189
6.96197
6.96204
6.96211
6.96218
6.96224
6.96229
6.96235
6.9624
6.96244
6.96249
6.96253
6.96257
6.96261
6.96264
6.96267
6.96271
6.96274
6.96276
6.96279
6.96281
6.96284
6.96286
6.96288
6.9629
6.96291
6.96293
6.96294
6.96296
6.96297
6.96297
6.96298
6.96298
6.96299
6.96299
6.96299
6.96299
6.96298
6.96298
6.96297
6.96296
6.96295
6.96294
6.96292
6.96291
6.76553
6.78288
6.79888
6.81364
6.82723
6.83977
6.8513
6.8619
6.87162
6.88053
6.88867
6.89611
6.90289
6.90904
6.91462
6.91967
6.92422
6.92832
6.93199
6.93528
6.93821
6.94081
6.94313
6.94518
6.94699
6.9486
6.95002
6.95127
6.95239
6.95337
6.95425
6.95503
6.95573
6.95636
6.95693
6.95744
6.9579
6.95832
6.9587
6.95904
6.95936
6.95964
6.95991
6.96015
6.96036
6.96056
6.96074
6.96091
6.96107
6.96121
6.96134
6.96146
6.96157
6.96167
6.96176
6.96185
6.96193
6.962
6.96207
6.96214
6.9622
6.96226
6.96231
6.96236
6.96241
6.96246
6.9625
6.96254
6.96257
6.96261
6.96264
6.96267
6.9627
6.96273
6.96276
6.96278
6.9628
6.96282
6.96284
6.96286
6.96288
6.96289
6.9629
6.96291
6.96292
6.96293
6.96294
6.96294
6.96294
6.96294
6.96294
6.96294
6.96294
6.96293
6.96293
6.96292
6.96292
6.96291
6.9629
6.96289
6.77417
6.79117
6.80683
6.82124
6.83449
6.84666
6.85781
6.86802
6.87735
6.88585
6.89359
6.90061
6.90697
6.91272
6.9179
6.92256
6.92675
6.93049
6.93384
6.93682
6.93948
6.94185
6.94395
6.94582
6.94748
6.94896
6.95028
6.95146
6.95251
6.95345
6.9543
6.95506
6.95575
6.95637
6.95693
6.95744
6.9579
6.95832
6.9587
6.95905
6.95937
6.95965
6.95992
6.96016
6.96037
6.96057
6.96075
6.96092
6.96107
6.96121
6.96134
6.96146
6.96157
6.96167
6.96176
6.96185
6.96192
6.962
6.96207
6.96213
6.96219
6.96225
6.9623
6.96235
6.9624
6.96244
6.96248
6.96252
6.96256
6.96259
6.96262
6.96265
6.96268
6.96271
6.96273
6.96275
6.96277
6.96279
6.96281
6.96283
6.96284
6.96285
6.96287
6.96288
6.96288
6.96289
6.9629
6.9629
6.9629
6.9629
6.9629
6.9629
6.9629
6.9629
6.96289
6.96289
6.96289
6.96288
6.96288
6.96287
6.78248
6.79918
6.81452
6.82858
6.84146
6.85323
6.86398
6.87376
6.88265
6.89072
6.89802
6.90462
6.91056
6.91591
6.92072
6.92503
6.92889
6.93235
6.93543
6.93819
6.94065
6.94284
6.9448
6.94656
6.94812
6.94953
6.95078
6.95191
6.95292
6.95384
6.95466
6.9554
6.95607
6.95668
6.95722
6.95772
6.95817
6.95857
6.95894
6.95927
6.95957
6.95985
6.9601
6.96032
6.96053
6.96072
6.96089
6.96105
6.96119
6.96132
6.96144
6.96155
6.96165
6.96174
6.96183
6.96191
6.96198
6.96205
6.96211
6.96217
6.96223
6.96228
6.96232
6.96237
6.96241
6.96245
6.96249
6.96252
6.96255
6.96258
6.96261
6.96264
6.96266
6.96269
6.96271
6.96273
6.96275
6.96276
6.96278
6.96279
6.96281
6.96282
6.96283
6.96284
6.96285
6.96285
6.96286
6.96286
6.96287
6.96287
6.96287
6.96287
6.96287
6.96287
6.96287
6.96287
6.96287
6.96287
6.96286
6.96286
6.78562
6.80227
6.81753
6.83148
6.84422
6.85583
6.86639
6.87598
6.88467
6.89254
6.89965
6.90605
6.91182
6.91701
6.92167
6.92585
6.9296
6.93296
6.93596
6.93865
6.94106
6.94322
6.94516
6.94689
6.94844
6.94984
6.95109
6.95221
6.95322
6.95413
6.95494
6.95568
6.95634
6.95693
6.95747
6.95795
6.95839
6.95878
6.95914
6.95946
6.95975
6.96001
6.96025
6.96047
6.96066
6.96084
6.96101
6.96115
6.96129
6.96141
6.96152
6.96163
6.96172
6.96181
6.96189
6.96196
6.96203
6.96209
6.96215
6.9622
6.96225
6.9623
6.96234
6.96238
6.96242
6.96246
6.96249
6.96252
6.96255
6.96257
6.9626
6.96262
6.96264
6.96266
6.96268
6.9627
6.96272
6.96273
6.96275
6.96276
6.96277
6.96278
6.96279
6.9628
6.96281
6.96281
6.96282
6.96283
6.96283
6.96283
6.96284
6.96284
6.96284
6.96285
6.96285
6.96285
6.96285
6.96285
6.96285
6.96285
6.79078
6.80757
6.8229
6.83687
6.84958
6.86112
6.87157
6.88101
6.88952
6.89719
6.90409
6.91028
6.91583
6.9208
6.92525
6.92922
6.93277
6.93594
6.93876
6.94128
6.94353
6.94554
6.94733
6.94892
6.95034
6.95161
6.95274
6.95375
6.95465
6.95546
6.95618
6.95682
6.95739
6.95791
6.95837
6.95878
6.95915
6.95949
6.95979
6.96006
6.9603
6.96052
6.96072
6.9609
6.96106
6.96121
6.96134
6.96147
6.96158
6.96168
6.96177
6.96185
6.96193
6.962
6.96206
6.96212
6.96218
6.96223
6.96227
6.96232
6.96235
6.96239
6.96242
6.96246
6.96248
6.96251
6.96254
6.96256
6.96258
6.9626
6.96262
6.96264
6.96265
6.96267
6.96268
6.96269
6.9627
6.96271
6.96272
6.96273
6.96274
6.96275
6.96276
6.96276
6.96277
6.96278
6.96278
6.96279
6.96279
6.9628
6.96281
6.96281
6.96282
6.96282
6.96283
6.96283
6.96284
6.96284
6.96285
6.96285
)
;

boundaryField
{
    jetInlet
    {
        type            zeroGradient;
    }
    returnOutlet
    {
        type            fixedValue;
        value           uniform 0;
    }
    flatBed
    {
        type            zeroGradient;
    }
    slope
    {
        type            zeroGradient;
    }
    top
    {
        type            symmetryPlane;
    }
    frontAndBack
    {
        type            empty;
    }
    defaultFaces
    {
        type            empty;
    }
}


// ************************************************************************* //
