/*--------------------------------*- C++ -*----------------------------------*\
| =========                 |                                                 |
| \\      /  F ield         | OpenFOAM: The Open Source CFD Toolbox           |
|  \\    /   O peration     | Version:  2206                                  |
|   \\  /    A nd           | Website:  www.openfoam.com                      |
|    \\/     M anipulation  |                                                 |
\*---------------------------------------------------------------------------*/
FoamFile
{
    version     2.0;
    format      ascii;
    arch        "LSB;label=32;scalar=64";
    class       surfaceScalarField;
    location    "215";
    object      phi;
}
// * * * * * * * * * * * * * * * * * * * * * * * * * * * * * * * * * * * * * //

dimensions      [0 3 -1 0 0 0 0];

oriented        oriented;

internalField   nonuniform List<scalar> 
7860
(
0.0249749
2.50619e-05
0.0249739
1.047e-06
0.0249749
-1.034e-06
0.0249751
-2.17198e-07
0.0249751
3.75833e-08
0.024975
1.03401e-07
0.0249748
1.65885e-07
0.0249746
2.33369e-07
0.0249743
2.97999e-07
0.0249739
3.57829e-07
0.0249735
4.1284e-07
0.0249731
4.6311e-07
0.0249726
5.08658e-07
0.024972
5.49507e-07
0.0249714
5.85714e-07
0.0249708
6.17367e-07
0.0249702
6.44581e-07
0.0249695
6.67494e-07
0.0249688
6.86264e-07
0.0249681
7.01063e-07
0.0249674
7.12078e-07
0.0249667
7.19503e-07
0.024966
7.23539e-07
0.0249652
7.24393e-07
0.0249645
7.22271e-07
0.0249638
7.17382e-07
0.0249631
7.0993e-07
0.0249624
7.00119e-07
0.0249617
6.88145e-07
0.024961
6.742e-07
0.0249604
6.5847e-07
0.0249597
6.41131e-07
0.0249591
6.22355e-07
0.0249585
6.02302e-07
0.0249579
5.81126e-07
0.0249574
5.58973e-07
0.0249568
5.35979e-07
0.0249563
5.12271e-07
0.0249558
4.87971e-07
0.0249554
4.63188e-07
0.0249549
4.38028e-07
0.0249545
4.12586e-07
0.0249541
3.86952e-07
0.0249538
3.61208e-07
0.0249534
3.35428e-07
0.0249531
3.09683e-07
0.0249528
2.84035e-07
0.0249526
2.58543e-07
0.0249523
2.33258e-07
0.0249521
2.0823e-07
0.0249519
1.835e-07
0.0249518
1.59107e-07
0.0249517
1.35088e-07
0.0249515
1.11472e-07
0.0249515
8.82885e-08
0.0249514
6.55613e-08
0.0249513
4.3312e-08
0.0249513
2.15573e-08
0.0249513
3.04212e-10
0.0249513
-2.04294e-08
0.0249514
-4.0618e-08
0.0249514
-6.02498e-08
0.0249515
-7.9316e-08
0.0249516
-9.78086e-08
0.0249517
-1.15721e-07
0.0249519
-1.33048e-07
0.024952
-1.49785e-07
0.0249522
-1.65929e-07
0.0249524
-1.81478e-07
0.0249526
-1.9643e-07
0.0249528
-2.10783e-07
0.024953
-2.24537e-07
0.0249532
-2.37692e-07
0.0249535
-2.50247e-07
0.0249538
-2.62203e-07
0.024954
-2.73559e-07
0.0249543
-2.84317e-07
0.0249546
-2.94477e-07
0.0249549
-3.04037e-07
0.0249552
-3.12996e-07
0.0249555
-3.21354e-07
0.0249559
-3.29105e-07
0.0249562
-3.36247e-07
0.0249566
-3.42771e-07
0.0249569
-3.48668e-07
0.0249573
-3.53923e-07
0.0249576
-3.58517e-07
0.024958
-3.6242e-07
0.0249583
-3.65594e-07
0.0249587
-3.67978e-07
0.0249591
-3.69488e-07
0.0249595
-3.6999e-07
0.0249598
-3.69272e-07
0.0249602
-3.66971e-07
0.0249605
-3.62427e-07
0.0249609
-3.54313e-07
0.0249612
-3.39634e-07
0.0249616
-3.10859e-07
0.0249618
-2.43434e-07
-9.78213e-08
0.0250289
-3.82987e-06
0.025029
8.9948e-07
0.0250273
6.63372e-07
0.0250263
8.03055e-07
0.0250254
9.57302e-07
0.0250245
1.01987e-06
0.0250236
1.06827e-06
0.0250227
1.11956e-06
0.0250218
1.16876e-06
0.025021
1.21349e-06
0.0250201
1.25367e-06
0.0250193
1.28948e-06
0.0250185
1.32098e-06
0.0250177
1.34823e-06
0.0250169
1.37127e-06
0.0250161
1.3902e-06
0.0250154
1.40513e-06
0.0250146
1.41617e-06
0.0250139
1.42348e-06
0.0250132
1.42719e-06
0.0250124
1.42747e-06
0.0250117
1.42449e-06
0.025011
1.41841e-06
0.0250104
1.4094e-06
0.0250097
1.39766e-06
0.025009
1.38334e-06
0.0250084
1.36664e-06
0.0250077
1.34772e-06
0.0250071
1.32676e-06
0.0250065
1.30391e-06
0.0250058
1.27936e-06
0.0250052
1.25324e-06
0.0250046
1.22572e-06
0.025004
1.19694e-06
0.0250034
1.16704e-06
0.0250029
1.13616e-06
0.0250023
1.10441e-06
0.0250017
1.07192e-06
0.0250012
1.03881e-06
0.0250006
1.00518e-06
0.0250001
9.71137e-07
0.0249996
9.36768e-07
0.0249991
9.02164e-07
0.0249986
8.6741e-07
0.0249981
8.32582e-07
0.0249976
7.97752e-07
0.0249971
7.62988e-07
0.0249966
7.2835e-07
0.0249962
6.93897e-07
0.0249957
6.59681e-07
0.0249953
6.25751e-07
0.0249948
5.92151e-07
0.0249944
5.58923e-07
0.024994
5.26104e-07
0.0249936
4.93729e-07
0.0249932
4.61828e-07
0.0249928
4.30431e-07
0.0249924
3.99561e-07
0.0249921
3.69247e-07
0.0249917
3.39508e-07
0.0249914
3.10363e-07
0.024991
2.81828e-07
0.0249907
2.53918e-07
0.0249904
2.26649e-07
0.02499
2.00031e-07
0.0249897
1.74077e-07
0.0249894
1.48795e-07
0.0249891
1.24195e-07
0.0249889
1.00285e-07
0.0249886
7.70718e-08
0.0249883
5.45613e-08
0.0249881
3.2759e-08
0.0249878
1.16687e-08
0.0249876
-8.70596e-09
0.0249873
-2.83575e-08
0.0249871
-4.72783e-08
0.0249869
-6.54623e-08
0.0249867
-8.29038e-08
0.0249865
-9.95956e-08
0.0249863
-1.1553e-07
0.0249861
-1.30696e-07
0.0249859
-1.45082e-07
0.0249857
-1.58674e-07
0.0249856
-1.71452e-07
0.0249854
-1.83392e-07
0.0249852
-1.94462e-07
0.0249851
-2.04621e-07
0.0249849
-2.13812e-07
0.0249848
-2.21961e-07
0.0249847
-2.28961e-07
0.0249845
-2.34661e-07
0.0249844
-2.3884e-07
0.0249843
-2.4116e-07
0.0249841
-2.41088e-07
0.024984
-2.37737e-07
0.0249839
-2.2958e-07
0.0249838
-2.13904e-07
0.0249836
-1.85934e-07
0.0249835
-1.40124e-07
-5.62152e-08
0.0249977
-1.56519e-06
0.0249981
5.43359e-07
0.024998
7.31246e-07
0.0249981
7.39678e-07
0.0249982
8.16894e-07
0.0249984
8.73516e-07
0.0249985
9.18115e-07
0.0249987
9.62071e-07
0.0249988
1.00417e-06
0.024999
1.0427e-06
0.0249992
1.07747e-06
0.0249994
1.10867e-06
0.0249996
1.13635e-06
0.0249997
1.16057e-06
0.0249999
1.18137e-06
0.0250001
1.19883e-06
0.0250003
1.21305e-06
0.0250005
1.22413e-06
0.0250007
1.23217e-06
0.0250009
1.2373e-06
0.0250011
1.23964e-06
0.0250013
1.23932e-06
0.0250014
1.23648e-06
0.0250016
1.23126e-06
0.0250018
1.22378e-06
0.025002
1.21419e-06
0.0250021
1.20263e-06
0.0250023
1.18922e-06
0.0250024
1.1741e-06
0.0250026
1.15741e-06
0.0250027
1.13925e-06
0.0250029
1.11976e-06
0.025003
1.09906e-06
0.0250031
1.07725e-06
0.0250032
1.05444e-06
0.0250033
1.03075e-06
0.0250034
1.00626e-06
0.0250035
9.81071e-07
0.0250036
9.55276e-07
0.0250037
9.28958e-07
0.0250037
9.02196e-07
0.0250038
8.75068e-07
0.0250039
8.47643e-07
0.0250039
8.19991e-07
0.025004
7.92172e-07
0.025004
7.64248e-07
0.025004
7.36274e-07
0.025004
7.08301e-07
0.025004
6.80378e-07
0.0250041
6.5255e-07
0.0250041
6.24859e-07
0.0250041
5.97345e-07
0.025004
5.70045e-07
0.025004
5.42991e-07
0.025004
5.16216e-07
0.025004
4.89748e-07
0.0250039
4.63616e-07
0.0250039
4.37843e-07
0.0250039
4.12454e-07
0.0250038
3.87471e-07
0.0250038
3.62913e-07
0.0250037
3.38798e-07
0.0250036
3.15142e-07
0.0250036
2.91962e-07
0.0250035
2.69273e-07
0.0250034
2.47087e-07
0.0250034
2.25418e-07
0.0250033
2.04278e-07
0.0250032
1.83677e-07
0.0250031
1.63627e-07
0.025003
1.44137e-07
0.0250029
1.25217e-07
0.0250028
1.06878e-07
0.0250027
8.91301e-08
0.0250026
7.19826e-08
0.0250025
5.54456e-08
0.0250024
3.95298e-08
0.0250023
2.42471e-08
0.0250022
9.61051e-09
0.0250021
-4.36547e-09
0.025002
-1.76636e-08
0.0250019
-3.02635e-08
0.0250018
-4.21412e-08
0.0250016
-5.32679e-08
0.0250015
-6.3608e-08
0.0250014
-7.3117e-08
0.0250013
-8.17387e-08
0.0250011
-8.94003e-08
0.025001
-9.60066e-08
0.0250009
-1.0143e-07
0.0250008
-1.05498e-07
0.0250006
-1.07969e-07
0.0250005
-1.08503e-07
0.0250004
-1.06611e-07
0.0250002
-1.01585e-07
0.0250001
-9.24285e-08
0.025
-7.78698e-08
0.0249998
-5.6793e-08
0.0249997
-3.03132e-08
-8.11447e-09
0.0249988
-3.88251e-07
0.0249988
5.82693e-07
0.0249987
7.96987e-07
0.0249987
7.93269e-07
0.0249987
8.28912e-07
0.0249987
8.7156e-07
0.0249987
9.07296e-07
0.0249987
9.40119e-07
0.0249987
9.70671e-07
0.0249988
9.98177e-07
0.0249988
1.02248e-06
0.0249989
1.0437e-06
0.024999
1.06193e-06
0.024999
1.07725e-06
0.0249991
1.08971e-06
0.0249992
1.09942e-06
0.0249993
1.10646e-06
0.0249995
1.11095e-06
0.0249996
1.11299e-06
0.0249997
1.1127e-06
0.0249998
1.1102e-06
0.025
1.10561e-06
0.0250001
1.09904e-06
0.0250002
1.09063e-06
0.0250004
1.08049e-06
0.0250005
1.06874e-06
0.0250007
1.05549e-06
0.0250008
1.04087e-06
0.025001
1.02498e-06
0.0250011
1.00792e-06
0.0250013
9.89814e-07
0.0250014
9.70748e-07
0.0250016
9.50821e-07
0.0250017
9.30124e-07
0.0250019
9.08744e-07
0.025002
8.86765e-07
0.0250022
8.64264e-07
0.0250023
8.41316e-07
0.0250024
8.17992e-07
0.0250026
7.94358e-07
0.0250027
7.70476e-07
0.0250028
7.46405e-07
0.0250029
7.222e-07
0.0250031
6.97913e-07
0.0250032
6.73591e-07
0.0250033
6.4928e-07
0.0250034
6.25022e-07
0.0250035
6.00856e-07
0.0250036
5.76818e-07
0.0250037
5.52943e-07
0.0250038
5.29261e-07
0.0250039
5.05803e-07
0.025004
4.82594e-07
0.0250041
4.5966e-07
0.0250042
4.37025e-07
0.0250042
4.1471e-07
0.0250043
3.92735e-07
0.0250044
3.71118e-07
0.0250044
3.49878e-07
0.0250045
3.29029e-07
0.0250046
3.08586e-07
0.0250046
2.88563e-07
0.0250047
2.68971e-07
0.0250047
2.49824e-07
0.0250047
2.31131e-07
0.0250048
2.12903e-07
0.0250048
1.9515e-07
0.0250048
1.77881e-07
0.0250048
1.61105e-07
0.0250049
1.44831e-07
0.0250049
1.29067e-07
0.0250049
1.13822e-07
0.0250049
9.91043e-08
0.0250049
8.49235e-08
0.0250049
7.12887e-08
0.0250049
5.82097e-08
0.0250049
4.56975e-08
0.0250049
3.37642e-08
0.0250049
2.24236e-08
0.0250049
1.16916e-08
0.0250048
1.58667e-09
0.0250048
-7.86984e-09
0.0250048
-1.66521e-08
0.0250048
-2.4729e-08
0.0250047
-3.20628e-08
0.0250047
-3.8607e-08
0.0250047
-4.43036e-08
0.0250046
-4.90801e-08
0.0250046
-5.28442e-08
0.0250045
-5.54778e-08
0.0250045
-5.68291e-08
0.0250044
-5.67017e-08
0.0250044
-5.48446e-08
0.0250043
-5.09454e-08
0.0250043
-4.46443e-08
0.0250042
-3.56134e-08
0.0250042
-2.3806e-08
0.0250041
-1.01204e-08
0.0250041
2.19016e-09
3.67978e-09
0.0249994
1.73677e-07
0.0249994
6.42234e-07
0.0249994
8.02288e-07
0.0249994
8.06259e-07
0.0249994
8.24858e-07
0.0249994
8.56116e-07
0.0249994
8.84288e-07
0.0249994
9.08871e-07
0.0249995
9.30906e-07
0.0249995
9.50302e-07
0.0249996
9.66968e-07
0.0249996
9.80983e-07
0.0249997
9.92438e-07
0.0249998
1.00141e-06
0.0249999
1.00798e-06
0.025
1.01224e-06
0.025
1.01428e-06
0.0250001
1.0142e-06
0.0250002
1.01211e-06
0.0250003
1.00812e-06
0.0250005
1.00234e-06
0.0250006
9.94867e-07
0.0250007
9.85817e-07
0.0250008
9.75297e-07
0.0250009
9.63412e-07
0.025001
9.50265e-07
0.0250012
9.35958e-07
0.0250013
9.20588e-07
0.0250014
9.0425e-07
0.0250015
8.87037e-07
0.0250016
8.69034e-07
0.0250018
8.50327e-07
0.0250019
8.30996e-07
0.025002
8.11116e-07
0.0250021
7.9076e-07
0.0250022
7.69997e-07
0.0250023
7.48892e-07
0.0250025
7.27506e-07
0.0250026
7.05896e-07
0.0250027
6.84117e-07
0.0250028
6.62219e-07
0.0250029
6.40251e-07
0.025003
6.18256e-07
0.0250031
5.96276e-07
0.0250032
5.74351e-07
0.0250033
5.52515e-07
0.0250034
5.30804e-07
0.0250035
5.09247e-07
0.0250036
4.87875e-07
0.0250037
4.66713e-07
0.0250037
4.45787e-07
0.0250038
4.2512e-07
0.0250039
4.04733e-07
0.025004
3.84646e-07
0.025004
3.64877e-07
0.0250041
3.45443e-07
0.0250042
3.2636e-07
0.0250042
3.07641e-07
0.0250043
2.89301e-07
0.0250044
2.71352e-07
0.0250044
2.53804e-07
0.0250045
2.36668e-07
0.0250045
2.19954e-07
0.0250046
2.03671e-07
0.0250046
1.87828e-07
0.0250047
1.72433e-07
0.0250047
1.57493e-07
0.0250047
1.43015e-07
0.0250048
1.29008e-07
0.0250048
1.15478e-07
0.0250048
1.02432e-07
0.0250048
8.98783e-08
0.0250049
7.78236e-08
0.0250049
6.62761e-08
0.0250049
5.52442e-08
0.0250049
4.47369e-08
0.0250049
3.47646e-08
0.0250049
2.53386e-08
0.0250049
1.64721e-08
0.0250049
8.1802e-09
0.0250049
4.80339e-10
0.0250049
-6.60696e-09
0.0250049
-1.30575e-08
0.0250049
-1.88425e-08
0.0250049
-2.39273e-08
0.0250049
-2.82705e-08
0.0250049
-3.1822e-08
0.0250049
-3.45209e-08
0.0250049
-3.62941e-08
0.0250048
-3.70534e-08
0.0250048
-3.66947e-08
0.0250048
-3.50986e-08
0.0250048
-3.21384e-08
0.0250048
-2.77015e-08
0.0250047
-2.17425e-08
0.0250047
-1.43986e-08
0.0250047
-6.21525e-09
0.0250047
1.46913e-09
0.0250047
6.10107e-09
3.6254e-09
0.0249997
4.38416e-07
0.0249997
6.76041e-07
0.0249997
7.81934e-07
0.0249997
7.9122e-07
0.0249998
8.02974e-07
0.0249998
8.25339e-07
0.0249998
8.46564e-07
0.0249999
8.6439e-07
0.0249999
8.79668e-07
0.025
8.92659e-07
0.025
9.03352e-07
0.0250001
9.11797e-07
0.0250002
9.18076e-07
0.0250003
9.22269e-07
0.0250004
9.24458e-07
0.0250004
9.24729e-07
0.0250005
9.23175e-07
0.0250006
9.19888e-07
0.0250007
9.14966e-07
0.0250008
9.08504e-07
0.0250009
9.00599e-07
0.025001
8.91347e-07
0.0250011
8.80842e-07
0.0250012
8.69179e-07
0.0250013
8.56448e-07
0.0250015
8.42738e-07
0.0250016
8.28135e-07
0.0250017
8.12722e-07
0.0250018
7.96578e-07
0.0250019
7.79781e-07
0.025002
7.62403e-07
0.0250021
7.44515e-07
0.0250022
7.26182e-07
0.0250023
7.07468e-07
0.0250024
6.88433e-07
0.0250025
6.69133e-07
0.0250026
6.4962e-07
0.0250027
6.29946e-07
0.0250028
6.10156e-07
0.0250029
5.90296e-07
0.025003
5.70405e-07
0.0250031
5.50523e-07
0.0250032
5.30685e-07
0.0250033
5.10926e-07
0.0250033
4.91276e-07
0.0250034
4.71764e-07
0.0250035
4.52417e-07
0.0250036
4.33261e-07
0.0250036
4.14318e-07
0.0250037
3.9561e-07
0.0250038
3.77156e-07
0.0250038
3.58976e-07
0.0250039
3.41085e-07
0.025004
3.235e-07
0.025004
3.06235e-07
0.0250041
2.89304e-07
0.0250041
2.72718e-07
0.0250042
2.5649e-07
0.0250042
2.4063e-07
0.0250043
2.25147e-07
0.0250043
2.1005e-07
0.0250044
1.95348e-07
0.0250044
1.81048e-07
0.0250045
1.67158e-07
0.0250045
1.53684e-07
0.0250045
1.40634e-07
0.0250045
1.28013e-07
0.0250046
1.15828e-07
0.0250046
1.04084e-07
0.0250046
9.2788e-08
0.0250046
8.19454e-08
0.0250047
7.15627e-08
0.0250047
6.16463e-08
0.0250047
5.22033e-08
0.0250047
4.32409e-08
0.0250047
3.47673e-08
0.0250047
2.67914e-08
0.0250047
1.93235e-08
0.0250047
1.2375e-08
0.0250047
5.9592e-09
0.0250047
9.11473e-11
0.0250047
-5.21171e-09
0.0250047
-9.92911e-09
0.0250047
-1.40375e-08
0.0250047
-1.75096e-08
0.0250047
-2.03137e-08
0.0250047
-2.24132e-08
0.0250047
-2.37669e-08
0.0250047
-2.43285e-08
0.0250047
-2.4049e-08
0.0250047
-2.28798e-08
0.0250046
-2.07816e-08
0.0250046
-1.77401e-08
0.0250046
-1.37965e-08
0.0250046
-9.1003e-09
0.0250046
-3.99408e-09
0.0250046
8.7015e-10
0.0250046
4.42796e-09
0.0250046
5.29684e-09
2.44188e-09
0.0249999
5.53924e-07
0.0249999
6.81055e-07
0.0249999
7.48074e-07
0.0249999
7.58697e-07
0.025
7.67267e-07
0.025
7.82916e-07
0.0250001
7.98121e-07
0.0250001
8.10425e-07
0.0250002
8.20378e-07
0.0250003
8.28359e-07
0.0250003
8.34416e-07
0.0250004
8.38587e-07
0.0250005
8.40945e-07
0.0250006
8.41567e-07
0.0250006
8.40533e-07
0.0250007
8.37925e-07
0.0250008
8.33826e-07
0.0250009
8.28323e-07
0.025001
8.21502e-07
0.0250011
8.13448e-07
0.0250012
8.04245e-07
0.0250013
7.93978e-07
0.0250014
7.82729e-07
0.0250015
7.70577e-07
0.0250016
7.57601e-07
0.0250017
7.43876e-07
0.0250018
7.29474e-07
0.0250019
7.14465e-07
0.025002
6.98916e-07
0.0250021
6.82891e-07
0.0250022
6.66449e-07
0.0250023
6.4965e-07
0.0250024
6.32548e-07
0.0250024
6.15195e-07
0.0250025
5.97638e-07
0.0250026
5.79925e-07
0.0250027
5.62099e-07
0.0250028
5.442e-07
0.0250029
5.26266e-07
0.025003
5.08332e-07
0.025003
4.90433e-07
0.0250031
4.72598e-07
0.0250032
4.54858e-07
0.0250033
4.37238e-07
0.0250033
4.19763e-07
0.0250034
4.02458e-07
0.0250035
3.85342e-07
0.0250035
3.68437e-07
0.0250036
3.51761e-07
0.0250037
3.3533e-07
0.0250037
3.1916e-07
0.0250038
3.03266e-07
0.0250038
2.87662e-07
0.0250039
2.72359e-07
0.0250039
2.5737e-07
0.025004
2.42703e-07
0.025004
2.28371e-07
0.0250041
2.1438e-07
0.0250041
2.00741e-07
0.0250041
1.87459e-07
0.0250042
1.74543e-07
0.0250042
1.61998e-07
0.0250042
1.49832e-07
0.0250043
1.38049e-07
0.0250043
1.26655e-07
0.0250043
1.15656e-07
0.0250044
1.05057e-07
0.0250044
9.48614e-08
0.0250044
8.50756e-08
0.0250044
7.57039e-08
0.0250044
6.67512e-08
0.0250044
5.82227e-08
0.0250045
5.01237e-08
0.0250045
4.24598e-08
0.0250045
3.5237e-08
0.0250045
2.84618e-08
0.0250045
2.21417e-08
0.0250045
1.62846e-08
0.0250045
1.08996e-08
0.0250045
5.99702e-09
0.0250045
1.58812e-09
0.0250045
-2.31415e-09
0.0250045
-5.69539e-09
0.0250045
-8.53948e-09
0.0250045
-1.08287e-08
0.0250045
-1.2544e-08
0.0250044
-1.36652e-08
0.0250044
-1.41727e-08
0.0250044
-1.40491e-08
0.0250044
-1.3283e-08
0.0250044
-1.18756e-08
0.0250044
-9.85064e-09
0.0250044
-7.27136e-09
0.0250044
-4.26495e-09
0.0250044
-1.05704e-09
0.0250044
1.98905e-09
0.0250044
4.34687e-09
0.0250044
5.36728e-09
0.0250044
4.48767e-09
1.76492e-09
0.025
5.91612e-07
0.025
6.63612e-07
0.025
7.05383e-07
0.0250001
7.14993e-07
0.0250001
7.21476e-07
0.0250002
7.32072e-07
0.0250002
7.42326e-07
0.0250003
7.50212e-07
0.0250003
7.56044e-07
0.0250004
7.60191e-07
0.0250005
7.62736e-07
0.0250006
7.63713e-07
0.0250006
7.63186e-07
0.0250007
7.61228e-07
0.0250008
7.57914e-07
0.0250009
7.53319e-07
0.025001
7.47519e-07
0.0250011
7.40591e-07
0.0250011
7.3261e-07
0.0250012
7.23651e-07
0.0250013
7.13787e-07
0.0250014
7.03092e-07
0.0250015
6.91636e-07
0.0250016
6.79485e-07
0.0250017
6.66707e-07
0.0250018
6.53364e-07
0.0250019
6.39518e-07
0.025002
6.25227e-07
0.025002
6.10545e-07
0.0250021
5.95527e-07
0.0250022
5.80221e-07
0.0250023
5.64676e-07
0.0250024
5.48937e-07
0.0250025
5.33044e-07
0.0250026
5.17039e-07
0.0250026
5.00959e-07
0.0250027
4.84839e-07
0.0250028
4.68711e-07
0.0250029
4.52606e-07
0.0250029
4.36553e-07
0.025003
4.20578e-07
0.0250031
4.04707e-07
0.0250031
3.88962e-07
0.0250032
3.73365e-07
0.0250033
3.57936e-07
0.0250033
3.42693e-07
0.0250034
3.27653e-07
0.0250034
3.12832e-07
0.0250035
2.98245e-07
0.0250035
2.83905e-07
0.0250036
2.69824e-07
0.0250036
2.56014e-07
0.0250037
2.42486e-07
0.0250037
2.29249e-07
0.0250038
2.16312e-07
0.0250038
2.03683e-07
0.0250038
1.91371e-07
0.0250039
1.79382e-07
0.0250039
1.67722e-07
0.0250039
1.56398e-07
0.025004
1.45415e-07
0.025004
1.34777e-07
0.025004
1.24491e-07
0.025004
1.1456e-07
0.0250041
1.04989e-07
0.0250041
9.57813e-08
0.0250041
8.69414e-08
0.0250041
7.84729e-08
0.0250041
7.03795e-08
0.0250042
6.26649e-08
0.0250042
5.53329e-08
0.0250042
4.83872e-08
0.0250042
4.18319e-08
0.0250042
3.56709e-08
0.0250042
2.99088e-08
0.0250042
2.45501e-08
0.0250042
1.96e-08
0.0250042
1.50639e-08
0.0250042
1.09478e-08
0.0250042
7.25821e-09
0.0250042
4.00199e-09
0.0250042
1.18656e-09
0.0250042
-1.18039e-09
0.0250042
-3.09111e-09
0.0250042
-4.53827e-09
0.0250042
-5.51568e-09
0.0250042
-6.01948e-09
0.0250042
-6.05003e-09
0.0250041
-5.61474e-09
0.0250041
-4.7324e-09
0.0250041
-3.43942e-09
0.0250041
-1.79879e-09
0.0250041
8.80807e-11
0.0250041
2.06695e-09
0.0250041
3.91691e-09
0.0250041
5.34513e-09
0.0250041
6.00791e-09
0.0250041
5.58735e-09
0.0250041
3.95446e-09
1.4231e-09
0.025
5.87065e-07
0.025
6.30328e-07
0.0250001
6.5624e-07
0.0250001
6.63875e-07
0.0250002
6.68571e-07
0.0250002
6.7535e-07
0.0250003
6.81697e-07
0.0250004
6.86144e-07
0.0250004
6.8886e-07
0.0250005
6.90154e-07
0.0250006
6.9012e-07
0.0250007
6.88794e-07
0.0250007
6.86232e-07
0.0250008
6.82502e-07
0.0250009
6.77671e-07
0.025001
6.71807e-07
0.0250011
6.64978e-07
0.0250011
6.57251e-07
0.0250012
6.48691e-07
0.0250013
6.39363e-07
0.0250014
6.29331e-07
0.0250015
6.18657e-07
0.0250016
6.07399e-07
0.0250016
5.95616e-07
0.0250017
5.83362e-07
0.0250018
5.70691e-07
0.0250019
5.57654e-07
0.025002
5.44297e-07
0.0250021
5.30668e-07
0.0250021
5.1681e-07
0.0250022
5.02764e-07
0.0250023
4.88568e-07
0.0250024
4.74259e-07
0.0250024
4.59872e-07
0.0250025
4.45438e-07
0.0250026
4.30989e-07
0.0250026
4.16551e-07
0.0250027
4.02153e-07
0.0250028
3.87817e-07
0.0250028
3.73568e-07
0.0250029
3.59426e-07
0.025003
3.45412e-07
0.025003
3.31544e-07
0.0250031
3.17838e-07
0.0250031
3.04311e-07
0.0250032
2.90977e-07
0.0250032
2.7785e-07
0.0250033
2.64942e-07
0.0250033
2.52265e-07
0.0250034
2.3983e-07
0.0250034
2.27645e-07
0.0250034
2.15721e-07
0.0250035
2.04065e-07
0.0250035
1.92685e-07
0.0250036
1.81588e-07
0.0250036
1.7078e-07
0.0250036
1.60268e-07
0.0250037
1.50057e-07
0.0250037
1.40151e-07
0.0250037
1.30556e-07
0.0250037
1.21275e-07
0.0250038
1.12313e-07
0.0250038
1.03674e-07
0.0250038
9.53593e-08
0.0250038
8.73738e-08
0.0250038
7.97201e-08
0.0250038
7.24011e-08
0.0250039
6.54194e-08
0.0250039
5.87778e-08
0.0250039
5.24787e-08
0.0250039
4.65247e-08
0.0250039
4.09183e-08
0.0250039
3.5662e-08
0.0250039
3.07582e-08
0.0250039
2.62095e-08
0.0250039
2.20185e-08
0.0250039
1.81877e-08
0.0250039
1.47199e-08
0.0250039
1.16177e-08
0.0250039
8.88346e-09
0.0250039
6.51947e-09
0.0250039
4.52749e-09
0.0250039
2.90846e-09
0.0250039
1.66208e-09
0.0250039
7.8603e-10
0.0250039
2.75059e-10
0.0250039
1.19454e-10
0.0250039
3.03121e-10
0.0250039
8.0076e-10
0.0250039
1.57424e-09
0.0250038
2.56778e-09
0.0250038
3.7023e-09
0.0250038
4.8693e-09
0.0250038
5.92626e-09
0.0250038
6.69689e-09
0.0250038
6.98323e-09
0.0250038
6.59886e-09
0.0250038
5.43274e-09
0.0250038
3.53764e-09
1.21875e-09
0.025
5.58941e-07
0.0250001
5.86435e-07
0.0250001
6.02415e-07
0.0250002
6.07906e-07
0.0250002
6.10977e-07
0.0250003
6.14888e-07
0.0250004
6.18266e-07
0.0250004
6.20127e-07
0.0250005
6.20564e-07
0.0250006
6.19817e-07
0.0250006
6.17976e-07
0.0250007
6.1508e-07
0.0250008
6.11177e-07
0.0250009
6.06328e-07
0.0250009
6.00595e-07
0.025001
5.94036e-07
0.0250011
5.86712e-07
0.0250012
5.78679e-07
0.0250013
5.69995e-07
0.0250013
5.60715e-07
0.0250014
5.50893e-07
0.0250015
5.4058e-07
0.0250016
5.29828e-07
0.0250016
5.18684e-07
0.0250017
5.07193e-07
0.0250018
4.95401e-07
0.0250019
4.83349e-07
0.0250019
4.71076e-07
0.025002
4.5862e-07
0.0250021
4.46017e-07
0.0250022
4.333e-07
0.0250022
4.20501e-07
0.0250023
4.07649e-07
0.0250024
3.94773e-07
0.0250024
3.81897e-07
0.0250025
3.69047e-07
0.0250025
3.56245e-07
0.0250026
3.43513e-07
0.0250027
3.30869e-07
0.0250027
3.18333e-07
0.0250028
3.05921e-07
0.0250028
2.9365e-07
0.0250029
2.81533e-07
0.0250029
2.69584e-07
0.025003
2.57816e-07
0.025003
2.4624e-07
0.0250031
2.34867e-07
0.0250031
2.23707e-07
0.0250031
2.12768e-07
0.0250032
2.0206e-07
0.0250032
1.9159e-07
0.0250032
1.81364e-07
0.0250033
1.71389e-07
0.0250033
1.61672e-07
0.0250033
1.52217e-07
0.0250034
1.4303e-07
0.0250034
1.34115e-07
0.0250034
1.25476e-07
0.0250034
1.17117e-07
0.0250035
1.09042e-07
0.0250035
1.01253e-07
0.0250035
9.37542e-08
0.0250035
8.65477e-08
0.0250035
7.96361e-08
0.0250035
7.30215e-08
0.0250036
6.67062e-08
0.0250036
6.06919e-08
0.0250036
5.49804e-08
0.0250036
4.95735e-08
0.0250036
4.44724e-08
0.0250036
3.96785e-08
0.0250036
3.51931e-08
0.0250036
3.10172e-08
0.0250036
2.71516e-08
0.0250036
2.3597e-08
0.0250036
2.03539e-08
0.0250036
1.74225e-08
0.0250036
1.48026e-08
0.0250036
1.24935e-08
0.0250036
1.04939e-08
0.0250036
8.80165e-09
0.0250036
7.41332e-09
0.0250036
6.32394e-09
0.0250036
5.52633e-09
0.0250036
5.01036e-09
0.0250036
4.76196e-09
0.0250036
4.76174e-09
0.0250036
4.98336e-09
0.0250036
5.39134e-09
0.0250036
5.93867e-09
0.0250036
6.56401e-09
0.0250036
7.18935e-09
0.0250036
7.7187e-09
0.0250036
8.03979e-09
0.0250036
8.03134e-09
0.0250036
7.57944e-09
0.0250036
6.60583e-09
0.0250036
5.10689e-09
0.0250036
3.1893e-09
1.07705e-09
0.025
5.17177e-07
0.0250001
5.35554e-07
0.0250001
5.45257e-07
0.0250002
5.4881e-07
0.0250003
5.50462e-07
0.0250003
5.52257e-07
0.0250004
5.53467e-07
0.0250005
5.53469e-07
0.0250005
5.52318e-07
0.0250006
5.50192e-07
0.0250007
5.47174e-07
0.0250007
5.433e-07
0.0250008
5.38614e-07
0.0250009
5.33171e-07
0.025001
5.27024e-07
0.025001
5.20223e-07
0.0250011
5.12821e-07
0.0250012
5.04866e-07
0.0250013
4.96407e-07
0.0250013
4.87491e-07
0.0250014
4.78163e-07
0.0250015
4.68466e-07
0.0250015
4.58443e-07
0.0250016
4.48132e-07
0.0250017
4.37573e-07
0.0250018
4.26801e-07
0.0250018
4.15851e-07
0.0250019
4.04754e-07
0.025002
3.93543e-07
0.025002
3.82245e-07
0.0250021
3.70887e-07
0.0250021
3.59496e-07
0.0250022
3.48095e-07
0.0250023
3.36707e-07
0.0250023
3.25352e-07
0.0250024
3.14049e-07
0.0250024
3.02818e-07
0.0250025
2.91674e-07
0.0250025
2.80634e-07
0.0250026
2.69711e-07
0.0250026
2.5892e-07
0.0250027
2.48273e-07
0.0250027
2.37782e-07
0.0250028
2.27456e-07
0.0250028
2.17307e-07
0.0250028
2.07343e-07
0.0250029
1.97572e-07
0.0250029
1.88002e-07
0.0250029
1.7864e-07
0.025003
1.69493e-07
0.025003
1.60566e-07
0.025003
1.51866e-07
0.0250031
1.43397e-07
0.0250031
1.35163e-07
0.0250031
1.27169e-07
0.0250031
1.19419e-07
0.0250032
1.11916e-07
0.0250032
1.04663e-07
0.0250032
9.76636e-08
0.0250032
9.09196e-08
0.0250032
8.44336e-08
0.0250032
7.82076e-08
0.0250033
7.22437e-08
0.0250033
6.65435e-08
0.0250033
6.11084e-08
0.0250033
5.59398e-08
0.0250033
5.10387e-08
0.0250033
4.64059e-08
0.0250033
4.20422e-08
0.0250033
3.79481e-08
0.0250033
3.41238e-08
0.0250033
3.05692e-08
0.0250033
2.72841e-08
0.0250033
2.42678e-08
0.0250033
2.15193e-08
0.0250033
1.90372e-08
0.0250033
1.68194e-08
0.0250033
1.48632e-08
0.0250033
1.31651e-08
0.0250033
1.17204e-08
0.0250033
1.05233e-08
0.0250033
9.56629e-09
0.0250033
8.8396e-09
0.0250033
8.33102e-09
0.0250033
8.02494e-09
0.0250033
7.90163e-09
0.0250033
7.93617e-09
0.0250033
8.09732e-09
0.0250033
8.34626e-09
0.0250033
8.63542e-09
0.0250033
8.90758e-09
0.0250033
9.09599e-09
0.0250033
9.126e-09
0.0250033
8.91976e-09
0.0250033
8.40487e-09
0.0250033
7.52845e-09
0.0250033
6.27537e-09
0.0250033
4.68641e-09
0.0250033
2.86386e-09
9.59323e-10
0.025
4.67502e-07
0.0250001
4.80259e-07
0.0250002
4.85943e-07
0.0250002
4.87915e-07
0.0250003
4.88417e-07
0.0250004
4.88709e-07
0.0250004
4.88419e-07
0.0250005
4.87169e-07
0.0250005
4.84997e-07
0.0250006
4.82033e-07
0.0250007
4.78346e-07
0.0250008
4.73974e-07
0.0250008
4.68954e-07
0.0250009
4.63333e-07
0.025001
4.57156e-07
0.025001
4.50469e-07
0.0250011
4.43314e-07
0.0250012
4.35733e-07
0.0250012
4.27766e-07
0.0250013
4.19454e-07
0.0250014
4.10832e-07
0.0250014
4.01938e-07
0.0250015
3.92805e-07
0.0250016
3.83467e-07
0.0250016
3.73954e-07
0.0250017
3.64297e-07
0.0250018
3.54522e-07
0.0250018
3.44657e-07
0.0250019
3.34726e-07
0.0250019
3.24753e-07
0.025002
3.14758e-07
0.025002
3.04763e-07
0.0250021
2.94787e-07
0.0250022
2.84848e-07
0.0250022
2.74962e-07
0.0250023
2.65145e-07
0.0250023
2.55411e-07
0.0250023
2.45773e-07
0.0250024
2.36244e-07
0.0250024
2.26835e-07
0.0250025
2.17558e-07
0.0250025
2.08421e-07
0.0250026
1.99434e-07
0.0250026
1.90605e-07
0.0250026
1.81942e-07
0.0250027
1.73453e-07
0.0250027
1.65142e-07
0.0250027
1.57017e-07
0.0250028
1.49084e-07
0.0250028
1.41346e-07
0.0250028
1.33809e-07
0.0250028
1.26476e-07
0.0250029
1.19353e-07
0.0250029
1.12441e-07
0.0250029
1.05745e-07
0.0250029
9.92677e-08
0.0250029
9.30108e-08
0.025003
8.69771e-08
0.025003
8.11687e-08
0.025003
7.55873e-08
0.025003
7.02348e-08
0.025003
6.51124e-08
0.025003
6.02215e-08
0.025003
5.5563e-08
0.025003
5.11378e-08
0.0250031
4.69464e-08
0.0250031
4.29893e-08
0.0250031
3.92665e-08
0.0250031
3.5778e-08
0.0250031
3.25235e-08
0.0250031
2.95021e-08
0.0250031
2.67129e-08
0.0250031
2.41544e-08
0.0250031
2.18247e-08
0.0250031
1.97214e-08
0.0250031
1.78413e-08
0.0250031
1.61807e-08
0.0250031
1.47348e-08
0.0250031
1.34978e-08
0.0250031
1.24626e-08
0.0250031
1.16206e-08
0.0250031
1.09613e-08
0.0250031
1.04719e-08
0.0250031
1.0137e-08
0.0250031
9.93796e-09
0.0250031
9.85247e-09
0.0250031
9.85375e-09
0.0250031
9.91007e-09
0.0250031
9.98436e-09
0.0250031
1.00339e-08
0.0250031
1.00112e-08
0.0250031
9.86462e-09
0.0250031
9.5424e-09
0.0250031
8.99689e-09
0.0250031
8.19227e-09
0.0250031
7.11377e-09
0.0250031
5.77691e-09
0.0250031
4.23264e-09
0.0250031
2.56184e-09
8.56043e-10
0.0250001
4.13131e-07
0.0250001
4.22237e-07
0.0250002
4.25339e-07
0.0250002
4.26121e-07
0.0250003
4.25773e-07
0.0250004
4.25065e-07
0.0250004
4.23819e-07
0.0250005
4.21814e-07
0.0250006
4.19079e-07
0.0250006
4.1571e-07
0.0250007
4.11763e-07
0.0250008
4.07272e-07
0.0250008
4.02271e-07
0.0250009
3.96798e-07
0.025001
3.90893e-07
0.025001
3.84593e-07
0.0250011
3.77934e-07
0.0250012
3.7095e-07
0.0250012
3.63676e-07
0.0250013
3.56142e-07
0.0250013
3.48381e-07
0.0250014
3.40422e-07
0.0250015
3.32293e-07
0.0250015
3.2402e-07
0.0250016
3.15629e-07
0.0250016
3.07143e-07
0.0250017
2.98585e-07
0.0250017
2.89976e-07
0.0250018
2.81336e-07
0.0250019
2.72684e-07
0.0250019
2.64036e-07
0.025002
2.5541e-07
0.025002
2.46819e-07
0.025002
2.38279e-07
0.0250021
2.29803e-07
0.0250021
2.21402e-07
0.0250022
2.13089e-07
0.0250022
2.04873e-07
0.0250023
1.96764e-07
0.0250023
1.88772e-07
0.0250023
1.80904e-07
0.0250024
1.73168e-07
0.0250024
1.65572e-07
0.0250024
1.58121e-07
0.0250025
1.50822e-07
0.0250025
1.43681e-07
0.0250025
1.36702e-07
0.0250026
1.2989e-07
0.0250026
1.23249e-07
0.0250026
1.16783e-07
0.0250026
1.10496e-07
0.0250026
1.04391e-07
0.0250027
9.84699e-08
0.0250027
9.27367e-08
0.0250027
8.71933e-08
0.0250027
8.18419e-08
0.0250027
7.66843e-08
0.0250028
7.17222e-08
0.0250028
6.69571e-08
0.0250028
6.23904e-08
0.0250028
5.80231e-08
0.0250028
5.3856e-08
0.0250028
4.98899e-08
0.0250028
4.61254e-08
0.0250028
4.25626e-08
0.0250028
3.92017e-08
0.0250028
3.60425e-08
0.0250029
3.30845e-08
0.0250029
3.0327e-08
0.0250029
2.77691e-08
0.0250029
2.54092e-08
0.0250029
2.32455e-08
0.0250029
2.12758e-08
0.0250029
1.94971e-08
0.0250029
1.7906e-08
0.0250029
1.64982e-08
0.0250029
1.52685e-08
0.0250029
1.42109e-08
0.0250029
1.33181e-08
0.0250029
1.25813e-08
0.0250029
1.19902e-08
0.0250029
1.15328e-08
0.0250029
1.11946e-08
0.0250029
1.09591e-08
0.0250029
1.08068e-08
0.0250029
1.07152e-08
0.0250029
1.06584e-08
0.0250029
1.06076e-08
0.0250029
1.05303e-08
0.0250029
1.03917e-08
0.0250029
1.01553e-08
0.0250029
9.78547e-09
0.0250029
9.24967e-09
0.0250029
8.52327e-09
0.0250029
7.59425e-09
0.0250029
6.46821e-09
0.0250029
5.17144e-09
0.0250029
3.74966e-09
0.0250029
2.25888e-09
7.54848e-10
0.0250001
3.5611e-07
0.0250001
3.62687e-07
0.0250002
3.64148e-07
0.0250002
3.64112e-07
0.0250003
3.63211e-07
0.0250004
3.61918e-07
0.0250004
3.60153e-07
0.0250005
3.57794e-07
0.0250006
3.54866e-07
0.0250006
3.51437e-07
0.0250007
3.47553e-07
0.0250007
3.43244e-07
0.0250008
3.38538e-07
0.0250009
3.33468e-07
0.0250009
3.28066e-07
0.025001
3.22363e-07
0.0250011
3.16388e-07
0.0250011
3.1017e-07
0.0250012
3.03736e-07
0.0250012
2.97112e-07
0.0250013
2.90323e-07
0.0250014
2.83393e-07
0.0250014
2.76344e-07
0.0250015
2.69197e-07
0.0250015
2.61974e-07
0.0250016
2.54692e-07
0.0250016
2.47369e-07
0.0250017
2.40023e-07
0.0250017
2.32669e-07
0.0250018
2.25321e-07
0.0250018
2.17994e-07
0.0250019
2.10699e-07
0.0250019
2.0345e-07
0.0250019
1.96256e-07
0.025002
1.89129e-07
0.025002
1.82077e-07
0.0250021
1.7511e-07
0.0250021
1.68236e-07
0.0250021
1.61461e-07
0.0250022
1.54794e-07
0.0250022
1.48241e-07
0.0250022
1.41807e-07
0.0250023
1.35498e-07
0.0250023
1.29319e-07
0.0250023
1.23275e-07
0.0250023
1.17369e-07
0.0250024
1.11606e-07
0.0250024
1.0599e-07
0.0250024
1.00523e-07
0.0250024
9.52077e-08
0.0250025
9.00479e-08
0.0250025
8.50457e-08
0.0250025
8.02031e-08
0.0250025
7.55222e-08
0.0250025
7.10047e-08
0.0250025
6.66522e-08
0.0250026
6.2466e-08
0.0250026
5.84474e-08
0.0250026
5.45974e-08
0.0250026
5.09168e-08
0.0250026
4.74062e-08
0.0250026
4.40663e-08
0.0250026
4.08972e-08
0.0250026
3.78992e-08
0.0250026
3.5072e-08
0.0250026
3.24154e-08
0.0250027
2.99289e-08
0.0250027
2.76115e-08
0.0250027
2.54622e-08
0.0250027
2.34794e-08
0.0250027
2.16613e-08
0.0250027
2.00055e-08
0.0250027
1.85091e-08
0.0250027
1.71688e-08
0.0250027
1.59804e-08
0.0250027
1.49389e-08
0.0250027
1.40385e-08
0.0250027
1.32725e-08
0.0250027
1.26327e-08
0.0250027
1.21098e-08
0.0250027
1.16929e-08
0.0250027
1.13696e-08
0.0250027
1.11252e-08
0.0250027
1.09436e-08
0.0250027
1.0806e-08
0.0250027
1.06918e-08
0.0250027
1.0578e-08
0.0250027
1.04401e-08
0.0250027
1.02519e-08
0.0250027
9.987e-09
0.0250027
9.61984e-09
0.0250027
9.12766e-09
0.0250027
8.49298e-09
0.0250027
7.7064e-09
0.0250027
6.76937e-09
0.0250027
5.696e-09
0.0250027
4.51277e-09
0.0250027
3.25495e-09
0.0250027
1.95943e-09
6.55515e-10
0.0250001
2.97595e-07
0.0250001
3.02354e-07
0.0250002
3.0282e-07
0.0250002
3.02294e-07
0.0250003
3.01113e-07
0.0250004
2.99568e-07
0.0250004
2.9763e-07
0.0250005
2.95235e-07
0.0250006
2.92403e-07
0.0250006
2.89185e-07
0.0250007
2.85616e-07
0.0250007
2.8172e-07
0.0250008
2.77523e-07
0.0250009
2.7305e-07
0.0250009
2.68326e-07
0.025001
2.63377e-07
0.025001
2.58227e-07
0.0250011
2.52898e-07
0.0250012
2.47411e-07
0.0250012
2.41788e-07
0.0250013
2.36047e-07
0.0250013
2.30209e-07
0.0250014
2.2429e-07
0.0250014
2.18307e-07
0.0250015
2.12276e-07
0.0250015
2.06212e-07
0.0250016
2.00129e-07
0.0250016
1.94039e-07
0.0250017
1.87954e-07
0.0250017
1.81887e-07
0.0250017
1.75848e-07
0.0250018
1.69846e-07
0.0250018
1.63891e-07
0.0250019
1.5799e-07
0.0250019
1.52153e-07
0.0250019
1.46386e-07
0.025002
1.40696e-07
0.025002
1.35089e-07
0.025002
1.29571e-07
0.0250021
1.24148e-07
0.0250021
1.18823e-07
0.0250021
1.13602e-07
0.0250021
1.08489e-07
0.0250022
1.03488e-07
0.0250022
9.86016e-08
0.0250022
9.38334e-08
0.0250022
8.91864e-08
0.0250023
8.46633e-08
0.0250023
8.02664e-08
0.0250023
7.59979e-08
0.0250023
7.18599e-08
0.0250023
6.78542e-08
0.0250023
6.39823e-08
0.0250024
6.02457e-08
0.0250024
5.66458e-08
0.0250024
5.31835e-08
0.0250024
4.98599e-08
0.0250024
4.66758e-08
0.0250024
4.36318e-08
0.0250024
4.07284e-08
0.0250024
3.79661e-08
0.0250025
3.5345e-08
0.0250025
3.28651e-08
0.0250025
3.05264e-08
0.0250025
2.83284e-08
0.0250025
2.62707e-08
0.0250025
2.43524e-08
0.0250025
2.25725e-08
0.0250025
2.09296e-08
0.0250025
1.9422e-08
0.0250025
1.80476e-08
0.0250025
1.68039e-08
0.0250025
1.56878e-08
0.0250025
1.46956e-08
0.0250025
1.38231e-08
0.0250025
1.30652e-08
0.0250025
1.24159e-08
0.0250025
1.18684e-08
0.0250025
1.14147e-08
0.0250025
1.10456e-08
0.0250025
1.07507e-08
0.0250025
1.0518e-08
0.0250025
1.03342e-08
0.0250025
1.01843e-08
0.0250025
1.00519e-08
0.0250025
9.91914e-09
0.0250025
9.76709e-09
0.0250025
9.57612e-09
0.0250025
9.32654e-09
0.0250025
8.99964e-09
0.0250025
8.57883e-09
0.0250025
8.05128e-09
0.0250025
7.40947e-09
0.0250025
6.65295e-09
0.0250025
5.78928e-09
0.0250025
4.83418e-09
0.0250025
3.80977e-09
0.0250025
2.74094e-09
0.0250025
1.64964e-09
5.52622e-10
0.0250001
2.38358e-07
0.0250001
2.41738e-07
0.0250002
2.4166e-07
0.0250002
2.40918e-07
0.0250003
2.39691e-07
0.0250004
2.38158e-07
0.0250004
2.36315e-07
0.0250005
2.34131e-07
0.0250005
2.31621e-07
0.0250006
2.28821e-07
0.0250007
2.25759e-07
0.0250007
2.22455e-07
0.0250008
2.18926e-07
0.0250008
2.15196e-07
0.0250009
2.11282e-07
0.025001
2.07204e-07
0.025001
2.02981e-07
0.0250011
1.98629e-07
0.0250011
1.94166e-07
0.0250012
1.89608e-07
0.0250012
1.84969e-07
0.0250013
1.80264e-07
0.0250013
1.75506e-07
0.0250014
1.70709e-07
0.0250014
1.65883e-07
0.0250015
1.61039e-07
0.0250015
1.5619e-07
0.0250015
1.51344e-07
0.0250016
1.4651e-07
0.0250016
1.41697e-07
0.0250017
1.36913e-07
0.0250017
1.32165e-07
0.0250017
1.2746e-07
0.0250018
1.22804e-07
0.0250018
1.18204e-07
0.0250018
1.13664e-07
0.0250019
1.0919e-07
0.0250019
1.04787e-07
0.0250019
1.00458e-07
0.025002
9.62069e-08
0.025002
9.20382e-08
0.025002
8.7955e-08
0.025002
8.39601e-08
0.0250021
8.00566e-08
0.0250021
7.62468e-08
0.0250021
7.25332e-08
0.0250021
6.89178e-08
0.0250021
6.54028e-08
0.0250022
6.19897e-08
0.0250022
5.86803e-08
0.0250022
5.54759e-08
0.0250022
5.23779e-08
0.0250022
4.93875e-08
0.0250022
4.65056e-08
0.0250023
4.37332e-08
0.0250023
4.1071e-08
0.0250023
3.85196e-08
0.0250023
3.60797e-08
0.0250023
3.37516e-08
0.0250023
3.15356e-08
0.0250023
2.94318e-08
0.0250023
2.74403e-08
0.0250023
2.5561e-08
0.0250023
2.37935e-08
0.0250023
2.21375e-08
0.0250023
2.05922e-08
0.0250023
1.91569e-08
0.0250024
1.78304e-08
0.0250024
1.66113e-08
0.0250024
1.5498e-08
0.0250024
1.44884e-08
0.0250024
1.358e-08
0.0250024
1.27699e-08
0.0250024
1.20546e-08
0.0250024
1.14302e-08
0.0250024
1.08919e-08
0.0250024
1.04342e-08
0.0250024
1.00508e-08
0.0250024
9.73444e-09
0.0250024
9.47694e-09
0.0250024
9.26899e-09
0.0250024
9.10019e-09
0.0250024
8.95902e-09
0.0250024
8.83289e-09
0.0250024
8.70823e-09
0.0250024
8.57074e-09
0.0250024
8.40569e-09
0.0250024
8.1984e-09
0.0250024
7.93495e-09
0.0250024
7.60295e-09
0.0250024
7.19258e-09
0.0250024
6.6976e-09
0.0250024
6.11644e-09
0.0250024
5.45278e-09
0.0250024
4.71583e-09
0.0250024
3.91938e-09
0.0250024
3.07996e-09
0.0250024
2.21384e-09
0.0250024
1.33396e-09
4.47457e-10
0.0250001
1.78804e-07
0.0250001
1.81112e-07
0.0250002
1.80807e-07
0.0250002
1.80066e-07
0.0250003
1.78982e-07
0.0250004
1.77663e-07
0.0250004
1.76116e-07
0.0250005
1.74327e-07
0.0250005
1.72307e-07
0.0250006
1.70081e-07
0.0250007
1.67669e-07
0.0250007
1.65086e-07
0.0250008
1.62345e-07
0.0250008
1.59463e-07
0.0250009
1.56453e-07
0.0250009
1.5333e-07
0.025001
1.50107e-07
0.025001
1.46796e-07
0.0250011
1.4341e-07
0.0250011
1.3996e-07
0.0250012
1.36457e-07
0.0250012
1.32911e-07
0.0250013
1.29332e-07
0.0250013
1.2573e-07
0.0250014
1.22112e-07
0.0250014
1.18487e-07
0.0250015
1.14862e-07
0.0250015
1.11245e-07
0.0250015
1.07641e-07
0.0250016
1.04057e-07
0.0250016
1.00498e-07
0.0250016
9.69699e-08
0.0250017
9.34773e-08
0.0250017
9.00247e-08
0.0250017
8.66163e-08
0.0250018
8.32558e-08
0.0250018
7.99468e-08
0.0250018
7.66926e-08
0.0250019
7.34961e-08
0.0250019
7.03601e-08
0.0250019
6.72872e-08
0.0250019
6.42798e-08
0.025002
6.13398e-08
0.025002
5.84694e-08
0.025002
5.56703e-08
0.025002
5.29442e-08
0.025002
5.02925e-08
0.025002
4.77167e-08
0.0250021
4.52179e-08
0.0250021
4.27973e-08
0.0250021
4.04559e-08
0.0250021
3.81946e-08
0.0250021
3.60142e-08
0.0250021
3.39154e-08
0.0250021
3.18987e-08
0.0250022
2.99648e-08
0.0250022
2.81139e-08
0.0250022
2.63464e-08
0.0250022
2.46626e-08
0.0250022
2.30626e-08
0.0250022
2.15464e-08
0.0250022
2.0114e-08
0.0250022
1.87651e-08
0.0250022
1.74995e-08
0.0250022
1.63167e-08
0.0250022
1.52161e-08
0.0250022
1.41969e-08
0.0250022
1.32581e-08
0.0250022
1.23986e-08
0.0250023
1.16168e-08
0.0250023
1.0911e-08
0.0250023
1.0279e-08
0.0250023
9.71849e-09
0.0250023
9.2264e-09
0.0250023
8.79938e-09
0.0250023
8.43349e-09
0.0250023
8.12416e-09
0.0250023
7.8662e-09
0.0250023
7.65368e-09
0.0250023
7.47991e-09
0.0250023
7.33741e-09
0.0250023
7.21791e-09
0.0250023
7.11234e-09
0.0250023
7.011e-09
0.0250023
6.90357e-09
0.0250023
6.77945e-09
0.0250023
6.62801e-09
0.0250023
6.4391e-09
0.0250023
6.20347e-09
0.0250023
5.91358e-09
0.0250023
5.56411e-09
0.0250023
5.15279e-09
0.0250023
4.68077e-09
0.0250023
4.15289e-09
0.0250023
3.57731e-09
0.0250023
2.96457e-09
0.0250023
2.32592e-09
0.0250023
1.67137e-09
0.0250023
1.00758e-09
3.38319e-10
0.0250001
1.19168e-07
0.0250001
1.20597e-07
0.0250002
1.20283e-07
0.0250002
1.19703e-07
0.0250003
1.18903e-07
0.0250004
1.17945e-07
0.0250004
1.16837e-07
0.0250005
1.15574e-07
0.0250005
1.14163e-07
0.0250006
1.12621e-07
0.0250007
1.1096e-07
0.0250007
1.09189e-07
0.0250008
1.07319e-07
0.0250008
1.05359e-07
0.0250009
1.03318e-07
0.0250009
1.01207e-07
0.025001
9.90325e-08
0.025001
9.68041e-08
0.0250011
9.45292e-08
0.0250011
9.22155e-08
0.0250012
8.98699e-08
0.0250012
8.74991e-08
0.0250013
8.51095e-08
0.0250013
8.27068e-08
0.0250013
8.02966e-08
0.0250014
7.78841e-08
0.0250014
7.54741e-08
0.0250015
7.30712e-08
0.0250015
7.06794e-08
0.0250015
6.83027e-08
0.0250016
6.59448e-08
0.0250016
6.36089e-08
0.0250016
6.12981e-08
0.0250017
5.90154e-08
0.0250017
5.67634e-08
0.0250017
5.45444e-08
0.0250017
5.23609e-08
0.0250018
5.02148e-08
0.0250018
4.8108e-08
0.0250018
4.60424e-08
0.0250018
4.40194e-08
0.0250019
4.20407e-08
0.0250019
4.01076e-08
0.0250019
3.82214e-08
0.0250019
3.63831e-08
0.0250019
3.45939e-08
0.025002
3.28546e-08
0.025002
3.11662e-08
0.025002
2.95294e-08
0.025002
2.7945e-08
0.025002
2.64136e-08
0.025002
2.49357e-08
0.025002
2.35119e-08
0.0250021
2.21425e-08
0.0250021
2.08279e-08
0.0250021
1.95685e-08
0.0250021
1.83645e-08
0.0250021
1.7216e-08
0.0250021
1.61231e-08
0.0250021
1.5086e-08
0.0250021
1.41046e-08
0.0250021
1.31788e-08
0.0250021
1.23085e-08
0.0250021
1.14933e-08
0.0250021
1.07329e-08
0.0250022
1.00269e-08
0.0250022
9.37471e-09
0.0250022
8.77552e-09
0.0250022
8.22845e-09
0.0250022
7.73244e-09
0.0250022
7.28619e-09
0.0250022
6.88817e-09
0.0250022
6.53659e-09
0.0250022
6.22932e-09
0.0250022
5.96394e-09
0.0250022
5.7376e-09
0.0250022
5.54707e-09
0.0250022
5.38864e-09
0.0250022
5.25812e-09
0.0250022
5.15082e-09
0.0250022
5.0615e-09
0.0250022
4.98445e-09
0.0250022
4.91347e-09
0.0250022
4.84194e-09
0.0250022
4.76301e-09
0.0250022
4.66972e-09
0.0250022
4.55525e-09
0.0250022
4.41329e-09
0.0250022
4.23836e-09
0.0250022
4.02626e-09
0.0250022
3.77452e-09
0.0250022
3.48268e-09
0.0250022
3.15261e-09
0.0250022
2.78835e-09
0.0250022
2.3958e-09
0.0250022
1.98189e-09
0.0250022
1.55346e-09
0.0250022
1.11611e-09
0.0250022
6.73329e-10
2.26239e-10
0.0250001
5.95509e-08
0.0250001
6.02269e-08
0.0250002
6.00385e-08
0.0250002
5.97245e-08
0.0250003
5.93009e-08
0.0250004
5.8798e-08
0.0250004
5.82216e-08
0.0250005
5.75694e-08
0.0250005
5.68455e-08
0.0250006
5.60574e-08
0.0250006
5.52111e-08
0.0250007
5.43117e-08
0.0250008
5.3364e-08
0.0250008
5.23727e-08
0.0250009
5.13426e-08
0.0250009
5.02782e-08
0.025001
4.91839e-08
0.025001
4.80635e-08
0.0250011
4.69212e-08
0.0250011
4.57605e-08
0.0250011
4.45848e-08
0.0250012
4.33976e-08
0.0250012
4.22018e-08
0.0250013
4.10004e-08
0.0250013
3.9796e-08
0.0250014
3.85913e-08
0.0250014
3.73885e-08
0.0250014
3.61899e-08
0.0250015
3.49976e-08
0.0250015
3.38133e-08
0.0250015
3.2639e-08
0.0250016
3.14762e-08
0.0250016
3.03264e-08
0.0250016
2.9191e-08
0.0250017
2.80714e-08
0.0250017
2.69686e-08
0.0250017
2.58838e-08
0.0250017
2.48179e-08
0.0250018
2.3772e-08
0.0250018
2.27468e-08
0.0250018
2.17432e-08
0.0250018
2.07619e-08
0.0250018
1.98034e-08
0.0250019
1.88686e-08
0.0250019
1.79578e-08
0.0250019
1.70717e-08
0.0250019
1.62107e-08
0.0250019
1.53751e-08
0.0250019
1.45656e-08
0.025002
1.37822e-08
0.025002
1.30255e-08
0.025002
1.22955e-08
0.025002
1.15927e-08
0.025002
1.09171e-08
0.025002
1.0269e-08
0.025002
9.64842e-09
0.025002
9.05556e-09
0.025002
8.49047e-09
0.0250021
7.95317e-09
0.0250021
7.44369e-09
0.0250021
6.96199e-09
0.0250021
6.50801e-09
0.0250021
6.08165e-09
0.0250021
5.68277e-09
0.0250021
5.31115e-09
0.0250021
4.96656e-09
0.0250021
4.64868e-09
0.0250021
4.35711e-09
0.0250021
4.09138e-09
0.0250021
3.85092e-09
0.0250021
3.63507e-09
0.0250021
3.443e-09
0.0250021
3.2738e-09
0.0250021
3.12634e-09
0.0250021
2.99937e-09
0.0250021
2.89141e-09
0.0250021
2.80076e-09
0.0250021
2.72552e-09
0.0250021
2.66351e-09
0.0250021
2.61232e-09
0.0250021
2.56927e-09
0.0250021
2.53143e-09
0.0250021
2.49565e-09
0.0250022
2.45863e-09
0.0250022
2.41691e-09
0.0250022
2.36708e-09
0.0250022
2.30583e-09
0.0250022
2.23016e-09
0.0250022
2.13754e-09
0.0250022
2.02618e-09
0.0250022
1.89513e-09
0.0250022
1.74454e-09
0.0250022
1.57562e-09
0.0250022
1.39068e-09
0.0250022
1.19276e-09
0.0250022
9.85317e-10
0.0250022
7.71584e-10
0.0250022
5.54109e-10
0.0250022
3.34241e-10
1.12298e-10
0.0250001
-6.42182e-11
0.0250001
-6.33845e-11
0.0250002
-6.36767e-11
0.0250002
-6.42514e-11
0.0250003
-6.47387e-11
0.0250004
-6.51927e-11
0.0250004
-6.56406e-11
0.0250005
-6.60753e-11
0.0250005
-6.64966e-11
0.0250006
-6.69018e-11
0.0250006
-6.72966e-11
0.0250007
-6.7679e-11
0.0250007
-6.8055e-11
0.0250008
-6.84237e-11
0.0250009
-6.87928e-11
0.0250009
-6.91619e-11
0.025001
-6.95375e-11
0.025001
-6.9917e-11
0.025001
-7.03034e-11
0.0250011
-7.06902e-11
0.0250011
-7.10758e-11
0.0250012
-7.14496e-11
0.0250012
-7.18068e-11
0.0250013
-7.21345e-11
0.0250013
-7.24272e-11
0.0250013
-7.26729e-11
0.0250014
-7.28688e-11
0.0250014
-7.30074e-11
0.0250015
-7.30911e-11
0.0250015
-7.31186e-11
0.0250015
-7.30989e-11
0.0250015
-7.30366e-11
0.0250016
-7.29459e-11
0.0250016
-7.28355e-11
0.0250016
-7.27217e-11
0.0250017
-7.26137e-11
0.0250017
-7.25263e-11
0.0250017
-7.24657e-11
0.0250017
-7.24415e-11
0.0250018
-7.2454e-11
0.0250018
-7.25057e-11
0.0250018
-7.25897e-11
0.0250018
-7.27011e-11
0.0250018
-7.28269e-11
0.0250019
-7.29565e-11
0.0250019
-7.30734e-11
0.0250019
-7.31648e-11
0.0250019
-7.32142e-11
0.0250019
-7.32104e-11
0.0250019
-7.31406e-11
0.0250019
-7.29985e-11
0.025002
-7.27776e-11
0.025002
-7.24781e-11
0.025002
-7.21005e-11
0.025002
-7.16513e-11
0.025002
-7.11372e-11
0.025002
-7.05691e-11
0.025002
-6.99571e-11
0.025002
-6.93137e-11
0.025002
-6.86495e-11
0.025002
-6.79755e-11
0.025002
-6.73002e-11
0.0250021
-6.66304e-11
0.0250021
-6.59709e-11
0.0250021
-6.53234e-11
0.0250021
-6.46884e-11
0.0250021
-6.40624e-11
0.0250021
-6.34424e-11
0.0250021
-6.2821e-11
0.0250021
-6.21927e-11
0.0250021
-6.15479e-11
0.0250021
-6.08807e-11
0.0250021
-6.01808e-11
0.0250021
-5.94436e-11
0.0250021
-5.86597e-11
0.0250021
-5.78272e-11
0.0250021
-5.69386e-11
0.0250021
-5.59949e-11
0.0250021
-5.49906e-11
0.0250021
-5.39298e-11
0.0250021
-5.28081e-11
0.0250021
-5.16311e-11
0.0250021
-5.03937e-11
0.0250021
-4.91012e-11
0.0250021
-4.77454e-11
0.0250021
-4.63282e-11
0.0250021
-4.48348e-11
0.0250021
-4.32603e-11
0.0250021
-4.15796e-11
0.0250021
-3.97776e-11
0.0250021
-3.78156e-11
0.0250021
-3.56663e-11
0.0250021
-3.32747e-11
0.0250021
-3.05945e-11
0.0250021
-2.7549e-11
0.0250021
-2.40675e-11
0.0250021
-2.0055e-11
0.0250021
-1.5399e-11
0.0250021
-9.98671e-12
-3.46897e-12
0.0250001
-5.9654e-08
0.0250001
-6.03368e-08
0.0250002
-6.01501e-08
0.0250002
-5.98369e-08
0.0250003
-5.94138e-08
0.0250004
-5.89114e-08
0.0250004
-5.83353e-08
0.0250005
-5.76835e-08
0.0250005
-5.69601e-08
0.0250006
-5.61723e-08
0.0250006
-5.53264e-08
0.0250007
-5.44273e-08
0.0250007
-5.34798e-08
0.0250008
-5.24888e-08
0.0250009
-5.14589e-08
0.0250009
-5.03948e-08
0.025001
-4.93007e-08
0.025001
-4.81807e-08
0.025001
-4.70387e-08
0.0250011
-4.58783e-08
0.0250011
-4.4703e-08
0.0250012
-4.35161e-08
0.0250012
-4.23205e-08
0.0250013
-4.11193e-08
0.0250013
-3.99151e-08
0.0250013
-3.87104e-08
0.0250014
-3.75076e-08
0.0250014
-3.63089e-08
0.0250015
-3.51162e-08
0.0250015
-3.39316e-08
0.0250015
-3.27568e-08
0.0250015
-3.15935e-08
0.0250016
-3.04431e-08
0.0250016
-2.93071e-08
0.0250016
-2.81868e-08
0.0250017
-2.70834e-08
0.0250017
-2.59981e-08
0.0250017
-2.49318e-08
0.0250017
-2.38854e-08
0.0250018
-2.286e-08
0.0250018
-2.18562e-08
0.0250018
-2.08747e-08
0.0250018
-1.99162e-08
0.0250018
-1.89814e-08
0.0250019
-1.80707e-08
0.0250019
-1.71846e-08
0.0250019
-1.63235e-08
0.0250019
-1.54879e-08
0.0250019
-1.46782e-08
0.0250019
-1.38946e-08
0.0250019
-1.31374e-08
0.025002
-1.24069e-08
0.025002
-1.17034e-08
0.025002
-1.1027e-08
0.025002
-1.03779e-08
0.025002
-9.75628e-09
0.025002
-9.16227e-09
0.025002
-8.59597e-09
0.025002
-8.05743e-09
0.025002
-7.54669e-09
0.025002
-7.06374e-09
0.025002
-6.60854e-09
0.0250021
-6.18101e-09
0.0250021
-5.781e-09
0.0250021
-5.40833e-09
0.0250021
-5.06274e-09
0.0250021
-4.7439e-09
0.0250021
-4.45143e-09
0.0250021
-4.18484e-09
0.0250021
-3.94354e-09
0.0250021
-3.72684e-09
0.0250021
-3.53392e-09
0.0250021
-3.36383e-09
0.0250021
-3.21545e-09
0.0250021
-3.08749e-09
0.0250021
-2.97848e-09
0.0250021
-2.88671e-09
0.0250021
-2.81026e-09
0.0250021
-2.74696e-09
0.0250021
-2.6944e-09
0.0250021
-2.6499e-09
0.0250021
-2.61052e-09
0.0250021
-2.57313e-09
0.0250021
-2.53441e-09
0.0250021
-2.49092e-09
0.0250021
-2.43922e-09
0.0250021
-2.37599e-09
0.0250021
-2.29821e-09
0.0250021
-2.20332e-09
0.0250021
-2.08946e-09
0.0250021
-1.95566e-09
0.0250021
-1.80195e-09
0.0250021
-1.6295e-09
0.0250021
-1.44046e-09
0.0250021
-1.23778e-09
0.0250021
-1.02474e-09
0.0250021
-8.04428e-10
0.0250021
-5.79132e-10
0.0250021
-3.49984e-10
-1.17813e-10
0.0250001
-1.19292e-07
0.0250001
-1.20719e-07
0.0250002
-1.20406e-07
0.0250002
-1.19827e-07
0.0250003
-1.19027e-07
0.0250004
-1.1807e-07
0.0250004
-1.16963e-07
0.0250005
-1.15701e-07
0.0250005
-1.14291e-07
0.0250006
-1.1275e-07
0.0250006
-1.11089e-07
0.0250007
-1.09319e-07
0.0250008
-1.0745e-07
0.0250008
-1.0549e-07
0.0250009
-1.0345e-07
0.0250009
-1.01339e-07
0.025001
-9.9166e-08
0.025001
-9.69382e-08
0.0250011
-9.46641e-08
0.0250011
-9.23511e-08
0.0250011
-9.00062e-08
0.0250012
-8.76362e-08
0.0250012
-8.52472e-08
0.0250013
-8.28451e-08
0.0250013
-8.04355e-08
0.0250014
-7.80234e-08
0.0250014
-7.56138e-08
0.0250014
-7.3211e-08
0.0250015
-7.08194e-08
0.0250015
-6.84427e-08
0.0250015
-6.60847e-08
0.0250016
-6.37486e-08
0.0250016
-6.14377e-08
0.0250016
-5.91547e-08
0.0250017
-5.69024e-08
0.0250017
-5.46832e-08
0.0250017
-5.24994e-08
0.0250017
-5.03531e-08
0.0250018
-4.82463e-08
0.0250018
-4.61806e-08
0.0250018
-4.41578e-08
0.0250018
-4.21792e-08
0.0250018
-4.02463e-08
0.0250019
-3.83602e-08
0.0250019
-3.65222e-08
0.0250019
-3.47331e-08
0.0250019
-3.2994e-08
0.0250019
-3.13057e-08
0.0250019
-2.96689e-08
0.025002
-2.80844e-08
0.025002
-2.65526e-08
0.025002
-2.50743e-08
0.025002
-2.36498e-08
0.025002
-2.22796e-08
0.025002
-2.09641e-08
0.025002
-1.97037e-08
0.025002
-1.84984e-08
0.025002
-1.73487e-08
0.0250021
-1.62545e-08
0.0250021
-1.52161e-08
0.0250021
-1.42333e-08
0.0250021
-1.33061e-08
0.0250021
-1.24343e-08
0.0250021
-1.16178e-08
0.0250021
-1.08561e-08
0.0250021
-1.01488e-08
0.0250021
-9.4953e-09
0.0250021
-8.89483e-09
0.0250021
-8.34648e-09
0.0250021
-7.84917e-09
0.0250021
-7.40159e-09
0.0250021
-7.00219e-09
0.0250021
-6.64916e-09
0.0250021
-6.34038e-09
0.0250021
-6.07338e-09
0.0250021
-5.84532e-09
0.0250021
-5.65296e-09
0.0250021
-5.49258e-09
0.0250021
-5.36e-09
0.0250021
-5.25052e-09
0.0250021
-5.15891e-09
0.0250021
-5.07945e-09
0.0250021
-5.00593e-09
0.0250022
-4.93178e-09
0.0250022
-4.8501e-09
0.0250022
-4.75395e-09
0.0250022
-4.63649e-09
0.0250022
-4.4914e-09
0.0250022
-4.31317e-09
0.0250022
-4.09757e-09
0.0250022
-3.84206e-09
0.0250022
-3.54615e-09
0.0250022
-3.21161e-09
0.0250022
-2.84241e-09
0.0250022
-2.44432e-09
0.0250022
-2.02414e-09
0.0250022
-1.58858e-09
0.0250022
-1.14302e-09
0.0250022
-6.90771e-10
-2.32278e-10
0.0250001
-1.78901e-07
0.0250001
-1.81214e-07
0.0250002
-1.80911e-07
0.0250002
-1.8017e-07
0.0250003
-1.79087e-07
0.0250004
-1.77768e-07
0.0250004
-1.76222e-07
0.0250005
-1.74432e-07
0.0250005
-1.72413e-07
0.0250006
-1.70187e-07
0.0250007
-1.67776e-07
0.0250007
-1.65192e-07
0.0250008
-1.62452e-07
0.0250008
-1.5957e-07
0.0250009
-1.5656e-07
0.0250009
-1.53437e-07
0.025001
-1.50214e-07
0.025001
-1.46904e-07
0.0250011
-1.43518e-07
0.0250011
-1.40068e-07
0.0250012
-1.36565e-07
0.0250012
-1.3302e-07
0.0250013
-1.29442e-07
0.0250013
-1.25839e-07
0.0250013
-1.22222e-07
0.0250014
-1.18597e-07
0.0250014
-1.14972e-07
0.0250015
-1.11354e-07
0.0250015
-1.0775e-07
0.0250015
-1.04165e-07
0.0250016
-1.00606e-07
0.0250016
-9.70772e-08
0.0250016
-9.3584e-08
0.0250017
-9.01308e-08
0.0250017
-8.67216e-08
0.0250017
-8.33605e-08
0.0250017
-8.00509e-08
0.0250018
-7.67961e-08
0.0250018
-7.35992e-08
0.0250018
-7.04629e-08
0.0250018
-6.73898e-08
0.0250019
-6.43821e-08
0.0250019
-6.14421e-08
0.0250019
-5.85716e-08
0.0250019
-5.57725e-08
0.0250019
-5.30463e-08
0.025002
-5.03946e-08
0.025002
-4.78186e-08
0.025002
-4.53197e-08
0.025002
-4.28988e-08
0.025002
-4.05569e-08
0.025002
-3.8295e-08
0.025002
-3.61138e-08
0.0250021
-3.40141e-08
0.0250021
-3.19964e-08
0.0250021
-3.00613e-08
0.0250021
-2.82092e-08
0.0250021
-2.64404e-08
0.0250021
-2.47553e-08
0.0250021
-2.31539e-08
0.0250021
-2.16364e-08
0.0250021
-2.02026e-08
0.0250021
-1.88524e-08
0.0250021
-1.75856e-08
0.0250021
-1.64016e-08
0.0250022
-1.52999e-08
0.0250022
-1.42796e-08
0.0250022
-1.33398e-08
0.0250022
-1.24793e-08
0.0250022
-1.16965e-08
0.0250022
-1.09897e-08
0.0250022
-1.03568e-08
0.0250022
-9.79517e-09
0.0250022
-9.302e-09
0.0250022
-8.87383e-09
0.0250022
-8.50671e-09
0.0250022
-8.19608e-09
0.0250022
-7.93674e-09
0.0250022
-7.72274e-09
0.0250022
-7.54741e-09
0.0250022
-7.40327e-09
0.0250022
-7.28205e-09
0.0250022
-7.1747e-09
0.0250022
-7.07149e-09
0.0250022
-6.96214e-09
0.0250022
-6.83603e-09
0.0250022
-6.68255e-09
0.0250022
-6.49149e-09
0.0250022
-6.25365e-09
0.0250022
-5.96139e-09
0.0250022
-5.60941e-09
0.0250022
-5.19536e-09
0.0250022
-4.72035e-09
0.0250022
-4.18915e-09
0.0250022
-3.60984e-09
0.0250022
-2.99283e-09
0.0250022
-2.34928e-09
0.0250022
-1.68901e-09
0.0250022
-1.01852e-09
-3.42139e-10
0.0250001
-2.38468e-07
0.0250001
-2.41847e-07
0.0250002
-2.41769e-07
0.0250002
-2.41028e-07
0.0250003
-2.39802e-07
0.0250004
-2.38269e-07
0.0250004
-2.36427e-07
0.0250005
-2.34243e-07
0.0250005
-2.31734e-07
0.0250006
-2.28935e-07
0.0250007
-2.25873e-07
0.0250007
-2.22569e-07
0.0250008
-2.19041e-07
0.0250008
-2.15311e-07
0.0250009
-2.11398e-07
0.0250009
-2.0732e-07
0.025001
-2.03098e-07
0.025001
-1.98747e-07
0.0250011
-1.94285e-07
0.0250011
-1.89727e-07
0.0250012
-1.85089e-07
0.0250012
-1.80384e-07
0.0250013
-1.75627e-07
0.0250013
-1.7083e-07
0.0250014
-1.66004e-07
0.0250014
-1.61161e-07
0.0250015
-1.56312e-07
0.0250015
-1.51466e-07
0.0250015
-1.46632e-07
0.0250016
-1.41819e-07
0.0250016
-1.37034e-07
0.0250016
-1.32286e-07
0.0250017
-1.27581e-07
0.0250017
-1.22925e-07
0.0250017
-1.18324e-07
0.0250018
-1.13784e-07
0.0250018
-1.0931e-07
0.0250018
-1.04906e-07
0.0250019
-1.00577e-07
0.0250019
-9.63257e-08
0.0250019
-9.2157e-08
0.0250019
-8.80738e-08
0.025002
-8.4079e-08
0.025002
-8.01756e-08
0.025002
-7.6366e-08
0.025002
-7.26525e-08
0.025002
-6.90372e-08
0.025002
-6.55221e-08
0.0250021
-6.2109e-08
0.0250021
-5.87993e-08
0.0250021
-5.55945e-08
0.0250021
-5.2496e-08
0.0250021
-4.95049e-08
0.0250021
-4.66221e-08
0.0250021
-4.38487e-08
0.0250022
-4.11853e-08
0.0250022
-3.86327e-08
0.0250022
-3.61915e-08
0.0250022
-3.38619e-08
0.0250022
-3.16445e-08
0.0250022
-2.95392e-08
0.0250022
-2.75462e-08
0.0250022
-2.56654e-08
0.0250022
-2.38965e-08
0.0250022
-2.22391e-08
0.0250022
-2.06924e-08
0.0250022
-1.92557e-08
0.0250022
-1.79278e-08
0.0250022
-1.67074e-08
0.0250023
-1.55927e-08
0.0250023
-1.45816e-08
0.0250023
-1.36717e-08
0.0250023
-1.28601e-08
0.0250023
-1.21433e-08
0.0250023
-1.15171e-08
0.0250023
-1.0977e-08
0.0250023
-1.05173e-08
0.0250023
-1.01319e-08
0.0250023
-9.81334e-09
0.0250023
-9.55356e-09
0.0250023
-9.3432e-09
0.0250023
-9.17189e-09
0.0250023
-9.02811e-09
0.0250023
-8.89928e-09
0.0250023
-8.77184e-09
0.0250023
-8.63149e-09
0.0250023
-8.46349e-09
0.0250023
-8.2532e-09
0.0250023
-7.98666e-09
0.0250023
-7.65148e-09
0.0250023
-7.23782e-09
0.0250023
-6.73943e-09
0.0250023
-6.15468e-09
0.0250023
-5.48726e-09
0.0250023
-4.74629e-09
0.0250023
-3.94552e-09
0.0250023
-3.1014e-09
0.0250023
-2.23008e-09
0.0250023
-1.34444e-09
-4.51027e-10
0.0250001
-2.97678e-07
0.0250001
-3.02441e-07
0.0250002
-3.02909e-07
0.0250002
-3.02383e-07
0.0250003
-3.01202e-07
0.0250004
-2.99657e-07
0.0250004
-2.97719e-07
0.0250005
-2.95324e-07
0.0250005
-2.92493e-07
0.0250006
-2.89275e-07
0.0250007
-2.85706e-07
0.0250007
-2.8181e-07
0.0250008
-2.77613e-07
0.0250008
-2.7314e-07
0.0250009
-2.68416e-07
0.025001
-2.63468e-07
0.025001
-2.58317e-07
0.0250011
-2.52988e-07
0.0250011
-2.47501e-07
0.0250012
-2.41878e-07
0.0250012
-2.36138e-07
0.0250013
-2.303e-07
0.0250013
-2.24381e-07
0.0250014
-2.18398e-07
0.0250014
-2.12367e-07
0.0250015
-2.06303e-07
0.0250015
-2.00219e-07
0.0250015
-1.94129e-07
0.0250016
-1.88045e-07
0.0250016
-1.81977e-07
0.0250017
-1.75937e-07
0.0250017
-1.69934e-07
0.0250017
-1.63978e-07
0.0250018
-1.58077e-07
0.0250018
-1.52239e-07
0.0250018
-1.46471e-07
0.0250019
-1.4078e-07
0.0250019
-1.35173e-07
0.0250019
-1.29654e-07
0.025002
-1.2423e-07
0.025002
-1.18906e-07
0.025002
-1.13685e-07
0.025002
-1.08571e-07
0.0250021
-1.0357e-07
0.0250021
-9.86832e-08
0.0250021
-9.3915e-08
0.0250021
-8.92679e-08
0.0250021
-8.47445e-08
0.0250022
-8.03473e-08
0.0250022
-7.60784e-08
0.0250022
-7.19398e-08
0.0250022
-6.79334e-08
0.0250022
-6.40607e-08
0.0250022
-6.03231e-08
0.0250023
-5.6722e-08
0.0250023
-5.32584e-08
0.0250023
-4.99334e-08
0.0250023
-4.67479e-08
0.0250023
-4.37024e-08
0.0250023
-4.07975e-08
0.0250023
-3.80337e-08
0.0250023
-3.54111e-08
0.0250023
-3.29298e-08
0.0250023
-3.05896e-08
0.0250023
-2.83903e-08
0.0250023
-2.63312e-08
0.0250023
-2.44117e-08
0.0250024
-2.26305e-08
0.0250024
-2.09864e-08
0.0250024
-1.94777e-08
0.0250024
-1.81021e-08
0.0250024
-1.68571e-08
0.0250024
-1.57398e-08
0.0250024
-1.47463e-08
0.0250024
-1.38724e-08
0.0250024
-1.3113e-08
0.0250024
-1.24622e-08
0.0250024
-1.19131e-08
0.0250024
-1.14577e-08
0.0250024
-1.10868e-08
0.0250024
-1.079e-08
0.0250024
-1.05554e-08
0.0250024
-1.03696e-08
0.0250024
-1.02176e-08
0.0250024
-1.00831e-08
0.0250024
-9.9483e-09
0.0250024
-9.79417e-09
0.0250024
-9.60111e-09
0.0250024
-9.34948e-09
0.0250024
-9.02053e-09
0.0250024
-8.59771e-09
0.0250024
-8.06816e-09
0.0250024
-7.42439e-09
0.0250024
-6.66589e-09
0.0250024
-5.80027e-09
0.0250024
-4.8432e-09
0.0250024
-3.8168e-09
0.0250024
-2.74588e-09
0.0250024
-1.65232e-09
-5.53517e-10
0.0250001
-3.56198e-07
0.0250001
-3.62774e-07
0.0250002
-3.64235e-07
0.0250002
-3.642e-07
0.0250003
-3.63299e-07
0.0250004
-3.62006e-07
0.0250004
-3.60242e-07
0.0250005
-3.57883e-07
0.0250006
-3.54955e-07
0.0250006
-3.51527e-07
0.0250007
-3.47643e-07
0.0250007
-3.43334e-07
0.0250008
-3.38628e-07
0.0250009
-3.33559e-07
0.0250009
-3.28157e-07
0.025001
-3.22454e-07
0.025001
-3.1648e-07
0.0250011
-3.10262e-07
0.0250012
-3.03828e-07
0.0250012
-2.97204e-07
0.0250013
-2.90415e-07
0.0250013
-2.83485e-07
0.0250014
-2.76437e-07
0.0250014
-2.69291e-07
0.0250015
-2.62067e-07
0.0250015
-2.54785e-07
0.0250016
-2.47463e-07
0.0250016
-2.40117e-07
0.0250017
-2.32762e-07
0.0250017
-2.25414e-07
0.0250017
-2.18086e-07
0.0250018
-2.10791e-07
0.0250018
-2.03541e-07
0.0250019
-1.96347e-07
0.0250019
-1.89219e-07
0.0250019
-1.82167e-07
0.025002
-1.75199e-07
0.025002
-1.68324e-07
0.025002
-1.6155e-07
0.0250021
-1.54882e-07
0.0250021
-1.48329e-07
0.0250021
-1.41895e-07
0.0250021
-1.35586e-07
0.0250022
-1.29407e-07
0.0250022
-1.23362e-07
0.0250022
-1.17457e-07
0.0250022
-1.11694e-07
0.0250023
-1.06077e-07
0.0250023
-1.0061e-07
0.0250023
-9.52943e-08
0.0250023
-9.01341e-08
0.0250023
-8.51312e-08
0.0250023
-8.02878e-08
0.0250024
-7.56059e-08
0.0250024
-7.10873e-08
0.0250024
-6.67335e-08
0.0250024
-6.2546e-08
0.0250024
-5.85259e-08
0.0250024
-5.46744e-08
0.0250024
-5.09922e-08
0.0250024
-4.74801e-08
0.0250025
-4.41386e-08
0.0250025
-4.09679e-08
0.0250025
-3.79683e-08
0.0250025
-3.51397e-08
0.0250025
-3.24816e-08
0.0250025
-2.99936e-08
0.0250025
-2.76748e-08
0.0250025
-2.5524e-08
0.0250025
-2.35398e-08
0.0250025
-2.17202e-08
0.0250025
-2.00629e-08
0.0250025
-1.8565e-08
0.0250025
-1.7223e-08
0.0250025
-1.60328e-08
0.0250025
-1.49895e-08
0.0250025
-1.40872e-08
0.0250025
-1.33191e-08
0.0250025
-1.26771e-08
0.0250025
-1.21519e-08
0.0250025
-1.17327e-08
0.0250025
-1.14068e-08
0.0250025
-1.116e-08
0.0250025
-1.09757e-08
0.0250025
-1.08355e-08
0.0250025
-1.07186e-08
0.0250025
-1.06022e-08
0.0250025
-1.04616e-08
0.0250025
-1.02708e-08
0.0250025
-1.00034e-08
0.0250025
-9.6338e-09
0.0250025
-9.13928e-09
0.0250025
-8.50239e-09
0.0250025
-7.71378e-09
0.0250025
-6.7749e-09
0.0250025
-5.69992e-09
0.0250025
-4.51536e-09
0.0250025
-3.25652e-09
0.0250025
-1.96031e-09
-6.5568e-10
0.0250001
-4.13195e-07
0.0250001
-4.22304e-07
0.0250002
-4.25406e-07
0.0250002
-4.26188e-07
0.0250003
-4.2584e-07
0.0250004
-4.25132e-07
0.0250004
-4.23886e-07
0.0250005
-4.2188e-07
0.0250006
-4.19145e-07
0.0250006
-4.15776e-07
0.0250007
-4.1183e-07
0.0250007
-4.07338e-07
0.0250008
-4.02337e-07
0.0250009
-3.96864e-07
0.0250009
-3.90959e-07
0.025001
-3.84659e-07
0.0250011
-3.77999e-07
0.0250011
-3.71015e-07
0.0250012
-3.63741e-07
0.0250012
-3.56208e-07
0.0250013
-3.48447e-07
0.0250014
-3.40487e-07
0.0250014
-3.32358e-07
0.0250015
-3.24085e-07
0.0250015
-3.15694e-07
0.0250016
-3.07208e-07
0.0250016
-2.98649e-07
0.0250017
-2.9004e-07
0.0250017
-2.81399e-07
0.0250018
-2.72746e-07
0.0250018
-2.64098e-07
0.0250019
-2.5547e-07
0.0250019
-2.46879e-07
0.0250019
-2.38338e-07
0.025002
-2.29861e-07
0.025002
-2.21459e-07
0.0250021
-2.13145e-07
0.0250021
-2.04928e-07
0.0250021
-1.96818e-07
0.0250022
-1.88825e-07
0.0250022
-1.80957e-07
0.0250022
-1.73221e-07
0.0250023
-1.65624e-07
0.0250023
-1.58173e-07
0.0250023
-1.50874e-07
0.0250023
-1.43733e-07
0.0250024
-1.36753e-07
0.0250024
-1.29941e-07
0.0250024
-1.233e-07
0.0250024
-1.16833e-07
0.0250025
-1.10546e-07
0.0250025
-1.04439e-07
0.0250025
-9.85178e-08
0.0250025
-9.27835e-08
0.0250025
-8.72388e-08
0.0250025
-8.18859e-08
0.0250026
-7.67268e-08
0.0250026
-7.17632e-08
0.0250026
-6.69965e-08
0.0250026
-6.24281e-08
0.0250026
-5.80591e-08
0.0250026
-5.38904e-08
0.0250026
-4.99227e-08
0.0250026
-4.61566e-08
0.0250026
-4.25923e-08
0.0250026
-3.92299e-08
0.0250027
-3.60693e-08
0.0250027
-3.311e-08
0.0250027
-3.03512e-08
0.0250027
-2.77919e-08
0.0250027
-2.54307e-08
0.0250027
-2.32657e-08
0.0250027
-2.12946e-08
0.0250027
-1.95145e-08
0.0250027
-1.79219e-08
0.0250027
-1.65125e-08
0.0250027
-1.52813e-08
0.0250027
-1.4222e-08
0.0250027
-1.33273e-08
0.0250027
-1.25886e-08
0.0250027
-1.19957e-08
0.0250027
-1.15362e-08
0.0250027
-1.11961e-08
0.0250027
-1.09587e-08
0.0250027
-1.08044e-08
0.0250027
-1.07108e-08
0.0250027
-1.06523e-08
0.0250027
-1.05997e-08
0.0250027
-1.05208e-08
0.0250027
-1.03808e-08
0.0250027
-1.01433e-08
0.0250027
-9.77245e-09
0.0250027
-9.23604e-09
0.0250027
-8.5094e-09
0.0250027
-7.58059e-09
0.0250027
-6.45528e-09
0.0250027
-5.15988e-09
0.0250027
-3.74015e-09
0.0250027
-2.25219e-09
-7.52425e-10
0.0250001
-4.67562e-07
0.0250001
-4.80318e-07
0.0250002
-4.86002e-07
0.0250002
-4.87974e-07
0.0250003
-4.88476e-07
0.0250004
-4.88768e-07
0.0250004
-4.88478e-07
0.0250005
-4.87228e-07
0.0250006
-4.85055e-07
0.0250006
-4.82091e-07
0.0250007
-4.78404e-07
0.0250008
-4.74031e-07
0.0250008
-4.69011e-07
0.0250009
-4.6339e-07
0.025001
-4.57214e-07
0.025001
-4.50526e-07
0.0250011
-4.43371e-07
0.0250012
-4.3579e-07
0.0250012
-4.27823e-07
0.0250013
-4.1951e-07
0.0250013
-4.10889e-07
0.0250014
-4.01994e-07
0.0250015
-3.92862e-07
0.0250015
-3.83523e-07
0.0250016
-3.74011e-07
0.0250016
-3.64353e-07
0.0250017
-3.54578e-07
0.0250017
-3.44713e-07
0.0250018
-3.34781e-07
0.0250019
-3.24807e-07
0.0250019
-3.14812e-07
0.025002
-3.04816e-07
0.025002
-2.94839e-07
0.025002
-2.84899e-07
0.0250021
-2.75012e-07
0.0250021
-2.65194e-07
0.0250022
-2.55459e-07
0.0250022
-2.4582e-07
0.0250023
-2.36291e-07
0.0250023
-2.26882e-07
0.0250023
-2.17604e-07
0.0250024
-2.08466e-07
0.0250024
-1.99479e-07
0.0250024
-1.9065e-07
0.0250025
-1.81987e-07
0.0250025
-1.73497e-07
0.0250025
-1.65187e-07
0.0250026
-1.57062e-07
0.0250026
-1.49127e-07
0.0250026
-1.41389e-07
0.0250026
-1.33851e-07
0.0250026
-1.26518e-07
0.0250027
-1.19394e-07
0.0250027
-1.12481e-07
0.0250027
-1.05784e-07
0.0250027
-9.93051e-08
0.0250027
-9.30467e-08
0.0250028
-8.70115e-08
0.0250028
-8.12014e-08
0.0250028
-7.56185e-08
0.0250028
-7.02643e-08
0.0250028
-6.51403e-08
0.0250028
-6.02478e-08
0.0250028
-5.55877e-08
0.0250028
-5.1161e-08
0.0250028
-4.69682e-08
0.0250028
-4.30096e-08
0.0250029
-3.92855e-08
0.0250029
-3.57957e-08
0.0250029
-3.25398e-08
0.0250029
-2.95171e-08
0.0250029
-2.67265e-08
0.0250029
-2.41666e-08
0.0250029
-2.18355e-08
0.0250029
-1.97306e-08
0.0250029
-1.78489e-08
0.0250029
-1.61866e-08
0.0250029
-1.4739e-08
0.0250029
-1.35001e-08
0.0250029
-1.2463e-08
0.0250029
-1.1619e-08
0.0250029
-1.09577e-08
0.0250029
-1.04662e-08
0.0250029
-1.01293e-08
0.0250029
-9.92822e-09
0.0250029
-9.84077e-09
0.0250029
-9.84016e-09
0.0250029
-9.89474e-09
0.0250029
-9.96741e-09
0.0250029
-1.00156e-08
0.0250029
-9.99168e-09
0.0250029
-9.84435e-09
0.0250029
-9.52169e-09
0.0250029
-8.97625e-09
0.0250029
-8.17224e-09
0.0250029
-7.0951e-09
0.0250029
-5.76045e-09
0.0250029
-4.21941e-09
0.0250029
-2.55305e-09
-8.52795e-10
0.025
-5.17216e-07
0.0250001
-5.35594e-07
0.0250002
-5.45297e-07
0.0250002
-5.4885e-07
0.0250003
-5.50502e-07
0.0250004
-5.52296e-07
0.0250004
-5.53505e-07
0.0250005
-5.53507e-07
0.0250005
-5.52355e-07
0.0250006
-5.50229e-07
0.0250007
-5.4721e-07
0.0250008
-5.43336e-07
0.0250008
-5.3865e-07
0.0250009
-5.33206e-07
0.025001
-5.27058e-07
0.025001
-5.20257e-07
0.0250011
-5.12855e-07
0.0250012
-5.04899e-07
0.0250012
-4.9644e-07
0.0250013
-4.87524e-07
0.0250014
-4.78195e-07
0.0250014
-4.68498e-07
0.0250015
-4.58474e-07
0.0250016
-4.48164e-07
0.0250016
-4.37604e-07
0.0250017
-4.26831e-07
0.0250018
-4.1588e-07
0.0250018
-4.04783e-07
0.0250019
-3.93571e-07
0.0250019
-3.82272e-07
0.025002
-3.70914e-07
0.025002
-3.59522e-07
0.0250021
-3.48119e-07
0.0250022
-3.3673e-07
0.0250022
-3.25373e-07
0.0250023
-3.1407e-07
0.0250023
-3.02837e-07
0.0250023
-2.91692e-07
0.0250024
-2.80651e-07
0.0250024
-2.69728e-07
0.0250025
-2.58936e-07
0.0250025
-2.48288e-07
0.0250026
-2.37796e-07
0.0250026
-2.2747e-07
0.0250026
-2.17321e-07
0.0250027
-2.07356e-07
0.0250027
-1.97585e-07
0.0250027
-1.88014e-07
0.0250028
-1.78652e-07
0.0250028
-1.69504e-07
0.0250028
-1.60577e-07
0.0250028
-1.51876e-07
0.0250029
-1.43406e-07
0.0250029
-1.35171e-07
0.0250029
-1.27176e-07
0.0250029
-1.19424e-07
0.0250029
-1.11919e-07
0.025003
-1.04665e-07
0.025003
-9.76634e-08
0.025003
-9.09176e-08
0.025003
-8.44298e-08
0.025003
-7.82023e-08
0.025003
-7.22367e-08
0.025003
-6.65349e-08
0.025003
-6.10984e-08
0.0250031
-5.59283e-08
0.0250031
-5.10258e-08
0.0250031
-4.63918e-08
0.0250031
-4.20268e-08
0.0250031
-3.79315e-08
0.0250031
-3.4106e-08
0.0250031
-3.05502e-08
0.0250031
-2.72639e-08
0.0250031
-2.42464e-08
0.0250031
-2.14967e-08
0.0250031
-1.90133e-08
0.0250031
-1.67941e-08
0.0250031
-1.48365e-08
0.0250031
-1.31369e-08
0.0250031
-1.16908e-08
0.0250031
-1.04922e-08
0.0250031
-9.53369e-09
0.0250031
-8.80555e-09
0.0250031
-8.29556e-09
0.0250031
-7.98819e-09
0.0250031
-7.86369e-09
0.0250031
-7.89722e-09
0.0250031
-8.05756e-09
0.0250031
-8.30596e-09
0.0250031
-8.59485e-09
0.0250031
-8.86713e-09
0.0250031
-9.05606e-09
0.0250031
-9.08714e-09
0.0250031
-8.88254e-09
0.0250031
-8.37006e-09
0.0250031
-7.49693e-09
0.0250031
-6.24824e-09
0.0250031
-4.66494e-09
0.0250031
-2.84952e-09
-9.542e-10
0.025
-5.58968e-07
0.0250001
-5.86462e-07
0.0250001
-6.02441e-07
0.0250002
-6.07931e-07
0.0250003
-6.11001e-07
0.0250003
-6.14912e-07
0.0250004
-6.18289e-07
0.0250005
-6.2015e-07
0.0250005
-6.20586e-07
0.0250006
-6.19838e-07
0.0250007
-6.17997e-07
0.0250007
-6.15099e-07
0.0250008
-6.11196e-07
0.0250009
-6.06346e-07
0.025001
-6.00612e-07
0.025001
-5.94053e-07
0.0250011
-5.86728e-07
0.0250012
-5.78695e-07
0.0250013
-5.7001e-07
0.0250013
-5.6073e-07
0.0250014
-5.50907e-07
0.0250015
-5.40594e-07
0.0250015
-5.29841e-07
0.0250016
-5.18697e-07
0.0250017
-5.07206e-07
0.0250018
-4.95413e-07
0.0250018
-4.8336e-07
0.0250019
-4.71086e-07
0.025002
-4.58629e-07
0.025002
-4.46025e-07
0.0250021
-4.33307e-07
0.0250021
-4.20507e-07
0.0250022
-4.07654e-07
0.0250023
-3.94776e-07
0.0250023
-3.81899e-07
0.0250024
-3.69048e-07
0.0250024
-3.56245e-07
0.0250025
-3.43511e-07
0.0250025
-3.30866e-07
0.0250026
-3.18329e-07
0.0250026
-3.05917e-07
0.0250027
-2.93644e-07
0.0250027
-2.81527e-07
0.0250028
-2.69578e-07
0.0250028
-2.57809e-07
0.0250028
-2.46233e-07
0.0250029
-2.3486e-07
0.0250029
-2.23699e-07
0.0250029
-2.1276e-07
0.025003
-2.02051e-07
0.025003
-1.9158e-07
0.025003
-1.81353e-07
0.0250031
-1.71378e-07
0.0250031
-1.61659e-07
0.0250031
-1.52203e-07
0.0250031
-1.43014e-07
0.0250032
-1.34098e-07
0.0250032
-1.25457e-07
0.0250032
-1.17097e-07
0.0250032
-1.0902e-07
0.0250032
-1.0123e-07
0.0250032
-9.37293e-08
0.0250033
-8.65214e-08
0.0250033
-7.96083e-08
0.0250033
-7.29925e-08
0.0250033
-6.66759e-08
0.0250033
-6.06604e-08
0.0250033
-5.49479e-08
0.0250033
-4.95399e-08
0.0250033
-4.44379e-08
0.0250033
-3.96431e-08
0.0250033
-3.51568e-08
0.0250033
-3.098e-08
0.0250033
-2.71135e-08
0.0250033
-2.3558e-08
0.0250033
-2.0314e-08
0.0250033
-1.73816e-08
0.0250033
-1.47607e-08
0.0250033
-1.24506e-08
0.0250033
-1.045e-08
0.0250033
-8.75669e-09
0.0250033
-7.36738e-09
0.0250033
-6.27706e-09
0.0250033
-5.47859e-09
0.0250033
-4.96188e-09
0.0250033
-4.71289e-09
0.0250033
-4.71227e-09
0.0250033
-4.93371e-09
0.0250033
-5.34179e-09
0.0250033
-5.88952e-09
0.0250033
-6.51566e-09
0.0250033
-7.14222e-09
0.0250033
-7.67331e-09
0.0250033
-7.99676e-09
0.0250033
-7.99143e-09
0.0250033
-7.54357e-09
0.0250033
-6.57517e-09
0.0250033
-5.08281e-09
0.0250033
-3.17349e-09
-1.07137e-09
0.025
-5.87079e-07
0.0250001
-6.3034e-07
0.0250001
-6.56251e-07
0.0250002
-6.63884e-07
0.0250002
-6.6858e-07
0.0250003
-6.75358e-07
0.0250004
-6.81704e-07
0.0250004
-6.8615e-07
0.0250005
-6.88865e-07
0.0250006
-6.90158e-07
0.0250006
-6.90124e-07
0.0250007
-6.88797e-07
0.0250008
-6.86234e-07
0.0250009
-6.82503e-07
0.0250009
-6.77671e-07
0.025001
-6.71806e-07
0.0250011
-6.64976e-07
0.0250012
-6.57248e-07
0.0250013
-6.48687e-07
0.0250013
-6.39359e-07
0.0250014
-6.29327e-07
0.0250015
-6.18652e-07
0.0250016
-6.07393e-07
0.0250016
-5.95609e-07
0.0250017
-5.83355e-07
0.0250018
-5.70683e-07
0.0250019
-5.57645e-07
0.0250019
-5.44287e-07
0.025002
-5.30657e-07
0.0250021
-5.16797e-07
0.0250022
-5.0275e-07
0.0250022
-4.88552e-07
0.0250023
-4.74242e-07
0.0250024
-4.59853e-07
0.0250024
-4.45418e-07
0.0250025
-4.30967e-07
0.0250025
-4.16529e-07
0.0250026
-4.02129e-07
0.0250027
-3.87792e-07
0.0250027
-3.73542e-07
0.0250028
-3.59399e-07
0.0250028
-3.45384e-07
0.0250029
-3.31515e-07
0.0250029
-3.17809e-07
0.025003
-3.04281e-07
0.025003
-2.90947e-07
0.0250031
-2.77819e-07
0.0250031
-2.64911e-07
0.0250031
-2.52233e-07
0.0250032
-2.39797e-07
0.0250032
-2.27612e-07
0.0250032
-2.15686e-07
0.0250033
-2.04029e-07
0.0250033
-1.92648e-07
0.0250033
-1.8155e-07
0.0250034
-1.70741e-07
0.0250034
-1.60227e-07
0.0250034
-1.50014e-07
0.0250034
-1.40107e-07
0.0250035
-1.3051e-07
0.0250035
-1.21228e-07
0.0250035
-1.12264e-07
0.0250035
-1.03623e-07
0.0250035
-9.53071e-08
0.0250035
-8.73204e-08
0.0250036
-7.96656e-08
0.0250036
-7.23455e-08
0.0250036
-6.53629e-08
0.0250036
-5.87204e-08
0.0250036
-5.24206e-08
0.0250036
-4.64658e-08
0.0250036
-4.08588e-08
0.0250036
-3.56017e-08
0.0250036
-3.06974e-08
0.0250036
-2.6148e-08
0.0250036
-2.19565e-08
0.0250036
-1.81251e-08
0.0250036
-1.46568e-08
0.0250036
-1.15539e-08
0.0250036
-8.81923e-09
0.0250036
-6.45464e-09
0.0250036
-4.46237e-09
0.0250036
-2.84291e-09
0.0250036
-1.5965e-09
0.0250036
-7.20319e-10
0.0250036
-2.09724e-10
0.0250036
-5.44293e-11
0.0250036
-2.39036e-10
0.0250036
-7.37586e-10
0.0250036
-1.51274e-09
0.0250036
-2.50796e-09
0.0250036
-3.64508e-09
0.0250036
-4.81479e-09
0.0250036
-5.87554e-09
0.0250036
-6.65026e-09
0.0250036
-6.94209e-09
0.0250036
-6.56383e-09
0.0250036
-5.40572e-09
0.0250036
-3.51976e-09
-1.21245e-09
0.025
-5.91606e-07
0.025
-6.63606e-07
0.0250001
-7.05376e-07
0.0250001
-7.14984e-07
0.0250002
-7.21466e-07
0.0250002
-7.3206e-07
0.0250003
-7.42313e-07
0.0250004
-7.50198e-07
0.0250004
-7.56029e-07
0.0250005
-7.60175e-07
0.0250006
-7.62718e-07
0.0250007
-7.63694e-07
0.0250007
-7.63166e-07
0.0250008
-7.61206e-07
0.0250009
-7.57891e-07
0.025001
-7.53295e-07
0.0250011
-7.47494e-07
0.0250011
-7.40565e-07
0.0250012
-7.32583e-07
0.0250013
-7.23623e-07
0.0250014
-7.13759e-07
0.0250015
-7.03063e-07
0.0250016
-6.91605e-07
0.0250016
-6.79453e-07
0.0250017
-6.66674e-07
0.0250018
-6.5333e-07
0.0250019
-6.39483e-07
0.025002
-6.2519e-07
0.0250021
-6.10507e-07
0.0250021
-5.95487e-07
0.0250022
-5.8018e-07
0.0250023
-5.64634e-07
0.0250024
-5.48892e-07
0.0250024
-5.32998e-07
0.0250025
-5.16992e-07
0.0250026
-5.0091e-07
0.0250026
-4.84788e-07
0.0250027
-4.68658e-07
0.0250028
-4.52552e-07
0.0250028
-4.36498e-07
0.0250029
-4.20522e-07
0.025003
-4.0465e-07
0.025003
-3.88904e-07
0.0250031
-3.73306e-07
0.0250031
-3.57876e-07
0.0250032
-3.42633e-07
0.0250032
-3.27592e-07
0.0250033
-3.12771e-07
0.0250033
-2.98183e-07
0.0250034
-2.83842e-07
0.0250034
-2.6976e-07
0.0250034
-2.5595e-07
0.0250035
-2.4242e-07
0.0250035
-2.29182e-07
0.0250036
-2.16244e-07
0.0250036
-2.03614e-07
0.0250036
-1.913e-07
0.0250037
-1.7931e-07
0.0250037
-1.67648e-07
0.0250037
-1.56323e-07
0.0250037
-1.45338e-07
0.0250038
-1.347e-07
0.0250038
-1.24412e-07
0.0250038
-1.1448e-07
0.0250038
-1.04908e-07
0.0250038
-9.56995e-08
0.0250038
-8.6859e-08
0.0250039
-7.83899e-08
0.0250039
-7.02961e-08
0.0250039
-6.25811e-08
0.0250039
-5.5249e-08
0.0250039
-4.83031e-08
0.0250039
-4.17478e-08
0.0250039
-3.55868e-08
0.0250039
-2.98248e-08
0.0250039
-2.44662e-08
0.0250039
-1.95163e-08
0.0250039
-1.49803e-08
0.0250039
-1.08646e-08
0.0250039
-7.17519e-09
0.0250039
-3.91953e-09
0.0250039
-1.10452e-09
0.0250039
1.26158e-09
0.0250039
3.17156e-09
0.0250039
4.61746e-09
0.0250039
5.59368e-09
0.0250039
6.09567e-09
0.0250039
6.12444e-09
0.0250039
5.68665e-09
0.0250039
4.80181e-09
0.0250038
3.50552e-09
0.0250038
1.86155e-09
0.0250038
-2.95996e-11
0.0250038
-2.01285e-09
0.0250038
-3.86828e-09
0.0250038
-5.30228e-09
0.0250038
-5.97227e-09
0.0250038
-5.5596e-09
0.0250038
-3.93648e-09
-1.41672e-09
0.025
-5.53915e-07
0.025
-6.81042e-07
0.025
-7.48059e-07
0.0250001
-7.58681e-07
0.0250001
-7.6725e-07
0.0250002
-7.82897e-07
0.0250002
-7.981e-07
0.0250003
-8.10403e-07
0.0250003
-8.20355e-07
0.0250004
-8.28335e-07
0.0250005
-8.34391e-07
0.0250006
-8.38561e-07
0.0250006
-8.40917e-07
0.0250007
-8.41538e-07
0.0250008
-8.40503e-07
0.0250009
-8.37893e-07
0.025001
-8.33794e-07
0.0250011
-8.2829e-07
0.0250011
-8.21467e-07
0.0250012
-8.13412e-07
0.0250013
-8.04209e-07
0.0250014
-7.93941e-07
0.0250015
-7.82691e-07
0.0250016
-7.70538e-07
0.0250017
-7.57561e-07
0.0250018
-7.43834e-07
0.0250019
-7.29431e-07
0.025002
-7.14421e-07
0.025002
-6.9887e-07
0.0250021
-6.82844e-07
0.0250022
-6.66401e-07
0.0250023
-6.496e-07
0.0250024
-6.32496e-07
0.0250025
-6.15141e-07
0.0250026
-5.97583e-07
0.0250026
-5.79868e-07
0.0250027
-5.6204e-07
0.0250028
-5.44139e-07
0.0250029
-5.26204e-07
0.0250029
-5.08269e-07
0.025003
-4.90369e-07
0.0250031
-4.72534e-07
0.0250031
-4.54792e-07
0.0250032
-4.37171e-07
0.0250033
-4.19696e-07
0.0250033
-4.0239e-07
0.0250034
-3.85274e-07
0.0250034
-3.68369e-07
0.0250035
-3.51692e-07
0.0250035
-3.3526e-07
0.0250036
-3.1909e-07
0.0250036
-3.03195e-07
0.0250037
-2.87589e-07
0.0250037
-2.72286e-07
0.0250038
-2.57295e-07
0.0250038
-2.42627e-07
0.0250038
-2.28293e-07
0.0250039
-2.14302e-07
0.0250039
-2.0066e-07
0.0250039
-1.87377e-07
0.025004
-1.7446e-07
0.025004
-1.61914e-07
0.025004
-1.49746e-07
0.025004
-1.37962e-07
0.0250041
-1.26568e-07
0.0250041
-1.15568e-07
0.0250041
-1.04968e-07
0.0250041
-9.47727e-08
0.0250041
-8.49866e-08
0.0250042
-7.56147e-08
0.0250042
-6.66621e-08
0.0250042
-5.81336e-08
0.0250042
-5.00348e-08
0.0250042
-4.23711e-08
0.0250042
-3.51487e-08
0.0250042
-2.83739e-08
0.0250042
-2.20542e-08
0.0250042
-1.61976e-08
0.0250042
-1.08133e-08
0.0250042
-5.91127e-09
0.0250042
-1.50329e-09
0.0250042
2.39812e-09
0.0250042
5.7781e-09
0.0250042
8.62095e-09
0.0250042
1.09085e-08
0.0250042
1.26219e-08
0.0250042
1.37408e-08
0.0250042
1.42459e-08
0.0250041
1.41192e-08
0.0250041
1.335e-08
0.0250041
1.19387e-08
0.0250041
9.90982e-09
0.0250041
7.32579e-09
0.0250041
4.31455e-09
0.0250041
1.10095e-09
0.0250041
-1.95099e-09
0.0250041
-4.31569e-09
0.0250041
-5.34337e-09
0.0250041
-4.47241e-09
-1.75964e-09
0.0249999
-4.38385e-07
0.0249999
-6.7601e-07
0.0249999
-7.81902e-07
0.0249999
-7.91186e-07
0.025
-8.02939e-07
0.025
-8.25302e-07
0.0250001
-8.46525e-07
0.0250001
-8.64349e-07
0.0250002
-8.79626e-07
0.0250003
-8.92615e-07
0.0250003
-9.03306e-07
0.0250004
-9.1175e-07
0.0250005
-9.18027e-07
0.0250006
-9.22219e-07
0.0250006
-9.24406e-07
0.0250007
-9.24676e-07
0.0250008
-9.2312e-07
0.0250009
-9.19832e-07
0.025001
-9.14908e-07
0.0250011
-9.08445e-07
0.0250012
-9.00538e-07
0.0250013
-8.91285e-07
0.0250014
-8.8078e-07
0.0250015
-8.69115e-07
0.0250016
-8.56383e-07
0.0250017
-8.42671e-07
0.0250018
-8.28067e-07
0.0250019
-8.12652e-07
0.025002
-7.96506e-07
0.0250021
-7.79707e-07
0.0250022
-7.62328e-07
0.0250023
-7.44437e-07
0.0250024
-7.26103e-07
0.0250024
-7.07387e-07
0.0250025
-6.8835e-07
0.0250026
-6.69048e-07
0.0250027
-6.49533e-07
0.0250028
-6.29857e-07
0.0250029
-6.10066e-07
0.025003
-5.90204e-07
0.025003
-5.70312e-07
0.0250031
-5.50429e-07
0.0250032
-5.3059e-07
0.0250033
-5.1083e-07
0.0250033
-4.91179e-07
0.0250034
-4.71667e-07
0.0250035
-4.52319e-07
0.0250035
-4.33162e-07
0.0250036
-4.14219e-07
0.0250037
-3.9551e-07
0.0250037
-3.77055e-07
0.0250038
-3.58874e-07
0.0250038
-3.40982e-07
0.0250039
-3.23396e-07
0.0250039
-3.06131e-07
0.025004
-2.89198e-07
0.025004
-2.72611e-07
0.0250041
-2.56382e-07
0.0250041
-2.4052e-07
0.0250041
-2.25036e-07
0.0250042
-2.09938e-07
0.0250042
-1.95235e-07
0.0250042
-1.80934e-07
0.0250043
-1.67044e-07
0.0250043
-1.5357e-07
0.0250043
-1.40519e-07
0.0250044
-1.27898e-07
0.0250044
-1.15713e-07
0.0250044
-1.03969e-07
0.0250044
-9.26738e-08
0.0250044
-8.18317e-08
0.0250044
-7.14498e-08
0.0250045
-6.15342e-08
0.0250045
-5.20923e-08
0.0250045
-4.31308e-08
0.0250045
-3.46585e-08
0.0250045
-2.66838e-08
0.0250045
-1.92174e-08
0.0250045
-1.22703e-08
0.0250045
-5.85643e-09
0.0250045
9.95695e-12
0.0250045
5.31053e-09
0.0250045
1.00259e-08
0.0250045
1.41315e-08
0.0250045
1.76009e-08
0.0250045
2.04016e-08
0.0250044
2.24979e-08
0.0250044
2.38474e-08
0.0250044
2.4405e-08
0.0250044
2.41205e-08
0.0250044
2.29466e-08
0.0250044
2.08425e-08
0.0250044
1.77956e-08
0.0250044
1.38455e-08
0.0250044
9.14319e-09
0.0250044
4.02984e-09
0.0250044
-8.40941e-10
0.0250044
-4.40618e-09
0.0250044
-5.28287e-09
-2.43712e-09
0.0249997
-1.73656e-07
0.0249997
-6.42209e-07
0.0249997
-8.0226e-07
0.0249997
-8.06229e-07
0.0249998
-8.24827e-07
0.0249998
-8.56084e-07
0.0249998
-8.84254e-07
0.0249999
-9.08835e-07
0.0249999
-9.30869e-07
0.025
-9.50264e-07
0.025
-9.66929e-07
0.0250001
-9.80942e-07
0.0250002
-9.92397e-07
0.0250003
-1.00137e-06
0.0250004
-1.00794e-06
0.0250004
-1.01219e-06
0.0250005
-1.01423e-06
0.0250006
-1.01415e-06
0.0250007
-1.01206e-06
0.0250008
-1.00807e-06
0.0250009
-1.00229e-06
0.025001
-9.94815e-07
0.0250011
-9.85765e-07
0.0250012
-9.75243e-07
0.0250013
-9.63357e-07
0.0250015
-9.50209e-07
0.0250016
-9.359e-07
0.0250017
-9.20529e-07
0.0250018
-9.04191e-07
0.0250019
-8.86975e-07
0.025002
-8.68971e-07
0.0250021
-8.50263e-07
0.0250022
-8.3093e-07
0.0250023
-8.11048e-07
0.0250024
-7.90691e-07
0.0250025
-7.69926e-07
0.0250026
-7.48819e-07
0.0250027
-7.27432e-07
0.0250028
-7.05821e-07
0.0250029
-6.8404e-07
0.025003
-6.62142e-07
0.0250031
-6.40172e-07
0.0250032
-6.18177e-07
0.0250033
-5.96197e-07
0.0250033
-5.74271e-07
0.0250034
-5.52435e-07
0.0250035
-5.30723e-07
0.0250036
-5.09166e-07
0.0250036
-4.87793e-07
0.0250037
-4.66631e-07
0.0250038
-4.45704e-07
0.0250038
-4.25037e-07
0.0250039
-4.04649e-07
0.025004
-3.84561e-07
0.025004
-3.64791e-07
0.0250041
-3.45356e-07
0.0250041
-3.26272e-07
0.0250042
-3.07552e-07
0.0250042
-2.89211e-07
0.0250043
-2.71261e-07
0.0250043
-2.53712e-07
0.0250044
-2.36575e-07
0.0250044
-2.19861e-07
0.0250045
-2.03578e-07
0.0250045
-1.87734e-07
0.0250045
-1.72338e-07
0.0250045
-1.57398e-07
0.0250046
-1.42921e-07
0.0250046
-1.28914e-07
0.0250046
-1.15385e-07
0.0250046
-1.0234e-07
0.0250047
-8.97865e-08
0.0250047
-7.77327e-08
0.0250047
-6.61861e-08
0.0250047
-5.51554e-08
0.0250047
-4.46493e-08
0.0250047
-3.46783e-08
0.0250047
-2.52536e-08
0.0250047
-1.63887e-08
0.0250047
-8.09838e-09
0.0250047
-4.00462e-10
0.0250047
6.68498e-09
0.0250047
1.31332e-08
0.0250047
1.89159e-08
0.0250047
2.39979e-08
0.0250047
2.83382e-08
0.0250047
3.18861e-08
0.0250047
3.45816e-08
0.0250047
3.63506e-08
0.0250047
3.71057e-08
0.0250047
3.6742e-08
0.0250046
3.51411e-08
0.0250046
3.21755e-08
0.0250046
2.77334e-08
0.0250046
2.17687e-08
0.0250046
1.44195e-08
0.0250046
6.23076e-09
0.0250046
-1.45819e-09
0.0250046
-6.09524e-09
-3.62352e-09
0.0249994
3.88292e-07
0.0249994
-5.82653e-07
0.0249994
-7.96945e-07
0.0249994
-7.93225e-07
0.0249994
-8.28866e-07
0.0249994
-8.71512e-07
0.0249994
-9.07246e-07
0.0249994
-9.40068e-07
0.0249995
-9.70618e-07
0.0249995
-9.98123e-07
0.0249996
-1.02242e-06
0.0249996
-1.04364e-06
0.0249997
-1.06188e-06
0.0249998
-1.07719e-06
0.0249999
-1.08965e-06
0.025
-1.09936e-06
0.025
-1.1064e-06
0.0250001
-1.11088e-06
0.0250002
-1.11292e-06
0.0250003
-1.11263e-06
0.0250005
-1.11013e-06
0.0250006
-1.10553e-06
0.0250007
-1.09897e-06
0.0250008
-1.09055e-06
0.0250009
-1.08041e-06
0.025001
-1.06866e-06
0.0250012
-1.05541e-06
0.0250013
-1.04079e-06
0.0250014
-1.02489e-06
0.0250015
-1.00784e-06
0.0250016
-9.89729e-07
0.0250018
-9.70661e-07
0.0250019
-9.50732e-07
0.025002
-9.30033e-07
0.0250021
-9.08651e-07
0.0250022
-8.8667e-07
0.0250023
-8.64167e-07
0.0250025
-8.41218e-07
0.0250026
-8.17892e-07
0.0250027
-7.94257e-07
0.0250028
-7.70374e-07
0.0250029
-7.46302e-07
0.025003
-7.22096e-07
0.0250031
-6.97808e-07
0.0250032
-6.73485e-07
0.0250033
-6.49174e-07
0.0250034
-6.24915e-07
0.0250035
-6.00749e-07
0.0250036
-5.76711e-07
0.0250037
-5.52835e-07
0.0250037
-5.29152e-07
0.0250038
-5.05693e-07
0.0250039
-4.82484e-07
0.025004
-4.59549e-07
0.025004
-4.36913e-07
0.0250041
-4.14597e-07
0.0250042
-3.92621e-07
0.0250042
-3.71004e-07
0.0250043
-3.49762e-07
0.0250044
-3.28913e-07
0.0250044
-3.08469e-07
0.0250045
-2.88445e-07
0.0250045
-2.68853e-07
0.0250046
-2.49706e-07
0.0250046
-2.31013e-07
0.0250047
-2.12785e-07
0.0250047
-1.95033e-07
0.0250047
-1.77765e-07
0.0250048
-1.6099e-07
0.0250048
-1.44716e-07
0.0250048
-1.28953e-07
0.0250048
-1.13709e-07
0.0250049
-9.89933e-08
0.0250049
-8.4814e-08
0.0250049
-7.11811e-08
0.0250049
-5.8104e-08
0.0250049
-4.55938e-08
0.0250049
-3.36626e-08
0.0250049
-2.23245e-08
0.0250049
-1.1595e-08
0.0250049
-1.49289e-09
0.0250049
7.96075e-09
0.0250049
1.67397e-08
0.0250049
2.48132e-08
0.0250049
3.21431e-08
0.0250049
3.86833e-08
0.0250049
4.43753e-08
0.0250049
4.9147e-08
0.0250049
5.29057e-08
0.0250048
5.55339e-08
0.0250048
5.6879e-08
0.0250048
5.67456e-08
0.0250048
5.48819e-08
0.0250048
5.09762e-08
0.0250047
4.46685e-08
0.0250047
3.56314e-08
0.0250047
2.38183e-08
0.0250047
1.01279e-08
0.0250047
-2.18641e-09
-3.67886e-09
0.0249988
1.56522e-06
0.0249988
-5.4333e-07
0.0249987
-7.31214e-07
0.0249987
-7.39644e-07
0.0249987
-8.16859e-07
0.0249987
-8.73479e-07
0.0249987
-9.18077e-07
0.0249987
-9.62032e-07
0.0249987
-1.00413e-06
0.0249988
-1.04265e-06
0.0249988
-1.07743e-06
0.0249989
-1.10862e-06
0.024999
-1.13631e-06
0.024999
-1.16052e-06
0.0249991
-1.18132e-06
0.0249992
-1.19879e-06
0.0249993
-1.213e-06
0.0249995
-1.22408e-06
0.0249996
-1.23212e-06
0.0249997
-1.23725e-06
0.0249998
-1.23958e-06
0.025
-1.23927e-06
0.0250001
-1.23643e-06
0.0250002
-1.2312e-06
0.0250004
-1.22372e-06
0.0250005
-1.21414e-06
0.0250007
-1.20257e-06
0.0250008
-1.18916e-06
0.025001
-1.17404e-06
0.0250011
-1.15734e-06
0.0250013
-1.13919e-06
0.0250014
-1.1197e-06
0.0250016
-1.09899e-06
0.0250017
-1.07718e-06
0.0250019
-1.05437e-06
0.025002
-1.03068e-06
0.0250022
-1.00619e-06
0.0250023
-9.80998e-07
0.0250024
-9.55202e-07
0.0250026
-9.28882e-07
0.0250027
-9.0212e-07
0.0250028
-8.74991e-07
0.0250029
-8.47566e-07
0.0250031
-8.19913e-07
0.0250032
-7.92094e-07
0.0250033
-7.6417e-07
0.0250034
-7.36195e-07
0.0250035
-7.08222e-07
0.0250036
-6.80298e-07
0.0250037
-6.5247e-07
0.0250038
-6.2478e-07
0.0250039
-5.97265e-07
0.025004
-5.69964e-07
0.0250041
-5.4291e-07
0.0250042
-5.16134e-07
0.0250042
-4.89666e-07
0.0250043
-4.63533e-07
0.0250044
-4.37759e-07
0.0250044
-4.1237e-07
0.0250045
-3.87386e-07
0.0250046
-3.62828e-07
0.0250046
-3.38712e-07
0.0250047
-3.15056e-07
0.0250047
-2.91876e-07
0.0250047
-2.69187e-07
0.0250048
-2.47002e-07
0.0250048
-2.25333e-07
0.0250048
-2.04194e-07
0.0250048
-1.83594e-07
0.0250049
-1.63544e-07
0.0250049
-1.44055e-07
0.0250049
-1.25137e-07
0.0250049
-1.06799e-07
0.0250049
-8.90527e-08
0.0250049
-7.19067e-08
0.0250049
-5.53714e-08
0.0250049
-3.94574e-08
0.0250049
-2.41768e-08
0.0250049
-9.54213e-09
0.0250049
4.43154e-09
0.0250048
1.77274e-08
0.0250048
3.03246e-08
0.0250048
4.21997e-08
0.0250048
5.33232e-08
0.0250047
6.36603e-08
0.0250047
7.31656e-08
0.0250047
8.17837e-08
0.0250046
8.9441e-08
0.0250046
9.6043e-08
0.0250045
1.01462e-07
0.0250045
1.05525e-07
0.0250044
1.0799e-07
0.0250044
1.08519e-07
0.0250043
1.06621e-07
0.0250043
1.0159e-07
0.0250042
9.2429e-08
0.0250042
7.78665e-08
0.0250041
5.6787e-08
0.0250041
3.03064e-08
8.11154e-09
0.0249977
3.82992e-06
0.0249981
-8.99431e-07
0.024998
-6.63321e-07
0.0249981
-8.03003e-07
0.0249982
-9.57248e-07
0.0249984
-1.01981e-06
0.0249985
-1.06822e-06
0.0249987
-1.1195e-06
0.0249988
-1.1687e-06
0.024999
-1.21343e-06
0.0249992
-1.2536e-06
0.0249994
-1.28941e-06
0.0249996
-1.32091e-06
0.0249997
-1.34816e-06
0.0249999
-1.3712e-06
0.0250001
-1.39013e-06
0.0250003
-1.40505e-06
0.0250005
-1.4161e-06
0.0250007
-1.4234e-06
0.0250009
-1.42712e-06
0.0250011
-1.42739e-06
0.0250013
-1.42441e-06
0.0250014
-1.41832e-06
0.0250016
-1.40932e-06
0.0250018
-1.39757e-06
0.025002
-1.38326e-06
0.0250021
-1.36655e-06
0.0250023
-1.34763e-06
0.0250024
-1.32666e-06
0.0250026
-1.30382e-06
0.0250027
-1.27926e-06
0.0250029
-1.25314e-06
0.025003
-1.22562e-06
0.0250031
-1.19684e-06
0.0250032
-1.16694e-06
0.0250033
-1.13605e-06
0.0250034
-1.1043e-06
0.0250035
-1.07182e-06
0.0250036
-1.0387e-06
0.0250037
-1.00507e-06
0.0250037
-9.71025e-07
0.0250038
-9.36655e-07
0.0250039
-9.0205e-07
0.0250039
-8.67295e-07
0.025004
-8.32467e-07
0.025004
-7.97637e-07
0.025004
-7.62872e-07
0.025004
-7.28234e-07
0.025004
-6.9378e-07
0.0250041
-6.59563e-07
0.0250041
-6.25633e-07
0.0250041
-5.92032e-07
0.025004
-5.58804e-07
0.025004
-5.25984e-07
0.025004
-4.93608e-07
0.025004
-4.61707e-07
0.0250039
-4.30308e-07
0.0250039
-3.99439e-07
0.0250039
-3.69124e-07
0.0250038
-3.39385e-07
0.0250038
-3.10239e-07
0.0250037
-2.81703e-07
0.0250036
-2.53794e-07
0.0250036
-2.26525e-07
0.0250035
-1.99907e-07
0.0250034
-1.73953e-07
0.0250034
-1.48673e-07
0.0250033
-1.24074e-07
0.0250032
-1.00165e-07
0.0250031
-7.69532e-08
0.025003
-5.44443e-08
0.0250029
-3.26438e-08
0.0250028
-1.15555e-08
0.0250027
8.81705e-09
0.0250026
2.84663e-08
0.0250025
4.73846e-08
0.0250024
6.5566e-08
0.0250023
8.30047e-08
0.0250022
9.96935e-08
0.0250021
1.15624e-07
0.025002
1.30787e-07
0.0250019
1.4517e-07
0.0250018
1.58758e-07
0.0250016
1.71532e-07
0.0250015
1.83467e-07
0.0250014
1.94533e-07
0.0250013
2.04686e-07
0.0250011
2.13872e-07
0.025001
2.22015e-07
0.0250009
2.29008e-07
0.0250008
2.34702e-07
0.0250006
2.38874e-07
0.0250005
2.41187e-07
0.0250004
2.41108e-07
0.0250002
2.3775e-07
0.0250001
2.29586e-07
0.025
2.13905e-07
0.0249998
1.85929e-07
0.0249997
1.40117e-07
5.62121e-08
0.0250289
-2.50619e-05
0.025029
-1.04696e-06
0.0250273
1.03404e-06
0.0250263
2.17245e-07
0.0250254
-3.75341e-08
0.0250245
-1.0335e-07
0.0250236
-1.65833e-07
0.0250227
-2.33315e-07
0.0250218
-2.97944e-07
0.025021
-3.57772e-07
0.0250201
-4.12782e-07
0.0250193
-4.6305e-07
0.0250185
-5.08596e-07
0.0250177
-5.49444e-07
0.0250169
-5.8565e-07
0.0250161
-6.17301e-07
0.0250154
-6.44514e-07
0.0250146
-6.67425e-07
0.0250139
-6.86194e-07
0.0250132
-7.00992e-07
0.0250124
-7.12006e-07
0.0250117
-7.19429e-07
0.025011
-7.23464e-07
0.0250104
-7.24316e-07
0.0250097
-7.22194e-07
0.025009
-7.17303e-07
0.0250084
-7.0985e-07
0.0250077
-7.00037e-07
0.0250071
-6.88062e-07
0.0250065
-6.74116e-07
0.0250058
-6.58383e-07
0.0250052
-6.41043e-07
0.0250046
-6.22264e-07
0.025004
-6.0221e-07
0.0250034
-5.81033e-07
0.0250029
-5.58878e-07
0.0250023
-5.35882e-07
0.0250017
-5.12173e-07
0.0250012
-4.87871e-07
0.0250006
-4.63088e-07
0.0250001
-4.37926e-07
0.0249996
-4.12484e-07
0.0249991
-3.86849e-07
0.0249986
-3.61104e-07
0.0249981
-3.35324e-07
0.0249976
-3.09578e-07
0.0249971
-2.8393e-07
0.0249966
-2.58437e-07
0.0249962
-2.33153e-07
0.0249957
-2.08124e-07
0.0249953
-1.83393e-07
0.0249948
-1.59e-07
0.0249944
-1.3498e-07
0.024994
-1.11364e-07
0.0249936
-8.81798e-08
0.0249932
-6.5452e-08
0.0249928
-4.3202e-08
0.0249924
-2.14467e-08
0.0249921
-1.93013e-10
0.0249917
2.05411e-08
0.0249914
4.07299e-08
0.024991
6.03619e-08
0.0249907
7.9428e-08
0.0249904
9.79203e-08
0.02499
1.15832e-07
0.0249897
1.33159e-07
0.0249894
1.49895e-07
0.0249891
1.66038e-07
0.0249889
1.81585e-07
0.0249886
1.96535e-07
0.0249883
2.10887e-07
0.0249881
2.2464e-07
0.0249878
2.37793e-07
0.0249876
2.50345e-07
0.0249873
2.62299e-07
0.0249871
2.73653e-07
0.0249869
2.84409e-07
0.0249867
2.94565e-07
0.0249865
3.04123e-07
0.0249863
3.13079e-07
0.0249861
3.21434e-07
0.0249859
3.29182e-07
0.0249857
3.3632e-07
0.0249856
3.42841e-07
0.0249854
3.48734e-07
0.0249852
3.53985e-07
0.0249851
3.58574e-07
0.0249849
3.62472e-07
0.0249848
3.65641e-07
0.0249847
3.6802e-07
0.0249845
3.69525e-07
0.0249844
3.70021e-07
0.0249843
3.69296e-07
0.0249841
3.66989e-07
0.024984
3.62438e-07
0.0249839
3.54318e-07
0.0249838
3.39634e-07
0.0249836
3.10854e-07
0.0249835
2.43426e-07
9.78173e-08
0.0249749
0.0249739
0.0249749
0.0249751
0.0249751
0.024975
0.0249748
0.0249746
0.0249743
0.0249739
0.0249735
0.0249731
0.0249726
0.024972
0.0249714
0.0249708
0.0249702
0.0249695
0.0249688
0.0249681
0.0249674
0.0249667
0.024966
0.0249652
0.0249645
0.0249638
0.0249631
0.0249624
0.0249617
0.024961
0.0249604
0.0249597
0.0249591
0.0249585
0.0249579
0.0249574
0.0249568
0.0249563
0.0249558
0.0249554
0.0249549
0.0249545
0.0249541
0.0249538
0.0249534
0.0249531
0.0249528
0.0249526
0.0249523
0.0249521
0.0249519
0.0249518
0.0249517
0.0249515
0.0249515
0.0249514
0.0249513
0.0249513
0.0249513
0.0249513
0.0249514
0.0249514
0.0249515
0.0249516
0.0249517
0.0249519
0.024952
0.0249522
0.0249524
0.0249526
0.0249528
0.024953
0.0249532
0.0249535
0.0249538
0.024954
0.0249543
0.0249546
0.0249549
0.0249552
0.0249555
0.0249559
0.0249562
0.0249566
0.0249569
0.0249573
0.0249576
0.024958
0.0249583
0.0249587
0.0249591
0.0249595
0.0249598
0.0249602
0.0249606
0.0249609
0.0249612
0.0249616
0.0249618
)
;

boundaryField
{
    inlet
    {
        type            calculated;
        value           uniform -0.025;
    }
    outlet
    {
        type            calculated;
        value           nonuniform List<scalar> 
40
(
0.0249619
0.0249835
0.0249997
0.0250041
0.0250047
0.0250046
0.0250044
0.0250041
0.0250038
0.0250036
0.0250033
0.0250031
0.0250029
0.0250027
0.0250025
0.0250024
0.0250023
0.0250022
0.0250022
0.0250021
0.0250021
0.0250022
0.0250022
0.0250023
0.0250024
0.0250025
0.0250027
0.0250029
0.0250031
0.0250033
0.0250036
0.0250038
0.0250041
0.0250044
0.0250046
0.0250047
0.0250041
0.0249997
0.0249835
0.0249619
)
;
    }
    bottom
    {
        type            calculated;
        value           uniform 0;
    }
    top
    {
        type            symmetryPlane;
        value           uniform 0;
    }
    frontAndBack
    {
        type            empty;
        value           nonuniform List<scalar> 0();
    }
}


// ************************************************************************* //
