/*--------------------------------*- C++ -*----------------------------------*\
| =========                 |                                                 |
| \\      /  F ield         | OpenFOAM: The Open Source CFD Toolbox           |
|  \\    /   O peration     | Version:  2206                                  |
|   \\  /    A nd           | Website:  www.openfoam.com                      |
|    \\/     M anipulation  |                                                 |
\*---------------------------------------------------------------------------*/
FoamFile
{
    version     2.0;
    format      ascii;
    arch        "LSB;label=32;scalar=64";
    class       volScalarField;
    location    "1900";
    object      k;
}
// * * * * * * * * * * * * * * * * * * * * * * * * * * * * * * * * * * * * * //

dimensions      [0 2 -2 0 0 0 0];

internalField   nonuniform List<scalar> 
10000
(
0.290437
0.295088
0.299446
0.303473
0.307128
0.310374
0.313185
0.315566
0.317578
0.31842
0.317932
0.316014
0.312619
0.307741
0.301416
0.293718
0.28475
0.274643
0.263549
0.251636
0.239087
0.22609
0.212839
0.199522
0.186321
0.1734
0.160903
0.148949
0.137628
0.127001
0.117102
0.107942
0.0995123
0.0917877
0.0847341
0.078311
0.0724744
0.0671798
0.0623835
0.0580432
0.0541191
0.0505736
0.0473717
0.0444806
0.0418703
0.0395136
0.0373858
0.0354649
0.0337318
0.0321702
0.0307661
0.029508
0.0283862
0.0273925
0.0265201
0.0257625
0.0251138
0.0245677
0.0241181
0.0237586
0.0234827
0.0232837
0.0231551
0.0230908
0.0230847
0.0231314
0.0232257
0.0233631
0.0235394
0.0237483
0.0239837
0.0242435
0.0245262
0.0248314
0.0251596
0.0255083
0.0258724
0.0262495
0.0266373
0.0270338
0.0274367
0.0278437
0.0282522
0.0286595
0.0290621
0.0294561
0.0298369
0.0301984
0.0305332
0.030832
0.0310825
0.0312685
0.0313684
0.0313528
0.0311813
0.0307952
0.030104
0.0289668
0.0272027
0.0247384
0.562627
0.570718
0.578738
0.586434
0.593712
0.600498
0.606621
0.611854
0.615942
0.618498
0.619034
0.617253
0.612941
0.605971
0.596297
0.583954
0.569047
0.551744
0.53227
0.510892
0.487915
0.463674
0.438526
0.412836
0.386969
0.361278
0.336084
0.311672
0.288277
0.266078
0.245199
0.225712
0.207642
0.190976
0.175676
0.16168
0.148918
0.137311
0.126779
0.117244
0.108628
0.100859
0.0938661
0.0875814
0.0819414
0.0768861
0.0723595
0.0683096
0.0646894
0.0614565
0.0585738
0.0560088
0.0537341
0.051726
0.0499648
0.0484334
0.0471166
0.0460006
0.0450722
0.0443185
0.0437266
0.0432837
0.0429771
0.0427944
0.0427239
0.0427544
0.0428756
0.0430781
0.0433533
0.0436896
0.0440832
0.0445289
0.0450217
0.0455576
0.0461326
0.0467472
0.0473952
0.0480725
0.0487756
0.0495015
0.050247
0.051009
0.051784
0.0525679
0.053356
0.0541426
0.0549205
0.0556808
0.0564116
0.0570976
0.0577183
0.0582456
0.0586408
0.0588485
0.0587878
0.0583371
0.0573137
0.0554167
0.0520081
0.0457154
0.751241
0.759383
0.768071
0.776742
0.785201
0.793384
0.801106
0.808075
0.813928
0.818195
0.820147
0.819301
0.815303
0.80792
0.797042
0.782675
0.764922
0.74397
0.720077
0.693555
0.664763
0.634097
0.601983
0.568868
0.535208
0.501456
0.468042
0.43536
0.403751
0.373493
0.344793
0.317789
0.292555
0.269111
0.247437
0.227477
0.209158
0.192395
0.177098
0.163178
0.150545
0.139113
0.128799
0.119521
0.1112
0.103757
0.0971174
0.091208
0.0859595
0.0813069
0.0771905
0.073556
0.0703553
0.0675463
0.0650922
0.0629616
0.0611271
0.0595647
0.0582527
0.0571715
0.0563023
0.0556275
0.0551299
0.0547932
0.0546019
0.0545413
0.0545978
0.054759
0.0550114
0.0553445
0.0557511
0.0562237
0.0567561
0.0573425
0.0579778
0.0586576
0.0593805
0.0601399
0.0609311
0.0617502
0.0625933
0.0634566
0.0643356
0.0652254
0.0661204
0.0670133
0.0678954
0.0687553
0.0695782
0.0703445
0.0710276
0.0715911
0.0719841
0.0721343
0.0719366
0.0712369
0.0698109
0.0673129
0.0631101
0.0561361
0.909563
0.917558
0.926714
0.936433
0.94644
0.956627
0.966744
0.976388
0.985047
0.99213
0.996632
0.997862
0.995316
0.98867
0.977772
0.96262
0.94334
0.920152
0.893353
0.863292
0.830361
0.794985
0.757623
0.718757
0.678894
0.638548
0.598228
0.558419
0.519559
0.482022
0.446107
0.41203
0.37993
0.349874
0.321874
0.295896
0.271877
0.249737
0.229388
0.210741
0.193709
0.178207
0.164153
0.151464
0.140057
0.129849
0.120752
0.11268
0.105542
0.0992517
0.0937246
0.0888805
0.0846457
0.0809534
0.0777446
0.0749677
0.0725779
0.0705369
0.0688114
0.0673719
0.0661925
0.0652495
0.0645209
0.0639867
0.0636276
0.0634262
0.0633661
0.0634324
0.0636082
0.0638824
0.0642452
0.0646877
0.0652018
0.0657804
0.0664171
0.067106
0.0678454
0.0686285
0.0694494
0.0703035
0.0711859
0.0720921
0.0730168
0.0739543
0.074898
0.0758394
0.0767684
0.0776717
0.078532
0.0793268
0.0800256
0.0805871
0.0809549
0.0810504
0.0807635
0.0799389
0.0783602
0.0757142
0.0714905
0.0649464
1.05451
1.06273
1.0727
1.08401
1.09638
1.10962
1.12333
1.13691
1.14962
1.16068
1.16879
1.17301
1.17271
1.16748
1.15717
1.14181
1.1216
1.09683
1.06785
1.03506
0.998899
0.959793
0.918203
0.874616
0.829544
0.783525
0.737114
0.690859
0.645281
0.600849
0.557955
0.516903
0.477907
0.441096
0.406526
0.374195
0.344058
0.316048
0.290086
0.266092
0.243991
0.22371
0.205182
0.188339
0.173112
0.159426
0.1472
0.136342
0.126756
0.118336
0.110974
0.104561
0.0989946
0.0941751
0.0900134
0.08643
0.0833555
0.0807302
0.0785031
0.0766306
0.0750756
0.0738054
0.0727917
0.0720087
0.0714334
0.0710447
0.0708232
0.0707514
0.0708099
0.0709858
0.0712672
0.0716435
0.072105
0.0726432
0.0732503
0.0739193
0.0746456
0.0754243
0.0762481
0.077111
0.0780074
0.0789318
0.0798781
0.0808397
0.0818089
0.0827764
0.0837307
0.084657
0.0855367
0.0863452
0.0870502
0.0876089
0.0879638
0.0880374
0.0877249
0.0868843
0.085325
0.0827864
0.0788786
0.0730825
1.18822
1.1972
1.20853
1.22217
1.23792
1.25544
1.27407
1.29294
1.31098
1.32709
1.33965
1.34751
1.34988
1.34634
1.33679
1.32138
1.30041
1.27429
1.2435
1.2085
1.16976
1.12772
1.08283
1.03553
0.986292
0.935638
0.884118
0.832309
0.780787
0.730098
0.680723
0.633056
0.587393
0.543934
0.502788
0.463993
0.427531
0.39335
0.361384
0.331567
0.303837
0.278142
0.254438
0.232685
0.212843
0.194867
0.178701
0.164274
0.151499
0.14027
0.130466
0.121958
0.114609
0.108287
0.102864
0.0982242
0.0942634
0.0908917
0.0880323
0.0856204
0.0836015
0.0819298
0.0805664
0.0794781
0.0786356
0.0780131
0.0775877
0.0773382
0.077243
0.0772866
0.0774554
0.0777366
0.0781189
0.0785921
0.0791469
0.079775
0.0804689
0.0812249
0.0820343
0.0828898
0.0837848
0.0847127
0.0856665
0.0866389
0.087621
0.0886029
0.0895719
0.0905125
0.0914052
0.0922248
0.0929389
0.0935054
0.093869
0.0939577
0.0936764
0.0929004
0.0914678
0.0891654
0.0856935
0.0806723
1.30744
1.31786
1.33137
1.34837
1.36881
1.3921
1.4172
1.44284
1.46754
1.48967
1.50733
1.51913
1.52423
1.52227
1.51328
1.49759
1.4757
1.4482
1.41572
1.37883
1.33805
1.29383
1.24659
1.19668
1.14452
1.09052
1.03518
0.979058
0.922745
0.866834
0.81188
0.758358
0.706648
0.657025
0.609663
0.564647
0.521989
0.481659
0.443604
0.407773
0.37412
0.342614
0.313238
0.285984
0.26085
0.237836
0.216931
0.198109
0.181318
0.166478
0.153483
0.142198
0.132469
0.124132
0.117019
0.110971
0.10584
0.101495
0.0978224
0.0947266
0.0921279
0.0899604
0.0881697
0.0867103
0.0855442
0.0846389
0.0839663
0.0834991
0.0832144
0.0830937
0.0831207
0.0832806
0.0835602
0.0839471
0.0844304
0.085
0.0856467
0.0863654
0.0871472
0.0879833
0.0888659
0.0897871
0.0907392
0.0917138
0.0927014
0.0936911
0.0946699
0.0956218
0.096527
0.0973608
0.0980918
0.0986799
0.0990741
0.0992087
0.0989999
0.0983398
0.0970918
0.0950812
0.0920735
0.0877799
1.40653
1.41929
1.43619
1.45812
1.48514
1.51617
1.5496
1.58364
1.61633
1.64523
1.66825
1.68386
1.69126
1.69029
1.68125
1.66472
1.64149
1.61236
1.57816
1.53959
1.49726
1.45164
1.40306
1.3518
1.29814
1.24235
1.18482
1.12601
1.06646
1.00679
0.947592
0.889403
0.832682
0.777783
0.724953
0.67433
0.625963
0.579847
0.535949
0.494232
0.454672
0.417257
0.381994
0.348906
0.318034
0.289424
0.263123
0.239163
0.217554
0.198275
0.18126
0.166406
0.153565
0.142562
0.133198
0.125272
0.118586
0.112957
0.108225
0.104251
0.100919
0.098134
0.095818
0.0939081
0.0923526
0.0911088
0.0901412
0.0894148
0.0889038
0.0885862
0.0884428
0.088456
0.0886101
0.0888908
0.089285
0.0897808
0.0903675
0.0910357
0.0917786
0.0925855
0.0934469
0.0943538
0.0952975
0.0962685
0.0972568
0.0982509
0.0992375
0.1002
0.10112
0.101974
0.10273
0.103353
0.103795
0.103998
0.103889
0.103374
0.102339
0.100638
0.0980847
0.0944523
1.47861
1.49508
1.51739
1.54684
1.5833
1.62474
1.66873
1.71283
1.75453
1.79036
1.81822
1.83665
1.84518
1.84401
1.83383
1.81559
1.79036
1.75925
1.72325
1.68323
1.63989
1.59368
1.54492
1.49374
1.44024
1.38451
1.32675
1.26724
1.20645
1.14491
1.08324
1.02202
0.961751
0.902875
0.845718
0.790479
0.737247
0.686046
0.63687
0.589709
0.544562
0.50144
0.460372
0.42141
0.384632
0.350131
0.318009
0.288363
0.261278
0.236808
0.214966
0.19571
0.178941
0.164504
0.152198
0.141794
0.133049
0.125725
0.119604
0.114491
0.110221
0.106658
0.103691
0.101231
0.0992055
0.0975576
0.0962399
0.0952082
0.0944313
0.0938825
0.0935387
0.0933792
0.0933853
0.0935401
0.0938281
0.0942351
0.0947483
0.0953557
0.09605
0.0968191
0.0976519
0.0985383
0.0994682
0.100431
0.101417
0.102414
0.103408
0.104383
0.10532
0.106198
0.106987
0.107655
0.108158
0.108445
0.108451
0.108096
0.107283
0.105891
0.103767
0.10073
1.51574
1.53845
1.56997
1.61144
1.66173
1.7172
1.7742
1.82962
1.88018
1.92162
1.95223
1.97114
1.9785
1.97511
1.96217
1.94103
1.91307
1.87962
1.84187
1.8008
1.75716
1.71144
1.66386
1.61442
1.56303
1.50953
1.45385
1.39607
1.33643
1.2754
1.21351
1.15135
1.08945
1.02832
0.968397
0.909925
0.853039
0.797799
0.74423
0.692369
0.642253
0.593917
0.547415
0.502827
0.460266
0.419865
0.381774
0.346155
0.313164
0.282941
0.255589
0.231162
0.209644
0.190947
0.174909
0.161306
0.149872
0.140323
0.132379
0.12578
0.120301
0.115748
0.111966
0.108827
0.106231
0.104099
0.102366
0.100975
0.099887
0.0990692
0.0984931
0.0981335
0.0979682
0.0979771
0.0981417
0.0984452
0.0988723
0.0994088
0.100045
0.100768
0.101566
0.102426
0.103338
0.10429
0.105271
0.106269
0.10727
0.108258
0.109216
0.110122
0.11095
0.111669
0.112241
0.11262
0.112749
0.11256
0.111968
0.110872
0.109147
0.106642
1.50716
1.54244
1.59115
1.65255
1.72319
1.79703
1.86904
1.93547
1.99158
2.03434
2.06307
2.07812
2.08063
2.07215
2.05438
2.02903
1.99771
1.96188
1.92279
1.88147
1.8387
1.79491
1.75027
1.70462
1.65763
1.6089
1.55805
1.50484
1.44927
1.39159
1.33225
1.27176
1.21063
1.14943
1.08874
1.02885
0.969919
0.912049
0.855303
0.799793
0.745632
0.692878
0.641602
0.591917
0.543982
0.497963
0.454049
0.412457
0.373411
0.337129
0.303808
0.273605
0.246618
0.222865
0.202269
0.184663
0.169798
0.157371
0.147054
0.138521
0.131474
0.125653
0.120839
0.116854
0.113559
0.110842
0.108612
0.106797
0.105346
0.104216
0.103372
0.102783
0.102422
0.102263
0.102287
0.102472
0.102801
0.103257
0.103825
0.104495
0.105251
0.10608
0.106969
0.107907
0.108881
0.109879
0.110886
0.111889
0.112868
0.113804
0.114674
0.115449
0.116094
0.116569
0.116823
0.116797
0.116419
0.115602
0.114242
0.112214
1.43079
1.50177
1.58445
1.67862
1.77753
1.873
1.95895
2.03049
2.08313
2.11849
2.1376
2.14251
2.13545
2.11861
2.09404
2.06358
2.02886
1.99128
1.95201
1.91201
1.87195
1.83221
1.79284
1.75354
1.71375
1.6728
1.62998
1.5847
1.53661
1.4857
1.43223
1.37661
1.31917
1.26053
1.20159
1.14257
1.08365
1.02498
0.96663
0.908859
0.851929
0.795887
0.740809
0.68685
0.634255
0.583203
0.533906
0.486645
0.441697
0.399348
0.359879
0.323549
0.290573
0.261099
0.23518
0.212756
0.193652
0.177592
0.164234
0.153202
0.144128
0.136673
0.130543
0.125495
0.121333
0.117902
0.115073
0.112755
0.110878
0.109386
0.108234
0.107382
0.106797
0.106449
0.106313
0.106364
0.106581
0.106945
0.107437
0.108046
0.108754
0.109547
0.110411
0.111331
0.112296
0.113291
0.114305
0.11532
0.116321
0.117289
0.118202
0.119033
0.119752
0.120321
0.120698
0.120829
0.120652
0.120094
0.119067
0.117463
1.25923
1.42632
1.57261
1.71377
1.84403
1.95529
2.04164
2.10027
2.13521
2.15096
2.15125
2.13954
2.11873
2.09122
2.05899
2.0237
1.98672
1.94917
1.91199
1.87589
1.84138
1.8087
1.77778
1.74813
1.71899
1.6894
1.65832
1.62478
1.58803
1.54773
1.50392
1.45684
1.40686
1.35452
1.30046
1.24511
1.18876
1.13161
1.07366
1.01541
0.95744
0.899672
0.842148
0.785071
0.728894
0.673747
0.619824
0.567523
0.517153
0.469047
0.423574
0.381072
0.341862
0.306232
0.274386
0.246416
0.222275
0.201776
0.184614
0.170407
0.158733
0.149179
0.141367
0.13497
0.129723
0.125409
0.121853
0.118932
0.116553
0.114639
0.113131
0.111978
0.111139
0.110577
0.110261
0.110162
0.110254
0.110514
0.110922
0.111461
0.112115
0.112867
0.113699
0.114599
0.115551
0.116543
0.11756
0.118587
0.119609
0.120607
0.121562
0.122448
0.123238
0.123898
0.124391
0.124669
0.12468
0.124359
0.123631
0.122406
1.07708
1.39327
1.61947
1.79966
1.93832
2.03006
2.07974
2.09816
2.09606
2.07997
2.05467
2.02352
1.98887
1.95241
1.91542
1.87891
1.84372
1.8105
1.77983
1.75214
1.7277
1.70661
1.68864
1.67317
1.6592
1.6455
1.63069
1.61338
1.59239
1.56705
1.53711
1.50261
1.46385
1.42131
1.37558
1.32715
1.27641
1.2237
1.1693
1.11359
1.05699
0.999654
0.941567
0.882942
0.824792
0.76697
0.709543
0.653233
0.598304
0.545102
0.494122
0.445753
0.400395
0.358473
0.320352
0.286297
0.256435
0.23072
0.208954
0.190807
0.175852
0.163624
0.153663
0.145553
0.138941
0.13352
0.12907
0.125422
0.122444
0.120036
0.118115
0.116618
0.11549
0.114687
0.114168
0.1139
0.113852
0.113998
0.114311
0.114773
0.115365
0.116069
0.116866
0.117741
0.118677
0.119662
0.120679
0.121716
0.122756
0.123783
0.124775
0.125713
0.126569
0.127315
0.127915
0.12833
0.128511
0.128404
0.127944
0.127056
1.1876
1.56617
1.77531
1.88018
1.91802
1.9142
1.88862
1.85379
1.81609
1.77838
1.74182
1.70681
1.67353
1.64216
1.61302
1.5865
1.56306
1.54313
1.5271
1.5153
1.50793
1.50505
1.50636
1.51115
1.51823
1.52607
1.53292
1.5369
1.53642
1.53055
1.51885
1.50121
1.47772
1.44876
1.41508
1.37726
1.33576
1.29101
1.24338
1.1933
1.14115
1.08724
1.03174
0.974953
0.917337
0.859001
0.799659
0.740991
0.682915
0.625688
0.570127
0.516609
0.465558
0.417565
0.373149
0.33275
0.296702
0.26513
0.238005
0.215123
0.196125
0.180544
0.167864
0.157579
0.14923
0.142422
0.136866
0.132332
0.128638
0.125645
0.123244
0.121349
0.119892
0.118814
0.118068
0.117612
0.117408
0.117425
0.117633
0.118008
0.118532
0.119182
0.119938
0.120783
0.121699
0.122672
0.123687
0.12473
0.125784
0.126834
0.127861
0.128844
0.129761
0.130584
0.131281
0.131818
0.132152
0.132236
0.132015
0.131424
0.0451553
0.122347
0.230084
0.357022
0.490919
0.619879
0.735879
0.83409
0.912637
0.972062
1.01459
1.04333
1.06169
1.07293
1.07995
1.08519
1.09062
1.09781
1.10794
1.12194
1.14046
1.16388
1.19213
1.22452
1.25971
1.29595
1.33106
1.36224
1.38696
1.40531
1.41721
1.42256
1.42139
1.41377
1.39988
1.38005
1.35475
1.32442
1.28957
1.25065
1.20814
1.16242
1.11384
1.06277
1.00958
0.954527
0.897859
0.840119
0.781475
0.721585
0.662357
0.604235
0.547522
0.493169
0.441846
0.394175
0.350783
0.31196
0.277933
0.248727
0.224151
0.203823
0.187226
0.173748
0.162825
0.153989
0.146834
0.141033
0.13633
0.132524
0.129465
0.127033
0.125135
0.123695
0.122651
0.121948
0.121541
0.121391
0.121462
0.121725
0.122155
0.122731
0.123428
0.124228
0.12511
0.12606
0.127062
0.1281
0.12916
0.130226
0.131279
0.132302
0.133272
0.134165
0.134952
0.135604
0.136082
0.136347
0.136352
0.136042
0.0065486
0.00797149
0.0105979
0.0145868
0.0200595
0.0290829
0.0421404
0.0593176
0.0803352
0.104664
0.131671
0.160759
0.191466
0.22354
0.256965
0.291975
0.32904
0.368848
0.412265
0.46026
0.513791
0.573477
0.638475
0.70499
0.772049
0.838517
0.903294
0.965905
1.02616
1.08218
1.13255
1.17623
1.21253
1.24099
1.26133
1.27352
1.27773
1.2743
1.26368
1.24642
1.22305
1.19412
1.16015
1.12165
1.07911
1.03298
0.983673
0.93166
0.877289
0.820885
0.763131
0.704456
0.644803
0.586347
0.529592
0.47509
0.423819
0.376573
0.334028
0.296571
0.264333
0.237153
0.214638
0.196271
0.18143
0.169499
0.15992
0.152223
0.14603
0.141049
0.137054
0.133872
0.131369
0.129439
0.127996
0.126968
0.126297
0.12593
0.125824
0.125942
0.12625
0.126727
0.127345
0.128081
0.128915
0.129829
0.130805
0.131829
0.132885
0.133958
0.13503
0.136085
0.137102
0.138059
0.138932
0.139693
0.140311
0.140752
0.140977
0.140942
0.0060089
0.00604321
0.00610028
0.00616627
0.00622047
0.00629439
0.00640947
0.00659487
0.0068922
0.00735747
0.0080619
0.00909164
0.0105481
0.0125511
0.0152469
0.018822
0.0235256
0.0297011
0.0378319
0.0485569
0.0624914
0.0806281
0.104823
0.139277
0.185243
0.243366
0.31337
0.393926
0.48265
0.576029
0.670041
0.760833
0.845264
0.921137
0.987124
1.04257
1.08728
1.12137
1.14519
1.15921
1.16402
1.16026
1.14859
1.1297
1.10424
1.07285
1.03613
0.994683
0.949035
0.899727
0.847345
0.792411
0.735431
0.677275
0.618402
0.559583
0.502974
0.448972
0.398806
0.353198
0.31277
0.277809
0.248288
0.223881
0.204034
0.188074
0.175315
0.165136
0.157012
0.150525
0.145349
0.141236
0.137994
0.135472
0.133555
0.132145
0.131164
0.130545
0.130235
0.130184
0.130353
0.130714
0.131237
0.131897
0.132669
0.133533
0.134472
0.135469
0.136508
0.137574
0.138651
0.139722
0.140769
0.141771
0.142708
0.143555
0.144285
0.14487
0.145276
0.145468
0.0059932
0.0059855
0.00597907
0.00597567
0.00597786
0.00598918
0.00601192
0.00604735
0.00609593
0.00615782
0.00623329
0.00632308
0.00642862
0.00655216
0.00669701
0.00686787
0.0070715
0.00731744
0.00762132
0.00804863
0.0089468
0.0106697
0.0137951
0.0192916
0.0285237
0.0432551
0.0655609
0.0976232
0.141392
0.198099
0.267778
0.348939
0.438585
0.532646
0.626695
0.716671
0.799359
0.872543
0.93492
0.985904
1.02542
1.05373
1.07132
1.07883
1.07694
1.06639
1.04794
1.02232
0.990241
0.952403
0.909498
0.862185
0.811135
0.757076
0.700686
0.64275
0.584265
0.525562
0.46968
0.417052
0.368939
0.326055
0.288876
0.25747
0.231543
0.210524
0.193691
0.180302
0.169681
0.161261
0.154587
0.149308
0.145152
0.141912
0.139424
0.13756
0.136215
0.135303
0.134753
0.134507
0.134516
0.134739
0.135149
0.135714
0.136407
0.137207
0.138093
0.139047
0.140054
0.141098
0.142162
0.143232
0.14429
0.145318
0.146296
0.147203
0.148016
0.14871
0.149258
0.149631
0.00599098
0.0059815
0.00597287
0.00596606
0.00596187
0.00596115
0.00596494
0.00597469
0.00599232
0.0060202
0.00606099
0.00611743
0.00619218
0.0062877
0.00640601
0.00654866
0.00671683
0.00691165
0.00713339
0.00738167
0.00766261
0.00799548
0.00843957
0.00914849
0.0104368
0.0128515
0.0172504
0.0248735
0.0373744
0.0567644
0.0852261
0.124772
0.176772
0.241462
0.317599
0.402456
0.492205
0.582574
0.669535
0.749781
0.820922
0.881455
0.930609
0.96817
0.994314
1.00948
1.01428
1.00941
0.995653
0.973779
0.944591
0.908872
0.867409
0.820993
0.770406
0.716471
0.660066
0.602066
0.543809
0.485884
0.431505
0.381331
0.336492
0.297564
0.264703
0.237637
0.215766
0.198324
0.184519
0.173631
0.165054
0.158308
0.153018
0.148895
0.145717
0.143308
0.14153
0.140272
0.139442
0.138967
0.138786
0.138848
0.139122
0.139572
0.140167
0.140883
0.141697
0.142591
0.143548
0.144551
0.145585
0.146634
0.147682
0.148713
0.149708
0.15065
0.151517
0.152288
0.15294
0.15345
0.00599072
0.00598083
0.0059711
0.00596237
0.0059558
0.00595287
0.0059553
0.00596492
0.00598353
0.00601291
0.00605475
0.00611076
0.00618268
0.00627232
0.00638151
0.00651203
0.00666565
0.00684418
0.00704936
0.00728223
0.00754265
0.00782907
0.00813915
0.00847542
0.00886329
0.0093897
0.0102595
0.0118574
0.0148146
0.0200818
0.0289851
0.0432296
0.0648048
0.0957556
0.13781
0.191918
0.257822
0.333842
0.416993
0.503452
0.589177
0.670487
0.744424
0.808872
0.862509
0.90468
0.935235
0.954391
0.962619
0.96056
0.94896
0.928621
0.900386
0.86511
0.823654
0.776901
0.725761
0.671197
0.614304
0.556171
0.498311
0.442153
0.390452
0.344115
0.303897
0.270025
0.242215
0.219832
0.202061
0.188066
0.177091
0.168502
0.161798
0.156587
0.152565
0.149499
0.147203
0.145532
0.14437
0.143624
0.143218
0.143093
0.143201
0.143509
0.143983
0.144593
0.145314
0.146127
0.147013
0.147955
0.148937
0.149945
0.150962
0.151973
0.152962
0.153911
0.154804
0.155621
0.156343
0.15695
0.00599084
0.00598112
0.00597158
0.00596281
0.00595562
0.00595096
0.00594994
0.00595381
0.00596399
0.00598207
0.00600986
0.00604936
0.00610274
0.00617231
0.00626053
0.00636999
0.00650324
0.00666268
0.00685047
0.0070684
0.0073177
0.00759855
0.00790943
0.00824639
0.00860341
0.00897718
0.00938284
0.00988784
0.0106625
0.0120355
0.0145525
0.0190403
0.0266645
0.038947
0.0577057
0.0848782
0.122213
0.170858
0.230939
0.301283
0.379429
0.461952
0.545007
0.62489
0.698447
0.763278
0.817762
0.860964
0.892515
0.912472
0.921202
0.919287
0.907452
0.886514
0.857342
0.820846
0.777971
0.729714
0.677144
0.621423
0.56389
0.506
0.449297
0.396371
0.348961
0.307946
0.27353
0.245394
0.222852
0.205041
0.191086
0.180203
0.171743
0.165186
0.160131
0.156264
0.153343
0.151177
0.149618
0.148548
0.147874
0.147522
0.147433
0.147569
0.147893
0.14837
0.148974
0.149682
0.150473
0.151332
0.15224
0.153184
0.154147
0.155116
0.156073
0.157005
0.157896
0.158729
0.159487
0.160155
0.00599117
0.00598177
0.00597268
0.00596437
0.00595752
0.00595298
0.00595177
0.00595509
0.00596431
0.00598093
0.00600663
0.00604321
0.00609261
0.00615686
0.00623809
0.00633848
0.00646022
0.00660557
0.00677678
0.00697605
0.00720546
0.00746675
0.00776089
0.00808746
0.00844369
0.00882361
0.00921861
0.00962317
0.0100522
0.010575
0.0113636
0.0127434
0.0152467
0.0196704
0.0271283
0.039066
0.057206
0.0833849
0.119269
0.165973
0.223662
0.291285
0.366559
0.446254
0.526684
0.604226
0.675732
0.738741
0.791536
0.833086
0.862929
0.881056
0.88779
0.883691
0.869482
0.845998
0.814152
0.774932
0.7294
0.678717
0.624179
0.567233
0.509502
0.452847
0.399065
0.351164
0.309877
0.275403
0.24737
0.225028
0.207462
0.193768
0.183145
0.174934
0.168611
0.163768
0.160087
0.157323
0.155285
0.153824
0.152826
0.1522
0.151876
0.151799
0.151937
0.15225
0.152707
0.153282
0.153953
0.154703
0.155514
0.15637
0.157256
0.158157
0.159059
0.159949
0.160811
0.161631
0.162395
0.163091
0.00599166
0.00598261
0.00597399
0.00596616
0.00595963
0.00595505
0.00595321
0.00595504
0.00596164
0.00597432
0.00599455
0.00602406
0.00606476
0.00611875
0.00618829
0.00627576
0.00638362
0.00651434
0.00667039
0.00685416
0.00706793
0.00731375
0.00759338
0.00790793
0.00825746
0.00864003
0.00905057
0.00947997
0.00991681
0.0103559
0.0108195
0.0113945
0.012279
0.0138303
0.0166145
0.0214602
0.029501
0.0421807
0.0611842
0.0882648
0.124957
0.172205
0.229996
0.297135
0.371263
0.449163
0.527228
0.601948
0.670286
0.729869
0.779043
0.816813
0.842746
0.856848
0.859455
0.851144
0.832669
0.804915
0.768882
0.725693
0.676608
0.623051
0.566639
0.509185
0.452623
0.39888
0.350984
0.30996
0.275937
0.248443
0.226647
0.20959
0.19635
0.186123
0.178252
0.172215
0.167607
0.164112
0.16149
0.159554
0.15816
0.157199
0.156585
0.156252
0.156162
0.156272
0.156546
0.156957
0.157479
0.158092
0.158779
0.159521
0.160305
0.161115
0.161938
0.162759
0.163567
0.164348
0.16509
0.165781
0.00599231
0.00598364
0.00597549
0.00596814
0.00596197
0.00595751
0.00595542
0.00595654
0.00596186
0.0059726
0.0059902
0.00601631
0.00605279
0.00610168
0.00616516
0.00624555
0.00634519
0.00646648
0.00661183
0.00678362
0.0069842
0.00721583
0.00748057
0.00778024
0.00811615
0.00848876
0.00889687
0.00933644
0.00979919
0.0102724
0.0107432
0.0112114
0.0117172
0.0123817
0.0134524
0.0153485
0.018709
0.0244405
0.0337486
0.0481223
0.0692376
0.0987565
0.138019
0.187674
0.247358
0.315536
0.389607
0.466252
0.541906
0.613206
0.677306
0.732032
0.775901
0.808058
0.828172
0.836324
0.832909
0.818566
0.794127
0.760602
0.719179
0.671236
0.618365
0.562368
0.505239
0.449093
0.39606
0.34877
0.308616
0.27557
0.249029
0.228086
0.211753
0.199108
0.18936
0.181868
0.176124
0.171733
0.168391
0.165867
0.163985
0.162609
0.161638
0.160995
0.16062
0.160479
0.160529
0.160738
0.161076
0.161522
0.162056
0.162658
0.163313
0.164007
0.164725
0.165454
0.166183
0.166899
0.167591
0.168251
0.00599311
0.00598489
0.00597724
0.00597033
0.00596442
0.00595992
0.00595735
0.00595742
0.00596097
0.00596909
0.00598311
0.0060046
0.00603539
0.00607753
0.00613322
0.00620483
0.0062948
0.00640562
0.00653981
0.00669991
0.00688843
0.00710777
0.0073602
0.00764777
0.00797223
0.00833487
0.00873623
0.00917538
0.00964889
0.0101492
0.0106637
0.0111761
0.0116752
0.0121752
0.0127492
0.013573
0.0149688
0.017449
0.0217619
0.0289328
0.0402758
0.0573471
0.0818069
0.115174
0.158493
0.211975
0.274746
0.344793
0.419187
0.49448
0.567178
0.634124
0.692744
0.741139
0.778065
0.802857
0.815326
0.815669
0.804397
0.782298
0.750413
0.710033
0.662703
0.610214
0.554588
0.498026
0.4428
0.391064
0.345137
0.306496
0.274917
0.249673
0.229805
0.214323
0.202331
0.193071
0.18593
0.180427
0.176188
0.172929
0.170433
0.168539
0.167123
0.166091
0.16537
0.164921
0.164696
0.164658
0.164774
0.165018
0.165366
0.165799
0.166299
0.16685
0.167438
0.168051
0.168676
0.169303
0.169921
0.170523
0.00599405
0.00598648
0.00597954
0.00597321
0.00596772
0.00596352
0.00596119
0.00596142
0.00596503
0.00597307
0.00598684
0.00600785
0.00603783
0.00607873
0.00613259
0.00620158
0.00628787
0.00639367
0.00652124
0.00667291
0.00685105
0.00705802
0.00729618
0.00756781
0.00787507
0.00821996
0.0086041
0.00902854
0.00949305
0.00999506
0.010528
0.0110798
0.0116332
0.0121712
0.0126926
0.0132404
0.0139418
0.0150522
0.0169974
0.0204165
0.0262043
0.0355379
0.0498587
0.070779
0.0998872
0.138452
0.187068
0.245349
0.311773
0.383789
0.458142
0.531318
0.599974
0.661237
0.712854
0.75323
0.781373
0.796831
0.799617
0.790155
0.769241
0.738017
0.69795
0.6508
0.598599
0.543585
0.488116
0.434511
0.384846
0.341067
0.304512
0.274769
0.251026
0.232311
0.217675
0.206275
0.197411
0.190516
0.185143
0.180949
0.177675
0.175123
0.173144
0.171627
0.170484
0.169651
0.16909
0.168752
0.1686
0.168602
0.168731
0.168963
0.169278
0.16966
0.170094
0.170565
0.171063
0.171577
0.172098
0.172618
0.00599612
0.00599208
0.00599078
0.00599236
0.00599736
0.00600649
0.00602031
0.00603932
0.00606403
0.0060949
0.00613236
0.00617678
0.00622854
0.00628801
0.00635564
0.00643201
0.00651793
0.00661455
0.0067236
0.00684742
0.00698897
0.00715177
0.00733978
0.00755731
0.00780873
0.0080983
0.00842993
0.00880693
0.00923163
0.00970473
0.0102243
0.0107842
0.0113726
0.0119712
0.0125594
0.0131263
0.0136948
0.0143582
0.015324
0.0169566
0.0198187
0.024714
0.0327188
0.0451823
0.0636617
0.089765
0.124888
0.169875
0.224681
0.288163
0.358089
0.431396
0.504599
0.574227
0.637153
0.690808
0.733266
0.76325
0.780111
0.783775
0.774696
0.753795
0.722409
0.682236
0.635276
0.583766
0.530086
0.476625
0.425609
0.378888
0.337911
0.303799
0.27603
0.253756
0.236061
0.222087
0.211083
0.202423
0.195594
0.190195
0.185916
0.18252
0.179825
0.177695
0.176023
0.174726
0.173754
0.173056
0.172584
0.1723
0.17217
0.172168
0.172268
0.172453
0.172706
0.173012
0.17336
0.173738
0.174139
0.174555
0.00607385
0.00622529
0.00646507
0.00680063
0.00722976
0.00774714
0.0083457
0.00901489
0.00973963
0.0105003
0.0112729
0.0120305
0.012744
0.0133843
0.0139243
0.0143415
0.0146196
0.0147499
0.0147325
0.014576
0.0142974
0.0139202
0.0134733
0.0129885
0.0124987
0.0120358
0.011629
0.0113036
0.0110805
0.0109752
0.0109973
0.0111503
0.0114297
0.0118215
0.0123018
0.0128396
0.0134065
0.0139993
0.0146748
0.0155949
0.0170725
0.019614
0.0239589
0.0311136
0.0423605
0.0592109
0.0832735
0.116017
0.158442
0.210739
0.272028
0.340309
0.412647
0.485545
0.555378
0.618773
0.672896
0.715603
0.745508
0.76196
0.764988
0.755218
0.733778
0.702218
0.66243
0.616563
0.566933
0.515896
0.465701
0.418303
0.375214
0.337291
0.305623
0.279573
0.258395
0.241313
0.227624
0.216694
0.207968
0.20099
0.1954
0.190911
0.187301
0.184397
0.182067
0.180205
0.178732
0.177602
0.176753
0.176134
0.175705
0.175431
0.175285
0.175245
0.175291
0.175407
0.175581
0.175803
0.176062
0.176354
0.0141218
0.0219555
0.030733
0.0402805
0.050052
0.0597104
0.0690372
0.0778136
0.085816
0.0928389
0.0987051
0.10327
0.106426
0.10811
0.108308
0.107062
0.104462
0.100647
0.0957878
0.0900763
0.0837233
0.0769452
0.069955
0.0629532
0.0561202
0.0496103
0.0435477
0.0380251
0.0331051
0.0288221
0.025186
0.0221861
0.0197945
0.017969
0.0166555
0.0157898
0.0153012
0.0151211
0.0152005
0.0155388
0.0162271
0.0175012
0.0197943
0.0237809
0.0304092
0.0409118
0.0567689
0.0795892
0.110886
0.151751
0.202488
0.262311
0.329245
0.400291
0.471826
0.540103
0.601702
0.653844
0.694535
0.722584
0.737545
0.739621
0.729573
0.708623
0.678376
0.640739
0.597822
0.551829
0.504909
0.459004
0.415705
0.376141
0.341021
0.311056
0.28592
0.26502
0.247887
0.233988
0.222759
0.2137
0.206391
0.200487
0.195707
0.191831
0.188683
0.186128
0.184062
0.182418
0.181128
0.180122
0.179348
0.178766
0.17834
0.178045
0.177857
0.177759
0.177738
0.177781
0.177879
0.178027
0.0225626
0.0304116
0.0394778
0.0503159
0.0623374
0.0750199
0.088116
0.101464
0.114876
0.128158
0.141124
0.153597
0.165409
0.176396
0.186401
0.195296
0.203033
0.208697
0.212041
0.213042
0.211738
0.208237
0.202712
0.19539
0.186544
0.176494
0.165557
0.154045
0.142256
0.130456
0.118875
0.107703
0.0970916
0.0871529
0.0779662
0.0695799
0.062015
0.0552703
0.0493286
0.0441658
0.039765
0.0361368
0.0333474
0.0315529
0.0310372
0.0322492
0.0358336
0.042643
0.0537135
0.0701893
0.0931854
0.1236
0.161907
0.207967
0.26091
0.319117
0.380312
0.441757
0.500514
0.553739
0.598948
0.634226
0.658352
0.670837
0.67189
0.66233
0.643455
0.616897
0.584455
0.547953
0.50912
0.469524
0.430541
0.39337
0.35897
0.327978
0.301392
0.27928
0.261063
0.246176
0.234087
0.224285
0.216323
0.209833
0.204516
0.200138
0.196513
0.193496
0.19099
0.188925
0.187233
0.185841
0.184695
0.183752
0.182981
0.182356
0.181857
0.181468
0.18118
0.180982
0.0181517
0.017093
0.0161041
0.0150638
0.0141467
0.013436
0.0129225
0.0126009
0.0124696
0.0125259
0.0127656
0.0131855
0.0137843
0.0145616
0.0155168
0.0166325
0.0179365
0.0217555
0.0280725
0.0362923
0.0458694
0.0563273
0.0672654
0.0783486
0.0888693
0.0977448
0.104721
0.109645
0.112482
0.113344
0.112435
0.110008
0.106335
0.10169
0.0963284
0.0904853
0.0843684
0.0781582
0.0720079
0.0660448
0.0603744
0.0550878
0.0502733
0.0460328
0.0425045
0.0398891
0.0384801
0.0386932
0.0410883
0.0463751
0.0553913
0.0690457
0.0882223
0.113654
0.14578
0.184603
0.229587
0.279591
0.332899
0.387329
0.440425
0.48971
0.532939
0.56831
0.594607
0.611253
0.618277
0.616228
0.606042
0.588903
0.56611
0.538983
0.508805
0.476802
0.44414
0.411896
0.381047
0.352368
0.326365
0.303478
0.284109
0.267855
0.254297
0.243021
0.233634
0.225789
0.219196
0.213615
0.208855
0.20476
0.201221
0.198174
0.195564
0.193315
0.191374
0.189698
0.188253
0.187015
0.185962
0.185081
0.0183456
0.0167444
0.0153602
0.0141358
0.0130229
0.0120485
0.0111972
0.0104438
0.00976992
0.00916526
0.00862315
0.00813868
0.00770842
0.00733064
0.00700613
0.00674048
0.00654406
0.00643502
0.00642843
0.00653837
0.00678486
0.00719589
0.00780248
0.00864255
0.010529
0.0151657
0.0221758
0.031009
0.0410789
0.0510614
0.0600387
0.0674854
0.0731397
0.0769634
0.0790659
0.0796368
0.0788998
0.0770858
0.0744196
0.0711119
0.0673565
0.063329
0.0591894
0.0550873
0.051172
0.0476065
0.0445867
0.042364
0.0412704
0.0417401
0.0443242
0.0496897
0.0585962
0.0718463
0.0902062
0.114303
0.144502
0.180783
0.222636
0.269001
0.318286
0.368484
0.417367
0.462729
0.502623
0.535537
0.560495
0.57706
0.585287
0.585623
0.578795
0.565718
0.54741
0.524945
0.499414
0.471897
0.443432
0.414977
0.387379
0.361326
0.337321
0.315613
0.296632
0.280327
0.266398
0.25453
0.244412
0.235758
0.228319
0.221887
0.216289
0.211384
0.207061
0.203262
0.19994
0.197029
0.19448
0.192253
0.190318
0.188651
0.0179513
0.0164461
0.0150653
0.0138141
0.0126994
0.0117277
0.0108766
0.0101299
0.0094761
0.0089071
0.00841757
0.00800401
0.00766407
0.0073959
0.0071975
0.00706636
0.00699951
0.006994
0.00704708
0.00715527
0.00731306
0.00751212
0.00774235
0.00799764
0.00828133
0.00861277
0.00904083
0.00966325
0.0106333
0.0130757
0.0177444
0.0245779
0.0326222
0.0408266
0.0482918
0.0544533
0.0590753
0.0621496
0.0637941
0.0641856
0.0635232
0.062009
0.0598394
0.0572012
0.0542728
0.0512294
0.0482523
0.0455434
0.0433426
0.0419488
0.0417402
0.0431904
0.0468753
0.0534655
0.0636979
0.0783231
0.0980263
0.123323
0.154435
0.191168
0.232819
0.278143
0.32543
0.372665
0.417765
0.458806
0.494213
0.522865
0.544122
0.557789
0.564043
0.563353
0.556395
0.54399
0.527051
0.506534
0.483408
0.45862
0.433061
0.407536
0.382733
0.359196
0.337321
0.317314
0.299469
0.283841
0.270225
0.258392
0.248103
0.239137
0.231297
0.224413
0.218343
0.212969
0.208191
0.203958
0.200227
0.196945
0.194072
0.191573
0.0178901
0.0163835
0.0149688
0.0137213
0.0126358
0.0117066
0.0109144
0.0102499
0.0097102
0.0092964
0.00901084
0.00885448
0.00882511
0.00891657
0.00911863
0.00941763
0.00979743
0.0102407
0.0107297
0.0112476
0.0117787
0.0123096
0.0128302
0.013335
0.0138248
0.014303
0.0147664
0.0151979
0.0155639
0.0158122
0.0159511
0.0161938
0.0173983
0.0204433
0.0254776
0.0318389
0.0384811
0.0444926
0.0493369
0.0528213
0.0549692
0.0559124
0.0558281
0.0549074
0.0533414
0.0513169
0.0490175
0.0466314
0.0443623
0.0424452
0.0411646
0.0408735
0.0420098
0.0451062
0.0507894
0.0597616
0.0727611
0.0904947
0.11354
0.142218
0.176462
0.215696
0.2588
0.304169
0.349886
0.393956
0.434534
0.470102
0.499561
0.522251
0.537917
0.54665
0.548809
0.54496
0.53581
0.522159
0.504859
0.484774
0.462753
0.439599
0.416047
0.392737
0.370197
0.348832
0.328921
0.310601
0.294146
0.279535
0.266623
0.255236
0.245197
0.236335
0.228501
0.22156
0.215399
0.209924
0.205055
0.200746
0.196956
0.193643
0.0176652
0.0162105
0.0148284
0.0136292
0.0126485
0.011905
0.0114111
0.0111894
0.0112534
0.0115998
0.0122076
0.01304
0.0140496
0.0151841
0.0163908
0.0176215
0.0188346
0.0199964
0.0210813
0.0220709
0.0229533
0.0237217
0.0243733
0.024909
0.0253329
0.025654
0.0258874
0.0260528
0.0261862
0.026371
0.0266082
0.0268135
0.0268413
0.0265821
0.026489
0.0274465
0.0301367
0.0343969
0.0393099
0.0438825
0.0475003
0.0499445
0.0512398
0.0515245
0.0509774
0.0497848
0.0481294
0.0461905
0.044151
0.0422092
0.0405943
0.0395841
0.0395231
0.0408394
0.0440554
0.0497891
0.0587402
0.0716525
0.0892473
0.112117
0.140584
0.174546
0.213357
0.255803
0.30021
0.344654
0.387212
0.426177
0.460195
0.488322
0.510025
0.525127
0.533754
0.536265
0.53319
0.525181
0.512964
0.497305
0.478978
0.458739
0.437301
0.415319
0.393365
0.371921
0.351368
0.331981
0.31394
0.297336
0.282384
0.268995
0.257053
0.246424
0.236975
0.228577
0.221114
0.214484
0.208599
0.203384
0.198778
0.194739
0.0174897
0.0161405
0.0149377
0.0141825
0.0140452
0.014594
0.0158145
0.0176314
0.0199116
0.022494
0.0252195
0.0279505
0.0305787
0.0330256
0.035239
0.0371885
0.03886
0.0402519
0.0413708
0.0422299
0.0428461
0.0432405
0.0434375
0.0434662
0.0433602
0.0431722
0.0430213
0.0428844
0.0427207
0.0424479
0.0420326
0.0414649
0.0407182
0.0397423
0.0385006
0.0370981
0.0359832
0.0359813
0.0377167
0.0408422
0.0442563
0.0470124
0.0487138
0.0493605
0.0491192
0.0481944
0.0467785
0.0450433
0.0431498
0.0412626
0.0395669
0.0382855
0.0376972
0.0381547
0.0401009
0.0440789
0.0507335
0.0607943
0.0750319
0.094173
0.118764
0.148994
0.184523
0.224402
0.267135
0.310879
0.353711
0.393864
0.429886
0.460714
0.485678
0.504463
0.517055
0.523678
0.524736
0.520763
0.512378
0.500254
0.485082
0.467553
0.448334
0.428051
0.407272
0.386495
0.36614
0.346541
0.327949
0.310534
0.294395
0.279602
0.266237
0.254219
0.24345
0.233828
0.225249
0.217614
0.210836
0.204835
0.199543
0.194901
0.0174702
0.0172738
0.0183419
0.0211503
0.0255342
0.0309082
0.0366747
0.0423884
0.0477459
0.0525675
0.0567677
0.0603234
0.0632486
0.065578
0.0673563
0.0686324
0.0694559
0.0698752
0.0699375
0.0696892
0.0691776
0.0684538
0.0675789
0.0666547
0.0656939
0.0646348
0.0633723
0.0619293
0.0603321
0.0586058
0.0567703
0.0548375
0.0528088
0.0506767
0.0484373
0.0461233
0.0438684
0.0420183
0.0412099
0.0420554
0.0442973
0.0467161
0.0482528
0.048629
0.0480508
0.0468337
0.0452278
0.0434084
0.0415071
0.0396461
0.037964
0.0366357
0.0358913
0.036032
0.0374469
0.0406285
0.0461813
0.0548185
0.0673329
0.0845243
0.10706
0.135273
0.168952
0.20723
0.248659
0.291426
0.333638
0.373559
0.409766
0.441213
0.467224
0.487458
0.501852
0.510564
0.513923
0.512382
0.50648
0.496808
0.483983
0.468626
0.451348
0.432726
0.413295
0.393536
0.373867
0.354636
0.336123
0.318539
0.302032
0.286694
0.272566
0.259636
0.247938
0.237418
0.227991
0.21957
0.212076
0.205437
0.199584
0.194456
0.0244147
0.033723
0.0450088
0.0567557
0.0677127
0.0771829
0.0850369
0.0913732
0.0963489
0.10013
0.102873
0.104717
0.105785
0.106184
0.106005
0.10533
0.104228
0.102766
0.101001
0.0989941
0.0968119
0.0945482
0.0921504
0.0895295
0.086685
0.0836683
0.0805247
0.0772965
0.0740217
0.0707324
0.0674534
0.0642019
0.0609884
0.0578207
0.0547137
0.0517062
0.0488894
0.0464625
0.0448159
0.0445313
0.0458753
0.0478708
0.0488595
0.0483301
0.04671
0.044757
0.0428176
0.0409013
0.0390399
0.0372948
0.035763
0.0345767
0.0339611
0.0341866
0.0356156
0.0387209
0.0440973
0.0524655
0.0646497
0.0814982
0.103717
0.131624
0.164923
0.202634
0.243226
0.284892
0.325827
0.364421
0.399381
0.429794
0.455087
0.474971
0.489401
0.498519
0.502621
0.502113
0.497474
0.489229
0.477932
0.464137
0.448392
0.431218
0.413104
0.394491
0.375771
0.357279
0.339292
0.322029
0.305656
0.290286
0.275993
0.262809
0.250739
0.239761
0.229833
0.220898
0.212896
0.205797
0.199535
0.194046
0.0798232
0.102718
0.118585
0.13018
0.138664
0.144705
0.148791
0.151292
0.152498
0.152638
0.151898
0.150433
0.14837
0.145812
0.142844
0.139533
0.135938
0.132114
0.128121
0.12403
0.119796
0.115351
0.110762
0.106091
0.101388
0.0966991
0.092062
0.0875077
0.0830602
0.0787369
0.0745492
0.0705023
0.0665965
0.0628295
0.0592055
0.0557676
0.0527324
0.0502782
0.0486562
0.0479539
0.0478223
0.0475739
0.0466416
0.0450007
0.0429877
0.0410002
0.0391755
0.0374793
0.0359134
0.0345241
0.0334011
0.0326833
0.0325862
0.0333863
0.0354526
0.0392679
0.0454419
0.054712
0.0679078
0.085843
0.109114
0.137846
0.171516
0.208972
0.248645
0.288834
0.327957
0.364655
0.397198
0.425228
0.448405
0.466556
0.479683
0.487934
0.491592
0.491032
0.486692
0.479048
0.468596
0.455831
0.441237
0.425276
0.408382
0.390946
0.373321
0.35581
0.338668
0.322103
0.306279
0.291314
0.27729
0.264255
0.252232
0.241216
0.23119
0.222121
0.213968
0.206688
0.200232
0.194552
0.186712
0.199201
0.206068
0.20958
0.210758
0.210168
0.20821
0.205202
0.201395
0.19698
0.192104
0.186909
0.181503
0.175931
0.170224
0.16442
0.158563
0.152699
0.14681
0.140851
0.134878
0.128927
0.123031
0.117215
0.111502
0.1059
0.100415
0.0950397
0.0897639
0.0845717
0.0794471
0.0743832
0.0693954
0.0645407
0.0599349
0.0557507
0.0521743
0.0492932
0.0470754
0.0453801
0.0439789
0.0426164
0.041126
0.0395161
0.0379083
0.0364241
0.0350973
0.033922
0.0329273
0.0321839
0.0318083
0.0319708
0.0329105
0.0349401
0.0384678
0.0440127
0.0522071
0.0637723
0.079445
0.0998321
0.125209
0.155337
0.189407
0.226154
0.26408
0.301678
0.337575
0.37058
0.399714
0.424579
0.444946
0.460724
0.471904
0.47853
0.480967
0.479639
0.474955
0.467352
0.457277
0.445169
0.431454
0.416534
0.400781
0.384537
0.368103
0.351744
0.335683
0.320105
0.305156
0.290949
0.277565
0.265055
0.253448
0.242755
0.232967
0.224067
0.216029
0.208819
0.202402
0.196741
0.278555
0.277143
0.273212
0.267418
0.260487
0.25292
0.245051
0.237088
0.229147
0.221281
0.213508
0.205831
0.198257
0.190791
0.183419
0.176088
0.168791
0.161511
0.15425
0.147008
0.139781
0.132568
0.125366
0.118172
0.110989
0.103828
0.0967186
0.0897052
0.0828547
0.0762521
0.0699957
0.0641858
0.0589129
0.0542451
0.0502216
0.0468483
0.0440942
0.0418894
0.0401328
0.0387055
0.0374863
0.0363759
0.0353227
0.0343323
0.0334437
0.0326987
0.0321286
0.0317749
0.0317125
0.0320568
0.0329705
0.0346727
0.0374495
0.0416628
0.0477586
0.056264
0.0677616
0.0828307
0.101944
0.125331
0.152844
0.183893
0.217499
0.252438
0.287418
0.321221
0.352792
0.381288
0.406125
0.427008
0.443799
0.456469
0.465071
0.469763
0.470788
0.468404
0.463046
0.455184
0.445235
0.43359
0.420616
0.406655
0.392022
0.377001
0.361844
0.346772
0.331972
0.317599
0.303778
0.290607
0.278157
0.266476
0.255595
0.245526
0.236271
0.227818
0.220151
0.213247
0.207079
0.201621
0.295222
0.290018
0.281628
0.271601
0.260917
0.250119
0.239485
0.229127
0.219055
0.209222
0.199557
0.189978
0.180438
0.171048
0.161852
0.152871
0.144068
0.135428
0.126958
0.118684
0.110632
0.102834
0.0953267
0.0881477
0.0813368
0.0749323
0.0689691
0.0634767
0.0584777
0.0539858
0.0500051
0.0465296
0.043543
0.0410195
0.0389247
0.0372168
0.0358477
0.0347655
0.033918
0.033257
0.0327448
0.0323596
0.0321009
0.0319898
0.0320637
0.0323733
0.032985
0.0339901
0.0355138
0.0377217
0.0408253
0.0450871
0.0508244
0.0584067
0.0682447
0.080763
0.0963519
0.115297
0.137695
0.163375
0.191859
0.22239
0.254016
0.285709
0.316476
0.345442
0.371889
0.395291
0.415308
0.431776
0.44464
0.453932
0.459755
0.462275
0.461693
0.458192
0.452102
0.443914
0.434037
0.422819
0.41057
0.397575
0.384092
0.37035
0.356552
0.342877
0.329473
0.316466
0.303956
0.292022
0.280723
0.2701
0.260178
0.25097
0.242479
0.234698
0.227614
0.221211
0.21547
0.210369
0.231044
0.221827
0.209818
0.19728
0.184982
0.173223
0.162151
0.151805
0.142174
0.133232
0.124941
0.117265
0.110139
0.103413
0.0970446
0.0910194
0.0853241
0.0799485
0.074884
0.0701254
0.0656694
0.0615146
0.0576602
0.0541052
0.0508485
0.0478879
0.0452199
0.0428399
0.0407414
0.0389167
0.0373564
0.0360498
0.0349849
0.0341491
0.0335295
0.0331134
0.0328895
0.0328489
0.0329868
0.033305
0.0338135
0.0345336
0.0355
0.0367619
0.0383848
0.0404525
0.0430705
0.0463702
0.0505128
0.0556908
0.0621281
0.0700767
0.0798085
0.0915999
0.105707
0.122331
0.141574
0.163395
0.187573
0.213694
0.241166
0.269275
0.297253
0.324351
0.349895
0.373325
0.394213
0.412265
0.427314
0.4393
0.448236
0.454199
0.457306
0.457703
0.455535
0.450901
0.444139
0.435726
0.426019
0.415313
0.403866
0.391904
0.379634
0.367234
0.354863
0.342657
0.330732
0.319183
0.308087
0.297504
0.287479
0.278042
0.269213
0.261001
0.253406
0.246425
0.240045
0.234254
0.229033
0.224368
0.115267
0.10954
0.103472
0.0977936
0.0925835
0.0878162
0.0834262
0.0793726
0.0756208
0.0721398
0.068903
0.0658875
0.0630735
0.0604424
0.0579806
0.0556776
0.0535258
0.0515199
0.0496563
0.0479331
0.0463494
0.0449049
0.0436005
0.0424374
0.0414172
0.0405422
0.0398147
0.0392377
0.0388145
0.038549
0.0384457
0.0385101
0.0387488
0.0391699
0.0397834
0.0406019
0.0416414
0.0429221
0.0444696
0.0463161
0.0485021
0.0510776
0.0541038
0.0576545
0.0618173
0.066695
0.0724058
0.0790837
0.0868765
0.0959423
0.106443
0.118534
0.132353
0.147998
0.165511
0.184855
0.205893
0.228379
0.251956
0.276174
0.300516
0.324442
0.347427
0.368996
0.388748
0.406372
0.421648
0.434446
0.444713
0.452458
0.457738
0.460642
0.461273
0.459721
0.456029
0.450338
0.443078
0.434615
0.425227
0.415149
0.404583
0.393705
0.382672
0.371618
0.360662
0.349904
0.339428
0.329304
0.319587
0.310318
0.301529
0.293241
0.285466
0.278209
0.271467
0.265236
0.259505
0.254261
0.24949
0.245178
0.0961496
0.0934618
0.0906862
0.088051
0.0855711
0.0832406
0.0810515
0.0789966
0.0770696
0.0752653
0.0735794
0.0720088
0.0705515
0.0692063
0.0679729
0.0668518
0.065844
0.0649513
0.0641762
0.063522
0.0629926
0.0625928
0.0623282
0.0622054
0.0622318
0.0624159
0.0627674
0.0632971
0.0640172
0.0649415
0.0660854
0.0674664
0.069104
0.0710202
0.0732401
0.0757918
0.0787072
0.0820222
0.0857775
0.090019
0.094798
0.100172
0.106204
0.112965
0.120527
0.128972
0.138378
0.148826
0.16039
0.173132
0.187097
0.202302
0.218729
0.236314
0.254941
0.274437
0.29457
0.315053
0.335562
0.355745
0.375246
0.393727
0.410882
0.426455
0.440246
0.452114
0.461977
0.469804
0.475608
0.479437
0.481354
0.481428
0.479703
0.476158
0.4709
0.464269
0.456578
0.448072
0.438959
0.429412
0.419582
0.409599
0.399574
0.389606
0.379776
0.370156
0.360803
0.351765
0.343078
0.33477
0.32686
0.319362
0.31228
0.305617
0.29937
0.293531
0.288093
0.283044
0.278372
0.274067
0.169523
0.167869
0.166037
0.164223
0.162458
0.16075
0.159104
0.157527
0.156025
0.154603
0.153269
0.15203
0.150893
0.149866
0.148956
0.148174
0.147527
0.147026
0.14668
0.146501
0.1465
0.14669
0.147083
0.147695
0.14854
0.149634
0.150995
0.152642
0.154595
0.156874
0.159503
0.162505
0.165906
0.169733
0.174013
0.178778
0.184056
0.189881
0.196284
0.2033
0.210959
0.219296
0.228339
0.238117
0.248651
0.259959
0.272048
0.284913
0.298535
0.312876
0.327879
0.343459
0.359507
0.375886
0.392433
0.40896
0.425261
0.441118
0.456311
0.470626
0.483865
0.495854
0.506451
0.515546
0.523068
0.528979
0.533275
0.535976
0.537122
0.536761
0.534932
0.531651
0.526835
0.520678
0.513446
0.50536
0.496617
0.487385
0.477808
0.468008
0.458088
0.448138
0.438236
0.428448
0.418827
0.409422
0.40027
0.3914
0.382837
0.374598
0.366693
0.359129
0.351911
0.345036
0.338501
0.332302
0.326432
0.320882
0.315643
0.310709
0.303704
0.304202
0.304818
0.305473
0.306151
0.306854
0.307586
0.308355
0.309169
0.310034
0.310962
0.31196
0.313041
0.314215
0.315494
0.31689
0.318419
0.320092
0.321927
0.323938
0.326143
0.328559
0.331203
0.334096
0.337256
0.340704
0.344461
0.348547
0.352982
0.35779
0.362988
0.368599
0.37464
0.381128
0.388081
0.39551
0.403426
0.411836
0.420743
0.430145
0.440034
0.450395
0.461209
0.472447
0.48407
0.496032
0.508275
0.520731
0.533321
0.545953
0.558524
0.570924
0.583029
0.594711
0.605839
0.616279
0.625901
0.634583
0.642214
0.648697
0.653952
0.65792
0.660561
0.661858
0.66181
0.660436
0.657767
0.653842
0.648701
0.642379
0.634877
0.626147
0.616523
0.606195
0.595305
0.583996
0.572396
0.560614
0.548745
0.536868
0.525052
0.513355
0.501826
0.490507
0.479431
0.468628
0.458119
0.447921
0.438046
0.428504
0.4193
0.410435
0.401909
0.39372
0.385863
0.378333
0.371125
0.364231
0.357643
0.351358
0.443216
0.44631
0.450213
0.45438
0.45868
0.463086
0.467594
0.47221
0.47694
0.481792
0.486774
0.491894
0.497162
0.502587
0.508181
0.513952
0.519913
0.526075
0.53245
0.539051
0.545888
0.552976
0.560326
0.56795
0.575859
0.584066
0.592578
0.601405
0.610553
0.620027
0.629827
0.639953
0.650398
0.661153
0.672203
0.683528
0.695102
0.70689
0.718854
0.730946
0.74311
0.755284
0.767399
0.779375
0.79113
0.802573
0.813609
0.824139
0.834061
0.843273
0.851673
0.859163
0.86565
0.871047
0.875277
0.878274
0.879984
0.880368
0.879398
0.877063
0.873367
0.868322
0.861957
0.854307
0.845415
0.835329
0.824095
0.811758
0.798368
0.78394
0.768559
0.752709
0.73655
0.720182
0.703711
0.687231
0.670826
0.654566
0.638512
0.622715
0.607215
0.592048
0.57724
0.562814
0.548787
0.535172
0.521975
0.509204
0.49686
0.484942
0.473448
0.462374
0.451714
0.441461
0.431606
0.422141
0.413058
0.404346
0.395998
0.388004
0.531186
0.536014
0.542224
0.548927
0.555893
0.563066
0.570438
0.578013
0.585798
0.593803
0.602036
0.610507
0.619225
0.628202
0.637447
0.64697
0.656781
0.666891
0.677308
0.688042
0.699102
0.710494
0.722224
0.734297
0.746716
0.75948
0.772586
0.78603
0.799801
0.813884
0.828261
0.842905
0.857787
0.872866
0.888099
0.903431
0.9188
0.934136
0.94936
0.964384
0.979113
0.993445
1.00727
1.02048
1.03294
1.04455
1.05519
1.06473
1.07306
1.08008
1.0857
1.08983
1.09241
1.09336
1.09267
1.0903
1.08625
1.08053
1.07318
1.06422
1.05371
1.04171
1.02828
1.01351
0.997444
0.98016
0.961713
0.942156
0.92156
0.899884
0.877919
0.855905
0.83394
0.812119
0.790531
0.76925
0.74834
0.727852
0.707827
0.688297
0.669289
0.65082
0.632904
0.615549
0.59876
0.582535
0.566874
0.55177
0.537218
0.523208
0.50973
0.496772
0.484323
0.472369
0.460898
0.449896
0.439349
0.429243
0.419567
0.410306
0.022345
0.0223026
0.0222569
0.0222083
0.0221568
0.0221028
0.0220462
0.0219872
0.0219258
0.0218622
0.0217964
0.0217284
0.0216585
0.0215865
0.0215126
0.0214368
0.0213592
0.0212798
0.0211985
0.0211155
0.0210308
0.0209443
0.0208562
0.0207664
0.0206749
0.0205817
0.0204869
0.0203905
0.0202924
0.0201928
0.0200915
0.0199885
0.019884
0.0197778
0.0196701
0.0195607
0.0194497
0.0193371
0.0192229
0.0191071
0.0189896
0.0188706
0.0187499
0.0186276
0.0185037
0.0183782
0.018251
0.0181222
0.0179918
0.0178597
0.0177259
0.0175905
0.0174534
0.0173146
0.017174
0.0170318
0.0168878
0.016742
0.0165944
0.016445
0.0162937
0.0161404
0.0159852
0.015828
0.0156687
0.0155072
0.0153435
0.0151775
0.015009
0.014838
0.0146643
0.0144879
0.0143084
0.0141258
0.0139398
0.0137501
0.0135566
0.0133589
0.0131566
0.0129494
0.0127367
0.0125179
0.0122926
0.0120598
0.0118187
0.0115682
0.0113071
0.0110336
0.010746
0.0104416
0.0101173
0.0097691
0.00939128
0.00897611
0.00851236
0.00798286
0.00735971
0.00659434
0.00560299
0.00453401
0.0334586
0.0331474
0.032851
0.0325675
0.0322961
0.032036
0.0317865
0.031547
0.0313167
0.0310951
0.0308815
0.0306753
0.0304761
0.0302831
0.030096
0.0299143
0.0297375
0.0295651
0.0293969
0.0292323
0.029071
0.0289128
0.0287573
0.0286041
0.0284531
0.0283039
0.0281563
0.0280101
0.0278652
0.0277212
0.027578
0.0274354
0.0272934
0.0271517
0.0270102
0.0268687
0.0267273
0.0265856
0.0264438
0.0263015
0.0261588
0.0260156
0.0258718
0.0257273
0.025582
0.0254359
0.0252889
0.0251409
0.0249918
0.0248416
0.0246902
0.0245375
0.0243835
0.024228
0.0240711
0.0239125
0.0237522
0.0235902
0.0234262
0.0232602
0.0230921
0.0229217
0.0227489
0.0225735
0.0223953
0.0222142
0.0220299
0.0218422
0.0216509
0.0214557
0.0212562
0.0210522
0.0208433
0.0206291
0.020409
0.0201827
0.0199495
0.0197087
0.0194598
0.0192019
0.0189339
0.018655
0.0183639
0.0180591
0.0177391
0.0174019
0.0170452
0.0166661
0.0162613
0.0158265
0.015356
0.0148429
0.0142773
0.0136456
0.0129277
0.0120919
0.0110835
0.00979577
0.00798911
0.00536858
0.0456256
0.0452018
0.044799
0.0444145
0.0440473
0.0436963
0.0433608
0.0430397
0.0427322
0.0424375
0.0421546
0.0418828
0.0416213
0.0413694
0.0411264
0.0408915
0.0406642
0.0404437
0.0402296
0.0400213
0.0398182
0.0396199
0.0394259
0.0392358
0.0390492
0.0388656
0.0386848
0.0385063
0.0383299
0.0381553
0.0379822
0.0378103
0.0376395
0.0374693
0.0372998
0.0371306
0.0369615
0.0367925
0.0366232
0.0364536
0.0362834
0.0361126
0.0359409
0.0357683
0.0355945
0.0354195
0.0352432
0.0350652
0.0348857
0.0347043
0.0345209
0.0343355
0.0341478
0.0339577
0.033765
0.0335696
0.0333713
0.0331699
0.0329652
0.032757
0.032545
0.0323291
0.0321089
0.0318843
0.0316549
0.0314204
0.0311805
0.0309348
0.0306829
0.0304245
0.0301589
0.0298858
0.0296046
0.0293146
0.0290153
0.0287058
0.0283854
0.0280532
0.0277081
0.0273489
0.0269744
0.0265832
0.0261734
0.0257432
0.0252902
0.0248117
0.0243045
0.0237647
0.0231874
0.0225666
0.0218946
0.0211612
0.0203527
0.0194497
0.0184232
0.0172276
0.0157825
0.0139267
0.0112667
0.00691605
0.0564365
0.0559661
0.0555193
0.055093
0.0546861
0.0542976
0.0539263
0.0535713
0.0532315
0.0529061
0.052594
0.0522944
0.0520064
0.051729
0.0514616
0.0512033
0.0509534
0.0507112
0.0504759
0.0502471
0.050024
0.0498061
0.0495928
0.0493837
0.0491782
0.0489759
0.0487764
0.0485792
0.048384
0.0481905
0.0479982
0.047807
0.0476163
0.0474261
0.047236
0.0470457
0.046855
0.0466637
0.0464716
0.0462784
0.0460838
0.0458879
0.0456902
0.0454906
0.045289
0.0450851
0.0448787
0.0446697
0.0444579
0.044243
0.0440249
0.0438034
0.0435783
0.0433493
0.0431163
0.0428789
0.0426371
0.0423904
0.0421388
0.0418818
0.0416193
0.0413508
0.0410761
0.0407948
0.0405066
0.0402111
0.0399078
0.0395963
0.039276
0.0389465
0.0386072
0.0382575
0.0378966
0.0375238
0.0371383
0.0367391
0.0363253
0.0358957
0.035449
0.0349839
0.0344987
0.0339915
0.0334602
0.0329025
0.0323154
0.0316955
0.0310388
0.0303403
0.0295941
0.0287925
0.0279258
0.0269813
0.0259417
0.0247824
0.023467
0.0219375
0.0200921
0.0177252
0.0143288
0.00866817
0.0661953
0.0657119
0.0652523
0.0648133
0.0643938
0.0639927
0.0636091
0.0632419
0.0628902
0.0625528
0.062229
0.0619177
0.061618
0.061329
0.06105
0.06078
0.0605184
0.0602643
0.0600171
0.0597761
0.0595406
0.05931
0.0590838
0.0588614
0.0586423
0.0584259
0.0582119
0.0579997
0.057789
0.0575794
0.0573705
0.0571619
0.0569534
0.0567445
0.056535
0.0563246
0.056113
0.0558999
0.0556851
0.0554684
0.0552494
0.055028
0.0548039
0.0545769
0.0543467
0.0541132
0.0538761
0.0536352
0.0533903
0.053141
0.0528873
0.0526289
0.0523654
0.0520967
0.0518225
0.0515425
0.0512565
0.0509642
0.0506652
0.0503592
0.0500458
0.0497248
0.0493957
0.0490582
0.0487117
0.0483558
0.0479901
0.0476139
0.0472267
0.0468279
0.0464168
0.0459926
0.0455546
0.0451018
0.0446333
0.0441479
0.0436446
0.0431219
0.0425784
0.0420124
0.041422
0.040805
0.0401589
0.0394808
0.0387673
0.0380145
0.0372174
0.0363704
0.0354661
0.0344957
0.0334476
0.0323066
0.0310521
0.029655
0.0280717
0.026233
0.0240172
0.0211776
0.0171012
0.0102472
0.075052
0.0745742
0.0741192
0.0736837
0.0732669
0.0728676
0.072485
0.072118
0.0717658
0.0714273
0.0711017
0.0707879
0.0704852
0.0701926
0.0699093
0.0696345
0.0693674
0.0691073
0.0688535
0.0686052
0.0683619
0.0681228
0.0678875
0.0676553
0.0674257
0.0671983
0.0669724
0.0667478
0.0665238
0.0663002
0.0660766
0.0658525
0.0656276
0.0654015
0.065174
0.0649448
0.0647134
0.0644797
0.0642434
0.0640041
0.0637616
0.0635157
0.063266
0.0630124
0.0627546
0.0624924
0.0622254
0.0619534
0.0616762
0.0613935
0.0611051
0.0608106
0.0605099
0.0602025
0.0598883
0.0595668
0.0592379
0.0589011
0.0585561
0.0582025
0.05784
0.0574681
0.0570863
0.0566943
0.0562915
0.0558774
0.0554515
0.055013
0.0545614
0.0540959
0.0536158
0.0531202
0.0526082
0.0520788
0.0515309
0.0509633
0.0503746
0.0497633
0.0491278
0.048466
0.0477759
0.047055
0.0463005
0.045509
0.0446767
0.0437991
0.0428707
0.0418848
0.0408334
0.0397061
0.0384898
0.0371672
0.0357147
0.0340988
0.0322699
0.0301484
0.0275944
0.024324
0.0196281
0.0116889
0.0831678
0.0827077
0.0822683
0.0818467
0.081442
0.0810534
0.08068
0.0803209
0.0799752
0.079642
0.0793205
0.0790097
0.0787089
0.0784172
0.0781339
0.077858
0.077589
0.077326
0.0770684
0.0768155
0.0765666
0.0763212
0.0760786
0.0758384
0.0755999
0.0753627
0.0751263
0.0748902
0.074654
0.0744172
0.0741796
0.0739406
0.0737
0.0734573
0.0732123
0.0729646
0.0727139
0.0724598
0.0722022
0.0719406
0.0716749
0.0714047
0.0711298
0.0708498
0.0705646
0.0702738
0.0699771
0.0696743
0.0693652
0.0690493
0.0687265
0.0683964
0.0680588
0.0677132
0.0673594
0.066997
0.0666257
0.0662451
0.0658548
0.0654545
0.0650435
0.0646216
0.0641883
0.0637429
0.063285
0.062814
0.0623292
0.06183
0.0613156
0.0607853
0.0602382
0.0596733
0.0590897
0.0584863
0.0578618
0.057215
0.0565442
0.0558479
0.0551241
0.0543708
0.0535857
0.0527659
0.0519083
0.0510094
0.0500649
0.0490697
0.0480178
0.0469019
0.0457129
0.0444395
0.043067
0.0415762
0.0399408
0.0381237
0.0360694
0.0336892
0.0308266
0.0271638
0.0219043
0.0129841
0.0906569
0.0902224
0.089806
0.0894051
0.0890189
0.0886469
0.088288
0.0879417
0.0876071
0.0872834
0.0869699
0.0866656
0.08637
0.0860821
0.0858012
0.0855267
0.0852578
0.0849938
0.084734
0.0844779
0.0842248
0.0839742
0.0837254
0.0834779
0.0832312
0.0829848
0.0827383
0.0824912
0.082243
0.0819933
0.0817418
0.081488
0.0812316
0.0809723
0.0807096
0.0804433
0.080173
0.0798984
0.0796192
0.0793351
0.0790458
0.078751
0.0784505
0.0781438
0.0778308
0.0775111
0.0771844
0.0768505
0.0765091
0.0761598
0.0758023
0.0754363
0.0750614
0.0746774
0.0742839
0.0738804
0.0734666
0.0730422
0.0726066
0.0721595
0.0717003
0.0712286
0.0707438
0.0702454
0.0697328
0.0692054
0.0686624
0.0681032
0.0675269
0.0669328
0.0663198
0.0656871
0.0650334
0.0643577
0.0636585
0.0629345
0.0621841
0.0614054
0.0605964
0.059755
0.0588785
0.0579639
0.057008
0.0560068
0.0549556
0.0538492
0.0526809
0.0514427
0.050125
0.0487153
0.0471978
0.0455516
0.043748
0.0417466
0.0394868
0.0368716
0.0337301
0.0297138
0.0239478
0.0141469
0.0976079
0.0972045
0.0968162
0.0964406
0.0960773
0.0957256
0.0953849
0.0950546
0.0947341
0.0944225
0.0941193
0.0938237
0.093535
0.0932525
0.0929757
0.0927037
0.0924359
0.0921718
0.0919107
0.091652
0.0913951
0.0911395
0.0908846
0.09063
0.0903751
0.0901194
0.0898626
0.0896041
0.0893435
0.0890805
0.0888146
0.0885455
0.0882727
0.087996
0.087715
0.0874293
0.0871387
0.0868427
0.0865412
0.0862337
0.08592
0.0855997
0.0852726
0.0849383
0.0845966
0.0842471
0.0838896
0.0835237
0.083149
0.0827654
0.0823723
0.0819696
0.0815567
0.0811335
0.0806994
0.0802542
0.0797973
0.0793283
0.0788469
0.0783525
0.0778446
0.0773227
0.0767862
0.0762346
0.0756672
0.0750833
0.0744822
0.0738632
0.0732254
0.0725679
0.0718897
0.0711898
0.070467
0.0697201
0.0689477
0.0681482
0.0673199
0.066461
0.0655694
0.0646425
0.0636778
0.0626721
0.0616218
0.0605227
0.0593701
0.0581581
0.0568797
0.0555265
0.0540881
0.0525512
0.050899
0.049109
0.0471506
0.0449804
0.0425334
0.0397054
0.0363121
0.0319784
0.0257591
0.0151765
0.104084
0.103716
0.103359
0.103012
0.102674
0.102345
0.102025
0.101713
0.101408
0.10111
0.100819
0.100533
0.100253
0.0999764
0.0997042
0.0994353
0.0991691
0.0989051
0.0986427
0.0983814
0.0981207
0.0978599
0.0975987
0.0973365
0.0970729
0.0968074
0.0965396
0.0962691
0.0959954
0.0957182
0.0954371
0.0951517
0.0948616
0.0945666
0.0942662
0.0939601
0.093648
0.0933296
0.0930045
0.0926724
0.0923331
0.0919862
0.0916314
0.0912683
0.0908967
0.0905162
0.0901266
0.0897274
0.0893184
0.0888993
0.0884695
0.0880289
0.087577
0.0871135
0.0866379
0.0861498
0.0856489
0.0851346
0.0846064
0.084064
0.0835066
0.0829339
0.0823452
0.0817399
0.0811173
0.0804767
0.0798174
0.0791385
0.0784393
0.0777187
0.0769757
0.0762093
0.0754182
0.0746011
0.0737565
0.072883
0.0719787
0.0710415
0.0700694
0.0690598
0.0680099
0.0669164
0.0657755
0.064583
0.0633337
0.0620216
0.0606393
0.059178
0.0576266
0.0559714
0.0541943
0.0522719
0.0501716
0.0478477
0.0452311
0.0422114
0.0385929
0.0339767
0.0273561
0.0160847
0.110133
0.109802
0.109479
0.109162
0.108852
0.108548
0.10825
0.107957
0.107669
0.107386
0.107107
0.106832
0.10656
0.10629
0.106023
0.105757
0.105492
0.105228
0.104964
0.1047
0.104435
0.104168
0.1039
0.103629
0.103356
0.10308
0.1028
0.102517
0.102229
0.101937
0.101639
0.101336
0.101028
0.100713
0.100392
0.100064
0.0997295
0.0993873
0.0990374
0.0986794
0.0983132
0.0979382
0.0975543
0.0971611
0.0967582
0.0963454
0.0959224
0.0954887
0.095044
0.0945881
0.0941204
0.0936407
0.0931486
0.0926437
0.0921254
0.0915936
0.0910475
0.0904869
0.0899112
0.0893199
0.0887125
0.0880883
0.0874468
0.0867874
0.0861093
0.0854118
0.0846942
0.0839556
0.0831951
0.0824118
0.0816046
0.0807723
0.0799138
0.0790277
0.0781124
0.0771664
0.0761878
0.0751746
0.0741245
0.0730349
0.0719029
0.0707251
0.0694977
0.0682161
0.0668751
0.0654683
0.0639882
0.0624255
0.0607688
0.0590036
0.0571113
0.0550672
0.0528373
0.0503737
0.047604
0.0444123
0.0405929
0.0357261
0.0287515
0.0168788
0.115791
0.115499
0.11521
0.114926
0.114644
0.114365
0.11409
0.113817
0.113546
0.113278
0.113012
0.112747
0.112483
0.11222
0.111957
0.111694
0.11143
0.111166
0.1109
0.110632
0.110361
0.110088
0.109812
0.109533
0.109249
0.108961
0.108668
0.108371
0.108068
0.107759
0.107444
0.107122
0.106794
0.106458
0.106115
0.105765
0.105406
0.105038
0.104662
0.104277
0.103883
0.103478
0.103064
0.102639
0.102204
0.101758
0.1013
0.100831
0.100349
0.0998553
0.0993486
0.0988288
0.0982955
0.0977481
0.0971864
0.0966099
0.0960181
0.0954105
0.0947867
0.094146
0.093488
0.0928121
0.0921176
0.091404
0.0906704
0.0899162
0.0891405
0.0883426
0.0875214
0.0866761
0.0858056
0.0849086
0.0839839
0.0830303
0.082046
0.0810295
0.0799789
0.0788921
0.0777668
0.0766004
0.0753898
0.0741315
0.0728217
0.0714558
0.0700281
0.0685324
0.0669607
0.0653035
0.0635491
0.0616825
0.0596843
0.057529
0.0551814
0.0525916
0.0496845
0.0463392
0.0423418
0.0372542
0.0299692
0.017573
0.121084
0.120832
0.12058
0.120327
0.120074
0.119821
0.119568
0.119316
0.119062
0.118809
0.118555
0.1183
0.118045
0.117787
0.117528
0.117268
0.117004
0.116738
0.116469
0.116197
0.11592
0.11564
0.115355
0.115065
0.11477
0.114469
0.114163
0.11385
0.11353
0.113203
0.11287
0.112528
0.112179
0.111821
0.111455
0.11108
0.110696
0.110302
0.109899
0.109485
0.109061
0.108627
0.108181
0.107724
0.107255
0.106774
0.10628
0.105774
0.105255
0.104722
0.104176
0.103615
0.10304
0.102449
0.101844
0.101222
0.100584
0.099929
0.0992568
0.0985667
0.0978581
0.0971305
0.0963832
0.0956156
0.0948269
0.0940165
0.0931836
0.0923272
0.0914464
0.0905403
0.0896078
0.0886477
0.0876588
0.0866396
0.0855886
0.0845041
0.0833843
0.082227
0.0810298
0.0797901
0.0785049
0.0771705
0.0757831
0.0743378
0.0728291
0.0712503
0.0695936
0.0678491
0.0660046
0.0640449
0.0619501
0.0596937
0.0572397
0.0545364
0.0515063
0.0480245
0.0438694
0.0385873
0.0310301
0.0181799
0.126037
0.125824
0.125608
0.125387
0.125163
0.124936
0.124706
0.124472
0.124236
0.123997
0.123755
0.12351
0.123261
0.123009
0.122753
0.122494
0.12223
0.121962
0.121689
0.121411
0.121127
0.120838
0.120544
0.120242
0.119935
0.11962
0.119298
0.118969
0.118632
0.118286
0.117933
0.11757
0.117199
0.116818
0.116428
0.116027
0.115617
0.115196
0.114764
0.114321
0.113866
0.1134
0.112922
0.112431
0.111928
0.111412
0.110882
0.110338
0.109781
0.109209
0.108622
0.10802
0.107403
0.106769
0.106119
0.105452
0.104768
0.104066
0.103346
0.102607
0.101848
0.101069
0.10027
0.0994496
0.0986071
0.0977418
0.096853
0.0959398
0.0950013
0.0940365
0.0930443
0.0920235
0.0909729
0.0898911
0.0887765
0.0876274
0.0864419
0.0852179
0.0839529
0.0826444
0.0812892
0.0798837
0.0784239
0.0769049
0.0753211
0.0736657
0.0719306
0.0701059
0.0681791
0.0661345
0.0639519
0.0616041
0.0590542
0.0562491
0.0531093
0.0495065
0.0452125
0.0397602
0.0319656
0.0187164
0.130667
0.130494
0.130313
0.130124
0.129929
0.129726
0.129518
0.129303
0.129083
0.128857
0.128626
0.12839
0.128148
0.1279
0.127646
0.127387
0.127122
0.12685
0.126573
0.126288
0.125997
0.125698
0.125392
0.125078
0.124757
0.124427
0.124089
0.123742
0.123387
0.123022
0.122647
0.122263
0.121868
0.121463
0.121048
0.120621
0.120184
0.119734
0.119273
0.1188
0.118315
0.117816
0.117305
0.116781
0.116243
0.11569
0.115124
0.114543
0.113947
0.113336
0.112709
0.112066
0.111406
0.11073
0.110036
0.109325
0.108596
0.107847
0.10708
0.106293
0.105486
0.104657
0.103808
0.102936
0.102042
0.101123
0.100181
0.0992134
0.0982197
0.0971989
0.09615
0.0950716
0.0939627
0.0928217
0.0916472
0.0904373
0.0891903
0.0879039
0.0865758
0.0852032
0.083783
0.0823115
0.0807848
0.0791978
0.0775448
0.075819
0.074012
0.0721138
0.0701117
0.0679896
0.0657268
0.0632958
0.0606585
0.0577609
0.0545215
0.0508089
0.0463895
0.0407842
0.0327783
0.0191898
0.135544
0.135412
0.135267
0.13511
0.134942
0.134764
0.134576
0.134379
0.134174
0.13396
0.133738
0.133507
0.133269
0.133023
0.132768
0.132506
0.132236
0.131957
0.131671
0.131376
0.131072
0.130759
0.130438
0.130107
0.129768
0.129418
0.129059
0.128689
0.12831
0.12792
0.127519
0.127107
0.126684
0.12625
0.125803
0.125345
0.124875
0.124391
0.123896
0.123387
0.122864
0.122328
0.121778
0.121214
0.120635
0.120042
0.119433
0.118809
0.118169
0.117512
0.11684
0.11615
0.115443
0.114718
0.113976
0.113214
0.112434
0.111634
0.110815
0.109975
0.109114
0.108231
0.107327
0.106399
0.105448
0.104473
0.103473
0.102447
0.101394
0.100313
0.0992038
0.0980645
0.0968939
0.0956907
0.0944533
0.09318
0.0918689
0.0905178
0.0891243
0.0876857
0.0861987
0.0846598
0.0830648
0.0814086
0.0796855
0.0778885
0.0760091
0.0740369
0.0719591
0.0697593
0.0674163
0.0649018
0.0621771
0.0591868
0.0558475
0.0520248
0.0474798
0.0417226
0.033512
0.0196059
0.140679
0.140592
0.140487
0.140366
0.14023
0.140079
0.139915
0.139738
0.139549
0.139348
0.139136
0.138913
0.138679
0.138435
0.13818
0.137914
0.137639
0.137353
0.137057
0.13675
0.136433
0.136105
0.135767
0.135418
0.135058
0.134687
0.134305
0.133911
0.133506
0.133088
0.132659
0.132218
0.131764
0.131298
0.130818
0.130326
0.12982
0.129301
0.128768
0.128221
0.127659
0.127083
0.126492
0.125886
0.125264
0.124627
0.123974
0.123305
0.122619
0.121915
0.121195
0.120457
0.119701
0.118927
0.118134
0.117321
0.116489
0.115637
0.114765
0.113871
0.112956
0.112018
0.111058
0.110075
0.109068
0.108036
0.106978
0.105894
0.104783
0.103644
0.102475
0.101276
0.100045
0.0987818
0.0974836
0.096149
0.0947761
0.0933629
0.0919067
0.0904049
0.0888541
0.0872508
0.0855906
0.0838685
0.0820785
0.0802135
0.0782647
0.0762217
0.074071
0.071796
0.0693749
0.0667785
0.0639672
0.0608838
0.0574428
0.0535059
0.0488273
0.0429028
0.034454
0.0201379
0.145397
0.145353
0.145286
0.145199
0.145092
0.144966
0.144824
0.144665
0.144491
0.144301
0.144098
0.143881
0.14365
0.143406
0.143149
0.14288
0.142598
0.142303
0.141997
0.141678
0.141347
0.141004
0.140648
0.14028
0.1399
0.139507
0.139102
0.138684
0.138253
0.137809
0.137352
0.136882
0.136398
0.1359
0.135389
0.134864
0.134324
0.13377
0.133201
0.132617
0.132018
0.131404
0.130774
0.130129
0.129467
0.128789
0.128094
0.127382
0.126653
0.125906
0.125142
0.124359
0.123558
0.122738
0.121899
0.12104
0.120161
0.119261
0.118341
0.117399
0.116435
0.115448
0.114439
0.113406
0.112349
0.111266
0.110158
0.109023
0.107861
0.10667
0.10545
0.104199
0.102916
0.1016
0.100249
0.0988617
0.0974355
0.0959686
0.0944584
0.0929021
0.0912965
0.0896376
0.0879212
0.086142
0.084294
0.0823698
0.0803605
0.0782552
0.0760402
0.0736984
0.0712073
0.0685371
0.0656468
0.0624779
0.0589423
0.054898
0.0500924
0.0440076
0.0353296
0.0206298
0.149715
0.14971
0.149677
0.149619
0.149538
0.149435
0.149311
0.149167
0.149005
0.148825
0.148628
0.148414
0.148184
0.147939
0.147679
0.147403
0.147114
0.14681
0.146492
0.14616
0.145814
0.145454
0.145081
0.144694
0.144293
0.143878
0.14345
0.143007
0.142551
0.142081
0.141596
0.141097
0.140584
0.140056
0.139514
0.138957
0.138385
0.137797
0.137195
0.136576
0.135942
0.135292
0.134626
0.133944
0.133244
0.132528
0.131795
0.131045
0.130277
0.129491
0.128686
0.127863
0.127022
0.126161
0.125281
0.12438
0.12346
0.122519
0.121556
0.120572
0.119566
0.118537
0.117486
0.11641
0.11531
0.114185
0.113034
0.111856
0.110651
0.109418
0.108154
0.106861
0.105535
0.104176
0.102781
0.10135
0.0998807
0.09837
0.0968158
0.0952151
0.0935647
0.0918606
0.0900983
0.0882725
0.086377
0.0844041
0.0823447
0.0801877
0.077919
0.0755208
0.0729702
0.0702364
0.0672774
0.0640332
0.0604131
0.0562715
0.0513491
0.0451141
0.0362165
0.0211235
0.153655
0.153683
0.15368
0.153648
0.153589
0.153504
0.153395
0.153263
0.15311
0.152936
0.152742
0.15253
0.152299
0.15205
0.151784
0.151501
0.151202
0.150887
0.150556
0.15021
0.149848
0.149472
0.14908
0.148673
0.148251
0.147815
0.147363
0.146897
0.146416
0.14592
0.145409
0.144882
0.144341
0.143785
0.143213
0.142626
0.142024
0.141405
0.140771
0.140121
0.139455
0.138772
0.138073
0.137357
0.136625
0.135875
0.135108
0.134323
0.133521
0.1327
0.131861
0.131004
0.130127
0.129232
0.128317
0.127381
0.126426
0.12545
0.124453
0.123434
0.122394
0.12133
0.120244
0.119134
0.118
0.116841
0.115656
0.114445
0.113206
0.111939
0.110642
0.109315
0.107955
0.106563
0.105135
0.103671
0.102168
0.100623
0.0990352
0.0974003
0.0957152
0.093976
0.0921779
0.0903155
0.0883822
0.0863704
0.0842705
0.0820711
0.0797576
0.0773118
0.07471
0.0719206
0.0689003
0.0655873
0.0618887
0.0576545
0.0526184
0.0462342
0.0371135
0.0216161
0.157243
0.157301
0.157322
0.15731
0.157268
0.157197
0.1571
0.156976
0.156828
0.156658
0.156465
0.15625
0.156016
0.155761
0.155488
0.155196
0.154886
0.154559
0.154214
0.153852
0.153474
0.15308
0.152669
0.152242
0.1518
0.151342
0.150868
0.150378
0.149873
0.149353
0.148817
0.148265
0.147698
0.147115
0.146516
0.145902
0.145271
0.144625
0.143963
0.143284
0.14259
0.141878
0.141151
0.140406
0.139645
0.138866
0.13807
0.137257
0.136426
0.135577
0.13471
0.133824
0.132919
0.131996
0.131053
0.13009
0.129108
0.128105
0.127081
0.126036
0.124969
0.123879
0.122767
0.121632
0.120473
0.119289
0.118079
0.116843
0.11558
0.114289
0.112968
0.111617
0.110234
0.108818
0.107367
0.105879
0.104352
0.102783
0.101171
0.0995116
0.0978014
0.0960363
0.0942116
0.0923215
0.0903594
0.0883171
0.0861851
0.0839512
0.0816007
0.0791147
0.0764686
0.07363
0.0705543
0.0671779
0.0634052
0.059082
0.0539347
0.0474015
0.0380539
0.0221258
0.16051
0.160589
0.160629
0.160633
0.160603
0.160542
0.160451
0.160332
0.160187
0.160015
0.15982
0.159602
0.159361
0.159099
0.158816
0.158513
0.158191
0.157849
0.15749
0.157112
0.156717
0.156305
0.155876
0.155429
0.154967
0.154488
0.153992
0.153481
0.152953
0.15241
0.151851
0.151276
0.150685
0.150078
0.149455
0.148817
0.148162
0.147492
0.146806
0.146103
0.145384
0.144649
0.143898
0.14313
0.142345
0.141544
0.140725
0.139889
0.139036
0.138165
0.137276
0.136369
0.135444
0.1345
0.133537
0.132555
0.131553
0.130531
0.129489
0.128426
0.127341
0.126235
0.125106
0.123954
0.122778
0.121578
0.120353
0.119102
0.117824
0.116518
0.115183
0.113817
0.11242
0.110989
0.109524
0.108021
0.106479
0.104896
0.103268
0.101592
0.0998648
0.098082
0.0962384
0.0943282
0.0923445
0.0902788
0.0881212
0.0858593
0.0834776
0.0809567
0.0782713
0.0753879
0.0722606
0.0688238
0.0649791
0.0605679
0.0553085
0.0486229
0.039039
0.0226525
0.163481
0.163577
0.163629
0.163643
0.163621
0.163565
0.163477
0.163358
0.163211
0.163036
0.162835
0.16261
0.16236
0.162088
0.161794
0.161479
0.161143
0.160787
0.160412
0.160018
0.159606
0.159175
0.158728
0.158262
0.15778
0.157281
0.156766
0.156234
0.155686
0.155122
0.154542
0.153947
0.153335
0.152708
0.152064
0.151406
0.150731
0.150041
0.149335
0.148613
0.147876
0.147122
0.146353
0.145567
0.144765
0.143947
0.143112
0.142261
0.141392
0.140507
0.139604
0.138683
0.137745
0.136788
0.135813
0.13482
0.133807
0.132775
0.131723
0.13065
0.129556
0.128442
0.127305
0.126145
0.124962
0.123755
0.122524
0.121266
0.119982
0.11867
0.117329
0.115957
0.114554
0.113117
0.111645
0.110136
0.108587
0.106996
0.10536
0.103675
0.101938
0.100144
0.0982877
0.0963635
0.094364
0.0922804
0.0901023
0.087817
0.0854085
0.0828568
0.0801356
0.0772105
0.0740341
0.0705388
0.0666232
0.062124
0.0567511
0.0499094
0.0400798
0.0232021
0.166186
0.166291
0.16635
0.166368
0.166348
0.166292
0.166202
0.16608
0.165927
0.165745
0.165536
0.165301
0.16504
0.164756
0.164449
0.164119
0.163768
0.163397
0.163006
0.162595
0.162166
0.161718
0.161252
0.160769
0.160269
0.159752
0.159218
0.158668
0.158102
0.15752
0.156922
0.156309
0.15568
0.155036
0.154376
0.153702
0.153012
0.152307
0.151586
0.150851
0.1501
0.149334
0.148552
0.147755
0.146943
0.146114
0.14527
0.14441
0.143534
0.142641
0.141732
0.140805
0.139862
0.138901
0.137922
0.136925
0.13591
0.134876
0.133822
0.132749
0.131655
0.13054
0.129404
0.128245
0.127063
0.125858
0.124628
0.123372
0.12209
0.120779
0.11944
0.11807
0.116668
0.115233
0.113762
0.112252
0.110703
0.109111
0.107472
0.105784
0.104043
0.102243
0.100379
0.0984459
0.0964348
0.0943372
0.0921423
0.0898369
0.0874045
0.0848243
0.0820695
0.0791043
0.07588
0.0723268
0.0683403
0.0637521
0.0582635
0.0512607
0.0411749
0.0237737
0.168649
0.168757
0.168816
0.168833
0.16881
0.168749
0.168652
0.168522
0.16836
0.168168
0.167947
0.167699
0.167425
0.167127
0.166805
0.16646
0.166093
0.165705
0.165298
0.16487
0.164424
0.163959
0.163476
0.162976
0.162459
0.161925
0.161375
0.16081
0.160228
0.159631
0.159019
0.158392
0.15775
0.157093
0.156421
0.155736
0.155035
0.15432
0.153591
0.152848
0.152089
0.151317
0.15053
0.149728
0.148912
0.148081
0.147235
0.146373
0.145497
0.144604
0.143696
0.142772
0.141832
0.140874
0.1399
0.138908
0.137898
0.13687
0.135824
0.134757
0.133671
0.132565
0.131437
0.130287
0.129114
0.127918
0.126697
0.12545
0.124177
0.122876
0.121545
0.120183
0.118789
0.117361
0.115896
0.114393
0.112849
0.11126
0.109624
0.107938
0.106196
0.104394
0.102526
0.100587
0.0985668
0.0964578
0.0942483
0.0919248
0.0894701
0.0868629
0.0840754
0.0810709
0.0777989
0.0741878
0.0701298
0.0654515
0.0598449
0.0526767
0.042325
0.024368
0.170896
0.170999
0.171053
0.171062
0.17103
0.170959
0.170851
0.170708
0.170533
0.170327
0.170092
0.169828
0.169539
0.169224
0.168885
0.168524
0.16814
0.167735
0.167311
0.166866
0.166403
0.165922
0.165424
0.164908
0.164376
0.163828
0.163264
0.162685
0.162091
0.161483
0.16086
0.160223
0.159572
0.158907
0.158228
0.157536
0.156831
0.156112
0.15538
0.154634
0.153875
0.153103
0.152317
0.151518
0.150705
0.149878
0.149037
0.148182
0.147313
0.146429
0.14553
0.144615
0.143686
0.14274
0.141778
0.140799
0.139803
0.138789
0.137757
0.136705
0.135635
0.134544
0.133432
0.132298
0.131141
0.129961
0.128756
0.127525
0.126267
0.12498
0.123664
0.122317
0.120936
0.11952
0.118066
0.116573
0.115038
0.113457
0.111827
0.110145
0.108406
0.106604
0.104735
0.102791
0.100764
0.0986454
0.0964224
0.0940815
0.0916051
0.0889711
0.0861509
0.0831067
0.0797866
0.0761168
0.0719863
0.0672164
0.0614896
0.0541522
0.0435262
0.0249829
0.172949
0.17304
0.173081
0.173077
0.17303
0.172944
0.17282
0.172661
0.172468
0.172245
0.171991
0.17171
0.171402
0.171069
0.170712
0.170333
0.169931
0.169509
0.169067
0.168606
0.168127
0.167631
0.167118
0.166588
0.166043
0.165483
0.164908
0.164319
0.163716
0.1631
0.16247
0.161827
0.161172
0.160504
0.159823
0.15913
0.158426
0.157708
0.156979
0.156238
0.155485
0.154719
0.153942
0.153152
0.152349
0.151534
0.150706
0.149865
0.14901
0.148142
0.14726
0.146363
0.145452
0.144525
0.143583
0.142625
0.14165
0.140657
0.139647
0.138618
0.137569
0.136501
0.135411
0.1343
0.133166
0.132007
0.130824
0.129614
0.128377
0.127111
0.125814
0.124485
0.123121
0.121721
0.120283
0.118804
0.11728
0.11571
0.114089
0.112413
0.110678
0.108879
0.107009
0.105062
0.103028
0.1009
0.098663
0.0963044
0.0938057
0.091144
0.0882901
0.0852051
0.0818355
0.0781056
0.073901
0.069038
0.0631891
0.0556801
0.0447734
0.0256165
0.174828
0.1749
0.174921
0.174897
0.17483
0.174723
0.174578
0.174398
0.174184
0.173939
0.173665
0.173363
0.173034
0.172681
0.172304
0.171906
0.171486
0.171046
0.170587
0.17011
0.169616
0.169105
0.168579
0.168037
0.167481
0.166912
0.166329
0.165733
0.165124
0.164504
0.163872
0.163228
0.162573
0.161906
0.161229
0.160541
0.159843
0.159134
0.158414
0.157684
0.156943
0.156191
0.155429
0.154655
0.15387
0.153074
0.152266
0.151446
0.150614
0.149769
0.148911
0.14804
0.147154
0.146254
0.145339
0.144408
0.143461
0.142497
0.141515
0.140515
0.139495
0.138456
0.137395
0.136311
0.135205
0.134074
0.132918
0.131734
0.130522
0.12928
0.128006
0.126699
0.125356
0.123975
0.122555
0.121091
0.119582
0.118024
0.116413
0.114745
0.113015
0.111218
0.109348
0.107397
0.105357
0.103218
0.100967
0.0985889
0.0960662
0.093375
0.0904852
0.0873569
0.0839354
0.0801427
0.0758616
0.0709031
0.0649304
0.0572479
0.0460574
0.0262638
0.176554
0.1766
0.176595
0.176545
0.176451
0.176318
0.176147
0.17594
0.175701
0.175431
0.175133
0.174807
0.174455
0.174079
0.173681
0.173262
0.172823
0.172364
0.171888
0.171396
0.170887
0.170364
0.169826
0.169274
0.16871
0.168134
0.167546
0.166946
0.166336
0.165716
0.165085
0.164445
0.163795
0.163136
0.162468
0.161791
0.161105
0.16041
0.159706
0.158993
0.158271
0.15754
0.1568
0.156049
0.15529
0.15452
0.153739
0.152948
0.152145
0.151331
0.150504
0.149665
0.148812
0.147945
0.147064
0.146168
0.145255
0.144326
0.143379
0.142413
0.141428
0.140423
0.139395
0.138346
0.137272
0.136173
0.135047
0.133894
0.132711
0.131496
0.130249
0.128966
0.127647
0.126288
0.124887
0.123441
0.121947
0.120402
0.118801
0.117141
0.115417
0.113622
0.111751
0.109796
0.107748
0.105596
0.103329
0.10093
0.0983803
0.0956566
0.0927275
0.0895522
0.0860745
0.0822146
0.0778524
0.0727939
0.0666935
0.0588357
0.0473611
0.0269152
0.178142
0.178155
0.178117
0.178033
0.177907
0.177741
0.177539
0.177302
0.177033
0.176734
0.176408
0.176055
0.175678
0.175278
0.174857
0.174416
0.173957
0.17348
0.172987
0.172479
0.171957
0.171422
0.170874
0.170315
0.169745
0.169165
0.168575
0.167976
0.167368
0.166752
0.166128
0.165496
0.164857
0.164211
0.163557
0.162897
0.162229
0.161555
0.160873
0.160185
0.159489
0.158785
0.158074
0.157354
0.156626
0.155889
0.155143
0.154387
0.153621
0.152844
0.152056
0.151256
0.150443
0.149616
0.148775
0.147919
0.147047
0.146158
0.145252
0.144326
0.143381
0.142414
0.141425
0.140413
0.139376
0.138313
0.137222
0.136102
0.13495
0.133766
0.132548
0.131292
0.129998
0.128662
0.127282
0.125854
0.124377
0.122845
0.121255
0.119603
0.117884
0.116091
0.114218
0.112257
0.110199
0.108033
0.105746
0.103323
0.100743
0.0979827
0.0950095
0.0917815
0.0882411
0.0843063
0.0798539
0.0746853
0.0684464
0.0604035
0.0486422
0.0275447
0.180923
0.180846
0.18072
0.180552
0.180344
0.1801
0.179821
0.179512
0.179173
0.178808
0.178417
0.178004
0.17757
0.177117
0.176646
0.176159
0.175657
0.175141
0.174614
0.174075
0.173527
0.172969
0.172403
0.171829
0.171249
0.170663
0.170071
0.169474
0.168873
0.168267
0.167657
0.167044
0.166427
0.165806
0.165182
0.164555
0.163923
0.163289
0.16265
0.162006
0.161358
0.160706
0.160047
0.159383
0.158712
0.158034
0.157349
0.156654
0.155951
0.155238
0.154514
0.153778
0.15303
0.152268
0.151492
0.1507
0.149891
0.149065
0.148219
0.147353
0.146466
0.145556
0.144621
0.143661
0.142673
0.141657
0.14061
0.13953
0.138417
0.137267
0.136078
0.134849
0.133577
0.132259
0.130893
0.129475
0.128001
0.126468
0.124872
0.123208
0.121471
0.119654
0.117751
0.115753
0.113651
0.111433
0.109087
0.106596
0.103939
0.101091
0.0980183
0.0946783
0.0910109
0.0869312
0.0823114
0.0769461
0.0704689
0.0621226
0.0499358
0.0281076
0.184584
0.184298
0.183975
0.183621
0.183237
0.182828
0.182394
0.18194
0.181466
0.180976
0.180471
0.179953
0.179425
0.178887
0.178342
0.17779
0.177234
0.176674
0.176113
0.17555
0.174987
0.174424
0.173863
0.173305
0.172749
0.172197
0.171648
0.171104
0.170564
0.170028
0.169497
0.16897
0.168448
0.16793
0.167416
0.166905
0.166397
0.165892
0.165388
0.164886
0.164384
0.163883
0.163379
0.162874
0.162366
0.161854
0.161337
0.160813
0.160282
0.159742
0.159192
0.158631
0.158058
0.15747
0.156867
0.156248
0.15561
0.154952
0.154273
0.15357
0.152844
0.15209
0.151309
0.150498
0.149655
0.148778
0.147865
0.146915
0.145925
0.144892
0.143814
0.14269
0.141515
0.140287
0.139003
0.137659
0.136252
0.134777
0.133229
0.131605
0.129897
0.128099
0.126204
0.124203
0.122085
0.119839
0.117449
0.114899
0.112166
0.109222
0.106032
0.102548
0.0987054
0.0944112
0.089526
0.0838246
0.0769046
0.0679292
0.0546949
0.0303746
0.18764
0.187077
0.186496
0.185901
0.185295
0.184679
0.184056
0.183428
0.182796
0.182164
0.181532
0.180902
0.180276
0.179655
0.179041
0.178436
0.177839
0.177253
0.176679
0.176117
0.175567
0.175032
0.174511
0.174005
0.173513
0.173037
0.172576
0.17213
0.1717
0.171284
0.170882
0.170495
0.170121
0.16976
0.16941
0.169071
0.168743
0.168423
0.168111
0.167806
0.167506
0.16721
0.166917
0.166624
0.166331
0.166036
0.165737
0.165433
0.165122
0.164801
0.164471
0.164127
0.16377
0.163396
0.163004
0.162592
0.162159
0.161701
0.161217
0.160706
0.160164
0.159591
0.158983
0.158339
0.157656
0.156933
0.156166
0.155353
0.154493
0.153581
0.152615
0.151593
0.150512
0.149367
0.148156
0.146875
0.145519
0.144084
0.142566
0.140957
0.139253
0.137446
0.135528
0.133489
0.131319
0.129004
0.126529
0.123874
0.121017
0.117927
0.114566
0.110883
0.106807
0.102239
0.0970276
0.0909289
0.0835049
0.0738403
0.0594976
0.0325608
0.190001
0.189105
0.188217
0.187339
0.186474
0.185622
0.184784
0.183964
0.183161
0.182377
0.181614
0.180872
0.180153
0.179459
0.178789
0.178145
0.177528
0.176939
0.176378
0.175845
0.175342
0.174867
0.174422
0.174005
0.173618
0.17326
0.172929
0.172627
0.172351
0.172101
0.171876
0.171675
0.171497
0.17134
0.171202
0.171084
0.170981
0.170894
0.170819
0.170756
0.170701
0.170654
0.170612
0.170572
0.170534
0.170493
0.170449
0.170399
0.17034
0.17027
0.170188
0.17009
0.169973
0.169837
0.169678
0.169494
0.169282
0.169041
0.168767
0.168459
0.168113
0.167727
0.167299
0.166827
0.166306
0.165736
0.165113
0.164435
0.163698
0.1629
0.162037
0.161107
0.160105
0.159029
0.157875
0.156638
0.155314
0.153898
0.152385
0.150769
0.149043
0.1472
0.145231
0.143126
0.140874
0.13846
0.135869
0.13308
0.130068
0.126802
0.12324
0.119329
0.114995
0.110129
0.104572
0.0980598
0.090122
0.0797656
0.0643169
0.0346725
0.191504
0.190239
0.189014
0.187831
0.186688
0.185587
0.184529
0.183512
0.18254
0.18161
0.180726
0.179886
0.179091
0.178342
0.17764
0.176984
0.176376
0.175814
0.175299
0.174831
0.17441
0.174035
0.173705
0.17342
0.17318
0.172982
0.172826
0.172711
0.172634
0.172595
0.172591
0.172621
0.172683
0.172774
0.172892
0.173034
0.1732
0.173384
0.173586
0.173802
0.17403
0.174267
0.17451
0.174755
0.175001
0.175245
0.175482
0.175711
0.175929
0.176132
0.176318
0.176483
0.176625
0.176741
0.176828
0.176883
0.176903
0.176885
0.176827
0.176725
0.176577
0.176379
0.176129
0.175825
0.175462
0.175038
0.174551
0.173996
0.173371
0.172672
0.171897
0.171041
0.170102
0.169075
0.167955
0.16674
0.165423
0.164001
0.162467
0.160815
0.159039
0.157129
0.155079
0.152876
0.15051
0.147965
0.145225
0.142268
0.13907
0.135595
0.131803
0.127635
0.123014
0.117826
0.111901
0.104961
0.0965019
0.0854595
0.0689314
0.0365917
0.19207
0.190431
0.188868
0.18738
0.185967
0.184627
0.18336
0.182165
0.181041
0.179989
0.179007
0.178096
0.177256
0.176485
0.175783
0.175151
0.174587
0.174091
0.173662
0.173299
0.173001
0.172767
0.172595
0.172484
0.172433
0.172439
0.1725
0.172613
0.172778
0.17299
0.173248
0.173548
0.173887
0.174263
0.174672
0.175111
0.175577
0.176065
0.176573
0.177098
0.177634
0.17818
0.178731
0.179283
0.179834
0.180379
0.180915
0.181438
0.181944
0.182431
0.182894
0.18333
0.183736
0.184108
0.184443
0.184737
0.184986
0.185189
0.185341
0.185438
0.185479
0.185459
0.185375
0.185224
0.185003
0.184708
0.184337
0.183885
0.183349
0.182726
0.182013
0.181205
0.180298
0.179289
0.178174
0.176947
0.175605
0.174141
0.17255
0.170826
0.168961
0.166948
0.164777
0.162439
0.15992
0.157206
0.154279
0.151118
0.147695
0.143978
0.139922
0.135466
0.130531
0.124997
0.118687
0.11131
0.102335
0.0906318
0.0730931
0.0382228
0.191776
0.189783
0.187904
0.186137
0.184481
0.182932
0.181489
0.180148
0.17891
0.177771
0.176732
0.175789
0.174942
0.17419
0.173531
0.172964
0.172488
0.1721
0.171799
0.171583
0.171451
0.1714
0.171427
0.171531
0.171707
0.171955
0.17227
0.172649
0.173088
0.173585
0.174136
0.174736
0.175381
0.176069
0.176793
0.177551
0.178338
0.179149
0.179981
0.180828
0.181687
0.182553
0.183422
0.184289
0.18515
0.186
0.186836
0.187653
0.188448
0.189214
0.18995
0.19065
0.191311
0.191928
0.192498
0.193017
0.193481
0.193886
0.194229
0.194505
0.194712
0.194845
0.194901
0.194876
0.194767
0.19457
0.194281
0.193898
0.193416
0.192832
0.192141
0.191341
0.190427
0.189394
0.18824
0.186958
0.185544
0.183992
0.182299
0.180456
0.178458
0.176295
0.17396
0.171441
0.168726
0.1658
0.162646
0.159242
0.155561
0.151567
0.147218
0.142451
0.137183
0.131293
0.124597
0.116793
0.107325
0.0950129
0.076573
0.0395265
0.190954
0.188642
0.186486
0.184482
0.182625
0.18091
0.179334
0.177894
0.176586
0.175407
0.174354
0.173426
0.172619
0.171931
0.17136
0.170902
0.170556
0.170318
0.170186
0.170157
0.170229
0.170396
0.170657
0.171007
0.171443
0.171961
0.172555
0.173224
0.17396
0.174761
0.175621
0.176535
0.177499
0.178508
0.179555
0.180637
0.181748
0.182883
0.184037
0.185204
0.18638
0.187559
0.188736
0.189907
0.191066
0.192208
0.193328
0.194421
0.195483
0.196509
0.197494
0.198433
0.199323
0.200158
0.200933
0.201646
0.202291
0.202864
0.203362
0.203779
0.204112
0.204357
0.20451
0.204567
0.204525
0.204379
0.204125
0.203761
0.203282
0.202685
0.201965
0.20112
0.200144
0.199034
0.197786
0.196396
0.194857
0.193167
0.191318
0.189305
0.187121
0.184758
0.182208
0.17946
0.176502
0.17332
0.169897
0.16621
0.162234
0.157934
0.153265
0.148166
0.142552
0.136302
0.129227
0.121019
0.111109
0.098277
0.0791139
0.0403129
0.190243
0.187648
0.185253
0.183051
0.181036
0.1792
0.177537
0.176042
0.17471
0.173537
0.172518
0.171648
0.170925
0.170344
0.1699
0.169591
0.169412
0.16936
0.169429
0.169617
0.169918
0.170329
0.170844
0.171459
0.172168
0.172967
0.17385
0.174812
0.175847
0.17695
0.178115
0.179336
0.180607
0.181923
0.183278
0.184666
0.18608
0.187516
0.188967
0.190428
0.191892
0.193354
0.194809
0.196251
0.197673
0.19907
0.200437
0.201767
0.203055
0.204297
0.205488
0.206621
0.207693
0.208697
0.20963
0.210486
0.211261
0.21195
0.212549
0.213052
0.213456
0.213756
0.213949
0.214029
0.213993
0.213838
0.213558
0.213151
0.212612
0.211937
0.211124
0.210168
0.209066
0.207813
0.206406
0.20484
0.203111
0.201215
0.199146
0.196899
0.194467
0.191844
0.189022
0.18599
0.182738
0.179252
0.175516
0.171509
0.167205
0.162571
0.157563
0.152121
0.146162
0.139564
0.132139
0.123577
0.113305
0.100087
0.0804439
0.0404698
0.19054
0.1877
0.185101
0.182735
0.180594
0.178672
0.176959
0.175447
0.17413
0.173001
0.172052
0.171277
0.170672
0.170229
0.169943
0.169808
0.169819
0.169971
0.170258
0.170673
0.171212
0.171868
0.172636
0.173509
0.174481
0.175546
0.176698
0.177931
0.179237
0.180611
0.182047
0.183537
0.185075
0.186655
0.188271
0.189915
0.191583
0.193266
0.19496
0.196658
0.198352
0.200039
0.20171
0.20336
0.204983
0.206572
0.208123
0.209628
0.211081
0.212478
0.213812
0.215077
0.216268
0.217379
0.218406
0.219341
0.220181
0.22092
0.221552
0.222074
0.22248
0.222765
0.222925
0.222956
0.222854
0.222614
0.222232
0.221705
0.221029
0.2202
0.219214
0.218069
0.216761
0.215287
0.213643
0.211825
0.20983
0.207654
0.205293
0.202742
0.199996
0.197049
0.193894
0.190523
0.186926
0.183091
0.179003
0.174643
0.169986
0.165002
0.159649
0.153869
0.147581
0.140668
0.132944
0.124105
0.113583
0.100151
0.0803299
0.0399012
0.192659
0.189652
0.18692
0.184453
0.182244
0.180284
0.178567
0.177082
0.175818
0.174766
0.173917
0.173262
0.172794
0.172503
0.172383
0.172426
0.172624
0.172971
0.173459
0.17408
0.174829
0.175698
0.176679
0.177766
0.178952
0.180229
0.181592
0.183032
0.184544
0.186119
0.187753
0.189437
0.191165
0.19293
0.194727
0.196547
0.198386
0.200235
0.202089
0.203941
0.205785
0.207613
0.20942
0.211199
0.212944
0.214647
0.216303
0.217904
0.219445
0.220919
0.222318
0.223638
0.224871
0.226011
0.227052
0.227989
0.228814
0.229523
0.230109
0.230567
0.230893
0.23108
0.231124
0.231021
0.230766
0.230355
0.229783
0.229049
0.228147
0.227075
0.225829
0.224407
0.222807
0.221025
0.219059
0.216906
0.214564
0.212031
0.209303
0.206377
0.20325
0.199917
0.196373
0.192611
0.188625
0.184402
0.179932
0.175197
0.170176
0.164841
0.159152
0.153057
0.146478
0.139304
0.131358
0.122345
0.111716
0.0982773
0.0786245
0.0385634
0.197603
0.194528
0.191747
0.189252
0.187036
0.185091
0.183411
0.181984
0.180797
0.179838
0.179096
0.178559
0.178218
0.178063
0.178084
0.178271
0.178615
0.179109
0.179743
0.180509
0.181399
0.182405
0.183519
0.184735
0.186044
0.187439
0.188913
0.19046
0.192072
0.193743
0.195466
0.197234
0.199042
0.200882
0.202748
0.204634
0.206534
0.20844
0.210347
0.212247
0.214135
0.216003
0.217845
0.219654
0.221423
0.223144
0.22481
0.226415
0.227951
0.229411
0.230787
0.232072
0.233259
0.23434
0.235309
0.236158
0.236882
0.237472
0.237923
0.23823
0.238385
0.238384
0.238221
0.237891
0.237391
0.236716
0.235862
0.234826
0.233606
0.232198
0.2306
0.22881
0.226827
0.22465
0.222276
0.219706
0.216938
0.213972
0.210805
0.207438
0.203868
0.200094
0.196112
0.191919
0.187508
0.182874
0.178006
0.172891
0.16751
0.161839
0.155844
0.149476
0.142665
0.135306
0.127235
0.118173
0.107601
0.0943854
0.0752716
0.0364523
0.206538
0.203494
0.200749
0.198296
0.196128
0.19424
0.192624
0.191265
0.19015
0.189266
0.188598
0.188136
0.187867
0.18778
0.187864
0.188108
0.188504
0.18904
0.189709
0.190502
0.19141
0.192425
0.19354
0.194747
0.19604
0.197411
0.198853
0.200361
0.201929
0.203549
0.205217
0.206926
0.208671
0.210445
0.212243
0.214059
0.215887
0.21772
0.219553
0.221379
0.223191
0.224982
0.226746
0.228474
0.23016
0.231795
0.233371
0.234881
0.236316
0.237668
0.238928
0.240087
0.241138
0.242071
0.242879
0.243553
0.244086
0.244469
0.244697
0.244761
0.244656
0.244375
0.243914
0.243266
0.242428
0.241396
0.240167
0.238737
0.237105
0.23527
0.233229
0.230983
0.228532
0.225876
0.223015
0.219951
0.216685
0.213218
0.209552
0.205688
0.201627
0.19737
0.192917
0.188267
0.183417
0.178364
0.173101
0.167619
0.161904
0.155934
0.149682
0.143105
0.136139
0.128691
0.120611
0.111641
0.101304
0.0885474
0.0703406
0.0336283
0.220791
0.21784
0.215175
0.212792
0.210685
0.20885
0.207272
0.205936
0.204828
0.203935
0.203243
0.20274
0.202416
0.202257
0.202255
0.202398
0.202678
0.203086
0.203612
0.20425
0.204991
0.205829
0.206757
0.207769
0.208858
0.210019
0.211247
0.212536
0.213881
0.215277
0.216719
0.218203
0.219723
0.221275
0.222853
0.224452
0.226067
0.227692
0.22932
0.230945
0.232561
0.23416
0.235735
0.237277
0.238778
0.240229
0.241621
0.242945
0.244191
0.245349
0.246408
0.247359
0.248192
0.248896
0.249462
0.24988
0.25014
0.250235
0.250155
0.249894
0.249443
0.248797
0.24795
0.246896
0.245633
0.244156
0.242463
0.240552
0.238423
0.236076
0.23351
0.230728
0.227732
0.224525
0.221108
0.217488
0.213666
0.209648
0.205438
0.201041
0.19646
0.1917
0.186764
0.181655
0.176373
0.170919
0.165289
0.159478
0.153477
0.147269
0.140831
0.134127
0.127104
0.119677
0.111713
0.102984
0.0930574
0.0809858
0.0640231
0.0302042
0.241784
0.238869
0.236214
0.233812
0.231661
0.22976
0.228079
0.226606
0.225329
0.224235
0.223315
0.222558
0.221954
0.221495
0.221172
0.220976
0.220901
0.22094
0.221085
0.221332
0.221674
0.222105
0.222622
0.223219
0.223892
0.224637
0.22545
0.226327
0.227264
0.228258
0.229304
0.2304
0.23154
0.232721
0.233938
0.235187
0.236463
0.237759
0.23907
0.240389
0.241708
0.24302
0.244317
0.245589
0.246825
0.248017
0.249152
0.25022
0.251209
0.252106
0.2529
0.253578
0.254127
0.254536
0.254793
0.254886
0.254805
0.254539
0.254079
0.253416
0.252543
0.251453
0.25014
0.248601
0.246831
0.244828
0.242592
0.240121
0.237418
0.234485
0.231324
0.22794
0.224337
0.220522
0.2165
0.21228
0.207867
0.20327
0.198497
0.193555
0.188454
0.183199
0.177798
0.172256
0.166579
0.16077
0.15483
0.148757
0.142544
0.136182
0.129652
0.122924
0.115953
0.108669
0.100954
0.0926093
0.0832589
0.0720715
0.0566333
0.0263503
0.270549
0.267401
0.264479
0.261778
0.2593
0.257013
0.254906
0.25297
0.251197
0.249578
0.248106
0.246775
0.245578
0.24451
0.243565
0.242738
0.242025
0.241421
0.240922
0.240524
0.240224
0.240018
0.239903
0.239877
0.239936
0.240078
0.2403
0.2406
0.240974
0.24142
0.241935
0.242516
0.24316
0.243863
0.244621
0.245429
0.246281
0.247173
0.248097
0.249046
0.250011
0.250984
0.251954
0.25291
0.25384
0.254732
0.255572
0.256346
0.257039
0.257636
0.258123
0.258485
0.258705
0.25877
0.258666
0.25838
0.257897
0.257209
0.256303
0.255171
0.253805
0.252198
0.250346
0.248246
0.245896
0.243294
0.240443
0.237344
0.234003
0.230423
0.226612
0.222577
0.218326
0.213869
0.209217
0.20438
0.199368
0.194195
0.188871
0.183409
0.177819
0.172112
0.166299
0.160388
0.154388
0.148305
0.142143
0.135904
0.129584
0.123176
0.116668
0.110035
0.10324
0.0962235
0.0888877
0.081064
0.0724332
0.0622902
0.0485826
0.0222789
0.306491
0.302585
0.298882
0.295378
0.292064
0.288912
0.285919
0.28308
0.280391
0.277849
0.275449
0.273189
0.271066
0.269077
0.267218
0.265488
0.263884
0.262403
0.261043
0.259802
0.258677
0.257667
0.256769
0.255982
0.255302
0.254729
0.254261
0.253894
0.253627
0.253458
0.253383
0.2534
0.253506
0.253696
0.253967
0.254312
0.254727
0.255204
0.255735
0.256311
0.256923
0.257558
0.258204
0.258848
0.259474
0.260067
0.260609
0.261083
0.261472
0.261755
0.261916
0.261935
0.261795
0.261479
0.26097
0.260253
0.259314
0.258142
0.256725
0.255055
0.253124
0.250929
0.248465
0.245731
0.242729
0.239462
0.235932
0.232148
0.228116
0.223847
0.21935
0.214638
0.209723
0.20462
0.199342
0.193905
0.188324
0.182615
0.176793
0.170872
0.164867
0.158792
0.15266
0.146483
0.140269
0.134029
0.127767
0.121486
0.115187
0.108865
0.102509
0.0961005
0.0896094
0.0829866
0.0761519
0.0689672
0.0611714
0.0521874
0.0403334
0.0182224
0.345761
0.340481
0.335419
0.330568
0.3259
0.321414
0.317109
0.312983
0.309034
0.305259
0.301656
0.298224
0.294961
0.291863
0.288929
0.286156
0.283543
0.281087
0.278785
0.276636
0.274637
0.272787
0.271082
0.269521
0.268102
0.266822
0.26568
0.264672
0.263796
0.26305
0.262431
0.261934
0.261556
0.261292
0.261137
0.261085
0.261127
0.261255
0.261459
0.261728
0.262049
0.262406
0.262784
0.263165
0.26353
0.26386
0.264131
0.264324
0.264415
0.264382
0.264203
0.263857
0.263323
0.262582
0.261616
0.260409
0.258947
0.257219
0.255215
0.252928
0.250354
0.24749
0.244338
0.240899
0.237179
0.233186
0.228928
0.224416
0.219664
0.214687
0.209498
0.204117
0.198559
0.192844
0.18699
0.181016
0.174941
0.168784
0.162562
0.156294
0.149995
0.143681
0.137367
0.131064
0.124782
0.118532
0.112318
0.106144
0.100011
0.0939145
0.0878461
0.0817906
0.0757233
0.069605
0.0633721
0.0569161
0.0500321
0.0422683
0.0323062
0.0144025
0.380655
0.373666
0.366952
0.360498
0.354292
0.348331
0.342611
0.33713
0.331883
0.326868
0.322079
0.317513
0.313166
0.309035
0.305115
0.301403
0.297895
0.294588
0.291477
0.288561
0.285834
0.283294
0.280938
0.278763
0.276765
0.274941
0.273288
0.271804
0.270484
0.269324
0.268321
0.26747
0.266766
0.266202
0.265772
0.265467
0.265276
0.265189
0.265192
0.265271
0.265407
0.265582
0.265775
0.265964
0.266124
0.26623
0.266256
0.266176
0.265964
0.265593
0.265038
0.264276
0.263286
0.262047
0.260541
0.258755
0.256677
0.254297
0.251609
0.248612
0.245304
0.241689
0.237773
0.233564
0.229074
0.224315
0.219304
0.214056
0.20859
0.202927
0.197087
0.191093
0.184965
0.178726
0.172399
0.166005
0.159566
0.153101
0.146631
0.140173
0.133743
0.127358
0.12103
0.11477
0.108587
0.102488
0.0964775
0.0905577
0.0847274
0.0789825
0.0733149
0.0677115
0.0621525
0.0566072
0.0510278
0.0453333
0.0393727
0.0328155
0.024697
0.0108434
0.401561
0.39321
0.385209
0.377542
0.370198
0.363171
0.35645
0.350029
0.343899
0.338053
0.332484
0.327185
0.32215
0.317372
0.312846
0.308566
0.304526
0.300722
0.297148
0.2938
0.290674
0.287764
0.285068
0.282581
0.280299
0.278219
0.276336
0.274646
0.273146
0.27183
0.270693
0.26973
0.268932
0.268292
0.2678
0.267444
0.26721
0.267083
0.267044
0.267074
0.267149
0.267244
0.267333
0.267388
0.267378
0.267273
0.267044
0.266659
0.266091
0.265311
0.264294
0.263017
0.26146
0.259605
0.25744
0.254953
0.252139
0.248993
0.245517
0.241715
0.237593
0.233162
0.228435
0.223428
0.218158
0.212645
0.206912
0.200981
0.194875
0.18862
0.182241
0.175763
0.169211
0.162609
0.15598
0.149348
0.142734
0.136156
0.129634
0.123183
0.116818
0.11055
0.10439
0.0983456
0.0924221
0.0866231
0.0809502
0.0754025
0.0699771
0.0646687
0.0594692
0.0543673
0.0493472
0.0443863
0.0394512
0.0344874
0.0293931
0.023946
0.0175069
0.00747637
)
;

boundaryField
{
    jetInlet
    {
        type            fixedValue;
        value           uniform 0.006;
    }
    returnOutlet
    {
        type            inletOutlet;
        inletValue      uniform 0.006;
        value           nonuniform List<scalar> 
35
(
0.290437
0.562627
0.751241
0.909563
1.05451
1.18822
1.30744
1.40653
1.47861
1.51574
1.50716
1.43079
0.006
0.006
0.006
0.006
0.006
0.006
0.006
0.006
0.006
0.006
0.006
0.006
0.006
0.006
0.278555
0.295222
0.231044
0.115267
0.0961496
0.169523
0.303704
0.443216
0.531186
)
;
    }
    flatBed
    {
        type            kqRWallFunction;
        value           nonuniform List<scalar> 
100
(
0.290437
0.295088
0.299446
0.303473
0.307128
0.310374
0.313185
0.315566
0.317578
0.31842
0.317932
0.316014
0.312619
0.307741
0.301416
0.293718
0.28475
0.274643
0.263549
0.251636
0.239087
0.22609
0.212839
0.199522
0.186321
0.1734
0.160903
0.148949
0.137628
0.127001
0.117102
0.107942
0.0995123
0.0917877
0.0847341
0.078311
0.0724744
0.0671798
0.0623835
0.0580432
0.0541191
0.0505736
0.0473717
0.0444806
0.0418703
0.0395136
0.0373858
0.0354649
0.0337318
0.0321702
0.0307661
0.029508
0.0283862
0.0273925
0.0265201
0.0257625
0.0251138
0.0245677
0.0241181
0.0237586
0.0234827
0.0232837
0.0231551
0.0230908
0.0230847
0.0231314
0.0232257
0.0233631
0.0235394
0.0237483
0.0239837
0.0242435
0.0245262
0.0248314
0.0251596
0.0255083
0.0258724
0.0262495
0.0266373
0.0270338
0.0274367
0.0278437
0.0282522
0.0286595
0.0290621
0.0294561
0.0298369
0.0301984
0.0305332
0.030832
0.0310825
0.0312685
0.0313684
0.0313528
0.0311813
0.0307952
0.030104
0.0289668
0.0272027
0.0247384
)
;
    }
    slope
    {
        type            kqRWallFunction;
        value           nonuniform List<scalar> 
50
(
0.00453401
0.00536858
0.00691605
0.00866817
0.0102472
0.0116889
0.0129841
0.0141469
0.0151765
0.0160847
0.0168788
0.017573
0.0181799
0.0187164
0.0191898
0.0196059
0.0201379
0.0206298
0.0211235
0.0216161
0.0221258
0.0226525
0.0232021
0.0237737
0.024368
0.0249829
0.0256165
0.0262638
0.0269152
0.0275447
0.0281076
0.0303746
0.0325608
0.0346725
0.0365917
0.0382228
0.0395265
0.0403129
0.0404698
0.0399012
0.0385634
0.0364523
0.0336283
0.0302042
0.0263503
0.0222789
0.0182224
0.0144025
0.0108434
0.00747637
)
;
    }
    top
    {
        type            symmetryPlane;
    }
    frontAndBack
    {
        type            empty;
    }
    defaultFaces
    {
        type            empty;
    }
}


// ************************************************************************* //
