/*--------------------------------*- C++ -*----------------------------------*\
| =========                 |                                                 |
| \\      /  F ield         | OpenFOAM: The Open Source CFD Toolbox           |
|  \\    /   O peration     | Version:  2206                                  |
|   \\  /    A nd           | Website:  www.openfoam.com                      |
|    \\/     M anipulation  |                                                 |
\*---------------------------------------------------------------------------*/
FoamFile
{
    version     2.0;
    format      ascii;
    arch        "LSB;label=32;scalar=64";
    class       volScalarField;
    location    "1900";
    object      p;
}
// * * * * * * * * * * * * * * * * * * * * * * * * * * * * * * * * * * * * * //

dimensions      [0 2 -2 0 0 0 0];

internalField   nonuniform List<scalar> 
10000
(
-0.0981191
-0.148983
-0.187958
-0.207697
-0.20555
-0.177594
-0.120186
-0.0303774
0.0943701
0.255278
0.451224
0.679347
0.935457
1.21445
1.51073
1.81857
2.13243
2.44715
2.75813
3.06144
3.35385
3.63283
3.89655
4.14381
4.374
4.58702
4.78319
4.96314
5.12777
5.27815
5.41543
5.54077
5.65535
5.76026
5.85651
5.94502
6.0266
6.10196
6.17168
6.2363
6.29622
6.35183
6.40342
6.45126
6.49557
6.53654
6.57435
6.60916
6.64112
6.67037
6.69706
6.72132
6.74328
6.76309
6.78089
6.7968
6.81097
6.82353
6.83461
6.84434
6.85285
6.86026
6.86669
6.87226
6.87708
6.88126
6.88492
6.88814
6.89105
6.89374
6.89631
6.89885
6.90145
6.90421
6.9072
6.91052
6.91425
6.91847
6.92325
6.92869
6.93485
6.94181
6.94964
6.9584
6.96818
6.97902
6.99099
7.00415
7.01853
7.03416
7.05107
7.06922
7.08857
7.109
7.13024
7.1515
7.17179
7.19179
7.21248
7.21735
-0.093814
-0.138727
-0.178473
-0.202814
-0.206858
-0.186018
-0.136218
-0.0542386
0.0626745
0.216135
0.405299
0.627401
0.878362
1.15317
1.44628
1.752
2.06477
2.37941
2.69124
2.99625
3.29107
3.57306
3.84024
4.09126
4.32537
4.54233
4.74235
4.92597
5.09401
5.24751
5.38758
5.51541
5.63217
5.73899
5.83691
5.92688
6.00975
6.08626
6.15703
6.2226
6.28343
6.33989
6.39231
6.44094
6.48603
6.52776
6.56633
6.60188
6.63456
6.66452
6.69189
6.7168
6.73938
6.75978
6.77811
6.79451
6.80913
6.82208
6.8335
6.84353
6.85229
6.85991
6.8665
6.8722
6.87712
6.88136
6.88505
6.88829
6.89118
6.89384
6.89636
6.89882
6.90133
6.90397
6.90683
6.90998
6.91352
6.91753
6.92208
6.92725
6.93311
6.93973
6.94717
6.95551
6.9648
6.97509
6.98643
6.99887
7.01243
7.02712
7.04294
7.05983
7.0777
7.09642
7.11569
7.13486
7.15312
7.17101
7.1893
7.19454
-0.0950527
-0.13391
-0.175069
-0.205257
-0.216855
-0.204304
-0.162882
-0.088992
0.0202888
0.167027
0.350723
0.568505
0.816224
1.0888
1.38061
1.68589
1.99903
2.31475
2.62833
2.93565
3.23326
3.51842
3.78902
4.04363
4.28138
4.50192
4.70538
4.89224
5.06326
5.21945
5.36193
5.49187
5.61047
5.71888
5.81819
5.90938
5.99332
6.07079
6.14243
6.20881
6.27039
6.32757
6.38069
6.43001
6.47579
6.51821
6.55746
6.59371
6.6271
6.65777
6.68585
6.71147
6.73476
6.75583
6.77481
6.79182
6.807
6.82046
6.83234
6.84276
6.85185
6.85974
6.86656
6.87243
6.87746
6.88178
6.88551
6.88875
6.89162
6.89422
6.89666
6.89901
6.90139
6.90388
6.90655
6.90951
6.91282
6.91656
6.92083
6.92567
6.93118
6.9374
6.94441
6.95226
6.961
6.97069
6.98136
6.99304
7.00576
7.0195
7.03425
7.04994
7.06647
7.08367
7.10125
7.11866
7.13519
7.15108
7.16672
7.17063
-0.101397
-0.14091
-0.186599
-0.224823
-0.245431
-0.241781
-0.208416
-0.141322
-0.0374781
0.105596
0.287635
0.505349
0.754252
1.02895
1.32359
1.63218
1.94894
2.26848
2.58596
2.89717
3.19861
3.48745
3.76155
4.0194
4.26009
4.48326
4.689
4.8778
5.05044
5.20794
5.35147
5.48223
5.60148
5.7104
5.81011
5.90163
5.98587
6.0636
6.1355
6.20214
6.26398
6.32144
6.37483
6.42444
6.47051
6.51323
6.55279
6.58935
6.62306
6.65406
6.68249
6.70847
6.73213
6.75359
6.77296
6.79037
6.80592
6.81974
6.83195
6.84266
6.852
6.8601
6.86707
6.87305
6.87814
6.88249
6.8862
6.88939
6.89218
6.89467
6.89697
6.89917
6.90137
6.90365
6.90611
6.90882
6.91186
6.91531
6.91925
6.92375
6.92887
6.93468
6.94123
6.94858
6.95678
6.96587
6.97588
6.98683
6.99874
7.01159
7.02536
7.03998
7.05533
7.07123
7.08742
7.1034
7.11851
7.13266
7.14579
7.14823
-0.108635
-0.155392
-0.209783
-0.258698
-0.289973
-0.295982
-0.270587
-0.209383
-0.109297
0.0324655
0.21568
0.436405
0.689624
0.9695
1.2698
1.58425
1.90686
2.23209
2.55497
2.87125
3.17734
3.47039
3.7482
4.00926
4.25264
4.47799
4.68542
4.87545
5.04894
5.20696
5.35073
5.48156
5.60073
5.7095
5.80903
5.90038
5.98447
6.0621
6.13396
6.20061
6.26253
6.32009
6.37363
6.4234
6.46964
6.51254
6.55226
6.58896
6.62279
6.6539
6.68241
6.70847
6.73221
6.75374
6.77321
6.79072
6.80639
6.82033
6.83265
6.84348
6.85292
6.86109
6.86812
6.87411
6.87919
6.88349
6.88712
6.8902
6.89286
6.8952
6.89732
6.89932
6.90129
6.90334
6.90554
6.90797
6.91072
6.91386
6.91746
6.9216
6.92633
6.93171
6.93781
6.94467
6.95232
6.96082
6.97018
6.98043
6.99156
7.00356
7.01638
7.02996
7.04415
7.05879
7.07358
7.08808
7.10163
7.11396
7.12481
7.12635
-0.114791
-0.174322
-0.241639
-0.303945
-0.347545
-0.364
-0.346619
-0.290673
-0.192943
-0.050509
0.136086
0.362095
0.621851
0.908983
1.21684
1.53884
1.86875
2.20088
2.53018
2.8523
3.16363
3.46126
3.74299
4.0073
4.25328
4.48058
4.68937
4.88023
5.05409
5.21212
5.35564
5.48603
5.60466
5.71285
5.81182
5.90266
5.98632
6.06363
6.13526
6.20178
6.26366
6.32127
6.37492
6.42486
6.4713
6.51441
6.55433
6.59121
6.62518
6.65638
6.68494
6.71099
6.73467
6.75613
6.77549
6.79289
6.80846
6.82231
6.83455
6.84531
6.85468
6.86279
6.86974
6.87564
6.88062
6.88479
6.88827
6.89118
6.89365
6.89578
6.89768
6.89943
6.90115
6.90292
6.90483
6.90697
6.90939
6.91219
6.91543
6.91919
6.92351
6.92847
6.9341
6.94045
6.94756
6.95547
6.96418
6.97372
6.98407
6.99521
7.00708
7.01961
7.03265
7.04601
7.0594
7.0724
7.0844
7.09502
7.10397
7.10507
-0.119143
-0.196457
-0.28058
-0.358504
-0.415576
-0.442791
-0.433101
-0.381559
-0.284515
-0.139221
0.0528672
0.286137
0.554215
0.850173
1.16693
1.49761
1.83577
2.17557
2.51187
2.84028
3.15714
3.45953
3.74524
4.01273
4.26111
4.49009
4.69989
4.89117
5.06496
5.22254
5.36534
5.49485
5.61252
5.71974
5.8178
5.90783
5.9908
6.06755
6.13875
6.20498
6.26668
6.32424
6.37793
6.428
6.47462
6.51796
6.55813
6.59526
6.62945
6.66081
6.68946
6.71553
6.73916
6.76049
6.77966
6.79684
6.81215
6.82573
6.83772
6.84823
6.85737
6.86525
6.87198
6.87768
6.88245
6.8864
6.88965
6.89234
6.89456
6.89643
6.89805
6.89952
6.90094
6.9024
6.90399
6.90579
6.90788
6.91031
6.91317
6.91653
6.92044
6.92494
6.93009
6.93593
6.94249
6.94979
6.95785
6.96667
6.97623
6.98651
6.99743
7.00891
7.0208
7.03291
7.04495
7.05652
7.06706
7.07615
7.08358
7.08453
-0.121458
-0.221466
-0.325779
-0.420671
-0.491438
-0.528896
-0.525908
-0.477443
-0.378904
-0.228199
-0.0285379
0.213689
0.49143
0.797242
1.12367
1.46358
1.81035
2.15806
2.5015
2.83623
3.15859
3.46563
3.75512
4.02554
4.27602
4.50629
4.71666
4.9079
5.08115
5.23782
5.37947
5.50769
5.62402
5.72995
5.8268
5.91575
5.99781
6.07379
6.14439
6.21015
6.27153
6.32888
6.3825
6.43258
6.47932
6.52284
6.56325
6.60064
6.63508
6.66667
6.6955
6.72167
6.7453
6.76654
6.78553
6.80243
6.81741
6.83062
6.8422
6.8523
6.86105
6.86855
6.87493
6.88028
6.88472
6.88835
6.89129
6.89367
6.89558
6.89713
6.89843
6.89957
6.90065
6.90177
6.90301
6.90446
6.90617
6.90823
6.91069
6.91363
6.9171
6.92115
6.92581
6.93112
6.93712
6.94381
6.95121
6.95931
6.96809
6.9775
6.98749
6.99794
7.00871
7.01961
7.03036
7.04059
7.04981
7.0576
7.06383
7.06476
-0.121734
-0.249722
-0.376886
-0.488654
-0.571971
-0.618027
-0.619868
-0.57248
-0.469658
-0.310704
-0.101598
0.150798
0.438906
0.75488
1.091
1.43996
1.79505
2.15029
2.50046
2.8411
3.16852
3.47977
3.77261
4.0455
4.29758
4.52867
4.73912
4.92982
5.10204
5.25736
5.39745
5.52403
5.63874
5.7431
5.83853
5.92624
6.00722
6.08232
6.15218
6.21734
6.27825
6.33527
6.38867
6.43866
6.48538
6.52898
6.56955
6.60714
6.64182
6.67365
6.7027
6.72903
6.75275
6.77397
6.79283
6.80949
6.82412
6.83689
6.84798
6.85756
6.86577
6.87275
6.87862
6.88349
6.88747
6.89067
6.8932
6.89519
6.89672
6.8979
6.89882
6.89959
6.9003
6.90104
6.90191
6.90297
6.9043
6.90596
6.90801
6.91052
6.91354
6.91711
6.92128
6.92606
6.93149
6.93757
6.94431
6.95169
6.95969
6.96826
6.97732
6.98678
6.99647
7.00622
7.01578
7.02479
7.03283
7.03952
7.04478
7.04577
-0.119303
-0.281846
-0.433662
-0.559967
-0.652778
-0.704364
-0.708145
-0.658842
-0.548455
-0.378609
-0.158831
0.104061
0.402262
0.727718
1.0726
1.42955
1.79187
2.15358
2.50947
2.85509
3.18674
3.50146
3.79696
4.07168
4.32479
4.55611
4.76611
4.95578
5.12654
5.28012
5.41835
5.54305
5.65593
5.75857
5.85248
5.93888
6.01877
6.09294
6.16202
6.22652
6.28688
6.34347
6.39655
6.4463
6.49289
6.53644
6.57703
6.61472
6.64957
6.68159
6.71084
6.73736
6.76122
6.78249
6.80129
6.81776
6.83208
6.84442
6.85499
6.86398
6.87155
6.87788
6.88311
6.88736
6.89076
6.8934
6.89543
6.89694
6.89801
6.89874
6.89924
6.89959
6.89989
6.90022
6.90068
6.90133
6.90226
6.90351
6.90513
6.9072
6.90976
6.91286
6.91652
6.92077
6.92563
6.93111
6.93719
6.94387
6.9511
6.95884
6.96702
6.97552
6.9842
6.99288
7.00133
7.00925
7.01625
7.022
7.02648
7.02755
-0.113296
-0.31753
-0.494614
-0.629806
-0.726532
-0.779143
-0.781265
-0.725338
-0.603905
-0.422184
-0.192039
0.0801992
0.386811
0.719777
1.07133
1.43421
1.80178
2.16814
2.52812
2.8773
3.21196
3.52908
3.82634
4.10213
4.35559
4.5866
4.79567
4.9839
5.15287
5.30448
5.4407
5.56347
5.67451
5.77543
5.86785
5.95304
6.03192
6.10526
6.17363
6.23749
6.2973
6.35344
6.40614
6.45558
6.50191
6.54529
6.58579
6.62344
6.65831
6.69042
6.7198
6.74647
6.77046
6.79182
6.81063
6.82699
6.84107
6.85303
6.86309
6.87146
6.87834
6.88394
6.88841
6.89193
6.89461
6.89659
6.898
6.89893
6.89946
6.89968
6.89968
6.89957
6.89942
6.89931
6.89934
6.89957
6.90007
6.90089
6.90209
6.90371
6.90581
6.90842
6.91158
6.9153
6.91959
6.92447
6.92991
6.93589
6.94239
6.94933
6.95666
6.96425
6.97198
6.97967
6.98712
6.99405
7.00014
7.0051
7.00892
7.01007
-0.123482
-0.359834
-0.553492
-0.686156
-0.779122
-0.828831
-0.827397
-0.759237
-0.622937
-0.432183
-0.194217
0.084588
0.396575
0.733913
1.08904
1.45487
1.82494
2.19345
2.55529
2.90606
3.24203
3.5601
3.85789
4.13371
4.38669
4.6167
4.82434
5.01079
5.17781
5.32746
5.46185
5.583
5.69265
5.79225
5.88347
5.96773
6.04589
6.11867
6.18654
6.24985
6.30916
6.36491
6.41729
6.46639
6.51239
6.55554
6.59583
6.63331
6.66808
6.70016
6.72954
6.75627
6.78035
6.80178
6.82062
6.83693
6.85083
6.86249
6.8721
6.87988
6.88606
6.89087
6.89452
6.89719
6.89904
6.90025
6.90094
6.90119
6.90109
6.90072
6.90018
6.89954
6.8989
6.89833
6.8979
6.89768
6.89774
6.89813
6.89889
6.90006
6.90169
6.90383
6.90648
6.90968
6.91342
6.9177
6.92251
6.92783
6.93361
6.93979
6.94631
6.95305
6.9599
6.96669
6.97322
6.97928
6.98456
6.98883
6.99211
6.9933
-0.15317
-0.436529
-0.599229
-0.707133
-0.790459
-0.835114
-0.823452
-0.74163
-0.595762
-0.399794
-0.158465
0.122228
0.434923
0.772104
1.12651
1.49132
1.86024
2.22763
2.58846
2.93833
3.27347
3.59071
3.88752
4.16215
4.4137
4.64207
4.84787
5.03239
5.19754
5.34555
5.47856
5.59853
5.70722
5.80619
5.89706
5.98106
6.05907
6.13185
6.1997
6.26274
6.32174
6.37732
6.42956
6.47838
6.52404
6.56697
6.60704
6.64425
6.67884
6.71075
6.74
6.76669
6.79077
6.81222
6.83106
6.84734
6.86112
6.87255
6.88179
6.88905
6.89456
6.89858
6.90136
6.90312
6.90406
6.90441
6.90428
6.90375
6.90292
6.90188
6.90073
6.89952
6.89835
6.89727
6.89636
6.89568
6.89529
6.89524
6.89556
6.89627
6.89744
6.8991
6.90126
6.90394
6.90714
6.91085
6.91505
6.91973
6.92482
6.93029
6.93604
6.94199
6.94802
6.95398
6.95969
6.96496
6.96954
6.97321
6.97601
6.97722
-0.191127
-0.511175
-0.586603
-0.651924
-0.729491
-0.771592
-0.745313
-0.655717
-0.511742
-0.318979
-0.0817681
0.193847
0.500798
0.831904
1.18021
1.53915
1.90265
2.26518
2.62179
2.96807
3.30016
3.61474
3.90914
4.1815
4.43092
4.6573
4.86123
5.044
5.20774
5.35486
5.48736
5.60702
5.71541
5.81445
5.90589
5.99058
6.06922
6.14247
6.21073
6.27429
6.33376
6.3897
6.44223
6.49092
6.5363
6.57921
6.61915
6.65601
6.69037
6.72204
6.75105
6.77761
6.80162
6.82302
6.84183
6.85805
6.87173
6.88298
6.89193
6.89875
6.90367
6.90694
6.90885
6.90966
6.90966
6.90908
6.90802
6.90661
6.90497
6.90319
6.90135
6.89952
6.89777
6.89616
6.89475
6.89359
6.89274
6.89223
6.89211
6.89239
6.89309
6.89428
6.89595
6.89813
6.9008
6.90395
6.90757
6.91163
6.91608
6.92086
6.9259
6.93112
6.93639
6.94159
6.94656
6.95113
6.95508
6.95822
6.9606
6.96181
-0.051417
-0.445473
-0.502889
-0.550255
-0.612424
-0.639482
-0.61353
-0.530289
-0.393765
-0.208749
0.0196396
0.285355
0.581768
0.902171
1.24003
1.58913
1.94364
2.29818
2.64787
2.98826
3.3154
3.62582
3.91665
4.18594
4.43288
4.65723
4.85935
5.04045
5.20322
5.3505
5.48381
5.60447
5.71393
5.81476
5.90861
5.99562
6.07631
6.15126
6.22094
6.28572
6.34609
6.40254
6.45529
6.50424
6.5499
6.593
6.63254
6.66869
6.7027
6.73405
6.76268
6.78906
6.81298
6.83423
6.85292
6.86899
6.88252
6.89361
6.90232
6.90877
6.91317
6.91575
6.91683
6.91673
6.91579
6.91421
6.91215
6.90978
6.90724
6.90463
6.90204
6.89954
6.89717
6.895
6.89306
6.89141
6.89009
6.88913
6.88857
6.8884
6.88865
6.88938
6.89058
6.89227
6.89443
6.89705
6.9001
6.90357
6.9074
6.91153
6.91591
6.92043
6.925
6.9295
6.93379
6.93773
6.94112
6.94379
6.9458
6.94695
0.769411
0.380066
0.151785
-0.00924876
-0.149427
-0.243751
-0.278222
-0.250494
-0.163783
-0.0227668
0.167196
0.39979
0.667941
0.964334
1.28182
1.61364
1.95355
2.29586
2.6354
2.96753
3.28805
3.5933
3.88021
4.14702
4.39319
4.61778
4.82018
5.00141
5.1662
5.31795
5.45707
5.58466
5.70223
5.81014
5.90863
5.99906
6.08252
6.15976
6.23136
6.29777
6.35946
6.41684
6.47016
6.5196
6.56553
6.6083
6.6477
6.68424
6.71875
6.75003
6.77785
6.80357
6.82688
6.84743
6.86557
6.88124
6.8945
6.90544
6.91394
6.92008
6.924
6.92594
6.92627
6.92532
6.92333
6.92056
6.91728
6.91373
6.91007
6.90644
6.90291
6.89956
6.89643
6.89356
6.89099
6.88876
6.88688
6.88539
6.88432
6.88366
6.88341
6.88361
6.88429
6.88542
6.88701
6.88904
6.89148
6.8943
6.89745
6.90089
6.90453
6.90832
6.91215
6.91591
6.91949
6.92276
6.92556
6.92775
6.92938
6.93034
0.267194
0.0777344
-0.0849853
-0.176055
-0.224083
-0.235352
-0.206213
-0.134457
-0.0211922
0.130988
0.318959
0.539056
0.787071
1.05845
1.34851
1.65255
1.96594
2.28416
2.60274
2.91722
3.22296
3.51507
3.78886
4.04505
4.28571
4.51043
4.71993
4.91563
5.09626
5.2605
5.41006
5.5467
5.67173
5.78597
5.89044
5.98638
6.07478
6.15639
6.23186
6.3017
6.36637
6.42626
6.48167
6.53287
6.58015
6.62381
6.66393
6.70085
6.73493
6.76581
6.79388
6.81993
6.8428
6.86251
6.88039
6.89602
6.90908
6.91966
6.92774
6.93348
6.93695
6.93838
6.93795
6.93592
6.93264
6.92846
6.92373
6.91872
6.91367
6.90874
6.90403
6.89961
6.89553
6.89182
6.88849
6.88556
6.88304
6.88095
6.8793
6.8781
6.87731
6.87695
6.87704
6.87759
6.87858
6.87997
6.88176
6.8839
6.88635
6.88906
6.89197
6.895
6.89808
6.90111
6.90399
6.90661
6.90883
6.91054
6.91178
6.91265
0.160673
0.118916
0.0554544
0.00903539
-0.016728
-0.0224305
-0.00226082
0.0496607
0.135997
0.25693
0.411192
0.596448
0.809486
1.04648
1.30328
1.57566
1.85943
2.15053
2.44511
2.73956
3.03118
3.3182
3.59996
3.8728
4.1313
4.37355
4.59881
4.8066
4.99635
5.16881
5.32603
5.47004
5.60249
5.72464
5.8375
5.9419
6.03847
6.12774
6.21022
6.28637
6.35665
6.42145
6.48112
6.53598
6.58634
6.63248
6.67465
6.7131
6.74813
6.7798
6.80839
6.83429
6.85719
6.87761
6.89582
6.91081
6.92314
6.93341
6.94109
6.94654
6.94962
6.9505
6.94932
6.94635
6.94194
6.93647
6.93033
6.92387
6.91739
6.9111
6.90515
6.89961
6.89454
6.88995
6.88584
6.88222
6.87906
6.87639
6.87418
6.87245
6.87115
6.87027
6.86982
6.86982
6.87024
6.87105
6.87223
6.87375
6.87555
6.87761
6.87985
6.88221
6.88462
6.887
6.88925
6.8913
6.89302
6.8943
6.89518
6.89593
0.0929244
0.0714453
0.0308956
-0.00352701
-0.0188777
-0.0112669
0.0227384
0.0860783
0.179815
0.303288
0.45479
0.631948
0.831902
1.05146
1.28722
1.53581
1.79395
2.05866
2.32732
2.59791
2.86846
3.13651
3.39988
3.65575
3.90233
4.13913
4.36575
4.5814
4.78501
4.97576
5.15322
5.31739
5.4686
5.60763
5.73555
5.85352
5.96256
6.06344
6.15672
6.24284
6.32219
6.39512
6.462
6.52317
6.57897
6.62975
6.6758
6.71743
6.75497
6.78863
6.8187
6.84549
6.86909
6.88983
6.90789
6.92321
6.93646
6.94646
6.95345
6.95857
6.96115
6.96157
6.9598
6.95609
6.95075
6.94416
6.93675
6.92893
6.92105
6.91341
6.90619
6.89951
6.89343
6.88795
6.88306
6.87874
6.87497
6.87172
6.86898
6.86674
6.86497
6.86361
6.86266
6.86215
6.86204
6.86231
6.86294
6.86388
6.86511
6.86656
6.8682
6.86995
6.87177
6.87357
6.87527
6.87681
6.87809
6.87899
6.87956
6.88021
0.0572222
0.0504084
0.0375564
0.03031
0.0373603
0.0621418
0.106807
0.173382
0.263121
0.376258
0.512198
0.669719
0.847094
1.04221
1.25274
1.47616
1.70991
1.95152
2.19853
2.44841
2.69873
2.94762
3.19345
3.43464
3.66984
3.8981
4.1188
4.33153
4.53596
4.73183
4.91891
5.09686
5.2652
5.42345
5.57125
5.70858
5.83576
5.95333
6.06193
6.16213
6.25442
6.33919
6.41678
6.48754
6.55182
6.60998
6.6624
6.70943
6.75144
6.78878
6.8218
6.85083
6.87615
6.89806
6.91684
6.93264
6.94582
6.95613
6.96427
6.96923
6.97113
6.97118
6.96889
6.96462
6.95856
6.95106
6.94256
6.93352
6.92435
6.91542
6.90698
6.89918
6.8921
6.88574
6.88009
6.8751
6.87074
6.86695
6.86372
6.861
6.85878
6.85699
6.85559
6.8546
6.85402
6.8538
6.85392
6.85434
6.85503
6.85594
6.85703
6.85824
6.85952
6.8608
6.86203
6.86312
6.864
6.86456
6.86485
6.86537
0.0298447
0.0286046
0.0272247
0.0310682
0.0457291
0.074827
0.12081
0.185629
0.270562
0.376027
0.501675
0.646561
0.809285
0.98813
1.1812
1.3864
1.6015
1.82416
2.05215
2.28341
2.51608
2.74855
2.9794
3.20744
3.43162
3.65112
3.8653
4.07367
4.27587
4.47177
4.66137
4.84464
5.02145
5.19144
5.35408
5.50874
5.65476
5.79165
5.91917
6.03736
6.14646
6.24681
6.33874
6.42258
6.49869
6.5674
6.62911
6.68423
6.73317
6.77635
6.81422
6.84719
6.87565
6.89999
6.92055
6.93763
6.95155
6.96244
6.97071
6.97615
6.9791
6.97902
6.97619
6.97147
6.96487
6.95666
6.9473
6.93724
6.92695
6.91686
6.90729
6.89845
6.89042
6.88325
6.87688
6.87128
6.86637
6.86209
6.8584
6.85525
6.85261
6.85043
6.84865
6.84723
6.8462
6.84553
6.84518
6.84513
6.84533
6.84575
6.84635
6.84707
6.84787
6.84869
6.84948
6.85017
6.85069
6.85096
6.85099
6.8514
0.003943
0.00598577
0.0119319
0.0244637
0.046887
0.0819199
0.131461
0.196862
0.279002
0.378225
0.494363
0.62682
0.774652
0.936621
1.11122
1.2968
1.49166
1.69408
1.90233
2.11479
2.32989
2.54619
2.76236
2.97721
3.18978
3.39944
3.6058
3.80851
4.00723
4.20165
4.39159
4.57703
4.75796
4.93427
5.10567
5.27169
5.43166
5.58478
5.73019
5.86715
5.99509
6.11376
6.22309
6.32322
6.41437
6.49682
6.57092
6.63706
6.69567
6.74723
6.79223
6.83119
6.86459
6.89291
6.91662
6.93613
6.95183
6.96403
6.97308
6.97914
6.98251
6.9833
6.98119
6.97623
6.96925
6.9605
6.95049
6.93965
6.92846
6.91741
6.90687
6.89712
6.88827
6.88037
6.87338
6.86723
6.86184
6.85714
6.85305
6.84952
6.84651
6.84397
6.84182
6.84003
6.8386
6.83752
6.83676
6.83627
6.83603
6.83601
6.83615
6.83643
6.8368
6.8372
6.8376
6.83793
6.83814
6.83813
6.83793
6.83822
-0.0252949
-0.0215597
-0.0117526
0.0053681
0.0315142
0.068475
0.117681
0.180208
0.256818
0.347913
0.453518
0.573312
0.706673
0.852728
1.01039
1.17844
1.35556
1.54035
1.7314
1.92732
2.12677
2.32851
2.5314
2.73442
2.93672
3.13762
3.33664
3.53351
3.72809
3.9202
4.10964
4.29616
4.47963
4.65996
4.83703
5.01059
5.18016
5.34511
5.50457
5.65757
5.80311
5.94025
6.06829
6.18675
6.29545
6.39439
6.48372
6.56375
6.63484
6.69745
6.75209
6.79934
6.83977
6.87395
6.90245
6.92583
6.94457
6.95912
6.96993
6.9773
6.98157
6.98299
6.98166
6.97791
6.97121
6.96209
6.95166
6.9403
6.92848
6.91672
6.90544
6.89497
6.88547
6.87699
6.8695
6.86292
6.85715
6.85209
6.84767
6.84382
6.84048
6.83762
6.83517
6.83306
6.83127
6.82981
6.82865
6.82777
6.82713
6.8267
6.82643
6.82631
6.82628
6.82631
6.82634
6.82635
6.82627
6.82602
6.82561
6.82579
-0.0602393
-0.0555797
-0.0436264
-0.0238626
0.00443534
0.0422785
0.0906164
0.150248
0.221777
0.305558
0.401676
0.509965
0.630039
0.761317
0.90305
1.05436
1.21425
1.3817
1.5556
1.73486
1.91844
2.10533
2.29459
2.48539
2.67696
2.8687
3.06009
3.25078
3.44053
3.62926
3.8169
4.0033
4.18821
4.37137
4.55255
4.73155
4.90811
5.08177
5.25184
5.41747
5.57761
5.73112
5.87684
6.01375
6.14104
6.25818
6.36492
6.46126
6.54737
6.6236
6.69041
6.74835
6.79805
6.84015
6.87533
6.90425
6.92751
6.94572
6.95942
6.96906
6.97508
6.97781
6.97755
6.97462
6.96918
6.96093
6.95039
6.93879
6.92662
6.91444
6.90271
6.89179
6.88187
6.87302
6.86521
6.85833
6.85229
6.84698
6.84231
6.8382
6.83459
6.83144
6.82871
6.82631
6.8242
6.8224
6.82089
6.81964
6.81863
6.81781
6.81718
6.81668
6.81629
6.81597
6.81569
6.8154
6.81506
6.81459
6.81398
6.81406
-0.102225
-0.0971363
-0.0841333
-0.0630275
-0.033845
0.00361307
0.0497838
0.105242
0.170502
0.245908
0.331637
0.427715
0.534014
0.650255
0.776019
0.910762
1.05384
1.2045
1.36196
1.52537
1.69389
1.86673
2.04311
2.22233
2.40373
2.58675
2.7709
2.95577
3.14105
3.32653
3.51209
3.69769
3.88321
4.06841
4.25295
4.43648
4.6187
4.79928
4.97775
5.15343
5.32542
5.49263
5.65382
5.80768
5.95296
6.0886
6.21379
6.32803
6.43113
6.52317
6.60442
6.67536
6.73657
6.78873
6.83258
6.86887
6.89834
6.9217
6.93962
6.95271
6.9615
6.96646
6.96798
6.96643
6.96214
6.95527
6.94597
6.93467
6.92251
6.91025
6.89842
6.88737
6.87733
6.86837
6.86044
6.85346
6.8473
6.84184
6.837
6.83269
6.82886
6.82547
6.82247
6.81982
6.81744
6.81531
6.81347
6.81188
6.81052
6.80936
6.80837
6.80753
6.80681
6.80617
6.80559
6.80503
6.80445
6.80377
6.80299
6.80296
-0.15187
-0.146729
-0.133323
-0.111325
-0.0815958
-0.0449482
-0.00134856
0.049737
0.108781
0.176081
0.25185
0.336245
0.429335
0.531085
0.641351
0.759891
0.886362
1.02032
1.16123
1.30851
1.46157
1.61982
1.78271
1.94969
2.12027
2.29395
2.47029
2.64887
2.82933
3.01136
3.1947
3.3792
3.56474
3.75119
3.93831
4.1257
4.31293
4.49957
4.68521
4.86933
5.05123
5.22997
5.40439
5.57315
5.73484
5.88804
6.03149
6.16416
6.28536
6.39474
6.49225
6.57816
6.65292
6.71718
6.77169
6.81724
6.85469
6.88485
6.90851
6.92639
6.93917
6.94742
6.95167
6.95237
6.9499
6.94464
6.93696
6.92717
6.91576
6.90387
6.89234
6.88156
6.87176
6.86299
6.85523
6.84835
6.84223
6.83675
6.83182
6.82739
6.82338
6.81977
6.81653
6.81363
6.81099
6.80858
6.80642
6.8045
6.8028
6.80131
6.79999
6.79883
6.7978
6.79687
6.79601
6.7952
6.7944
6.79353
6.79259
6.79248
-0.209323
-0.204842
-0.191653
-0.168359
-0.137828
-0.102676
-0.0629681
-0.0177916
0.033448
0.0910757
0.155429
0.226874
0.305723
0.392205
0.486465
0.588563
0.69845
0.815948
0.940739
1.07242
1.21059
1.35485
1.50481
1.66007
1.82024
1.98492
2.1537
2.32618
2.50196
2.68066
2.86194
3.04552
3.23116
3.41868
3.60791
3.79857
3.99029
4.18253
4.3748
4.56658
4.7573
4.94619
5.13222
5.31415
5.49055
5.65987
5.82058
5.97126
6.11075
6.23818
6.35311
6.45544
6.54541
6.62354
6.69051
6.74715
6.79435
6.83301
6.86402
6.88821
6.90637
6.91919
6.92731
6.93128
6.9316
6.92873
6.92312
6.91529
6.90575
6.89508
6.88438
6.87435
6.86519
6.85698
6.84967
6.84313
6.83722
6.83184
6.82692
6.82239
6.81824
6.81443
6.81095
6.80779
6.8049
6.80223
6.79975
6.7975
6.79548
6.79367
6.79204
6.79057
6.78924
6.78803
6.78691
6.78587
6.78486
6.78381
6.78271
6.78247
-0.27381
-0.272017
-0.259584
-0.232558
-0.198736
-0.163268
-0.125682
-0.0846153
-0.0396329
0.00946532
0.0631191
0.121903
0.186375
0.257052
0.334411
0.418874
0.510757
0.610197
0.717085
0.831228
0.95249
1.08076
1.21591
1.35774
1.50606
1.66057
1.82092
1.98668
2.15739
2.33258
2.51181
2.69464
2.88068
3.06959
3.26111
3.45497
3.65088
3.84841
4.04704
4.24616
4.44516
4.64336
4.83988
5.03362
5.22322
5.40716
5.5838
5.75149
5.90869
6.05413
6.18688
6.30646
6.41278
6.50614
6.58713
6.65652
6.71519
6.76409
6.80415
6.8363
6.86139
6.88023
6.89357
6.90207
6.90632
6.90687
6.90426
6.89907
6.89192
6.88351
6.87448
6.86576
6.8577
6.85044
6.8439
6.83796
6.83245
6.82729
6.82243
6.81786
6.81356
6.80955
6.80582
6.80237
6.79921
6.79625
6.79348
6.79089
6.78854
6.7864
6.78445
6.78268
6.78106
6.77958
6.77821
6.77694
6.77573
6.77452
6.7733
6.77304
-0.343221
-0.354071
-0.339242
-0.304287
-0.270436
-0.240848
-0.210695
-0.177894
-0.14259
-0.104735
-0.0637116
-0.018769
0.0308037
0.0857177
0.146724
0.214592
0.29002
0.373421
0.464614
0.563394
0.669771
0.783805
0.90551
1.03488
1.17189
1.3164
1.46816
1.62678
1.79186
1.96298
2.13964
2.32137
2.50767
2.69809
2.8922
3.08963
3.29002
3.49301
3.69821
3.90507
4.11294
4.32098
4.52825
4.73365
4.93593
5.13366
5.32522
5.50889
5.68294
5.84578
5.99611
6.13306
6.25619
6.36552
6.46143
6.54461
6.6159
6.67626
6.72668
6.76813
6.80158
6.8279
6.8479
6.86235
6.87189
6.87716
6.87876
6.87731
6.87349
6.86801
6.86174
6.85508
6.84862
6.84282
6.83753
6.83264
6.82786
6.8231
6.81842
6.81383
6.8094
6.80516
6.80116
6.79742
6.79393
6.79068
6.78759
6.78463
6.78191
6.77943
6.77715
6.77506
6.77315
6.77139
6.76976
6.76825
6.76683
6.76543
6.76404
6.76354
-0.395965
-0.474401
-0.433112
-0.357596
-0.308683
-0.277841
-0.249754
-0.221537
-0.194356
-0.168014
-0.141278
-0.112919
-0.0818798
-0.0471111
-0.00747121
0.0382738
0.0913929
0.152878
0.222246
0.299593
0.385544
0.480586
0.585019
0.699115
0.823116
0.957017
1.10038
1.2526
1.41306
1.58112
1.7561
1.93734
2.12422
2.31616
2.51264
2.71316
2.91729
3.12463
3.33485
3.54762
3.7625
3.9788
4.19554
4.41152
4.62546
4.83591
5.04125
5.23964
5.42914
5.60782
5.77402
5.92648
6.06456
6.18819
6.29787
6.39442
6.47884
6.55213
6.61523
6.66899
6.7142
6.75158
6.78183
6.80563
6.82363
6.83647
6.8448
6.84931
6.85074
6.84984
6.8474
6.84397
6.84016
6.836
6.83225
6.82874
6.82475
6.82032
6.81568
6.81094
6.80622
6.80162
6.79724
6.7931
6.78923
6.78562
6.78219
6.77894
6.77598
6.7733
6.77084
6.76859
6.76654
6.76466
6.76294
6.76136
6.7599
6.75848
6.75713
6.7567
-0.432397
-0.862346
-0.797785
-0.66969
-0.612832
-0.589608
-0.567953
-0.545811
-0.527383
-0.513269
-0.502058
-0.49235
-0.482918
-0.472282
-0.458369
-0.438161
-0.406788
-0.365719
-0.320299
-0.27127
-0.217239
-0.157151
-0.0901973
-0.0152641
0.0694195
0.16571
0.274301
0.395761
0.530463
0.678342
0.838862
1.01124
1.19465
1.38834
1.59158
1.80359
2.02355
2.25058
2.48364
2.7216
2.96324
3.20733
3.45265
3.69803
3.94225
4.18408
4.42224
4.65542
4.88231
5.10162
5.31207
5.51238
5.70125
5.87734
6.03939
6.1863
6.31735
6.43222
6.53113
6.61473
6.68405
6.74036
6.78506
6.81961
6.84543
6.86384
6.87608
6.88326
6.88638
6.88631
6.88378
6.87934
6.87346
6.86667
6.85911
6.85024
6.8402
6.83042
6.82157
6.81347
6.80587
6.79885
6.79241
6.78654
6.78121
6.77641
6.77211
6.7682
6.76456
6.76116
6.75812
6.75547
6.75309
6.75096
6.74905
6.74732
6.74575
6.74429
6.7429
6.74181
-0.223372
-0.447244
-0.424175
-0.371154
-0.351099
-0.344749
-0.337445
-0.328741
-0.320897
-0.314615
-0.309857
-0.306755
-0.305745
-0.307539
-0.313208
-0.3244
-0.344218
-0.368698
-0.387566
-0.396773
-0.396745
-0.387804
-0.368704
-0.336283
-0.288167
-0.228946
-0.164031
-0.0933522
-0.0148578
0.0744588
0.176636
0.293032
0.424753
0.57238
0.735899
0.914899
1.10875
1.3167
1.53784
1.7712
2.01565
2.27
2.53294
2.80305
3.07881
3.35858
3.64061
3.92298
4.2036
4.48016
4.75019
5.01105
5.26011
5.49483
5.71292
5.91252
6.0923
6.25151
6.39004
6.50835
6.60744
6.68869
6.75374
6.80441
6.84254
6.86992
6.88826
6.89915
6.90401
6.90416
6.90072
6.89467
6.88681
6.87775
6.86791
6.85753
6.84703
6.83661
6.82599
6.81483
6.80388
6.79402
6.78501
6.77674
6.76918
6.76234
6.75618
6.75067
6.74579
6.74144
6.73742
6.73361
6.73015
6.72712
6.72442
6.722
6.71985
6.71792
6.71617
6.71473
-0.233613
-0.475793
-0.470874
-0.42996
-0.417118
-0.415768
-0.412418
-0.406675
-0.400725
-0.395275
-0.39018
-0.38525
-0.380349
-0.375322
-0.369958
-0.364
-0.357151
-0.34896
-0.339724
-0.330452
-0.322371
-0.316791
-0.315316
-0.320521
-0.333382
-0.346813
-0.350704
-0.340544
-0.313353
-0.270065
-0.215771
-0.152897
-0.0797585
0.00614769
0.107012
0.224512
0.359738
0.513181
0.684842
0.874352
1.08105
1.30401
1.54208
1.79383
2.05766
2.33176
2.61414
2.90264
3.195
3.48877
3.78146
4.07047
4.35319
4.62702
4.88949
5.13829
5.37139
5.58708
5.78409
5.96164
6.11944
6.2577
6.3771
6.47867
6.56375
6.63383
6.69049
6.73531
6.76983
6.79548
6.8136
6.82543
6.83204
6.83441
6.83339
6.82971
6.82402
6.81684
6.80862
6.79982
6.79088
6.78155
6.77198
6.76298
6.75472
6.74709
6.74009
6.7337
6.72794
6.72275
6.71815
6.7141
6.71042
6.70692
6.70377
6.70108
6.69875
6.69673
6.69497
6.69362
-0.197273
-0.397687
-0.389123
-0.352748
-0.342481
-0.343251
-0.342803
-0.340489
-0.338084
-0.336139
-0.334518
-0.333113
-0.331928
-0.330985
-0.330285
-0.329797
-0.329438
-0.329022
-0.32823
-0.326676
-0.32404
-0.320142
-0.314911
-0.308337
-0.300364
-0.291181
-0.282294
-0.276098
-0.276038
-0.281176
-0.283576
-0.274213
-0.249305
-0.210164
-0.158289
-0.0933132
-0.0134846
0.0832614
0.198653
0.333863
0.489494
0.665623
0.861869
1.07743
1.31112
1.56141
1.82645
2.10413
2.39213
2.68794
2.98891
3.29229
3.59525
3.89494
4.18848
4.47309
4.74609
5.00501
5.24768
5.47229
5.67753
5.86259
6.02723
6.17172
6.29681
6.40359
6.49343
6.56785
6.62844
6.67679
6.71445
6.74287
6.76342
6.77734
6.78577
6.78972
6.79008
6.78763
6.78305
6.77691
6.76971
6.76184
6.75378
6.74554
6.73715
6.72916
6.72176
6.71491
6.70862
6.70289
6.69771
6.69306
6.68895
6.68539
6.68221
6.67921
6.67656
6.67437
6.67253
6.67109
-0.187883
-0.380286
-0.375619
-0.344756
-0.338598
-0.342743
-0.345477
-0.34615
-0.34643
-0.346805
-0.347106
-0.347178
-0.346968
-0.34644
-0.345541
-0.344219
-0.342426
-0.340129
-0.337323
-0.334041
-0.330359
-0.326378
-0.322197
-0.31789
-0.313454
-0.308762
-0.303559
-0.297566
-0.290531
-0.281995
-0.272563
-0.264987
-0.260146
-0.254272
-0.241749
-0.217769
-0.18004
-0.127717
-0.0594796
0.0267657
0.133142
0.261244
0.412001
0.58569
0.781981
0.999975
1.23826
1.49499
1.76792
2.05451
2.352
2.65741
2.96768
3.27965
3.59013
3.89596
4.19405
4.48144
4.75539
5.01347
5.25365
5.47437
5.67465
5.85405
6.01272
6.1513
6.27081
6.37256
6.45803
6.52879
6.58641
6.63247
6.66843
6.69569
6.71555
6.7292
6.7377
6.74201
6.74299
6.74137
6.73779
6.7328
6.72685
6.72032
6.7136
6.70672
6.69981
6.69332
6.68726
6.68166
6.67653
6.6719
6.66775
6.6641
6.66092
6.65826
6.65594
6.65383
6.65205
6.65071
-0.169743
-0.34272
-0.33792
-0.310237
-0.305482
-0.310434
-0.314436
-0.316868
-0.319179
-0.321731
-0.324298
-0.32669
-0.32883
-0.330666
-0.332147
-0.333222
-0.333846
-0.333974
-0.333564
-0.33258
-0.33099
-0.328778
-0.325942
-0.322502
-0.318496
-0.313984
-0.309055
-0.303795
-0.298274
-0.292511
-0.286428
-0.279744
-0.271726
-0.261981
-0.251193
-0.239825
-0.225717
-0.204357
-0.171227
-0.123008
-0.0569512
0.029621
0.13905
0.272975
0.432202
0.616712
0.82572
1.05776
1.31082
1.5824
1.86967
2.16956
2.4788
2.79402
3.1118
3.4287
3.74135
4.04646
4.34091
4.62183
4.88666
5.1333
5.36015
5.56623
5.75114
5.91509
6.05875
6.18317
6.28969
6.37978
6.45498
6.51686
6.56696
6.60674
6.63759
6.6608
6.67755
6.68892
6.69589
6.6993
6.69993
6.69842
6.69532
6.6911
6.68613
6.68075
6.67528
6.66972
6.66423
6.65916
6.65446
6.65015
6.64626
6.6428
6.63979
6.63724
6.63516
6.63352
6.63211
6.63086
-0.153714
-0.310919
-0.30821
-0.285792
-0.284847
-0.293035
-0.300547
-0.306752
-0.312848
-0.319046
-0.325073
-0.330723
-0.335896
-0.340516
-0.344507
-0.347807
-0.350363
-0.352142
-0.353123
-0.353306
-0.352699
-0.351327
-0.349216
-0.346399
-0.342876
-0.338619
-0.33376
-0.328506
-0.322912
-0.316978
-0.310728
-0.304238
-0.29753
-0.290388
-0.282148
-0.271965
-0.259373
-0.24407
-0.224363
-0.196525
-0.155855
-0.0977648
-0.0182599
0.0857926
0.216468
0.374713
0.560381
0.77237
1.00881
1.26723
1.54474
1.83813
2.14399
2.45877
2.77889
3.10073
3.42075
3.73546
4.04153
4.33581
4.61548
4.87807
5.12163
5.34479
5.54684
5.72767
5.88772
6.02786
6.14927
6.25331
6.34147
6.41528
6.47626
6.52588
6.56557
6.59664
6.62034
6.63781
6.65007
6.65806
6.66259
6.6644
6.66411
6.66224
6.65924
6.65546
6.65122
6.64674
6.6423
6.63791
6.63371
6.62991
6.62647
6.6234
6.62073
6.61847
6.61666
6.61532
6.6144
6.61365
-0.130148
-0.265321
-0.265825
-0.250992
-0.255288
-0.267298
-0.278624
-0.288958
-0.29928
-0.309632
-0.319687
-0.329196
-0.338
-0.345974
-0.353014
-0.359047
-0.36402
-0.367905
-0.370691
-0.372378
-0.372968
-0.372467
-0.37084
-0.36826
-0.365106
-0.361574
-0.357531
-0.352855
-0.347613
-0.341909
-0.33581
-0.329349
-0.322536
-0.315328
-0.307578
-0.298936
-0.28876
-0.276194
-0.260231
-0.23917
-0.209709
-0.166785
-0.104544
-0.017862
0.0966785
0.241086
0.415156
0.617612
0.846414
1.09891
1.37201
1.66234
1.96653
2.28088
2.60167
2.92522
3.24792
3.56623
3.87679
4.17638
4.46208
4.73133
4.98206
5.21279
5.42268
5.61152
5.77965
5.92783
6.05713
6.16882
6.26433
6.34511
6.41265
6.46837
6.51366
6.54985
6.57817
6.59977
6.6157
6.6269
6.63423
6.63845
6.64021
6.64008
6.63853
6.63597
6.63272
6.62904
6.62516
6.62126
6.61756
6.61406
6.61079
6.60789
6.60542
6.6034
6.60184
6.60073
6.60004
6.59954
-0.0988273
-0.211287
-0.218826
-0.215666
-0.22797
-0.245973
-0.263543
-0.280371
-0.296778
-0.312545
-0.327355
-0.341004
-0.353364
-0.364354
-0.373919
-0.382032
-0.388683
-0.393872
-0.397597
-0.399842
-0.400566
-0.40024
-0.399476
-0.398162
-0.395946
-0.392764
-0.388742
-0.383982
-0.378574
-0.372599
-0.366134
-0.35924
-0.351962
-0.344311
-0.336248
-0.327619
-0.318005
-0.306744
-0.292639
-0.27355
-0.245837
-0.204116
-0.141997
-0.0538737
0.0635693
0.211611
0.389825
0.596592
0.829534
1.08573
1.36189
1.65456
1.96017
2.27502
2.59548
2.91796
3.23895
3.55503
3.86295
4.15965
4.44234
4.70866
4.95671
5.18518
5.3934
5.58125
5.74912
5.89777
6.0279
6.14074
6.23765
6.32004
6.38931
6.44683
6.49392
6.53185
6.56183
6.58496
6.60228
6.61472
6.62313
6.62827
6.63079
6.63127
6.6302
6.62799
6.625
6.62149
6.61771
6.61384
6.61001
6.60633
6.60296
6.59997
6.59739
6.59526
6.59356
6.59234
6.59159
6.59102
-0.059105
-0.145225
-0.16699
-0.181873
-0.204492
-0.229278
-0.253027
-0.275426
-0.296511
-0.316151
-0.334205
-0.35057
-0.365178
-0.378002
-0.389033
-0.398266
-0.40568
-0.411224
-0.414873
-0.417325
-0.419385
-0.42066
-0.420621
-0.419325
-0.416938
-0.413595
-0.409412
-0.4045
-0.398962
-0.392887
-0.386344
-0.379365
-0.371919
-0.363863
-0.354922
-0.34481
-0.332865
-0.318078
-0.299379
-0.274837
-0.240312
-0.189214
-0.11447
-0.0109402
0.123741
0.288869
0.482855
0.703571
0.948361
1.21419
1.49783
1.79601
2.10503
2.42123
2.7411
3.06119
3.37811
3.6886
3.98956
4.27814
4.5518
4.80847
5.04661
5.26525
5.46399
5.64291
5.8025
5.94385
6.0679
6.17558
6.26821
6.34716
6.41374
6.46906
6.51426
6.55056
6.57911
6.60099
6.61719
6.62861
6.63606
6.64029
6.64194
6.64156
6.63965
6.63661
6.6328
6.62849
6.62393
6.6193
6.61476
6.61042
6.60638
6.60271
6.59947
6.5967
6.59444
6.59276
6.5916
6.59065
-0.0236135
-0.0746592
-0.115411
-0.148668
-0.180274
-0.210415
-0.238587
-0.264696
-0.288763
-0.310791
-0.330815
-0.348869
-0.364897
-0.378837
-0.39064
-0.400235
-0.407587
-0.413433
-0.418738
-0.423091
-0.425815
-0.426985
-0.426774
-0.425321
-0.42273
-0.419085
-0.414444
-0.40884
-0.402273
-0.394694
-0.386001
-0.376015
-0.364478
-0.351053
-0.335341
-0.316918
-0.295282
-0.269322
-0.236738
-0.193638
-0.134824
-0.0547981
0.0508953
0.18477
0.347349
0.537357
0.752871
0.991507
1.2505
1.52684
1.81736
2.11886
2.42789
2.7411
3.05522
3.36702
3.67338
3.97133
4.25807
4.53111
4.78833
5.02807
5.24921
5.45114
5.63376
5.79739
5.94259
6.07028
6.18184
6.27837
6.36107
6.43114
6.48997
6.53878
6.57853
6.61013
6.6344
6.65235
6.66495
6.67307
6.67748
6.67889
6.6779
6.67506
6.67083
6.66561
6.65974
6.65349
6.6471
6.64075
6.63459
6.62875
6.62332
6.61837
6.61395
6.61012
6.6069
6.60433
6.60236
6.60067
-0.0221973
-0.0594576
-0.0951033
-0.12882
-0.160727
-0.190942
-0.219454
-0.246186
-0.271028
-0.293849
-0.314504
-0.332878
-0.348865
-0.362245
-0.37289
-0.381792
-0.390121
-0.397399
-0.402763
-0.406113
-0.40759
-0.407302
-0.405313
-0.401664
-0.396374
-0.389445
-0.380857
-0.370568
-0.358508
-0.344578
-0.328629
-0.310441
-0.289662
-0.265714
-0.237662
-0.204085
-0.16303
-0.112037
-0.0482483
0.0314577
0.130245
0.250902
0.395343
0.564291
0.757299
0.972949
1.2093
1.46403
1.73449
2.01786
2.31117
2.61138
2.91536
3.22002
3.52237
3.81948
4.10857
4.38706
4.65261
4.90322
5.13729
5.35368
5.55174
5.73126
5.89244
6.0358
6.1621
6.27228
6.36749
6.44887
6.51757
6.57473
6.6215
6.65919
6.68907
6.71234
6.72951
6.74095
6.74755
6.75015
6.74947
6.74616
6.7408
6.7339
6.72587
6.71711
6.70792
6.69857
6.68927
6.68021
6.67153
6.66333
6.65572
6.64875
6.64248
6.63694
6.63218
6.62822
6.625
6.62218
-0.0276408
-0.0618043
-0.0892079
-0.117149
-0.144661
-0.170983
-0.195795
-0.218818
-0.23976
-0.258296
-0.274065
-0.287152
-0.298822
-0.310135
-0.321006
-0.330394
-0.337305
-0.34172
-0.343792
-0.343614
-0.341248
-0.336731
-0.330074
-0.321265
-0.310254
-0.296949
-0.281194
-0.262754
-0.241293
-0.216347
-0.187297
-0.153354
-0.113546
-0.0667168
-0.0115352
0.0535031
0.130064
0.219942
0.324985
0.446975
0.587467
0.74758
0.927808
1.12792
1.34698
1.5835
1.83556
2.10093
2.37716
2.66161
2.95154
3.24414
3.53661
3.82616
4.11015
4.38604
4.65147
4.90436
5.14289
5.36563
5.57153
5.75996
5.93071
6.0839
6.21999
6.33965
6.44374
6.53325
6.60925
6.67285
6.72515
6.76726
6.80023
6.8251
6.84286
6.85492
6.8622
6.86488
6.86342
6.85857
6.85101
6.84134
6.83007
6.81767
6.80452
6.79098
6.77733
6.76381
6.75062
6.73793
6.72586
6.71453
6.704
6.69434
6.6856
6.6778
6.67097
6.66513
6.66022
6.65587
-0.0246291
-0.0453804
-0.0613842
-0.0782125
-0.0950282
-0.111793
-0.128592
-0.145209
-0.161457
-0.177256
-0.19261
-0.207104
-0.219394
-0.228712
-0.23532
-0.239347
-0.240794
-0.239626
-0.235783
-0.229181
-0.219707
-0.207223
-0.191553
-0.172477
-0.149721
-0.122957
-0.0917874
-0.0557423
-0.0142722
0.033258
0.0875773
0.149511
0.219981
0.3
0.390655
0.493074
0.608394
0.737697
0.881955
1.04194
1.21815
1.41068
1.61923
1.84298
2.08073
2.33087
2.5915
2.8605
3.13556
3.41426
3.69409
3.97256
4.24719
4.51558
4.7755
5.02487
5.26185
5.48488
5.6927
5.88442
6.05948
6.2177
6.3592
6.48437
6.59381
6.68832
6.76878
6.83621
6.89162
6.93606
6.9706
6.99625
7.01401
7.0248
7.02955
7.02958
7.02576
7.0182
7.00726
6.99363
6.97794
6.96072
6.94242
6.92346
6.90419
6.88493
6.86593
6.8474
6.82954
6.81248
6.79635
6.78123
6.7672
6.75429
6.74256
6.73201
6.72267
6.71456
6.70758
6.70137
-0.0158775
-0.0271918
-0.0384761
-0.0507836
-0.0634996
-0.0758605
-0.0872819
-0.0974852
-0.106218
-0.113289
-0.11857
-0.121954
-0.123255
-0.122232
-0.118658
-0.1123
-0.102927
-0.0903171
-0.0742475
-0.0544889
-0.0307944
-0.00289444
0.0295126
0.0667636
0.109239
0.157363
0.211613
0.272515
0.340649
0.416643
0.501169
0.594932
0.698659
0.813078
0.938899
1.07678
1.22729
1.39088
1.56783
1.75819
1.96177
2.17805
2.40624
2.64521
2.89354
3.14959
3.41149
3.67721
3.94464
4.21156
4.47578
4.73512
4.98748
5.2309
5.46358
5.68394
5.89063
6.08261
6.25911
6.41968
6.56417
6.69269
6.80559
6.90344
6.98694
7.05692
7.11428
7.16001
7.19509
7.22051
7.23728
7.24634
7.24861
7.24496
7.23657
7.22462
7.20944
7.19103
7.17
7.14701
7.1226
7.09723
7.07132
7.04524
7.01931
6.9938
6.96895
6.94495
6.92196
6.90011
6.8795
6.86021
6.8423
6.82581
6.81075
6.79715
6.78501
6.77433
6.76504
6.75672
-0.00533857
-0.00814593
-0.010913
-0.0136232
-0.0159875
-0.0177426
-0.0186078
-0.018303
-0.0165431
-0.0130383
-0.00748712
0.000418924
0.010983
0.0244893
0.0412103
0.0614153
0.085379
0.113384
0.145724
0.182708
0.224663
0.271936
0.324897
0.383939
0.449478
0.521956
0.601836
0.689599
0.785739
0.890757
1.00515
1.1294
1.26395
1.4092
1.56548
1.73301
1.9119
2.1021
2.3034
2.51539
2.73742
2.96864
3.20797
3.45412
3.70559
3.96073
4.21777
4.47482
4.72996
4.98125
5.22681
5.46478
5.69348
5.91133
6.11697
6.30924
6.48725
6.65033
6.7981
6.93042
7.04739
7.14932
7.23669
7.31014
7.37043
7.41839
7.45492
7.48097
7.49748
7.50542
7.50571
7.49921
7.48682
7.46999
7.44999
7.42674
7.40032
7.37136
7.34052
7.30836
7.27535
7.24192
7.20846
7.17528
7.14268
7.11091
7.08017
7.05064
7.02245
6.99574
6.97057
6.94702
6.92513
6.90494
6.88645
6.86968
6.85461
6.84126
6.82953
6.81899
0.00428404
0.0115013
0.0187576
0.0264048
0.0347184
0.0439974
0.0545429
0.0666508
0.0806152
0.0967282
0.115286
0.136591
0.160951
0.188682
0.220106
0.255547
0.295339
0.33982
0.389339
0.44425
0.50492
0.571722
0.645039
0.725261
0.812785
0.908005
1.01132
1.12311
1.24374
1.37355
1.51285
1.6619
1.82087
1.98988
2.16895
2.35797
2.55671
2.7648
2.98171
3.20673
3.439
3.67746
3.92092
4.16802
4.41727
4.66708
4.91581
5.16174
5.40316
5.6384
5.86583
6.08395
6.29138
6.48689
6.66945
6.83824
6.99264
7.13229
7.25701
7.36684
7.46202
7.54295
7.61017
7.66434
7.70623
7.73665
7.75648
7.76663
7.76802
7.76154
7.748
7.72838
7.70498
7.67867
7.64853
7.61504
7.57896
7.541
7.50169
7.46156
7.42104
7.38053
7.34038
7.3009
7.26236
7.22497
7.18894
7.15441
7.12152
7.09036
7.06102
7.03355
7.00798
6.98434
6.96264
6.94288
6.92504
6.90911
6.89502
6.88233
0.0133995
0.0307936
0.0476137
0.0652223
0.0837073
0.103334
0.124419
0.147279
0.172236
0.199612
0.229738
0.262944
0.299567
0.339949
0.384434
0.433371
0.487114
0.546021
0.610455
0.680778
0.757358
0.84056
0.930747
1.02828
1.13349
1.24673
1.36829
1.49846
1.63748
1.78555
1.9428
2.10931
2.28508
2.47001
2.6639
2.86643
3.07717
3.29555
3.52086
3.75226
3.98877
4.22927
4.47253
4.7172
4.96186
5.20501
5.44514
5.6807
5.91017
6.13209
6.34507
6.54784
6.73926
6.91832
7.08423
7.23636
7.37426
7.4977
7.60661
7.70112
7.78151
7.84819
7.90171
7.94272
7.97195
7.9902
7.99832
7.99717
7.98758
7.97039
7.94703
7.9203
7.89033
7.85584
7.81757
7.77642
7.73312
7.68826
7.64239
7.59599
7.54949
7.5033
7.45773
7.41309
7.36963
7.32756
7.28708
7.24832
7.21141
7.17644
7.14349
7.11261
7.08382
7.05716
7.03262
7.01019
6.98986
6.97162
6.95537
6.94077
0.0204351
0.0446029
0.0673046
0.091399
0.116713
0.143419
0.171825
0.20224
0.234977
0.270355
0.308701
0.350346
0.395628
0.444891
0.498483
0.556757
0.620067
0.68877
0.763224
0.843782
0.930796
1.02461
1.12555
1.23395
1.35009
1.47425
1.60667
1.74755
1.89705
2.05526
2.22223
2.3979
2.58217
2.77483
2.97555
3.18392
3.39941
3.62136
3.84902
4.08148
4.31775
4.55672
4.79719
5.03788
5.27743
5.51446
5.74755
5.97532
6.19637
6.40941
6.61318
6.80656
6.98855
7.15827
7.31503
7.45827
7.58763
7.7029
7.80404
7.89116
7.96454
8.02456
8.07172
8.10662
8.12995
8.14245
8.14492
8.13808
8.12276
8.10086
8.07532
8.04596
8.01143
7.97245
7.92997
7.88479
7.83757
7.78889
7.73931
7.68931
7.63933
7.58976
7.54093
7.49313
7.44662
7.40162
7.3583
7.31682
7.27729
7.23982
7.20448
7.17131
7.14034
7.11161
7.0851
7.06081
7.03871
7.01879
7.00098
6.98501
0.0249279
0.0528277
0.0785726
0.106091
0.13501
0.165442
0.19769
0.232066
0.268884
0.308462
0.35113
0.397224
0.447085
0.501062
0.559506
0.622772
0.691219
0.765204
0.845084
0.931212
1.02393
1.12358
1.23048
1.34492
1.4672
1.59755
1.73619
1.88328
2.03894
2.20324
2.37615
2.55759
2.74739
2.94528
3.15091
3.3638
3.58337
3.80893
4.03968
4.2747
4.51297
4.75337
4.9947
5.23568
5.47498
5.71124
5.94307
6.16912
6.38805
6.59858
6.79953
6.98982
7.16847
7.33465
7.48771
7.62711
7.75252
7.86373
7.96072
8.04362
8.11266
8.16826
8.21088
8.24114
8.25971
8.26733
8.26475
8.25259
8.23196
8.20711
8.17899
8.14511
8.10594
8.06258
8.01589
7.96662
7.91542
7.86292
7.80965
7.75612
7.70276
7.64995
7.59804
7.54733
7.49805
7.45042
7.40463
7.36082
7.3191
7.27957
7.2423
7.20732
7.17467
7.14436
7.11638
7.09072
7.06734
7.04621
7.02727
7.01039
7.18782
7.18672
7.18653
7.18653
7.18645
7.18635
7.18626
7.18616
7.18607
7.18598
7.18589
7.18579
7.1857
7.18561
7.18552
7.18542
7.18533
7.18523
7.18514
7.18505
7.18495
7.18485
7.18476
7.18466
7.18456
7.18446
7.18437
7.18427
7.18417
7.18406
7.18396
7.18386
7.18376
7.18365
7.18354
7.18344
7.18333
7.18322
7.18311
7.183
7.18289
7.18278
7.18267
7.18255
7.18244
7.18232
7.18221
7.18209
7.18197
7.18185
7.18173
7.18161
7.18149
7.18137
7.18124
7.18112
7.18099
7.18087
7.18074
7.18062
7.18049
7.18036
7.18023
7.18011
7.17998
7.17985
7.17972
7.17959
7.17946
7.17933
7.1792
7.17907
7.17895
7.17882
7.17869
7.17856
7.17844
7.17831
7.17819
7.17806
7.17794
7.17782
7.1777
7.17758
7.17746
7.17735
7.17723
7.17712
7.17701
7.1769
7.1768
7.17669
7.1766
7.1765
7.17641
7.17632
7.17623
7.17616
7.17608
7.17599
7.1766
7.17552
7.17513
7.17493
7.17471
7.17447
7.17423
7.17398
7.17374
7.1735
7.17326
7.17302
7.17278
7.17254
7.1723
7.17206
7.17181
7.17157
7.17133
7.17108
7.17083
7.17058
7.17033
7.17008
7.16982
7.16957
7.16931
7.16905
7.16878
7.16851
7.16824
7.16797
7.1677
7.16742
7.16713
7.16685
7.16656
7.16627
7.16597
7.16567
7.16537
7.16506
7.16475
7.16444
7.16412
7.1638
7.16348
7.16315
7.16282
7.16248
7.16214
7.1618
7.16146
7.16111
7.16076
7.1604
7.16005
7.15969
7.15932
7.15895
7.15859
7.15821
7.15784
7.15746
7.15708
7.1567
7.15631
7.15593
7.15554
7.15515
7.15476
7.15436
7.15397
7.15357
7.15317
7.15277
7.15237
7.15197
7.15157
7.15116
7.15076
7.15035
7.14994
7.14954
7.14913
7.14872
7.14832
7.14791
7.1475
7.14709
7.14668
7.14628
7.14587
7.14546
7.14506
7.14466
7.14427
7.14387
7.14342
7.14301
7.15575
7.1545
7.15388
7.15346
7.15302
7.15257
7.15211
7.15167
7.15122
7.15078
7.15034
7.1499
7.14946
7.14902
7.14859
7.14815
7.14772
7.14728
7.14685
7.14641
7.14597
7.14553
7.14509
7.14465
7.14421
7.14376
7.14331
7.14286
7.1424
7.14195
7.14149
7.14102
7.14055
7.14008
7.13961
7.13913
7.13865
7.13816
7.13767
7.13718
7.13668
7.13618
7.13568
7.13517
7.13466
7.13414
7.13362
7.1331
7.13257
7.13204
7.13151
7.13097
7.13043
7.12988
7.12933
7.12878
7.12822
7.12767
7.1271
7.12654
7.12597
7.1254
7.12483
7.12425
7.12367
7.12309
7.1225
7.12192
7.12133
7.12073
7.12014
7.11954
7.11894
7.11834
7.11773
7.11713
7.11652
7.11591
7.11529
7.11468
7.11406
7.11344
7.11282
7.1122
7.11157
7.11095
7.11032
7.10969
7.10905
7.10842
7.10778
7.10715
7.10651
7.10587
7.10524
7.1046
7.10398
7.10334
7.10261
7.10197
7.13554
7.13423
7.13351
7.13296
7.13241
7.13185
7.13128
7.13073
7.13017
7.12962
7.12907
7.12852
7.12798
7.12744
7.12689
7.12635
7.12581
7.12527
7.12473
7.12418
7.12364
7.12309
7.12254
7.12199
7.12144
7.12089
7.12033
7.11976
7.1192
7.11863
7.11806
7.11748
7.1169
7.11631
7.11572
7.11513
7.11453
7.11393
7.11332
7.11271
7.11209
7.11146
7.11084
7.1102
7.10956
7.10892
7.10827
7.10762
7.10696
7.1063
7.10563
7.10496
7.10428
7.1036
7.10291
7.10222
7.10152
7.10082
7.10012
7.09941
7.09869
7.09797
7.09725
7.09652
7.09579
7.09505
7.09431
7.09357
7.09282
7.09207
7.09131
7.09055
7.08978
7.08902
7.08824
7.08747
7.08669
7.0859
7.08512
7.08433
7.08353
7.08273
7.08193
7.08113
7.08032
7.07951
7.07869
7.07787
7.07705
7.07623
7.0754
7.07458
7.07375
7.07292
7.07208
7.07126
7.07045
7.06961
7.06867
7.06784
7.11551
7.11418
7.11332
7.11263
7.11194
7.11124
7.11055
7.10986
7.10917
7.10849
7.10782
7.10714
7.10647
7.1058
7.10513
7.10446
7.10379
7.10313
7.10246
7.10179
7.10112
7.10044
7.09977
7.09909
7.09841
7.09773
7.09704
7.09635
7.09566
7.09496
7.09426
7.09355
7.09284
7.09212
7.0914
7.09067
7.08994
7.0892
7.08846
7.08771
7.08696
7.0862
7.08543
7.08466
7.08389
7.08311
7.08232
7.08153
7.08073
7.07992
7.07912
7.0783
7.07748
7.07666
7.07582
7.07499
7.07415
7.0733
7.07245
7.07159
7.07073
7.06986
7.06899
7.06811
7.06723
7.06634
7.06545
7.06456
7.06365
7.06275
7.06184
7.06092
7.06
7.05908
7.05815
7.05722
7.05628
7.05533
7.05439
7.05344
7.05248
7.05152
7.05056
7.04959
7.04862
7.04764
7.04666
7.04568
7.04469
7.0437
7.0427
7.0417
7.0407
7.0397
7.0387
7.03771
7.03673
7.03571
7.03459
7.03357
7.0959
7.09458
7.09363
7.09283
7.09204
7.09124
7.09045
7.08966
7.08888
7.08811
7.08733
7.08656
7.0858
7.08503
7.08427
7.0835
7.08274
7.08198
7.08122
7.08045
7.07969
7.07892
7.07815
7.07738
7.0766
7.07582
7.07504
7.07426
7.07346
7.07267
7.07187
7.07106
7.07025
7.06944
7.06862
7.06779
7.06696
7.06612
7.06528
7.06443
7.06357
7.06271
7.06184
7.06097
7.06009
7.05921
7.05831
7.05742
7.05651
7.0556
7.05469
7.05376
7.05284
7.0519
7.05096
7.05002
7.04907
7.04811
7.04715
7.04618
7.0452
7.04422
7.04324
7.04225
7.04125
7.04025
7.03924
7.03823
7.03721
7.03619
7.03516
7.03413
7.03309
7.03204
7.031
7.02994
7.02888
7.02782
7.02675
7.02567
7.0246
7.02351
7.02242
7.02133
7.02023
7.01913
7.01802
7.01691
7.01579
7.01467
7.01354
7.01242
7.01128
7.01015
7.00902
7.00789
7.00678
7.00564
7.00437
7.00322
7.07678
7.07548
7.07444
7.07353
7.07264
7.07175
7.07086
7.06998
7.0691
7.06823
7.06736
7.0665
7.06564
7.06478
7.06393
7.06307
7.06222
7.06136
7.06051
7.05965
7.05879
7.05793
7.05707
7.05621
7.05534
7.05447
7.05359
7.05271
7.05183
7.05094
7.05004
7.04914
7.04824
7.04733
7.04642
7.04549
7.04457
7.04363
7.0427
7.04175
7.0408
7.03984
7.03888
7.03791
7.03693
7.03595
7.03496
7.03397
7.03297
7.03196
7.03095
7.02993
7.0289
7.02787
7.02683
7.02579
7.02474
7.02368
7.02262
7.02155
7.02048
7.0194
7.01831
7.01722
7.01613
7.01502
7.01392
7.0128
7.01169
7.01056
7.00943
7.0083
7.00716
7.00601
7.00486
7.00371
7.00254
7.00138
7.00021
6.99903
6.99785
6.99666
6.99547
6.99427
6.99306
6.99186
6.99064
6.98943
6.9882
6.98698
6.98575
6.98451
6.98327
6.98203
6.98079
6.97956
6.97835
6.9771
6.97572
6.97445
7.05822
7.05694
7.05583
7.05484
7.05387
7.0529
7.05194
7.05098
7.05003
7.04909
7.04815
7.04721
7.04628
7.04534
7.04441
7.04349
7.04256
7.04163
7.0407
7.03977
7.03884
7.03791
7.03697
7.03603
7.03509
7.03414
7.03319
7.03224
7.03128
7.03032
7.02935
7.02838
7.0274
7.02641
7.02542
7.02443
7.02343
7.02242
7.0214
7.02038
7.01936
7.01833
7.01729
7.01624
7.01519
7.01413
7.01307
7.012
7.01092
7.00984
7.00875
7.00765
7.00655
7.00544
7.00433
7.00321
7.00208
7.00095
6.99981
6.99867
6.99752
6.99636
6.9952
6.99404
6.99286
6.99169
6.9905
6.98931
6.98812
6.98692
6.98572
6.98451
6.98329
6.98207
6.98084
6.97961
6.97837
6.97713
6.97589
6.97463
6.97337
6.97211
6.97084
6.96957
6.96829
6.96701
6.96572
6.96442
6.96313
6.96182
6.96052
6.95921
6.95789
6.95658
6.95526
6.95395
6.95267
6.95135
6.9499
6.94855
7.04022
7.03897
7.03779
7.03672
7.03568
7.03464
7.03361
7.03259
7.03157
7.03056
7.02955
7.02854
7.02754
7.02654
7.02555
7.02455
7.02356
7.02256
7.02156
7.02057
7.01957
7.01857
7.01757
7.01656
7.01555
7.01454
7.01352
7.0125
7.01148
7.01045
7.00941
7.00837
7.00733
7.00628
7.00522
7.00416
7.00309
7.00202
7.00094
6.99986
6.99877
6.99767
6.99657
6.99546
6.99434
6.99322
6.99209
6.99096
6.98982
6.98867
6.98752
6.98637
6.9852
6.98403
6.98286
6.98168
6.98049
6.9793
6.9781
6.9769
6.97569
6.97448
6.97326
6.97204
6.97081
6.96958
6.96834
6.96709
6.96584
6.96459
6.96333
6.96206
6.96079
6.95952
6.95824
6.95695
6.95566
6.95436
6.95306
6.95176
6.95045
6.94913
6.94781
6.94648
6.94515
6.94382
6.94248
6.94113
6.93978
6.93843
6.93707
6.93571
6.93434
6.93297
6.93161
6.93025
6.92891
6.92754
6.92605
6.92464
7.02285
7.02163
7.02041
7.01928
7.01818
7.01709
7.01601
7.01493
7.01386
7.0128
7.01174
7.01068
7.00963
7.00858
7.00753
7.00648
7.00544
7.00439
7.00334
7.0023
7.00125
7.0002
6.99914
6.99808
6.99703
6.99596
6.9949
6.99383
6.99275
6.99167
6.99059
6.9895
6.9884
6.9873
6.9862
6.98509
6.98397
6.98285
6.98172
6.98059
6.97945
6.97831
6.97716
6.976
6.97484
6.97367
6.9725
6.97132
6.97013
6.96894
6.96774
6.96654
6.96533
6.96412
6.9629
6.96167
6.96044
6.95921
6.95797
6.95672
6.95547
6.95422
6.95296
6.95169
6.95042
6.94915
6.94787
6.94658
6.94529
6.944
6.9427
6.9414
6.94009
6.93878
6.93746
6.93614
6.93481
6.93348
6.93215
6.93081
6.92946
6.92811
6.92676
6.9254
6.92403
6.92266
6.92129
6.91991
6.91853
6.91715
6.91576
6.91437
6.91297
6.91158
6.91018
6.90879
6.90743
6.90604
6.90452
6.90309
7.00604
7.00484
7.00358
7.0024
7.00125
7.00012
6.99899
6.99787
6.99675
6.99564
6.99453
6.99343
6.99233
6.99123
6.99014
6.98905
6.98795
6.98686
6.98577
6.98467
6.98358
6.98248
6.98138
6.98028
6.97917
6.97807
6.97695
6.97584
6.97472
6.97359
6.97247
6.97133
6.9702
6.96905
6.96791
6.96676
6.9656
6.96444
6.96327
6.96209
6.96092
6.95973
6.95854
6.95735
6.95615
6.95495
6.95374
6.95252
6.9513
6.95008
6.94885
6.94761
6.94637
6.94513
6.94388
6.94263
6.94137
6.94011
6.93884
6.93757
6.93629
6.93502
6.93373
6.93244
6.93115
6.92986
6.92856
6.92726
6.92595
6.92464
6.92332
6.92201
6.92068
6.91936
6.91803
6.91669
6.91536
6.91401
6.91267
6.91132
6.90996
6.90861
6.90724
6.90588
6.9045
6.90313
6.90175
6.90036
6.89897
6.89758
6.89619
6.89479
6.89339
6.89198
6.89058
6.88919
6.88781
6.88642
6.88491
6.88347
6.98988
6.98871
6.98742
6.98621
6.98504
6.98387
6.98271
6.98156
6.98042
6.97928
6.97814
6.97701
6.97588
6.97475
6.97363
6.97251
6.97138
6.97026
6.96914
6.96802
6.96689
6.96577
6.96464
6.96351
6.96238
6.96125
6.96011
6.95897
6.95782
6.95667
6.95552
6.95436
6.9532
6.95204
6.95087
6.94969
6.94851
6.94733
6.94614
6.94495
6.94375
6.94254
6.94134
6.94012
6.93891
6.93768
6.93646
6.93523
6.93399
6.93275
6.93151
6.93026
6.929
6.92775
6.92648
6.92522
6.92395
6.92267
6.9214
6.92012
6.91883
6.91754
6.91625
6.91495
6.91365
6.91235
6.91104
6.90973
6.90841
6.90709
6.90577
6.90444
6.90311
6.90178
6.90044
6.8991
6.89776
6.89641
6.89506
6.8937
6.89234
6.89097
6.8896
6.88823
6.88686
6.88548
6.88409
6.8827
6.88131
6.87992
6.87852
6.87712
6.87572
6.87431
6.87291
6.87152
6.87015
6.86876
6.86727
6.86583
6.97426
6.97311
6.9718
6.97056
6.96936
6.96817
6.96698
6.9658
6.96463
6.96346
6.9623
6.96114
6.95999
6.95883
6.95768
6.95653
6.95538
6.95423
6.95308
6.95193
6.95078
6.94963
6.94847
6.94732
6.94616
6.945
6.94383
6.94267
6.94149
6.94032
6.93914
6.93796
6.93678
6.93559
6.93439
6.9332
6.93199
6.93079
6.92958
6.92836
6.92715
6.92592
6.9247
6.92347
6.92223
6.92099
6.91975
6.9185
6.91725
6.916
6.91474
6.91348
6.91221
6.91095
6.90967
6.9084
6.90712
6.90584
6.90456
6.90327
6.90198
6.90069
6.8994
6.8981
6.8968
6.8955
6.89419
6.89289
6.89158
6.89027
6.88895
6.88764
6.88632
6.885
6.88368
6.88235
6.88103
6.8797
6.87837
6.87704
6.8757
6.87436
6.87302
6.87168
6.87033
6.86899
6.86764
6.86628
6.86493
6.86357
6.86221
6.86085
6.85948
6.85812
6.85675
6.8554
6.85406
6.85272
6.85127
6.84985
6.95928
6.95817
6.95685
6.9556
6.95439
6.95319
6.952
6.95081
6.94963
6.94845
6.94728
6.94611
6.94495
6.94379
6.94263
6.94147
6.94031
6.93916
6.938
6.93684
6.93569
6.93453
6.93337
6.93221
6.93104
6.92988
6.92871
6.92754
6.92637
6.92519
6.92401
6.92283
6.92164
6.92046
6.91926
6.91807
6.91687
6.91567
6.91446
6.91325
6.91204
6.91082
6.9096
6.90838
6.90716
6.90593
6.90469
6.90346
6.90222
6.90098
6.89974
6.89849
6.89724
6.89599
6.89474
6.89348
6.89223
6.89097
6.8897
6.88844
6.88718
6.88591
6.88464
6.88337
6.8821
6.88082
6.87955
6.87827
6.87699
6.87571
6.87443
6.87314
6.87185
6.87057
6.86927
6.86798
6.86668
6.86538
6.86408
6.86278
6.86147
6.86015
6.85884
6.85752
6.85619
6.85486
6.85352
6.85218
6.85083
6.84948
6.84812
6.84676
6.84539
6.84402
6.84265
6.84128
6.83992
6.83856
6.83709
6.83566
6.94479
6.94371
6.94239
6.94113
6.93992
6.93872
6.93752
6.93632
6.93513
6.93395
6.93277
6.93159
6.93042
6.92924
6.92807
6.9269
6.92574
6.92457
6.9234
6.92223
6.92106
6.91989
6.91872
6.91755
6.91638
6.9152
6.91402
6.91284
6.91166
6.91047
6.90929
6.9081
6.9069
6.90571
6.90451
6.90331
6.9021
6.90089
6.89968
6.89847
6.89726
6.89604
6.89482
6.89359
6.89237
6.89114
6.88991
6.88867
6.88744
6.8862
6.88496
6.88372
6.88248
6.88123
6.87998
6.87874
6.87749
6.87623
6.87498
6.87373
6.87247
6.87121
6.86995
6.86869
6.86743
6.86617
6.8649
6.86363
6.86236
6.86109
6.85982
6.85855
6.85727
6.85599
6.85471
6.85342
6.85214
6.85085
6.84955
6.84826
6.84695
6.84565
6.84434
6.84303
6.84171
6.84039
6.83907
6.83774
6.83641
6.83507
6.83373
6.83239
6.83105
6.8297
6.82835
6.82702
6.8257
6.82438
6.82296
6.82157
6.92843
6.92736
6.92603
6.92476
6.92354
6.92232
6.92111
6.9199
6.9187
6.9175
6.9163
6.91511
6.91392
6.91273
6.91154
6.91035
6.90917
6.90799
6.9068
6.90562
6.90443
6.90325
6.90206
6.90088
6.89969
6.8985
6.89731
6.89611
6.89492
6.89372
6.89253
6.89133
6.89013
6.88892
6.88772
6.88651
6.8853
6.88409
6.88288
6.88166
6.88044
6.87923
6.87801
6.87679
6.87556
6.87434
6.87311
6.87189
6.87066
6.86943
6.86821
6.86698
6.86575
6.86452
6.86328
6.86205
6.86082
6.85959
6.85836
6.85713
6.85589
6.85466
6.85343
6.8522
6.85096
6.84973
6.8485
6.84727
6.84604
6.84481
6.84357
6.84234
6.84111
6.83988
6.83865
6.83742
6.83619
6.83495
6.83372
6.83249
6.83126
6.83003
6.82879
6.82756
6.82633
6.8251
6.82386
6.82263
6.8214
6.82017
6.81894
6.81771
6.81649
6.81527
6.81405
6.81285
6.81167
6.81048
6.80922
6.80802
6.91112
6.91012
6.90883
6.90759
6.90639
6.9052
6.90402
6.90284
6.90166
6.90049
6.89932
6.89815
6.89699
6.89583
6.89467
6.89351
6.89235
6.89119
6.89003
6.88888
6.88772
6.88657
6.88541
6.88425
6.88309
6.88193
6.88078
6.87961
6.87845
6.87729
6.87613
6.87496
6.8738
6.87263
6.87146
6.87029
6.86912
6.86795
6.86678
6.86561
6.86443
6.86326
6.86208
6.86091
6.85973
6.85855
6.85738
6.8562
6.85502
6.85384
6.85267
6.85149
6.85032
6.84914
6.84796
6.84679
6.84562
6.84444
6.84327
6.8421
6.84093
6.83976
6.83859
6.83742
6.83626
6.83509
6.83393
6.83277
6.83161
6.83045
6.82929
6.82813
6.82698
6.82582
6.82467
6.82351
6.82236
6.82121
6.82006
6.8189
6.81775
6.8166
6.81546
6.81431
6.81316
6.81201
6.81086
6.80971
6.80856
6.80741
6.80626
6.80511
6.80396
6.80281
6.80166
6.80053
6.79941
6.79828
6.79709
6.79597
6.89459
6.89362
6.89235
6.89112
6.88995
6.88878
6.88761
6.88644
6.88528
6.88413
6.88297
6.88182
6.88067
6.87953
6.87838
6.87724
6.8761
6.87496
6.87382
6.87268
6.87154
6.8704
6.86927
6.86813
6.86699
6.86586
6.86472
6.86358
6.86244
6.86131
6.86017
6.85903
6.85789
6.85676
6.85562
6.85448
6.85334
6.85221
6.85107
6.84993
6.8488
6.84766
6.84653
6.84539
6.84426
6.84313
6.84199
6.84086
6.83974
6.83861
6.83748
6.83636
6.83524
6.83412
6.833
6.83188
6.83077
6.82966
6.82855
6.82744
6.82634
6.82524
6.82414
6.82304
6.82195
6.82086
6.81977
6.81869
6.8176
6.81652
6.81544
6.81437
6.8133
6.81222
6.81115
6.81009
6.80902
6.80796
6.80689
6.80583
6.80477
6.80371
6.80265
6.80159
6.80053
6.79947
6.79841
6.79735
6.79629
6.79523
6.79416
6.7931
6.79204
6.79097
6.78991
6.78885
6.7878
6.78675
6.78565
6.7846
6.8791
6.87818
6.87696
6.87578
6.87464
6.87351
6.87238
6.87125
6.87013
6.86901
6.8679
6.86678
6.86567
6.86457
6.86346
6.86236
6.86125
6.86015
6.85905
6.85796
6.85686
6.85576
6.85467
6.85357
6.85248
6.85139
6.8503
6.84921
6.84812
6.84703
6.84594
6.84485
6.84376
6.84268
6.84159
6.84051
6.83943
6.83835
6.83727
6.83619
6.83511
6.83403
6.83296
6.83189
6.83082
6.82975
6.82868
6.82762
6.82656
6.8255
6.82444
6.82339
6.82234
6.82129
6.82025
6.81921
6.81817
6.81713
6.8161
6.81507
6.81405
6.81303
6.81201
6.81099
6.80998
6.80897
6.80796
6.80696
6.80596
6.80497
6.80397
6.80298
6.80199
6.80101
6.80002
6.79904
6.79806
6.79708
6.7961
6.79513
6.79415
6.79318
6.7922
6.79123
6.79025
6.78928
6.7883
6.78733
6.78635
6.78537
6.78439
6.78341
6.78243
6.78145
6.78047
6.7795
6.77853
6.77756
6.77656
6.77562
6.8644
6.86353
6.86235
6.86121
6.8601
6.85901
6.85792
6.85683
6.85574
6.85466
6.85358
6.8525
6.85143
6.85036
6.84929
6.84823
6.84716
6.8461
6.84504
6.84398
6.84293
6.84187
6.84082
6.83977
6.83872
6.83767
6.83663
6.83558
6.83454
6.8335
6.83246
6.83143
6.83039
6.82936
6.82833
6.8273
6.82627
6.82525
6.82423
6.82321
6.82219
6.82118
6.82017
6.81916
6.81815
6.81715
6.81615
6.81516
6.81417
6.81318
6.8122
6.81122
6.81024
6.80927
6.8083
6.80734
6.80638
6.80542
6.80447
6.80352
6.80258
6.80164
6.80071
6.79978
6.79885
6.79793
6.79701
6.7961
6.79519
6.79428
6.79338
6.79248
6.79158
6.79069
6.78979
6.78891
6.78802
6.78713
6.78625
6.78537
6.78449
6.78361
6.78273
6.78185
6.78098
6.7801
6.77922
6.77834
6.77746
6.77658
6.7757
6.77482
6.77393
6.77305
6.77217
6.77129
6.77042
6.76954
6.76865
6.76781
6.85057
6.84975
6.84862
6.84753
6.84647
6.84543
6.84438
6.84334
6.8423
6.84126
6.84023
6.8392
6.83818
6.83716
6.83614
6.83512
6.83411
6.8331
6.83209
6.83108
6.83008
6.82908
6.82808
6.82709
6.8261
6.82511
6.82412
6.82314
6.82216
6.82118
6.8202
6.81923
6.81826
6.81729
6.81632
6.81536
6.8144
6.81345
6.8125
6.81155
6.81061
6.80967
6.80873
6.8078
6.80687
6.80595
6.80503
6.80411
6.8032
6.80229
6.80139
6.80049
6.7996
6.79872
6.79783
6.79695
6.79608
6.79521
6.79435
6.79349
6.79264
6.79179
6.79095
6.79011
6.78927
6.78844
6.78762
6.7868
6.78598
6.78517
6.78436
6.78355
6.78275
6.78195
6.78115
6.78036
6.77957
6.77878
6.77799
6.77721
6.77642
6.77564
6.77486
6.77408
6.7733
6.77252
6.77174
6.77096
6.77018
6.7694
6.76861
6.76783
6.76705
6.76626
6.76548
6.7647
6.76393
6.76316
6.76237
6.76167
6.83751
6.83673
6.83566
6.83461
6.8336
6.83261
6.83161
6.83061
6.82962
6.82864
6.82765
6.82667
6.8257
6.82473
6.82376
6.82279
6.82183
6.82088
6.81992
6.81897
6.81802
6.81708
6.81614
6.8152
6.81427
6.81334
6.81241
6.81149
6.81057
6.80966
6.80875
6.80784
6.80694
6.80604
6.80514
6.80425
6.80336
6.80248
6.8016
6.80073
6.79986
6.799
6.79814
6.79729
6.79644
6.79559
6.79476
6.79392
6.7931
6.79227
6.79146
6.79065
6.78984
6.78904
6.78825
6.78746
6.78668
6.7859
6.78513
6.78437
6.78361
6.78285
6.7821
6.78136
6.78062
6.77989
6.77916
6.77844
6.77772
6.777
6.77629
6.77559
6.77489
6.77419
6.77349
6.7728
6.77212
6.77143
6.77075
6.77007
6.76939
6.76871
6.76804
6.76736
6.76669
6.76602
6.76535
6.76467
6.764
6.76333
6.76266
6.76199
6.76132
6.76064
6.75997
6.7593
6.75864
6.75797
6.75731
6.75674
6.82517
6.82443
6.82341
6.82242
6.82146
6.82051
6.81956
6.81862
6.81768
6.81674
6.81581
6.81489
6.81397
6.81305
6.81214
6.81124
6.81033
6.80944
6.80854
6.80766
6.80677
6.80589
6.80502
6.80415
6.80328
6.80242
6.80156
6.80071
6.79987
6.79902
6.79819
6.79736
6.79653
6.79571
6.79489
6.79408
6.79327
6.79247
6.79168
6.79089
6.7901
6.78932
6.78855
6.78778
6.78702
6.78627
6.78552
6.78478
6.78404
6.78331
6.78259
6.78187
6.78116
6.78046
6.77976
6.77907
6.77838
6.7777
6.77703
6.77636
6.7757
6.77504
6.7744
6.77375
6.77312
6.77248
6.77186
6.77124
6.77062
6.77001
6.76941
6.76881
6.76821
6.76762
6.76703
6.76645
6.76586
6.76529
6.76471
6.76414
6.76357
6.76301
6.76244
6.76188
6.76132
6.76076
6.7602
6.75964
6.75908
6.75853
6.75797
6.75742
6.75686
6.75631
6.75575
6.7552
6.75466
6.7541
6.75357
6.75315
6.81353
6.81285
6.81188
6.81095
6.81004
6.80915
6.80826
6.80737
6.80648
6.80561
6.80473
6.80387
6.803
6.80215
6.8013
6.80045
6.79961
6.79877
6.79794
6.79712
6.7963
6.79548
6.79467
6.79387
6.79307
6.79228
6.7915
6.79072
6.78994
6.78917
6.78841
6.78765
6.7869
6.78616
6.78542
6.78469
6.78397
6.78325
6.78254
6.78183
6.78113
6.78044
6.77976
6.77908
6.77841
6.77774
6.77709
6.77644
6.7758
6.77516
6.77453
6.77391
6.7733
6.77269
6.77209
6.7715
6.77091
6.77034
6.76977
6.7692
6.76864
6.76809
6.76755
6.76701
6.76648
6.76596
6.76544
6.76493
6.76442
6.76392
6.76343
6.76294
6.76245
6.76197
6.7615
6.76103
6.76056
6.7601
6.75964
6.75919
6.75873
6.75829
6.75784
6.7574
6.75696
6.75652
6.75609
6.75565
6.75522
6.75479
6.75436
6.75393
6.7535
6.75308
6.75265
6.75223
6.75181
6.75138
6.75099
6.75073
6.80246
6.80181
6.80089
6.79999
6.79914
6.79829
6.79744
6.79661
6.79577
6.79495
6.79413
6.79332
6.79252
6.79172
6.79093
6.79015
6.78937
6.78861
6.78784
6.78709
6.78634
6.7856
6.78487
6.78414
6.78342
6.78271
6.78201
6.78131
6.78062
6.77994
6.77926
6.77859
6.77793
6.77728
6.77663
6.77599
6.77536
6.77473
6.77412
6.77351
6.77291
6.77231
6.77172
6.77115
6.77058
6.77001
6.76946
6.76891
6.76837
6.76784
6.76731
6.7668
6.76629
6.76579
6.76529
6.76481
6.76433
6.76386
6.7634
6.76294
6.7625
6.76206
6.76162
6.7612
6.76078
6.76037
6.75996
6.75956
6.75917
6.75879
6.75841
6.75803
6.75767
6.75731
6.75695
6.7566
6.75625
6.75591
6.75558
6.75525
6.75492
6.7546
6.75428
6.75396
6.75365
6.75334
6.75304
6.75273
6.75243
6.75214
6.75184
6.75155
6.75126
6.75097
6.75068
6.7504
6.75012
6.74983
6.74959
6.7495
6.7921
6.79151
6.79066
6.78983
6.78904
6.78825
6.78747
6.78669
6.78592
6.78516
6.78441
6.78366
6.78292
6.78219
6.78146
6.78074
6.78003
6.77933
6.77863
6.77795
6.77727
6.7766
6.77593
6.77528
6.77463
6.77399
6.77336
6.77274
6.77213
6.77152
6.77093
6.77034
6.76976
6.76919
6.76862
6.76807
6.76753
6.76699
6.76646
6.76594
6.76543
6.76493
6.76444
6.76395
6.76348
6.76301
6.76256
6.76211
6.76167
6.76124
6.76082
6.76041
6.76001
6.75961
6.75923
6.75885
6.75848
6.75812
6.75777
6.75743
6.7571
6.75677
6.75646
6.75615
6.75585
6.75555
6.75527
6.75499
6.75472
6.75446
6.7542
6.75395
6.75371
6.75348
6.75325
6.75303
6.75281
6.7526
6.7524
6.7522
6.75201
6.75182
6.75164
6.75146
6.75128
6.75112
6.75095
6.75079
6.75064
6.75048
6.75034
6.75019
6.75005
6.74991
6.74978
6.74964
6.74951
6.74937
6.74929
6.74939
6.78201
6.7814
6.78056
6.77976
6.77899
6.77823
6.77749
6.77675
6.77603
6.77532
6.77462
6.77393
6.77325
6.77258
6.77193
6.77128
6.77064
6.77002
6.7694
6.7688
6.7682
6.76762
6.76705
6.76648
6.76593
6.76539
6.76486
6.76433
6.76382
6.76332
6.76282
6.76234
6.76187
6.7614
6.76095
6.76051
6.76007
6.75965
6.75923
6.75883
6.75843
6.75805
6.75767
6.7573
6.75695
6.7566
6.75626
6.75593
6.75561
6.7553
6.755
6.75471
6.75443
6.75416
6.75389
6.75364
6.75339
6.75316
6.75293
6.75271
6.7525
6.7523
6.75211
6.75192
6.75175
6.75158
6.75142
6.75127
6.75113
6.751
6.75087
6.75075
6.75064
6.75054
6.75044
6.75036
6.75028
6.7502
6.75014
6.75008
6.75003
6.74998
6.74994
6.74991
6.74988
6.74986
6.74985
6.74984
6.74983
6.74984
6.74984
6.74985
6.74987
6.74989
6.74992
6.74995
6.74997
6.74999
6.75009
6.7504
6.77294
6.77248
6.77175
6.77104
6.77035
6.76968
6.76901
6.76835
6.7677
6.76705
6.76641
6.76579
6.76517
6.76457
6.76397
6.76339
6.76281
6.76225
6.76169
6.76115
6.76062
6.7601
6.75959
6.75909
6.75861
6.75813
6.75767
6.75721
6.75677
6.75634
6.75592
6.75551
6.75512
6.75473
6.75436
6.75399
6.75364
6.7533
6.75297
6.75265
6.75234
6.75205
6.75176
6.75149
6.75122
6.75097
6.75073
6.7505
6.75028
6.75008
6.74988
6.7497
6.74952
6.74936
6.74921
6.74906
6.74893
6.74882
6.74871
6.74861
6.74852
6.74845
6.74838
6.74832
6.74828
6.74824
6.74822
6.7482
6.7482
6.7482
6.74822
6.74824
6.74828
6.74832
6.74837
6.74843
6.7485
6.74858
6.74866
6.74876
6.74886
6.74897
6.74909
6.74921
6.74934
6.74948
6.74963
6.74978
6.74995
6.75011
6.75029
6.75047
6.75066
6.75086
6.75107
6.75128
6.75149
6.75169
6.75198
6.75253
6.7629
6.76229
6.76152
6.76081
6.76012
6.75947
6.75882
6.7582
6.75759
6.757
6.75643
6.75588
6.75534
6.75482
6.75431
6.75382
6.75334
6.75288
6.75243
6.752
6.75159
6.75119
6.7508
6.75043
6.75007
6.74972
6.74939
6.74907
6.74877
6.74848
6.7482
6.74793
6.74768
6.74744
6.74721
6.747
6.7468
6.74661
6.74643
6.74626
6.74611
6.74597
6.74584
6.74572
6.74561
6.74551
6.74543
6.74535
6.74529
6.74524
6.7452
6.74517
6.74515
6.74514
6.74514
6.74515
6.74517
6.7452
6.74525
6.7453
6.74536
6.74543
6.74552
6.74561
6.74571
6.74582
6.74594
6.74607
6.74621
6.74636
6.74652
6.74669
6.74687
6.74706
6.74725
6.74746
6.74768
6.7479
6.74814
6.74839
6.74864
6.74891
6.74919
6.74947
6.74977
6.75008
6.7504
6.75073
6.75107
6.75142
6.75178
6.75215
6.75253
6.75292
6.75332
6.75373
6.75412
6.7545
6.75498
6.75578
6.75662
6.75622
6.75556
6.75492
6.75432
6.75373
6.75314
6.75257
6.75202
6.75147
6.75094
6.75043
6.74992
6.74943
6.74896
6.7485
6.74806
6.74763
6.74721
6.74681
6.74642
6.74605
6.74569
6.74535
6.74502
6.74471
6.74441
6.74412
6.74385
6.7436
6.74336
6.74313
6.74292
6.74272
6.74253
6.74236
6.74221
6.74207
6.74194
6.74182
6.74172
6.74164
6.74157
6.74151
6.74146
6.74143
6.74142
6.74141
6.74142
6.74145
6.74149
6.74154
6.74161
6.74169
6.74178
6.74189
6.74201
6.74214
6.74229
6.74245
6.74263
6.74282
6.74303
6.74324
6.74348
6.74372
6.74398
6.74425
6.74454
6.74484
6.74516
6.74548
6.74583
6.74618
6.74655
6.74694
6.74733
6.74774
6.74817
6.7486
6.74905
6.74951
6.74999
6.75047
6.75097
6.75147
6.75199
6.75251
6.75305
6.75359
6.75414
6.75469
6.75525
6.75581
6.75638
6.75694
6.75748
6.75798
6.75864
6.75977
6.74169
6.74194
6.74148
6.74094
6.74044
6.73997
6.73952
6.73908
6.73865
6.73824
6.73784
6.73746
6.7371
6.73675
6.73641
6.73609
6.73578
6.73549
6.73522
6.73496
6.73471
6.73448
6.73427
6.73407
6.73389
6.73372
6.73357
6.73343
6.73331
6.7332
6.73311
6.73304
6.73298
6.73294
6.73291
6.7329
6.7329
6.73293
6.73296
6.73302
6.73309
6.73318
6.73328
6.7334
6.73354
6.7337
6.73387
6.73406
6.73427
6.7345
6.73474
6.73501
6.73529
6.73559
6.7359
6.73624
6.7366
6.73697
6.73736
6.73777
6.7382
6.73865
6.73912
6.73961
6.74012
6.74064
6.74119
6.74175
6.74234
6.74294
6.74356
6.7442
6.74486
6.74554
6.74624
6.74696
6.74769
6.74845
6.74922
6.75001
6.75082
6.75165
6.75249
6.75336
6.75424
6.75514
6.75606
6.75699
6.75794
6.75891
6.7599
6.7609
6.76192
6.76295
6.764
6.76506
6.7661
6.76718
6.76854
6.77008
6.71437
6.71457
6.71416
6.71368
6.71327
6.7129
6.71256
6.71225
6.71197
6.71172
6.7115
6.71132
6.71116
6.71104
6.71095
6.71088
6.71085
6.71084
6.71087
6.71092
6.71101
6.71112
6.71126
6.71143
6.71163
6.71186
6.71211
6.71239
6.7127
6.71304
6.7134
6.71379
6.71421
6.71465
6.71513
6.71563
6.71615
6.7167
6.71728
6.71789
6.71852
6.71918
6.71986
6.72057
6.72131
6.72207
6.72286
6.72368
6.72452
6.72539
6.72628
6.7272
6.72815
6.72912
6.73012
6.73114
6.73219
6.73327
6.73437
6.7355
6.73665
6.73783
6.73903
6.74026
6.74151
6.74279
6.7441
6.74543
6.74678
6.74816
6.74956
6.75099
6.75244
6.75392
6.75542
6.75695
6.7585
6.76008
6.76168
6.76331
6.76496
6.76664
6.76834
6.77007
6.77182
6.77361
6.77541
6.77725
6.77911
6.78099
6.78291
6.78485
6.78682
6.78881
6.79084
6.79287
6.79488
6.79696
6.79945
6.8021
6.69349
6.69379
6.69351
6.69318
6.69292
6.69273
6.69257
6.69246
6.6924
6.69238
6.6924
6.69247
6.69258
6.69273
6.69292
6.69316
6.69344
6.69376
6.69412
6.69452
6.69496
6.69544
6.69597
6.69653
6.69713
6.69777
6.69844
6.69916
6.69991
6.7007
6.70153
6.7024
6.7033
6.70424
6.70522
6.70623
6.70728
6.70836
6.70948
6.71064
6.71183
6.71306
6.71432
6.71562
6.71696
6.71833
6.71973
6.72117
6.72264
6.72415
6.72569
6.72727
6.72888
6.73052
6.7322
6.73392
6.73566
6.73744
6.73925
6.7411
6.74298
6.74489
6.74683
6.74881
6.75082
6.75286
6.75494
6.75705
6.75919
6.76136
6.76357
6.76581
6.76808
6.77039
6.77272
6.7751
6.7775
6.77995
6.78242
6.78493
6.78748
6.79006
6.79269
6.79534
6.79804
6.80078
6.80356
6.80637
6.80923
6.81214
6.81508
6.81807
6.8211
6.82418
6.8273
6.83043
6.83355
6.83678
6.84055
6.84442
6.67084
6.67113
6.67091
6.67067
6.67052
6.67045
6.67045
6.67051
6.67064
6.67084
6.6711
6.67142
6.67181
6.67226
6.67277
6.67334
6.67398
6.67467
6.67543
6.67624
6.67711
6.67805
6.67903
6.68008
6.68118
6.68234
6.68355
6.68481
6.68614
6.68751
6.68894
6.69042
6.69195
6.69354
6.69517
6.69686
6.69859
6.70038
6.70222
6.7041
6.70604
6.70802
6.71005
6.71213
6.71425
6.71642
6.71864
6.7209
6.72321
6.72556
6.72796
6.7304
6.73288
6.7354
6.73797
6.74058
6.74323
6.74593
6.74866
6.75143
6.75425
6.7571
6.75999
6.76292
6.76589
6.7689
6.77195
6.77503
6.77816
6.78132
6.78452
6.78776
6.79104
6.79436
6.79772
6.80111
6.80455
6.80803
6.81156
6.81512
6.81873
6.82239
6.82609
6.82984
6.83364
6.8375
6.8414
6.84536
6.84938
6.85345
6.85758
6.86177
6.86603
6.87035
6.87472
6.87913
6.88352
6.88809
6.89332
6.89853
6.65055
6.65092
6.65084
6.65076
6.65079
6.65093
6.65116
6.65148
6.65189
6.65238
6.65296
6.65363
6.65438
6.65522
6.65614
6.65714
6.65823
6.65939
6.66064
6.66196
6.66337
6.66485
6.66641
6.66804
6.66975
6.67153
6.67338
6.67531
6.67731
6.67938
6.68152
6.68373
6.686
6.68835
6.69075
6.69323
6.69577
6.69837
6.70104
6.70376
6.70655
6.7094
6.71231
6.71527
6.7183
6.72138
6.72451
6.7277
6.73094
6.73424
6.73758
6.74098
6.74442
6.74792
6.75146
6.75505
6.75869
6.76237
6.76609
6.76986
6.77367
6.77753
6.78143
6.78536
6.78934
6.79337
6.79743
6.80153
6.80567
6.80986
6.81408
6.81835
6.82265
6.827
6.8314
6.83583
6.84031
6.84484
6.84942
6.85404
6.85872
6.86345
6.86823
6.87308
6.87798
6.88295
6.88798
6.89308
6.89825
6.9035
6.90883
6.91423
6.91972
6.9253
6.93096
6.93666
6.94236
6.9483
6.95501
6.96148
6.63068
6.63108
6.63112
6.63119
6.63141
6.63176
6.63222
6.63281
6.63351
6.63433
6.63527
6.63631
6.63747
6.63875
6.64013
6.64162
6.64322
6.64493
6.64674
6.64866
6.65068
6.65281
6.65503
6.65736
6.65978
6.6623
6.66491
6.66762
6.67042
6.67331
6.67629
6.67936
6.68251
6.68575
6.68908
6.69248
6.69597
6.69953
6.70317
6.70688
6.71067
6.71453
6.71846
6.72246
6.72652
6.73065
6.73484
6.73909
6.7434
6.74777
6.75219
6.75667
6.7612
6.76579
6.77042
6.7751
6.77982
6.78459
6.78941
6.79427
6.79917
6.8041
6.80908
6.8141
6.81916
6.82425
6.82939
6.83456
6.83976
6.84501
6.85029
6.85561
6.86097
6.86636
6.8718
6.87728
6.88281
6.88838
6.894
6.89967
6.90539
6.91117
6.917
6.9229
6.92887
6.93491
6.94102
6.94721
6.95349
6.95985
6.96631
6.97287
6.97953
6.9863
6.99317
7.0001
7.00705
7.0143
7.02239
7.02994
6.61365
6.61411
6.61428
6.61453
6.61497
6.61557
6.61632
6.61723
6.61828
6.61949
6.62084
6.62234
6.62398
6.62577
6.6277
6.62977
6.63198
6.63433
6.63681
6.63943
6.64218
6.64506
6.64806
6.65119
6.65445
6.65783
6.66132
6.66493
6.66866
6.6725
6.67645
6.68051
6.68467
6.68893
6.69329
6.69775
6.7023
6.70694
6.71167
6.71649
6.72139
6.72637
6.73142
6.73655
6.74175
6.74701
6.75234
6.75774
6.76319
6.7687
6.77426
6.77987
6.78554
6.79124
6.797
6.80279
6.80862
6.81449
6.8204
6.82634
6.83231
6.83831
6.84434
6.8504
6.85649
6.8626
6.86874
6.87491
6.8811
6.88732
6.89356
6.89984
6.90614
6.91247
6.91883
6.92523
6.93166
6.93813
6.94464
6.95119
6.9578
6.96445
6.97117
6.97794
6.98479
6.99171
6.9987
7.00579
7.01297
7.02025
7.02764
7.03515
7.04277
7.05052
7.05839
7.06633
7.07432
7.08268
7.0919
7.10018
6.59988
6.60061
6.60095
6.60135
6.60197
6.6028
6.60383
6.60504
6.60645
6.60805
6.60984
6.61181
6.61397
6.61631
6.61883
6.62152
6.6244
6.62745
6.63067
6.63405
6.63761
6.64132
6.6452
6.64923
6.65341
6.65775
6.66223
6.66685
6.67161
6.6765
6.68152
6.68668
6.69195
6.69734
6.70284
6.70846
6.71417
6.71999
6.72591
6.73191
6.738
6.74418
6.75043
6.75675
6.76315
6.7696
6.77612
6.78269
6.78931
6.79598
6.80269
6.80944
6.81622
6.82304
6.82989
6.83676
6.84366
6.85058
6.85752
6.86447
6.87144
6.87842
6.88541
6.8924
6.89941
6.90642
6.91344
6.92047
6.9275
6.93454
6.94159
6.94865
6.95572
6.96281
6.9699
6.97702
6.98416
6.99132
6.99851
7.00573
7.01299
7.02029
7.02764
7.03505
7.04252
7.05006
7.05768
7.06538
7.07319
7.08109
7.08912
7.09726
7.10554
7.11395
7.1225
7.13114
7.13984
7.14897
7.15889
7.16746
6.59137
6.59227
6.59294
6.5936
6.59439
6.59542
6.59671
6.59824
6.6
6.60201
6.60425
6.60673
6.60944
6.61237
6.61553
6.61892
6.62252
6.62634
6.63036
6.6346
6.63904
6.64367
6.6485
6.65352
6.65872
6.6641
6.66965
6.67537
6.68125
6.68728
6.69346
6.69978
6.70624
6.71282
6.71953
6.72636
6.73329
6.74033
6.74746
6.75468
6.76198
6.76936
6.77681
6.78432
6.79188
6.7995
6.80716
6.81486
6.82259
6.83035
6.83814
6.84594
6.85376
6.86158
6.86941
6.87725
6.88508
6.89291
6.90072
6.90853
6.91633
6.92411
6.93187
6.93961
6.94734
6.95505
6.96273
6.9704
6.97804
6.98567
6.99328
7.00087
7.00845
7.01601
7.02357
7.03112
7.03867
7.04622
7.05378
7.06135
7.06894
7.07656
7.08421
7.0919
7.09965
7.10745
7.11532
7.12327
7.13131
7.13946
7.14772
7.1561
7.16462
7.17328
7.18208
7.19097
7.19995
7.20938
7.21951
7.22785
6.59083
6.59166
6.59234
6.59317
6.59414
6.59528
6.59671
6.59845
6.6005
6.60284
6.60548
6.60842
6.61164
6.61514
6.61892
6.62298
6.62731
6.6319
6.63675
6.64186
6.6472
6.65279
6.6586
6.66464
6.6709
6.67736
6.68401
6.69086
6.69789
6.70509
6.71245
6.71996
6.72762
6.73541
6.74333
6.75136
6.75949
6.76773
6.77604
6.78444
6.79291
6.80143
6.81
6.81862
6.82728
6.83596
6.84466
6.85338
6.8621
6.87082
6.87954
6.88824
6.89692
6.90558
6.91421
6.92281
6.93138
6.9399
6.94838
6.95681
6.9652
6.97353
6.98181
6.99004
6.99821
7.00633
7.01439
7.0224
7.03036
7.03827
7.04612
7.05393
7.06169
7.06941
7.07709
7.08474
7.09236
7.09996
7.10753
7.1151
7.12267
7.13024
7.13782
7.14542
7.15306
7.16074
7.16847
7.17627
7.18415
7.19212
7.20019
7.20838
7.21669
7.22515
7.23373
7.2424
7.25117
7.2604
7.27015
7.27777
6.60037
6.60087
6.60128
6.60191
6.60285
6.60404
6.60549
6.60732
6.60954
6.61213
6.61508
6.6184
6.62207
6.6261
6.63046
6.63517
6.6402
6.64555
6.65121
6.65717
6.66342
6.66995
6.67675
6.68381
6.69112
6.69866
6.70641
6.71438
6.72255
6.73089
6.73941
6.74808
6.7569
6.76585
6.77491
6.78408
6.79334
6.80268
6.81209
6.82155
6.83106
6.8406
6.85016
6.85974
6.86931
6.87888
6.88843
6.89796
6.90745
6.91691
6.92631
6.93566
6.94495
6.95418
6.96333
6.97241
6.98141
6.99033
6.99916
7.00791
7.01656
7.02513
7.0336
7.04198
7.05026
7.05846
7.06656
7.07457
7.08249
7.09033
7.09809
7.10576
7.11336
7.12088
7.12834
7.13574
7.14307
7.15036
7.1576
7.16481
7.17199
7.17915
7.1863
7.19345
7.20061
7.2078
7.21501
7.22227
7.2296
7.23699
7.24447
7.25205
7.25974
7.26755
7.27547
7.28346
7.29156
7.30008
7.30891
7.31541
6.62103
6.62089
6.62078
6.62098
6.62159
6.62256
6.62393
6.62576
6.62806
6.63082
6.63402
6.63766
6.64174
6.64624
6.65115
6.65646
6.66216
6.66823
6.67467
6.68146
6.68858
6.69602
6.70376
6.71179
6.72009
6.72864
6.73743
6.74644
6.75564
6.76504
6.77459
6.7843
6.79414
6.80409
6.81414
6.82428
6.83448
6.84473
6.85502
6.86533
6.87565
6.88596
6.89625
6.90652
6.91674
6.92691
6.93702
6.94706
6.95702
6.96689
6.97666
6.98634
6.99591
7.00536
7.0147
7.02392
7.03302
7.04198
7.05082
7.05953
7.06811
7.07656
7.08487
7.09306
7.10111
7.10904
7.11684
7.12451
7.13207
7.1395
7.14683
7.15404
7.16115
7.16815
7.17507
7.18189
7.18864
7.19531
7.20191
7.20845
7.21494
7.22139
7.22781
7.2342
7.24058
7.24697
7.25336
7.25978
7.26624
7.27274
7.27931
7.28595
7.29267
7.29948
7.30637
7.31332
7.32035
7.32774
7.33522
7.34034
6.65348
6.65235
6.65141
6.65092
6.65096
6.65153
6.65266
6.65436
6.65661
6.65942
6.66276
6.66662
6.671
6.67588
6.68123
6.68706
6.69333
6.70003
6.70715
6.71465
6.72253
6.73076
6.73932
6.74819
6.75734
6.76676
6.77642
6.78629
6.79637
6.80661
6.81701
6.82755
6.83819
6.84892
6.85972
6.87057
6.88146
6.89235
6.90324
6.91411
6.92495
6.93573
6.94645
6.95709
6.96764
6.97809
6.98842
6.99864
7.00872
7.01867
7.02847
7.03813
7.04763
7.05697
7.06614
7.07515
7.084
7.09267
7.10118
7.10952
7.11769
7.12569
7.13352
7.14119
7.1487
7.15605
7.16325
7.17029
7.17719
7.18395
7.19056
7.19705
7.20341
7.20965
7.21577
7.22178
7.2277
7.23352
7.23926
7.24491
7.2505
7.25603
7.26151
7.26695
7.27236
7.27775
7.28313
7.28851
7.2939
7.29932
7.30477
7.31026
7.3158
7.32139
7.32703
7.33269
7.3384
7.34437
7.35024
7.35393
6.69741
6.69497
6.69294
6.69151
6.69076
6.69076
6.69151
6.69294
6.69502
6.69775
6.7011
6.70507
6.70963
6.71475
6.72043
6.72664
6.73335
6.74054
6.74818
6.75625
6.76472
6.77356
6.78276
6.79227
6.80207
6.81214
6.82244
6.83295
6.84364
6.85449
6.86547
6.87655
6.88771
6.89893
6.91018
6.92144
6.93269
6.94391
6.95507
6.96617
6.97718
6.9881
6.99889
7.00955
7.02008
7.03045
7.04065
7.05069
7.06054
7.07021
7.07969
7.08898
7.09806
7.10694
7.11562
7.12409
7.13236
7.14043
7.14829
7.15596
7.16342
7.17069
7.17777
7.18466
7.19137
7.1979
7.20426
7.21044
7.21647
7.22234
7.22805
7.23363
7.23906
7.24437
7.24955
7.25461
7.25956
7.26441
7.26917
7.27384
7.27843
7.28295
7.28741
7.29181
7.29618
7.3005
7.3048
7.30908
7.31336
7.31763
7.3219
7.32618
7.33048
7.33479
7.3391
7.34339
7.3477
7.35215
7.35634
7.3587
6.75092
6.7469
6.74354
6.74097
6.73925
6.73849
6.73868
6.73965
6.74137
6.74384
6.74702
6.7509
6.75544
6.76063
6.76643
6.77281
6.77974
6.7872
6.79514
6.80354
6.81236
6.82157
6.83114
6.84104
6.85122
6.86166
6.87233
6.88319
6.89422
6.90537
6.91663
6.92796
6.93933
6.95073
6.96211
6.97347
6.98477
6.99599
7.00711
7.01812
7.02899
7.0397
7.05026
7.06063
7.07081
7.08079
7.09056
7.10011
7.10944
7.11854
7.12741
7.13604
7.14444
7.1526
7.16053
7.16822
7.17568
7.18292
7.18993
7.19672
7.20329
7.20966
7.21582
7.22178
7.22755
7.23313
7.23853
7.24376
7.24883
7.25373
7.25849
7.26309
7.26756
7.2719
7.27612
7.28022
7.2842
7.28809
7.29188
7.29559
7.29922
7.30277
7.30625
7.30968
7.31306
7.31639
7.31968
7.32294
7.32616
7.32937
7.33255
7.3357
7.33884
7.34195
7.34502
7.34803
7.35101
7.35401
7.35667
7.35796
6.81118
6.8054
6.80051
6.79664
6.79394
6.79239
6.79179
6.79208
6.79323
6.79524
6.79805
6.80165
6.80599
6.81105
6.81678
6.82314
6.8301
6.83763
6.84567
6.85419
6.86315
6.87252
6.88224
6.89229
6.90263
6.91321
6.924
6.93496
6.94606
6.95726
6.96854
6.97985
6.99117
7.00247
7.01371
7.02488
7.03595
7.0469
7.05769
7.06833
7.07878
7.08903
7.09907
7.10888
7.11846
7.12779
7.13687
7.14569
7.15426
7.16256
7.17059
7.17836
7.18587
7.19312
7.20012
7.20686
7.21336
7.21962
7.22564
7.23144
7.23702
7.24238
7.24754
7.2525
7.25727
7.26186
7.26627
7.27052
7.27462
7.27856
7.28236
7.28602
7.28956
7.29298
7.29629
7.29949
7.30259
7.3056
7.30853
7.31137
7.31415
7.31685
7.3195
7.32208
7.32462
7.3271
7.32954
7.33193
7.33428
7.33659
7.33886
7.34107
7.34323
7.34534
7.34736
7.3493
7.35115
7.35293
7.35436
7.3549
6.8725
6.86487
6.85838
6.85314
6.84925
6.84658
6.84496
6.84436
6.84474
6.84606
6.84829
6.85139
6.85531
6.86001
6.86544
6.87156
6.87832
6.88567
6.89358
6.90199
6.91086
6.92015
6.9298
6.93978
6.95004
6.96054
6.97124
6.98209
6.99306
7.00411
7.01521
7.02631
7.03738
7.0484
7.05934
7.07015
7.08083
7.09133
7.10165
7.11177
7.12165
7.1313
7.14069
7.14981
7.15866
7.16723
7.17552
7.18351
7.19122
7.19863
7.20577
7.21262
7.21919
7.22549
7.23153
7.2373
7.24284
7.24813
7.25319
7.25803
7.26266
7.26709
7.27132
7.27537
7.27925
7.28296
7.28652
7.28993
7.2932
7.29634
7.29936
7.30227
7.30507
7.30776
7.31036
7.31288
7.31531
7.31767
7.31995
7.32216
7.32431
7.3264
7.32843
7.33041
7.33233
7.3342
7.33601
7.33777
7.33947
7.34111
7.34269
7.3442
7.34562
7.34696
7.3482
7.34933
7.35034
7.35122
7.3518
7.35191
6.929
6.91954
6.91145
6.90487
6.89973
6.89585
6.89317
6.89165
6.89124
6.8919
6.89358
6.89621
6.89975
6.90415
6.90935
6.91529
6.92191
6.92918
6.93702
6.94539
6.95423
6.9635
6.97313
6.98308
6.9933
7.00374
7.01435
7.02509
7.03592
7.0468
7.05767
7.06852
7.07929
7.08997
7.10051
7.11088
7.12107
7.13105
7.14079
7.15028
7.15949
7.16843
7.17708
7.18542
7.19346
7.20119
7.2086
7.21571
7.22251
7.22901
7.23522
7.24113
7.24677
7.25214
7.25724
7.2621
7.26672
7.27111
7.27529
7.27926
7.28303
7.28663
7.29005
7.2933
7.29641
7.29937
7.3022
7.3049
7.30749
7.30997
7.31234
7.31462
7.31682
7.31893
7.32097
7.32294
7.32483
7.32667
7.32845
7.33017
7.33184
7.33345
7.33501
7.33652
7.33798
7.33938
7.34072
7.342
7.34322
7.34436
7.34542
7.3464
7.34729
7.34808
7.34876
7.34933
7.34979
7.3501
7.35022
7.35016
6.97167
6.9606
6.95112
6.94324
6.93687
6.93189
6.92824
6.92587
6.92473
6.92473
6.92584
6.92798
6.93109
6.93512
6.93999
6.94565
6.95203
6.95908
6.96674
6.97494
6.98362
6.99274
7.00224
7.01205
7.02214
7.03244
7.0429
7.05349
7.06414
7.07483
7.08549
7.0961
7.10662
7.11701
7.12724
7.13727
7.14708
7.15665
7.16595
7.17497
7.18368
7.19208
7.20015
7.2079
7.21532
7.2224
7.22915
7.23558
7.24168
7.24748
7.25297
7.25818
7.26311
7.26777
7.27218
7.27635
7.2803
7.28404
7.28758
7.29093
7.29412
7.29714
7.30002
7.30276
7.30538
7.30788
7.31027
7.31257
7.31478
7.31691
7.31896
7.32094
7.32286
7.32472
7.32652
7.32826
7.32995
7.3316
7.33319
7.33472
7.33621
7.33764
7.339
7.34031
7.34155
7.34271
7.3438
7.3448
7.34572
7.34655
7.34728
7.34791
7.34845
7.34889
7.34923
7.34947
7.34963
7.3497
7.34968
7.34963
6.99585
6.98346
6.97288
6.96405
6.95688
6.95129
6.94721
6.94456
6.94326
6.94325
6.94444
6.94676
6.95014
6.9545
6.95977
6.96587
6.97273
6.98028
6.98845
6.99717
7.00638
7.016
7.02597
7.03624
7.04673
7.0574
7.06819
7.07904
7.0899
7.10072
7.11146
7.12208
7.13254
7.1428
7.15282
7.16259
7.17206
7.18124
7.19008
7.19859
7.20675
7.21455
7.22199
7.22908
7.23582
7.2422
7.24825
7.25397
7.25938
7.26448
7.2693
7.27384
7.27813
7.28218
7.286
7.28961
7.29303
7.29627
7.29934
7.30225
7.30502
7.30766
7.31017
7.31258
7.31488
7.31708
7.3192
7.32124
7.3232
7.32508
7.3269
7.32865
7.33034
7.33197
7.33354
7.33505
7.33649
7.33787
7.33919
7.34043
7.34161
7.34272
7.34374
7.34469
7.34556
7.34634
7.34703
7.34764
7.34817
7.34861
7.34897
7.34925
7.34946
7.34961
7.34971
7.34977
7.34979
7.34978
7.34977
7.34977
)
;

boundaryField
{
    jetInlet
    {
        type            zeroGradient;
    }
    returnOutlet
    {
        type            fixedValue;
        value           uniform 0;
    }
    flatBed
    {
        type            zeroGradient;
    }
    slope
    {
        type            zeroGradient;
    }
    top
    {
        type            symmetryPlane;
    }
    frontAndBack
    {
        type            empty;
    }
    defaultFaces
    {
        type            empty;
    }
}


// ************************************************************************* //
