/*--------------------------------*- C++ -*----------------------------------*\
| =========                 |                                                 |
| \\      /  F ield         | OpenFOAM: The Open Source CFD Toolbox           |
|  \\    /   O peration     | Version:  2206                                  |
|   \\  /    A nd           | Website:  www.openfoam.com                      |
|    \\/     M anipulation  |                                                 |
\*---------------------------------------------------------------------------*/
FoamFile
{
    version     2.0;
    format      ascii;
    arch        "LSB;label=32;scalar=64";
    class       volScalarField;
    location    "1200";
    object      epsilon;
}
// * * * * * * * * * * * * * * * * * * * * * * * * * * * * * * * * * * * * * //

dimensions      [0 2 -3 0 0 0 0];

internalField   nonuniform List<scalar> 
10000
(
3.16434
3.23461
3.30038
3.36101
3.41572
3.46381
3.5048
3.5388
3.56406
3.56854
3.54981
3.50646
3.43807
3.34518
3.22922
3.09235
2.93738
2.76756
2.58649
2.3979
2.20558
2.01317
1.82409
1.64137
1.46755
1.30465
1.15406
1.0166
0.89255
0.781709
0.683518
0.597152
0.521627
0.455885
0.398857
0.349516
0.306905
0.270149
0.238465
0.211157
0.187614
0.167299
0.149748
0.134559
0.121389
0.109946
0.099983
0.0912969
0.0837188
0.077111
0.0713614
0.0663781
0.0620847
0.0584158
0.0553131
0.0527234
0.0505961
0.0488834
0.0475402
0.0465244
0.0457979
0.0453266
0.0450806
0.0450342
0.0451656
0.0454561
0.0458902
0.0464515
0.047101
0.0478289
0.0486271
0.0494896
0.0504119
0.051392
0.0524303
0.0535309
0.0547028
0.0559159
0.0571529
0.0584035
0.0596578
0.0609053
0.0621346
0.0633335
0.064488
0.0655826
0.0665997
0.067519
0.068317
0.0689662
0.069434
0.0696808
0.0696588
0.0693091
0.0685622
0.0673372
0.0655417
0.063123
0.0604459
0.0602745
1.70693
1.72087
1.7313
1.73896
1.74322
1.7443
1.74251
1.73817
1.73072
1.71582
1.6924
1.65984
1.61788
1.56656
1.50631
1.43784
1.36219
1.28062
1.19456
1.10555
1.01517
0.925
0.83651
0.751044
0.669748
0.593538
0.52307
0.45874
0.400694
0.348859
0.302988
0.262704
0.22755
0.197028
0.170635
0.147883
0.128317
0.111524
0.0971335
0.0848165
0.0742853
0.0652888
0.0576088
0.0510568
0.0454707
0.0407118
0.0366621
0.0332218
0.0303069
0.0278469
0.0257825
0.0240636
0.0226477
0.0214975
0.0205802
0.0198666
0.0193299
0.0189462
0.018694
0.0185542
0.0185103
0.0185481
0.0186556
0.0188228
0.0190412
0.019304
0.0196053
0.0199429
0.0203016
0.0206785
0.0210722
0.0214821
0.0219082
0.0223515
0.0228138
0.0232978
0.0238075
0.024331
0.0248676
0.0254168
0.0259785
0.0265528
0.02714
0.0277405
0.0283553
0.0289856
0.0296331
0.0303003
0.0309905
0.0317085
0.0324604
0.0332555
0.0341062
0.0350303
0.0360524
0.0372092
0.0385774
0.040332
0.0426875
0.0454413
1.65618
1.66824
1.67848
1.6874
1.6948
1.70098
1.70591
1.70916
1.71
1.70531
1.69318
1.67237
1.64204
1.6018
1.55169
1.4922
1.42418
1.34876
1.26733
1.1814
1.09256
1.00243
0.91259
0.82452
0.739552
0.658816
0.583206
0.513356
0.449633
0.392153
0.340818
0.29536
0.255388
0.22044
0.190023
0.163644
0.140834
0.121161
0.104235
0.0897074
0.0772718
0.0666574
0.0576257
0.0499664
0.0434941
0.0380452
0.0334759
0.0296602
0.0264883
0.0238654
0.0217098
0.0199519
0.0185324
0.0174005
0.0165133
0.0158334
0.0153288
0.0149716
0.0147379
0.0146067
0.0145604
0.014584
0.0146651
0.0147936
0.0149615
0.015162
0.0153908
0.0156419
0.0159106
0.016195
0.0164942
0.016808
0.0171366
0.0174807
0.0178413
0.0182197
0.0186175
0.0190339
0.0194675
0.0199199
0.0203925
0.0208871
0.0214055
0.02195
0.0225229
0.0231269
0.0237646
0.0244391
0.0251533
0.02591
0.0267117
0.0275599
0.0284547
0.0293932
0.0303677
0.0313645
0.0323696
0.0333796
0.0343921
0.035402
1.83757
1.85408
1.87144
1.88967
1.90846
1.9279
1.94753
1.96636
1.98302
1.99434
1.99704
1.98895
1.9686
1.93521
1.88864
1.82938
1.75841
1.67708
1.58703
1.49006
1.38806
1.28294
1.17661
1.07089
0.96747
0.867877
0.773386
0.684997
0.603401
0.528974
0.461806
0.401738
0.348428
0.301402
0.260119
0.224013
0.192531
0.165156
0.141415
0.120888
0.103201
0.0880212
0.0750531
0.0640312
0.0547161
0.04689
0.0403554
0.0349328
0.0304608
0.0267954
0.0238101
0.0213949
0.0194558
0.017913
0.0166995
0.0157592
0.0150452
0.0145182
0.0141452
0.0138984
0.0137546
0.0136943
0.0137016
0.0137636
0.0138698
0.0140122
0.0141842
0.0143801
0.0145963
0.0148307
0.0150821
0.01535
0.0156343
0.0159354
0.016254
0.0165911
0.0169477
0.0173251
0.0177228
0.0181422
0.0185845
0.0190514
0.0195445
0.0200655
0.0206158
0.0211968
0.0218094
0.0224538
0.0231295
0.0238341
0.0245633
0.0253097
0.0260616
0.0268011
0.0275032
0.0281351
0.0286633
0.0290613
0.0293087
0.0295044
2.11427
2.13852
2.16709
2.19969
2.23584
2.27514
2.31647
2.35797
2.39728
2.43048
2.45255
2.46015
2.45106
2.42414
2.37925
2.3171
2.23904
2.1469
2.04279
1.92896
1.80773
1.68139
1.55219
1.42233
1.29389
1.16879
1.04874
0.935183
0.829197
0.731503
0.642448
0.562044
0.490028
0.425937
0.369179
0.319103
0.275049
0.236391
0.202554
0.173024
0.147343
0.125107
0.105954
0.0895576
0.0756177
0.0638564
0.0540128
0.0458419
0.0391148
0.0336198
0.0291645
0.0255776
0.0227095
0.0204321
0.0186379
0.0172376
0.0161577
0.0153384
0.0147305
0.0142939
0.0139957
0.0138089
0.0137114
0.0136855
0.013717
0.0137947
0.0139092
0.0140539
0.0142244
0.0144176
0.0146316
0.0148652
0.0151179
0.0153896
0.0156806
0.0159915
0.0163231
0.0166764
0.0170522
0.0174507
0.0178729
0.0183198
0.0187923
0.0192913
0.019817
0.0203697
0.0209485
0.021552
0.0221771
0.0228193
0.0234717
0.0241245
0.0247646
0.0253746
0.0259334
0.0264178
0.0268087
0.0270955
0.0272691
0.0273961
2.43939
2.4742
2.51777
2.56982
2.62978
2.69649
2.76776
2.84042
2.91056
2.97276
3.01983
3.04695
3.05113
3.03102
2.9867
2.91942
2.83127
2.72482
2.60291
2.46843
2.32422
2.17297
2.01729
1.85965
1.70245
1.54796
1.39829
1.25531
1.12054
0.995099
0.879675
0.774519
0.679511
0.594241
0.518097
0.450346
0.390223
0.336983
0.289939
0.248476
0.21205
0.180179
0.152439
0.128447
0.107851
0.0903207
0.0755388
0.0631983
0.0530003
0.044657
0.0378959
0.0324642
0.0281344
0.0247068
0.0220111
0.0199048
0.0182713
0.0170162
0.0160638
0.0153534
0.0148364
0.0144737
0.0142341
0.0140925
0.014029
0.0140271
0.0140744
0.0141618
0.014283
0.0144335
0.0146101
0.0148106
0.0150336
0.0152786
0.0155452
0.0158335
0.016144
0.0164771
0.0168336
0.0172137
0.0176176
0.0180458
0.0184984
0.0189755
0.0194769
0.0200017
0.0205485
0.0211148
0.0216971
0.0222904
0.0228877
0.0234802
0.0240566
0.0246031
0.0251038
0.0255422
0.0259039
0.0261768
0.0263391
0.0264002
2.78084
2.82903
2.89175
2.96925
3.06097
3.16458
3.27618
3.39068
3.50198
3.60176
3.68026
3.73095
3.75015
3.73665
3.69122
3.61612
3.51457
3.3903
3.24716
3.08888
2.91891
2.7404
2.55619
2.36896
2.18123
1.99549
1.81413
1.63937
1.47315
1.31703
1.17209
1.0389
0.917542
0.807742
0.708907
0.620256
0.540927
0.470064
0.406873
0.350639
0.300731
0.256598
0.217755
0.183773
0.154262
0.128854
0.107196
0.0889352
0.0737173
0.0611868
0.0509901
0.0427842
0.0362459
0.0310806
0.027029
0.0238702
0.021421
0.0195328
0.0180872
0.0169907
0.0161697
0.0155664
0.015135
0.0148398
0.0146525
0.0145491
0.0145126
0.0145305
0.0145934
0.0146946
0.014829
0.014993
0.0151843
0.0154011
0.0156426
0.0159082
0.0161977
0.0165112
0.0168488
0.0172108
0.017597
0.0180072
0.0184411
0.0188982
0.0193778
0.0198788
0.0203992
0.0209365
0.0214872
0.0220465
0.0226082
0.0231648
0.0237068
0.0242228
0.0247
0.0251245
0.0254826
0.0257602
0.0259338
0.0259988
3.11055
3.17527
3.26238
3.37334
3.50755
3.66053
3.82582
3.99561
4.16075
4.30767
4.42376
4.50083
4.53506
4.52608
4.47606
4.38894
4.26962
4.12337
3.95534
3.77031
3.57243
3.36525
3.15181
2.93475
2.71657
2.4997
2.28659
2.07967
1.88122
1.6932
1.51712
1.35389
1.20393
1.06715
0.94307
0.83089
0.729683
0.638508
0.556482
0.482812
0.416795
0.357814
0.305336
0.258896
0.21808
0.182502
0.151792
0.125576
0.103471
0.0850787
0.0699822
0.0577572
0.0479818
0.0402519
0.0341963
0.0294869
0.0258451
0.0230416
0.0208925
0.0192531
0.0180108
0.0170784
0.0163884
0.0158886
0.0155382
0.015303
0.0151596
0.0150901
0.0150812
0.0151227
0.015207
0.0153287
0.0154837
0.0156691
0.015883
0.0161242
0.0163916
0.0166848
0.0170035
0.0173473
0.0177164
0.0181097
0.0185266
0.0189663
0.0194277
0.0199093
0.0204094
0.0209253
0.0214536
0.02199
0.022529
0.0230638
0.023586
0.0240859
0.0245518
0.0249708
0.0253294
0.0256126
0.0257975
0.0258717
3.40455
3.49013
3.60959
3.76632
3.95868
4.17812
4.41416
4.65537
4.88824
5.09046
5.2469
5.34875
5.39338
5.38258
5.32102
5.21508
5.07187
4.89853
4.70171
4.48725
4.26004
4.02397
3.78207
3.53678
3.29025
3.0446
2.80203
2.56493
2.33572
2.11669
1.90971
1.71613
1.5367
1.37171
1.22083
1.0833
0.958192
0.844508
0.741329
0.647839
0.563287
0.48701
0.418441
0.3571
0.302564
0.254443
0.212369
0.175972
0.14487
0.118649
0.0968656
0.0790419
0.0646758
0.0532585
0.0442957
0.0373297
0.0319558
0.0278318
0.0246782
0.0222736
0.0204457
0.0190624
0.0180227
0.0172496
0.0166834
0.0162762
0.0159948
0.0158142
0.0157151
0.0156828
0.0157064
0.0157775
0.0158899
0.0160393
0.0162222
0.0164363
0.01668
0.0169519
0.0172511
0.017577
0.0179292
0.0183068
0.0187086
0.0191333
0.0195798
0.0200464
0.0205311
0.0210314
0.0215441
0.0220651
0.0225892
0.0231103
0.0236207
0.0241113
0.0245714
0.0249889
0.0253506
0.025642
0.0258437
0.0259428
3.64543
3.75986
3.92703
4.15128
4.42654
4.73652
5.06468
5.3948
5.70539
5.96295
6.15222
6.26678
6.30784
6.28127
6.19554
6.06021
5.88488
5.67856
5.44923
5.20364
4.94717
4.68382
4.41644
4.14694
3.87684
3.60757
3.34076
3.0784
2.82277
2.57632
2.34123
2.11917
1.91126
1.71843
1.54057
1.37704
1.22691
1.08922
0.963099
0.847825
0.742643
0.646866
0.559922
0.481355
0.410752
0.347738
0.291961
0.243077
0.200724
0.164509
0.133994
0.108689
0.0880518
0.0714967
0.0584193
0.0482254
0.0403624
0.0343426
0.0297557
0.0262697
0.0236246
0.0216206
0.0201062
0.0189675
0.0181143
0.0174814
0.0170213
0.0166984
0.0164853
0.0163611
0.0163101
0.0163201
0.0163821
0.0164893
0.0166367
0.0168206
0.0170383
0.0172875
0.0175667
0.0178746
0.0182103
0.0185731
0.0189612
0.0193732
0.0198075
0.0202623
0.0207355
0.0212247
0.0217265
0.0222371
0.0227517
0.0232642
0.0237675
0.0242531
0.0247109
0.0251296
0.0254967
0.0257986
0.0260183
0.0261425
3.82348
3.98834
4.23845
4.57222
4.97088
5.40481
5.84929
6.28169
6.66007
6.95013
7.14218
7.23791
7.24604
7.17861
7.04876
6.86931
6.65197
6.40699
6.14299
5.86696
5.58422
5.29849
5.01201
4.72589
4.44063
4.15666
3.87464
3.59575
3.32179
3.05509
2.79794
2.55224
2.31923
2.10114
1.89806
1.70943
1.53446
1.37228
1.22215
1.08376
0.956375
0.839293
0.731978
0.634088
0.545252
0.465115
0.393371
0.329722
0.273845
0.225382
0.183936
0.149046
0.120178
0.0967201
0.0779955
0.0632942
0.0519135
0.0431988
0.0365747
0.0315606
0.0277716
0.0249091
0.0227468
0.0211152
0.0198806
0.0189511
0.0182589
0.0177533
0.0173957
0.0171565
0.0170132
0.0169488
0.0169504
0.017008
0.0171145
0.0172642
0.017453
0.0176776
0.0179357
0.0182253
0.0185447
0.0188932
0.0192689
0.0196698
0.020094
0.0205396
0.0210042
0.0214854
0.0219798
0.0224837
0.0229922
0.0234998
0.0239995
0.0244833
0.0249417
0.0253642
0.0257389
0.0260535
0.0262932
0.0264452
3.92639
4.22864
4.64504
5.16798
5.75081
6.34628
6.92022
7.43297
7.81628
8.06818
8.19467
8.21189
8.13871
7.99376
7.79394
7.55385
7.28569
6.99936
6.70273
6.40183
6.10103
5.80305
5.50909
5.21904
4.9321
4.64737
4.36418
4.08246
3.80311
3.52793
3.25915
2.99864
2.74685
2.50912
2.28514
2.07451
1.87668
1.69096
1.51672
1.35486
1.20453
1.06499
0.935762
0.816856
0.70796
0.608727
0.518945
0.438402
0.366821
0.303896
0.249292
0.202607
0.163366
0.130987
0.104783
0.0839749
0.0677384
0.0552546
0.0457624
0.0385965
0.0332054
0.0291521
0.0261015
0.0238018
0.0220573
0.0207365
0.0197421
0.0190015
0.0184601
0.0180764
0.0178189
0.0176635
0.0175922
0.0175911
0.0176497
0.0177603
0.0179167
0.0181144
0.0183499
0.0186204
0.0189236
0.0192577
0.0196216
0.0200125
0.0204282
0.0208663
0.0213245
0.0218
0.0222896
0.0227892
0.0232945
0.0237997
0.0242985
0.024783
0.0252445
0.0256729
0.0260572
0.0263859
0.026646
0.0268252
4.09805
4.73219
5.48932
6.31776
7.13501
7.87904
8.50507
8.93993
9.18096
9.26036
9.21148
9.06595
8.85057
8.58694
8.29198
7.97859
7.65649
7.33287
7.01291
6.70024
6.39711
6.10446
5.82184
5.54751
5.27902
5.01383
4.74963
4.48478
4.2188
3.95263
3.68808
3.42713
3.17173
2.92481
2.6877
2.46098
2.24473
2.0386
1.84133
1.65729
1.48467
1.32264
1.17064
1.02976
0.899622
0.779784
0.670256
0.571003
0.481787
0.402363
0.332483
0.271825
0.220009
0.176548
0.14081
0.112014
0.0892707
0.0716342
0.0581663
0.0479967
0.0403691
0.0346626
0.0303919
0.0271793
0.0247489
0.0229096
0.0215204
0.020477
0.0197017
0.0191362
0.0187365
0.0184695
0.0183099
0.0182386
0.0182411
0.0183063
0.018426
0.0185937
0.0188045
0.0190546
0.0193408
0.0196605
0.0200127
0.0203941
0.0208022
0.0212342
0.0216874
0.0221589
0.0226453
0.0231427
0.0236466
0.0241516
0.0246513
0.0251386
0.0256049
0.0260409
0.0264363
0.0267803
0.0270614
0.0272678
4.99403
6.51914
7.81728
8.93389
9.81721
10.4305
10.7008
10.6966
10.5157
10.2231
9.86588
9.4762
9.07501
8.67561
8.28631
7.9122
7.55629
7.2202
6.90462
6.60954
6.33431
6.07759
5.83697
5.6089
5.38908
5.17309
4.95668
4.73626
4.50967
4.27655
4.038
3.79581
3.55239
3.31069
3.07279
2.8402
2.61399
2.39491
2.18359
1.98181
1.78978
1.60719
1.43266
1.27026
1.11898
0.977869
0.847557
0.728402
0.620103
0.522495
0.435514
0.358892
0.29239
0.235684
0.188257
0.149401
0.118234
0.0937533
0.0748933
0.0605917
0.0498669
0.0418703
0.0359176
0.0314531
0.0280966
0.0255677
0.0236611
0.0222263
0.0211526
0.020358
0.0197813
0.0193768
0.0191099
0.0189543
0.0188902
0.0189027
0.0189801
0.0191139
0.0192972
0.019525
0.019793
0.020098
0.0204377
0.0208098
0.0212106
0.0216371
0.0220861
0.0225546
0.0230391
0.0235355
0.0240395
0.0245456
0.0250478
0.0255391
0.0260117
0.0264565
0.0268639
0.027224
0.027526
0.0277589
11.1594
13.1276
13.9824
14.0862
13.6859
12.9478
12.0996
11.2633
10.4907
9.79761
9.18292
8.63843
8.15439
7.72212
7.33476
6.9872
6.67562
6.39702
6.1489
5.92891
5.73469
5.56355
5.41194
5.27508
5.14706
5.02149
4.89184
4.7521
4.59824
4.42869
4.24377
4.04501
3.83499
3.61731
3.39523
3.1714
2.94807
2.72711
2.51024
2.29921
2.09514
1.89861
1.70998
1.53071
1.36091
1.1994
1.04863
0.909721
0.781809
0.664961
0.559628
0.465462
0.38243
0.310484
0.24928
0.198246
0.156573
0.123302
0.0973291
0.0774598
0.0625059
0.0513594
0.043075
0.0368977
0.0322881
0.0288393
0.0262526
0.0243107
0.0228555
0.0217716
0.0209742
0.0204001
0.0200022
0.019745
0.0196017
0.019552
0.0195804
0.0196753
0.0198277
0.0200306
0.0202786
0.0205676
0.020894
0.021256
0.0216494
0.0220704
0.0225156
0.0229816
0.0234648
0.023961
0.0244658
0.0249739
0.0254795
0.0259758
0.0264554
0.0269097
0.0273298
0.0277062
0.0280289
0.0282879
0.301036
0.833612
1.53605
2.32132
3.09905
3.79302
4.36075
4.78484
5.06745
5.22434
5.27876
5.2562
5.18082
5.07351
4.95118
4.82673
4.70955
4.60604
4.5203
4.45463
4.40995
4.38587
4.38033
4.38931
4.40619
4.42275
4.42955
4.41472
4.37124
4.30072
4.20455
4.08451
3.94271
3.78159
3.60475
3.41589
3.21853
3.01586
2.81071
2.60562
2.40261
2.20323
2.0088
1.82061
1.63945
1.46577
1.30046
1.14389
0.994569
0.855049
0.728078
0.612429
0.508556
0.417041
0.337741
0.270333
0.214113
0.168295
0.131858
0.103568
0.0820904
0.06596
0.0539354
0.0450325
0.0384477
0.0335665
0.0299349
0.0272247
0.0251994
0.0236888
0.0225695
0.0217509
0.0211662
0.0207657
0.0205117
0.0203762
0.0203378
0.0203803
0.0204913
0.0206613
0.0208831
0.0211507
0.0214596
0.0218075
0.0221901
0.0226029
0.023042
0.0235036
0.0239838
0.0244783
0.0249826
0.0254917
0.0259997
0.0265002
0.0269861
0.0274494
0.0278817
0.0282741
0.0286173
0.0289022
0.00517876
0.0151182
0.0310288
0.0514993
0.0772233
0.117806
0.17405
0.244971
0.328227
0.420782
0.519587
0.622109
0.726653
0.83252
0.940029
1.05046
1.16599
1.28952
1.4246
1.57511
1.74484
1.93626
2.14557
2.3579
2.56782
2.76873
2.954
3.12024
3.2633
3.37585
3.45372
3.49548
3.50176
3.47439
3.41585
3.32939
3.21871
3.08779
2.9406
2.781
2.6125
2.43817
2.26076
2.08265
1.90581
1.73186
1.56225
1.39799
1.23967
1.08846
0.945392
0.809867
0.684445
0.571483
0.469835
0.380768
0.304368
0.24039
0.188161
0.146594
0.114259
0.0897057
0.0713905
0.0578876
0.0479858
0.0407261
0.0353874
0.0314445
0.0285217
0.0263514
0.0247429
0.0235586
0.0226987
0.0220897
0.0216771
0.0214203
0.0212886
0.021259
0.0213139
0.0214402
0.0216274
0.0218677
0.0221547
0.0224833
0.0228511
0.0232527
0.0236834
0.0241387
0.0246146
0.0251066
0.02561
0.0261199
0.0266307
0.0271363
0.0276299
0.0281043
0.0285516
0.0289636
0.0293319
0.0296479
0.00104
0.00118409
0.00143066
0.00171236
0.00193408
0.00226152
0.00275028
0.00348082
0.00456793
0.00616376
0.00845304
0.0116455
0.015974
0.0217052
0.029166
0.038787
0.0511656
0.0671572
0.0880035
0.115407
0.150977
0.197513
0.261447
0.357088
0.488637
0.658443
0.865796
1.10627
1.37102
1.64658
1.91705
2.16681
2.3832
2.55786
2.68686
2.76993
2.80928
2.80872
2.77285
2.70665
2.61508
2.50289
2.3745
2.23394
2.08477
1.93011
1.77266
1.61464
1.45791
1.30418
1.15488
1.01102
0.874026
0.74497
0.623029
0.514132
0.417487
0.333748
0.263066
0.205044
0.158774
0.122923
0.0958362
0.0757643
0.0610735
0.0503795
0.0425949
0.036909
0.0327369
0.0296636
0.027396
0.0257263
0.0245058
0.023627
0.0230112
0.0226004
0.0223513
0.0222315
0.0222168
0.0222888
0.0224334
0.0226398
0.0228996
0.0232057
0.0235549
0.023942
0.0243614
0.0248082
0.0252777
0.0257653
0.0262663
0.0267756
0.0272879
0.0277974
0.0282977
0.028782
0.029243
0.0296732
0.0300648
0.03041
0.00099795
0.000997307
0.000999179
0.0010032
0.00100878
0.00101832
0.00103307
0.00105438
0.00108381
0.00112347
0.00117624
0.00124589
0.00133731
0.0014567
0.00161218
0.0018149
0.00208092
0.00243248
0.00290291
0.00365112
0.00571907
0.0100096
0.0179632
0.0321072
0.0560793
0.0946719
0.153617
0.239041
0.356476
0.509408
0.69773
0.916556
1.15602
1.40247
1.64078
1.85704
2.04049
2.18443
2.28607
2.34574
2.36596
2.35057
2.30413
2.23142
2.13716
2.02578
1.90136
1.76753
1.62746
1.48398
1.33948
1.19599
1.05537
0.919127
0.788443
0.665407
0.550113
0.447031
0.357144
0.280868
0.218087
0.168081
0.129451
0.100403
0.0790047
0.0634433
0.0521887
0.0440474
0.0381368
0.0338254
0.0306683
0.0283532
0.0266599
0.0254314
0.024555
0.0239482
0.0235506
0.0233174
0.0232154
0.0232194
0.0233106
0.0234746
0.0237003
0.023979
0.0243037
0.0246714
0.0250754
0.0255099
0.0259697
0.02645
0.0269457
0.0274519
0.0279633
0.0284742
0.0289789
0.0294709
0.0299434
0.0303895
0.0308019
0.0311737
0.00099702
0.00099398
0.000991222
0.000988992
0.000987482
0.000986937
0.000987648
0.000990018
0.000994589
0.00100204
0.00101314
0.00102876
0.00104978
0.00107713
0.00111175
0.00115455
0.00120653
0.00127132
0.00135719
0.00147643
0.00167685
0.00206743
0.00287158
0.00453422
0.00787655
0.0142852
0.0259122
0.0458612
0.0782824
0.128233
0.201184
0.302105
0.434191
0.597477
0.787807
0.996683
1.21229
1.42144
1.61183
1.77372
1.90077
1.99002
2.04131
2.05658
2.03913
1.99301
1.92257
1.83219
1.72604
1.60797
1.48147
1.3496
1.21509
1.08026
0.947172
0.817844
0.693885
0.577499
0.46949
0.374614
0.293733
0.227273
0.17442
0.133756
0.103348
0.0810849
0.0649955
0.0534289
0.0451093
0.039102
0.0347435
0.0315692
0.029255
0.0275729
0.0263616
0.025505
0.0249192
0.0245428
0.0243305
0.0242487
0.0242723
0.0243823
0.0245644
0.0248072
0.0251017
0.0254434
0.0258261
0.0262431
0.0266887
0.0271573
0.0276439
0.0281433
0.0286504
0.0291597
0.0296656
0.0301622
0.0306432
0.0311021
0.0315324
0.0319278
0.00099696
0.000993797
0.0009907
0.000987884
0.000985649
0.000984375
0.000984503
0.000986497
0.000990825
0.000997951
0.00100833
0.00102245
0.00104081
0.00106395
0.00109249
0.00112709
0.00116848
0.00121756
0.00127564
0.00134467
0.00142911
0.00154046
0.00170728
0.00199655
0.00255509
0.00368048
0.00592998
0.0102655
0.018219
0.0320613
0.0549356
0.0908608
0.14448
0.220468
0.32259
0.452525
0.608758
0.785984
0.975388
1.1659
1.34603
1.50558
1.63692
1.73537
1.79907
1.82847
1.82571
1.79403
1.73726
1.6595
1.5648
1.457
1.33964
1.21591
1.0887
0.960583
0.833906
0.710956
0.593779
0.485018
0.385718
0.301724
0.23254
0.177739
0.135829
0.104693
0.0820486
0.0657859
0.0541605
0.045841
0.0398622
0.035544
0.0324138
0.0301426
0.0285005
0.027325
0.0265002
0.0259422
0.0255901
0.0253993
0.0253367
0.0253776
0.0255034
0.0256999
0.0259559
0.0262628
0.0266165
0.0270093
0.0274345
0.0278861
0.0283585
0.0288466
0.029345
0.0298485
0.0303517
0.0308491
0.0313349
0.0318032
0.0322478
0.0326636
0.000996994
0.000993876
0.000990825
0.000987992
0.000985586
0.000983854
0.000983075
0.00098357
0.000985702
0.000989883
0.000996582
0.00100633
0.00101971
0.00103736
0.00106
0.00108839
0.00112336
0.00116578
0.00121651
0.0012765
0.0013469
0.00142959
0.0015287
0.0016546
0.00183286
0.00212279
0.00265196
0.00367499
0.0056627
0.00942056
0.016226
0.0279726
0.0472943
0.0775976
0.122895
0.187355
0.274551
0.386466
0.522483
0.678718
0.848049
1.02099
1.18717
1.33694
1.46256
1.55886
1.62326
1.65544
1.65685
1.63018
1.57885
1.50665
1.41743
1.31493
1.20268
1.08391
0.961621
0.838588
0.717446
0.600856
0.491241
0.391537
0.304782
0.233866
0.178108
0.135772
0.104559
0.0820205
0.065933
0.0544912
0.0463377
0.0404995
0.0362968
0.0332598
0.0310629
0.0294795
0.0283501
0.0275612
0.0270313
0.0267014
0.0265283
0.0264801
0.0265331
0.0266691
0.0268742
0.0271372
0.0274522
0.0278121
0.0282092
0.0286368
0.0290889
0.0295597
0.0300442
0.0305369
0.0310328
0.0315265
0.0320129
0.0324864
0.0329414
0.0333735
0.000997079
0.00099404
0.000991098
0.000988376
0.000986048
0.000984332
0.000983491
0.000983831
0.0009857
0.000989488
0.000995629
0.0010046
0.00101692
0.00103316
0.00105392
0.00107985
0.00111165
0.00115006
0.00119589
0.00125001
0.00131336
0.00138696
0.00147214
0.00157107
0.00168864
0.0018368
0.00204405
0.00237415
0.00295962
0.00405669
0.00612582
0.00993566
0.0166822
0.0281137
0.0466376
0.0753426
0.117844
0.177881
0.25864
0.361874
0.487
0.6305
0.785935
0.944697
1.09731
1.23484
1.35004
1.4379
1.49583
1.52334
1.52164
1.49316
1.44107
1.36895
1.28049
1.17934
1.06898
0.952689
0.833622
0.714832
0.599336
0.490274
0.390724
0.302842
0.23149
0.175763
0.133828
0.10318
0.0812118
0.0656196
0.0545747
0.046726
0.0411166
0.0370834
0.0341705
0.0320637
0.0305447
0.0294607
0.0287033
0.028195
0.0278797
0.0277165
0.0276749
0.0277322
0.027871
0.0280776
0.0283414
0.0286576
0.029017
0.0294121
0.0298361
0.0302829
0.030747
0.0312232
0.0317062
0.0321911
0.032673
0.0331469
0.0336077
0.0340516
0.000997203
0.000994251
0.000991423
0.000988815
0.000986558
0.000984819
0.000983798
0.000983736
0.000984915
0.000987669
0.000992385
0.000999512
0.00100956
0.00102309
0.00104073
0.00106317
0.00109113
0.00112541
0.00116684
0.00121628
0.00127466
0.00134291
0.00142203
0.00151312
0.0016177
0.00173861
0.00188238
0.00206473
0.00232173
0.00273067
0.00344568
0.00475328
0.00714993
0.0114379
0.0188328
0.0310745
0.0505126
0.080098
0.1232
0.183192
0.262787
0.363218
0.483442
0.619676
0.76552
0.91275
1.05254
1.17672
1.27878
1.3543
1.40109
1.41891
1.40905
1.3739
1.31656
1.2405
1.14932
1.04661
0.935898
0.820653
0.704326
0.590401
0.482345
0.3834
0.296686
0.2258
0.171092
0.130385
0.100909
0.0799228
0.0650904
0.0546055
0.0471572
0.0418285
0.037989
0.0352072
0.0331869
0.0317232
0.0306726
0.0299338
0.0294342
0.0291214
0.0289567
0.0289114
0.0289635
0.0290961
0.0292956
0.0295543
0.0298643
0.0302165
0.0306033
0.0310178
0.0314542
0.0319068
0.0323706
0.0328407
0.0333125
0.0337814
0.0342426
0.0346933
0.000997367
0.00099451
0.000991798
0.000989304
0.00098713
0.000985407
0.000984307
0.000984044
0.000984876
0.000987117
0.000991137
0.000997368
0.0010063
0.00101848
0.00103451
0.00105504
0.00108077
0.00111243
0.00115082
0.00119679
0.00125122
0.00131506
0.00138929
0.00147492
0.00157303
0.00168493
0.00181266
0.00196041
0.00213797
0.00236804
0.00270027
0.00323603
0.00416832
0.00584053
0.00882386
0.0140087
0.0227047
0.0367389
0.0585107
0.090935
0.1372
0.200302
0.282362
0.383845
0.502891
0.635047
0.773596
0.910452
1.03735
1.14696
1.23368
1.29396
1.32627
1.33082
1.30919
1.26391
1.19809
1.11521
1.01891
0.912893
0.800954
0.686934
0.574712
0.468149
0.370979
0.286388
0.21731
0.164711
0.126018
0.0982301
0.0785395
0.0646425
0.0548055
0.0477928
0.0427492
0.0390906
0.0364189
0.0344611
0.0330285
0.0319889
0.0312486
0.0307403
0.0304148
0.0302355
0.0301748
0.0302115
0.0303288
0.0305137
0.0307597
0.0310566
0.0313951
0.0317677
0.0321676
0.0325889
0.0330263
0.0334749
0.0339302
0.0343879
0.0348438
0.0352953
0.000997569
0.000994823
0.000992233
0.000989846
0.000987728
0.000985984
0.000984753
0.000984213
0.000984586
0.000986151
0.000989256
0.00099431
0.00100179
0.00101225
0.00102627
0.00104452
0.00106771
0.00109657
0.00113193
0.00117463
0.00122559
0.00128577
0.00135617
0.0014378
0.0015317
0.00163895
0.00176075
0.00189873
0.00205593
0.00223909
0.0024638
0.00276472
0.00321384
0.00395082
0.00522894
0.00747856
0.0113855
0.0179804
0.0287329
0.0456305
0.0711887
0.108321
0.16001
0.228767
0.315922
0.420899
0.540734
0.670075
0.801762
0.927842
1.0407
1.13399
1.20318
1.24571
1.26086
1.24941
1.2133
1.15529
1.07868
0.987152
0.884641
0.775262
0.663265
0.552972
0.448654
0.354247
0.272918
0.207039
0.157551
0.121502
0.0957502
0.0775145
0.064601
0.0554
0.0487819
0.0439716
0.0404414
0.0378311
0.0358932
0.0344558
0.0333976
0.0326317
0.032095
0.0317407
0.0315333
0.0314458
0.0314571
0.0315502
0.0317144
0.0319407
0.0322181
0.0325375
0.032891
0.033272
0.0336748
0.0340943
0.0345261
0.0349659
0.0354098
0.0358557
0.00099781
0.000995228
0.000992826
0.000990612
0.000988657
0.000987096
0.000986099
0.000985862
0.000986626
0.000988688
0.000992403
0.000998184
0.0010065
0.00101786
0.00103283
0.00105199
0.00107594
0.00110532
0.0011408
0.00118314
0.00123313
0.00129163
0.00135955
0.00143789
0.00152768
0.00163002
0.00174606
0.00187707
0.00202466
0.00219139
0.0023825
0.00260974
0.00289919
0.00330569
0.003937
0.00499132
0.00681056
0.00994876
0.0152523
0.0239479
0.0377277
0.0587931
0.0897936
0.133597
0.192852
0.269363
0.363377
0.472992
0.593947
0.719954
0.843522
0.957034
1.05373
1.12841
1.17769
1.20004
1.19556
1.16565
1.11276
1.04012
0.951548
0.85126
0.743775
0.633785
0.526009
0.424966
0.334621
0.257896
0.196477
0.150846
0.117787
0.0941559
0.0773196
0.0652725
0.0565748
0.0502268
0.0455428
0.042053
0.0394343
0.0374623
0.0359787
0.0348703
0.0340548
0.0334711
0.0330731
0.0328257
0.0327016
0.0326791
0.0327411
0.032879
0.0330801
0.0333332
0.033629
0.0339598
0.0343189
0.034701
0.0351014
0.035516
0.0359409
0.0363745
0.000998501
0.000997437
0.000997963
0.00100061
0.00100606
0.00101499
0.00102806
0.00104587
0.00106887
0.00109739
0.0011315
0.00117102
0.0012155
0.00126424
0.00131635
0.00137083
0.00142666
0.00148297
0.00153915
0.00159499
0.00165074
0.00170708
0.00176519
0.00182666
0.00189339
0.00196755
0.00205147
0.00214758
0.00225833
0.00238634
0.00253477
0.0027087
0.00291812
0.00318433
0.00355193
0.00410914
0.00501971
0.00656902
0.00922493
0.013711
0.0210888
0.0328429
0.0509412
0.0778155
0.116197
0.168757
0.237552
0.32334
0.424944
0.538911
0.659666
0.780175
0.892925
0.990915
1.06842
1.12142
1.14771
1.14685
1.11992
1.06927
0.998266
0.911004
0.812105
0.706504
0.599251
0.495286
0.399133
0.314483
0.243705
0.187587
0.146078
0.11591
0.094121
0.0783548
0.0668656
0.0584167
0.0521424
0.0474378
0.0438815
0.0411779
0.0391175
0.0375496
0.0363641
0.0354796
0.0348344
0.0343818
0.0340855
0.0339173
0.0338549
0.0338828
0.0339898
0.0341619
0.0343874
0.0346568
0.0349625
0.0352981
0.0356588
0.0360402
0.0364385
0.0368522
0.00104363
0.00114977
0.00134383
0.00165059
0.00208678
0.00266306
0.00338448
0.00424808
0.00524058
0.00633729
0.00750242
0.00869046
0.00984898
0.0109225
0.0118573
0.0126061
0.0131328
0.0134155
0.0134478
0.0132394
0.0128139
0.0122065
0.0114599
0.0106204
0.0097342
0.00884387
0.0079863
0.00719121
0.00648072
0.00586963
0.00536633
0.00497427
0.00469423
0.00452809
0.00448544
0.00459494
0.00492305
0.00560298
0.00687623
0.00914799
0.0130551
0.019544
0.0299534
0.0460816
0.0701917
0.104889
0.152816
0.21615
0.295951
0.39151
0.499924
0.616122
0.733391
0.844268
0.941531
1.01905
1.07236
1.09892
1.09811
1.07106
1.02035
0.949664
0.863458
0.766678
0.664492
0.56204
0.464152
0.374983
0.297585
0.233542
0.182729
0.144845
0.116826
0.0961353
0.080798
0.0693865
0.0608518
0.0544232
0.0495463
0.0458246
0.0429727
0.0407837
0.0391059
0.0378268
0.036862
0.0361475
0.0356342
0.0352843
0.0350682
0.0349629
0.0349564
0.0350314
0.035173
0.0353692
0.0356109
0.0358905
0.0362026
0.0365424
0.0369062
0.0372926
0.00701217
0.0150039
0.026187
0.04064
0.0576167
0.0764095
0.0963812
0.116807
0.136876
0.155769
0.172708
0.186994
0.198051
0.205461
0.208995
0.208636
0.204552
0.197116
0.186801
0.174179
0.159877
0.144532
0.128749
0.113072
0.0979627
0.0837815
0.0707861
0.059136
0.0489037
0.0400893
0.0326366
0.02645
0.0214091
0.0173826
0.0142406
0.0118666
0.0101706
0.00910828
0.00870727
0.00910802
0.0106184
0.0137788
0.0194328
0.0288021
0.0435547
0.0658236
0.0981116
0.143021
0.20278
0.278602
0.369998
0.474284
0.586512
0.699949
0.807007
0.900346
0.973836
1.02319
1.0462
1.04266
1.01409
0.963368
0.894344
0.81154
0.719839
0.62423
0.529531
0.440056
0.359248
0.289341
0.231177
0.184441
0.148446
0.121037
0.100162
0.0843966
0.0725442
0.0636082
0.0568378
0.0516821
0.0477369
0.0447065
0.042374
0.0405795
0.0392038
0.0381575
0.0373731
0.0367986
0.0363945
0.036131
0.035988
0.0359486
0.0359915
0.0361019
0.0362682
0.0364817
0.0367357
0.0370251
0.037346
0.0376971
0.0812644
0.109043
0.140388
0.178531
0.220628
0.26422
0.308268
0.35216
0.39517
0.436544
0.475604
0.511742
0.544391
0.573022
0.597143
0.616405
0.630874
0.637058
0.635061
0.625211
0.608063
0.584408
0.55524
0.521655
0.484894
0.446192
0.406678
0.36736
0.329095
0.292557
0.258234
0.226453
0.197396
0.171133
0.147639
0.126823
0.108548
0.0926519
0.0789692
0.067353
0.0577017
0.0499928
0.0443257
0.0409741
0.0404434
0.0435254
0.0513339
0.0652979
0.0870854
0.118431
0.160858
0.215318
0.281809
0.359076
0.444465
0.533998
0.622696
0.705083
0.775817
0.830303
0.865193
0.878684
0.870606
0.842301
0.796376
0.736358
0.666315
0.590466
0.512828
0.436934
0.365666
0.301192
0.244972
0.197635
0.158982
0.12912
0.106705
0.0898844
0.0772493
0.0677382
0.0605402
0.0550564
0.0508509
0.0476074
0.0450952
0.0431449
0.0416309
0.040459
0.039558
0.0388734
0.0383633
0.0379997
0.0377653
0.0376393
0.0376022
0.0376397
0.0377412
0.0378987
0.0381064
0.0383602
0.0246131
0.0216859
0.0191909
0.0169058
0.0150979
0.0138394
0.0130632
0.01272
0.0127754
0.0131989
0.0139616
0.0150391
0.0164121
0.0180661
0.0199906
0.0221472
0.0248932
0.0374809
0.0565968
0.0797064
0.105125
0.131627
0.158276
0.184279
0.20707
0.224796
0.237024
0.243623
0.244808
0.241232
0.233693
0.223052
0.21014
0.19571
0.18041
0.164781
0.149265
0.134207
0.119876
0.106469
0.094137
0.0830011
0.0731807
0.0648268
0.0581618
0.0535249
0.0514188
0.0525501
0.0578489
0.068453
0.0856407
0.110701
0.14474
0.188446
0.241834
0.304031
0.373141
0.446244
0.519563
0.588813
0.649664
0.698256
0.731651
0.748124
0.747281
0.729978
0.698104
0.654272
0.601477
0.542793
0.481148
0.419195
0.359261
0.303312
0.252896
0.20909
0.172289
0.142216
0.118443
0.100309
0.0864621
0.0758687
0.0677301
0.0614393
0.0565436
0.0527077
0.0496837
0.0472869
0.045379
0.0438555
0.0426367
0.0416616
0.0408829
0.0402711
0.0398086
0.0394743
0.0392501
0.0391223
0.0390806
0.0391171
0.0253914
0.0212989
0.0180469
0.0153914
0.0131653
0.0113411
0.00984178
0.00859291
0.00754129
0.00665121
0.00589606
0.0052547
0.00471025
0.00424972
0.00386411
0.00354997
0.00330858
0.00316468
0.00313474
0.00323685
0.00349567
0.00394329
0.00461434
0.00565038
0.0113593
0.0233188
0.0396929
0.0591342
0.0802413
0.0996494
0.115983
0.128338
0.136469
0.140609
0.14125
0.138985
0.134414
0.128101
0.120551
0.112207
0.103453
0.0946126
0.0859677
0.0777698
0.0702639
0.0637178
0.0584562
0.0548991
0.0535981
0.0552627
0.0607666
0.0711231
0.0874202
0.11071
0.141856
0.18134
0.229062
0.284158
0.344876
0.408584
0.471939
0.531213
0.58274
0.623369
0.650824
0.663907
0.662519
0.647527
0.62054
0.583651
0.539204
0.489607
0.43722
0.384267
0.332767
0.284447
0.240647
0.202232
0.169572
0.142541
0.120575
0.103344
0.0899327
0.0794704
0.0712754
0.0648189
0.0596978
0.0556076
0.0523186
0.0496573
0.0474922
0.0457228
0.0442722
0.0430813
0.042104
0.041312
0.0406863
0.0402054
0.039853
0.0396164
0.0222865
0.0188243
0.0159444
0.0135534
0.0115831
0.00997777
0.0086581
0.00756537
0.00665536
0.00589451
0.00525669
0.00472141
0.00427234
0.0038963
0.00358242
0.00332165
0.00310651
0.00293126
0.00279138
0.00268265
0.00260032
0.00253899
0.00249376
0.00246421
0.00246604
0.00253121
0.00271193
0.00311482
0.00437161
0.0105833
0.0217453
0.0365439
0.0523477
0.067177
0.0795802
0.0888531
0.0949031
0.0979916
0.0985351
0.0969952
0.0938257
0.0894492
0.0842478
0.0785646
0.0727109
0.0669809
0.0616725
0.0571142
0.053696
0.0519008
0.0523306
0.0557198
0.0629282
0.0749064
0.0926258
0.11697
0.148585
0.187699
0.233931
0.286129
0.342298
0.399692
0.455066
0.505072
0.546687
0.577577
0.596302
0.602374
0.596163
0.57873
0.551631
0.51673
0.476047
0.431644
0.385525
0.339556
0.295383
0.254343
0.217401
0.1851
0.157573
0.134623
0.115768
0.100633
0.0886128
0.0790417
0.0713893
0.065237
0.0602596
0.056207
0.0528868
0.0501515
0.0478873
0.0460067
0.0444416
0.0431395
0.0420592
0.041176
0.0404689
0.0399193
0.0217452
0.0183435
0.0154754
0.0131459
0.0112565
0.00972928
0.00848323
0.00746109
0.00662096
0.00593213
0.005371
0.0049186
0.00455886
0.00427763
0.00406215
0.00390084
0.00378323
0.00370005
0.0036432
0.00360577
0.00358208
0.00356777
0.00355999
0.00355796
0.00356293
0.00357611
0.00359522
0.00361363
0.00362617
0.00365248
0.00381112
0.00479944
0.008943
0.0172146
0.0287214
0.041435
0.0533238
0.063055
0.0700957
0.0744644
0.0764554
0.0764657
0.0749086
0.0721777
0.0686339
0.0646068
0.060405
0.0563338
0.0527175
0.0499271
0.048408
0.0487045
0.0514755
0.0574944
0.0676281
0.0827861
0.103835
0.131467
0.166032
0.207332
0.254445
0.305633
0.358408
0.409786
0.456679
0.4963
0.526491
0.545902
0.554024
0.5511
0.537985
0.51598
0.486679
0.451833
0.413248
0.372693
0.331821
0.292094
0.254716
0.220574
0.190215
0.163852
0.141407
0.122601
0.107001
0.0942917
0.0839983
0.0756387
0.0688224
0.0632366
0.0586344
0.0548222
0.0516491
0.048997
0.0467739
0.0449079
0.0433427
0.0420343
0.04095
0.0400661
0.0202103
0.0170954
0.0144382
0.0122833
0.0105679
0.00921635
0.00815792
0.00734763
0.0067491
0.00632905
0.0060559
0.00589967
0.00583236
0.00582872
0.00586677
0.00592828
0.00599876
0.00606728
0.00612603
0.00616982
0.00619547
0.00620133
0.00618691
0.00615266
0.00609989
0.00603126
0.00595134
0.00586622
0.00578613
0.00573205
0.00571261
0.00572984
0.00585896
0.0065657
0.0089586
0.0144337
0.0233307
0.0341187
0.044555
0.0530638
0.0590443
0.0625499
0.0639307
0.0636216
0.0620465
0.059587
0.0565808
0.0533354
0.0501476
0.0473292
0.0452335
0.0442827
0.0449911
0.0479802
0.0539815
0.0638201
0.0783714
0.0984805
0.124831
0.15776
0.197043
0.241698
0.289923
0.339216
0.386693
0.429496
0.465175
0.491936
0.508753
0.515342
0.512059
0.499759
0.479656
0.45319
0.421917
0.387421
0.351234
0.314773
0.279273
0.245741
0.214916
0.187253
0.162945
0.141958
0.124093
0.109047
0.0964494
0.0860392
0.0774571
0.0703603
0.064471
0.0595634
0.0554566
0.0520067
0.0490997
0.0466453
0.0445723
0.0428243
0.0413569
0.0401346
0.0190296
0.0161579
0.013699
0.0118229
0.0105115
0.00968354
0.00924899
0.00912745
0.00923576
0.00949418
0.00983406
0.0102012
0.0105557
0.01087
0.0111273
0.0113185
0.0114402
0.0114934
0.0114818
0.0114106
0.0112864
0.0111165
0.0109092
0.0106738
0.0104202
0.0101646
0.00994033
0.00974142
0.00955919
0.00937543
0.00918126
0.00898446
0.00880657
0.00871321
0.00889525
0.00984068
0.0125313
0.0181698
0.0268321
0.0366263
0.0451962
0.0512841
0.0547579
0.0560389
0.055679
0.0541813
0.0519554
0.0493318
0.0465933
0.0440103
0.0418717
0.0405148
0.0403514
0.0418891
0.0457446
0.0526453
0.0634127
0.0789149
0.0999719
0.127195
0.160761
0.200167
0.244077
0.290361
0.336367
0.379322
0.41673
0.446655
0.467857
0.479793
0.482537
0.476659
0.463095
0.443029
0.417784
0.388743
0.357272
0.324666
0.292091
0.260539
0.230797
0.203423
0.178754
0.156919
0.137883
0.121487
0.107495
0.095635
0.0856159
0.0771883
0.0701347
0.0642121
0.0592226
0.0550069
0.0514361
0.048406
0.0458324
0.0436482
0.0417996
0.0402433
0.017586
0.0155255
0.0141691
0.0138059
0.0142798
0.0152466
0.0164194
0.0176118
0.0187024
0.0196214
0.0203381
0.0208471
0.0211575
0.0212859
0.0212522
0.0210774
0.0207822
0.020386
0.0199074
0.019364
0.018773
0.0181521
0.0175227
0.0169262
0.0163568
0.015794
0.0152058
0.0145976
0.0139761
0.01335
0.0127287
0.0121241
0.0115553
0.0110605
0.0107243
0.0107347
0.0114952
0.0137987
0.0187755
0.0267885
0.0360117
0.043689
0.0484429
0.0504374
0.0504371
0.0491843
0.0472127
0.0448817
0.0424486
0.0401335
0.0381639
0.0368099
0.0364089
0.037388
0.0402808
0.0457384
0.0545265
0.0675002
0.0855327
0.109367
0.139377
0.175287
0.215972
0.25948
0.303308
0.344818
0.38162
0.411849
0.434287
0.448353
0.454023
0.451728
0.44223
0.426523
0.405739
0.381073
0.353721
0.324824
0.29543
0.266452
0.238639
0.21256
0.1886
0.166972
0.147742
0.130855
0.116173
0.103507
0.0926418
0.0833571
0.0754413
0.0686949
0.0629384
0.058036
0.0538634
0.0503047
0.0472662
0.0446719
0.0424608
0.040583
0.0217306
0.0238376
0.026536
0.0295596
0.0323771
0.0346268
0.0362581
0.0373315
0.0379238
0.0381099
0.0379572
0.037524
0.0368607
0.036011
0.0350128
0.0338986
0.0326972
0.0314343
0.0301334
0.0288186
0.0275204
0.0262709
0.0250403
0.0237875
0.0225191
0.0212503
0.0199955
0.0187686
0.0175824
0.016449
0.0153801
0.0143894
0.0134969
0.0127381
0.012182
0.0119635
0.012344
0.0138373
0.0173631
0.0239456
0.0329826
0.0411279
0.0456109
0.0466966
0.045783
0.0440618
0.0420554
0.0399184
0.0377945
0.035831
0.0341842
0.0331014
0.032873
0.0338747
0.036593
0.0416359
0.0497408
0.0617591
0.0785912
0.101025
0.12946
0.163594
0.202247
0.243453
0.284802
0.323846
0.358437
0.386937
0.408324
0.422138
0.42839
0.427464
0.420024
0.406933
0.389171
0.367767
0.343752
0.318114
0.291761
0.265493
0.239979
0.215743
0.193162
0.172473
0.153788
0.137116
0.122388
0.109482
0.0982423
0.0884984
0.0800779
0.0728153
0.0665578
0.0611698
0.0565312
0.0525377
0.0490997
0.0461417
0.0436004
0.041422
0.0605029
0.0648746
0.0664727
0.0671461
0.0672191
0.0667737
0.0658864
0.0646285
0.0630631
0.0612454
0.0592243
0.0570442
0.054746
0.0523686
0.0499456
0.0475046
0.0450693
0.0426655
0.0403252
0.0380751
0.0358748
0.0336917
0.0315539
0.0294816
0.0274918
0.0255993
0.0238161
0.0221521
0.0206157
0.0192156
0.0179626
0.0168732
0.0159764
0.0153273
0.0150401
0.0153597
0.0166762
0.019486
0.0241043
0.0300398
0.0358468
0.0398713
0.0414145
0.0410506
0.0397025
0.03804
0.0363208
0.0346114
0.0329974
0.0315915
0.0305404
0.030065
0.0304431
0.0320367
0.0353169
0.0408782
0.049446
0.0618563
0.0789707
0.101482
0.129622
0.162878
0.199917
0.238772
0.277222
0.313156
0.344748
0.370074
0.388752
0.40063
0.405824
0.404714
0.397897
0.386132
0.370273
0.351206
0.329813
0.306933
0.283332
0.259687
0.236566
0.214421
0.193587
0.174289
0.156649
0.140708
0.126438
0.113764
0.102577
0.0927526
0.0841553
0.0766521
0.0701158
0.0644291
0.059486
0.0551925
0.0514667
0.0482376
0.0454447
0.0430361
0.120709
0.1165
0.112464
0.108669
0.104926
0.101088
0.0971028
0.0929927
0.0888018
0.0845738
0.0803455
0.0761461
0.0719974
0.0679487
0.0640433
0.0602925
0.05673
0.0533924
0.0502095
0.0471348
0.0441893
0.0413838
0.0387283
0.0362324
0.0339031
0.031745
0.029762
0.0279594
0.0263453
0.0249347
0.0237532
0.0228423
0.0222659
0.0221134
0.0224918
0.0234964
0.0251577
0.0273757
0.0299039
0.0323482
0.0342269
0.0351553
0.0350826
0.0343062
0.0331977
0.0320113
0.0308542
0.0297822
0.0288788
0.0282628
0.0280984
0.0286132
0.0301014
0.0329443
0.037629
0.0447562
0.0550306
0.069207
0.0879631
0.111686
0.140227
0.172753
0.207795
0.243502
0.277943
0.309353
0.336242
0.357499
0.372813
0.382149
0.385669
0.383599
0.376492
0.365196
0.35048
0.333092
0.313775
0.293227
0.272081
0.250889
0.230114
0.210127
0.191207
0.173543
0.157252
0.14238
0.128922
0.116833
0.106039
0.096448
0.0879586
0.0804671
0.0738716
0.0680754
0.0629893
0.0585326
0.0546331
0.0512275
0.0482609
0.0456853
0.158431
0.156341
0.15163
0.145369
0.138433
0.131327
0.12433
0.117583
0.11114
0.10501
0.099182
0.0936518
0.0884232
0.0835039
0.0788869
0.0745315
0.0703693
0.0663399
0.0624661
0.0587506
0.0551933
0.0517944
0.048552
0.045465
0.042536
0.0397733
0.0371929
0.0348183
0.0326806
0.030815
0.0292576
0.0280393
0.0271805
0.0266877
0.0265495
0.0267339
0.027181
0.027796
0.0284512
0.0289971
0.0292947
0.0292678
0.0289446
0.0284391
0.0278796
0.0273637
0.0269612
0.0267481
0.0268326
0.0273626
0.028536
0.0306113
0.033917
0.0388622
0.0459404
0.055715
0.0687759
0.0856479
0.106649
0.131722
0.160311
0.191348
0.223396
0.254866
0.284233
0.310187
0.331728
0.348249
0.359583
0.365785
0.367054
0.3637
0.356211
0.345096
0.331043
0.314878
0.297239
0.27869
0.259735
0.240805
0.222262
0.204393
0.187418
0.171487
0.156694
0.143083
0.130658
0.119391
0.109229
0.100108
0.0919518
0.0846811
0.0782164
0.0724807
0.0674017
0.0629123
0.0589517
0.0554659
0.0524069
0.0497331
0.184921
0.179975
0.17225
0.163353
0.154228
0.145338
0.136882
0.128913
0.121408
0.114306
0.107533
0.101014
0.0947409
0.0887246
0.0829549
0.0774232
0.0721364
0.0670963
0.0623069
0.0577749
0.0535057
0.0495063
0.0457856
0.0423534
0.0392191
0.0363908
0.0338742
0.0316723
0.0297841
0.0282051
0.0269261
0.025934
0.0252103
0.0247316
0.0244686
0.0243853
0.0244386
0.0245794
0.0247567
0.024925
0.0250551
0.0251454
0.0252271
0.0253562
0.0255993
0.0260289
0.0267299
0.0278114
0.0294176
0.0317338
0.0349928
0.0394801
0.0455347
0.0535439
0.0639236
0.0770788
0.0933376
0.112861
0.135543
0.160937
0.188245
0.216389
0.24415
0.270322
0.293837
0.313852
0.329795
0.341383
0.348585
0.35153
0.350453
0.345677
0.337603
0.326642
0.313127
0.29795
0.281742
0.264954
0.24797
0.231111
0.214647
0.19879
0.183701
0.169491
0.156232
0.143958
0.132672
0.122356
0.112975
0.104479
0.0968128
0.0899166
0.0837294
0.0781911
0.0732443
0.0688351
0.0649137
0.0614353
0.0583596
0.055652
0.157036
0.148748
0.138502
0.128219
0.118456
0.109393
0.101067
0.0934567
0.0865152
0.0801882
0.0744199
0.0691577
0.064316
0.0598277
0.055665
0.0518099
0.0482441
0.0449522
0.0419205
0.039138
0.0365959
0.0342867
0.0322039
0.0303413
0.0286928
0.0272521
0.0260126
0.0249674
0.0241091
0.0234297
0.0229205
0.0225724
0.0223753
0.0223186
0.0223912
0.0225816
0.022879
0.023275
0.0237652
0.0243529
0.0250523
0.0258914
0.0269137
0.028178
0.0297583
0.0317456
0.0342527
0.0374188
0.0414129
0.046435
0.0527155
0.060509
0.0700835
0.0816984
0.0955727
0.111841
0.130502
0.151368
0.174034
0.197878
0.222107
0.245832
0.268169
0.288319
0.305638
0.319666
0.330138
0.336979
0.34026
0.340154
0.336904
0.330799
0.322145
0.311202
0.298123
0.283889
0.269009
0.25383
0.238637
0.223665
0.209104
0.195102
0.181773
0.169194
0.157413
0.146454
0.136319
0.126992
0.118448
0.11065
0.103557
0.0971237
0.0913028
0.0860485
0.0813158
0.0770621
0.0732475
0.0698355
0.0667932
0.0640923
0.0758358
0.0713423
0.0667622
0.0625544
0.0587246
0.0552382
0.0520607
0.0491592
0.046504
0.0440694
0.0418332
0.039777
0.0378838
0.0361392
0.0345318
0.0330528
0.0316955
0.0304552
0.0293283
0.0283123
0.0274055
0.026607
0.0259164
0.0253338
0.0248597
0.0244953
0.024242
0.0241016
0.0240766
0.0241701
0.0243857
0.0247281
0.0252029
0.025817
0.0265795
0.0275013
0.0285971
0.0298855
0.0313909
0.0331447
0.0351871
0.0375686
0.0403512
0.0436096
0.0474322
0.0519222
0.057198
0.0633925
0.0706508
0.0791252
0.0889662
0.100311
0.113266
0.127885
0.144146
0.161927
0.180987
0.200958
0.221357
0.241613
0.261112
0.279252
0.295488
0.309376
0.320595
0.328953
0.334385
0.336934
0.336731
0.333958
0.328829
0.321559
0.312312
0.301112
0.288532
0.275238
0.261602
0.247886
0.234295
0.220994
0.208113
0.195752
0.183986
0.172863
0.162415
0.152654
0.143578
0.135176
0.127426
0.1203
0.113766
0.10779
0.102337
0.0973698
0.0928541
0.0887564
0.0850451
0.0816907
0.0786666
0.07595
0.0541996
0.052489
0.050789
0.0492022
0.0477293
0.0463638
0.0450988
0.0439285
0.0428477
0.0418523
0.040939
0.0401056
0.0393506
0.0386733
0.0380738
0.0375526
0.037111
0.0367507
0.0364743
0.0362847
0.0361859
0.0361823
0.0362793
0.0364829
0.0368002
0.0372392
0.037809
0.03852
0.0393836
0.0404131
0.0416233
0.0430307
0.0446543
0.0465152
0.0486375
0.0510481
0.0537779
0.0568615
0.0603382
0.0642523
0.0686535
0.0735972
0.0791444
0.0853613
0.0923181
0.100088
0.108742
0.11835
0.12897
0.140642
0.153382
0.167172
0.181947
0.197587
0.21391
0.230671
0.247563
0.264228
0.280279
0.29532
0.308973
0.320908
0.330857
0.33863
0.344121
0.347302
0.348219
0.346973
0.343705
0.338569
0.331701
0.323186
0.312943
0.301491
0.289333
0.276812
0.264183
0.251634
0.239307
0.227315
0.215742
0.204652
0.194089
0.184084
0.174652
0.165797
0.157516
0.149796
0.142619
0.135963
0.129803
0.124113
0.118863
0.114027
0.109578
0.105488
0.101733
0.0982901
0.095137
0.0922563
0.0881896
0.0874573
0.0866988
0.0859786
0.0853053
0.0846824
0.0841129
0.0836002
0.083148
0.0827603
0.0824417
0.082197
0.0820314
0.0819507
0.081961
0.082069
0.082282
0.0826081
0.0830558
0.0836347
0.084355
0.0852281
0.0862661
0.0874823
0.0888911
0.0905083
0.0923506
0.0944364
0.0967851
0.0994179
0.102357
0.105627
0.109252
0.113259
0.117676
0.122531
0.127854
0.133674
0.14002
0.146923
0.154409
0.162503
0.171228
0.1806
0.190626
0.201308
0.212633
0.22457
0.237072
0.250069
0.263463
0.277129
0.290914
0.304635
0.318083
0.33103
0.343239
0.354469
0.364493
0.373105
0.380134
0.385451
0.388976
0.390677
0.390569
0.38871
0.385189
0.380114
0.373592
0.365696
0.356445
0.345733
0.33417
0.322073
0.309689
0.297229
0.284856
0.272693
0.260834
0.249348
0.238286
0.227686
0.217573
0.207959
0.198851
0.190247
0.182138
0.174512
0.167354
0.160644
0.154362
0.148486
0.142995
0.137865
0.133076
0.128606
0.124435
0.120545
0.116919
0.113543
0.169057
0.170045
0.171216
0.172448
0.173723
0.175043
0.176414
0.177842
0.179333
0.180894
0.182534
0.184262
0.186087
0.188019
0.190068
0.192248
0.19457
0.197048
0.199696
0.202529
0.205563
0.208815
0.212302
0.216043
0.220057
0.224364
0.228984
0.233936
0.239241
0.244919
0.250988
0.257467
0.264371
0.271715
0.279508
0.287758
0.296468
0.305634
0.315248
0.325292
0.335743
0.346567
0.35772
0.369148
0.380787
0.392556
0.404368
0.416117
0.427688
0.438955
0.44978
0.460019
0.469522
0.478139
0.485725
0.492142
0.497268
0.500997
0.503247
0.503965
0.503121
0.500719
0.496785
0.491374
0.484558
0.476425
0.467062
0.456553
0.444952
0.432203
0.418486
0.404309
0.389902
0.375433
0.361051
0.346878
0.333009
0.319515
0.30645
0.293851
0.281743
0.270144
0.25906
0.248492
0.238435
0.228882
0.21982
0.211233
0.203105
0.195417
0.188149
0.181281
0.174795
0.168668
0.162884
0.157422
0.152265
0.147396
0.142802
0.13847
0.269418
0.272827
0.276962
0.281328
0.285834
0.290469
0.295235
0.300141
0.305194
0.310403
0.315777
0.321327
0.327063
0.332997
0.339141
0.345507
0.352108
0.358959
0.366072
0.373463
0.381146
0.389135
0.397445
0.406088
0.415079
0.424429
0.434149
0.444245
0.454723
0.465585
0.476828
0.488445
0.500423
0.512742
0.525374
0.538283
0.551423
0.56474
0.578168
0.591629
0.605037
0.618292
0.631287
0.643903
0.656014
0.667488
0.678188
0.687978
0.696718
0.704278
0.710532
0.715366
0.71868
0.720392
0.720439
0.71878
0.715396
0.710292
0.703495
0.695051
0.685027
0.673502
0.660567
0.64632
0.630858
0.614269
0.596637
0.578035
0.558416
0.538263
0.51815
0.49823
0.478611
0.459394
0.440664
0.422486
0.404908
0.387961
0.371668
0.35604
0.341079
0.326782
0.313139
0.300138
0.287762
0.275992
0.264807
0.254186
0.244105
0.23454
0.225469
0.216869
0.208715
0.200986
0.19366
0.186717
0.180137
0.173902
0.167994
0.1624
0.340257
0.345525
0.352033
0.358969
0.366168
0.373607
0.381286
0.389215
0.397406
0.405869
0.414618
0.423666
0.433025
0.442709
0.452733
0.463109
0.473853
0.484978
0.496498
0.508425
0.520773
0.533551
0.54677
0.560436
0.574553
0.589124
0.604144
0.619607
0.635499
0.6518
0.668482
0.68551
0.702838
0.720409
0.738156
0.755998
0.773843
0.791585
0.809105
0.826272
0.842942
0.858962
0.87417
0.888397
0.901474
0.913228
0.923494
0.932112
0.938937
0.943837
0.946702
0.947446
0.946006
0.94235
0.936472
0.928395
0.918168
0.905866
0.891582
0.875428
0.857528
0.838009
0.817003
0.794634
0.771012
0.746234
0.72039
0.693523
0.665934
0.638729
0.612104
0.586137
0.56091
0.536489
0.512927
0.490255
0.468493
0.447649
0.42772
0.408697
0.390563
0.373297
0.356875
0.341269
0.326449
0.312385
0.299045
0.286397
0.274409
0.26305
0.25229
0.242097
0.232444
0.223301
0.214643
0.206444
0.198679
0.191326
0.184364
0.177772
0.0881149
0.0885041
0.0889003
0.0893148
0.0897489
0.0902036
0.0906798
0.0911782
0.0916992
0.0922429
0.0928096
0.093399
0.0940108
0.0946446
0.0952998
0.0959758
0.0966716
0.0973865
0.0981193
0.098869
0.0996344
0.100414
0.101207
0.102012
0.102827
0.103651
0.104483
0.10532
0.106162
0.107007
0.107853
0.108698
0.109542
0.110382
0.111217
0.112046
0.112866
0.113676
0.114475
0.115261
0.116033
0.116789
0.117528
0.118249
0.118949
0.119629
0.120286
0.12092
0.121529
0.122113
0.12267
0.1232
0.123702
0.124176
0.12462
0.125035
0.12542
0.125776
0.126102
0.126399
0.126667
0.126907
0.12712
0.127307
0.12747
0.127612
0.127733
0.127837
0.127928
0.128009
0.128084
0.128158
0.128239
0.128331
0.128444
0.128586
0.128768
0.129002
0.129303
0.129689
0.130178
0.130796
0.131571
0.132541
0.133748
0.135248
0.137113
0.139435
0.142336
0.145984
0.150616
0.156574
0.164384
0.17489
0.189556
0.211171
0.245826
0.309896
0.46537
1.14762
0.0479778
0.0480805
0.0481797
0.0482842
0.0483969
0.0485203
0.0486566
0.0488075
0.0489743
0.049158
0.0493591
0.0495781
0.049815
0.0500697
0.0503418
0.0506309
0.0509361
0.0512566
0.0515913
0.0519391
0.0522987
0.0526686
0.0530473
0.0534332
0.0538247
0.0542199
0.0546169
0.055014
0.0554092
0.0558004
0.0561858
0.0565632
0.0569309
0.0572866
0.0576286
0.0579549
0.0582637
0.0585533
0.0588219
0.0590679
0.05929
0.0594868
0.0596571
0.0597999
0.0599143
0.0599997
0.0600554
0.0600813
0.0600772
0.0600431
0.0599793
0.0598864
0.0597649
0.0596158
0.0594401
0.0592391
0.0590141
0.0587667
0.0584986
0.0582117
0.0579078
0.0575891
0.0572576
0.0569156
0.0565653
0.056209
0.0558489
0.0554875
0.055127
0.0547698
0.0544183
0.0540749
0.053742
0.053422
0.0531176
0.0528316
0.0525669
0.0523268
0.0521151
0.051936
0.0517949
0.0516977
0.0516522
0.0516681
0.0517573
0.0519358
0.0522241
0.05265
0.0532511
0.0540802
0.0552131
0.0567627
0.0589048
0.0619292
0.066351
0.0731827
0.0847302
0.107554
0.168563
0.479022
0.035483
0.0355046
0.0355196
0.0355355
0.0355538
0.0355756
0.0356015
0.0356317
0.0356663
0.035705
0.0357472
0.0357924
0.0358401
0.0358894
0.0359399
0.0359907
0.0360412
0.0360907
0.0361387
0.0361843
0.0362272
0.0362667
0.0363024
0.0363336
0.03636
0.0363811
0.0363965
0.0364059
0.0364088
0.0364051
0.0363943
0.0363763
0.0363508
0.0363177
0.0362768
0.0362279
0.036171
0.036106
0.0360329
0.0359518
0.0358627
0.0357657
0.0356609
0.0355486
0.0354288
0.035302
0.0351684
0.0350283
0.0348821
0.0347302
0.0345731
0.0344114
0.0342454
0.0340759
0.0339035
0.0337287
0.0335524
0.0333752
0.033198
0.0330216
0.0328469
0.0326748
0.0325063
0.0323424
0.0321843
0.0320331
0.03189
0.0317564
0.0316337
0.0315235
0.0314274
0.0313472
0.0312849
0.0312427
0.031223
0.0312286
0.0312625
0.0313283
0.0314299
0.031572
0.0317602
0.0320008
0.0323018
0.0326727
0.0331251
0.0336738
0.0343375
0.0351407
0.0361161
0.0373081
0.0387796
0.040623
0.0429793
0.0460777
0.0503179
0.0564704
0.0662431
0.0843275
0.129159
0.344319
0.0296496
0.0296656
0.0296803
0.0296956
0.0297116
0.0297281
0.0297451
0.0297624
0.0297797
0.0297967
0.0298131
0.0298287
0.029843
0.0298557
0.0298666
0.0298753
0.0298816
0.0298853
0.0298861
0.0298838
0.0298784
0.0298696
0.0298574
0.0298417
0.0298225
0.0297997
0.0297733
0.0297434
0.0297101
0.0296733
0.0296333
0.0295901
0.029544
0.029495
0.0294433
0.0293892
0.0293329
0.0292747
0.0292148
0.0291534
0.029091
0.0290278
0.0289642
0.0289004
0.0288369
0.0287741
0.0287124
0.0286521
0.0285937
0.0285376
0.0284844
0.0284343
0.0283881
0.0283461
0.0283089
0.0282769
0.0282509
0.0282313
0.0282187
0.0282138
0.0282173
0.0282297
0.0282519
0.0282847
0.0283287
0.028385
0.0284543
0.0285379
0.0286367
0.0287519
0.0288849
0.0290372
0.0292103
0.0294061
0.0296267
0.0298745
0.0301522
0.0304629
0.0308104
0.0311989
0.0316337
0.0321209
0.0326682
0.0332849
0.0339825
0.0347757
0.0356834
0.0367303
0.0379494
0.0393863
0.0411051
0.0432
0.0458155
0.0491853
0.0537171
0.0601933
0.0703407
0.088875
0.134222
0.349891
0.0272407
0.0272345
0.0272344
0.0272389
0.0272476
0.0272598
0.0272751
0.027293
0.0273131
0.0273349
0.0273581
0.0273823
0.0274073
0.0274326
0.0274582
0.0274837
0.027509
0.027534
0.0275585
0.0275824
0.0276057
0.0276283
0.0276502
0.0276713
0.0276917
0.0277114
0.0277305
0.027749
0.0277671
0.0277847
0.027802
0.0278192
0.0278363
0.0278535
0.027871
0.0278889
0.0279073
0.0279266
0.0279468
0.0279681
0.0279908
0.0280152
0.0280413
0.0280694
0.0280999
0.0281329
0.0281687
0.0282075
0.0282497
0.0282956
0.0283454
0.0283995
0.0284582
0.0285219
0.0285908
0.0286655
0.0287463
0.0288335
0.0289278
0.0290295
0.0291393
0.0292575
0.0293849
0.0295221
0.0296697
0.0298287
0.0299997
0.0301838
0.030382
0.0305954
0.0308253
0.0310732
0.0313407
0.0316297
0.0319423
0.032281
0.0326486
0.0330484
0.0334843
0.0339609
0.0344837
0.0350594
0.0356959
0.0364034
0.037194
0.0380836
0.0390924
0.0402466
0.0415818
0.0431464
0.0450091
0.0472706
0.0500851
0.0537022
0.0585573
0.0654862
0.0763352
0.0961573
0.144827
0.381004
0.0261415
0.0261246
0.02612
0.0261241
0.0261361
0.0261549
0.0261796
0.0262095
0.0262439
0.026282
0.0263234
0.0263676
0.0264142
0.0264628
0.026513
0.0265646
0.0266174
0.0266712
0.0267258
0.0267811
0.0268371
0.0268936
0.0269505
0.0270079
0.0270658
0.0271241
0.0271829
0.0272421
0.027302
0.0273624
0.0274236
0.0274855
0.0275482
0.027612
0.0276768
0.0277428
0.0278101
0.0278789
0.0279493
0.0280214
0.0280954
0.0281715
0.0282499
0.0283307
0.0284142
0.0285005
0.0285898
0.0286825
0.0287787
0.0288786
0.0289826
0.0290909
0.0292039
0.0293217
0.0294449
0.0295737
0.0297085
0.0298498
0.0299979
0.0301534
0.0303168
0.0304886
0.0306695
0.0308601
0.0310611
0.0312734
0.0314978
0.0317354
0.0319873
0.0322546
0.0325387
0.0328412
0.0331639
0.0335088
0.0338781
0.0342745
0.034701
0.0351612
0.0356594
0.0362003
0.03679
0.0374356
0.0381457
0.0389309
0.0398045
0.0407833
0.0418889
0.0431494
0.0446025
0.0463
0.0483149
0.0507539
0.0537808
0.0576601
0.0628517
0.0702373
0.0817586
0.102709
0.1538
0.399107
0.0257546
0.0257357
0.025732
0.0257394
0.0257566
0.0257826
0.0258162
0.0258566
0.0259028
0.0259542
0.0260101
0.0260698
0.0261329
0.026199
0.0262676
0.0263384
0.0264113
0.0264859
0.026562
0.0266395
0.0267183
0.0267983
0.0268794
0.0269615
0.0270446
0.0271288
0.0272139
0.0273001
0.0273873
0.0274757
0.0275651
0.0276558
0.0277478
0.0278412
0.027936
0.0280324
0.0281305
0.0282303
0.0283321
0.028436
0.0285421
0.0286505
0.0287615
0.0288751
0.0289916
0.0291112
0.0292341
0.0293605
0.0294906
0.0296246
0.0297629
0.0299058
0.0300534
0.0302061
0.0303643
0.0305284
0.0306986
0.0308755
0.0310595
0.0312511
0.0314508
0.0316592
0.031877
0.0321048
0.0323434
0.0325937
0.0328566
0.0331331
0.0334244
0.0337319
0.0340568
0.034401
0.0347661
0.0351545
0.0355684
0.0360107
0.0364846
0.0369939
0.0375429
0.0381369
0.0387822
0.0394863
0.0402583
0.0411093
0.0420535
0.0431086
0.0442972
0.045649
0.0472039
0.0490162
0.0511629
0.0537566
0.0569692
0.0610793
0.0665708
0.0743712
0.0865242
0.10861
0.16256
0.424976
0.0256685
0.0256508
0.0256499
0.0256612
0.0256835
0.0257155
0.0257561
0.0258044
0.0258593
0.0259201
0.0259861
0.0260566
0.0261312
0.0262092
0.0262904
0.0263743
0.0264607
0.0265493
0.0266399
0.0267324
0.0268265
0.0269222
0.0270194
0.0271181
0.0272181
0.0273195
0.0274222
0.0275263
0.0276318
0.0277387
0.0278471
0.027957
0.0280685
0.0281817
0.0282966
0.0284134
0.0285321
0.0286529
0.028776
0.0289013
0.0290291
0.0291595
0.0292928
0.0294289
0.0295682
0.0297109
0.029857
0.0300069
0.0301609
0.030319
0.0304817
0.0306491
0.0308216
0.0309996
0.0311833
0.0313732
0.0315696
0.031773
0.0319839
0.0322028
0.0324302
0.0326668
0.0329132
0.0331702
0.0334386
0.0337192
0.0340131
0.0343213
0.0346451
0.0349859
0.0353452
0.0357246
0.0361263
0.0365523
0.0370054
0.0374884
0.0380047
0.0385584
0.0391542
0.0397974
0.0404949
0.0412544
0.0420856
0.0430005
0.0440138
0.0451442
0.0464157
0.0478596
0.0495178
0.0514478
0.0537304
0.0564841
0.0598899
0.0642399
0.0700418
0.0782674
0.0910543
0.114227
0.170625
0.443604
0.0257913
0.025777
0.02578
0.0257954
0.0258221
0.025859
0.0259049
0.0259589
0.0260199
0.0260872
0.0261601
0.0262379
0.0263201
0.0264062
0.0264958
0.0265885
0.0266839
0.0267819
0.0268823
0.0269847
0.0270892
0.0271955
0.0273036
0.0274134
0.0275249
0.027638
0.0277528
0.0278691
0.0279871
0.0281068
0.0282282
0.0283514
0.0284764
0.0286034
0.0287323
0.0288634
0.0289966
0.0291321
0.0292701
0.0294107
0.029554
0.0297001
0.0298493
0.0300017
0.0301574
0.0303167
0.0304799
0.030647
0.0308184
0.0309944
0.0311751
0.0313609
0.0315521
0.031749
0.0319521
0.0321616
0.0323781
0.0326019
0.0328336
0.0330737
0.0333228
0.0335815
0.0338506
0.0341307
0.0344229
0.0347279
0.0350468
0.0353808
0.0357311
0.0360993
0.0364868
0.0368956
0.0373276
0.0377853
0.0382713
0.0387887
0.0393411
0.0399327
0.0405684
0.0412539
0.0419963
0.0428037
0.0436864
0.0446567
0.0457302
0.0469264
0.0482703
0.0497947
0.0515434
0.0535764
0.055978
0.0588719
0.0624466
0.0670067
0.073081
0.081681
0.0950318
0.1192
0.178026
0.464824
0.0260396
0.0260298
0.0260369
0.0260564
0.0260873
0.0261283
0.0261784
0.0262366
0.0263021
0.0263741
0.0264518
0.0265346
0.026622
0.0267135
0.0268087
0.0269072
0.0270087
0.027113
0.0272198
0.027329
0.0274403
0.0275538
0.0276693
0.0277866
0.0279059
0.028027
0.0281499
0.0282747
0.0284013
0.0285298
0.0286602
0.0287926
0.028927
0.0290636
0.0292023
0.0293434
0.0294869
0.0296329
0.0297815
0.0299329
0.0300873
0.0302447
0.0304054
0.0305695
0.0307372
0.0309088
0.0310843
0.0312642
0.0314486
0.0316377
0.031832
0.0320315
0.0322368
0.0324482
0.0326659
0.0328905
0.0331224
0.033362
0.0336099
0.0338666
0.0341328
0.0344091
0.0346962
0.0349949
0.0353062
0.035631
0.0359704
0.0363256
0.036698
0.0370889
0.0375002
0.0379338
0.0383917
0.0388765
0.0393909
0.0399383
0.0405223
0.0411474
0.0418187
0.0425422
0.0433252
0.0441764
0.0451064
0.0461282
0.047258
0.0485162
0.049929
0.0515307
0.0533669
0.0555003
0.0580188
0.0610514
0.0647944
0.069565
0.0759129
0.0848893
0.0988036
0.123945
0.185005
0.482208
0.0263879
0.0263832
0.0263949
0.0264186
0.0264532
0.0264978
0.0265513
0.0266129
0.0266816
0.0267569
0.0268379
0.026924
0.0270149
0.0271099
0.0272087
0.027311
0.0274165
0.0275248
0.0276358
0.0277493
0.0278652
0.0279833
0.0281036
0.0282259
0.0283503
0.0284766
0.028605
0.0287353
0.0288677
0.0290021
0.0291386
0.0292772
0.029418
0.0295611
0.0297066
0.0298546
0.0300051
0.0301584
0.0303144
0.0304735
0.0306356
0.030801
0.0309699
0.0311423
0.0313186
0.031499
0.0316835
0.0318726
0.0320665
0.0322653
0.0324695
0.0326793
0.032895
0.0331172
0.033346
0.033582
0.0338256
0.0340773
0.0343376
0.0346072
0.0348866
0.0351765
0.0354778
0.0357912
0.0361177
0.0364583
0.0368141
0.0371864
0.0375766
0.0379861
0.0384169
0.0388708
0.0393502
0.0398575
0.0403957
0.0409682
0.041579
0.0422324
0.042934
0.04369
0.044508
0.0453969
0.0463679
0.0474344
0.0486133
0.0499258
0.0513992
0.0530689
0.0549825
0.0572049
0.0598274
0.0629835
0.0668768
0.0718354
0.0784283
0.0877422
0.102164
0.128192
0.191364
0.500002
0.0268087
0.0268096
0.026826
0.0268538
0.0268921
0.0269399
0.0269964
0.0270606
0.0271319
0.0272095
0.0272928
0.0273813
0.0274743
0.0275716
0.0276727
0.0277773
0.0278852
0.0279959
0.0281095
0.0282256
0.0283442
0.0284652
0.0285883
0.0287137
0.0288412
0.0289709
0.0291026
0.0292364
0.0293724
0.0295106
0.0296509
0.0297935
0.0299385
0.0300859
0.0302358
0.0303882
0.0305434
0.0307015
0.0308625
0.0310266
0.031194
0.0313648
0.0315392
0.0317175
0.0318997
0.0320861
0.0322769
0.0324725
0.032673
0.0328787
0.03309
0.0333072
0.0335305
0.0337605
0.0339974
0.0342418
0.034494
0.0347547
0.0350244
0.0353036
0.0355931
0.0358935
0.0362056
0.0365304
0.0368687
0.0372216
0.0375903
0.0379761
0.0383804
0.0388049
0.0392513
0.0397218
0.0402186
0.0407444
0.0413023
0.0418957
0.0425288
0.0432062
0.0439335
0.0447172
0.0455652
0.0464868
0.0474936
0.0485994
0.0498219
0.0511829
0.0527108
0.0544424
0.0564268
0.0587314
0.0614507
0.0647229
0.0687586
0.073897
0.0807258
0.0903668
0.105282
0.132167
0.197324
0.515605
0.0272886
0.0272954
0.0273168
0.0273488
0.0273906
0.0274415
0.0275006
0.0275672
0.0276405
0.0277199
0.0278048
0.0278947
0.0279891
0.0280877
0.0281901
0.028296
0.0284051
0.0285171
0.028632
0.0287495
0.0288695
0.0289919
0.0291166
0.0292436
0.0293727
0.0295041
0.0296376
0.0297734
0.0299113
0.0300515
0.030194
0.0303389
0.0304862
0.030636
0.0307884
0.0309435
0.0311015
0.0312623
0.0314263
0.0315935
0.0317641
0.0319382
0.0321161
0.0322979
0.0324838
0.0326741
0.032869
0.0330687
0.0332735
0.0334838
0.0336998
0.0339218
0.0341502
0.0343855
0.0346279
0.0348781
0.0351364
0.0354033
0.0356796
0.0359657
0.0362623
0.0365703
0.0368903
0.0372234
0.0375704
0.0379326
0.0383109
0.038707
0.0391221
0.039558
0.0400165
0.0404999
0.0410104
0.0415508
0.0421244
0.0427346
0.0433857
0.0440825
0.0448308
0.0456374
0.0465103
0.0474592
0.0484959
0.0496349
0.0508942
0.0522965
0.0538711
0.0556559
0.0577016
0.0600776
0.0628815
0.0662556
0.070417
0.0757152
0.082755
0.0926906
0.108053
0.135725
0.202746
0.530706
0.0278136
0.0278267
0.0278531
0.0278895
0.0279349
0.0279888
0.0280504
0.028119
0.028194
0.0282747
0.0283608
0.0284516
0.0285469
0.0286461
0.0287491
0.0288554
0.028965
0.0290774
0.0291927
0.0293106
0.029431
0.0295538
0.0296789
0.0298063
0.029936
0.0300679
0.030202
0.0303384
0.030477
0.030618
0.0307613
0.030907
0.0310552
0.0312059
0.0313594
0.0315156
0.0316748
0.0318369
0.0320022
0.0321709
0.032343
0.0325187
0.0326983
0.0328819
0.0330698
0.0332621
0.0334591
0.0336612
0.0338684
0.0340812
0.0342999
0.0345249
0.0347563
0.0349948
0.0352407
0.0354945
0.0357566
0.0360277
0.0363082
0.0365989
0.0369004
0.0372136
0.0375391
0.037878
0.0382313
0.0386
0.0389855
0.039389
0.0398122
0.0402566
0.0407244
0.0412176
0.0417387
0.0422905
0.0428763
0.0434997
0.0441651
0.0448774
0.0456426
0.0464676
0.0473607
0.0483317
0.049393
0.0505592
0.051849
0.0532856
0.054899
0.0567283
0.0588255
0.0612619
0.0641376
0.0675988
0.0718683
0.0773047
0.0845288
0.0947243
0.110487
0.138871
0.207596
0.54439
0.028374
0.0283937
0.0284256
0.0284664
0.0285156
0.0285725
0.0286365
0.0287071
0.0287835
0.0288655
0.0289523
0.0290438
0.0291394
0.0292389
0.0293419
0.0294482
0.0295576
0.0296698
0.0297848
0.0299023
0.0300224
0.0301448
0.0302696
0.0303966
0.0305259
0.0306574
0.0307911
0.0309271
0.0310654
0.0312061
0.0313491
0.0314945
0.0316425
0.0317931
0.0319464
0.0321026
0.0322617
0.0324238
0.0325892
0.0327579
0.0329302
0.0331062
0.0332861
0.0334701
0.0336584
0.0338513
0.034049
0.0342518
0.0344599
0.0346737
0.0348935
0.0351196
0.0353524
0.0355924
0.0358399
0.0360955
0.0363596
0.0366328
0.0369157
0.037209
0.0375133
0.0378295
0.0381584
0.0385009
0.038858
0.0392309
0.0396209
0.0400294
0.0404579
0.0409082
0.0413822
0.0418822
0.0424106
0.0429705
0.043565
0.0441979
0.0448737
0.0455974
0.0463751
0.0472138
0.048122
0.0491099
0.0501899
0.0513771
0.0526904
0.0541537
0.0557975
0.0576618
0.0597997
0.062284
0.0652168
0.0687476
0.0731037
0.0786513
0.0860242
0.0964314
0.112524
0.141513
0.211767
0.557064
0.0290197
0.0290465
0.0290842
0.0291297
0.0291827
0.0292427
0.029309
0.0293813
0.0294591
0.0295418
0.0296291
0.0297207
0.0298162
0.0299153
0.0300178
0.0301233
0.0302319
0.0303432
0.0304571
0.0305735
0.0306924
0.0308135
0.030937
0.0310627
0.0311906
0.0313208
0.0314531
0.0315877
0.0317246
0.0318638
0.0320054
0.0321495
0.0322961
0.0324453
0.0325973
0.0327521
0.0329098
0.0330707
0.0332348
0.0334023
0.0335734
0.0337482
0.033927
0.0341099
0.0342972
0.0344891
0.0346859
0.0348878
0.0350951
0.0353082
0.0355274
0.0357529
0.0359853
0.036225
0.0364723
0.0367277
0.0369918
0.0372652
0.0375484
0.0378421
0.0381471
0.038464
0.0387939
0.0391376
0.0394962
0.0398709
0.0402629
0.0406737
0.0411048
0.0415581
0.0420355
0.0425393
0.0430721
0.0436368
0.0442368
0.0448759
0.0455586
0.0462901
0.0470764
0.0479249
0.0488441
0.0498445
0.0509384
0.0521415
0.0534729
0.0549569
0.0566245
0.0585161
0.0606859
0.0632074
0.0661844
0.069768
0.0741883
0.0798156
0.08729
0.0978312
0.114111
0.143389
0.214215
0.562302
0.0297989
0.0298349
0.0298799
0.0299316
0.0299897
0.0300538
0.0301234
0.0301981
0.0302777
0.0303617
0.0304497
0.0305416
0.0306371
0.0307358
0.0308376
0.0309424
0.0310498
0.0311599
0.0312724
0.0313873
0.0315045
0.0316239
0.0317456
0.0318694
0.0319954
0.0321235
0.0322538
0.0323864
0.0325211
0.0326582
0.0327977
0.0329396
0.033084
0.033231
0.0333808
0.0335334
0.0336889
0.0338476
0.0340095
0.0341749
0.0343438
0.0345165
0.0346932
0.0348741
0.0350594
0.0352494
0.0354442
0.0356443
0.0358499
0.0360613
0.0362788
0.0365029
0.0367339
0.0369722
0.0372183
0.0374727
0.0377359
0.0380086
0.0382912
0.0385846
0.0388895
0.0392066
0.0395368
0.0398812
0.0402408
0.0406168
0.0410105
0.0414235
0.0418572
0.0423136
0.0427948
0.0433029
0.0438408
0.0444114
0.0450181
0.0456649
0.0463564
0.047098
0.0478959
0.0487575
0.0496917
0.0507091
0.0518227
0.0530483
0.0544057
0.0559196
0.057622
0.0595545
0.0617724
0.0643514
0.0673977
0.0710664
0.075593
0.0813569
0.0890131
0.0998091
0.116476
0.146428
0.218826
0.575262
0.0305914
0.0306368
0.0306896
0.0307478
0.0308112
0.0308795
0.0309524
0.0310297
0.0311111
0.0311963
0.0312851
0.0313772
0.0314724
0.0315705
0.0316715
0.031775
0.0318811
0.0319895
0.0321002
0.0322132
0.0323282
0.0324455
0.0325647
0.0326861
0.0328096
0.0329351
0.0330627
0.0331925
0.0333245
0.0334587
0.0335953
0.0337342
0.0338756
0.0340197
0.0341664
0.0343159
0.0344684
0.034624
0.0347828
0.0349451
0.0351109
0.0352805
0.0354541
0.0356319
0.0358141
0.036001
0.0361929
0.03639
0.0365926
0.0368011
0.0370158
0.0372371
0.0374653
0.037701
0.0379446
0.0381966
0.0384575
0.038728
0.0390086
0.0393001
0.0396033
0.0399189
0.0402479
0.0405912
0.04095
0.0413256
0.0417192
0.0421323
0.0425666
0.0430241
0.0435067
0.0440169
0.0445575
0.0451313
0.0457421
0.0463938
0.0470912
0.0478396
0.0486456
0.0495167
0.050462
0.0514923
0.0526209
0.0538641
0.0552419
0.0567798
0.0585105
0.0604764
0.0627342
0.0653613
0.0684662
0.0722074
0.0768256
0.0827081
0.0905233
0.101544
0.118552
0.149099
0.222863
0.585904
0.0313825
0.0314375
0.0314981
0.0315629
0.0316316
0.0317042
0.0317806
0.0318604
0.0319437
0.03203
0.0321194
0.0322116
0.0323065
0.0324039
0.0325038
0.032606
0.0327104
0.0328169
0.0329255
0.0330362
0.0331488
0.0332635
0.03338
0.0334986
0.0336191
0.0337416
0.0338661
0.0339926
0.0341213
0.0342522
0.0343854
0.0345208
0.0346588
0.0347992
0.0349423
0.0350882
0.035237
0.0353889
0.035544
0.0357025
0.0358645
0.0360303
0.0362001
0.0363741
0.0365524
0.0367355
0.0369235
0.0371167
0.0373155
0.0375202
0.0377311
0.0379486
0.0381732
0.0384052
0.0386451
0.0388935
0.0391509
0.0394179
0.0396952
0.0399835
0.0402834
0.040596
0.0409221
0.0412627
0.041619
0.0419921
0.0423835
0.0427947
0.0432274
0.0436834
0.0441651
0.0446746
0.0452149
0.045789
0.0464006
0.0470537
0.0477531
0.0485044
0.0493142
0.0501901
0.0511414
0.0521792
0.053317
0.0545712
0.0559625
0.0575168
0.0592672
0.0612572
0.0635444
0.0662076
0.0693574
0.0731551
0.0778458
0.0838234
0.0917677
0.102972
0.120263
0.151309
0.226247
0.595715
0.0321609
0.0322254
0.0322939
0.0323652
0.0324394
0.0325164
0.0325961
0.0326786
0.0327636
0.0328512
0.0329411
0.0330334
0.0331279
0.0332245
0.0333232
0.0334239
0.0335265
0.033631
0.0337374
0.0338456
0.0339556
0.0340675
0.0341811
0.0342966
0.0344139
0.0345331
0.0346543
0.0347774
0.0349026
0.0350299
0.0351593
0.0352911
0.0354252
0.0355618
0.035701
0.0358429
0.0359877
0.0361355
0.0362865
0.0364408
0.0365987
0.0367603
0.0369258
0.0370955
0.0372695
0.0374482
0.0376319
0.0378207
0.0380151
0.0382153
0.0384218
0.0386348
0.0388549
0.0390824
0.0393179
0.0395618
0.0398147
0.0400773
0.0403501
0.0406339
0.0409295
0.0412378
0.0415596
0.0418959
0.0422481
0.0426172
0.0430046
0.043412
0.043841
0.0442936
0.0447719
0.0452784
0.0458159
0.0463875
0.0469969
0.0476483
0.0483465
0.0490972
0.049907
0.0507838
0.051737
0.0527777
0.0539198
0.0551799
0.0565791
0.0581436
0.0599073
0.0619142
0.0642228
0.0669134
0.0700983
0.0739413
0.0786914
0.0847486
0.0928028
0.104166
0.121704
0.153185
0.229134
0.603758
0.0329179
0.0329918
0.033068
0.0331458
0.0332253
0.0333065
0.0333896
0.0334746
0.0335615
0.0336501
0.0337406
0.0338329
0.0339269
0.0340227
0.0341201
0.0342193
0.0343201
0.0344225
0.0345265
0.0346322
0.0347396
0.0348486
0.0349592
0.0350716
0.0351857
0.0353015
0.0354192
0.0355388
0.0356604
0.035784
0.0359097
0.0360376
0.0361678
0.0363005
0.0364356
0.0365735
0.0367142
0.0368578
0.0370046
0.0371547
0.0373082
0.0374654
0.0376265
0.0377917
0.0379612
0.0381353
0.0383143
0.0384985
0.0386881
0.0388836
0.0390852
0.0392933
0.0395085
0.039731
0.0399614
0.0402003
0.0404481
0.0407055
0.0409731
0.0412517
0.041542
0.0418449
0.0421613
0.0424924
0.0428391
0.0432028
0.0435849
0.0439869
0.0444106
0.0448579
0.0453311
0.0458325
0.046365
0.0469318
0.0475366
0.0481837
0.0488778
0.0496248
0.0504315
0.0513056
0.0522568
0.0532964
0.0544383
0.0556996
0.0571013
0.0586704
0.0604409
0.0624575
0.0647797
0.0674885
0.070698
0.0745741
0.0793689
0.0854873
0.0936276
0.105117
0.122853
0.154686
0.231465
0.610626
0.0336458
0.0337286
0.0338123
0.0338962
0.0339808
0.0340662
0.0341525
0.0342399
0.0343284
0.034418
0.034509
0.0346012
0.0346947
0.0347895
0.0348857
0.0349832
0.0350821
0.0351824
0.0352842
0.0353873
0.0354919
0.0355981
0.0357057
0.035815
0.0359259
0.0360384
0.0361527
0.0362688
0.0363868
0.0365068
0.0366288
0.036753
0.0368794
0.0370082
0.0371394
0.0372733
0.03741
0.0375495
0.0376922
0.037838
0.0379873
0.0381402
0.0382969
0.0384577
0.0386227
0.0387923
0.0389667
0.0391461
0.039331
0.0395216
0.0397182
0.0399214
0.0401314
0.0403488
0.0405739
0.0408074
0.0410497
0.0413015
0.0415635
0.0418363
0.0421207
0.0424177
0.0427281
0.0430529
0.0433934
0.0437508
0.0441265
0.044522
0.0449391
0.0453797
0.0458462
0.0463409
0.0468666
0.0474267
0.0480249
0.0486653
0.049353
0.0500937
0.0508943
0.0517627
0.0527086
0.0537434
0.0548812
0.0561393
0.057539
0.0591073
0.0608789
0.062899
0.0652275
0.0679467
0.0711716
0.07507
0.0798969
0.0860612
0.0942684
0.105858
0.123755
0.155876
0.233327
0.616078
0.0343384
0.0344295
0.03452
0.0346097
0.034699
0.0347881
0.0348773
0.0349667
0.0350566
0.0351471
0.0352383
0.0353302
0.0354231
0.0355168
0.0356116
0.0357075
0.0358045
0.0359026
0.036002
0.0361026
0.0362045
0.0363079
0.0364126
0.0365188
0.0366266
0.0367359
0.0368469
0.0369597
0.0370743
0.0371908
0.0373093
0.03743
0.0375528
0.037678
0.0378056
0.0379358
0.0380686
0.0382044
0.0383432
0.0384851
0.0386304
0.0387793
0.0389319
0.0390885
0.0392493
0.0394146
0.0395846
0.0397596
0.0399399
0.0401258
0.0403177
0.040516
0.040721
0.0409332
0.0411531
0.0413812
0.041618
0.0418642
0.0421203
0.0423871
0.0426655
0.0429561
0.0432601
0.0435783
0.043912
0.0442623
0.0446308
0.045019
0.0454286
0.0458616
0.0463201
0.0468068
0.0473244
0.0478762
0.0484659
0.0490978
0.049777
0.0505091
0.0513011
0.052161
0.0530985
0.0541252
0.0552553
0.0565061
0.0578992
0.059462
0.0612292
0.0632465
0.0655746
0.0682961
0.0715274
0.0754376
0.0802839
0.0864786
0.0947329
0.106397
0.124414
0.156756
0.234725
0.620389
0.0349906
0.0350891
0.0351857
0.0352803
0.0353736
0.0354659
0.0355574
0.0356485
0.0357395
0.0358304
0.0359215
0.0360129
0.0361049
0.0361974
0.0362907
0.0363847
0.0364797
0.0365756
0.0366726
0.0367707
0.0368699
0.0369705
0.0370724
0.0371757
0.0372804
0.0373868
0.0374947
0.0376044
0.0377158
0.0378292
0.0379445
0.0380619
0.0381815
0.0383034
0.0384277
0.0385546
0.0386841
0.0388165
0.0389518
0.0390903
0.0392321
0.0393775
0.0395265
0.0396794
0.0398365
0.0399979
0.0401639
0.0403349
0.0405111
0.0406928
0.0408803
0.0410741
0.0412745
0.0414819
0.0416969
0.0419199
0.0421514
0.0423921
0.0426425
0.0429035
0.0431757
0.04346
0.0437574
0.0440688
0.0443954
0.0447385
0.0450994
0.0454797
0.0458811
0.0463057
0.0467555
0.0472332
0.0477415
0.0482837
0.0488636
0.0494853
0.0501541
0.0508756
0.0516568
0.0525057
0.0534321
0.0544477
0.0555667
0.0568065
0.0581889
0.0597414
0.0614991
0.0635079
0.0658288
0.0685453
0.0717744
0.0756866
0.0805406
0.0867518
0.0950356
0.10675
0.124856
0.157361
0.235717
0.62357
0.0355989
0.0357036
0.0358051
0.0359038
0.0360003
0.0360949
0.0361881
0.0362802
0.0363715
0.0364624
0.036553
0.0366435
0.0367342
0.0368252
0.0369167
0.0370087
0.0371014
0.037195
0.0372895
0.037385
0.0374816
0.0375795
0.0376786
0.037779
0.037881
0.0379845
0.0380896
0.0381964
0.038305
0.0384155
0.038528
0.0386426
0.0387594
0.0388785
0.039
0.039124
0.0392508
0.0393804
0.0395129
0.0396485
0.0397875
0.0399299
0.0400759
0.0402258
0.0403798
0.040538
0.0407008
0.0408684
0.0410411
0.0412192
0.0414031
0.041593
0.0417893
0.0419926
0.0422031
0.0424215
0.0426482
0.0428839
0.043129
0.0433845
0.0436509
0.0439291
0.0442201
0.0445248
0.0448444
0.04518
0.0455332
0.0459054
0.0462983
0.046714
0.0471545
0.0476225
0.0481207
0.0486523
0.0492212
0.0498315
0.0504883
0.0511975
0.0519659
0.0528016
0.0537144
0.054716
0.0558207
0.057046
0.0584137
0.0599514
0.0616945
0.063689
0.0659963
0.0687002
0.0719186
0.0758226
0.0806725
0.0868857
0.0951812
0.106923
0.125084
0.157702
0.236326
0.625798
0.036161
0.0362704
0.0363755
0.036477
0.0365754
0.0366714
0.0367653
0.0368576
0.0369486
0.0370387
0.0371281
0.0372172
0.0373062
0.0373952
0.0374845
0.0375742
0.0376645
0.0377555
0.0378474
0.0379402
0.0380341
0.0381292
0.0382256
0.0383234
0.0384227
0.0385235
0.038626
0.0387303
0.0388364
0.0389444
0.0390545
0.0391668
0.0392813
0.0393981
0.0395174
0.0396393
0.0397639
0.0398913
0.0400217
0.0401552
0.040292
0.0404323
0.0405761
0.0407238
0.0408755
0.0410314
0.0411918
0.0413569
0.041527
0.0417023
0.0418833
0.0420701
0.0422632
0.0424631
0.04267
0.0428845
0.0431071
0.0433384
0.0435789
0.0438294
0.0440905
0.0443631
0.0446481
0.0449465
0.0452593
0.0455878
0.0459333
0.0462975
0.0466818
0.0470884
0.0475194
0.0479772
0.0484647
0.048985
0.049542
0.0501398
0.0507835
0.0514788
0.0522327
0.0530533
0.0539502
0.0549352
0.0560226
0.05723
0.0585791
0.0600976
0.0618209
0.0637952
0.0660821
0.0687657
0.0719642
0.0758494
0.0806826
0.0868827
0.0951714
0.106917
0.125103
0.157784
0.236578
0.627161
0.0366766
0.0367889
0.0368959
0.0369986
0.0370977
0.0371936
0.0372871
0.0373784
0.0374681
0.0375566
0.0376441
0.037731
0.0378175
0.037904
0.0379906
0.0380775
0.038165
0.0382531
0.0383421
0.0384321
0.0385231
0.0386155
0.0387092
0.0388043
0.038901
0.0389994
0.0390995
0.0392015
0.0393055
0.0394114
0.0395196
0.03963
0.0397427
0.0398579
0.0399756
0.040096
0.0402191
0.0403452
0.0404742
0.0406065
0.040742
0.040881
0.0410236
0.04117
0.0413204
0.0414749
0.0416339
0.0417975
0.0419659
0.0421395
0.0423185
0.0425033
0.0426942
0.0428916
0.0430959
0.0433075
0.0435269
0.0437547
0.0439914
0.0442377
0.0444943
0.044762
0.0450417
0.0453343
0.0456409
0.0459627
0.046301
0.0466573
0.0470333
0.0474309
0.0478523
0.0482998
0.0487763
0.049285
0.0498294
0.050414
0.0510435
0.0517239
0.0524618
0.0532655
0.0541445
0.0551105
0.0561779
0.057364
0.0586906
0.0601854
0.0618838
0.0638318
0.0660911
0.0687458
0.0719141
0.0757682
0.0805698
0.0867387
0.094998
0.10672
0.124891
0.157583
0.236458
0.627772
0.0371458
0.0372587
0.0373657
0.0374678
0.0375659
0.0376604
0.0377519
0.0378411
0.0379283
0.038014
0.0380985
0.0381823
0.0382657
0.0383488
0.0384321
0.0385157
0.0385998
0.0386847
0.0387705
0.0388573
0.0389454
0.0390348
0.0391258
0.0392183
0.0393125
0.0394086
0.0395065
0.0396065
0.0397087
0.039813
0.0399197
0.0400287
0.0401402
0.0402544
0.0403712
0.0404908
0.0406133
0.0407388
0.0408674
0.0409993
0.0411345
0.0412732
0.0414156
0.0415617
0.0417119
0.0418662
0.0420248
0.042188
0.0423559
0.0425289
0.0427072
0.0428911
0.0430809
0.043277
0.0434797
0.0436894
0.0439068
0.0441321
0.044366
0.0446092
0.0448623
0.045126
0.0454012
0.0456888
0.04599
0.0463057
0.0466374
0.0469864
0.0473545
0.0477435
0.0481555
0.0485929
0.0490584
0.0495553
0.050087
0.0506578
0.0512726
0.0519371
0.052658
0.0534434
0.0543028
0.0552478
0.0562926
0.0574544
0.058755
0.0602217
0.0618897
0.0638049
0.0660287
0.0686448
0.0717712
0.0755795
0.0803309
0.0864448
0.0946441
0.106301
0.124405
0.157034
0.235881
0.62764
0.0375725
0.0376837
0.0377883
0.0378878
0.0379827
0.0380738
0.0381618
0.038247
0.0383302
0.0384118
0.0384921
0.0385716
0.0386507
0.0387296
0.0388087
0.0388882
0.0389683
0.0390493
0.0391313
0.0392146
0.0392993
0.0393856
0.0394735
0.0395633
0.039655
0.0397488
0.0398448
0.039943
0.0400436
0.0401466
0.0402521
0.0403603
0.0404712
0.040585
0.0407016
0.0408211
0.0409438
0.0410696
0.0411986
0.0413311
0.041467
0.0416064
0.0417497
0.0418967
0.0420478
0.042203
0.0423625
0.0425265
0.0426952
0.0428689
0.0430477
0.043232
0.0434219
0.043618
0.0438204
0.0440296
0.0442461
0.0444703
0.0447026
0.0449438
0.0451945
0.0454553
0.0457272
0.0460109
0.0463075
0.0466181
0.046944
0.0472866
0.0476475
0.0480285
0.0484317
0.0488594
0.0493143
0.0497995
0.0503186
0.0508756
0.0514754
0.0521236
0.0528268
0.053593
0.0544316
0.055354
0.0563741
0.0575091
0.0587803
0.0602149
0.0618475
0.0637236
0.0659038
0.0684709
0.0715418
0.0752865
0.0799641
0.085991
0.0940856
0.105614
0.123555
0.155976
0.234572
0.626599
0.0379579
0.0380647
0.0381645
0.0382589
0.0383486
0.0384344
0.0385167
0.0385964
0.038674
0.0387498
0.0388246
0.0388985
0.0389721
0.0390457
0.0391195
0.039194
0.0392693
0.0393457
0.0394234
0.0395026
0.0395835
0.0396662
0.039751
0.0398379
0.039927
0.0400185
0.0401125
0.0402091
0.0403084
0.0404104
0.0405153
0.0406232
0.040734
0.0408479
0.040965
0.0410853
0.0412089
0.0413359
0.0414664
0.0416004
0.0417381
0.0418795
0.0420247
0.0421738
0.042327
0.0424844
0.0426461
0.0428123
0.0429832
0.0431589
0.0433396
0.0435257
0.0437173
0.0439147
0.0441182
0.0443283
0.0445453
0.0447696
0.0450018
0.0452424
0.0454919
0.0457512
0.0460209
0.0463019
0.0465951
0.0469017
0.0472229
0.04756
0.0479147
0.0482886
0.0486837
0.0491025
0.0495474
0.0500215
0.0505283
0.0510719
0.0516568
0.0522888
0.0529742
0.0537209
0.0545381
0.055437
0.0564313
0.0575378
0.0587776
0.060177
0.0617703
0.0636019
0.0657313
0.0682397
0.0712415
0.0749034
0.0794792
0.0853772
0.0933024
0.104597
0.122195
0.154068
0.231733
0.623948
0.0385726
0.0386623
0.038745
0.0388226
0.0388957
0.038965
0.0390313
0.0390953
0.0391574
0.0392183
0.0392785
0.0393384
0.0393984
0.039459
0.0395205
0.0395831
0.0396473
0.0397132
0.0397811
0.0398512
0.0399237
0.0399988
0.0400766
0.0401573
0.040241
0.0403279
0.0404179
0.0405112
0.0406079
0.0407081
0.0408118
0.0409191
0.04103
0.0411446
0.0412629
0.0413849
0.0415108
0.0416405
0.0417741
0.0419117
0.0420532
0.0421987
0.0423483
0.042502
0.0426599
0.0428221
0.0429887
0.0431597
0.0433354
0.0435158
0.043701
0.0438913
0.0440869
0.044288
0.0444949
0.0447078
0.0449271
0.0451532
0.0453866
0.0456276
0.0458769
0.0461351
0.0464029
0.0466811
0.0469707
0.0472725
0.0475879
0.047918
0.0482645
0.048629
0.0490135
0.0494201
0.0498514
0.0503105
0.0508005
0.0513257
0.0518904
0.0525002
0.0531614
0.0538816
0.0546699
0.0555372
0.056497
0.0575656
0.0587636
0.060117
0.0616588
0.0634326
0.0654961
0.0679283
0.07084
0.0743925
0.0788309
0.0845481
0.0922204
0.10313
0.120067
0.150564
0.224199
0.591398
0.0391944
0.0392304
0.0392623
0.0392918
0.0393195
0.039346
0.039372
0.0393979
0.0394243
0.0394517
0.0394806
0.0395115
0.0395447
0.0395806
0.0396196
0.039662
0.0397081
0.039758
0.0398122
0.0398708
0.0399339
0.0400017
0.0400744
0.0401521
0.0402349
0.0403229
0.0404161
0.0405147
0.0406185
0.0407277
0.0408422
0.0409621
0.0410874
0.0412179
0.0413537
0.0414948
0.0416411
0.0417925
0.0419489
0.0421104
0.0422769
0.0424483
0.0426245
0.0428056
0.0429914
0.0431818
0.043377
0.0435769
0.0437814
0.0439905
0.0442044
0.044423
0.0446464
0.0448747
0.0451081
0.0453467
0.0455908
0.0458405
0.0460962
0.0463583
0.0466272
0.0469034
0.0471875
0.0474801
0.0477821
0.0480944
0.0484179
0.0487539
0.0491039
0.0494693
0.049852
0.0502541
0.0506781
0.0511268
0.0516035
0.052112
0.0526569
0.0532434
0.0538778
0.0545676
0.0553217
0.056151
0.0570688
0.0580912
0.0592388
0.0605372
0.0620193
0.0637284
0.065722
0.0680785
0.0709082
0.0743718
0.0787129
0.0843227
0.0918738
0.102641
0.119397
0.149618
0.222673
0.588743
0.0395189
0.0394712
0.0394253
0.0393827
0.0393435
0.0393081
0.0392767
0.0392498
0.0392276
0.0392105
0.0391988
0.0391928
0.039193
0.0391995
0.0392126
0.0392325
0.0392596
0.0392939
0.0393358
0.0393852
0.0394424
0.0395075
0.0395806
0.0396616
0.0397507
0.0398479
0.0399531
0.0400664
0.0401876
0.0403167
0.0404537
0.0405984
0.0407506
0.0409104
0.0410774
0.0412516
0.0414327
0.0416206
0.0418152
0.0420161
0.0422231
0.0424362
0.042655
0.0428794
0.0431091
0.043344
0.0435839
0.0438285
0.0440777
0.0443313
0.0445893
0.0448514
0.0451177
0.045388
0.0456623
0.0459406
0.046223
0.0465095
0.0468003
0.0470957
0.0473959
0.0477012
0.0480121
0.0483291
0.0486529
0.0489842
0.049324
0.0496733
0.0500334
0.0504056
0.0507919
0.051194
0.0516144
0.0520558
0.0525213
0.0530147
0.0535403
0.0541033
0.0547099
0.0553673
0.0560845
0.056872
0.057743
0.0587134
0.0598034
0.0610384
0.062451
0.0640838
0.0659935
0.0682577
0.0709854
0.074335
0.0785473
0.084008
0.0913808
0.101922
0.118361
0.14805
0.219856
0.580658
0.0396161
0.039456
0.0393067
0.039169
0.0390425
0.038927
0.0388224
0.0387287
0.0386459
0.038574
0.0385133
0.0384636
0.0384253
0.0383983
0.0383828
0.0383789
0.0383867
0.0384063
0.0384377
0.038481
0.0385362
0.0386033
0.0386823
0.0387731
0.0388756
0.0389899
0.0391156
0.0392528
0.0394011
0.0395605
0.0397306
0.0399113
0.0401022
0.0403031
0.0405136
0.0407335
0.0409623
0.0411998
0.0414455
0.0416991
0.0419601
0.0422282
0.042503
0.0427841
0.043071
0.0433634
0.0436608
0.043963
0.0442695
0.0445799
0.044894
0.0452114
0.0455318
0.0458551
0.0461809
0.046509
0.0468395
0.047172
0.0475068
0.0478436
0.0481828
0.0485244
0.0488687
0.0492161
0.0495671
0.0499223
0.0502825
0.0506485
0.0510215
0.0514028
0.051794
0.052197
0.0526138
0.0530472
0.0535
0.053976
0.0544794
0.0550151
0.0555892
0.0562089
0.0568826
0.057621
0.0584367
0.0593457
0.0603675
0.0615272
0.0628567
0.064398
0.0662068
0.0683594
0.0709628
0.0741729
0.078226
0.0835012
0.0906501
0.100906
0.116944
0.145967
0.216248
0.570793
0.0395363
0.0392392
0.0389649
0.038713
0.0384825
0.0382726
0.0380826
0.0379119
0.0377602
0.0376269
0.037512
0.0374151
0.037336
0.0372747
0.0372309
0.0372046
0.0371957
0.037204
0.0372295
0.037272
0.0373313
0.0374074
0.0375
0.0376089
0.0377338
0.0378746
0.0380309
0.0382024
0.0383888
0.0385896
0.0388044
0.0390329
0.0392746
0.0395288
0.0397953
0.0400733
0.0403624
0.0406619
0.0409713
0.0412899
0.0416172
0.0419525
0.0422952
0.0426447
0.0430003
0.0433614
0.0437274
0.0440976
0.0444715
0.0448485
0.0452281
0.0456096
0.0459927
0.0463769
0.0467616
0.0471466
0.0475314
0.0479159
0.0482998
0.0486828
0.0490651
0.0494464
0.0498271
0.0502071
0.050587
0.050967
0.0513478
0.0517303
0.0521153
0.0525039
0.0528978
0.0532984
0.053708
0.0541289
0.0545641
0.0550169
0.0554915
0.0559927
0.0565264
0.0570994
0.0577203
0.0583991
0.0591485
0.0599838
0.0609243
0.0619944
0.0632255
0.0646584
0.0663478
0.068368
0.0708239
0.0738676
0.0777302
0.0827818
0.0896585
0.0995635
0.115106
0.143302
0.211688
0.558129
0.0393696
0.0389174
0.0385024
0.0381232
0.0377778
0.0374644
0.0371818
0.0369287
0.0367041
0.0365072
0.0363371
0.0361932
0.0360749
0.0359818
0.0359134
0.0358693
0.0358491
0.0358525
0.035879
0.0359284
0.0360003
0.0360942
0.0362098
0.0363466
0.0365043
0.0366823
0.0368801
0.0370971
0.0373328
0.0375866
0.0378578
0.0381458
0.0384498
0.0387691
0.0391029
0.0394504
0.0398109
0.0401834
0.0405671
0.0409613
0.0413649
0.041777
0.0421969
0.0426237
0.0430563
0.043494
0.0439359
0.0443811
0.0448288
0.0452782
0.0457285
0.0461789
0.0466286
0.0470771
0.0475236
0.0479676
0.0484084
0.0488457
0.0492789
0.0497078
0.050132
0.0505513
0.0509658
0.0513753
0.0517801
0.0521805
0.0525768
0.0529697
0.0533601
0.0537489
0.0541374
0.0545272
0.0549203
0.0553189
0.0557258
0.0561443
0.0565783
0.0570326
0.0575127
0.0580255
0.0585791
0.0591834
0.0598507
0.0605959
0.0614378
0.0624003
0.0635137
0.0648181
0.0663663
0.0682311
0.0705142
0.0733639
0.0770042
0.0817944
0.0883521
0.0978449
0.112802
0.140019
0.206155
0.542357
0.0392414
0.038621
0.0380549
0.0375402
0.0370737
0.0366527
0.0362749
0.0359384
0.0356413
0.0353822
0.0351597
0.0349727
0.03482
0.0347009
0.0346143
0.0345596
0.0345361
0.034543
0.0345796
0.0346453
0.0347395
0.0348615
0.0350106
0.0351861
0.0353872
0.0356133
0.0358636
0.0361371
0.0364331
0.0367507
0.0370888
0.0374466
0.0378231
0.0382171
0.0386277
0.0390538
0.0394942
0.0399479
0.0404136
0.0408902
0.0413766
0.0418716
0.042374
0.0428826
0.0433964
0.0439141
0.0444346
0.0449568
0.0454796
0.046002
0.0465229
0.0470413
0.0475563
0.0480669
0.0485722
0.0490715
0.049564
0.0500489
0.0505257
0.0509937
0.0514525
0.0519017
0.0523411
0.0527705
0.0531898
0.0535993
0.0539993
0.0543901
0.0547726
0.0551475
0.0555162
0.05588
0.0562408
0.0566009
0.0569628
0.0573295
0.057705
0.0580938
0.0585014
0.0589344
0.0594007
0.0599101
0.0604743
0.0611079
0.0618293
0.0626614
0.0636337
0.0647849
0.0661662
0.0678477
0.0699278
0.0725494
0.0759294
0.0804152
0.0866036
0.0956223
0.109913
0.13603
0.19966
0.523374
0.0393462
0.0385469
0.0378214
0.0371652
0.0365738
0.0360434
0.0355704
0.0351518
0.034785
0.0344677
0.0341977
0.0339734
0.033793
0.0336552
0.0335584
0.0335016
0.0334835
0.0335031
0.0335594
0.0336511
0.0337775
0.0339374
0.0341298
0.0343537
0.034608
0.0348917
0.0352035
0.0355424
0.035907
0.0362963
0.036709
0.0371436
0.0375989
0.0380736
0.0385662
0.0390754
0.0395997
0.0401376
0.0406878
0.0412487
0.0418188
0.0423968
0.0429811
0.0435702
0.0441629
0.0447576
0.045353
0.0459477
0.0465403
0.0471296
0.0477143
0.0482932
0.048865
0.0494286
0.0499829
0.050527
0.0510598
0.0515805
0.0520879
0.0525812
0.0530599
0.0535233
0.0539712
0.0544031
0.0548191
0.055219
0.055603
0.0559716
0.0563253
0.0566648
0.0569913
0.0573062
0.0576112
0.0579083
0.0582001
0.0584897
0.0587808
0.059078
0.0593864
0.0597125
0.0600641
0.0604505
0.0608832
0.0613762
0.0619471
0.062618
0.0634173
0.0643819
0.0655609
0.0670213
0.068857
0.0712045
0.0742707
0.078387
0.0841225
0.092552
0.106002
0.130712
0.191112
0.498716
0.0399536
0.0389658
0.0380727
0.0372682
0.0365469
0.0359042
0.0353353
0.0348356
0.0344016
0.0340297
0.0337171
0.0334611
0.0332594
0.0331097
0.0330101
0.0329588
0.0329542
0.0329945
0.0330782
0.0332039
0.0333701
0.0335753
0.0338181
0.034097
0.0344105
0.0347571
0.0351354
0.0355436
0.0359804
0.0364439
0.0369328
0.0374452
0.0379795
0.038534
0.0391071
0.039697
0.040302
0.0409205
0.0415503
0.0421896
0.0428366
0.0434897
0.0441472
0.0448073
0.0454685
0.046129
0.0467873
0.0474417
0.0480907
0.0487326
0.049366
0.0499894
0.0506013
0.0512004
0.0517853
0.0523548
0.0529075
0.0534425
0.0539586
0.0544548
0.0549305
0.0553847
0.055817
0.0562269
0.0566141
0.0569785
0.0573201
0.0576392
0.0579363
0.0582121
0.0584676
0.0587042
0.0589235
0.0591275
0.0593189
0.0595007
0.0596765
0.0598506
0.0600284
0.0602161
0.0604211
0.0606525
0.0609215
0.0612414
0.0616291
0.0621056
0.0626979
0.0634409
0.0643811
0.0655814
0.0671303
0.0691561
0.071853
0.075532
0.0807269
0.0884454
0.100868
0.123836
0.180203
0.467568
0.0413696
0.0401933
0.0391312
0.0381765
0.0373229
0.036565
0.0358984
0.0353174
0.0348171
0.0343927
0.0340404
0.0337563
0.0335373
0.0333804
0.0332827
0.0332418
0.0332552
0.0333206
0.0334359
0.033599
0.0338079
0.0340605
0.0343548
0.0346889
0.0350609
0.0354686
0.0359102
0.0363837
0.0368871
0.0374184
0.0379755
0.0385565
0.0391594
0.0397821
0.0404226
0.041079
0.0417491
0.0424311
0.0431228
0.0438223
0.0445276
0.0452367
0.0459479
0.046659
0.0473683
0.0480737
0.0487736
0.0494659
0.0501489
0.0508207
0.0514796
0.0521239
0.0527518
0.0533617
0.0539521
0.0545213
0.055068
0.0555908
0.0560884
0.0565597
0.0570036
0.0574193
0.0578059
0.058163
0.05849
0.0587867
0.0590532
0.0592896
0.0594964
0.0596743
0.0598243
0.0599477
0.0600464
0.0601223
0.0601781
0.0602168
0.0602421
0.0602584
0.0602709
0.0602857
0.0603102
0.0603532
0.0604253
0.0605394
0.0607115
0.0609614
0.0613144
0.0618032
0.0624709
0.063376
0.0646002
0.0662618
0.0685399
0.0717206
0.0762946
0.0831878
0.0944017
0.115296
0.166805
0.42959
0.0438561
0.0425047
0.0412856
0.0401912
0.0392143
0.038349
0.0375907
0.036934
0.0363725
0.0359005
0.0355126
0.0352043
0.0349711
0.0348092
0.0347148
0.0346845
0.0347152
0.0348038
0.0349474
0.0351433
0.0353886
0.0356809
0.0360176
0.0363961
0.036814
0.0372689
0.0377583
0.0382799
0.0388313
0.0394103
0.0400145
0.0406416
0.0412894
0.0419557
0.0426382
0.0433348
0.0440433
0.0447616
0.0454874
0.0462188
0.0469535
0.0476896
0.0484247
0.049157
0.0498842
0.0506043
0.0513151
0.0520147
0.0527009
0.0533716
0.0540249
0.0546587
0.055271
0.0558599
0.0564235
0.05696
0.0574678
0.0579451
0.0583905
0.0588026
0.0591801
0.059522
0.0598273
0.0600954
0.0603256
0.0605178
0.0606719
0.060788
0.0608667
0.0609088
0.0609153
0.0608878
0.060828
0.0607384
0.0606215
0.0604807
0.0603197
0.060143
0.0599559
0.0597646
0.0595763
0.0593997
0.0592448
0.0591242
0.0590528
0.0590492
0.0591369
0.0593458
0.0597155
0.0602992
0.0611709
0.0624375
0.0642601
0.0668962
0.0707865
0.0767616
0.0866153
0.105147
0.151062
0.38537
0.0477856
0.0462835
0.0449281
0.043711
0.042625
0.0416642
0.0408236
0.040098
0.03948
0.0389629
0.0385402
0.0382062
0.0379557
0.0377836
0.0376853
0.0376566
0.0376934
0.0377919
0.0379483
0.0381593
0.0384215
0.0387316
0.0390867
0.0394836
0.0399195
0.0403917
0.0408974
0.0414339
0.0419987
0.0425893
0.0432032
0.0438381
0.0444916
0.0451614
0.0458454
0.0465412
0.0472466
0.0479596
0.0486779
0.0493994
0.0501219
0.0508433
0.0515613
0.0522737
0.0529783
0.0536728
0.0543549
0.0550223
0.0556727
0.0563038
0.0569131
0.0574984
0.0580573
0.0585876
0.059087
0.0595534
0.0599848
0.0603791
0.0607347
0.0610498
0.0613229
0.0615529
0.0617385
0.061879
0.0619738
0.0620226
0.0620254
0.0619825
0.0618945
0.0617624
0.0615875
0.0613716
0.0611167
0.0608255
0.0605009
0.0601466
0.0597666
0.0593658
0.0589494
0.058524
0.0580966
0.0576759
0.0572717
0.0568957
0.0565622
0.0562883
0.0560954
0.0560109
0.0560699
0.05632
0.0568266
0.0576838
0.0590332
0.0611
0.0642694
0.0692659
0.0776526
0.0936052
0.133359
0.336161
0.0536314
0.0520086
0.0505418
0.0492225
0.0480437
0.047
0.0460873
0.0452979
0.0446239
0.0440574
0.0435914
0.0432194
0.0429351
0.0427328
0.0426071
0.0425529
0.0425655
0.0426403
0.0427732
0.0429601
0.0431971
0.0434808
0.0438076
0.0441743
0.0445778
0.0450151
0.0454835
0.0459802
0.0465027
0.0470484
0.0476151
0.0482003
0.048802
0.0494179
0.0500459
0.0506839
0.0513299
0.0519818
0.0526376
0.0532952
0.0539523
0.054607
0.0552569
0.0558998
0.0565332
0.0571549
0.0577621
0.0583525
0.0589233
0.0594718
0.0599953
0.0604911
0.0609564
0.0613885
0.0617847
0.0621424
0.0624591
0.0627325
0.0629604
0.0631408
0.0632719
0.0633523
0.0633808
0.0633563
0.0632784
0.0631468
0.0629616
0.0627233
0.0624328
0.0620914
0.0617008
0.0612633
0.0607813
0.060258
0.0596969
0.059102
0.0584779
0.0578298
0.0571635
0.0564856
0.0558035
0.0551256
0.0544616
0.0538226
0.0532219
0.0526753
0.052202
0.0518262
0.0515789
0.0515012
0.0516495
0.0521041
0.0529857
0.0544853
0.0569288
0.0609284
0.0678026
0.0810668
0.114347
0.28403
0.0620263
0.0603036
0.0587401
0.0573277
0.0560603
0.0549333
0.0539443
0.0530794
0.05233
0.0516882
0.0511464
0.0506977
0.0503355
0.0500537
0.0498464
0.0497084
0.0496346
0.0496203
0.049661
0.0497527
0.0498914
0.0500736
0.0502959
0.0505551
0.0508482
0.0511724
0.0515251
0.0519038
0.0523062
0.0527301
0.0531734
0.0536342
0.0541103
0.0546001
0.0551015
0.055613
0.0561325
0.0566582
0.0571884
0.0577209
0.0582539
0.0587851
0.0593123
0.0598331
0.060345
0.0608454
0.0613314
0.0618
0.0622484
0.0626731
0.063071
0.0634388
0.0637731
0.0640705
0.0643278
0.0645417
0.0647092
0.0648275
0.0648938
0.0649058
0.0648615
0.064759
0.0645971
0.0643749
0.0640918
0.0637477
0.0633431
0.0628788
0.0623563
0.0617773
0.0611442
0.0604597
0.0597273
0.0589507
0.058134
0.0572822
0.0564004
0.0554944
0.0545705
0.0536358
0.0526977
0.0517648
0.0508465
0.0499533
0.0490976
0.0482936
0.0475582
0.0469124
0.0463825
0.0460032
0.0458213
0.0459031
0.0463475
0.0473108
0.0490588
0.0520895
0.0574742
0.0680627
0.0948624
0.231478
0.0738136
0.0719671
0.0702776
0.0687381
0.067344
0.0660933
0.0649705
0.063965
0.0630682
0.0622725
0.0615704
0.0609552
0.0604205
0.0599606
0.0595701
0.0592439
0.0589774
0.0587663
0.0586066
0.0584946
0.058427
0.0584005
0.0584121
0.0584593
0.0585394
0.05865
0.0587891
0.0589545
0.0591444
0.0593568
0.0595902
0.0598429
0.0601133
0.0603998
0.0607009
0.061015
0.0613407
0.0616762
0.0620197
0.0623695
0.0627235
0.0630796
0.0634354
0.0637882
0.0641354
0.0644738
0.0648002
0.065111
0.0654026
0.0656711
0.0659124
0.0661224
0.0662968
0.0664316
0.0665225
0.0665656
0.0665571
0.0664935
0.0663717
0.0661887
0.0659422
0.0656304
0.0652519
0.0648059
0.064292
0.0637107
0.063063
0.0623502
0.0615746
0.0607387
0.059846
0.0589
0.0579051
0.056866
0.0557879
0.0546766
0.0535381
0.0523789
0.0512059
0.0500266
0.0488488
0.047681
0.0465322
0.0454125
0.0443328
0.0433059
0.0423461
0.0414711
0.0407023
0.0400678
0.0396046
0.0393653
0.0394275
0.0399132
0.0410299
0.0431659
0.0471547
0.0552095
0.0758507
0.181236
0.0899109
0.0878127
0.085866
0.0840646
0.0824046
0.0808833
0.0794765
0.0781762
0.076975
0.0758662
0.0748437
0.0739017
0.0730351
0.0722392
0.0715096
0.0708423
0.0702334
0.0696798
0.0691781
0.0687254
0.0683192
0.0679567
0.0676358
0.0673543
0.0671101
0.0669013
0.0667263
0.0665832
0.0664706
0.066387
0.0663308
0.0663008
0.0662955
0.0663136
0.0663538
0.0664144
0.0664941
0.0665913
0.0667041
0.0668306
0.0669686
0.0671157
0.0672693
0.0674262
0.0675832
0.0677365
0.0678821
0.0680156
0.0681324
0.0682275
0.0682958
0.068332
0.0683309
0.0682871
0.0681955
0.0680512
0.0678496
0.0675864
0.0672579
0.0668611
0.0663934
0.0658529
0.0652385
0.0645498
0.0637872
0.0629518
0.0620454
0.0610706
0.0600307
0.0589294
0.0577714
0.0565616
0.0553056
0.0540094
0.0526793
0.0513221
0.0499448
0.0485547
0.0471592
0.0457663
0.0443838
0.0430201
0.0416837
0.0403838
0.03913
0.0379329
0.0368044
0.0357583
0.0348115
0.0339849
0.0333067
0.0328158
0.0325698
0.0326592
0.0332377
0.034593
0.037343
0.0431264
0.0582379
0.135825
0.110681
0.108047
0.105566
0.103232
0.101044
0.0989729
0.0970135
0.0951593
0.0934045
0.091744
0.0901732
0.0886878
0.0872838
0.0859575
0.0847056
0.0835247
0.082412
0.0813647
0.0803802
0.079456
0.0785897
0.0777791
0.0770222
0.076317
0.0756615
0.0750539
0.0744925
0.0739756
0.0735017
0.0730691
0.0726763
0.0723219
0.0720042
0.071722
0.0714734
0.0712571
0.0710712
0.0709137
0.0707828
0.070676
0.0705906
0.0705238
0.0704722
0.0704319
0.0703987
0.0703679
0.0703343
0.0702923
0.0702359
0.0701586
0.070054
0.0699154
0.069736
0.0695094
0.0692292
0.0688896
0.0684851
0.0680111
0.0674635
0.0668392
0.0661359
0.0653522
0.0644878
0.0635431
0.0625198
0.0614203
0.0602477
0.0590063
0.057701
0.0563371
0.0549209
0.0534589
0.0519582
0.0504261
0.0488702
0.0472983
0.0457183
0.0441381
0.0425656
0.0410086
0.039475
0.0379724
0.0365086
0.0350913
0.0337286
0.0324285
0.0312002
0.0300535
0.0290004
0.0280555
0.027238
0.0265749
0.0261057
0.0258932
0.0260446
0.026761
0.0284766
0.0323434
0.0427871
0.0971352
0.134653
0.131079
0.127682
0.124453
0.121376
0.118437
0.11563
0.112951
0.110395
0.107957
0.105633
0.103418
0.10131
0.0993034
0.0973956
0.0955829
0.0938619
0.0922295
0.0906827
0.0892184
0.0878338
0.0865263
0.0852932
0.084132
0.0830402
0.0820155
0.0810557
0.0801584
0.0793216
0.0785433
0.0778213
0.0771538
0.0765386
0.0759739
0.0754575
0.0749874
0.0745612
0.0741764
0.0738303
0.0735199
0.0732417
0.0729917
0.0727656
0.0725582
0.0723639
0.0721765
0.0719892
0.0717945
0.0715848
0.0713519
0.0710875
0.0707832
0.0704311
0.0700232
0.0695523
0.0690119
0.0683962
0.0677007
0.0669215
0.0660564
0.0651039
0.0640641
0.0629381
0.0617282
0.0604379
0.0590716
0.0576346
0.0561332
0.0545742
0.0529652
0.051314
0.0496291
0.0479187
0.0461917
0.0444565
0.0427217
0.0409955
0.0392862
0.0376013
0.0359483
0.0343341
0.0327653
0.0312482
0.0297886
0.0283922
0.0270646
0.0258115
0.0246389
0.023554
0.0225653
0.0216845
0.0209279
0.0203202
0.0199015
0.019741
0.019971
0.0208787
0.0232313
0.0299865
0.0661396
0.157312
0.152513
0.147946
0.143594
0.139439
0.135474
0.131692
0.128087
0.124651
0.121378
0.118263
0.115298
0.112478
0.109799
0.107253
0.104837
0.102545
0.100372
0.0983151
0.0963683
0.094528
0.0927902
0.0911509
0.0896065
0.0881533
0.0867881
0.0855075
0.0843084
0.0831877
0.0821425
0.08117
0.0802675
0.0794321
0.0786612
0.0779519
0.0773015
0.0767068
0.0761646
0.0756711
0.0752223
0.0748135
0.0744394
0.0740941
0.0737709
0.0734621
0.0731597
0.0728545
0.0725373
0.0721982
0.071827
0.0714139
0.070949
0.0704233
0.0698281
0.0691562
0.0684012
0.067558
0.0666232
0.0655946
0.0644717
0.0632552
0.0619477
0.0605527
0.0590754
0.0575216
0.0558985
0.054214
0.0524767
0.0506955
0.0488799
0.0470394
0.0451838
0.0433224
0.0414647
0.0396194
0.0377951
0.0359999
0.0342409
0.0325251
0.0308584
0.0292462
0.0276933
0.0262035
0.0247805
0.0234271
0.0221459
0.0209393
0.0198095
0.0187592
0.0177919
0.0169127
0.0161294
0.015455
0.0149116
0.0145392
0.0144165
0.0147176
0.0159129
0.0198282
0.0418766
0.171613
0.165787
0.160256
0.155003
0.150012
0.145271
0.140768
0.136492
0.132432
0.128579
0.124923
0.121455
0.118166
0.115049
0.112096
0.1093
0.106654
0.104152
0.101788
0.0995553
0.0974491
0.0954641
0.0935954
0.0918382
0.0901882
0.0886411
0.0871928
0.0858396
0.0845778
0.0834039
0.0823145
0.0813062
0.0803758
0.07952
0.0787352
0.0780178
0.0773638
0.0767687
0.0762276
0.0757346
0.0752834
0.0748664
0.0744754
0.074101
0.0737333
0.0733614
0.0729739
0.0725591
0.0721053
0.0716011
0.0710356
0.0703989
0.069682
0.0688774
0.0679793
0.0669833
0.0658871
0.0646898
0.0633927
0.0619983
0.0605111
0.0589368
0.0572825
0.0555563
0.0537673
0.0519252
0.0500402
0.0481228
0.0461837
0.0442335
0.0422825
0.0403407
0.0384176
0.036522
0.034662
0.0328451
0.0310777
0.0293655
0.0277134
0.0261251
0.0246038
0.0231517
0.0217702
0.0204602
0.0192219
0.0180551
0.016959
0.0159331
0.0149765
0.0140888
0.0132703
0.0125228
0.0118503
0.0112618
0.0107749
0.0104266
0.0103012
0.0106306
0.0123269
0.0231918
)
;

boundaryField
{
    jetInlet
    {
        type            fixedValue;
        value           uniform 0.001;
    }
    returnOutlet
    {
        type            inletOutlet;
        inletValue      uniform 0.001;
        value           nonuniform List<scalar> 
35
(
3.16434
1.70693
1.65618
1.83757
2.11427
2.43939
2.78084
3.11055
3.40455
3.64543
3.82348
3.92639
0.001
0.001
0.001
0.001
0.001
0.001
0.001
0.001
0.001
0.001
0.001
0.001
0.001
0.001
0.158431
0.184921
0.157036
0.0758358
0.0541996
0.0881896
0.169057
0.269418
0.340257
)
;
    }
    flatBed
    {
        type            epsilonWallFunction;
        blending        stepwise;
        value           nonuniform List<scalar> 
100
(
3.16434
3.23461
3.30038
3.36101
3.41572
3.46381
3.5048
3.5388
3.56406
3.56854
3.54981
3.50646
3.43807
3.34518
3.22922
3.09235
2.93738
2.76756
2.58649
2.3979
2.20558
2.01317
1.82409
1.64137
1.46755
1.30465
1.15406
1.0166
0.89255
0.781709
0.683518
0.597152
0.521627
0.455885
0.398857
0.349516
0.306905
0.270149
0.238465
0.211157
0.187614
0.167299
0.149748
0.134559
0.121389
0.109946
0.099983
0.0912969
0.0837188
0.077111
0.0713614
0.0663781
0.0620847
0.0584158
0.0553131
0.0527234
0.0505961
0.0488834
0.0475402
0.0465244
0.0457979
0.0453266
0.0450806
0.0450342
0.0451656
0.0454561
0.0458902
0.0464515
0.047101
0.0478289
0.0486271
0.0494896
0.0504119
0.051392
0.0524303
0.0535309
0.0547028
0.0559159
0.0571529
0.0584035
0.0596578
0.0609053
0.0621346
0.0633335
0.064488
0.0655826
0.0665997
0.067519
0.068317
0.0689662
0.069434
0.0696808
0.0696588
0.0693091
0.0685622
0.0673372
0.0655417
0.063123
0.0604459
0.0602745
)
;
    }
    slope
    {
        type            epsilonWallFunction;
        blending        stepwise;
        value           nonuniform List<scalar> 
50
(
1.14762
0.479022
0.344319
0.349891
0.381004
0.399107
0.424976
0.443604
0.464824
0.482208
0.500002
0.515605
0.530706
0.54439
0.557064
0.562302
0.575262
0.585904
0.595715
0.603758
0.610626
0.616078
0.620389
0.62357
0.625798
0.627161
0.627772
0.62764
0.626599
0.623948
0.591398
0.588743
0.580658
0.570793
0.558129
0.542357
0.523374
0.498716
0.467568
0.42959
0.38537
0.336161
0.28403
0.231478
0.181236
0.135825
0.0971352
0.0661396
0.0418766
0.0231918
)
;
    }
    top
    {
        type            symmetryPlane;
    }
    frontAndBack
    {
        type            empty;
    }
    defaultFaces
    {
        type            empty;
    }
}


// ************************************************************************* //
