/*--------------------------------*- C++ -*----------------------------------*\
| =========                 |                                                 |
| \\      /  F ield         | OpenFOAM: The Open Source CFD Toolbox           |
|  \\    /   O peration     | Version:  2206                                  |
|   \\  /    A nd           | Website:  www.openfoam.com                      |
|    \\/     M anipulation  |                                                 |
\*---------------------------------------------------------------------------*/
FoamFile
{
    version     2.0;
    format      ascii;
    arch        "LSB;label=32;scalar=64";
    class       volScalarField;
    location    "1200";
    object      p;
}
// * * * * * * * * * * * * * * * * * * * * * * * * * * * * * * * * * * * * * //

dimensions      [0 2 -2 0 0 0 0];

internalField   nonuniform List<scalar> 
10000
(
-0.0968109
-0.145635
-0.182156
-0.198828
-0.192811
-0.160049
-0.0968212
-5.42718e-05
0.132871
0.302977
0.508824
0.747271
1.01384
1.30314
1.60934
1.9265
2.2489
2.57128
2.88897
3.19799
3.49513
3.7779
4.04454
4.29393
4.52556
4.73943
4.93596
5.11589
5.2802
5.43004
5.56663
5.6912
5.80494
5.909
6.00441
6.0921
6.17288
6.24745
6.31642
6.38029
6.43948
6.49434
6.54517
6.59222
6.6357
6.6758
6.71268
6.7465
6.7774
6.80552
6.83099
6.85395
6.87454
6.8929
6.90916
6.92347
6.93597
6.94678
6.95606
6.96392
6.97048
6.97588
6.98023
6.98364
6.98624
6.98813
6.98943
6.99025
6.99069
6.99085
6.99086
6.99082
6.99082
6.99098
6.9914
6.99218
6.99343
6.99524
6.99772
7.00094
7.00502
7.01004
7.01607
7.02321
7.03152
7.04106
7.05187
7.06399
7.07741
7.09212
7.10806
7.12509
7.14301
7.16156
7.18023
7.1979
7.21292
7.22531
7.23787
7.242
-0.0928715
-0.135991
-0.173536
-0.195064
-0.195486
-0.170061
-0.114637
-0.0259494
0.098966
0.261594
0.460641
0.693097
0.954594
1.23984
1.54305
1.8583
2.17986
2.50243
2.82124
3.13224
3.43207
3.71811
3.98843
4.24178
4.47749
4.69543
4.89589
5.07954
5.24729
5.40025
5.53961
5.66663
5.78252
5.88845
5.98549
6.0746
6.15664
6.23235
6.30235
6.36716
6.42725
6.48296
6.53462
6.58247
6.62674
6.66761
6.70526
6.73984
6.77147
6.80031
6.82647
6.8501
6.87131
6.89024
6.90703
6.92181
6.93472
6.94589
6.95547
6.96358
6.97036
6.97592
6.9804
6.9839
6.98656
6.98849
6.9898
6.99061
6.99102
6.99115
6.99109
6.99096
6.99086
6.99089
6.99116
6.99177
6.99281
6.9944
6.99661
6.99956
7.00331
7.00797
7.01361
7.0203
7.02811
7.03709
7.04727
7.05869
7.07133
7.08517
7.10013
7.11608
7.13281
7.15005
7.1673
7.18357
7.19733
7.20846
7.21918
7.21458
-0.0945423
-0.131979
-0.171309
-0.199045
-0.207361
-0.190513
-0.143695
-0.0632985
0.0538808
0.209815
0.403475
0.631744
0.890183
1.17342
1.47558
1.79067
2.11288
2.43683
2.75769
3.07129
3.37418
3.66362
3.9376
4.19472
4.43422
4.65585
4.85983
5.04676
5.21751
5.37315
5.5149
5.64399
5.76169
5.86918
5.96757
6.05787
6.14097
6.21762
6.28848
6.3541
6.41495
6.47139
6.52376
6.57232
6.61729
6.65887
6.69722
6.73252
6.76488
6.79446
6.82137
6.84573
6.86766
6.88729
6.90473
6.92012
6.93357
6.94523
6.95521
6.96366
6.97071
6.97648
6.98111
6.98472
6.98744
6.98938
6.99068
6.99145
6.99179
6.99182
6.99165
6.99137
6.99111
6.99096
6.99103
6.99141
6.9922
6.99351
6.99542
6.99803
7.00143
7.00569
7.01089
7.01711
7.02441
7.03283
7.04241
7.05316
7.06508
7.07814
7.09225
7.1073
7.12307
7.1393
7.15557
7.17112
7.18502
7.19754
7.20873
7.20909
-0.101398
-0.139918
-0.184235
-0.22044
-0.238143
-0.230493
-0.191944
-0.118445
-0.00666282
0.145764
0.33798
0.566439
0.826344
1.11201
1.41729
1.73598
2.0621
2.39012
2.71511
3.03282
3.33971
3.633
3.91058
4.17102
4.41352
4.6378
4.84407
5.03292
5.20524
5.36216
5.5049
5.63478
5.75308
5.86104
5.95981
6.05043
6.13381
6.21075
6.28189
6.34781
6.40896
6.46572
6.51842
6.56731
6.61262
6.65454
6.69323
6.72887
6.76159
6.79153
6.81881
6.84357
6.86592
6.88597
6.90384
6.91964
6.93349
6.9455
6.9558
6.96452
6.97177
6.97769
6.98242
6.98607
6.98878
6.99068
6.9919
6.99256
6.99277
6.99263
6.99227
6.9918
6.9913
6.99091
6.99071
6.9908
6.99129
6.99227
6.99383
6.99606
6.99906
7.00289
7.00763
7.01335
7.02012
7.02796
7.03692
7.04701
7.05822
7.0705
7.08379
7.09795
7.11279
7.12805
7.14332
7.15797
7.17134
7.1838
7.19505
7.19564
-0.109224
-0.155487
-0.209033
-0.256425
-0.285211
-0.28753
-0.257137
-0.189591
-0.0814643
0.0698833
0.263553
0.495331
0.759874
1.05103
1.36227
1.6871
2.01933
2.35325
2.68384
3.00675
3.31841
3.61598
3.89732
4.16099
4.40617
4.6326
4.84051
5.03054
5.20364
5.361
5.50393
5.63381
5.75199
5.85976
5.95833
6.04878
6.13204
6.2089
6.28005
6.34604
6.40733
6.46428
6.51721
6.56635
6.61192
6.6541
6.69304
6.72888
6.76178
6.79187
6.81929
6.84416
6.86662
6.8868
6.90481
6.92076
6.93477
6.94694
6.95739
6.96624
6.97358
6.97956
6.9843
6.98792
6.99055
6.99235
6.99343
6.99391
6.99392
6.99356
6.99296
6.99221
6.99144
6.99075
6.99023
6.99
6.99014
6.99076
6.99193
6.99376
6.99632
6.99969
7.00394
7.00915
7.01535
7.0226
7.03091
7.0403
7.05075
7.06222
7.07462
7.08783
7.10164
7.11583
7.13001
7.14364
7.15624
7.16814
7.17899
7.18048
-0.116003
-0.175618
-0.242687
-0.304026
-0.345596
-0.358688
-0.336481
-0.274203
-0.168273
-0.0159749
0.181397
0.418802
0.690229
0.988974
1.30809
1.64075
1.98052
2.32156
2.65872
2.98761
3.30459
3.6068
3.89209
4.159
4.40673
4.63505
4.84423
5.035
5.20839
5.36568
5.50828
5.63765
5.75522
5.86237
5.96035
6.05027
6.1331
6.20965
6.28061
6.34652
6.40783
6.46491
6.51804
6.56746
6.61333
6.65583
6.69508
6.7312
6.76433
6.79459
6.82211
6.84703
6.8695
6.88964
6.9076
6.9235
6.93746
6.9496
6.96002
6.96884
6.97615
6.98208
6.98673
6.99023
6.99272
6.99435
6.99522
6.99547
6.99522
6.99458
6.99367
6.99261
6.9915
6.99046
6.98958
6.98897
6.98873
6.98894
6.98969
6.99107
6.99316
6.99604
6.99977
7.00442
7.01003
7.01663
7.02426
7.03291
7.04255
7.05315
7.06461
7.0768
7.08953
7.10257
7.11558
7.12808
7.13962
7.15043
7.16023
7.1612
-0.120968
-0.199033
-0.283568
-0.361132
-0.416657
-0.440841
-0.426467
-0.368528
-0.263049
-0.107568
0.0956547
0.340694
0.620812
0.928736
1.25708
1.59871
1.94698
2.2959
2.64023
2.97553
3.29813
3.60514
3.8944
4.16447
4.41455
4.64446
4.85456
5.04564
5.21885
5.37558
5.51737
5.64577
5.76231
5.86843
5.96546
6.05454
6.13666
6.21266
6.2832
6.34883
6.41002
6.4671
6.52035
6.56997
6.61614
6.65898
6.69859
6.73508
6.76853
6.79905
6.82675
6.85177
6.87423
6.8943
6.91212
6.92784
6.9416
6.95353
6.96376
6.97238
6.97951
6.98525
6.98971
6.993
6.99527
6.99665
6.99726
6.99722
6.99665
6.99567
6.99441
6.99297
6.99148
6.99004
6.98876
6.98773
6.98706
6.98682
6.98712
6.98802
6.9896
6.99195
6.99513
6.99918
7.00416
7.01009
7.01699
7.02485
7.03365
7.04334
7.05382
7.06497
7.0766
7.08848
7.1003
7.11167
7.12214
7.13185
7.1406
7.14173
-0.123852
-0.225374
-0.330819
-0.425983
-0.495688
-0.530431
-0.52286
-0.467821
-0.360516
-0.199263
0.0119124
0.266293
0.556452
0.874586
1.21293
1.56408
1.92122
2.27826
2.62989
2.97164
3.29981
3.6115
3.90454
4.17749
4.42959
4.66071
4.87127
5.06219
5.23473
5.39044
5.53096
5.65798
5.7731
5.87785
5.97362
6.0616
6.14278
6.218
6.28793
6.35311
6.41398
6.4709
6.52412
6.57384
6.6202
6.66332
6.70328
6.74013
6.77396
6.80482
6.8328
6.858
6.88054
6.90056
6.91823
6.93372
6.94718
6.95878
6.96865
6.97692
6.98372
6.98913
6.99327
6.99624
6.99819
6.99925
6.99952
6.99912
6.99818
6.99681
6.99514
6.99329
6.99137
6.98949
6.98776
6.98627
6.98513
6.98442
6.98423
6.98462
6.98566
6.98745
6.99003
6.99346
6.99778
7.00301
7.00915
7.01621
7.02414
7.0329
7.04239
7.05248
7.063
7.07373
7.08439
7.0946
7.10397
7.11251
7.1201
7.12094
-0.124627
-0.255002
-0.38406
-0.496727
-0.579435
-0.623054
-0.620367
-0.566045
-0.45401
-0.284157
-0.0631622
0.201757
0.50264
0.831275
1.17962
1.5401
1.90579
2.27056
2.62909
2.97685
3.31016
3.62609
3.92247
4.19784
4.45146
4.68328
4.89379
5.08404
5.25543
5.40966
5.54852
5.6738
5.7872
5.89033
5.98463
6.07132
6.15141
6.22572
6.29489
6.35946
6.41988
6.47649
6.52952
6.57918
6.62559
6.66887
6.70908
6.74625
6.78043
6.81165
6.83996
6.86542
6.88812
6.90819
6.92576
6.94102
6.95414
6.96532
6.97473
6.98252
6.98882
6.99376
6.99744
6.99997
7.0015
7.00215
7.002
7.00118
6.9998
6.99799
6.99587
6.99355
6.99116
6.98881
6.98659
6.98461
6.98297
6.98175
6.98103
6.98088
6.98137
6.98257
6.98454
6.98732
6.99095
6.99545
7.00083
7.00706
7.01412
7.02195
7.03044
7.03949
7.04892
7.05852
7.06804
7.07715
7.08546
7.09293
7.09948
7.10036
-0.122604
-0.288524
-0.443013
-0.570794
-0.663379
-0.712778
-0.712085
-0.655114
-0.534862
-0.353935
-0.121975
0.153757
0.465038
0.803445
1.16082
1.52953
1.90267
2.27408
2.63847
2.99133
3.32894
3.64836
3.94738
4.22453
4.47909
4.71103
4.92097
5.11005
5.27985
5.43222
5.5691
5.69242
5.80388
5.90524
5.99799
6.08334
6.1623
6.23566
6.30402
6.36791
6.42779
6.48397
6.5367
6.58615
6.63247
6.67576
6.71607
6.75343
6.78787
6.8194
6.84803
6.87379
6.89672
6.9169
6.93446
6.94955
6.96237
6.97311
6.98199
6.98918
6.99487
6.99918
7.00225
7.00422
7.00523
7.00535
7.0047
7.00337
7.0015
6.99919
6.99657
6.99375
6.99085
6.98798
6.98525
6.98275
6.98058
6.97882
6.97755
6.97685
6.97677
6.97735
6.97869
6.98081
6.98374
6.9875
6.99209
6.9975
7.00368
7.01058
7.0181
7.02613
7.0345
7.04302
7.05145
7.05949
7.06679
7.07324
7.07882
7.0796
-0.116926
-0.325606
-0.506104
-0.643234
-0.740018
-0.790697
-0.788491
-0.723711
-0.591313
-0.398739
-0.156279
0.129021
0.44894
0.795074
1.15933
1.53415
1.91271
2.28893
2.65754
3.01404
3.35472
3.67658
3.97735
4.25552
4.51036
4.74189
4.95077
5.13828
5.30617
5.45647
5.59126
5.71259
5.82207
5.92164
6.01291
6.09703
6.17497
6.24749
6.31509
6.3783
6.43762
6.49336
6.54571
6.59484
6.64094
6.6841
6.72436
6.76176
6.79632
6.82805
6.85692
6.88295
6.90612
6.92648
6.9441
6.9591
6.97167
6.98201
6.99034
6.99688
7.00186
7.00543
7.00776
7.00904
7.00939
7.00888
7.00762
7.00571
7.00327
7.00041
6.99724
6.99387
6.99043
6.98702
6.98374
6.98069
6.97797
6.97565
6.97382
6.97255
6.97187
6.97184
6.97252
6.97397
6.9762
6.97922
6.98303
6.98761
6.99293
6.99892
7.00548
7.01252
7.01987
7.02735
7.03475
7.04179
7.04815
7.0537
7.05843
7.05927
-0.127826
-0.369356
-0.566925
-0.701758
-0.79483
-0.842491
-0.835801
-0.75879
-0.611762
-0.409652
-0.159134
0.132893
0.458323
0.808953
1.1769
1.55479
1.93596
2.31442
2.68498
3.04316
3.3852
3.70804
4.00934
4.28752
4.54181
4.77226
4.97962
5.16527
5.33113
5.4794
5.61232
5.73205
5.84007
5.93815
6.02824
6.11144
6.18865
6.26062
6.32763
6.39023
6.44908
6.50444
6.55644
6.60519
6.651
6.69393
6.734
6.77129
6.80582
6.8376
6.8666
6.8928
6.91617
6.9367
6.95442
6.96942
6.98183
6.99183
6.99966
7.00555
7.00975
7.0125
7.01399
7.01444
7.01401
7.01275
7.01078
7.0082
7.00511
7.00163
6.99786
6.99391
6.9899
6.98591
6.98206
6.97845
6.97516
6.97226
6.96985
6.96798
6.96671
6.96607
6.9661
6.96686
6.96838
6.97067
6.9737
6.97748
6.98194
6.98704
6.99269
6.99877
7.00515
7.01165
7.01808
7.02418
7.02967
7.03439
7.03837
7.03922
-0.158075
-0.44777
-0.614244
-0.724316
-0.807751
-0.850285
-0.832225
-0.740737
-0.584877
-0.377518
-0.12359
0.170343
0.496486
0.846963
1.21419
1.59107
1.97112
2.3485
2.71809
3.07542
3.41668
3.73872
4.03906
4.31605
4.56891
4.79768
5.00316
5.18683
5.3508
5.49743
5.62896
5.74745
5.85462
5.95211
6.04179
6.12472
6.20181
6.27384
6.34067
6.40284
6.46145
6.51671
6.56848
6.61686
6.6624
6.7051
6.74492
6.78198
6.81635
6.84803
6.87702
6.90328
6.92676
6.94741
6.96524
6.98027
6.99259
7.00236
7.00975
7.01504
7.01848
7.02034
7.02091
7.02047
7.01912
7.01699
7.01419
7.01084
7.00703
7.00286
6.99844
6.99387
6.98924
6.98466
6.98022
6.97602
6.97215
6.96867
6.96567
6.96321
6.96133
6.96007
6.95945
6.95954
6.96036
6.96191
6.96418
6.96716
6.9708
6.97504
6.9798
6.98497
6.99042
6.996
7.00152
7.00676
7.01146
7.01544
7.01876
7.01966
-0.196518
-0.523958
-0.602142
-0.66967
-0.747562
-0.785685
-0.752565
-0.654417
-0.500525
-0.296371
-0.0466716
0.242034
0.562274
0.906518
1.26751
1.63841
2.01296
2.38545
2.75081
3.10457
3.44283
3.76228
4.06027
4.33504
4.58582
4.81263
5.01625
5.19821
5.36084
5.50663
5.63768
5.75582
5.86277
5.96051
6.05079
6.13441
6.2121
6.28452
6.35186
6.41462
6.47363
6.52933
6.58114
6.62921
6.67467
6.7173
6.75684
6.79358
6.82771
6.8592
6.88807
6.91431
6.9378
6.95849
6.97637
6.99143
7.00373
7.01334
7.02041
7.02516
7.02788
7.02887
7.02851
7.0271
7.02473
7.02161
7.01788
7.01365
7.00902
7.0041
6.99897
6.99372
6.98845
6.98325
6.97821
6.97342
6.96895
6.96489
6.96129
6.95823
6.95575
6.95387
6.95262
6.95203
6.95216
6.95299
6.95452
6.95673
6.95957
6.96298
6.96689
6.9712
6.97578
6.98049
6.98516
6.9896
6.99357
6.99689
6.99963
7.00057
-0.0543348
-0.457399
-0.517615
-0.565848
-0.6275
-0.65128
-0.61899
-0.527468
-0.381129
-0.184977
0.055532
0.333947
0.643269
0.976462
1.32671
1.68753
2.05289
2.41728
2.77566
3.12353
3.45688
3.77223
4.06674
4.33855
4.58694
4.81181
5.01365
5.19402
5.35592
5.50205
5.63402
5.75322
5.86143
5.9612
6.05396
6.13991
6.2196
6.29364
6.3624
6.42639
6.48619
6.54219
6.59426
6.64272
6.68841
6.73087
6.76979
6.80599
6.83989
6.87116
6.89982
6.92598
6.94938
6.96998
6.98779
7.00281
7.01507
7.02457
7.03138
7.03569
7.03775
7.03797
7.03673
7.03428
7.03082
7.02661
7.02183
7.01662
7.01109
7.00534
6.99944
6.99347
6.98753
6.98169
6.97603
6.97063
6.96558
6.96092
6.95674
6.95308
6.95
6.94752
6.94565
6.9444
6.94385
6.94398
6.94479
6.94625
6.94832
6.95093
6.95403
6.95751
6.96126
6.96515
6.96903
6.97272
6.97601
6.97872
6.98093
6.98188
0.777266
0.379235
0.145651
-0.0180414
-0.158653
-0.250807
-0.280292
-0.245265
-0.149432
0.00216313
0.203764
0.44862
0.729255
1.03802
1.36747
1.71064
2.06108
2.41297
2.76104
3.10055
3.42725
3.73747
4.02814
4.29763
4.54543
4.77069
4.97283
5.15373
5.3183
5.46942
5.60766
5.73432
5.85076
5.95735
6.05462
6.14395
6.22638
6.30266
6.37334
6.43894
6.49993
6.55667
6.60933
6.65825
6.70385
6.74613
6.78534
6.82232
6.85653
6.887
6.91472
6.94025
6.96299
6.98302
7.00054
7.01544
7.02767
7.0371
7.04374
7.04768
7.04928
7.04889
7.04674
7.04311
7.03836
7.03282
7.02673
7.02029
7.01361
7.0068
6.99994
6.9931
6.98633
6.97972
6.97333
6.96722
6.96146
6.95612
6.95126
6.94691
6.94314
6.93996
6.93738
6.9354
6.93409
6.93344
6.93343
6.93406
6.93526
6.93699
6.93919
6.94176
6.9446
6.9476
6.95061
6.95349
6.95604
6.95811
6.95977
6.96059
0.272207
0.0793018
-0.0860348
-0.177352
-0.223913
-0.232364
-0.198678
-0.120725
9.99269e-05
0.160963
0.358515
0.588833
0.847442
1.12954
1.43019
1.74451
2.06769
2.39503
2.72196
3.04393
3.35614
3.65356
3.93167
4.19135
4.43463
4.66125
4.87223
5.06861
5.24894
5.41253
5.56128
5.69699
5.82094
5.93405
6.03745
6.13237
6.21979
6.30047
6.37505
6.44406
6.50797
6.56715
6.62187
6.67246
6.71924
6.76238
6.80214
6.8389
6.8725
6.903
6.93118
6.95666
6.97877
6.99858
7.01616
7.03077
7.04272
7.05189
7.05834
7.06215
7.0634
7.06222
7.05893
7.05394
7.04766
7.0405
7.03279
7.02477
7.01663
7.00848
7.0004
6.99245
6.98468
6.97714
6.96988
6.96294
6.95639
6.95028
6.94464
6.93953
6.93499
6.93104
6.92771
6.92496
6.9228
6.92129
6.92041
6.92013
6.92042
6.92122
6.92247
6.92409
6.92599
6.92807
6.93022
6.93229
6.93412
6.93557
6.93673
6.93759
0.166965
0.124421
0.0601807
0.0139966
-0.0104525
-0.0136596
0.0104463
0.0677731
0.160822
0.289567
0.45252
0.647099
0.869837
1.11666
1.38321
1.66503
1.95781
2.25735
2.55969
2.86114
3.15903
3.45169
3.73836
4.01521
4.27689
4.52157
4.74858
4.95735
5.14747
5.31996
5.47697
5.62056
5.75242
5.87387
5.98596
6.08955
6.18527
6.27368
6.3553
6.43062
6.50009
6.56411
6.62303
6.67719
6.7269
6.77243
6.81405
6.85205
6.88656
6.91779
6.94611
6.97149
6.99407
7.01463
7.03178
7.0456
7.05732
7.06631
7.0726
7.07614
7.07694
7.0751
7.07091
7.06475
7.05707
7.04833
7.03896
7.02929
7.01958
7.00998
7.00059
6.99147
6.98265
6.97416
6.96603
6.95828
6.95096
6.9441
6.93774
6.9319
6.92663
6.92196
6.9179
6.91441
6.91148
6.90917
6.90746
6.90634
6.90576
6.90569
6.90606
6.90681
6.90785
6.90909
6.91044
6.91178
6.91296
6.91385
6.91453
6.91536
0.10139
0.0797825
0.0392354
0.00553202
-0.00805307
0.00244857
0.0404766
0.108951
0.208827
0.339292
0.49847
0.683813
0.892285
1.12052
1.36497
1.62207
1.88844
2.16096
2.43696
2.71439
2.99126
3.26505
3.53346
3.79366
4.04389
4.28373
4.5128
4.73029
4.93518
5.12673
5.3046
5.46881
5.61982
5.75847
5.8859
6.0033
6.11171
6.2119
6.30443
6.38975
6.46827
6.54036
6.60639
6.66673
6.72173
6.77173
6.81704
6.85799
6.89484
6.92787
6.95738
6.98358
7.00668
7.02706
7.04438
7.05928
7.07113
7.0796
7.08556
7.08875
7.0892
7.08689
7.08205
7.07498
7.06611
7.05596
7.04501
7.03371
7.0224
7.0113
7.00054
6.9902
6.98029
6.97084
6.96183
6.95329
6.94522
6.93764
6.93058
6.92407
6.91811
6.91274
6.90797
6.90381
6.90019
6.89711
6.89463
6.89272
6.89134
6.89046
6.89002
6.88996
6.89021
6.8907
6.89132
6.89199
6.89259
6.89297
6.89325
6.89408
0.0679952
0.0613476
0.0490182
0.0428997
0.0518541
0.0794116
0.127765
0.198918
0.294081
0.413397
0.556154
0.720993
0.906044
1.10904
1.3275
1.5588
1.80025
2.04931
2.30342
2.55999
2.81649
3.07103
3.32197
3.56771
3.80693
4.03871
4.26243
4.4777
4.68423
4.8818
5.07018
5.24905
5.41796
5.57642
5.72416
5.86122
5.98797
6.10501
6.21297
6.31246
6.40395
6.48785
6.56451
6.63431
6.69761
6.75479
6.80622
6.8523
6.89338
6.92982
6.96199
6.99019
7.01473
7.03591
7.05385
7.06891
7.08098
7.0905
7.09674
7.09954
7.0997
7.09697
7.09169
7.08397
7.07419
7.06287
7.05053
7.03771
7.02485
7.01226
7.00012
6.98854
6.97755
6.96713
6.95727
6.94795
6.93916
6.93091
6.9232
6.91603
6.90944
6.90343
6.89801
6.89319
6.88891
6.88516
6.88196
6.87932
6.8772
6.87557
6.87439
6.87358
6.87311
6.87289
6.87285
6.87292
6.87299
6.87291
6.8728
6.87356
0.0426401
0.0416718
0.0410164
0.0461392
0.0627356
0.0945039
0.143937
0.21298
0.302862
0.413929
0.545738
0.697234
0.8669
1.0529
1.25323
1.4657
1.688
1.91769
2.15242
2.39008
2.62876
2.8668
3.10281
3.33555
3.56401
3.78737
4.00502
4.21645
4.42136
4.61963
4.81129
4.99634
5.1746
5.34572
5.50916
5.66425
5.81038
5.94709
6.07421
6.19181
6.30019
6.39967
6.49063
6.57341
6.64836
6.71587
6.77635
6.83021
6.87789
6.91985
6.95652
6.98832
7.01565
7.03889
7.05834
7.07432
7.08704
7.09679
7.10346
7.10755
7.10795
7.10478
7.09925
7.09109
7.08068
7.06848
7.05502
7.04089
7.02662
7.01263
6.99917
6.98639
6.97433
6.96298
6.95229
6.94224
6.93278
6.92389
6.91558
6.90783
6.90064
6.89403
6.88801
6.88257
6.87771
6.87335
6.86949
6.86617
6.86336
6.86105
6.85917
6.85769
6.85654
6.85568
6.85504
6.85455
6.85413
6.85362
6.85317
6.85385
0.018344
0.0207013
0.0274557
0.0413255
0.0656589
0.103222
0.155933
0.225149
0.311719
0.415939
0.537578
0.675962
0.830063
0.998557
1.17985
1.37218
1.57376
1.78278
1.99746
2.21609
2.43709
2.65897
2.88036
3.10007
3.31715
3.53099
3.7412
3.94745
4.14941
4.34678
4.5394
4.72728
4.9104
5.08864
5.26168
5.42902
5.58994
5.74364
5.88924
6.02603
6.1535
6.27144
6.37983
6.47884
6.56872
6.64977
6.72238
6.78695
6.84395
6.89389
6.93729
6.97465
7.0065
7.0333
7.05551
7.07355
7.08775
7.09846
7.10586
7.1103
7.11155
7.10962
7.10423
7.09581
7.08496
7.07218
7.05792
7.04277
7.02733
7.01211
6.99747
6.98359
6.97054
6.95832
6.94688
6.93614
6.92607
6.91661
6.90775
6.89946
6.89174
6.88459
6.87802
6.87202
6.86659
6.86167
6.85723
6.85328
6.84985
6.8469
6.84438
6.84227
6.84052
6.83907
6.83787
6.83686
6.83598
6.83509
6.83429
6.83486
-0.00976441
-0.00570843
0.00491258
0.0233427
0.0513013
0.0906074
0.142713
0.208697
0.289304
0.384901
0.495465
0.620616
0.759665
0.911665
1.07546
1.24974
1.43312
1.62414
1.82133
2.02323
2.22846
2.43575
2.64393
2.85197
3.05899
3.26433
3.46753
3.66833
3.8666
4.06219
4.25486
4.44439
4.63066
4.81357
4.99299
5.16864
5.34
5.50636
5.66684
5.82041
5.96607
6.1029
6.23024
6.34769
6.45509
6.55251
6.64014
6.7183
6.78743
6.84801
6.90059
6.94577
6.98415
7.01632
7.04285
7.06429
7.08112
7.0938
7.10267
7.10806
7.11013
7.10906
7.10512
7.09745
7.08643
7.07339
7.05866
7.04283
7.02653
7.01036
6.99475
6.97995
6.96606
6.95309
6.94098
6.92966
6.91904
6.90907
6.89972
6.89095
6.88276
6.87512
6.86805
6.86153
6.85557
6.85016
6.8452
6.84069
6.83667
6.83313
6.83004
6.82735
6.82502
6.82303
6.82131
6.81983
6.81853
6.81726
6.81615
6.81657
-0.0440614
-0.0390916
-0.0263565
-0.00535511
0.0246232
0.0646058
0.11556
0.178286
0.253379
0.341169
0.441707
0.554788
0.679976
0.816638
0.963966
1.12102
1.28676
1.46008
1.63983
1.82488
2.01414
2.20656
2.40118
2.59713
2.79366
2.99013
3.18604
3.38103
3.5749
3.76757
3.95897
4.14895
4.33724
4.52357
4.70771
4.88947
5.06853
5.24438
5.41628
5.58331
5.74435
5.89825
6.04382
6.18008
6.30626
6.42191
6.52684
6.6211
6.70493
6.77873
6.84301
6.89838
6.94549
6.98503
7.01769
7.04414
7.06501
7.08087
7.09223
7.09954
7.10311
7.10324
7.10024
7.09399
7.08435
7.07157
7.05671
7.04055
7.02378
7.00701
6.99073
6.97527
6.96075
6.94721
6.93458
6.92277
6.9117
6.9013
6.89153
6.88234
6.87372
6.86565
6.85813
6.85115
6.84472
6.83882
6.83339
6.82839
6.82384
6.81976
6.81612
6.8129
6.81005
6.80755
6.80536
6.80343
6.80173
6.80011
6.7987
6.79895
-0.0858642
-0.0804837
-0.0667497
-0.0445042
-0.0138004
0.0255695
0.0740586
0.132247
0.200645
0.279586
0.369226
0.469566
0.580447
0.701552
0.832421
0.972463
1.12098
1.27719
1.44025
1.60926
1.78335
1.9617
2.1435
2.32802
2.51458
2.70262
2.89161
3.08116
3.27096
3.4608
3.65059
3.84027
4.02971
4.21866
4.40675
4.59362
4.77896
4.9624
5.14343
5.32128
5.49498
5.66337
5.82514
5.97897
6.1236
6.25801
6.38147
6.49355
6.59415
6.68342
6.76172
6.82958
6.88765
6.93666
6.9774
7.01063
7.03713
7.05762
7.07273
7.08305
7.08906
7.09115
7.08968
7.08483
7.0768
7.06564
7.05149
7.03545
7.01861
7.00166
6.98512
6.96934
6.95449
6.94061
6.92764
6.91549
6.90409
6.89335
6.88322
6.87367
6.86468
6.85622
6.8483
6.84091
6.83403
6.82768
6.82183
6.81639
6.81136
6.80678
6.80264
6.79892
6.79559
6.79262
6.78997
6.78763
6.78554
6.78359
6.78188
6.78194
-0.135763
-0.130348
-0.116264
-0.0932378
-0.0621674
-0.0238554
0.0217505
0.0751926
0.136945
0.207301
0.286468
0.374593
0.471727
0.577812
0.692682
0.816061
0.947572
1.08673
1.23296
1.38565
1.54415
1.70788
1.87624
2.04867
2.22463
2.40362
2.58517
2.76884
2.95425
3.14109
3.32913
3.51819
3.70816
3.89892
4.09017
4.28149
4.47242
4.66253
4.85136
5.03835
5.2227
5.40339
5.57918
5.74864
5.91031
6.06278
6.20481
6.33544
6.45408
6.56047
6.65467
6.73704
6.80814
6.86867
6.91944
6.96133
6.9952
7.02189
7.0422
7.05682
7.0664
7.07145
7.07242
7.06964
7.06344
7.05411
7.04188
7.027
7.01063
6.99399
6.97767
6.962
6.94719
6.93327
6.92019
6.90788
6.89626
6.88527
6.87486
6.86501
6.85569
6.84688
6.8386
6.83082
6.82355
6.81678
6.81051
6.80468
6.79924
6.7942
6.78959
6.78541
6.78162
6.7782
6.77514
6.7724
6.76996
6.76769
6.7657
6.76556
-0.193876
-0.189121
-0.175283
-0.151069
-0.119387
-0.0828314
-0.0414427
0.00570384
0.0592105
0.119411
0.18665
0.261294
0.343656
0.433959
0.532338
0.638837
0.753381
0.875756
1.0056
1.14249
1.28599
1.43568
1.59115
1.75198
1.91773
2.08799
2.26232
2.44027
2.62143
2.8054
2.99185
3.18047
3.37104
3.56337
3.75726
3.95244
4.14845
4.34476
4.54082
4.7361
4.92995
5.1215
5.30964
5.49301
5.6701
5.83931
5.99909
6.14805
6.2851
6.40948
6.52087
6.6193
6.70513
6.77898
6.84163
6.89399
6.93699
6.97158
6.99865
7.01904
7.03351
7.04271
7.04721
7.04747
7.0439
7.03689
7.02687
7.01425
6.9995
6.9838
6.96823
6.95319
6.93884
6.92523
6.91232
6.90004
6.88834
6.87719
6.86656
6.85644
6.84682
6.8377
6.82907
6.82094
6.8133
6.80614
6.79948
6.79329
6.78747
6.78201
6.77697
6.77235
6.76813
6.7643
6.76083
6.75772
6.75493
6.75235
6.75008
6.74966
-0.259428
-0.257318
-0.24423
-0.216404
-0.18165
-0.145057
-0.106132
-0.0635036
-0.0167236
0.0344283
0.0904105
0.151813
0.219211
0.293132
0.374063
0.46243
0.558536
0.662482
0.774111
0.89321
1.01965
1.15331
1.29402
1.44159
1.59576
1.75619
1.92249
2.09417
2.27075
2.45174
2.63665
2.82505
3.01653
3.21077
3.40748
3.60639
3.80717
4.00935
4.21236
4.41555
4.61829
4.8198
5.01911
5.21499
5.40599
5.59049
5.76679
5.93322
6.08829
6.23078
6.35992
6.47536
6.57718
6.66581
6.74196
6.80649
6.86037
6.90459
6.94013
6.9679
6.98878
7.00353
7.01284
7.0173
7.01741
7.01366
7.00654
6.99662
6.98454
6.9709
6.95676
6.94287
6.92948
6.91659
6.90416
6.89213
6.8805
6.86927
6.85846
6.8481
6.83819
6.82875
6.81979
6.81131
6.80331
6.7958
6.78876
6.78219
6.77604
6.77023
6.76476
6.7597
6.75507
6.75083
6.74698
6.7435
6.74037
6.73749
6.73496
6.7344
-0.330326
-0.340569
-0.324964
-0.289368
-0.254856
-0.22446
-0.193344
-0.159423
-0.122814
-0.0834373
-0.0406474
0.00633401
0.0582479
0.115839
0.179893
0.251205
0.330482
0.41808
0.5137
0.617154
0.728493
0.847772
0.974989
1.11012
1.25312
1.40379
1.5618
1.72675
1.89818
2.07562
2.25855
2.44645
2.63881
2.83516
3.03506
3.23812
3.44397
3.65225
3.86251
4.07414
4.28639
4.49836
4.70899
4.91712
5.1214
5.3203
5.5121
5.69501
5.86729
6.02741
6.17418
6.30687
6.42522
6.52943
6.62003
6.69783
6.76377
6.81889
6.86422
6.90077
6.9295
6.95125
6.96681
6.97685
6.98196
6.9827
6.97961
6.97332
6.96452
6.95404
6.9424
6.93032
6.91849
6.90687
6.89544
6.88402
6.87267
6.86149
6.85057
6.83998
6.82979
6.82003
6.81073
6.80191
6.79357
6.78571
6.77832
6.7714
6.76492
6.75875
6.75285
6.74735
6.74229
6.73764
6.73339
6.72953
6.72604
6.72282
6.71998
6.71897
-0.385523
-0.462428
-0.420125
-0.344172
-0.294843
-0.263478
-0.23482
-0.205981
-0.178069
-0.150836
-0.123011
-0.0933251
-0.0606785
-0.0239668
0.0180136
0.0665623
0.123002
0.188279
0.261618
0.343318
0.434092
0.534387
0.644475
0.76463
0.895061
1.03561
1.18573
1.34477
1.51207
1.68694
1.86866
2.05655
2.24996
2.44831
2.65104
2.85766
3.0677
3.2808
3.4966
3.71476
3.93473
4.15567
4.37647
4.59584
4.8124
5.02462
5.23074
5.42883
5.61688
5.79299
5.95561
6.10369
6.23679
6.35514
6.45939
6.55051
6.62954
6.69751
6.75535
6.80394
6.84405
6.87642
6.90172
6.9206
6.93368
6.94155
6.94483
6.94421
6.94043
6.93429
6.92641
6.91743
6.90757
6.89766
6.88763
6.87698
6.86589
6.85467
6.84352
6.83258
6.82199
6.81182
6.80212
6.79291
6.7842
6.77598
6.76826
6.76102
6.75422
6.74777
6.74163
6.73592
6.73071
6.72593
6.72157
6.71763
6.71406
6.7108
6.70795
6.70685
-0.427136
-0.851435
-0.786696
-0.659368
-0.602744
-0.579533
-0.557987
-0.536052
-0.517839
-0.503884
-0.492742
-0.482967
-0.473255
-0.462003
-0.446936
-0.424705
-0.390073
-0.346092
-0.298645
-0.247258
-0.190265
-0.126694
-0.0556896
0.0240609
0.114665
0.217609
0.333545
0.462987
0.606154
0.762796
0.932204
1.11349
1.30581
1.50839
1.72042
1.94108
2.16948
2.4046
2.64533
2.89042
3.1386
3.38857
3.6391
3.88895
4.13688
4.38159
4.62175
4.85602
5.08304
5.30149
5.51005
5.70738
5.89212
6.06293
6.21859
6.35815
6.48108
6.58738
6.67753
6.75244
6.81336
6.8617
6.89896
6.92661
6.94603
6.95851
6.96517
6.96703
6.96496
6.95967
6.95171
6.94154
6.92969
6.91644
6.90146
6.88515
6.86901
6.85381
6.83941
6.82567
6.81267
6.80042
6.78893
6.77816
6.76808
6.75867
6.74988
6.7417
6.7341
6.72709
6.72056
6.71435
6.70848
6.70314
6.69835
6.69406
6.6902
6.68673
6.68366
6.68129
-0.217436
-0.43506
-0.412221
-0.360305
-0.340486
-0.333978
-0.326559
-0.317827
-0.309982
-0.303717
-0.299017
-0.296046
-0.295281
-0.297502
-0.303885
-0.316275
-0.337971
-0.36319
-0.380441
-0.387292
-0.384808
-0.373055
-0.350244
-0.312352
-0.259134
-0.196497
-0.12815
-0.0532365
0.0306716
0.12699
0.23733
0.362916
0.5047
0.662988
0.83751
1.02767
1.23273
1.45178
1.68384
1.92777
2.18236
2.44626
2.71806
2.9962
3.27906
3.56488
3.85178
4.13773
4.42048
4.6976
4.96648
5.22441
5.46874
5.69696
5.90693
6.09701
6.26613
6.41388
6.54051
6.64683
6.73413
6.80406
6.85845
6.89921
6.92823
6.94732
6.95814
6.96222
6.96091
6.95541
6.94671
6.93563
6.92274
6.90845
6.893
6.8768
6.86021
6.84315
6.82555
6.80834
6.79235
6.77738
6.76335
6.75025
6.73805
6.72673
6.71622
6.70648
6.69747
6.68917
6.68156
6.67465
6.6683
6.66222
6.65646
6.65123
6.64653
6.64231
6.63856
6.63535
-0.227731
-0.463674
-0.458881
-0.418945
-0.406211
-0.404584
-0.401002
-0.395108
-0.389026
-0.383434
-0.378191
-0.373104
-0.368034
-0.362822
-0.357252
-0.351064
-0.343955
-0.33546
-0.326068
-0.316932
-0.309338
-0.304669
-0.304715
-0.312609
-0.326946
-0.338316
-0.338019
-0.32225
-0.288116
-0.238696
-0.179887
-0.112175
-0.032672
0.0612722
0.17165
0.29986
0.446673
0.612272
0.796398
0.998464
1.21761
1.4527
1.70237
1.96501
2.23884
2.52185
2.81191
3.10671
3.40385
3.70077
3.99487
4.28348
4.56392
4.8336
5.09008
5.33112
5.55484
5.75974
5.94482
6.10959
6.25412
6.37895
6.48509
6.57384
6.64673
6.70538
6.75143
6.78649
6.81206
6.82951
6.84009
6.84493
6.845
6.84116
6.83415
6.8246
6.8131
6.80013
6.78628
6.77209
6.75745
6.74271
6.72876
6.7157
6.70344
6.69198
6.68131
6.67141
6.66224
6.65376
6.64595
6.63877
6.63222
6.6263
6.62085
6.61561
6.61073
6.6064
6.60259
6.59932
-0.191734
-0.386317
-0.377913
-0.342503
-0.332383
-0.332926
-0.332275
-0.329813
-0.327261
-0.325152
-0.32336
-0.321782
-0.320424
-0.319309
-0.318433
-0.31776
-0.31719
-0.316512
-0.315376
-0.313389
-0.310267
-0.305876
-0.300188
-0.293223
-0.284866
-0.275731
-0.267668
-0.263343
-0.266055
-0.272242
-0.271465
-0.255831
-0.223785
-0.177965
-0.119407
-0.0467449
0.0422937
0.149744
0.277054
0.425048
0.593988
0.783635
0.993306
1.22191
1.46799
1.72975
2.00511
2.29176
2.58719
2.88874
3.19365
3.49904
3.80203
4.09969
4.38915
4.66763
4.93251
5.18144
5.41245
5.62401
5.81511
5.98535
6.13485
6.26429
6.37472
6.46752
6.54422
6.60645
6.65584
6.69397
6.72233
6.74229
6.75512
6.76195
6.76382
6.76163
6.75619
6.74823
6.73837
6.72718
6.71516
6.70288
6.69041
6.67794
6.66602
6.65481
6.64429
6.63444
6.62527
6.61676
6.60889
6.60165
6.59501
6.58895
6.58349
6.57864
6.57418
6.56992
6.56604
6.56262
-0.182808
-0.369839
-0.365263
-0.335187
-0.329022
-0.33279
-0.335148
-0.335474
-0.335387
-0.335364
-0.335246
-0.334888
-0.334242
-0.333276
-0.331945
-0.3302
-0.327999
-0.325316
-0.322153
-0.318554
-0.314602
-0.3104
-0.306044
-0.30159
-0.297001
-0.29211
-0.286647
-0.280358
-0.273011
-0.264179
-0.255315
-0.249326
-0.245457
-0.237943
-0.220649
-0.189948
-0.144771
-0.0842272
-0.00638294
0.0910799
0.210058
0.351746
0.516655
0.704653
0.915016
1.14647
1.39728
1.66527
1.94796
2.24259
2.54621
2.85573
3.16797
3.4797
3.7877
4.08879
4.37992
4.65821
4.92108
5.16629
5.39212
5.59738
5.78149
5.94446
6.08684
6.20963
6.31411
6.40178
6.47422
6.53304
6.57979
6.61598
6.64301
6.66218
6.67469
6.68163
6.68398
6.68264
6.6784
6.67195
6.66389
6.65476
6.64499
6.63503
6.62501
6.61505
6.60557
6.59665
6.58826
6.58041
6.57313
6.5664
6.56023
6.55461
6.54953
6.54501
6.54106
6.5376
6.53433
6.53119
-0.165491
-0.333951
-0.329192
-0.302085
-0.297196
-0.301682
-0.305203
-0.307163
-0.308969
-0.310982
-0.312991
-0.314819
-0.316389
-0.317657
-0.318571
-0.319084
-0.319151
-0.318731
-0.317786
-0.316282
-0.314195
-0.311514
-0.308246
-0.304418
-0.300076
-0.295291
-0.290157
-0.284767
-0.279176
-0.273345
-0.267116
-0.260098
-0.251582
-0.241695
-0.231425
-0.220004
-0.203505
-0.176903
-0.136317
-0.0788809
-0.00184012
0.0973951
0.220803
0.369518
0.543818
0.743173
0.966332
1.21142
1.47608
1.75753
2.05272
2.35841
2.6712
2.98765
3.30428
3.61764
3.92437
4.22126
4.50529
4.77375
5.02437
5.25538
5.46558
5.65446
5.82209
5.96908
6.09645
6.20548
6.29767
6.37454
6.43768
6.48862
6.52881
6.55966
6.58246
6.59841
6.60862
6.6141
6.61574
6.61436
6.61066
6.60526
6.59864
6.59125
6.58342
6.57553
6.56764
6.55988
6.55251
6.54562
6.53915
6.53313
6.52758
6.52252
6.51796
6.51391
6.51039
6.50743
6.50497
6.50257
-0.150698
-0.304581
-0.301738
-0.279464
-0.278052
-0.28549
-0.292231
-0.297668
-0.302974
-0.308361
-0.313563
-0.318382
-0.322721
-0.326512
-0.329689
-0.332196
-0.333988
-0.33504
-0.335337
-0.334882
-0.333689
-0.331788
-0.329206
-0.32598
-0.322106
-0.317568
-0.312484
-0.307026
-0.30125
-0.295178
-0.288857
-0.282358
-0.27564
-0.268319
-0.259557
-0.248631
-0.235393
-0.219035
-0.196523
-0.163201
-0.114194
-0.0451535
0.0474675
0.166192
0.312405
0.486355
0.687266
0.913501
1.16276
1.43225
1.71881
2.01906
2.32945
2.64636
2.96614
3.28519
3.59996
3.90703
4.20315
4.48536
4.75102
4.99801
5.22478
5.43045
5.61477
5.7781
5.92123
6.04531
6.15168
6.2418
6.3172
6.37939
6.42984
6.46997
6.50111
6.52452
6.54136
6.5527
6.55951
6.56265
6.56291
6.56095
6.55733
6.55253
6.54693
6.54084
6.5345
6.52819
6.52204
6.51605
6.51035
6.50508
6.50027
6.4959
6.49197
6.4885
6.48554
6.48311
6.48116
6.47939
-0.129044
-0.262389
-0.262292
-0.246871
-0.250235
-0.261223
-0.27152
-0.280778
-0.289982
-0.299205
-0.308144
-0.316565
-0.324319
-0.331288
-0.337372
-0.342499
-0.346618
-0.349703
-0.351744
-0.35274
-0.352696
-0.351611
-0.349446
-0.346422
-0.342904
-0.339004
-0.334609
-0.329647
-0.324191
-0.318343
-0.312171
-0.305708
-0.298953
-0.291837
-0.284132
-0.275343
-0.264682
-0.251259
-0.233853
-0.209927
-0.174955
-0.123031
-0.048423
0.0530783
0.183861
0.344752
0.534786
0.752121
0.99427
1.25824
1.54071
1.83829
2.1473
2.46398
2.78461
3.10552
3.42312
3.73396
4.03474
4.3224
4.59423
4.84799
5.08201
5.29529
5.48749
5.65883
5.81
5.94203
6.05614
6.15375
6.23629
6.30522
6.36197
6.40794
6.44446
6.47277
6.49406
6.5094
6.51978
6.52611
6.52918
6.52969
6.52822
6.52529
6.52131
6.51662
6.51148
6.50611
6.50068
6.49534
6.49025
6.48548
6.48104
6.47695
6.47329
6.47012
6.46747
6.46538
6.4638
6.46235
-0.0999563
-0.211585
-0.217925
-0.213313
-0.224154
-0.240754
-0.256911
-0.272342
-0.287416
-0.301929
-0.315556
-0.328086
-0.339388
-0.349372
-0.357981
-0.365186
-0.370973
-0.375343
-0.378289
-0.379788
-0.379878
-0.379075
-0.377888
-0.376098
-0.373395
-0.3698
-0.365446
-0.360432
-0.354841
-0.348761
-0.342264
-0.335413
-0.328249
-0.320773
-0.312919
-0.304492
-0.294932
-0.283339
-0.268095
-0.246266
-0.213073
-0.162146
-0.0871173
0.0164547
0.150553
0.315345
0.509577
0.731065
0.977019
1.24423
1.52923
1.82846
2.13819
2.45474
2.77448
3.09383
3.40933
3.71761
4.01554
4.30021
4.56909
4.82012
5.05183
5.26337
5.45451
5.62552
5.77712
5.90998
6.02526
6.12429
6.20845
6.27916
6.33775
6.38557
6.42389
6.45395
6.47688
6.49374
6.50552
6.51311
6.51728
6.51875
6.5181
6.51585
6.51243
6.50818
6.50339
6.4983
6.49307
6.48786
6.48279
6.47794
6.47338
6.46921
6.4655
6.46228
6.45959
6.45749
6.4559
6.45442
-0.0621369
-0.148983
-0.167959
-0.180237
-0.201071
-0.224386
-0.246747
-0.267837
-0.287698
-0.306185
-0.323141
-0.338467
-0.352101
-0.363994
-0.374112
-0.382445
-0.388962
-0.393622
-0.396556
-0.398522
-0.40008
-0.400737
-0.400089
-0.398269
-0.395439
-0.39173
-0.387261
-0.382147
-0.376492
-0.370388
-0.363902
-0.35706
-0.349815
-0.341974
-0.333122
-0.322874
-0.310535
-0.295046
-0.275031
-0.247412
-0.20629
-0.14415
-0.0546916
0.0655204
0.21714
0.398645
0.607932
0.842455
1.09925
1.37512
1.66676
1.97047
2.28258
2.59952
2.91778
3.23392
3.54461
3.84667
4.13712
4.41331
4.673
4.91446
5.13658
5.33881
5.52111
5.6839
5.82817
5.95487
6.06491
6.15956
6.24018
6.30811
6.36438
6.41019
6.44677
6.47531
6.49692
6.51261
6.52334
6.52995
6.53322
6.53381
6.53232
6.52923
6.52498
6.51992
6.51432
6.50842
6.50242
6.49646
6.49066
6.48514
6.47995
6.47518
6.47087
6.46708
6.46385
6.46124
6.45916
6.45726
-0.0254157
-0.0780625
-0.116665
-0.147792
-0.177846
-0.206681
-0.233635
-0.258598
-0.281587
-0.302598
-0.321611
-0.338612
-0.353608
-0.366594
-0.377468
-0.386104
-0.39256
-0.397825
-0.402647
-0.40633
-0.408367
-0.408921
-0.408167
-0.406238
-0.403239
-0.399251
-0.394332
-0.38851
-0.381772
-0.374056
-0.365231
-0.355089
-0.343337
-0.32963
-0.31358
-0.294722
-0.272354
-0.244802
-0.208789
-0.159387
-0.0908127
0.00217784
0.123007
0.272914
0.451319
0.656333
0.885608
1.13644
1.40581
1.69057
1.98746
2.29304
2.60389
2.91669
3.22816
3.53512
3.8345
4.12344
4.39931
4.65983
4.9032
5.12812
5.33384
5.52015
5.68726
5.83569
5.96629
6.08038
6.17908
6.26356
6.33504
6.39497
6.44457
6.48475
6.51638
6.54038
6.55783
6.56971
6.57694
6.58032
6.5806
6.57839
6.57428
6.56872
6.56214
6.55486
6.54716
6.53927
6.53139
6.52365
6.51619
6.5091
6.50246
6.49633
6.49078
6.48584
6.48158
6.47802
6.47511
6.47247
-0.0210216
-0.0579292
-0.0931169
-0.126172
-0.157404
-0.186948
-0.214773
-0.24079
-0.264883
-0.286917
-0.30675
-0.324256
-0.339274
-0.351586
-0.361332
-0.369774
-0.377793
-0.384445
-0.388977
-0.391556
-0.392329
-0.391392
-0.388804
-0.384604
-0.378806
-0.371408
-0.362384
-0.351684
-0.339233
-0.324918
-0.308576
-0.289942
-0.268579
-0.243747
-0.214246
-0.178307
-0.13361
-0.0773676
-0.00644341
0.0824754
0.192526
0.326127
0.484519
0.667663
0.874449
1.10299
1.351
1.61587
1.89476
2.18469
2.48258
2.78526
3.08961
3.39255
3.69109
3.98239
4.26375
4.53272
4.78717
5.02533
5.24594
5.44817
5.63172
5.79668
5.9435
6.07289
6.18576
6.28324
6.36646
6.43659
6.49477
6.54217
6.58017
6.6102
6.63335
6.64988
6.66044
6.66597
6.66734
6.66531
6.66055
6.65367
6.64518
6.63553
6.6251
6.61421
6.60311
6.59204
6.58115
6.57061
6.56053
6.55099
6.54207
6.53384
6.52635
6.51963
6.51374
6.50869
6.50444
6.5006
-0.0270266
-0.0606295
-0.0875246
-0.11488
-0.141765
-0.167414
-0.191498
-0.213731
-0.2338
-0.251326
-0.26603
-0.278574
-0.290202
-0.301449
-0.311997
-0.320647
-0.326657
-0.330232
-0.331504
-0.330564
-0.327468
-0.322251
-0.31492
-0.305453
-0.293787
-0.279808
-0.263328
-0.24407
-0.221632
-0.195471
-0.164866
-0.128912
-0.0865091
-0.0363715
0.0229744
0.0931779
0.176045
0.273479
0.387381
0.519489
0.671185
0.843259
1.03576
1.248
1.4786
1.72572
1.98717
2.2605
2.54305
2.83208
3.12472
3.41812
3.70944
3.99594
4.275
4.54417
4.80123
5.04426
5.27166
5.48224
5.67526
5.85037
6.00761
6.14737
6.27027
6.37714
6.46896
6.54679
6.61177
6.665
6.70761
6.74067
6.76525
6.78244
6.79398
6.80038
6.8017
6.79869
6.79216
6.78281
6.77125
6.75803
6.74362
6.72842
6.71279
6.69702
6.68134
6.66597
6.65106
6.63676
6.62316
6.61035
6.5984
6.58736
6.57727
6.56818
6.5601
6.55308
6.54703
6.54158
-0.0238867
-0.0435029
-0.0584525
-0.0744996
-0.091041
-0.107748
-0.124426
-0.140877
-0.156957
-0.172643
-0.18783
-0.20159
-0.212744
-0.221048
-0.226722
-0.229841
-0.230378
-0.228288
-0.223497
-0.215911
-0.205405
-0.191825
-0.174972
-0.154602
-0.130409
-0.102026
-0.0690099
-0.0308416
0.0130878
0.0634791
0.121135
0.18696
0.261959
0.347224
0.443913
0.553205
0.676259
0.814144
0.967764
1.13776
1.32443
1.52762
1.7467
1.98055
2.22766
2.48617
2.75398
3.02877
3.30809
3.58941
3.87015
4.14778
4.41983
4.68395
4.93795
5.17989
5.40806
5.6211
5.81795
5.99796
6.16083
6.30659
6.43556
6.54833
6.64564
6.72838
6.79756
6.85421
6.89941
6.93424
6.95975
6.97697
6.98684
6.9904
6.98918
6.984
6.97454
6.96151
6.94566
6.92764
6.908
6.88721
6.86572
6.84387
6.822
6.80036
6.77919
6.75865
6.7389
6.72006
6.70223
6.68548
6.66987
6.65544
6.64224
6.63027
6.61957
6.61015
6.60195
6.59454
-0.0156762
-0.0267578
-0.0378523
-0.0496954
-0.061497
-0.0728021
-0.0832624
-0.0925551
-0.100412
-0.106641
-0.111109
-0.113659
-0.114059
-0.112069
-0.107445
-0.0999462
-0.0893366
-0.075388
-0.0578686
-0.0365368
-0.0111286
0.0186457
0.0531129
0.0926386
0.137637
0.188569
0.245955
0.310364
0.382423
0.462805
0.552228
0.651435
0.761188
0.882234
1.01529
1.16099
1.31987
1.49231
1.67846
1.87823
2.09125
2.3168
2.55385
2.80104
3.05677
3.31917
3.58623
3.85578
4.12559
4.39338
4.65691
4.91399
5.16255
5.4007
5.62671
5.83914
6.0368
6.21881
6.38461
6.53395
6.66686
6.78365
6.88483
6.9711
7.04326
7.10224
7.14903
7.18463
7.21007
7.22639
7.23456
7.23553
7.23025
7.22025
7.20649
7.18902
7.16805
7.14432
7.11849
7.09113
7.06272
7.03372
7.0045
6.97539
6.94669
6.91862
6.89139
6.86517
6.84009
6.81626
6.79375
6.77265
6.75299
6.73481
6.71813
6.70297
6.68934
6.67725
6.66662
6.65702
-0.00489512
-0.00674807
-0.00865946
-0.0105337
-0.0120468
-0.0129159
-0.012855
-0.0115731
-0.0087723
-0.00414787
0.00261737
0.0118406
0.0238281
0.038867
0.0572382
0.0792218
0.105107
0.135189
0.169781
0.209209
0.253822
0.303989
0.360103
0.422584
0.491876
0.568447
0.652789
0.745408
0.846824
0.957555
1.07811
1.20899
1.35061
1.50337
1.66756
1.84334
2.03074
2.22963
2.43967
2.66029
2.89072
3.12992
3.37664
3.62941
3.8866
4.14639
4.4069
4.66614
4.92212
5.17286
5.41643
5.65104
5.87501
6.08685
6.2853
6.46934
6.6382
6.7914
6.9287
7.05014
7.15597
7.24665
7.3228
7.38516
7.43457
7.47196
7.49828
7.51453
7.52169
7.52072
7.51249
7.49799
7.47919
7.45703
7.43098
7.40148
7.36929
7.33506
7.29938
7.26276
7.22563
7.18841
7.15144
7.11502
7.07942
7.04485
7.01149
6.97949
6.94898
6.92005
6.89277
6.8672
6.84338
6.82134
6.80109
6.78263
6.76597
6.75111
6.73798
6.72611
0.00498426
0.0132235
0.0215677
0.0303784
0.039928
0.0505141
0.0624398
0.0760061
0.0915153
0.10927
0.129581
0.152762
0.179139
0.20904
0.242801
0.280762
0.323273
0.370688
0.423372
0.481698
0.546049
0.616819
0.69441
0.779229
0.87169
0.972203
1.08118
1.199
1.32605
1.46266
1.60912
1.76567
1.93247
2.10957
2.29694
2.4944
2.70163
2.91816
3.14333
3.37633
3.61613
3.86157
4.11129
4.36382
4.61753
4.87075
5.12171
5.36864
5.60979
5.84346
6.06803
6.28202
6.4841
6.67313
6.84817
7.00853
7.15372
7.28351
7.39786
7.49696
7.58118
7.65104
7.70719
7.7504
7.78149
7.80138
7.811
7.8113
7.80318
7.78753
7.76551
7.73982
7.71082
7.67739
7.64031
7.60046
7.55854
7.51515
7.4708
7.42599
7.38111
7.33656
7.29264
7.24965
7.20782
7.16735
7.12842
7.09116
7.05568
7.02207
6.99039
6.9607
6.93302
6.90737
6.88377
6.8622
6.84266
6.82516
6.8096
6.79555
0.0148073
0.0337962
0.052214
0.0714716
0.0916565
0.113049
0.135982
0.160786
0.187798
0.217357
0.249805
0.285491
0.324766
0.367986
0.415512
0.46771
0.524949
0.587604
0.656053
0.730675
0.811854
0.899967
0.995392
1.09849
1.20963
1.32913
1.4573
1.59442
1.74073
1.89639
2.06152
2.23616
2.42025
2.61365
2.81607
3.02713
3.2463
3.4729
3.70614
3.94503
4.18849
4.43528
4.68405
4.93335
5.18165
5.42739
5.66895
5.90476
6.13327
6.35299
6.56256
6.76074
6.94644
7.11874
7.27693
7.42049
7.54909
7.66261
7.76112
7.84486
7.91421
7.96973
8.01204
8.04188
8.06008
8.06751
8.06504
8.05351
8.03393
8.00851
7.97938
7.94598
7.90777
7.86552
7.82015
7.77243
7.72299
7.67239
7.62117
7.56977
7.51861
7.46805
7.41841
7.36994
7.32289
7.27745
7.23379
7.19203
7.15228
7.11463
7.07914
7.04586
7.0148
6.98599
6.95943
6.93512
6.91303
6.89316
6.87542
6.85946
0.0222622
0.0483844
0.0730061
0.0991053
0.126491
0.155347
0.185998
0.218768
0.253985
0.291982
0.333104
0.377696
0.426115
0.478719
0.535873
0.597944
0.665305
0.738326
0.817379
0.902832
0.995048
1.09438
1.20117
1.31573
1.43838
1.56937
1.70894
1.85727
2.01451
2.18072
2.3559
2.53997
2.73276
2.934
3.14329
3.36014
3.58393
3.81392
4.04923
4.28887
4.53174
4.77661
5.02219
5.2671
5.50992
5.74916
5.98338
6.21112
6.43099
6.64167
6.84194
7.03069
7.20697
7.36998
7.5191
7.65388
7.77405
7.8795
7.9703
8.04669
8.10902
8.15778
8.19357
8.21708
8.22908
8.23035
8.2216
8.20387
8.18009
8.15237
8.1196
8.08119
8.03805
7.99116
7.94132
7.88923
7.83554
7.78081
7.72557
7.67028
7.61534
7.56112
7.50793
7.45604
7.40569
7.35708
7.31036
7.26567
7.22312
7.18279
7.14475
7.10904
7.07569
7.04471
7.01611
6.98986
6.96596
6.94439
6.92508
6.90775
0.0270412
0.0571125
0.0849513
0.114668
0.145859
0.178647
0.213352
0.250302
0.289825
0.332258
0.377947
0.427243
0.480506
0.538098
0.60039
0.667751
0.740557
0.819178
0.903986
0.995345
1.09361
1.19913
1.31222
1.4332
1.56233
1.69986
1.84599
2.00086
2.16458
2.33716
2.51856
2.70864
2.90717
3.11383
3.32818
3.54967
3.77763
4.01127
4.2497
4.49189
4.73673
4.98299
5.22936
5.4745
5.71698
5.95538
6.18825
6.4142
6.63187
6.83999
7.03738
7.22297
7.39587
7.5553
7.70066
7.83154
7.94766
8.04895
8.13547
8.20745
8.26524
8.30932
8.34027
8.35879
8.3656
8.36141
8.34699
8.3246
8.29792
8.26672
8.22903
8.18571
8.13788
8.08645
8.03219
7.97581
7.91795
7.85921
7.80011
7.74112
7.68264
7.62504
7.56863
7.51368
7.46043
7.40907
7.35976
7.31263
7.26779
7.22531
7.18526
7.14767
7.11257
7.07997
7.04985
7.0222
6.99699
6.9742
6.95376
6.93553
7.21959
7.21894
7.21874
7.21864
7.21851
7.21838
7.21826
7.21814
7.21804
7.21794
7.21785
7.21776
7.21769
7.21762
7.21755
7.2175
7.21745
7.21741
7.21738
7.21735
7.21733
7.21732
7.21731
7.21731
7.21731
7.21732
7.21734
7.21736
7.21739
7.21742
7.21746
7.2175
7.21755
7.2176
7.21765
7.21771
7.21777
7.21784
7.21791
7.21798
7.21806
7.21814
7.21822
7.21831
7.21839
7.21848
7.21857
7.21866
7.21875
7.21884
7.21894
7.21903
7.21912
7.21921
7.21931
7.2194
7.21949
7.21957
7.21966
7.21974
7.21982
7.2199
7.21997
7.22004
7.22011
7.22017
7.22023
7.22029
7.22033
7.22038
7.22041
7.22044
7.22047
7.22049
7.2205
7.22051
7.22051
7.2205
7.22048
7.22046
7.22043
7.22039
7.22035
7.2203
7.22024
7.22017
7.22009
7.22001
7.21993
7.21983
7.21973
7.21963
7.21951
7.2194
7.21928
7.21916
7.21904
7.21892
7.21878
7.21866
7.16808
7.16625
7.16626
7.16664
7.16691
7.16713
7.16736
7.1676
7.16784
7.16808
7.16833
7.16858
7.16884
7.1691
7.16936
7.16963
7.1699
7.17018
7.17047
7.17076
7.17105
7.17135
7.17166
7.17197
7.17228
7.1726
7.17293
7.17326
7.17359
7.17393
7.17427
7.17461
7.17495
7.1753
7.17565
7.176
7.17635
7.17671
7.17706
7.17741
7.17776
7.1781
7.17845
7.17879
7.17912
7.17945
7.17977
7.18009
7.1804
7.1807
7.18099
7.18127
7.18155
7.18181
7.18206
7.1823
7.18252
7.18274
7.18293
7.18312
7.18329
7.18345
7.18359
7.18371
7.18382
7.18391
7.18399
7.18405
7.1841
7.18413
7.18414
7.18414
7.18413
7.18409
7.18405
7.18399
7.18391
7.18383
7.18373
7.18361
7.18349
7.18335
7.18321
7.18305
7.18289
7.18271
7.18253
7.18235
7.18215
7.18196
7.18175
7.18155
7.18134
7.18114
7.18093
7.18073
7.18053
7.18035
7.18019
7.1801
7.20628
7.20615
7.20637
7.20665
7.20691
7.20718
7.20746
7.20774
7.20804
7.20834
7.20865
7.20896
7.20928
7.2096
7.20993
7.21026
7.21059
7.21093
7.21127
7.21161
7.21195
7.21229
7.21263
7.21297
7.2133
7.21364
7.21397
7.21429
7.21462
7.21493
7.21524
7.21555
7.21584
7.21613
7.21641
7.21668
7.21694
7.21718
7.21742
7.21764
7.21785
7.21804
7.21822
7.21839
7.21854
7.21867
7.21878
7.21888
7.21896
7.21902
7.21906
7.21908
7.21908
7.21906
7.21902
7.21897
7.21889
7.21879
7.21867
7.21853
7.21837
7.21819
7.21799
7.21777
7.21753
7.21727
7.21699
7.2167
7.21639
7.21606
7.21571
7.21535
7.21498
7.21459
7.21419
7.21377
7.21334
7.2129
7.21245
7.21199
7.21152
7.21105
7.21056
7.21007
7.20957
7.20907
7.20856
7.20805
7.20754
7.20702
7.2065
7.20599
7.20547
7.20495
7.20444
7.20393
7.20343
7.20293
7.20238
7.20189
7.18716
7.18648
7.18614
7.18589
7.18565
7.18543
7.18521
7.18501
7.18482
7.18464
7.18447
7.1843
7.18413
7.18397
7.18381
7.18365
7.18349
7.18332
7.18316
7.18299
7.18281
7.18263
7.18244
7.18225
7.18205
7.18184
7.18162
7.18138
7.18114
7.18089
7.18063
7.18035
7.18007
7.17977
7.17945
7.17913
7.17879
7.17843
7.17806
7.17768
7.17729
7.17688
7.17645
7.17601
7.17556
7.17509
7.17461
7.17411
7.1736
7.17308
7.17254
7.17199
7.17143
7.17085
7.17026
7.16966
7.16905
7.16843
7.16779
7.16715
7.16649
7.16583
7.16515
7.16447
7.16378
7.16307
7.16237
7.16165
7.16093
7.1602
7.15946
7.15872
7.15797
7.15722
7.15646
7.15569
7.15493
7.15415
7.15338
7.1526
7.15181
7.15103
7.15024
7.14944
7.14865
7.14785
7.14705
7.14624
7.14543
7.14462
7.14381
7.143
7.14218
7.14136
7.14055
7.13973
7.13893
7.1381
7.13715
7.13625
7.17708
7.17671
7.17649
7.17633
7.17618
7.17603
7.1759
7.17577
7.17564
7.17551
7.17539
7.17527
7.17514
7.17501
7.17488
7.17474
7.1746
7.17445
7.17429
7.17412
7.17394
7.17375
7.17355
7.17334
7.17312
7.17289
7.17264
7.17238
7.17211
7.17182
7.17152
7.17121
7.17088
7.17054
7.17018
7.16981
7.16942
7.16902
7.1686
7.16817
7.16772
7.16726
7.16679
7.1663
7.16579
7.16527
7.16474
7.16419
7.16363
7.16306
7.16247
7.16186
7.16125
7.16062
7.15998
7.15933
7.15866
7.15798
7.15729
7.15659
7.15588
7.15515
7.15442
7.15367
7.15292
7.15215
7.15138
7.15059
7.1498
7.149
7.14818
7.14736
7.14653
7.1457
7.14485
7.144
7.14313
7.14226
7.14139
7.1405
7.13961
7.13871
7.13781
7.13689
7.13597
7.13505
7.13411
7.13318
7.13223
7.13128
7.13032
7.12936
7.12839
7.12742
7.12644
7.12547
7.12451
7.12352
7.12241
7.12137
7.15452
7.15373
7.15321
7.15277
7.15235
7.15193
7.15152
7.15111
7.15072
7.15032
7.14993
7.14954
7.14915
7.14875
7.14835
7.14795
7.14754
7.14712
7.14669
7.14626
7.14582
7.14536
7.1449
7.14442
7.14394
7.14344
7.14293
7.14241
7.14187
7.14132
7.14076
7.14018
7.13959
7.13899
7.13837
7.13774
7.1371
7.13644
7.13577
7.13508
7.13438
7.13366
7.13294
7.13219
7.13144
7.13067
7.12989
7.12909
7.12828
7.12746
7.12663
7.12578
7.12492
7.12405
7.12317
7.12228
7.12137
7.12046
7.11953
7.11859
7.11764
7.11668
7.11571
7.11473
7.11374
7.11274
7.11173
7.11071
7.10968
7.10865
7.1076
7.10655
7.10548
7.10441
7.10333
7.10224
7.10114
7.10004
7.09892
7.0978
7.09667
7.09553
7.09438
7.09323
7.09207
7.0909
7.08972
7.08853
7.08734
7.08614
7.08493
7.08371
7.08249
7.08126
7.08002
7.07879
7.07757
7.07631
7.07487
7.07348
7.1369
7.13621
7.13568
7.13522
7.13478
7.13434
7.13392
7.13349
7.13307
7.13266
7.13224
7.13182
7.1314
7.13098
7.13055
7.13011
7.12966
7.12921
7.12874
7.12827
7.12778
7.12728
7.12677
7.12624
7.12571
7.12515
7.12459
7.12401
7.12341
7.1228
7.12218
7.12154
7.12089
7.12022
7.11953
7.11883
7.11811
7.11738
7.11664
7.11587
7.1151
7.1143
7.1135
7.11267
7.11184
7.11098
7.11012
7.10924
7.10834
7.10743
7.10651
7.10557
7.10462
7.10366
7.10268
7.10169
7.10069
7.09967
7.09864
7.0976
7.09655
7.09548
7.09441
7.09332
7.09222
7.09111
7.08999
7.08885
7.08771
7.08655
7.08539
7.08421
7.08302
7.08183
7.08062
7.0794
7.07818
7.07694
7.07569
7.07444
7.07317
7.07189
7.07061
7.06931
7.06801
7.06669
7.06537
7.06404
7.0627
7.06135
7.05999
7.05862
7.05724
7.05586
7.05447
7.05308
7.05171
7.0503
7.04872
7.04718
7.11513
7.11419
7.11345
7.1128
7.11216
7.11154
7.11092
7.11031
7.1097
7.1091
7.1085
7.10791
7.1073
7.1067
7.10609
7.10548
7.10485
7.10422
7.10358
7.10293
7.10227
7.1016
7.10092
7.10022
7.09952
7.0988
7.09806
7.09731
7.09655
7.09577
7.09498
7.09417
7.09335
7.09252
7.09167
7.0908
7.08992
7.08903
7.08812
7.08719
7.08625
7.0853
7.08433
7.08334
7.08234
7.08133
7.0803
7.07926
7.07821
7.07714
7.07606
7.07496
7.07385
7.07273
7.07159
7.07044
7.06928
7.06811
7.06692
7.06572
7.06451
7.06329
7.06206
7.06081
7.05955
7.05828
7.057
7.05571
7.05441
7.0531
7.05177
7.05044
7.04909
7.04773
7.04637
7.04499
7.0436
7.0422
7.04079
7.03938
7.03795
7.03651
7.03506
7.03359
7.03212
7.03064
7.02915
7.02765
7.02613
7.02461
7.02307
7.02153
7.01997
7.01841
7.01683
7.01526
7.0137
7.01211
7.0103
7.0085
7.09558
7.09467
7.09388
7.09317
7.09248
7.0918
7.09112
7.09046
7.0898
7.08914
7.08849
7.08783
7.08717
7.0865
7.08583
7.08516
7.08447
7.08378
7.08307
7.08236
7.08163
7.0809
7.08014
7.07938
7.0786
7.07781
7.077
7.07618
7.07535
7.07449
7.07363
7.07274
7.07184
7.07093
7.07
7.06905
7.06809
7.06711
7.06612
7.06511
7.06408
7.06304
7.06199
7.06091
7.05982
7.05872
7.0576
7.05647
7.05532
7.05416
7.05298
7.05179
7.05058
7.04936
7.04812
7.04687
7.04561
7.04433
7.04304
7.04174
7.04042
7.03909
7.03775
7.03639
7.03503
7.03365
7.03225
7.03085
7.02943
7.028
7.02656
7.02511
7.02364
7.02216
7.02068
7.01918
7.01766
7.01614
7.01461
7.01306
7.0115
7.00994
7.00836
7.00677
7.00516
7.00355
7.00193
7.00029
6.99864
6.99698
6.99532
6.99364
6.99195
6.99025
6.98854
6.98683
6.98514
6.98342
6.98149
6.97957
7.07477
7.07374
7.0728
7.07195
7.07112
7.0703
7.0695
7.0687
7.0679
7.06712
7.06633
7.06554
7.06475
7.06396
7.06317
7.06236
7.06155
7.06073
7.05991
7.05907
7.05822
7.05736
7.05649
7.0556
7.0547
7.05379
7.05286
7.05192
7.05096
7.04999
7.049
7.048
7.04698
7.04595
7.0449
7.04384
7.04276
7.04166
7.04055
7.03942
7.03828
7.03712
7.03594
7.03475
7.03355
7.03233
7.03109
7.02984
7.02857
7.02729
7.026
7.02469
7.02336
7.02202
7.02067
7.01931
7.01792
7.01653
7.01512
7.0137
7.01227
7.01082
7.00936
7.00789
7.0064
7.00491
7.0034
7.00188
7.00034
6.99879
6.99724
6.99567
6.99408
6.99249
6.99089
6.98927
6.98764
6.986
6.98435
6.98269
6.98101
6.97933
6.97763
6.97592
6.9742
6.97247
6.97073
6.96897
6.96721
6.96543
6.96364
6.96183
6.96002
6.9582
6.95636
6.95453
6.95271
6.95086
6.94878
6.94668
7.05511
7.05407
7.05307
7.05214
7.05124
7.05035
7.04948
7.04861
7.04774
7.04688
7.04602
7.04516
7.0443
7.04344
7.04257
7.04169
7.04081
7.03991
7.03901
7.0381
7.03717
7.03623
7.03528
7.03432
7.03334
7.03235
7.03135
7.03033
7.02929
7.02824
7.02717
7.02609
7.02499
7.02387
7.02274
7.0216
7.02043
7.01925
7.01806
7.01684
7.01562
7.01437
7.01311
7.01184
7.01054
7.00924
7.00791
7.00658
7.00522
7.00385
7.00247
7.00107
6.99966
6.99823
6.99679
6.99533
6.99386
6.99238
6.99088
6.98937
6.98784
6.98631
6.98476
6.98319
6.98162
6.98003
6.97843
6.97681
6.97519
6.97355
6.9719
6.97023
6.96856
6.96687
6.96517
6.96346
6.96174
6.96001
6.95826
6.9565
6.95473
6.95295
6.95116
6.94935
6.94753
6.9457
6.94386
6.94201
6.94014
6.93826
6.93637
6.93446
6.93255
6.93062
6.92869
6.92675
6.92483
6.92288
6.92072
6.91852
7.03533
7.03423
7.03312
7.03208
7.03108
7.03009
7.02912
7.02815
7.02718
7.02622
7.02527
7.02431
7.02335
7.02239
7.02143
7.02045
7.01948
7.01849
7.01749
7.01649
7.01547
7.01444
7.0134
7.01235
7.01128
7.0102
7.00911
7.008
7.00687
7.00573
7.00458
7.00341
7.00222
7.00102
6.99981
6.99857
6.99732
6.99606
6.99478
6.99348
6.99217
6.99084
6.9895
6.98814
6.98676
6.98537
6.98396
6.98254
6.9811
6.97965
6.97818
6.9767
6.9752
6.97369
6.97217
6.97063
6.96907
6.96751
6.96592
6.96433
6.96272
6.9611
6.95946
6.95781
6.95615
6.95448
6.95279
6.95109
6.94937
6.94765
6.94591
6.94416
6.94239
6.94062
6.93883
6.93703
6.93522
6.93339
6.93155
6.9297
6.92784
6.92597
6.92408
6.92219
6.92028
6.91835
6.91642
6.91447
6.91252
6.91054
6.90856
6.90657
6.90456
6.90255
6.90052
6.89849
6.89649
6.89445
6.8922
6.88988
7.01625
7.01514
7.01395
7.01283
7.01175
7.01069
7.00963
7.00859
7.00755
7.00651
7.00547
7.00444
7.00341
7.00237
7.00132
7.00027
6.99922
6.99815
6.99708
6.99599
6.9949
6.99379
6.99267
6.99154
6.99039
6.98923
6.98806
6.98687
6.98567
6.98445
6.98322
6.98197
6.9807
6.97942
6.97812
6.97681
6.97548
6.97413
6.97277
6.9714
6.97
6.96859
6.96717
6.96572
6.96427
6.96279
6.96131
6.9598
6.95828
6.95675
6.9552
6.95364
6.95206
6.95047
6.94886
6.94724
6.9456
6.94395
6.94229
6.94062
6.93893
6.93723
6.93551
6.93379
6.93205
6.9303
6.92853
6.92676
6.92497
6.92318
6.92137
6.91955
6.91772
6.91588
6.91402
6.91216
6.91029
6.9084
6.90651
6.90461
6.90269
6.90077
6.89883
6.89688
6.89493
6.89296
6.89098
6.889
6.887
6.88499
6.88296
6.88093
6.87889
6.87683
6.87476
6.8727
6.87065
6.86858
6.86629
6.86391
6.99751
6.99636
6.99508
6.99388
6.99272
6.99158
6.99044
6.98932
6.9882
6.98709
6.98598
6.98487
6.98376
6.98265
6.98153
6.98041
6.97928
6.97815
6.977
6.97585
6.97469
6.97351
6.97233
6.97113
6.96992
6.9687
6.96746
6.96621
6.96494
6.96366
6.96237
6.96106
6.95973
6.95839
6.95704
6.95567
6.95428
6.95288
6.95146
6.95003
6.94858
6.94712
6.94564
6.94415
6.94264
6.94111
6.93957
6.93802
6.93645
6.93487
6.93327
6.93166
6.93004
6.9284
6.92675
6.92508
6.9234
6.92171
6.92001
6.91829
6.91656
6.91482
6.91307
6.9113
6.90953
6.90774
6.90594
6.90412
6.9023
6.90047
6.89862
6.89676
6.89489
6.89301
6.89112
6.88922
6.8873
6.88537
6.88343
6.88148
6.87951
6.87753
6.87554
6.87354
6.87152
6.86948
6.86743
6.86536
6.86328
6.86118
6.85907
6.85694
6.85479
6.85262
6.85044
6.84825
6.84608
6.84387
6.84145
6.83891
6.97925
6.97809
6.97674
6.97546
6.97423
6.97302
6.97181
6.97061
6.96941
6.96823
6.96704
6.96585
6.96467
6.96348
6.96228
6.96108
6.95988
6.95867
6.95745
6.95622
6.95498
6.95372
6.95246
6.95119
6.9499
6.9486
6.94729
6.94596
6.94462
6.94326
6.94189
6.94051
6.93911
6.93769
6.93626
6.93482
6.93336
6.93188
6.93039
6.92889
6.92736
6.92583
6.92428
6.92271
6.92113
6.91953
6.91792
6.91629
6.91465
6.913
6.91133
6.90965
6.90795
6.90624
6.90452
6.90278
6.90103
6.89927
6.89749
6.8957
6.8939
6.89209
6.89026
6.88842
6.88657
6.88471
6.88283
6.88094
6.87904
6.87713
6.87521
6.87327
6.87132
6.86936
6.86739
6.8654
6.86341
6.8614
6.85937
6.85734
6.85529
6.85323
6.85116
6.84907
6.84697
6.84486
6.84273
6.84059
6.83844
6.83627
6.83409
6.8319
6.8297
6.82749
6.82526
6.82304
6.82083
6.81861
6.81617
6.81362
6.95811
6.95686
6.95538
6.95399
6.95264
6.95131
6.94999
6.94867
6.94737
6.94606
6.94476
6.94346
6.94216
6.94086
6.93956
6.93825
6.93693
6.93561
6.93428
6.93294
6.9316
6.93024
6.92887
6.92749
6.9261
6.9247
6.92328
6.92185
6.92041
6.91896
6.91749
6.91601
6.91451
6.913
6.91147
6.90993
6.90838
6.90681
6.90523
6.90363
6.90202
6.9004
6.89876
6.8971
6.89544
6.89376
6.89206
6.89036
6.88864
6.8869
6.88516
6.8834
6.88163
6.87984
6.87805
6.87624
6.87442
6.87259
6.87075
6.8689
6.86703
6.86516
6.86327
6.86138
6.85948
6.85756
6.85564
6.85371
6.85177
6.84982
6.84786
6.84589
6.84391
6.84193
6.83994
6.83794
6.83593
6.83392
6.8319
6.82987
6.82783
6.82579
6.82374
6.82169
6.81963
6.81756
6.81549
6.81341
6.81133
6.80925
6.80715
6.80506
6.80296
6.80086
6.79876
6.79666
6.7946
6.7925
6.79022
6.78791
6.93564
6.9344
6.93286
6.93139
6.92998
6.92859
6.9272
6.92582
6.92445
6.92308
6.92172
6.92036
6.919
6.91764
6.91627
6.9149
6.91353
6.91215
6.91077
6.90937
6.90797
6.90656
6.90514
6.90371
6.90227
6.90082
6.89936
6.89788
6.8964
6.8949
6.89338
6.89186
6.89032
6.88877
6.8872
6.88562
6.88403
6.88243
6.88081
6.87918
6.87753
6.87588
6.87421
6.87252
6.87083
6.86912
6.8674
6.86566
6.86392
6.86216
6.86039
6.85861
6.85681
6.85501
6.8532
6.85137
6.84954
6.84769
6.84584
6.84397
6.8421
6.84021
6.83832
6.83642
6.83451
6.8326
6.83067
6.82874
6.8268
6.82486
6.8229
6.82095
6.81898
6.81701
6.81503
6.81305
6.81106
6.80907
6.80707
6.80506
6.80306
6.80104
6.79902
6.797
6.79497
6.79294
6.7909
6.78885
6.7868
6.78475
6.78269
6.78063
6.77855
6.77648
6.7744
6.77232
6.77027
6.76819
6.76593
6.76366
6.91358
6.91229
6.91064
6.90906
6.90754
6.90605
6.90456
6.90308
6.90161
6.90015
6.89869
6.89723
6.89578
6.89432
6.89287
6.89141
6.88995
6.88848
6.88701
6.88553
6.88405
6.88256
6.88106
6.87956
6.87804
6.87651
6.87498
6.87343
6.87188
6.87031
6.86873
6.86714
6.86554
6.86393
6.86231
6.86068
6.85903
6.85737
6.8557
6.85402
6.85233
6.85063
6.84891
6.84719
6.84545
6.84371
6.84195
6.84019
6.83841
6.83662
6.83483
6.83302
6.83121
6.82939
6.82756
6.82572
6.82387
6.82202
6.82016
6.81829
6.81642
6.81454
6.81266
6.81077
6.80887
6.80697
6.80506
6.80315
6.80124
6.79932
6.7974
6.79548
6.79355
6.79162
6.78969
6.78775
6.78581
6.78387
6.78193
6.77998
6.77803
6.77608
6.77412
6.77216
6.7702
6.76824
6.76627
6.76429
6.76232
6.76033
6.75834
6.75635
6.75435
6.75235
6.75034
6.74833
6.74634
6.74433
6.74214
6.73994
6.8926
6.8913
6.88958
6.88793
6.88635
6.88479
6.88323
6.88169
6.88015
6.87863
6.87711
6.87559
6.87407
6.87256
6.87105
6.86954
6.86802
6.86651
6.86499
6.86346
6.86193
6.8604
6.85885
6.85731
6.85575
6.85419
6.85262
6.85104
6.84945
6.84785
6.84624
6.84463
6.843
6.84137
6.83972
6.83807
6.83641
6.83473
6.83305
6.83136
6.82966
6.82795
6.82622
6.8245
6.82276
6.82101
6.81926
6.81749
6.81572
6.81394
6.81216
6.81036
6.80856
6.80676
6.80495
6.80313
6.8013
6.79947
6.79764
6.7958
6.79396
6.79211
6.79026
6.7884
6.78655
6.78469
6.78282
6.78096
6.77909
6.77722
6.77535
6.77348
6.77161
6.76973
6.76786
6.76598
6.7641
6.76222
6.76034
6.75846
6.75658
6.7547
6.75281
6.75092
6.74904
6.74714
6.74525
6.74335
6.74145
6.73955
6.73765
6.73574
6.73382
6.7319
6.72998
6.72806
6.72617
6.72425
6.72218
6.72012
6.87223
6.87089
6.86908
6.86735
6.86569
6.86405
6.86242
6.8608
6.85919
6.85759
6.85599
6.85441
6.85283
6.85125
6.84967
6.8481
6.84652
6.84495
6.84337
6.84179
6.84021
6.83862
6.83703
6.83544
6.83384
6.83224
6.83063
6.82901
6.82739
6.82576
6.82413
6.82248
6.82083
6.81918
6.81751
6.81584
6.81416
6.81247
6.81078
6.80908
6.80737
6.80566
6.80394
6.80221
6.80048
6.79874
6.79699
6.79524
6.79348
6.79172
6.78996
6.78818
6.78641
6.78463
6.78285
6.78106
6.77928
6.77748
6.77569
6.7739
6.7721
6.7703
6.76851
6.76671
6.76491
6.76311
6.76131
6.75951
6.75772
6.75592
6.75412
6.75233
6.75054
6.74875
6.74696
6.74517
6.74339
6.7416
6.73982
6.73804
6.73626
6.73448
6.73271
6.73093
6.72916
6.72738
6.72561
6.72383
6.72206
6.72028
6.7185
6.71672
6.71493
6.71315
6.71136
6.70958
6.70781
6.70603
6.70412
6.70221
6.85268
6.85131
6.84944
6.84765
6.84593
6.84423
6.84254
6.84087
6.8392
6.83755
6.83591
6.83427
6.83264
6.83101
6.82939
6.82778
6.82616
6.82455
6.82294
6.82133
6.81972
6.8181
6.81649
6.81487
6.81325
6.81163
6.81001
6.80838
6.80675
6.80511
6.80347
6.80182
6.80017
6.79852
6.79686
6.79519
6.79352
6.79185
6.79017
6.78848
6.78679
6.7851
6.7834
6.7817
6.78
6.77829
6.77658
6.77487
6.77315
6.77143
6.76971
6.76798
6.76626
6.76453
6.7628
6.76107
6.75935
6.75762
6.75589
6.75416
6.75244
6.75071
6.74899
6.74727
6.74555
6.74384
6.74212
6.74041
6.73871
6.737
6.7353
6.73361
6.73192
6.73023
6.72855
6.72687
6.7252
6.72353
6.72186
6.7202
6.71854
6.71689
6.71524
6.71359
6.71195
6.71031
6.70867
6.70703
6.7054
6.70377
6.70213
6.7005
6.69887
6.69724
6.6956
6.69398
6.69237
6.69074
6.68902
6.68732
6.83378
6.83238
6.83045
6.82859
6.82681
6.82506
6.82331
6.82158
6.81987
6.81816
6.81647
6.81479
6.81311
6.81144
6.80978
6.80813
6.80648
6.80483
6.80319
6.80155
6.79991
6.79828
6.79664
6.79501
6.79338
6.79174
6.79011
6.78847
6.78684
6.7852
6.78356
6.78192
6.78027
6.77863
6.77698
6.77533
6.77368
6.77203
6.77038
6.76872
6.76706
6.76541
6.76374
6.76208
6.76042
6.75876
6.7571
6.75543
6.75377
6.75211
6.75044
6.74878
6.74712
6.74547
6.74381
6.74216
6.74051
6.73886
6.73722
6.73558
6.73394
6.73231
6.73068
6.72906
6.72744
6.72583
6.72423
6.72263
6.72104
6.71945
6.71787
6.7163
6.71474
6.71318
6.71163
6.71009
6.70855
6.70703
6.70551
6.70399
6.70249
6.70099
6.6995
6.69801
6.69654
6.69506
6.69359
6.69213
6.69067
6.68922
6.68777
6.68632
6.68487
6.68343
6.68198
6.68055
6.67912
6.67769
6.67618
6.67472
6.81555
6.81412
6.81213
6.81023
6.8084
6.8066
6.80482
6.80304
6.80129
6.79955
6.79782
6.7961
6.79439
6.7927
6.79101
6.78933
6.78766
6.786
6.78435
6.7827
6.78105
6.77941
6.77777
6.77614
6.77451
6.77289
6.77126
6.76964
6.76802
6.7664
6.76479
6.76317
6.76156
6.75994
6.75833
6.75672
6.75511
6.7535
6.75189
6.75029
6.74868
6.74708
6.74547
6.74387
6.74227
6.74068
6.73908
6.73749
6.73591
6.73432
6.73274
6.73116
6.72959
6.72802
6.72646
6.7249
6.72335
6.7218
6.72026
6.71873
6.7172
6.71569
6.71417
6.71267
6.71118
6.70969
6.70822
6.70675
6.70529
6.70385
6.70241
6.70098
6.69956
6.69816
6.69676
6.69538
6.694
6.69264
6.69129
6.68994
6.68861
6.68729
6.68597
6.68467
6.68337
6.68209
6.68081
6.67954
6.67828
6.67702
6.67577
6.67453
6.67328
6.67205
6.67082
6.66959
6.66838
6.66715
6.66588
6.66468
6.79797
6.79651
6.79449
6.79255
6.79069
6.78885
6.78703
6.78523
6.78344
6.78167
6.77991
6.77817
6.77644
6.77473
6.77302
6.77133
6.76965
6.76798
6.76631
6.76466
6.76301
6.76138
6.75975
6.75812
6.7565
6.75489
6.75329
6.75169
6.75009
6.7485
6.74692
6.74534
6.74376
6.74219
6.74062
6.73906
6.7375
6.73595
6.7344
6.73285
6.73131
6.72977
6.72824
6.72672
6.7252
6.72368
6.72218
6.72067
6.71918
6.71769
6.7162
6.71473
6.71326
6.7118
6.71035
6.70891
6.70747
6.70605
6.70463
6.70323
6.70183
6.70045
6.69907
6.69771
6.69636
6.69502
6.6937
6.69238
6.69108
6.6898
6.68852
6.68726
6.68601
6.68478
6.68356
6.68235
6.68116
6.67998
6.67882
6.67767
6.67653
6.67541
6.67429
6.6732
6.67211
6.67104
6.66997
6.66892
6.66788
6.66685
6.66582
6.66481
6.6638
6.6628
6.6618
6.66081
6.65983
6.65884
6.65783
6.65692
6.78093
6.77943
6.77737
6.77538
6.77349
6.77162
6.76977
6.76793
6.76612
6.76433
6.76255
6.7608
6.75906
6.75734
6.75563
6.75394
6.75226
6.7506
6.74895
6.74731
6.74569
6.74407
6.74247
6.74088
6.7393
6.73773
6.73616
6.73461
6.73306
6.73153
6.73
6.72848
6.72697
6.72546
6.72396
6.72247
6.72099
6.71952
6.71805
6.71659
6.71514
6.71369
6.71226
6.71083
6.70941
6.708
6.7066
6.7052
6.70382
6.70244
6.70108
6.69972
6.69838
6.69704
6.69572
6.69441
6.69311
6.69182
6.69055
6.68929
6.68804
6.6868
6.68558
6.68438
6.68319
6.68201
6.68085
6.67971
6.67858
6.67747
6.67637
6.6753
6.67424
6.67319
6.67217
6.67116
6.67017
6.66919
6.66824
6.6673
6.66638
6.66547
6.66458
6.66371
6.66285
6.66201
6.66118
6.66036
6.65956
6.65877
6.65799
6.65722
6.65646
6.65571
6.65497
6.65424
6.65351
6.65277
6.65204
6.65144
6.76459
6.76309
6.76103
6.75904
6.75714
6.75526
6.7534
6.75156
6.74974
6.74795
6.74617
6.74441
6.74267
6.74095
6.73925
6.73757
6.7359
6.73425
6.73261
6.731
6.72939
6.7278
6.72623
6.72467
6.72312
6.72159
6.72007
6.71856
6.71706
6.71558
6.7141
6.71264
6.7112
6.70976
6.70833
6.70692
6.70551
6.70412
6.70274
6.70137
6.70002
6.69867
6.69734
6.69602
6.6947
6.69341
6.69212
6.69085
6.68959
6.68835
6.68711
6.6859
6.68469
6.6835
6.68233
6.68117
6.68002
6.6789
6.67779
6.67669
6.67561
6.67455
6.67351
6.67248
6.67148
6.67049
6.66952
6.66857
6.66764
6.66672
6.66583
6.66496
6.66411
6.66327
6.66246
6.66167
6.6609
6.66015
6.65941
6.6587
6.65801
6.65734
6.65668
6.65605
6.65544
6.65484
6.65426
6.6537
6.65315
6.65262
6.6521
6.6516
6.65111
6.65063
6.65016
6.64971
6.64925
6.64879
6.64835
6.64808
6.7485
6.74691
6.7448
6.74276
6.74082
6.73891
6.73703
6.73517
6.73335
6.73154
6.72977
6.72802
6.7263
6.7246
6.72293
6.72128
6.71965
6.71804
6.71646
6.71489
6.71335
6.71182
6.71032
6.70883
6.70736
6.70591
6.70448
6.70306
6.70166
6.70027
6.6989
6.69755
6.69621
6.69489
6.69358
6.69228
6.691
6.68973
6.68848
6.68724
6.68602
6.68481
6.68362
6.68244
6.68127
6.68012
6.67898
6.67786
6.67675
6.67566
6.67458
6.67352
6.67248
6.67145
6.67044
6.66945
6.66847
6.66751
6.66657
6.66565
6.66475
6.66387
6.663
6.66216
6.66134
6.66054
6.65976
6.659
6.65827
6.65756
6.65687
6.6562
6.65556
6.65495
6.65435
6.65378
6.65324
6.65272
6.65223
6.65176
6.65131
6.65089
6.6505
6.65012
6.64977
6.64944
6.64914
6.64885
6.64858
6.64834
6.64811
6.64789
6.64769
6.6475
6.64732
6.64716
6.64699
6.64681
6.64668
6.64677
6.73356
6.7321
6.73004
6.72806
6.72616
6.72429
6.72243
6.7206
6.7188
6.71702
6.71526
6.71353
6.71183
6.71015
6.70849
6.70686
6.70526
6.70368
6.70212
6.70058
6.69907
6.69758
6.69611
6.69466
6.69324
6.69183
6.69045
6.68909
6.68774
6.68642
6.68511
6.68383
6.68256
6.68132
6.68009
6.67888
6.67769
6.67652
6.67536
6.67423
6.67311
6.67201
6.67093
6.66987
6.66883
6.66781
6.66681
6.66583
6.66486
6.66392
6.663
6.6621
6.66122
6.66036
6.65952
6.65871
6.65791
6.65714
6.6564
6.65567
6.65498
6.6543
6.65365
6.65303
6.65243
6.65186
6.65131
6.65079
6.65029
6.64983
6.64939
6.64897
6.64859
6.64823
6.64789
6.64759
6.64731
6.64705
6.64683
6.64663
6.64645
6.6463
6.64617
6.64607
6.64599
6.64593
6.6459
6.64589
6.64589
6.64592
6.64597
6.64604
6.64612
6.64622
6.64634
6.64647
6.6466
6.64672
6.64693
6.64742
6.7174
6.7157
6.71356
6.71152
6.70957
6.70767
6.70581
6.70398
6.70219
6.70044
6.69873
6.69705
6.69541
6.69381
6.69224
6.6907
6.68919
6.68772
6.68628
6.68487
6.68348
6.68213
6.68081
6.67951
6.67824
6.67699
6.67578
6.67458
6.67341
6.67227
6.67115
6.67005
6.66897
6.66792
6.66688
6.66587
6.66488
6.66391
6.66296
6.66204
6.66113
6.66024
6.65937
6.65852
6.65769
6.65688
6.65609
6.65532
6.65457
6.65384
6.65313
6.65244
6.65177
6.65112
6.6505
6.64989
6.64931
6.64875
6.64821
6.64769
6.64719
6.64672
6.64628
6.64586
6.64546
6.64509
6.64474
6.64442
6.64412
6.64386
6.64362
6.6434
6.64322
6.64306
6.64294
6.64284
6.64278
6.64274
6.64274
6.64276
6.64282
6.64291
6.64303
6.64319
6.64338
6.6436
6.64386
6.64414
6.64447
6.64482
6.6452
6.64562
6.64606
6.64653
6.64703
6.64755
6.64807
6.64857
6.64918
6.65015
6.70582
6.70433
6.70228
6.7003
6.69841
6.69656
6.69474
6.69294
6.69118
6.68944
6.68774
6.68608
6.68444
6.68284
6.68127
6.67973
6.67822
6.67675
6.6753
6.67388
6.6725
6.67115
6.66982
6.66852
6.66726
6.66602
6.6648
6.66362
6.66247
6.66134
6.66023
6.65916
6.65811
6.65709
6.65609
6.65512
6.65417
6.65325
6.65236
6.65149
6.65065
6.64983
6.64904
6.64827
6.64753
6.64682
6.64613
6.64547
6.64483
6.64422
6.64364
6.64309
6.64256
6.64206
6.6416
6.64116
6.64075
6.64037
6.64002
6.6397
6.63941
6.63916
6.63894
6.63875
6.6386
6.63848
6.63839
6.63834
6.63833
6.63835
6.63841
6.6385
6.63863
6.6388
6.63901
6.63926
6.63954
6.63986
6.64022
6.64062
6.64105
6.64152
6.64203
6.64257
6.64314
6.64374
6.64438
6.64505
6.64574
6.64645
6.64719
6.64795
6.64873
6.64951
6.65031
6.65112
6.65189
6.65262
6.65353
6.65498
6.68014
6.67954
6.67769
6.67573
6.67388
6.67209
6.67033
6.6686
6.66689
6.66522
6.66359
6.66199
6.66042
6.65888
6.65738
6.65592
6.65449
6.65309
6.65173
6.65041
6.64911
6.64786
6.64663
6.64545
6.64429
6.64317
6.64209
6.64104
6.64002
6.63904
6.63809
6.63718
6.6363
6.63546
6.63465
6.63388
6.63314
6.63243
6.63177
6.63113
6.63054
6.62998
6.62945
6.62897
6.62852
6.62811
6.62773
6.6274
6.6271
6.62685
6.62663
6.62645
6.62631
6.62622
6.62616
6.62615
6.62618
6.62625
6.62636
6.62652
6.62672
6.62696
6.62725
6.62759
6.62796
6.62838
6.62885
6.62936
6.62992
6.63052
6.63117
6.63186
6.63259
6.63337
6.6342
6.63507
6.63598
6.63693
6.63792
6.63896
6.64004
6.64115
6.64231
6.6435
6.64473
6.646
6.6473
6.64863
6.64999
6.65139
6.65281
6.65426
6.65573
6.65723
6.65874
6.66026
6.66175
6.66329
6.66516
6.66719
6.63362
6.6329
6.63108
6.62918
6.6274
6.62571
6.62407
6.62248
6.62095
6.61948
6.61807
6.61672
6.61543
6.6142
6.61303
6.61192
6.61087
6.60989
6.60896
6.60809
6.60729
6.60654
6.60585
6.60522
6.60465
6.60413
6.60367
6.60327
6.60293
6.60264
6.60241
6.60223
6.6021
6.60203
6.60202
6.60205
6.60214
6.60229
6.60248
6.60273
6.60302
6.60337
6.60377
6.60422
6.60472
6.60528
6.60588
6.60653
6.60723
6.60799
6.60879
6.60964
6.61054
6.6115
6.6125
6.61355
6.61465
6.61581
6.61701
6.61826
6.61956
6.62091
6.62231
6.62377
6.62527
6.62682
6.62842
6.63007
6.63177
6.63352
6.63532
6.63717
6.63907
6.64102
6.64301
6.64506
6.64715
6.64929
6.65149
6.65372
6.65601
6.65834
6.66073
6.66315
6.66563
6.66815
6.67071
6.67332
6.67597
6.67867
6.6814
6.68418
6.687
6.68985
6.69274
6.69563
6.69849
6.70145
6.70489
6.70844
6.59783
6.59727
6.59571
6.59407
6.59257
6.59116
6.58982
6.58856
6.58736
6.58624
6.5852
6.58424
6.58335
6.58254
6.58181
6.58116
6.58059
6.58009
6.57968
6.57934
6.57907
6.57889
6.57878
6.57874
6.57878
6.5789
6.57909
6.57935
6.57968
6.58009
6.58056
6.58111
6.58173
6.58241
6.58316
6.58398
6.58487
6.58582
6.58684
6.58793
6.58907
6.59028
6.59156
6.5929
6.5943
6.59576
6.59728
6.59887
6.60051
6.60222
6.60398
6.60581
6.60769
6.60964
6.61164
6.6137
6.61583
6.61801
6.62025
6.62254
6.6249
6.62731
6.62979
6.63232
6.63491
6.63755
6.64026
6.64302
6.64585
6.64872
6.65166
6.65466
6.65771
6.66083
6.664
6.66722
6.67051
6.67386
6.67726
6.68073
6.68425
6.68783
6.69148
6.69518
6.69894
6.70276
6.70664
6.71058
6.71458
6.71864
6.72276
6.72694
6.73117
6.73546
6.7398
6.74415
6.74847
6.75293
6.75804
6.76313
6.56098
6.56047
6.55912
6.55774
6.55651
6.55539
6.55437
6.55345
6.55263
6.55191
6.55129
6.55079
6.55038
6.55008
6.54988
6.54979
6.54981
6.54993
6.55015
6.55048
6.5509
6.55143
6.55206
6.55279
6.55362
6.55455
6.55557
6.55668
6.55789
6.5592
6.56059
6.56207
6.56364
6.5653
6.56705
6.56888
6.57079
6.57278
6.57486
6.57701
6.57924
6.58155
6.58394
6.5864
6.58894
6.59155
6.59423
6.59698
6.5998
6.6027
6.60566
6.60869
6.61179
6.61495
6.61819
6.62148
6.62485
6.62828
6.63177
6.63533
6.63895
6.64263
6.64638
6.65019
6.65406
6.658
6.66199
6.66605
6.67017
6.67436
6.67861
6.68291
6.68729
6.69172
6.69622
6.70078
6.7054
6.71009
6.71485
6.71967
6.72455
6.72951
6.73453
6.73962
6.74479
6.75002
6.75533
6.76071
6.76617
6.7717
6.77731
6.78299
6.78875
6.79458
6.80048
6.80641
6.81231
6.81842
6.82532
6.83202
6.52981
6.52951
6.52852
6.52753
6.5267
6.52601
6.52545
6.52501
6.5247
6.52451
6.52446
6.52454
6.52474
6.52508
6.52555
6.52615
6.52687
6.52773
6.52872
6.52983
6.53107
6.53243
6.53392
6.53553
6.53726
6.5391
6.54107
6.54315
6.54534
6.54764
6.55005
6.55257
6.55519
6.55792
6.56075
6.56367
6.5667
6.56981
6.57303
6.57633
6.57972
6.5832
6.58677
6.59042
6.59415
6.59797
6.60186
6.60584
6.60989
6.61402
6.61822
6.62249
6.62684
6.63126
6.63575
6.64031
6.64493
6.64963
6.65439
6.65922
6.66411
6.66906
6.67409
6.67917
6.68432
6.68953
6.6948
6.70014
6.70554
6.711
6.71653
6.72212
6.72777
6.73349
6.73927
6.74512
6.75104
6.75702
6.76308
6.7692
6.7754
6.78167
6.78802
6.79445
6.80096
6.80755
6.81423
6.821
6.82786
6.83482
6.84187
6.84901
6.85626
6.86361
6.87105
6.87852
6.88599
6.89374
6.90241
6.9106
6.50143
6.50128
6.50061
6.49999
6.49955
6.49929
6.49918
6.49923
6.49945
6.49982
6.50035
6.50105
6.50191
6.50294
6.50412
6.50547
6.50698
6.50864
6.51047
6.51245
6.51459
6.51688
6.51932
6.52191
6.52464
6.52752
6.53054
6.53369
6.53698
6.54041
6.54396
6.54764
6.55144
6.55536
6.5594
6.56355
6.56782
6.57219
6.57667
6.58125
6.58594
6.59072
6.59559
6.60056
6.60562
6.61077
6.616
6.62131
6.62671
6.63219
6.63774
6.64337
6.64907
6.65484
6.66068
6.66659
6.67257
6.67861
6.68472
6.69089
6.69712
6.70341
6.70976
6.71617
6.72264
6.72917
6.73575
6.74239
6.74909
6.75584
6.76266
6.76953
6.77646
6.78345
6.7905
6.79761
6.80478
6.81203
6.81934
6.82672
6.83417
6.8417
6.84931
6.857
6.86478
6.87265
6.88061
6.88868
6.89685
6.90513
6.91353
6.92204
6.93067
6.93942
6.94829
6.95722
6.96615
6.97546
6.98576
6.99521
6.47891
6.47916
6.47885
6.4786
6.47858
6.47877
6.47915
6.47973
6.48051
6.48148
6.48265
6.48402
6.48559
6.48736
6.48933
6.49149
6.49384
6.49639
6.49913
6.50206
6.50518
6.50848
6.51195
6.51561
6.51944
6.52343
6.5276
6.53192
6.5364
6.54104
6.54582
6.55075
6.55582
6.56103
6.56637
6.57184
6.57743
6.58314
6.58897
6.59491
6.60096
6.60712
6.61337
6.61972
6.62616
6.6327
6.63932
6.64602
6.6528
6.65966
6.66659
6.67359
6.68066
6.68779
6.69499
6.70224
6.70955
6.71692
6.72434
6.73181
6.73933
6.74689
6.75451
6.76216
6.76987
6.77761
6.7854
6.79324
6.80111
6.80903
6.81699
6.825
6.83306
6.84116
6.8493
6.8575
6.86575
6.87405
6.88242
6.89084
6.89934
6.90791
6.91655
6.92528
6.93409
6.943
6.95201
6.96112
6.97036
6.97971
6.9892
6.99882
7.00858
7.0185
7.02854
7.03867
7.04883
7.05944
7.07107
7.08139
6.46217
6.46283
6.46308
6.46325
6.46358
6.46415
6.46498
6.46604
6.46734
6.46888
6.47067
6.47269
6.47496
6.47747
6.48021
6.4832
6.48642
6.48987
6.49355
6.49746
6.50159
6.50594
6.5105
6.51527
6.52025
6.52543
6.5308
6.53636
6.5421
6.54802
6.55411
6.56037
6.56679
6.57336
6.58008
6.58694
6.59394
6.60107
6.60832
6.61569
6.62317
6.63075
6.63844
6.64622
6.65409
6.66204
6.67007
6.67818
6.68636
6.6946
6.7029
6.71126
6.71968
6.72814
6.73665
6.74519
6.75378
6.7624
6.77105
6.77973
6.78843
6.79716
6.80592
6.81469
6.82349
6.83231
6.84115
6.85001
6.85889
6.86779
6.87671
6.88565
6.89462
6.90361
6.91263
6.92168
6.93077
6.93989
6.94906
6.95827
6.96754
6.97687
6.98626
6.99573
7.00528
7.01491
7.02465
7.03449
7.04445
7.05454
7.06477
7.07514
7.08568
7.09637
7.10722
7.11816
7.12917
7.14069
7.15317
7.16384
6.45428
6.45503
6.45553
6.45614
6.45686
6.45773
6.45889
6.46035
6.46211
6.46416
6.46651
6.46915
6.47209
6.47532
6.47883
6.48264
6.48672
6.49109
6.49573
6.50064
6.50581
6.51124
6.51693
6.52286
6.52903
6.53544
6.54206
6.54891
6.55596
6.56322
6.57067
6.5783
6.58611
6.59409
6.60222
6.61051
6.61894
6.6275
6.63618
6.64498
6.65389
6.6629
6.67201
6.6812
6.69047
6.69981
6.70921
6.71867
6.72818
6.73773
6.74732
6.75695
6.7666
6.77627
6.78595
6.79565
6.80536
6.81507
6.82478
6.83449
6.84419
6.85389
6.86358
6.87325
6.88291
6.89256
6.9022
6.91182
6.92142
6.93102
6.9406
6.95017
6.95973
6.96929
6.97885
6.98841
6.99798
7.00756
7.01716
7.02678
7.03643
7.04612
7.05586
7.06565
7.07551
7.08545
7.09547
7.1056
7.11584
7.1262
7.1367
7.14735
7.15817
7.16915
7.18029
7.19154
7.20288
7.21478
7.2275
7.23791
6.45693
6.45758
6.45803
6.45867
6.4596
6.46072
6.46205
6.46375
6.46582
6.46825
6.47104
6.47419
6.4777
6.48156
6.48577
6.49033
6.49522
6.50046
6.50602
6.5119
6.51809
6.52459
6.53139
6.53848
6.54584
6.55348
6.56137
6.5695
6.57787
6.58647
6.59528
6.60429
6.6135
6.62287
6.63242
6.64212
6.65196
6.66193
6.67203
6.68223
6.69253
6.70292
6.71338
6.72391
6.7345
6.74513
6.7558
6.76649
6.77721
6.78793
6.79865
6.80937
6.82008
6.83077
6.84143
6.85207
6.86267
6.87323
6.88374
6.89421
6.90463
6.915
6.92531
6.93557
6.94577
6.95591
6.966
6.97603
6.986
6.99592
7.00579
7.01562
7.02539
7.03513
7.04483
7.05449
7.06413
7.07375
7.08336
7.09297
7.10257
7.11219
7.12184
7.13151
7.14123
7.15101
7.16086
7.17079
7.18082
7.19096
7.20123
7.21164
7.2222
7.23293
7.24382
7.25479
7.2659
7.27756
7.28983
7.29938
6.47162
6.47185
6.47199
6.47238
6.47314
6.47424
6.47565
6.47743
6.47965
6.48233
6.48544
6.48898
6.49296
6.49736
6.50219
6.50743
6.51308
6.51913
6.52557
6.53239
6.53957
6.54712
6.55501
6.56324
6.57178
6.58063
6.58977
6.59919
6.60886
6.61878
6.62894
6.6393
6.64986
6.66061
6.67151
6.68257
6.69376
6.70507
6.71648
6.72798
6.73955
6.75118
6.76285
6.77456
6.78628
6.798
6.80972
6.82143
6.8331
6.84474
6.85633
6.86786
6.87933
6.89073
6.90205
6.91329
6.92444
6.9355
6.94646
6.95732
6.96808
6.97874
6.98929
6.99974
7.01008
7.02032
7.03045
7.04048
7.05042
7.06025
7.06999
7.07965
7.08921
7.0987
7.10812
7.11746
7.12675
7.13598
7.14517
7.15432
7.16344
7.17255
7.18166
7.19077
7.1999
7.20906
7.21826
7.22753
7.23688
7.24631
7.25585
7.26551
7.27531
7.28525
7.29532
7.30548
7.31576
7.32656
7.33773
7.34591
6.49878
6.49824
6.49775
6.49762
6.49796
6.49876
6.50001
6.50174
6.504
6.5068
6.51014
6.51399
6.51836
6.52324
6.52862
6.5345
6.54085
6.54767
6.55495
6.56267
6.57081
6.57937
6.58831
6.59763
6.60731
6.61732
6.62765
6.63827
6.64917
6.66033
6.67172
6.68333
6.69512
6.70709
6.71921
6.73146
6.74382
6.75627
6.76879
6.78136
6.79396
6.80658
6.8192
6.8318
6.84436
6.85688
6.86934
6.88173
6.89403
6.90623
6.91833
6.93031
6.94217
6.9539
6.96549
6.97694
6.98825
6.9994
7.0104
7.02124
7.03193
7.04247
7.05284
7.06306
7.07313
7.08304
7.09281
7.10243
7.1119
7.12124
7.13045
7.13953
7.14849
7.15733
7.16606
7.1747
7.18324
7.1917
7.20008
7.2084
7.21667
7.22489
7.23307
7.24124
7.2494
7.25757
7.26575
7.27397
7.28224
7.29057
7.29898
7.30748
7.31608
7.32479
7.33359
7.34245
7.35143
7.36083
7.37034
7.37683
6.53839
6.53672
6.5353
6.53438
6.53406
6.53432
6.5352
6.53674
6.53893
6.54175
6.54519
6.54926
6.55393
6.55921
6.56506
6.57149
6.57847
6.58599
6.59402
6.60256
6.61157
6.62104
6.63094
6.64124
6.65193
6.66298
6.67436
6.68605
6.69802
6.71024
6.72269
6.73534
6.74817
6.76114
6.77424
6.78743
6.8007
6.81401
6.82735
6.8407
6.85403
6.86731
6.88054
6.8937
6.90676
6.91971
6.93253
6.94522
6.95776
6.97014
6.98234
6.99437
7.0062
7.01785
7.02929
7.04054
7.05158
7.06241
7.07303
7.08345
7.09366
7.10366
7.11346
7.12306
7.13246
7.14167
7.15069
7.15953
7.16819
7.17668
7.185
7.19317
7.20119
7.20907
7.21681
7.22442
7.23193
7.23932
7.24662
7.25382
7.26096
7.26802
7.27503
7.282
7.28894
7.29586
7.30277
7.30969
7.31663
7.32359
7.3306
7.33767
7.34479
7.35198
7.35921
7.36647
7.3738
7.38144
7.38893
7.39362
6.58967
6.58656
6.58394
6.582
6.5808
6.58035
6.58073
6.58197
6.58398
6.58671
6.59018
6.59437
6.59927
6.60485
6.61109
6.61798
6.62549
6.63361
6.64229
6.65152
6.66128
6.67152
6.68222
6.69335
6.70488
6.71677
6.729
6.74153
6.75433
6.76737
6.78062
6.79404
6.8076
6.82128
6.83504
6.84885
6.86269
6.87652
6.89033
6.90408
6.91775
6.93133
6.94478
6.95808
6.97123
6.9842
6.99698
7.00955
7.02191
7.03404
7.04593
7.05758
7.06898
7.08012
7.09101
7.10164
7.11202
7.12213
7.13199
7.1416
7.15096
7.16007
7.16894
7.17758
7.18599
7.19418
7.20215
7.20992
7.21748
7.22486
7.23205
7.23907
7.24593
7.25263
7.25918
7.26559
7.27187
7.27804
7.2841
7.29005
7.29592
7.30171
7.30743
7.3131
7.31871
7.32429
7.32983
7.33536
7.34088
7.3464
7.35193
7.35747
7.36302
7.36859
7.37415
7.37969
7.38524
7.39096
7.39634
7.39935
6.6502
6.64539
6.64134
6.63816
6.63592
6.63472
6.6346
6.63539
6.63704
6.63955
6.64289
6.64705
6.65201
6.65774
6.6642
6.67138
6.67925
6.68777
6.6969
6.70663
6.7169
6.72768
6.73895
6.75065
6.76276
6.77523
6.78803
6.80112
6.81446
6.82802
6.84175
6.85562
6.8696
6.88365
6.89773
6.91182
6.92588
6.93988
6.95379
6.96759
6.98124
6.99473
7.00803
7.02113
7.03399
7.04661
7.05897
7.07106
7.08287
7.09439
7.10561
7.11653
7.12715
7.13746
7.14746
7.15717
7.16657
7.17568
7.18449
7.19303
7.20128
7.20927
7.21699
7.22447
7.2317
7.23869
7.24546
7.25202
7.25837
7.26452
7.27049
7.27628
7.28191
7.28738
7.29271
7.29789
7.30295
7.30789
7.31273
7.31746
7.3221
7.32666
7.33114
7.33556
7.33992
7.34423
7.34849
7.35272
7.35691
7.36107
7.3652
7.36931
7.37339
7.37742
7.3814
7.38531
7.38916
7.39303
7.39646
7.3981
6.71723
6.7106
6.70498
6.70046
6.69711
6.69505
6.69421
6.6944
6.69556
6.6977
6.70078
6.70478
6.70967
6.7154
6.72195
6.72927
6.73734
6.7461
6.75551
6.76555
6.77615
6.78729
6.79891
6.81097
6.82342
6.83623
6.84935
6.86274
6.87635
6.89013
6.90406
6.91809
6.93217
6.94628
6.96037
6.97441
6.98836
7.00219
7.01587
7.02938
7.04267
7.05574
7.06855
7.08109
7.09334
7.10528
7.1169
7.12819
7.13914
7.14975
7.16001
7.16992
7.17948
7.1887
7.19758
7.20612
7.21434
7.22224
7.22983
7.23712
7.24412
7.25084
7.2573
7.2635
7.26946
7.2752
7.28071
7.28601
7.29112
7.29605
7.3008
7.30539
7.30983
7.31413
7.31829
7.32233
7.32626
7.33009
7.33381
7.33745
7.34101
7.34449
7.3479
7.35124
7.35453
7.35776
7.36093
7.36405
7.36713
7.37014
7.3731
7.376
7.37883
7.38157
7.38421
7.38672
7.38913
7.39143
7.39327
7.39395
6.78459
6.77606
6.76878
6.76286
6.75845
6.75546
6.75367
6.75301
6.75347
6.75501
6.75761
6.76122
6.76579
6.7713
6.77768
6.7849
6.7929
6.80165
6.81109
6.82117
6.83185
6.84306
6.85477
6.86693
6.87947
6.89237
6.90555
6.91898
6.93262
6.9464
6.96029
6.97424
6.98822
7.00217
7.01605
7.02984
7.04349
7.05696
7.07022
7.08325
7.09601
7.10848
7.12064
7.13246
7.14393
7.15503
7.16576
7.17611
7.18607
7.19563
7.20481
7.21361
7.22202
7.23007
7.23775
7.24508
7.25207
7.25874
7.2651
7.27116
7.27694
7.28246
7.28772
7.29275
7.29755
7.30215
7.30655
7.31077
7.31482
7.31872
7.32247
7.32608
7.32957
7.33295
7.33621
7.33938
7.34246
7.34545
7.34836
7.35119
7.35396
7.35665
7.35929
7.36186
7.36436
7.3668
7.36918
7.37149
7.37373
7.37589
7.37796
7.37994
7.38181
7.38357
7.38519
7.38666
7.38797
7.3891
7.38984
7.38997
6.84656
6.83618
6.82731
6.82008
6.81448
6.81034
6.80755
6.80605
6.80583
6.80682
6.80898
6.81226
6.81661
6.82196
6.82827
6.83548
6.84353
6.85237
6.86192
6.87215
6.88298
6.89436
6.90623
6.91854
6.93122
6.94422
6.95749
6.97097
6.9846
6.99835
7.01215
7.02596
7.03973
7.05342
7.06698
7.08038
7.09357
7.10652
7.11921
7.13159
7.14363
7.15533
7.16665
7.17758
7.18811
7.19822
7.20791
7.21718
7.22603
7.23445
7.24247
7.25009
7.25732
7.26416
7.27065
7.27679
7.28261
7.28811
7.29332
7.29825
7.30293
7.30736
7.31157
7.31557
7.31938
7.32301
7.32648
7.3298
7.33298
7.33603
7.33897
7.3418
7.34453
7.34717
7.34973
7.35221
7.35462
7.35697
7.35925
7.36147
7.36363
7.36573
7.36777
7.36974
7.37166
7.3735
7.37527
7.37696
7.37857
7.38008
7.38148
7.38278
7.38395
7.38498
7.38587
7.38662
7.3872
7.3876
7.38774
7.38766
6.89327
6.88126
6.87101
6.86254
6.85577
6.85054
6.8468
6.8445
6.84358
6.84398
6.84563
6.84849
6.85248
6.85754
6.86362
6.87064
6.87853
6.88725
6.89671
6.90686
6.91764
6.92898
6.94081
6.95308
6.96572
6.97868
6.99189
7.0053
7.01886
7.0325
7.04618
7.05983
7.07343
7.0869
7.10022
7.11333
7.1262
7.13878
7.15105
7.16296
7.1745
7.18563
7.19634
7.20661
7.21643
7.22579
7.23468
7.24312
7.2511
7.25864
7.26575
7.27244
7.27873
7.28465
7.2902
7.29542
7.30032
7.30494
7.30928
7.31337
7.31724
7.3209
7.32438
7.32768
7.33084
7.33385
7.33675
7.33953
7.34222
7.34482
7.34734
7.34979
7.35218
7.35451
7.35678
7.359
7.36117
7.36328
7.36534
7.36734
7.36928
7.37116
7.37296
7.37468
7.37632
7.37786
7.37931
7.38064
7.38186
7.38295
7.38392
7.38475
7.38546
7.38603
7.38647
7.38679
7.38699
7.38707
7.38703
7.38696
6.91985
6.90651
6.89516
6.88574
6.87817
6.87237
6.86824
6.86573
6.86476
6.86525
6.86713
6.87032
6.87475
6.88033
6.88699
6.89466
6.90325
6.91269
6.9229
6.93381
6.94534
6.95741
6.96996
6.98292
6.9962
7.00975
7.0235
7.03737
7.05132
7.06528
7.07918
7.09298
7.10662
7.12004
7.13321
7.14608
7.15861
7.17075
7.18249
7.19379
7.20463
7.21499
7.22486
7.23424
7.24312
7.2515
7.2594
7.26683
7.2738
7.28034
7.28647
7.2922
7.29757
7.3026
7.30732
7.31174
7.31591
7.31983
7.32354
7.32706
7.33039
7.33357
7.33661
7.33951
7.34231
7.345
7.3476
7.35011
7.35255
7.35491
7.3572
7.35943
7.36159
7.36369
7.36572
7.36769
7.36958
7.3714
7.37313
7.37479
7.37635
7.37782
7.37919
7.38045
7.38161
7.38265
7.38357
7.38438
7.38507
7.38565
7.38612
7.38649
7.38677
7.38696
7.38709
7.38715
7.38717
7.38716
7.38715
7.38714
)
;

boundaryField
{
    jetInlet
    {
        type            zeroGradient;
    }
    returnOutlet
    {
        type            fixedValue;
        value           uniform 0;
    }
    flatBed
    {
        type            zeroGradient;
    }
    slope
    {
        type            zeroGradient;
    }
    top
    {
        type            symmetryPlane;
    }
    frontAndBack
    {
        type            empty;
    }
    defaultFaces
    {
        type            empty;
    }
}


// ************************************************************************* //
