/*--------------------------------*- C++ -*----------------------------------*\
| =========                 |                                                 |
| \\      /  F ield         | OpenFOAM: The Open Source CFD Toolbox           |
|  \\    /   O peration     | Version:  2206                                  |
|   \\  /    A nd           | Website:  www.openfoam.com                      |
|    \\/     M anipulation  |                                                 |
\*---------------------------------------------------------------------------*/
FoamFile
{
    version     2.0;
    format      ascii;
    arch        "LSB;label=32;scalar=64";
    class       volScalarField;
    location    "700";
    object      k;
}
// * * * * * * * * * * * * * * * * * * * * * * * * * * * * * * * * * * * * * //

dimensions      [0 2 -2 0 0 0 0];

internalField   nonuniform List<scalar> 
10000
(
0.293662
0.297156
0.300323
0.303145
0.305584
0.307605
0.309188
0.310353
0.31069
0.309728
0.307337
0.30344
0.29801
0.291069
0.282678
0.27294
0.261986
0.24998
0.237102
0.223553
0.209543
0.195288
0.181003
0.166893
0.153149
0.139937
0.127394
0.115622
0.104689
0.0946303
0.0854487
0.0771233
0.0696141
0.0628685
0.0568262
0.0514242
0.0465995
0.0422916
0.0384439
0.0350044
0.0319261
0.0291676
0.0266932
0.0244727
0.0224818
0.0207017
0.0191185
0.0177222
0.0165056
0.0154625
0.0145856
0.0138655
0.0132899
0.0128439
0.0125115
0.0122765
0.012124
0.0120413
0.0120178
0.0120451
0.0121167
0.0122277
0.0123743
0.0125439
0.0127329
0.012939
0.0131603
0.0133952
0.0136424
0.0139009
0.0141697
0.0144484
0.0147365
0.015034
0.0153411
0.0156586
0.0159874
0.0163294
0.016687
0.0170637
0.0174495
0.0178425
0.0182422
0.0186481
0.0190595
0.0194759
0.0198963
0.0203195
0.0207436
0.0211663
0.0215842
0.0219929
0.0223862
0.0227567
0.0230961
0.0233963
0.0236478
0.0238442
0.0240519
0.0246342
0.567258
0.573152
0.578827
0.584186
0.589139
0.593586
0.597327
0.600111
0.601671
0.601366
0.598836
0.593809
0.586097
0.575604
0.562323
0.546334
0.527793
0.506923
0.484004
0.459364
0.433368
0.40641
0.3789
0.351251
0.323867
0.297122
0.271349
0.246822
0.223753
0.202283
0.182486
0.164379
0.147928
0.133066
0.119697
0.107714
0.0969998
0.0874406
0.0789242
0.0713437
0.0645994
0.0585985
0.0532563
0.0484965
0.0442514
0.040463
0.0370829
0.034073
0.0314045
0.0290569
0.0270159
0.0252702
0.0238081
0.0226145
0.0216694
0.0209483
0.0204233
0.0200663
0.0198504
0.019752
0.0197511
0.0198313
0.0199754
0.0201729
0.0204171
0.0207022
0.0210238
0.0213784
0.0217633
0.0221766
0.0226169
0.0230834
0.0235755
0.0240931
0.0246364
0.0252057
0.0258018
0.0264255
0.027078
0.0277604
0.0284728
0.0292154
0.0299895
0.0307962
0.0316368
0.0325124
0.0334238
0.0343715
0.0353554
0.0363743
0.0374256
0.0385051
0.0396058
0.0407173
0.0418233
0.0429046
0.0439634
0.0450354
0.0458531
0.0446246
0.76174
0.767216
0.772903
0.778599
0.784164
0.789509
0.794398
0.798489
0.801471
0.802431
0.800787
0.796083
0.787992
0.776317
0.760997
0.742091
0.719761
0.694259
0.665909
0.635091
0.602232
0.5678
0.532287
0.496204
0.460064
0.424364
0.389562
0.356062
0.324195
0.294208
0.266264
0.240444
0.216759
0.195164
0.175572
0.157871
0.141935
0.127634
0.114836
0.103415
0.09325
0.0842232
0.0762236
0.0691455
0.0628892
0.0573623
0.0524805
0.0481696
0.0443658
0.0410162
0.0380791
0.0355221
0.0333202
0.0314531
0.0299014
0.0286444
0.0276575
0.026913
0.0263808
0.0260308
0.0258343
0.0257659
0.025795
0.0259081
0.0260925
0.0263371
0.0266335
0.026975
0.0273563
0.0277736
0.0282241
0.0287056
0.0292168
0.029757
0.0303257
0.0309229
0.0315487
0.0322035
0.0328876
0.0336011
0.0343472
0.0351236
0.0359306
0.0367686
0.0376378
0.0385381
0.0394686
0.0404277
0.0414127
0.0424192
0.0434407
0.0444676
0.0454867
0.0464789
0.0474153
0.0482537
0.0489424
0.0493939
0.0491747
0.0465902
0.928965
0.933995
0.939676
0.945956
0.952677
0.959706
0.966723
0.973235
0.978847
0.982352
0.982897
0.979821
0.972653
0.961117
0.94512
0.924727
0.90013
0.87162
0.839561
0.80437
0.766507
0.726467
0.684777
0.64199
0.59868
0.55542
0.512771
0.471246
0.431295
0.39328
0.357468
0.324026
0.293032
0.264489
0.238339
0.214487
0.192814
0.173194
0.155498
0.139599
0.125375
0.112706
0.101473
0.0915556
0.0828347
0.0751895
0.0685022
0.0626596
0.0575572
0.0531012
0.0492109
0.0458193
0.0428732
0.040331
0.0381604
0.0363347
0.0348291
0.0336184
0.032675
0.0319695
0.0314708
0.0311464
0.030961
0.0308961
0.0309327
0.0310547
0.0312484
0.0315031
0.0318098
0.0321619
0.032554
0.0329821
0.0334432
0.0339352
0.0344563
0.0350054
0.0355816
0.036184
0.0368118
0.037464
0.0381435
0.0388454
0.0395676
0.0403083
0.0410648
0.0418339
0.0426108
0.0433894
0.0441611
0.0449145
0.0456339
0.0462983
0.0468784
0.047334
0.0476069
0.0476134
0.0472371
0.0462986
0.0444001
0.0407043
1.08541
1.09044
1.09654
1.10401
1.11277
1.12259
1.13299
1.14324
1.15264
1.15983
1.16359
1.16303
1.15753
1.14679
1.13071
1.10942
1.08319
1.05239
1.01744
0.9788
0.936958
0.892408
0.845672
0.797298
0.747868
0.69799
0.648283
0.599347
0.551739
0.505937
0.462319
0.421155
0.382608
0.346742
0.313545
0.28295
0.254859
0.229156
0.205728
0.184464
0.165259
0.14801
0.132616
0.11897
0.106953
0.0964377
0.0872859
0.0793527
0.0724925
0.066565
0.0614411
0.0570071
0.0531675
0.0498448
0.0469785
0.0445219
0.0424384
0.0406972
0.03927
0.0381283
0.0372429
0.0365695
0.0360819
0.0357554
0.0355669
0.0354951
0.0355217
0.0356309
0.0358099
0.0360479
0.0363366
0.0366691
0.03704
0.0374452
0.0378813
0.0383453
0.0388349
0.0393478
0.0398817
0.0404343
0.0410071
0.0415935
0.0421884
0.0427873
0.0433846
0.0439741
0.0445474
0.0450944
0.0456022
0.046054
0.0464287
0.0466987
0.0468283
0.04677
0.0464603
0.0458155
0.0447298
0.0430719
0.0406559
0.037309
1.23214
1.23778
1.24491
1.25436
1.26618
1.28002
1.29514
1.31047
1.3248
1.33664
1.34436
1.34683
1.34332
1.33354
1.31749
1.29541
1.2677
1.23488
1.19746
1.15598
1.11094
1.06283
1.01213
0.959334
0.904973
0.849631
0.793932
0.738524
0.684039
0.631059
0.580074
0.531461
0.485477
0.442266
0.401869
0.364256
0.329353
0.297063
0.267289
0.239942
0.214945
0.192228
0.171728
0.153377
0.137091
0.12277
0.110285
0.0994832
0.0901946
0.0822373
0.0754307
0.0696046
0.0646073
0.0603099
0.0566077
0.0534188
0.0506802
0.0483436
0.0463708
0.0447286
0.0433862
0.0422953
0.0414323
0.0407719
0.0402889
0.0399588
0.0397595
0.039671
0.0396757
0.0397592
0.039909
0.040115
0.0403691
0.0406644
0.0409954
0.0413571
0.0417456
0.0421571
0.0425877
0.043034
0.0434928
0.0439614
0.0444302
0.0448921
0.0453393
0.0457633
0.0461535
0.0464974
0.0467795
0.0469812
0.0470793
0.0470455
0.0468447
0.0464335
0.045758
0.0447543
0.0433531
0.0414878
0.0391031
0.036255
1.36459
1.37164
1.3807
1.39322
1.40947
1.42885
1.4502
1.47202
1.4926
1.50996
1.52215
1.52781
1.52623
1.5172
1.50088
1.47775
1.44841
1.41356
1.37387
1.32999
1.28244
1.23171
1.17819
1.1223
1.06444
1.00512
0.944882
0.884371
0.824251
0.765178
0.707738
0.652415
0.599571
0.549433
0.502109
0.457613
0.415899
0.37689
0.340509
0.306688
0.275377
0.246544
0.220172
0.196251
0.174759
0.155657
0.138866
0.124268
0.111704
0.100976
0.0918633
0.084141
0.0775921
0.0720215
0.0672633
0.0631825
0.0596739
0.0566574
0.0540725
0.0518721
0.0500128
0.0484463
0.0471481
0.0460928
0.0452549
0.0446088
0.0441299
0.043795
0.0435829
0.043475
0.0434552
0.0435096
0.0436267
0.0437968
0.0440117
0.0442645
0.044549
0.0448598
0.0451915
0.0455392
0.0458977
0.0462653
0.0466298
0.0469816
0.0473116
0.0476094
0.0478631
0.0480588
0.04818
0.0482074
0.0481179
0.0478844
0.0474749
0.046852
0.0459731
0.0447919
0.0432656
0.0413636
0.0390794
0.0365038
1.4757
1.48522
1.49762
1.51494
1.53763
1.5646
1.59411
1.62408
1.65218
1.67571
1.69248
1.70108
1.70089
1.69196
1.67474
1.64999
1.61863
1.58158
1.5397
1.49377
1.44438
1.39198
1.33691
1.27941
1.21975
1.15825
1.09532
1.03151
0.967463
0.90386
0.841361
0.780543
0.721873
0.665672
0.612123
0.56129
0.513161
0.467688
0.424813
0.384488
0.346688
0.311416
0.2787
0.248589
0.221138
0.196386
0.174345
0.154974
0.138173
0.123776
0.111561
0.101268
0.0926194
0.085347
0.0792081
0.0739963
0.0695449
0.0657244
0.0624378
0.0596131
0.0571756
0.0550804
0.0532959
0.0517946
0.0505505
0.0495378
0.048731
0.0481052
0.0476365
0.047303
0.0470849
0.0469648
0.0469275
0.0469603
0.0470521
0.0471933
0.0473757
0.0475919
0.0478349
0.0480979
0.0483743
0.0486624
0.0489489
0.049222
0.0494707
0.0496834
0.0498471
0.0499469
0.0499656
0.0498835
0.049678
0.0493231
0.0487892
0.0480436
0.0470508
0.0457753
0.0441873
0.0422704
0.0400287
0.0375327
1.55728
1.57085
1.58885
1.61383
1.64605
1.68348
1.72349
1.76336
1.79987
1.82958
1.85029
1.86076
1.86075
1.85072
1.83155
1.80439
1.77047
1.73097
1.68699
1.63941
1.5889
1.53591
1.48067
1.42326
1.36374
1.30218
1.23878
1.17391
1.10811
1.04202
0.976346
0.911722
0.848729
0.78778
0.729135
0.672915
0.619155
0.567839
0.518942
0.47244
0.42833
0.386642
0.347446
0.310846
0.276964
0.24593
0.217856
0.192812
0.170806
0.15176
0.135508
0.121802
0.110334
0.100775
0.0927989
0.0861112
0.0804635
0.0756563
0.0715366
0.0679909
0.0649077
0.0622275
0.0599077
0.0579149
0.0562204
0.0547977
0.0536207
0.0526639
0.051902
0.0513106
0.050867
0.0505503
0.0503421
0.0502261
0.0501882
0.0502161
0.050299
0.0504272
0.0505919
0.0507849
0.0509979
0.0512242
0.0514563
0.0516782
0.0518767
0.0520388
0.0521502
0.052195
0.0521554
0.0520112
0.0517397
0.0513154
0.0507102
0.0498939
0.048835
0.0475033
0.0458746
0.0439364
0.0416919
0.0391857
1.60019
1.62058
1.64837
1.68588
1.73233
1.78401
1.83713
1.88825
1.93268
1.96707
1.98953
1.99949
1.99742
1.98438
1.9618
1.93122
1.89419
1.85214
1.80631
1.7577
1.70704
1.65475
1.60098
1.54562
1.48847
1.42932
1.36807
1.30482
1.23992
1.1739
1.10743
1.04118
0.975852
0.911941
0.849776
0.789539
0.731315
0.675141
0.621049
0.569042
0.51914
0.471399
0.42593
0.382882
0.342436
0.304798
0.270181
0.238776
0.210722
0.186078
0.164798
0.146713
0.131549
0.118948
0.10852
0.0998776
0.0926742
0.0866175
0.0814762
0.077074
0.0732483
0.0699116
0.0670014
0.0644715
0.0622861
0.0604151
0.0588312
0.0575082
0.05642
0.055541
0.054846
0.0543116
0.0539159
0.0536394
0.0534646
0.0533762
0.0533606
0.0534056
0.0535002
0.0536339
0.0537968
0.0539789
0.0541759
0.0543683
0.0545408
0.0546784
0.0547656
0.0547854
0.0547189
0.0545452
0.0542411
0.0537813
0.0531381
0.0522825
0.0511851
0.049818
0.0481588
0.0461951
0.0439257
0.0413743
1.59245
1.62645
1.67261
1.73108
1.7986
1.86892
1.93707
1.99867
2.04745
2.08206
2.10166
2.10691
2.0993
2.08064
2.05288
2.0179
1.97746
1.93311
1.88615
1.83762
1.78824
1.7384
1.68812
1.63714
1.58497
1.53109
1.47503
1.41656
1.35572
1.29288
1.22856
1.16335
1.0982
1.03363
0.970002
0.907566
0.846454
0.786775
0.728678
0.672193
0.617357
0.564258
0.513061
0.463952
0.417155
0.372945
0.331616
0.293468
0.258774
0.227753
0.200522
0.177067
0.157219
0.140668
0.127006
0.115773
0.106521
0.0988471
0.0924173
0.086963
0.0822558
0.0781646
0.0745937
0.0714743
0.0687561
0.066401
0.0643776
0.0626577
0.0612145
0.0600212
0.0590513
0.0582789
0.0576794
0.0572301
0.0569102
0.0567011
0.0565862
0.0565504
0.0565801
0.0566624
0.0567852
0.056936
0.057111
0.0572897
0.0574536
0.0575858
0.0576689
0.0576845
0.0576125
0.0574312
0.0571168
0.0566434
0.0559836
0.0551088
0.0539906
0.052602
0.0509212
0.0489342
0.0466359
0.0440356
1.5104
1.58251
1.66472
1.75761
1.85434
1.9463
2.02791
2.09225
2.13684
2.16292
2.17209
2.16669
2.14923
2.12216
2.08772
2.04792
2.00449
1.95891
1.91239
1.86584
1.81993
1.77493
1.73078
1.68701
1.64291
1.5976
1.55027
1.50024
1.4472
1.39122
1.33262
1.27162
1.20976
1.14738
1.08488
1.02256
0.960587
0.899137
0.838636
0.779099
0.720562
0.663135
0.60711
0.552684
0.500106
0.449718
0.401881
0.356975
0.315392
0.277502
0.243608
0.213893
0.188372
0.166872
0.149046
0.134421
0.12247
0.11268
0.104598
0.0978064
0.0920205
0.0870376
0.0827106
0.0789346
0.075635
0.0727583
0.0702643
0.0681203
0.066297
0.0647663
0.0635004
0.0624717
0.0616531
0.0610189
0.0605451
0.0602096
0.0599925
0.0598758
0.0598429
0.0598786
0.0599682
0.0600976
0.0602565
0.0604314
0.0605986
0.0607382
0.0608307
0.060856
0.0607928
0.0606183
0.0603079
0.0598352
0.0591726
0.0582919
0.0571648
0.055765
0.0540704
0.0520655
0.0497415
0.0470984
1.32512
1.49862
1.64754
1.7891
1.91762
2.02466
2.10397
2.15355
2.17918
2.18498
2.1751
2.15321
2.1224
2.08525
2.0439
2.00013
1.95538
1.91083
1.86742
1.82585
1.78658
1.74976
1.71518
1.68219
1.64984
1.61696
1.58231
1.5448
1.50369
1.45871
1.40997
1.35783
1.30308
1.24635
1.18814
1.12883
1.06855
1.00747
0.946679
0.886016
0.825465
0.76511
0.705578
0.646999
0.589585
0.533801
0.48006
0.428786
0.380462
0.335592
0.294647
0.258027
0.22598
0.198551
0.175554
0.156593
0.141129
0.128565
0.118317
0.109813
0.102676
0.0966103
0.0913954
0.0868725
0.0829292
0.0794869
0.0764896
0.0738953
0.0716696
0.0697819
0.0682023
0.0669014
0.0658499
0.0650194
0.0643827
0.0639143
0.0635909
0.0633911
0.0632953
0.0632853
0.0633442
0.0634556
0.0636032
0.0637798
0.0639572
0.0641121
0.0642224
0.0642662
0.0642208
0.064062
0.0637646
0.0633016
0.0626452
0.0617672
0.0606396
0.0592363
0.0575349
0.0555186
0.0531759
0.0505009
1.12945
1.45465
1.68453
1.86462
1.99886
2.08283
2.12279
2.13218
2.1209
2.09557
2.0611
2.02096
1.97763
1.93292
1.88825
1.84471
1.8032
1.76445
1.72899
1.69725
1.66946
1.6456
1.62534
1.60788
1.59201
1.57627
1.55904
1.53874
1.5142
1.48478
1.45032
1.41102
1.36742
1.32019
1.2699
1.21703
1.16195
1.10504
1.04688
0.987672
0.927436
0.865985
0.804884
0.743882
0.683022
0.623086
0.564519
0.507705
0.453231
0.401709
0.353742
0.309937
0.270793
0.23662
0.207485
0.183177
0.16325
0.147099
0.134002
0.123274
0.114413
0.107001
0.100717
0.0953234
0.0906531
0.0865888
0.0830494
0.0799771
0.0773279
0.0750658
0.0731576
0.0715714
0.0702757
0.0692392
0.0684314
0.0678237
0.0673891
0.0671026
0.0669414
0.0668842
0.0669113
0.0670036
0.0671423
0.0673216
0.0675119
0.0676859
0.0678185
0.0678857
0.0678631
0.0677253
0.0674462
0.0669984
0.0663538
0.0654841
0.0643616
0.0629605
0.0612581
0.0592364
0.0568824
0.0541864
1.23028
1.60874
1.81484
1.91406
1.94448
1.93321
1.90095
1.85982
1.81574
1.77144
1.72811
1.68628
1.6463
1.60855
1.5735
1.54168
1.51361
1.48976
1.47054
1.45623
1.44699
1.44279
1.44322
1.44741
1.45395
1.46106
1.46669
1.46872
1.46559
1.45641
1.4408
1.41877
1.39057
1.35691
1.31853
1.27602
1.22984
1.18049
1.12846
1.0741
1.01763
0.95928
0.899637
0.838822
0.776501
0.714357
0.652709
0.591706
0.532173
0.474848
0.42037
0.369561
0.32316
0.281749
0.245704
0.215095
0.189688
0.169004
0.152184
0.138566
0.127489
0.118378
0.110777
0.104345
0.098834
0.0940726
0.0899415
0.086358
0.0832628
0.0806099
0.0783605
0.0764788
0.0749299
0.0736797
0.0726945
0.0719419
0.0713914
0.0710144
0.0707843
0.0706767
0.0706689
0.0707394
0.0708684
0.071045
0.0712473
0.0714409
0.0715973
0.0716898
0.0716923
0.0715782
0.0713204
0.0708909
0.0702614
0.0694035
0.0682899
0.0668949
0.0651957
0.063174
0.0608158
0.0581099
0.0479177
0.129626
0.242635
0.374289
0.51011
0.63813
0.750455
0.842771
0.913932
0.965245
0.99958
1.02052
1.03177
1.03671
1.03831
1.03898
1.04066
1.04484
1.05267
1.06501
1.08246
1.10535
1.13352
1.16616
1.20174
1.23823
1.27307
1.30267
1.32549
1.34148
1.35047
1.35239
1.34732
1.33538
1.31688
1.29225
1.26201
1.22673
1.18694
1.14312
1.09566
1.04497
0.991455
0.935413
0.877074
0.816964
0.755234
0.691571
0.628115
0.565775
0.504938
0.446824
0.392429
0.342599
0.29811
0.259399
0.226556
0.19924
0.176989
0.159079
0.144695
0.133068
0.123551
0.115642
0.108972
0.103278
0.0983789
0.0941487
0.0905003
0.0873703
0.0847084
0.0824715
0.0806194
0.0791135
0.0779158
0.0769895
0.0762995
0.0758128
0.0754984
0.0753276
0.0752738
0.0753122
0.0754195
0.0755738
0.07577
0.0759672
0.0761321
0.076235
0.0762476
0.0761419
0.0758896
0.0754623
0.0748313
0.0739683
0.0728462
0.0714394
0.0697256
0.0676861
0.0653071
0.0625786
0.00659612
0.00810142
0.0107612
0.0145727
0.0205534
0.0301805
0.0438007
0.0613207
0.0822828
0.106016
0.131801
0.159016
0.187225
0.216237
0.246125
0.277222
0.310109
0.345592
0.384672
0.428477
0.478166
0.534572
0.596868
0.661279
0.726855
0.792384
0.856675
0.919549
0.979661
1.03492
1.08377
1.12514
1.15835
1.18301
1.19892
1.20617
1.20505
1.19604
1.17968
1.15657
1.12728
1.09237
1.0524
1.00785
0.959178
0.906856
0.851238
0.792667
0.731919
0.669587
0.605664
0.542667
0.481665
0.423469
0.369547
0.320839
0.278152
0.241819
0.211747
0.187397
0.16793
0.152409
0.139953
0.129828
0.121471
0.11447
0.108534
0.103463
0.0991197
0.0954067
0.092252
0.0895977
0.0873938
0.0855939
0.0841539
0.083031
0.0821847
0.0815763
0.0811697
0.0809313
0.0808295
0.0808348
0.0809188
0.0810534
0.0812335
0.0814281
0.0815989
0.0817125
0.081738
0.0816456
0.081406
0.0809902
0.0803695
0.0795156
0.0784015
0.0770022
0.075295
0.0732613
0.0708862
0.068159
0.00600972
0.00604713
0.0061054
0.00616543
0.00622514
0.00630887
0.0064366
0.00663811
0.00695429
0.00743787
0.00815281
0.0091732
0.0105835
0.0124821
0.0149893
0.0182619
0.0225146
0.0280514
0.0353114
0.0449272
0.0574359
0.0738065
0.0960726
0.12858
0.172662
0.229046
0.297524
0.376843
0.46445
0.556594
0.648988
0.737553
0.819012
0.891113
0.952543
1.00271
1.04153
1.06922
1.08627
1.09324
1.09083
1.07972
1.06064
1.03428
1.0013
0.962317
0.917902
0.868624
0.815129
0.758023
0.697904
0.63583
0.572525
0.508947
0.448215
0.391006
0.339025
0.293228
0.254235
0.222023
0.196043
0.17538
0.158999
0.145931
0.135372
0.126708
0.119498
0.113429
0.108289
0.103927
0.100237
0.0971387
0.0945651
0.0924587
0.0907664
0.0894384
0.0884275
0.087689
0.0871815
0.0868662
0.0867068
0.0866697
0.0867232
0.0868375
0.0869846
0.0871646
0.0873323
0.0874501
0.0874841
0.0874028
0.0871756
0.0867727
0.0861651
0.0853246
0.0842242
0.0828387
0.0811454
0.0791249
0.0767615
0.0740439
0.00599273
0.00598518
0.00597943
0.00597768
0.0059836
0.00600097
0.0060324
0.00607926
0.00614206
0.00622098
0.00631637
0.00642905
0.0065605
0.00671295
0.00688938
0.00709403
0.00733281
0.0076142
0.00795081
0.00836871
0.00923206
0.0108763
0.0138727
0.0192041
0.0282723
0.0429006
0.0652366
0.0975318
0.14175
0.19904
0.269219
0.350463
0.439399
0.531641
0.622588
0.708166
0.785274
0.851876
0.906871
0.94986
0.98093
1.00048
1.00911
1.00752
0.996446
0.976644
0.94885
0.913797
0.872222
0.82484
0.772402
0.715762
0.655776
0.593478
0.530327
0.466972
0.40759
0.353014
0.304876
0.263868
0.230074
0.202923
0.181433
0.164484
0.151032
0.140221
0.131405
0.124118
0.118036
0.112933
0.10865
0.105072
0.102108
0.0996823
0.0977297
0.0961905
0.0950094
0.094135
0.0935199
0.09312
0.0928947
0.0928061
0.0928189
0.0928998
0.0930157
0.0931661
0.0933176
0.0934289
0.093463
0.0933862
0.0931666
0.0927735
0.0921776
0.0913502
0.0902645
0.088895
0.087219
0.0852162
0.0828704
0.0801704
0.00599067
0.00598121
0.00597297
0.00596715
0.00596481
0.00596709
0.00597548
0.00599196
0.00601907
0.00605983
0.00611753
0.00619548
0.00629687
0.00642465
0.00658138
0.00676884
0.00698836
0.00724091
0.0075265
0.00784268
0.00819322
0.00859306
0.00909732
0.00986311
0.0112257
0.0137759
0.0184418
0.0265596
0.0398946
0.0605575
0.0907718
0.132472
0.186783
0.253515
0.33089
0.415651
0.503597
0.590311
0.671848
0.745133
0.808071
0.859452
0.898764
0.925997
0.94148
0.945756
0.939494
0.923439
0.898381
0.865122
0.824493
0.777365
0.724648
0.667363
0.606699
0.543932
0.481073
0.41937
0.363096
0.313207
0.270791
0.235953
0.20809
0.186149
0.168929
0.15533
0.144459
0.135649
0.128424
0.12245
0.117494
0.113387
0.110003
0.107242
0.10502
0.103265
0.10191
0.100896
0.100169
0.0996786
0.0993806
0.099233
0.0991978
0.0992394
0.0993249
0.0994244
0.099543
0.0996337
0.0996562
0.0995744
0.0993548
0.0989658
0.0983776
0.0975611
0.0964894
0.0951368
0.0934804
0.0914995
0.0891769
0.0865019
0.00599049
0.00598058
0.0059711
0.00596311
0.00595812
0.005958
0.00596489
0.00598104
0.00600871
0.0060501
0.00610739
0.00618276
0.00627845
0.00639678
0.0065402
0.00671109
0.0069117
0.0071442
0.00741086
0.00771291
0.00804971
0.00841819
0.00881312
0.00923348
0.00970397
0.0103213
0.0113204
0.0131442
0.0165144
0.0225043
0.0325852
0.0486016
0.0726274
0.10667
0.15223
0.209811
0.278533
0.356039
0.438782
0.522621
0.603486
0.677894
0.743212
0.797683
0.84032
0.870739
0.889
0.89547
0.890725
0.875473
0.850515
0.816719
0.775011
0.726407
0.672043
0.613225
0.551561
0.488794
0.42727
0.369358
0.318366
0.275118
0.239763
0.211652
0.189636
0.172445
0.158936
0.148199
0.139558
0.132534
0.12679
0.122083
0.118238
0.11512
0.112617
0.11064
0.109109
0.107953
0.107111
0.106527
0.106151
0.105937
0.105846
0.105838
0.105878
0.105931
0.105999
0.106053
0.10605
0.105951
0.105721
0.105329
0.104743
0.103934
0.102874
0.101539
0.0999044
0.0979493
0.0956558
0.0930137
0.00599066
0.00598097
0.00597168
0.00596357
0.00595767
0.00595522
0.00595765
0.00596655
0.00598376
0.00601131
0.00605151
0.00610689
0.00618021
0.00627434
0.00639228
0.00653731
0.0067127
0.00692153
0.00716655
0.00745003
0.00777347
0.00813689
0.00853779
0.00896992
0.00942366
0.00989227
0.0103927
0.0110084
0.01195
0.0136181
0.0166662
0.0220653
0.0311507
0.0456107
0.0673734
0.0983578
0.14009
0.193248
0.257275
0.330221
0.408937
0.489557
0.568111
0.641043
0.705523
0.759541
0.801851
0.831847
0.849418
0.854814
0.848545
0.831306
0.803929
0.767367
0.722705
0.671194
0.614309
0.553774
0.491679
0.43036
0.372166
0.320549
0.277004
0.241674
0.213776
0.192057
0.175187
0.162001
0.151587
0.143275
0.136587
0.131184
0.126819
0.123309
0.120508
0.118301
0.116589
0.11529
0.114331
0.11365
0.113192
0.112907
0.112752
0.112687
0.112675
0.112682
0.11268
0.112678
0.112632
0.112502
0.112252
0.111846
0.111255
0.110449
0.109399
0.10808
0.106469
0.104543
0.102284
0.0996814
0.00599105
0.00598171
0.00597291
0.00596526
0.00595964
0.00595714
0.00595908
0.00596697
0.00598254
0.00600771
0.00604459
0.00609548
0.00616281
0.00624921
0.00635736
0.00649005
0.00665011
0.0068404
0.00706382
0.00732324
0.00762135
0.00796036
0.00834135
0.00876335
0.00922183
0.00970747
0.0102072
0.0107129
0.0112458
0.0119007
0.0129039
0.0146705
0.0178611
0.0234399
0.0327124
0.047308
0.0690651
0.0997901
0.140893
0.192959
0.255396
0.32629
0.402592
0.480567
0.556358
0.626473
0.688086
0.739145
0.77834
0.804998
0.818951
0.820423
0.809925
0.7882
0.756186
0.71502
0.666057
0.610914
0.551522
0.490126
0.429244
0.371645
0.319891
0.27668
0.241927
0.214693
0.193627
0.177356
0.164715
0.154804
0.146969
0.140738
0.135772
0.131822
0.128696
0.126244
0.124345
0.122899
0.121821
0.12104
0.120496
0.120134
0.119907
0.119776
0.1197
0.119646
0.11958
0.119502
0.119396
0.119219
0.118933
0.118503
0.117898
0.117087
0.116043
0.114739
0.113151
0.111257
0.109037
0.106482
0.00599162
0.00598267
0.00597437
0.00596721
0.00596185
0.00595912
0.00596004
0.00596584
0.00597792
0.00599797
0.0060279
0.0060699
0.0061264
0.00620008
0.00629377
0.00641047
0.00655328
0.00672534
0.0069298
0.00716974
0.00744809
0.00776754
0.00813029
0.00853768
0.00898939
0.00948205
0.0100075
0.0105519
0.011099
0.0116439
0.0122235
0.0129648
0.0141399
0.0162191
0.0199235
0.0262748
0.0366198
0.0525928
0.0759775
0.108448
0.151198
0.20454
0.267594
0.338224
0.413266
0.488989
0.561634
0.627842
0.684922
0.730929
0.764634
0.785428
0.7932
0.788242
0.77117
0.742881
0.704546
0.657619
0.603872
0.545419
0.484726
0.424564
0.367772
0.316739
0.274498
0.240848
0.214702
0.194619
0.179204
0.16731
0.158066
0.150835
0.145159
0.1407
0.137207
0.134486
0.132386
0.130784
0.129582
0.128696
0.128059
0.127613
0.127308
0.1271
0.12695
0.126825
0.126692
0.126522
0.126335
0.126092
0.125754
0.125286
0.124656
0.123833
0.122789
0.121497
0.119931
0.118071
0.115893
0.113389
0.00599237
0.00598386
0.00597607
0.0059694
0.00596435
0.00596159
0.005962
0.00596665
0.00597685
0.00599417
0.00602045
0.00605781
0.00610861
0.00617544
0.00626108
0.0063684
0.00650041
0.00666015
0.0068507
0.00707515
0.00733653
0.00763779
0.00798162
0.00837037
0.00880563
0.00928765
0.00981403
0.0103779
0.0109662
0.0115601
0.0121432
0.0127227
0.0133678
0.0142609
0.0157501
0.018398
0.0230308
0.0307778
0.0430737
0.0615877
0.0880445
0.123927
0.170094
0.226408
0.291508
0.362855
0.437049
0.510319
0.579019
0.64
0.690803
0.729707
0.755678
0.768276
0.767558
0.754
0.728452
0.692116
0.646558
0.593722
0.535944
0.47593
0.416633
0.360987
0.311585
0.270884
0.238847
0.214186
0.195381
0.181045
0.170069
0.16162
0.155086
0.150024
0.146103
0.143074
0.140747
0.138972
0.137631
0.136629
0.13589
0.13535
0.134954
0.134658
0.134422
0.134211
0.133992
0.133737
0.133445
0.133114
0.132706
0.132184
0.131516
0.13067
0.129617
0.128331
0.126787
0.124959
0.122827
0.12038
0.0059933
0.0059853
0.00597806
0.00597184
0.00596698
0.00596403
0.00596369
0.00596686
0.00597468
0.00598857
0.00601025
0.00604175
0.0060854
0.0061438
0.00621975
0.00631622
0.00643629
0.00658312
0.00675993
0.00696999
0.00721651
0.00750262
0.00783125
0.00820505
0.00862628
0.00909653
0.00961613
0.0101831
0.0107913
0.0114284
0.0120748
0.0127085
0.0133203
0.0139451
0.0147078
0.015875
0.0179041
0.0214887
0.0276022
0.0375199
0.0527873
0.0750987
0.10606
0.146847
0.197814
0.258192
0.325985
0.398161
0.471065
0.540926
0.604288
0.658297
0.70082
0.73045
0.746439
0.748619
0.737338
0.713415
0.678117
0.633161
0.580711
0.523356
0.464047
0.405934
0.352067
0.304885
0.266402
0.236474
0.21364
0.196349
0.183259
0.173317
0.165736
0.159939
0.155498
0.152097
0.149496
0.147514
0.146009
0.14487
0.144011
0.143359
0.142857
0.142457
0.142118
0.141804
0.141485
0.141132
0.140721
0.140281
0.13978
0.139186
0.138463
0.137581
0.136511
0.135224
0.133695
0.131899
0.129813
0.127426
0.00599441
0.00598712
0.00598063
0.00597498
0.00597047
0.00596766
0.0059673
0.00597027
0.00597767
0.00599088
0.00601156
0.00604169
0.00608349
0.00613942
0.00621209
0.00630423
0.0064186
0.00655804
0.00672551
0.00692407
0.00715684
0.00742697
0.00773756
0.00809165
0.0084921
0.00894152
0.00944196
0.00999441
0.0105976
0.0112464
0.0119291
0.0126263
0.0133128
0.01397
0.0146111
0.0153233
0.0163176
0.0179794
0.0209127
0.0259834
0.0343499
0.0474551
0.0669418
0.0944616
0.131369
0.178339
0.235018
0.299833
0.370073
0.442235
0.5125
0.577212
0.633212
0.678028
0.709923
0.727877
0.731538
0.721177
0.697648
0.662363
0.617263
0.564785
0.5078
0.449503
0.393179
0.341802
0.297532
0.261895
0.23447
0.213694
0.198052
0.18628
0.177399
0.17068
0.165582
0.161706
0.158754
0.156503
0.154786
0.153471
0.152459
0.151669
0.151037
0.150511
0.150047
0.14961
0.149169
0.148697
0.14817
0.147589
0.146971
0.146281
0.145485
0.144552
0.143451
0.142154
0.140635
0.138868
0.136828
0.134504
0.00599665
0.00599296
0.00599215
0.00599435
0.00600015
0.00601028
0.00602542
0.00604616
0.00607316
0.00610706
0.00614854
0.0061983
0.00625705
0.00632562
0.00640502
0.00649644
0.00660145
0.00672216
0.00686139
0.00702268
0.00721026
0.00742889
0.00768377
0.00798023
0.00832348
0.00871844
0.00916941
0.00967973
0.0102512
0.0108831
0.0115702
0.0123009
0.0130551
0.0138054
0.0145265
0.0152176
0.0159398
0.0168656
0.0183296
0.020875
0.0252959
0.0326715
0.0443705
0.0619908
0.0871989
0.121452
0.165629
0.219653
0.28225
0.35095
0.42237
0.492667
0.558016
0.615
0.660845
0.693539
0.711871
0.715413
0.704493
0.680132
0.643993
0.598311
0.54582
0.489646
0.433129
0.379514
0.331513
0.290853
0.2585
0.233762
0.215089
0.201068
0.190542
0.182625
0.176655
0.172137
0.168702
0.16608
0.164067
0.162511
0.161292
0.16032
0.159521
0.158838
0.158222
0.157636
0.157047
0.15643
0.155763
0.155029
0.154268
0.153459
0.15257
0.151568
0.150422
0.149103
0.147585
0.145841
0.143845
0.141584
0.00607443
0.00622626
0.00646618
0.00680088
0.00722727
0.00773892
0.00832735
0.00898029
0.00968082
0.0104074
0.0111347
0.0118346
0.0124777
0.0130362
0.0134854
0.0138067
0.0139888
0.0140294
0.013935
0.0137211
0.0134104
0.0130318
0.0126178
0.0122023
0.011819
0.0114988
0.0112695
0.0111538
0.0111694
0.011328
0.0116343
0.0120845
0.0126636
0.0133438
0.0140856
0.0148467
0.0156031
0.0163859
0.0173309
0.0187318
0.0210884
0.0251485
0.0319424
0.0427933
0.0592698
0.0830453
0.115638
0.158049
0.210372
0.271514
0.339139
0.409898
0.479857
0.545002
0.601673
0.64689
0.678535
0.695417
0.697255
0.684606
0.658775
0.621714
0.575923
0.524345
0.470208
0.416793
0.367072
0.323299
0.286683
0.257646
0.235423
0.218607
0.205928
0.19638
0.189186
0.183746
0.17961
0.176444
0.174002
0.172097
0.170589
0.169367
0.168348
0.167463
0.166658
0.165889
0.165123
0.164331
0.163496
0.162606
0.161661
0.160709
0.159707
0.158619
0.157413
0.15606
0.154532
0.152805
0.15085
0.148655
0.0141252
0.0219846
0.0307646
0.0402736
0.0499579
0.0594701
0.068579
0.0770542
0.0846641
0.0911989
0.0964822
0.100376
0.102787
0.103674
0.103055
0.101003
0.0976478
0.0931625
0.0877453
0.0816159
0.0750043
0.0681384
0.0612341
0.0544865
0.0480626
0.0420963
0.0366879
0.0319047
0.0277839
0.0243363
0.0215512
0.0193998
0.0178386
0.0168105
0.0162461
0.0160654
0.0161848
0.0165338
0.017087
0.0179133
0.0192367
0.0214953
0.0253887
0.0319105
0.0423582
0.0582911
0.0813952
0.113227
0.154844
0.206384
0.266744
0.3335
0.403141
0.47156
0.53464
0.588751
0.631081
0.659773
0.673935
0.673571
0.659479
0.633151
0.596666
0.552598
0.503871
0.453573
0.404671
0.359669
0.320295
0.287367
0.260933
0.240519
0.224844
0.212907
0.203885
0.197055
0.191855
0.187871
0.184788
0.182373
0.18045
0.178883
0.177566
0.176418
0.175374
0.174381
0.1734
0.172399
0.171357
0.170263
0.169118
0.168005
0.166871
0.165679
0.164396
0.162992
0.161442
0.15972
0.157801
0.155676
0.0226278
0.0308115
0.0402099
0.051365
0.063661
0.0765449
0.08975
0.103104
0.116414
0.129478
0.142105
0.154116
0.165337
0.1756
0.184757
0.192723
0.199028
0.202952
0.204459
0.20358
0.200418
0.195148
0.18801
0.179288
0.169328
0.15847
0.147045
0.135367
0.123717
0.112333
0.101409
0.0910954
0.0815048
0.0727132
0.0647641
0.0576729
0.0514309
0.0460108
0.0413765
0.0374973
0.0343712
0.0320569
0.0307121
0.0306363
0.0323124
0.0364415
0.0439558
0.0559867
0.0737693
0.0984735
0.130974
0.171599
0.219909
0.27458
0.333413
0.393499
0.451515
0.504097
0.548216
0.581483
0.602357
0.61022
0.60536
0.588873
0.56252
0.528543
0.489471
0.447918
0.406389
0.3671
0.331794
0.30156
0.276691
0.257031
0.242124
0.230815
0.2222
0.215607
0.210513
0.206523
0.203342
0.200747
0.198571
0.196683
0.194983
0.193392
0.191849
0.190305
0.188722
0.187071
0.185332
0.183492
0.181614
0.179769
0.177924
0.176041
0.174089
0.17204
0.169866
0.167558
0.0180187
0.0170704
0.0161628
0.0151666
0.0142837
0.0136094
0.0131373
0.0128642
0.0127907
0.0129155
0.0132351
0.0137472
0.0144502
0.0153435
0.0164153
0.0176608
0.0202597
0.0257636
0.0334756
0.0427517
0.0530419
0.0638895
0.0749309
0.0855839
0.0944801
0.101359
0.106073
0.108606
0.109111
0.107833
0.10506
0.101094
0.096224
0.0907175
0.0848145
0.078725
0.0726284
0.0666739
0.0609816
0.0556479
0.0507529
0.0463745
0.0426072
0.0395882
0.0375284
0.0367472
0.0377068
0.0410368
0.0475376
0.0581489
0.0738706
0.0956348
0.124138
0.159654
0.20186
0.249718
0.301449
0.354634
0.406446
0.453971
0.494552
0.526076
0.547169
0.557273
0.556616
0.546105
0.527171
0.501602
0.471389
0.438587
0.405202
0.373057
0.343636
0.317936
0.296377
0.278811
0.264809
0.253969
0.245528
0.238905
0.233646
0.229405
0.225916
0.222974
0.220424
0.218144
0.21604
0.214037
0.212074
0.210104
0.208087
0.205988
0.20378
0.201438
0.199041
0.196685
0.194359
0.192046
0.189728
0.187392
0.0182156
0.0166284
0.0152731
0.0140729
0.0129757
0.0120134
0.0111718
0.0104253
0.00975503
0.00915098
0.00860654
0.0081171
0.0076794
0.00729302
0.00696198
0.00669717
0.00651471
0.00643284
0.00646022
0.00661032
0.00690899
0.00739225
0.00809309
0.00955347
0.0141458
0.0213824
0.0305809
0.0410589
0.0512517
0.0601237
0.067178
0.0722461
0.0753921
0.0768069
0.0767343
0.0754315
0.0731493
0.0701235
0.06657
0.0626826
0.0586335
0.0545763
0.0506532
0.0470075
0.0438013
0.0412382
0.0395917
0.0392341
0.0406632
0.0445161
0.0515638
0.0626728
0.0787297
0.100526
0.128605
0.163097
0.203554
0.248852
0.297185
0.346205
0.393281
0.435822
0.47159
0.498932
0.516896
0.525241
0.524362
0.515171
0.49897
0.477322
0.451946
0.424606
0.396992
0.370575
0.346477
0.32537
0.307474
0.292651
0.280494
0.270742
0.2629
0.256532
0.251293
0.24691
0.243171
0.23991
0.236999
0.234338
0.231849
0.22947
0.227154
0.224861
0.222561
0.220227
0.217836
0.215366
0.212893
0.210492
0.208162
0.205901
0.0177917
0.0163071
0.0149501
0.0137149
0.0126084
0.0116406
0.0107901
0.0100405
0.00937844
0.00879473
0.00828181
0.00783421
0.0074475
0.00711845
0.00684415
0.00662252
0.00645211
0.00633286
0.00626454
0.00624547
0.00627081
0.00633406
0.00643216
0.00657155
0.00677355
0.00708796
0.00761541
0.00851809
0.0112872
0.0168818
0.0249606
0.0339284
0.0424814
0.049744
0.0553232
0.0591697
0.0614121
0.0622535
0.0619208
0.0606422
0.0586358
0.0561052
0.0532384
0.0502122
0.0471992
0.0443822
0.0419714
0.0402284
0.0394914
0.0401999
0.0429132
0.0483136
0.0571886
0.0703799
0.0886961
0.112784
0.142965
0.179064
0.220267
0.265083
0.311436
0.356903
0.39903
0.435644
0.465075
0.48628
0.498855
0.502975
0.4993
0.488864
0.472973
0.453094
0.430763
0.407463
0.384512
0.362956
0.343491
0.326455
0.311874
0.299568
0.289215
0.280624
0.273469
0.267453
0.262332
0.25791
0.254032
0.250575
0.247445
0.244567
0.241883
0.239349
0.236928
0.234591
0.232313
0.230069
0.22784
0.225614
0.223459
0.221418
0.0177336
0.0162416
0.0148468
0.013613
0.0125315
0.011598
0.0107899
0.0100921
0.00949433
0.00899159
0.00858104
0.00826106
0.00802939
0.00788288
0.00781648
0.00782378
0.00789668
0.00802633
0.00820299
0.0084172
0.00865976
0.00892335
0.00920346
0.00950096
0.00981955
0.0101583
0.0105032
0.0108231
0.0110635
0.0112662
0.0117409
0.0138661
0.018571
0.0254863
0.0331964
0.0403484
0.0461627
0.0503835
0.0530538
0.0543486
0.0544873
0.0536969
0.0521957
0.050189
0.0478694
0.0454244
0.0430474
0.0409542
0.0394045
0.0387254
0.0393349
0.0417613
0.046651
0.0547581
0.0669049
0.0839042
0.106436
0.134879
0.169122
0.208412
0.251306
0.295788
0.339527
0.380201
0.415791
0.444779
0.466233
0.479801
0.485653
0.484382
0.476909
0.464384
0.448093
0.42936
0.409457
0.389507
0.370407
0.352781
0.336974
0.323088
0.311048
0.300679
0.291738
0.284106
0.277558
0.271894
0.266951
0.262596
0.258719
0.255238
0.252086
0.249212
0.246574
0.24414
0.241886
0.239787
0.237823
0.235972
0.234214
0.23256
0.0175102
0.0160632
0.0146929
0.0134855
0.0124579
0.011612
0.0109397
0.0104462
0.0101366
0.0100116
0.0100638
0.0102785
0.0106333
0.011101
0.0116519
0.0122565
0.0128872
0.0135202
0.0141356
0.014718
0.0152558
0.0157412
0.0161693
0.0165388
0.0168516
0.017116
0.0173457
0.0175597
0.0177787
0.0180251
0.018275
0.0184036
0.0184912
0.0194296
0.0224625
0.0278003
0.0342284
0.0402453
0.0449758
0.0481728
0.0499264
0.0504569
0.0500125
0.0488318
0.0471325
0.0451141
0.0429664
0.0408841
0.0390838
0.0378266
0.037441
0.0383468
0.0410742
0.0462731
0.0547034
0.0671961
0.0845695
0.107489
0.136276
0.170692
0.209802
0.251985
0.295123
0.336926
0.375252
0.408352
0.435009
0.454556
0.466844
0.472156
0.471122
0.464621
0.4537
0.439487
0.423114
0.405646
0.388007
0.370934
0.354948
0.340356
0.32728
0.315706
0.305532
0.296615
0.288783
0.281942
0.275951
0.270674
0.266006
0.261859
0.258162
0.254858
0.251903
0.249263
0.246911
0.244827
0.242991
0.241388
0.24
0.23881
0.017349
0.0159621
0.014656
0.0136301
0.0129787
0.0127482
0.0129513
0.0135763
0.0145726
0.0158611
0.0173483
0.0189415
0.0205573
0.0221271
0.023598
0.0249331
0.0261083
0.0271112
0.0279377
0.0285909
0.0290791
0.0294157
0.0296195
0.0297136
0.0297301
0.0297448
0.029822
0.0299503
0.0301073
0.0302419
0.030287
0.0301945
0.0298748
0.029276
0.0286795
0.0290729
0.0316218
0.0361747
0.0411592
0.0451551
0.0476394
0.0486886
0.0485899
0.0476507
0.0461353
0.04426
0.0422086
0.040153
0.038274
0.0367838
0.0359481
0.0361116
0.0377197
0.0413376
0.0476576
0.0574837
0.0716787
0.0910495
0.116159
0.147083
0.183204
0.223159
0.264997
0.306498
0.345519
0.380261
0.409405
0.432157
0.44821
0.45767
0.460975
0.458807
0.452016
0.441546
0.428376
0.413458
0.397662
0.38173
0.366249
0.351632
0.338132
0.325864
0.314838
0.305
0.296253
0.288492
0.281601
0.275469
0.270033
0.265213
0.260935
0.257141
0.253785
0.250833
0.24826
0.246046
0.244177
0.24264
0.241424
0.240515
0.0171731
0.0162675
0.0159592
0.01673
0.0186681
0.0215491
0.025037
0.0288094
0.0325906
0.0361747
0.0394277
0.042275
0.0446841
0.0466519
0.0481929
0.0493336
0.0501062
0.0505472
0.050695
0.0505915
0.0502827
0.0498243
0.049311
0.0488162
0.0482982
0.0476846
0.0469224
0.0460284
0.0450223
0.0439244
0.0427492
0.0415001
0.040168
0.0387477
0.0372998
0.0361065
0.0359034
0.0376985
0.0414384
0.0454017
0.047976
0.0488083
0.0482872
0.0469184
0.0450775
0.0430058
0.0408622
0.0387755
0.0368787
0.0353356
0.0343626
0.0342518
0.0353928
0.0382953
0.043605
0.0521031
0.0646717
0.082192
0.105349
0.134355
0.168702
0.207098
0.247648
0.288197
0.326682
0.361378
0.391024
0.414846
0.432512
0.444062
0.449826
0.450357
0.446355
0.438614
0.427971
0.415253
0.401243
0.386635
0.372009
0.357815
0.34437
0.331866
0.320397
0.30998
0.30058
0.292132
0.28456
0.27778
0.271719
0.266305
0.26148
0.25719
0.253394
0.250058
0.247166
0.244704
0.242657
0.241016
0.239775
0.238928
0.0195495
0.0237342
0.0302088
0.0381926
0.0465554
0.054376
0.0612316
0.0669983
0.0716829
0.0753553
0.0781111
0.0800528
0.0812793
0.0818829
0.0819472
0.0815496
0.0807611
0.0796501
0.0782851
0.0767442
0.0751439
0.0734623
0.07161
0.0695321
0.0672733
0.0648779
0.0623882
0.0598452
0.0572864
0.0547455
0.05225
0.0498223
0.0474827
0.0452635
0.0432428
0.0416105
0.0407787
0.0414945
0.0443024
0.0480198
0.0501399
0.0498236
0.0478924
0.0454564
0.0430711
0.0407879
0.0386157
0.0366022
0.0348289
0.0334225
0.0325654
0.0325431
0.0337125
0.0365606
0.041722
0.0499846
0.0622606
0.0794727
0.10232
0.130958
0.164755
0.202305
0.241689
0.280846
0.317887
0.351276
0.379923
0.403185
0.420801
0.432812
0.439503
0.441344
0.438932
0.432939
0.424081
0.413069
0.400587
0.387258
0.373618
0.360105
0.34705
0.334682
0.32314
0.31249
0.302744
0.293877
0.285843
0.278583
0.272038
0.266149
0.260866
0.256142
0.251941
0.248233
0.244999
0.242223
0.239898
0.23802
0.23659
0.235608
0.0512499
0.0704518
0.0857056
0.0977256
0.10695
0.113776
0.118613
0.121816
0.123677
0.124434
0.124278
0.123369
0.121837
0.119792
0.117322
0.114509
0.111427
0.108158
0.104799
0.101302
0.0975755
0.0936635
0.0896378
0.0855599
0.0814844
0.0774609
0.0735314
0.0697334
0.0660983
0.0626548
0.0594282
0.056443
0.0537237
0.0513045
0.0492681
0.0478162
0.0473766
0.0480093
0.0491178
0.0496928
0.0489636
0.046989
0.0444029
0.0418324
0.0395222
0.0374381
0.0355482
0.0338774
0.0324977
0.0315341
0.0311756
0.0317039
0.0334878
0.0370266
0.04297
0.0521191
0.0653778
0.0836021
0.107333
0.136486
0.170202
0.206961
0.244913
0.282222
0.317308
0.348671
0.375192
0.396678
0.413023
0.424307
0.430792
0.43289
0.431121
0.426068
0.418344
0.408562
0.397308
0.385124
0.372485
0.359789
0.347349
0.335398
0.32409
0.313518
0.303723
0.294709
0.286456
0.278927
0.272078
0.265866
0.260247
0.255183
0.250641
0.246596
0.243029
0.239928
0.237288
0.235109
0.233397
0.232161
0.141101
0.159572
0.170005
0.175917
0.178877
0.1797
0.178907
0.176894
0.17396
0.170333
0.166186
0.161649
0.15681
0.151731
0.146466
0.141082
0.135656
0.130233
0.124733
0.119208
0.113707
0.108272
0.102941
0.0977454
0.0927047
0.0878311
0.0831269
0.0785869
0.0741999
0.0699566
0.0658598
0.0619449
0.0582985
0.0550562
0.0523504
0.0502366
0.0486732
0.047461
0.0463102
0.044926
0.0431471
0.041065
0.038932
0.0369644
0.0352293
0.0337081
0.0324053
0.0313736
0.0307132
0.0305805
0.0312008
0.0328876
0.0360541
0.0412393
0.0491137
0.0604496
0.0760261
0.0964417
0.121867
0.151845
0.185288
0.220675
0.256346
0.290744
0.322538
0.350642
0.37439
0.393586
0.408193
0.418252
0.423865
0.425526
0.423753
0.419063
0.411993
0.403067
0.392786
0.38161
0.369946
0.358137
0.346461
0.335133
0.324303
0.314071
0.304493
0.295588
0.287356
0.279777
0.272822
0.266459
0.260654
0.255377
0.2506
0.246301
0.242465
0.23908
0.236145
0.233661
0.231637
0.230088
0.251816
0.251138
0.248058
0.24311
0.236942
0.23002
0.222669
0.215112
0.207484
0.19986
0.192297
0.184837
0.17751
0.170314
0.16319
0.156129
0.149093
0.142097
0.135151
0.128256
0.121413
0.114622
0.107881
0.101195
0.0945825
0.0880764
0.0817309
0.0756205
0.0698345
0.064467
0.0596017
0.0552988
0.0515873
0.0484631
0.0458883
0.0437909
0.0420663
0.0405816
0.0392041
0.0378332
0.0364346
0.0350521
0.0337689
0.0326537
0.031741
0.0310599
0.0306695
0.0306711
0.0312147
0.0325087
0.0348322
0.0385487
0.0441135
0.0520744
0.0630452
0.0776348
0.0963228
0.119292
0.146277
0.176513
0.208838
0.241886
0.2743
0.304879
0.332647
0.356896
0.377234
0.393528
0.405778
0.41407
0.418599
0.419614
0.417496
0.412822
0.406097
0.39778
0.388295
0.378024
0.367303
0.356419
0.345606
0.335048
0.324881
0.315197
0.306056
0.297485
0.289495
0.282077
0.275214
0.268884
0.263063
0.257727
0.252853
0.248424
0.244425
0.240849
0.237693
0.234961
0.232662
0.230816
0.281376
0.27637
0.268035
0.257922
0.24706
0.236025
0.225112
0.214444
0.204035
0.193842
0.183788
0.173931
0.164339
0.155032
0.146017
0.137247
0.128703
0.120392
0.112329
0.104537
0.0970416
0.0898742
0.0830699
0.0766649
0.0706933
0.0651854
0.060164
0.0556442
0.0516302
0.048116
0.0450838
0.0425056
0.0403435
0.0385519
0.0370783
0.0358658
0.034856
0.0339951
0.0332416
0.0325756
0.0320034
0.0315564
0.0312807
0.0312285
0.0314598
0.0320549
0.0331276
0.0348326
0.0373722
0.0410033
0.046042
0.0528641
0.0618945
0.0735787
0.08833
0.106446
0.128008
0.152793
0.180233
0.209459
0.239423
0.269041
0.297315
0.323411
0.346696
0.366751
0.383364
0.39648
0.406141
0.412463
0.415622
0.415792
0.413205
0.408388
0.401861
0.394027
0.38524
0.375812
0.366014
0.356077
0.34619
0.336503
0.32713
0.318151
0.309621
0.301569
0.294009
0.286941
0.280356
0.27424
0.268576
0.263344
0.258529
0.254115
0.250092
0.246451
0.243192
0.240316
0.237834
0.235764
0.220336
0.210879
0.198621
0.185926
0.173606
0.16197
0.151125
0.141086
0.131826
0.123302
0.115461
0.108162
0.101305
0.0948534
0.0887872
0.0830843
0.0777281
0.0727049
0.0680054
0.0636239
0.0595565
0.0558006
0.0523536
0.0492124
0.0463727
0.043829
0.0415736
0.0395974
0.0378891
0.0364356
0.0352223
0.0342331
0.0334514
0.0328605
0.0324445
0.0321901
0.032088
0.0321354
0.0323394
0.0327187
0.0333062
0.0341492
0.0353092
0.0368642
0.0389117
0.0415749
0.0450077
0.0493974
0.0549661
0.0619686
0.0706856
0.0814086
0.0944138
0.109924
0.128058
0.148778
0.171846
0.196806
0.223014
0.2497
0.276056
0.301321
0.324839
0.346095
0.364724
0.380509
0.393362
0.403291
0.410369
0.414709
0.416439
0.415628
0.412462
0.407469
0.401111
0.393728
0.385611
0.377005
0.368126
0.359151
0.350228
0.341475
0.332982
0.324815
0.317019
0.309622
0.302638
0.296071
0.289916
0.284164
0.278805
0.273823
0.269206
0.264943
0.261024
0.257442
0.254196
0.251286
0.24872
0.246516
0.10818
0.102628
0.0967794
0.0913134
0.0862887
0.0816814
0.0774511
0.0735573
0.0699627
0.0666356
0.0635487
0.0606769
0.0579998
0.0555017
0.0531704
0.0509971
0.0489754
0.0471008
0.0453705
0.0437828
0.0423368
0.0410325
0.0398703
0.0388509
0.0379754
0.0372452
0.0366619
0.0362273
0.0359438
0.0358142
0.0358423
0.036033
0.0363929
0.0369306
0.037658
0.0385909
0.0397503
0.0411639
0.0428675
0.0449066
0.0473378
0.0502303
0.0536674
0.0577474
0.0625858
0.0683153
0.0750855
0.0830597
0.0924097
0.103305
0.115902
0.13032
0.146624
0.164794
0.184704
0.206106
0.228629
0.251797
0.275069
0.29788
0.319694
0.34004
0.358539
0.374912
0.388984
0.400669
0.40996
0.416899
0.421563
0.424026
0.424315
0.422404
0.418644
0.413518
0.40736
0.400442
0.392988
0.38519
0.377209
0.369179
0.361211
0.353395
0.345797
0.33847
0.331448
0.324754
0.318401
0.312394
0.306729
0.301403
0.296406
0.291728
0.287361
0.283294
0.279519
0.276031
0.272827
0.269907
0.267276
0.264948
0.08168
0.0792481
0.0767869
0.0744708
0.0723051
0.0702817
0.0683919
0.066628
0.0649835
0.0634531
0.0620326
0.0607192
0.059511
0.0584069
0.0574068
0.0565112
0.0557214
0.0550395
0.0544682
0.0540112
0.053673
0.0534587
0.0533744
0.0534273
0.0536253
0.0539774
0.0544941
0.055187
0.0560693
0.0571558
0.0584635
0.0600117
0.0618222
0.0639203
0.0663344
0.0690977
0.0722477
0.0758276
0.0798867
0.0844808
0.0896728
0.0955326
0.102137
0.109569
0.117915
0.127264
0.137701
0.149305
0.162137
0.176233
0.191595
0.208178
0.22588
0.244538
0.263922
0.283741
0.303661
0.323315
0.342337
0.360378
0.377134
0.392355
0.405858
0.417523
0.427292
0.435157
0.441148
0.445309
0.447666
0.448188
0.446795
0.443724
0.439379
0.434059
0.428008
0.421425
0.414477
0.407302
0.40002
0.392725
0.385498
0.378404
0.371491
0.364796
0.358346
0.352158
0.346242
0.340601
0.335237
0.330145
0.325319
0.320752
0.316438
0.312369
0.30854
0.304944
0.30158
0.298447
0.295549
0.292894
0.142784
0.141168
0.139429
0.137731
0.136096
0.134529
0.133037
0.131624
0.130296
0.129058
0.127917
0.126879
0.12595
0.125139
0.124452
0.123898
0.123485
0.123223
0.123123
0.123193
0.123447
0.123897
0.124557
0.12544
0.126562
0.127941
0.129594
0.131542
0.133805
0.136405
0.139367
0.142718
0.146483
0.150693
0.155378
0.160572
0.166307
0.172619
0.179545
0.18712
0.195381
0.204363
0.214096
0.224608
0.235918
0.248033
0.26095
0.274645
0.289074
0.304167
0.319825
0.33592
0.352294
0.368759
0.385106
0.401113
0.416552
0.431201
0.444858
0.457346
0.468525
0.478292
0.486583
0.493372
0.498661
0.50247
0.504822
0.505715
0.505044
0.502769
0.499131
0.494413
0.488851
0.482646
0.475965
0.468946
0.461706
0.45434
0.44693
0.439543
0.432235
0.425048
0.418018
0.411171
0.404525
0.398093
0.391882
0.385897
0.380137
0.3746
0.369284
0.364184
0.359294
0.354611
0.35013
0.345846
0.34176
0.337869
0.334176
0.33069
0.276453
0.276778
0.277182
0.277619
0.278079
0.278567
0.27909
0.279656
0.280274
0.280952
0.281702
0.282535
0.283463
0.284498
0.285653
0.286943
0.288383
0.289988
0.291776
0.293762
0.295967
0.298408
0.301105
0.304078
0.307349
0.310939
0.314868
0.31916
0.323836
0.328917
0.334424
0.340376
0.346792
0.353689
0.36108
0.368977
0.377387
0.386314
0.395757
0.405708
0.416156
0.427078
0.438445
0.45022
0.462353
0.474785
0.487443
0.500244
0.513089
0.525871
0.538468
0.550754
0.562592
0.573847
0.584383
0.594072
0.602798
0.610457
0.616967
0.622267
0.626315
0.629092
0.6306
0.630851
0.629866
0.627664
0.624252
0.619473
0.6135
0.606574
0.598863
0.590539
0.581757
0.572647
0.563318
0.553864
0.544362
0.534874
0.525456
0.51615
0.506993
0.498012
0.489228
0.480659
0.472316
0.464205
0.456331
0.448696
0.441298
0.434136
0.427207
0.420505
0.414028
0.40777
0.401727
0.395896
0.390275
0.384862
0.379657
0.374668
0.427596
0.430714
0.43459
0.438708
0.442952
0.447299
0.45175
0.45631
0.460988
0.465791
0.47073
0.475814
0.481054
0.48646
0.492045
0.497821
0.5038
0.509995
0.516421
0.52309
0.530016
0.537214
0.544696
0.552476
0.560565
0.568975
0.577714
0.586791
0.59621
0.605973
0.61608
0.626524
0.637295
0.648378
0.65975
0.671385
0.683246
0.695293
0.707474
0.719731
0.732001
0.744208
0.756273
0.768109
0.779623
0.790717
0.801291
0.811241
0.820465
0.828863
0.836336
0.842796
0.848159
0.852354
0.855322
0.857015
0.857403
0.856465
0.854198
0.850607
0.845712
0.839535
0.832104
0.823448
0.813604
0.802605
0.790346
0.777351
0.763832
0.749902
0.735687
0.721305
0.706861
0.692439
0.678112
0.663941
0.649975
0.636254
0.622808
0.609664
0.596838
0.584345
0.572193
0.560387
0.54893
0.537821
0.527056
0.516632
0.506542
0.49678
0.487339
0.478211
0.469389
0.460864
0.452631
0.444681
0.43701
0.429613
0.422486
0.415631
0.526878
0.531992
0.538488
0.545471
0.552723
0.560193
0.567876
0.575777
0.583905
0.59227
0.600882
0.609752
0.61889
0.628308
0.638016
0.648027
0.65835
0.668996
0.679975
0.691297
0.702968
0.714997
0.727387
0.740141
0.75326
0.76674
0.780574
0.794751
0.809255
0.824064
0.839151
0.854479
0.870006
0.885682
0.901446
0.917232
0.932961
0.948547
0.963896
0.978906
0.993465
1.00746
1.02077
1.03327
1.04485
1.05537
1.06473
1.07281
1.07952
1.08476
1.08846
1.09056
1.09101
1.08979
1.08688
1.0823
1.07605
1.06817
1.0587
1.04769
1.03518
1.02121
1.00584
0.989082
0.971016
0.951566
0.931448
0.911055
0.890522
0.869968
0.849506
0.829233
0.809229
0.789559
0.770277
0.751424
0.733033
0.715127
0.697722
0.680828
0.664451
0.64859
0.633244
0.618405
0.604068
0.590221
0.576854
0.563954
0.551509
0.539506
0.52793
0.51677
0.506012
0.495644
0.485653
0.476028
0.46676
0.457838
0.449254
0.441003
0.0269336
0.0269459
0.026954
0.0269602
0.0269662
0.0269736
0.0269833
0.0269961
0.0270126
0.0270334
0.0270587
0.0270888
0.0271238
0.0271638
0.0272088
0.0272588
0.0273138
0.0273736
0.0274382
0.0275074
0.0275812
0.0276593
0.0277416
0.027828
0.0279184
0.0280124
0.02811
0.0282111
0.0283153
0.0284225
0.0285326
0.0286453
0.0287603
0.0288776
0.0289967
0.0291176
0.0292398
0.0293632
0.0294874
0.0296121
0.029737
0.0298616
0.0299857
0.0301088
0.0302304
0.0303502
0.0304675
0.030582
0.0306929
0.0307999
0.0309022
0.0309992
0.0310903
0.0311747
0.0312518
0.0313208
0.0313809
0.0314313
0.0314713
0.0315
0.0315165
0.03152
0.0315096
0.0314844
0.0314435
0.0313861
0.0313112
0.031218
0.0311055
0.0309729
0.0308194
0.030644
0.0304459
0.0302243
0.0299784
0.0297073
0.0294103
0.0290865
0.0287351
0.0283553
0.0279463
0.0275072
0.0270371
0.0265347
0.0259987
0.0254276
0.0248193
0.0241715
0.0234809
0.0227434
0.0219533
0.0211025
0.0201798
0.0191687
0.018044
0.016764
0.0152526
0.013348
0.0106151
0.00563924
0.0323891
0.0320751
0.0317602
0.0314494
0.0311476
0.0308588
0.0305862
0.0303327
0.0301003
0.0298907
0.029705
0.0295438
0.0294075
0.0292961
0.0292093
0.0291466
0.0291072
0.0290903
0.0290951
0.0291205
0.0291655
0.0292291
0.0293103
0.0294081
0.0295214
0.0296496
0.0297916
0.0299467
0.0301142
0.0302935
0.0304839
0.0306847
0.0308954
0.0311155
0.0313447
0.0315826
0.0318289
0.0320833
0.0323456
0.0326155
0.0328926
0.0331768
0.0334678
0.0337653
0.0340689
0.0343782
0.034693
0.0350126
0.0353366
0.0356643
0.0359952
0.0363283
0.036663
0.0369982
0.0373329
0.0376659
0.0379958
0.0383212
0.0386406
0.0389521
0.039254
0.039544
0.0398202
0.04008
0.040321
0.0405406
0.0407359
0.040904
0.041042
0.0411466
0.0412148
0.0412434
0.041229
0.0411685
0.0410588
0.0408972
0.0406807
0.0404069
0.0400733
0.0396777
0.039218
0.0386925
0.0380994
0.0374374
0.0367052
0.0359014
0.0350248
0.0340736
0.0330458
0.0319382
0.0307461
0.0294628
0.0280771
0.0265714
0.0249162
0.0230601
0.0209065
0.018245
0.0145073
0.00801955
0.0335382
0.0330262
0.0325369
0.0320778
0.0316549
0.0312719
0.030931
0.0306333
0.0303785
0.0301657
0.0299933
0.0298593
0.0297614
0.0296971
0.029664
0.0296595
0.0296811
0.0297267
0.029794
0.0298811
0.0299862
0.0301078
0.0302444
0.0303947
0.0305576
0.0307323
0.0309178
0.0311134
0.0313185
0.0315325
0.031755
0.0319856
0.0322238
0.0324693
0.0327217
0.0329809
0.0332463
0.0335178
0.0337949
0.0340772
0.0343645
0.0346561
0.0349516
0.0352504
0.0355519
0.0358553
0.0361598
0.0364645
0.0367685
0.0370705
0.0373695
0.037664
0.0379525
0.0382335
0.0385053
0.0387659
0.0390135
0.0392458
0.0394608
0.0396559
0.0398289
0.0399771
0.040098
0.0401888
0.040247
0.0402697
0.0402543
0.0401981
0.0400985
0.0399531
0.0397595
0.0395155
0.0392191
0.0388687
0.0384626
0.0379994
0.0374781
0.036898
0.0362587
0.0355604
0.0348036
0.033989
0.033118
0.0321919
0.031212
0.0301792
0.0290946
0.0279588
0.0267716
0.0255322
0.0242388
0.0228872
0.0214709
0.0199785
0.0183916
0.016678
0.0147762
0.0125508
0.0096256
0.00467291
0.0328454
0.0324461
0.032092
0.0317882
0.0315361
0.0313344
0.0311803
0.0310697
0.0309986
0.0309624
0.0309571
0.0309785
0.0310233
0.0310882
0.0311705
0.0312678
0.031378
0.0314996
0.031631
0.031771
0.0319186
0.032073
0.0322334
0.0323991
0.0325698
0.0327448
0.0329238
0.0331064
0.0332923
0.0334809
0.0336721
0.0338653
0.0340603
0.0342565
0.0344536
0.0346511
0.0348483
0.0350447
0.0352398
0.0354327
0.0356227
0.0358091
0.0359908
0.036167
0.0363366
0.0364984
0.0366514
0.0367941
0.0369253
0.0370436
0.0371474
0.0372353
0.0373055
0.0373565
0.0373865
0.0373939
0.0373768
0.0373335
0.0372623
0.0371616
0.0370296
0.0368647
0.0366656
0.0364308
0.0361591
0.0358495
0.035501
0.0351129
0.0346847
0.0342163
0.0337075
0.0331586
0.0325702
0.031943
0.0312779
0.0305763
0.0298396
0.0290696
0.0282682
0.0274374
0.0265795
0.0256965
0.0247903
0.0238629
0.0229165
0.0219528
0.0209734
0.0199794
0.0189714
0.0179489
0.0169104
0.0158528
0.0147712
0.0136574
0.012498
0.0112696
0.00992982
0.00839074
0.00643051
0.00354697
0.0326616
0.0323796
0.0321521
0.0319782
0.0318542
0.0317749
0.0317342
0.0317263
0.031746
0.0317886
0.0318498
0.0319264
0.0320155
0.0321146
0.0322219
0.0323358
0.0324549
0.0325783
0.0327049
0.032834
0.032965
0.0330972
0.0332302
0.0333634
0.0334963
0.0336286
0.0337597
0.0338891
0.0340164
0.034141
0.0342626
0.0343804
0.0344941
0.0346029
0.0347063
0.0348036
0.0348941
0.0349773
0.0350523
0.0351185
0.035175
0.0352212
0.0352561
0.0352791
0.0352894
0.035286
0.0352682
0.0352352
0.0351862
0.0351203
0.0350369
0.0349353
0.0348146
0.0346742
0.0345135
0.034332
0.0341291
0.0339043
0.0336573
0.0333877
0.0330952
0.0327798
0.0324413
0.0320798
0.0316952
0.0312878
0.0308578
0.0304055
0.0299315
0.029436
0.0289198
0.0283835
0.0278277
0.0272532
0.0266608
0.0260513
0.0254255
0.0247843
0.0241285
0.0234589
0.0227763
0.0220813
0.0213746
0.0206567
0.0199278
0.0191881
0.0184375
0.0176755
0.0169012
0.0161128
0.0153081
0.0144833
0.0136328
0.012748
0.0118155
0.010813
0.00969966
0.00839181
0.00668285
0.0040127
0.0330209
0.0327895
0.0326125
0.0324856
0.0324037
0.0323602
0.0323491
0.0323646
0.0324017
0.0324561
0.0325242
0.0326031
0.0326905
0.0327843
0.032883
0.0329853
0.03309
0.0331964
0.0333036
0.033411
0.033518
0.033624
0.0337286
0.0338312
0.0339315
0.0340289
0.0341229
0.0342133
0.0342993
0.0343807
0.0344569
0.0345275
0.0345918
0.0346495
0.0347
0.0347427
0.0347772
0.0348029
0.0348193
0.0348257
0.0348217
0.0348067
0.0347801
0.0347415
0.0346903
0.034626
0.0345481
0.0344562
0.0343497
0.0342283
0.0340916
0.0339391
0.0337707
0.0335859
0.0333846
0.0331665
0.0329315
0.0326794
0.0324102
0.0321238
0.0318204
0.0314999
0.0311625
0.0308084
0.0304379
0.0300511
0.0296484
0.0292301
0.0287967
0.0283486
0.0278861
0.0274098
0.0269201
0.0264175
0.0259024
0.0253754
0.0248368
0.024287
0.0237262
0.0231549
0.022573
0.0219807
0.0213779
0.0207641
0.020139
0.0195017
0.018851
0.0181855
0.017503
0.0168004
0.016074
0.0153183
0.0145258
0.0136856
0.0127817
0.0117884
0.0106606
0.0093085
0.00752049
0.00473548
0.0337581
0.033525
0.0333446
0.0332119
0.0331214
0.033067
0.0330427
0.0330432
0.0330636
0.0330999
0.0331489
0.0332076
0.0332738
0.0333457
0.0334216
0.0335004
0.033581
0.0336624
0.033744
0.033825
0.0339048
0.033983
0.034059
0.0341324
0.0342027
0.0342695
0.0343323
0.0343908
0.0344446
0.0344932
0.0345362
0.0345733
0.034604
0.0346279
0.0346446
0.0346538
0.034655
0.0346479
0.034632
0.0346071
0.0345727
0.0345284
0.034474
0.0344092
0.0343335
0.0342468
0.0341487
0.034039
0.0339175
0.0337839
0.0336381
0.03348
0.0333094
0.0331262
0.0329304
0.0327218
0.0325006
0.0322666
0.03202
0.0317608
0.031489
0.0312049
0.0309085
0.0305999
0.0302795
0.0299472
0.0296033
0.0292479
0.0288813
0.0285036
0.0281149
0.0277154
0.0273052
0.0268844
0.0264529
0.0260107
0.0255578
0.0250939
0.0246188
0.024132
0.0236332
0.0231216
0.0225965
0.0220567
0.0215009
0.0209277
0.0203349
0.0197201
0.0190802
0.0184112
0.0177081
0.0169641
0.0161701
0.0153135
0.0143756
0.0133274
0.0121187
0.0106509
0.00869768
0.0056734
0.0349111
0.03465
0.0344409
0.0342783
0.0341571
0.0340717
0.0340165
0.0339863
0.0339765
0.0339833
0.0340034
0.0340339
0.0340727
0.0341178
0.0341676
0.0342208
0.0342764
0.0343333
0.0343908
0.0344482
0.0345049
0.0345603
0.0346139
0.0346653
0.034714
0.0347597
0.0348019
0.0348403
0.0348745
0.0349041
0.0349289
0.0349485
0.0349625
0.0349707
0.0349727
0.0349682
0.0349569
0.0349386
0.034913
0.0348798
0.0348387
0.0347896
0.0347321
0.0346661
0.0345914
0.0345077
0.0344149
0.0343129
0.0342015
0.0340807
0.0339502
0.0338099
0.03366
0.0335002
0.0333305
0.0331509
0.0329614
0.0327619
0.0325526
0.0323333
0.032104
0.0318649
0.0316159
0.0313571
0.0310884
0.0308098
0.0305213
0.0302228
0.0299144
0.0295959
0.0292671
0.0289279
0.0285781
0.0282175
0.0278456
0.0274621
0.0270665
0.0266582
0.0262366
0.0258007
0.0253498
0.0248827
0.024398
0.0238942
0.0233696
0.0228219
0.0222485
0.0216464
0.0210116
0.0203394
0.0196237
0.0188565
0.0180272
0.0171212
0.0161171
0.0149817
0.0136583
0.0120377
0.00987472
0.00661972
0.0365661
0.0362662
0.0360182
0.0358164
0.0356562
0.0355323
0.0354394
0.0353727
0.0353277
0.0353006
0.0352883
0.0352879
0.0352971
0.035314
0.035337
0.0353646
0.0353957
0.0354294
0.0354647
0.0355009
0.0355374
0.0355736
0.0356091
0.0356432
0.0356757
0.0357061
0.0357339
0.035759
0.0357809
0.0357994
0.035814
0.0358246
0.0358308
0.0358324
0.035829
0.0358205
0.0358067
0.0357871
0.0357618
0.0357303
0.0356926
0.0356484
0.0355975
0.0355398
0.0354751
0.0354033
0.0353242
0.0352376
0.0351435
0.0350418
0.0349323
0.0348149
0.0346896
0.0345562
0.0344147
0.034265
0.034107
0.0339407
0.033766
0.0335827
0.0333909
0.0331903
0.0329809
0.0327626
0.0325352
0.0322986
0.0320525
0.0317968
0.0315311
0.0312553
0.0309689
0.0306715
0.0303628
0.0300422
0.0297092
0.029363
0.029003
0.0286283
0.0282379
0.0278307
0.0274056
0.0269609
0.0264952
0.0260064
0.0254924
0.0249504
0.0243776
0.02377
0.0231232
0.0224317
0.0216882
0.0208839
0.0200064
0.019039
0.0179575
0.0167245
0.0152768
0.0134934
0.0111087
0.00759651
0.0387282
0.0383871
0.0380982
0.0378559
0.0376557
0.0374925
0.0373613
0.0372574
0.0371767
0.0371154
0.0370703
0.0370387
0.0370183
0.037007
0.0370032
0.0370054
0.0370125
0.0370234
0.0370372
0.0370532
0.0370706
0.0370889
0.0371075
0.0371259
0.0371438
0.0371606
0.037176
0.0371898
0.0372014
0.0372107
0.0372174
0.0372211
0.0372216
0.0372187
0.037212
0.0372014
0.0371867
0.0371676
0.037144
0.0371156
0.0370822
0.0370436
0.0369998
0.0369505
0.0368955
0.0368348
0.0367681
0.0366954
0.0366164
0.036531
0.0364392
0.0363408
0.0362356
0.0361236
0.0360046
0.0358784
0.0357449
0.035604
0.0354556
0.0352994
0.0351353
0.034963
0.0347825
0.0345933
0.0343953
0.0341883
0.0339717
0.0337454
0.0335089
0.0332618
0.0330036
0.0327337
0.0324515
0.0321565
0.0318477
0.0315243
0.0311855
0.0308301
0.030457
0.0300648
0.029652
0.0292169
0.0287575
0.0282717
0.0277566
0.0272094
0.0266264
0.0260034
0.0253351
0.0246151
0.0238353
0.0229854
0.0220514
0.0210145
0.019847
0.0185069
0.0169233
0.0149619
0.0123326
0.00855631
0.0413655
0.0409839
0.0406555
0.0403745
0.0401363
0.039936
0.0397687
0.0396299
0.0395154
0.0394217
0.0393455
0.0392842
0.0392354
0.0391971
0.0391676
0.0391454
0.0391292
0.0391181
0.039111
0.0391072
0.0391059
0.0391066
0.0391086
0.0391114
0.0391147
0.0391179
0.0391208
0.0391229
0.0391239
0.0391236
0.0391216
0.0391177
0.0391116
0.039103
0.0390918
0.0390777
0.0390604
0.0390399
0.0390158
0.038988
0.0389563
0.0389205
0.0388805
0.0388361
0.038787
0.0387332
0.0386745
0.0386108
0.0385417
0.0384673
0.0383874
0.0383017
0.0382101
0.0381125
0.0380086
0.0378984
0.0377815
0.0376578
0.0375271
0.0373892
0.0372437
0.0370904
0.036929
0.0367593
0.0365808
0.0363931
0.0361959
0.0359887
0.035771
0.0355422
0.0353018
0.035049
0.0347831
0.0345033
0.0342087
0.0338982
0.0335709
0.0332254
0.0328602
0.032474
0.0320649
0.031631
0.0311699
0.0306792
0.0301557
0.0295962
0.0289964
0.0283514
0.0276555
0.0269012
0.0260796
0.0251788
0.0241833
0.0230717
0.0218131
0.0203603
0.0186343
0.0164863
0.0135983
0.00952076
0.0444149
0.0439951
0.0436301
0.0433136
0.0430409
0.042807
0.0426072
0.0424369
0.042292
0.042169
0.0420646
0.0419762
0.0419014
0.0418382
0.0417847
0.0417397
0.0417017
0.0416696
0.0416425
0.0416196
0.0416001
0.0415833
0.0415688
0.0415559
0.0415443
0.0415334
0.0415229
0.0415125
0.0415018
0.0414905
0.0414783
0.041465
0.0414503
0.041434
0.0414158
0.0413955
0.0413729
0.0413478
0.0413201
0.0412894
0.0412556
0.0412186
0.0411782
0.0411341
0.0410862
0.0410344
0.0409785
0.0409182
0.0408534
0.0407839
0.0407096
0.0406303
0.0405457
0.0404556
0.0403599
0.0402583
0.0401506
0.0400365
0.0399158
0.0397882
0.0396533
0.0395109
0.0393605
0.0392018
0.0390344
0.0388578
0.0386715
0.038475
0.0382677
0.0380489
0.037818
0.037574
0.0373163
0.0370438
0.0367555
0.0364503
0.0361269
0.0357838
0.0354195
0.0350323
0.0346201
0.0341807
0.0337116
0.0332099
0.0326722
0.0320945
0.0314724
0.0308003
0.0300716
0.0292782
0.0284098
0.0274533
0.0263913
0.0251999
0.0238446
0.0222727
0.0203962
0.01805
0.0148842
0.0104772
0.0478156
0.0473602
0.0469617
0.0466131
0.0463095
0.0460459
0.0458174
0.0456193
0.0454477
0.0452988
0.0451695
0.045057
0.044959
0.0448733
0.0447983
0.0447324
0.0446743
0.0446228
0.044577
0.0445359
0.0444989
0.0444653
0.0444345
0.044406
0.0443792
0.0443538
0.0443293
0.0443055
0.0442819
0.0442584
0.0442345
0.04421
0.0441848
0.0441585
0.0441309
0.0441018
0.044071
0.0440383
0.0440035
0.0439664
0.0439269
0.0438846
0.0438396
0.0437915
0.0437403
0.0436857
0.0436275
0.0435655
0.0434997
0.0434297
0.0433553
0.0432765
0.0431928
0.0431042
0.0430104
0.0429111
0.0428061
0.042695
0.0425776
0.0424536
0.0423225
0.0421841
0.0420379
0.0418835
0.0417203
0.0415479
0.0413658
0.0411732
0.0409696
0.0407542
0.0405262
0.0402847
0.0400288
0.0397574
0.0394694
0.0391634
0.0388382
0.0384919
0.038123
0.0377295
0.0373091
0.0368593
0.0363774
0.03586
0.0353035
0.0347035
0.0340549
0.0333515
0.0325861
0.0317496
0.0308307
0.0298147
0.0286824
0.0274072
0.0259509
0.0242551
0.0222223
0.01967
0.016212
0.0114361
0.0515098
0.0510216
0.0505927
0.0502154
0.0498846
0.0495948
0.0493412
0.049119
0.0489241
0.0487527
0.0486017
0.0484682
0.0483498
0.0482444
0.0481501
0.0480655
0.0479892
0.04792
0.0478569
0.047799
0.0477455
0.0476958
0.0476493
0.0476054
0.0475636
0.0475235
0.0474848
0.047447
0.0474098
0.047373
0.0473363
0.0472993
0.0472619
0.0472239
0.0471849
0.0471448
0.0471035
0.0470606
0.047016
0.0469696
0.0469212
0.0468705
0.0468174
0.0467617
0.0467033
0.0466419
0.0465774
0.0465095
0.0464382
0.0463631
0.0462841
0.046201
0.0461135
0.0460214
0.0459244
0.0458223
0.0457148
0.0456015
0.0454821
0.0453564
0.0452238
0.045084
0.0449365
0.0447809
0.0446166
0.0444431
0.0442597
0.0440657
0.0438605
0.0436432
0.043413
0.0431688
0.0429097
0.0426344
0.0423417
0.0420301
0.0416982
0.0413441
0.0409659
0.0405615
0.0401283
0.0396638
0.0391646
0.0386273
0.0380478
0.0374212
0.0367418
0.0360031
0.0351968
0.034313
0.0333392
0.0322594
0.0310522
0.0296885
0.0281261
0.0263008
0.024105
0.0213375
0.0175731
0.0123958
0.0554531
0.0549351
0.0544789
0.0540761
0.0537211
0.0534084
0.053133
0.0528898
0.0526748
0.052484
0.0523143
0.0521625
0.0520264
0.0519037
0.0517926
0.0516914
0.0515989
0.0515137
0.0514348
0.0513614
0.0512926
0.0512278
0.0511664
0.0511077
0.0510513
0.0509968
0.0509438
0.0508919
0.0508408
0.0507902
0.0507399
0.0506895
0.0506389
0.0505879
0.0505361
0.0504835
0.0504297
0.0503748
0.0503184
0.0502603
0.0502005
0.0501388
0.0500749
0.0500087
0.04994
0.0498687
0.0497945
0.0497173
0.0496369
0.049553
0.0494656
0.0493743
0.0492788
0.0491791
0.0490747
0.0489654
0.048851
0.048731
0.0486051
0.0484729
0.0483341
0.0481882
0.0480348
0.0478732
0.0477029
0.0475233
0.0473338
0.0471336
0.0469219
0.0466979
0.0464606
0.0462089
0.0459417
0.0456577
0.0453556
0.0450337
0.0446905
0.0443239
0.043932
0.0435122
0.043062
0.0425783
0.0420578
0.0414965
0.0408899
0.0402327
0.0395188
0.0387408
0.0378899
0.036955
0.0359226
0.0347749
0.0334887
0.0320319
0.0303584
0.0283974
0.0260309
0.0230377
0.0189506
0.0133628
0.0599471
0.0593935
0.0589054
0.0584734
0.0580916
0.0577539
0.057455
0.0571896
0.0569535
0.0567425
0.0565532
0.0563826
0.0562282
0.0560876
0.0559589
0.0558405
0.0557309
0.0556289
0.0555334
0.0554435
0.0553583
0.0552771
0.0551993
0.0551243
0.0550517
0.054981
0.0549118
0.0548437
0.0547765
0.0547098
0.0546434
0.0545771
0.0545105
0.0544435
0.0543759
0.0543075
0.054238
0.0541675
0.0540955
0.0540221
0.053947
0.0538701
0.0537912
0.0537101
0.0536268
0.0535409
0.0534523
0.0533609
0.0532664
0.0531687
0.0530675
0.0529626
0.0528538
0.0527408
0.0526233
0.0525011
0.0523738
0.0522412
0.0521028
0.0519582
0.051807
0.0516487
0.0514829
0.051309
0.0511264
0.0509344
0.0507323
0.0505193
0.0502947
0.0500574
0.0498065
0.0495407
0.049259
0.0489599
0.0486419
0.0483033
0.0479424
0.047557
0.0471449
0.0467036
0.04623
0.045721
0.0451728
0.0445812
0.0439413
0.0432473
0.0424925
0.0416688
0.0407665
0.0397738
0.0386754
0.0374523
0.0360789
0.0345201
0.0327253
0.0306171
0.028066
0.0248293
0.0203952
0.0143316
0.0655613
0.0649731
0.0644539
0.0639936
0.0635856
0.0632237
0.062902
0.0626152
0.0623586
0.0621281
0.0619201
0.0617313
0.0615591
0.0614011
0.0612554
0.0611201
0.0609937
0.060875
0.0607629
0.0606563
0.0605543
0.0604564
0.0603617
0.0602698
0.0601801
0.0600922
0.0600057
0.0599201
0.0598353
0.0597509
0.0596667
0.0595824
0.0594977
0.0594126
0.0593267
0.05924
0.0591522
0.0590632
0.0589728
0.0588809
0.0587873
0.0586919
0.0585945
0.058495
0.0583932
0.058289
0.0581822
0.0580726
0.0579601
0.0578444
0.0577253
0.0576027
0.0574763
0.0573458
0.057211
0.0570716
0.0569273
0.0567777
0.0566225
0.0564612
0.0562934
0.0561187
0.0559365
0.0557462
0.0555473
0.055339
0.0551205
0.0548911
0.0546499
0.0543958
0.0541277
0.0538445
0.0535449
0.0532272
0.0528901
0.0525315
0.0521496
0.051742
0.0513063
0.0508396
0.0503388
0.0498003
0.04922
0.0485932
0.0479143
0.0471771
0.0463741
0.0454963
0.0445329
0.0434706
0.0422927
0.0409778
0.0394973
0.0378122
0.0358659
0.0335719
0.0307852
0.0272332
0.0223361
0.0155849
0.0714857
0.0708661
0.0703188
0.0698328
0.0694012
0.0690173
0.068675
0.0683688
0.0680937
0.0678456
0.0676205
0.0674152
0.0672269
0.0670531
0.0668917
0.0667408
0.0665989
0.0664647
0.066337
0.0662147
0.0660969
0.0659829
0.065872
0.0657636
0.0656572
0.0655523
0.0654486
0.0653456
0.065243
0.0651406
0.065038
0.0649351
0.0648317
0.0647274
0.0646223
0.064516
0.0644084
0.0642994
0.0641889
0.0640766
0.0639626
0.0638465
0.0637284
0.063608
0.0634852
0.0633599
0.0632319
0.0631011
0.0629673
0.0628303
0.06269
0.0625461
0.0623984
0.0622467
0.0620907
0.0619301
0.0617647
0.061594
0.0614177
0.0612355
0.0610468
0.0608512
0.0606481
0.060437
0.0602171
0.0599879
0.0597484
0.0594979
0.0592354
0.0589598
0.0586699
0.0583646
0.0580423
0.0577014
0.0573403
0.056957
0.0565493
0.0561148
0.0556508
0.0551541
0.0546214
0.0540486
0.0534314
0.0527645
0.0520419
0.0512567
0.0504006
0.0494637
0.0484342
0.0472973
0.0460346
0.0446223
0.0430289
0.0412112
0.0391063
0.0366182
0.0335853
0.029703
0.0243181
0.0168418
0.0776561
0.0770083
0.0764355
0.0759261
0.0754729
0.0750689
0.0747078
0.0743839
0.0740921
0.073828
0.0735875
0.0733673
0.0731644
0.0729762
0.0728007
0.0726357
0.0724798
0.0723315
0.0721895
0.0720528
0.0719205
0.0717916
0.0716656
0.0715418
0.0714197
0.0712987
0.0711785
0.0710587
0.0709389
0.0708189
0.0706984
0.0705772
0.070455
0.0703317
0.0702071
0.070081
0.0699533
0.0698238
0.0696924
0.069559
0.0694235
0.0692857
0.0691456
0.0690029
0.0688576
0.0687096
0.0685587
0.0684047
0.0682476
0.0680872
0.0679233
0.0677557
0.0675841
0.0674085
0.0672285
0.0670438
0.0668543
0.0666594
0.0664589
0.0662524
0.0660393
0.0658193
0.0655918
0.0653562
0.0651118
0.0648578
0.0645936
0.0643181
0.0640304
0.0637293
0.0634137
0.0630822
0.0627333
0.0623653
0.0619764
0.0615644
0.0611271
0.0606618
0.0601656
0.0596353
0.059067
0.0584565
0.0577989
0.0570887
0.0563192
0.055483
0.054571
0.0535724
0.0524743
0.0512605
0.0499108
0.0483992
0.0466911
0.0447388
0.0424735
0.039789
0.036507
0.0322893
0.026403
0.018127
0.0840364
0.0833635
0.0827678
0.0822374
0.0817647
0.0813425
0.0809644
0.0806245
0.0803175
0.0800388
0.0797844
0.0795507
0.0793348
0.0791338
0.0789456
0.0787682
0.0785997
0.0784388
0.0782841
0.0781345
0.077989
0.0778468
0.0777071
0.0775692
0.0774326
0.0772968
0.0771613
0.0770258
0.0768899
0.0767533
0.0766157
0.0764769
0.0763367
0.0761949
0.0760512
0.0759057
0.075758
0.0756081
0.0754559
0.0753012
0.0751439
0.0749839
0.0748212
0.0746556
0.0744869
0.0743152
0.0741402
0.0739619
0.07378
0.0735946
0.0734054
0.0732122
0.0730148
0.0728132
0.0726069
0.0723957
0.0721795
0.0719578
0.0717302
0.0714965
0.0712561
0.0710086
0.0707534
0.0704899
0.0702175
0.0699353
0.0696427
0.0693385
0.0690218
0.0686916
0.0683464
0.0679848
0.0676054
0.0672063
0.0667856
0.066341
0.0658701
0.0653702
0.0648381
0.0642702
0.0636626
0.0630107
0.0623093
0.0615522
0.0607326
0.0598421
0.058871
0.0578076
0.0566379
0.0553442
0.0539046
0.0522908
0.0504648
0.0483747
0.0459449
0.043059
0.0395207
0.0349564
0.0285478
0.0194218
0.0906015
0.0899066
0.0892908
0.0887416
0.0882513
0.0878126
0.087419
0.0870644
0.0867436
0.0864518
0.0861848
0.0859391
0.0857115
0.0854992
0.0852998
0.0851113
0.0849318
0.0847598
0.084594
0.0844331
0.084276
0.084122
0.0839701
0.0838198
0.0836703
0.0835211
0.0833719
0.0832221
0.0830714
0.0829195
0.082766
0.0826108
0.0824537
0.0822943
0.0821326
0.0819683
0.0818014
0.0816317
0.081459
0.0812834
0.0811046
0.0809226
0.0807372
0.0805484
0.0803561
0.0801602
0.0799606
0.0797571
0.0795497
0.0793382
0.0791225
0.0789024
0.0786778
0.0784484
0.0782141
0.0779746
0.0777296
0.0774788
0.0772219
0.0769585
0.0766882
0.0764104
0.0761247
0.0758304
0.0755268
0.0752133
0.0748889
0.0745527
0.0742037
0.0738407
0.0734623
0.0730671
0.0726535
0.0722196
0.0717634
0.0712825
0.0707744
0.0702361
0.0696644
0.0690554
0.068405
0.0677083
0.0669596
0.0661524
0.0652794
0.0643316
0.0632986
0.0621677
0.0609237
0.0595477
0.058016
0.0562975
0.0543516
0.0521213
0.0495247
0.0464347
0.0426364
0.0377192
0.0307737
0.020736
0.0973266
0.0966132
0.0959799
0.095414
0.094908
0.0944545
0.0940468
0.093679
0.0933456
0.0930419
0.0927637
0.0925072
0.0922692
0.0920468
0.0918377
0.0916396
0.0914506
0.0912692
0.0910938
0.0909232
0.0907563
0.0905921
0.0904299
0.0902687
0.0901081
0.0899474
0.089786
0.0896237
0.0894599
0.0892942
0.0891265
0.0889565
0.0887838
0.0886083
0.0884297
0.088248
0.088063
0.0878745
0.0876824
0.0874865
0.0872869
0.0870834
0.0868759
0.0866643
0.0864486
0.0862285
0.0860042
0.0857753
0.0855419
0.0853039
0.085061
0.0848132
0.0845603
0.0843021
0.0840385
0.0837691
0.0834937
0.0832121
0.082924
0.0826288
0.0823263
0.0820159
0.0816972
0.0813695
0.0810321
0.0806842
0.0803252
0.0799539
0.0795693
0.0791702
0.0787552
0.0783229
0.0778716
0.0773993
0.076904
0.0763831
0.0758341
0.0752538
0.0746387
0.073985
0.0732881
0.0725428
0.0717433
0.0708826
0.0699528
0.0689443
0.0678461
0.0666446
0.0653234
0.0638622
0.0622354
0.0604098
0.0583411
0.0559681
0.0532017
0.0499039
0.0458409
0.0405632
0.0330649
0.0220633
0.104188
0.103459
0.102811
0.102231
0.101711
0.101244
0.100824
0.100444
0.100099
0.0997845
0.0994962
0.0992301
0.098983
0.0987519
0.0985344
0.0983281
0.0981312
0.0979419
0.0977586
0.0975801
0.0974051
0.0972327
0.0970619
0.0968919
0.0967221
0.0965517
0.0963803
0.0962073
0.0960323
0.095855
0.0956749
0.0954918
0.0953055
0.0951156
0.094922
0.0947245
0.0945229
0.0943171
0.0941069
0.0938923
0.0936731
0.0934492
0.0932205
0.0929869
0.0927484
0.0925049
0.0922562
0.0920024
0.0917432
0.0914785
0.0912084
0.0909326
0.0906509
0.0903633
0.0900695
0.0897694
0.0894626
0.0891489
0.088828
0.0884995
0.0881631
0.0878182
0.0874643
0.0871009
0.0867273
0.0863427
0.0859462
0.085537
0.0851139
0.0846757
0.084221
0.0837483
0.0832559
0.0827418
0.0822038
0.0816394
0.0810458
0.0804197
0.0797576
0.0790554
0.0783082
0.0775108
0.0766567
0.0757388
0.0747486
0.073676
0.0725092
0.0712338
0.0698323
0.0682829
0.0665583
0.0646228
0.062429
0.0599107
0.0569722
0.0534642
0.0491331
0.0434896
0.0354259
0.0234059
0.11116
0.110419
0.109759
0.109166
0.108634
0.108155
0.107724
0.107333
0.106978
0.106654
0.106357
0.106082
0.105827
0.105589
0.105364
0.105151
0.104948
0.104752
0.104563
0.104378
0.104197
0.104019
0.103841
0.103665
0.103488
0.10331
0.103131
0.102949
0.102766
0.102579
0.102389
0.102195
0.101997
0.101795
0.101588
0.101377
0.101161
0.10094
0.100714
0.100482
0.100245
0.100002
0.0997539
0.0994998
0.0992398
0.0989739
0.098702
0.0984239
0.0981397
0.0978491
0.097552
0.0972484
0.0969382
0.096621
0.0962969
0.0959655
0.0956267
0.0952801
0.0949256
0.0945626
0.0941909
0.09381
0.0934194
0.0930185
0.0926066
0.092183
0.0917468
0.0912972
0.0908329
0.0903528
0.0898554
0.0893393
0.0888026
0.0882433
0.0876591
0.0870476
0.0864057
0.0857302
0.0850173
0.0842627
0.0834614
0.0826078
0.0816953
0.0807163
0.0796618
0.0785212
0.077282
0.075929
0.0744436
0.0728026
0.070977
0.0689286
0.0666067
0.0639406
0.0608273
0.0571064
0.052504
0.0464895
0.0378484
0.0247605
0.118218
0.117468
0.116797
0.116194
0.115652
0.115163
0.114721
0.114321
0.113957
0.113624
0.113319
0.113037
0.112775
0.112531
0.112301
0.112083
0.111875
0.111675
0.111481
0.111292
0.111107
0.110924
0.110743
0.110562
0.11038
0.110197
0.110013
0.109825
0.109635
0.109442
0.109244
0.109042
0.108835
0.108624
0.108407
0.108185
0.107957
0.107723
0.107483
0.107236
0.106983
0.106724
0.106458
0.106186
0.105906
0.105619
0.105326
0.105025
0.104717
0.104402
0.104079
0.103748
0.10341
0.103064
0.10271
0.102347
0.101976
0.101597
0.101208
0.10081
0.100402
0.0999845
0.0995559
0.099116
0.0986643
0.0982
0.0977221
0.0972298
0.096722
0.0961974
0.0956547
0.0950922
0.0945081
0.0939004
0.0932668
0.0926047
0.0919109
0.0911822
0.0904146
0.0896036
0.0887442
0.0878303
0.0868552
0.0858109
0.0846879
0.0834752
0.0821595
0.0807248
0.0791515
0.0774151
0.0754848
0.0733201
0.070867
0.0680502
0.0647597
0.0608235
0.0559475
0.0495582
0.0403301
0.0261267
0.125333
0.124576
0.123898
0.123287
0.122736
0.122238
0.121788
0.121379
0.121007
0.120667
0.120355
0.120067
0.1198
0.11955
0.119316
0.119094
0.118883
0.118681
0.118485
0.118294
0.118107
0.117922
0.117739
0.117556
0.117372
0.117187
0.117
0.11681
0.116617
0.116419
0.116217
0.11601
0.115798
0.11558
0.115355
0.115125
0.114888
0.114644
0.114393
0.114135
0.113869
0.113596
0.113315
0.113027
0.11273
0.112425
0.112112
0.111791
0.111461
0.111122
0.110775
0.110419
0.110054
0.10968
0.109297
0.108904
0.108502
0.108089
0.107667
0.107234
0.106789
0.106334
0.105867
0.105387
0.104894
0.104388
0.103867
0.10333
0.102776
0.102205
0.101615
0.101003
0.100369
0.0997096
0.0990233
0.098307
0.0975578
0.0967721
0.0959459
0.0950746
0.0941528
0.0931744
0.0921323
0.0910182
0.0898222
0.0885328
0.087136
0.0856151
0.0839494
0.0821132
0.0800739
0.0777888
0.0752007
0.0722298
0.068759
0.0646051
0.0594532
0.0526865
0.0428638
0.0275014
0.132481
0.131722
0.131038
0.130421
0.129862
0.129356
0.128898
0.128481
0.128102
0.127755
0.127437
0.127144
0.126872
0.12662
0.126383
0.126159
0.125946
0.125743
0.125546
0.125356
0.125169
0.124985
0.124803
0.12462
0.124438
0.124253
0.124067
0.123877
0.123683
0.123485
0.123282
0.123073
0.122858
0.122637
0.122409
0.122174
0.121931
0.121681
0.121423
0.121156
0.120881
0.120597
0.120305
0.120003
0.119692
0.119372
0.119042
0.118703
0.118354
0.117995
0.117626
0.117246
0.116857
0.116457
0.116046
0.115624
0.115191
0.114747
0.114291
0.113823
0.113343
0.11285
0.112344
0.111824
0.11129
0.11074
0.110174
0.109592
0.108991
0.108371
0.107731
0.107068
0.106381
0.105667
0.104925
0.104152
0.103344
0.102497
0.101608
0.100673
0.0996843
0.0986369
0.0975232
0.0963345
0.0950607
0.0936895
0.0922066
0.0905943
0.088831
0.0868899
0.0847365
0.0823261
0.0795984
0.0764691
0.0728144
0.0684398
0.06301
0.0558643
0.0454422
0.0288819
0.139631
0.138871
0.138184
0.137562
0.136997
0.136484
0.136019
0.135596
0.13521
0.134858
0.134535
0.134238
0.133963
0.133708
0.13347
0.133246
0.133033
0.132831
0.132637
0.132448
0.132265
0.132084
0.131905
0.131727
0.131548
0.131367
0.131184
0.130998
0.130808
0.130612
0.130412
0.130205
0.129992
0.129772
0.129544
0.129308
0.129064
0.128811
0.128549
0.128278
0.127998
0.127707
0.127407
0.127096
0.126774
0.126442
0.126099
0.125746
0.12538
0.125004
0.124616
0.124216
0.123804
0.12338
0.122944
0.122495
0.122034
0.121559
0.121072
0.12057
0.120055
0.119525
0.11898
0.11842
0.117844
0.117251
0.11664
0.11601
0.115361
0.114691
0.113999
0.113282
0.11254
0.11177
0.110969
0.110135
0.109264
0.108353
0.107398
0.106394
0.105334
0.104214
0.103024
0.101755
0.100398
0.0989402
0.0973656
0.0956563
0.0937898
0.0917378
0.0894646
0.086923
0.0840499
0.0807568
0.0769132
0.0723138
0.0666033
0.0590777
0.0480548
0.0302626
0.146774
0.146014
0.145326
0.144698
0.144127
0.143608
0.143135
0.142704
0.142312
0.141954
0.141626
0.141325
0.141048
0.140791
0.140552
0.140329
0.140119
0.139919
0.139728
0.139545
0.139366
0.139191
0.139018
0.138847
0.138675
0.138501
0.138325
0.138146
0.137963
0.137774
0.13758
0.137379
0.137171
0.136956
0.136732
0.1365
0.136259
0.136008
0.135747
0.135476
0.135194
0.134901
0.134597
0.134281
0.133954
0.133614
0.133262
0.132897
0.13252
0.13213
0.131726
0.131309
0.130878
0.130434
0.129975
0.129502
0.129014
0.128512
0.127994
0.127461
0.126912
0.126346
0.125764
0.125164
0.124546
0.12391
0.123254
0.122577
0.121878
0.121157
0.120411
0.11964
0.11884
0.118011
0.117149
0.116251
0.115315
0.114337
0.113312
0.112235
0.111101
0.109902
0.108631
0.107278
0.105833
0.104282
0.10261
0.100798
0.0988221
0.0966528
0.0942527
0.0915728
0.0885467
0.0850819
0.0810414
0.0762095
0.0702118
0.0623024
0.0506792
0.0316338
0.153872
0.153115
0.152425
0.151792
0.151215
0.150688
0.150207
0.149769
0.14937
0.149007
0.148674
0.14837
0.148091
0.147834
0.147597
0.147376
0.147169
0.146974
0.14679
0.146613
0.146442
0.146275
0.146112
0.14595
0.145788
0.145625
0.14546
0.145292
0.14512
0.144942
0.144758
0.144568
0.144371
0.144165
0.14395
0.143727
0.143493
0.143249
0.142994
0.142727
0.142449
0.142159
0.141856
0.141541
0.141212
0.140869
0.140513
0.140142
0.139757
0.139357
0.138942
0.138512
0.138067
0.137605
0.137128
0.136634
0.136123
0.135595
0.13505
0.134487
0.133907
0.133307
0.132689
0.13205
0.131392
0.130713
0.130011
0.129287
0.128539
0.127766
0.126966
0.126138
0.12528
0.124389
0.123463
0.1225
0.121496
0.120446
0.119347
0.118194
0.11698
0.115699
0.114342
0.1129
0.111361
0.109712
0.107936
0.106015
0.103922
0.101627
0.099092
0.0962645
0.0930755
0.0894277
0.0851778
0.0800994
0.0737993
0.065492
0.0532641
0.0329722
0.165822
0.164973
0.164191
0.163472
0.162811
0.162204
0.161648
0.161139
0.160673
0.160247
0.159857
0.159499
0.159171
0.158868
0.158589
0.15833
0.158089
0.157863
0.15765
0.157448
0.157254
0.157067
0.156885
0.156707
0.15653
0.156354
0.156176
0.155997
0.155814
0.155627
0.155434
0.155234
0.155028
0.154813
0.154589
0.154355
0.154111
0.153855
0.153588
0.153308
0.153016
0.152709
0.152389
0.152054
0.151704
0.151338
0.150956
0.150558
0.150143
0.149711
0.149261
0.148793
0.148307
0.147802
0.147278
0.146734
0.146171
0.145587
0.144983
0.144358
0.143711
0.143042
0.14235
0.141635
0.140896
0.140132
0.139343
0.138527
0.137684
0.136811
0.135908
0.134972
0.134003
0.132997
0.131952
0.130865
0.129733
0.128551
0.127316
0.126021
0.124661
0.123229
0.121715
0.120111
0.118403
0.116579
0.114621
0.112508
0.110214
0.107709
0.10495
0.101883
0.0984361
0.0945064
0.0899427
0.0845057
0.0777793
0.0689312
0.0559274
0.0342588
0.185719
0.184829
0.183999
0.183228
0.182513
0.181852
0.181243
0.180684
0.180173
0.179706
0.179281
0.178895
0.178545
0.178228
0.177941
0.177682
0.177447
0.177235
0.177042
0.176867
0.176706
0.176558
0.176421
0.176291
0.176169
0.176051
0.175936
0.175822
0.175708
0.175592
0.175472
0.175348
0.175218
0.17508
0.174934
0.174778
0.174611
0.174432
0.17424
0.174033
0.173811
0.173574
0.173319
0.173046
0.172754
0.172443
0.172111
0.171758
0.171382
0.170984
0.170562
0.170116
0.169645
0.169149
0.168626
0.168077
0.1675
0.166895
0.166261
0.165598
0.164905
0.164181
0.163426
0.16264
0.16182
0.160967
0.160079
0.159155
0.158195
0.157197
0.15616
0.155081
0.15396
0.152793
0.151578
0.150313
0.148993
0.147615
0.146175
0.144666
0.143082
0.141416
0.139658
0.137799
0.135825
0.133722
0.13147
0.129047
0.126425
0.123568
0.12043
0.116951
0.113047
0.108604
0.103448
0.0973037
0.0896889
0.0796253
0.0646552
0.0385085
0.204336
0.203446
0.202605
0.201815
0.201076
0.20039
0.199755
0.199171
0.198637
0.198153
0.197716
0.197324
0.196975
0.196667
0.196398
0.196165
0.195964
0.195795
0.195654
0.195538
0.195446
0.195374
0.19532
0.195282
0.195257
0.195243
0.195238
0.19524
0.195246
0.195255
0.195265
0.195273
0.195277
0.195277
0.195269
0.195253
0.195225
0.195186
0.195133
0.195064
0.194978
0.194874
0.194749
0.194602
0.194432
0.194238
0.194017
0.19377
0.193493
0.193187
0.19285
0.19248
0.192077
0.191639
0.191165
0.190655
0.190107
0.18952
0.188894
0.188227
0.187518
0.186767
0.185972
0.185133
0.184248
0.183317
0.182339
0.181312
0.180236
0.179108
0.177928
0.176693
0.175402
0.174053
0.172643
0.171169
0.169627
0.168014
0.166325
0.164554
0.162694
0.160738
0.158677
0.156499
0.15419
0.151735
0.149114
0.146302
0.143268
0.139973
0.136368
0.132385
0.127933
0.122882
0.117041
0.110098
0.101508
0.0901486
0.0731452
0.042436
0.220033
0.219199
0.218399
0.217639
0.216922
0.216252
0.215631
0.21506
0.214542
0.214075
0.213661
0.213298
0.212986
0.212722
0.212506
0.212335
0.212207
0.21212
0.212071
0.212058
0.212078
0.212129
0.212207
0.212311
0.212437
0.212582
0.212745
0.212921
0.21311
0.213307
0.21351
0.213717
0.213925
0.214132
0.214334
0.21453
0.214717
0.214892
0.215053
0.215198
0.215324
0.215429
0.215511
0.215567
0.215595
0.215594
0.21556
0.215491
0.215387
0.215244
0.215061
0.214835
0.214566
0.214251
0.213889
0.213477
0.213015
0.2125
0.211932
0.211309
0.210629
0.209891
0.209094
0.208237
0.207318
0.206336
0.205289
0.204177
0.202999
0.201751
0.200434
0.199046
0.197583
0.196045
0.194429
0.192731
0.190949
0.189078
0.187114
0.185051
0.182883
0.180601
0.178197
0.175658
0.172971
0.170119
0.167081
0.163832
0.160338
0.156558
0.152438
0.147907
0.142866
0.137174
0.13062
0.122864
0.1133
0.100671
0.0816825
0.0462202
0.231453
0.230751
0.230067
0.22941
0.228787
0.228204
0.227665
0.227174
0.226735
0.22635
0.226021
0.225749
0.225533
0.225374
0.225271
0.225223
0.225228
0.225284
0.225389
0.225542
0.225739
0.225977
0.226255
0.226568
0.226914
0.22729
0.227693
0.228118
0.228564
0.229027
0.229503
0.22999
0.230483
0.230979
0.231475
0.231968
0.232454
0.23293
0.233393
0.233838
0.234263
0.234665
0.23504
0.235386
0.235697
0.235973
0.236209
0.236403
0.236551
0.236651
0.2367
0.236695
0.236633
0.236512
0.236329
0.236082
0.235768
0.235386
0.234932
0.234406
0.233804
0.233125
0.232368
0.23153
0.23061
0.229606
0.228516
0.22734
0.226075
0.224721
0.223274
0.221734
0.220098
0.218365
0.216532
0.214596
0.212554
0.210402
0.208136
0.20575
0.203238
0.200592
0.197803
0.194859
0.191746
0.188448
0.184942
0.181202
0.177194
0.172874
0.168185
0.163053
0.15737
0.150987
0.143677
0.13507
0.124507
0.110603
0.0896649
0.0495414
0.238045
0.237541
0.237042
0.236559
0.236103
0.235679
0.235295
0.234958
0.234672
0.234441
0.234269
0.234158
0.23411
0.234126
0.234207
0.234351
0.234559
0.234829
0.235159
0.235548
0.235993
0.236491
0.237041
0.237638
0.238279
0.238961
0.239681
0.240434
0.241217
0.242026
0.242856
0.243704
0.244565
0.245435
0.24631
0.247185
0.248056
0.248919
0.249768
0.250601
0.251411
0.252196
0.252949
0.253668
0.254347
0.254983
0.255571
0.256107
0.256586
0.257006
0.257361
0.257648
0.257864
0.258004
0.258065
0.258044
0.257937
0.257741
0.257454
0.257072
0.256593
0.256014
0.255332
0.254546
0.253653
0.252651
0.251539
0.250313
0.248973
0.247517
0.245943
0.244248
0.242432
0.240493
0.238427
0.236233
0.233907
0.231446
0.228847
0.226103
0.22321
0.220159
0.216943
0.213549
0.209964
0.206171
0.202148
0.197869
0.193299
0.188392
0.183091
0.177315
0.170956
0.163853
0.155766
0.146304
0.13476
0.11964
0.0968919
0.0523749
0.240031
0.239726
0.23943
0.239153
0.2389
0.23868
0.238502
0.238371
0.238294
0.238276
0.238321
0.238434
0.238617
0.238872
0.2392
0.239602
0.240077
0.240627
0.241248
0.24194
0.242701
0.243528
0.244418
0.245367
0.246374
0.247433
0.248542
0.249694
0.250887
0.252115
0.253374
0.254659
0.255964
0.257284
0.258614
0.259949
0.261282
0.262609
0.263924
0.26522
0.266493
0.267737
0.268945
0.270113
0.271234
0.272303
0.273314
0.274262
0.275141
0.275947
0.276673
0.277315
0.277867
0.278326
0.278685
0.278941
0.279089
0.279125
0.279045
0.278846
0.278522
0.278072
0.277492
0.276779
0.275931
0.274944
0.273816
0.272546
0.271131
0.269569
0.267859
0.265998
0.263986
0.261819
0.259496
0.257015
0.254373
0.251568
0.248596
0.245454
0.242137
0.238638
0.234949
0.23106
0.226957
0.222624
0.218039
0.213178
0.208003
0.202472
0.196523
0.190076
0.183018
0.175183
0.166323
0.156026
0.143547
0.127295
0.102915
0.0546164
0.238549
0.238346
0.238182
0.238059
0.237982
0.237951
0.237972
0.238051
0.238194
0.238407
0.238693
0.239057
0.239502
0.24003
0.240643
0.241342
0.242128
0.242999
0.243956
0.244997
0.246119
0.247321
0.2486
0.249952
0.251374
0.252861
0.25441
0.256014
0.25767
0.259372
0.261114
0.262891
0.264696
0.266523
0.268366
0.270217
0.272071
0.27392
0.275757
0.277576
0.279368
0.281128
0.282848
0.28452
0.286138
0.287694
0.289181
0.290593
0.291922
0.293162
0.294305
0.295346
0.296278
0.297094
0.297788
0.298355
0.298789
0.299085
0.299236
0.299238
0.299087
0.298779
0.298309
0.297674
0.29687
0.295896
0.294747
0.293421
0.291917
0.290232
0.288365
0.286314
0.284077
0.281654
0.279042
0.276241
0.273249
0.270065
0.266684
0.263106
0.259325
0.255336
0.251132
0.246704
0.242041
0.237127
0.231942
0.226462
0.220653
0.214469
0.207853
0.200722
0.192963
0.184408
0.174802
0.163723
0.150397
0.133168
0.107455
0.0560515
0.235164
0.23494
0.234788
0.234711
0.234711
0.234789
0.234946
0.235184
0.235507
0.235918
0.23642
0.237018
0.237713
0.238507
0.239402
0.240398
0.241497
0.242696
0.243997
0.245396
0.246893
0.248484
0.250167
0.251937
0.253791
0.255725
0.257733
0.259811
0.261952
0.264151
0.266401
0.268696
0.271027
0.273388
0.275769
0.278165
0.280566
0.282965
0.285353
0.287721
0.290062
0.292366
0.294625
0.296829
0.298971
0.301041
0.30303
0.304931
0.306734
0.308431
0.310013
0.311473
0.312802
0.313992
0.315036
0.315927
0.316657
0.31722
0.317608
0.317817
0.317841
0.317673
0.317309
0.316746
0.315977
0.315001
0.313813
0.312411
0.310793
0.308956
0.3069
0.304622
0.302122
0.299399
0.296453
0.293283
0.289889
0.28627
0.282425
0.278353
0.274051
0.269516
0.264742
0.259724
0.254451
0.24891
0.243085
0.236951
0.230478
0.223623
0.21633
0.208518
0.200075
0.190835
0.180542
0.16877
0.154734
0.136744
0.110082
0.0564824
0.231532
0.23118
0.230933
0.230795
0.230766
0.230849
0.231044
0.231352
0.231773
0.232309
0.232962
0.233733
0.234623
0.235633
0.236764
0.238016
0.239389
0.240882
0.242493
0.24422
0.246061
0.248014
0.250074
0.252237
0.2545
0.256856
0.259301
0.261829
0.264432
0.267105
0.269841
0.27263
0.275466
0.278339
0.281242
0.284165
0.287098
0.290033
0.29296
0.295869
0.298748
0.30159
0.304382
0.307115
0.309777
0.312359
0.31485
0.317239
0.319516
0.32167
0.32369
0.325568
0.327292
0.328853
0.330242
0.33145
0.332467
0.333285
0.333896
0.334293
0.334469
0.334416
0.33413
0.333604
0.332834
0.331814
0.330543
0.329016
0.327232
0.325188
0.322883
0.320317
0.317489
0.314401
0.311052
0.307443
0.303577
0.299453
0.295074
0.29044
0.285551
0.280407
0.275005
0.269342
0.263411
0.257202
0.250701
0.24389
0.236739
0.229211
0.221252
0.212787
0.203707
0.193851
0.182969
0.170638
0.156082
0.137613
0.110485
0.0558054
0.229202
0.228639
0.228211
0.227921
0.227769
0.227758
0.22789
0.228167
0.228589
0.229156
0.229868
0.230725
0.231726
0.232871
0.23416
0.235591
0.237163
0.238875
0.240724
0.242708
0.244823
0.247067
0.249435
0.251922
0.254523
0.257234
0.260048
0.262958
0.265958
0.26904
0.272196
0.275418
0.278697
0.282024
0.28539
0.288783
0.292195
0.295614
0.299029
0.302429
0.305803
0.309137
0.312422
0.315643
0.318788
0.321845
0.324802
0.327645
0.330362
0.33294
0.335366
0.337628
0.339714
0.341612
0.34331
0.344796
0.34606
0.347092
0.347881
0.348419
0.348696
0.348705
0.348438
0.347888
0.347052
0.345922
0.344496
0.34277
0.340743
0.338412
0.335777
0.332839
0.329599
0.326059
0.322221
0.318089
0.313666
0.308956
0.303964
0.298693
0.293146
0.287328
0.281239
0.274879
0.268247
0.261337
0.25414
0.246641
0.238817
0.230634
0.222047
0.212984
0.203345
0.192977
0.18164
0.168928
0.154087
0.135473
0.108427
0.0539389
0.229656
0.228842
0.228183
0.227683
0.227343
0.227166
0.227156
0.227317
0.227651
0.228157
0.228834
0.229679
0.230693
0.231873
0.233217
0.234724
0.236391
0.238216
0.240196
0.242327
0.244606
0.247029
0.249591
0.252288
0.255114
0.258063
0.261129
0.264306
0.267586
0.270961
0.274423
0.277965
0.281575
0.285246
0.288966
0.292725
0.296511
0.300314
0.304121
0.30792
0.311696
0.315438
0.31913
0.322759
0.326311
0.329769
0.33312
0.336348
0.339437
0.342373
0.345139
0.347722
0.350105
0.352274
0.354215
0.355914
0.357357
0.358532
0.359426
0.360029
0.36033
0.360318
0.359987
0.359328
0.358335
0.357003
0.355327
0.353305
0.350935
0.348216
0.34515
0.341738
0.337984
0.333892
0.329466
0.324713
0.319641
0.314256
0.308567
0.302581
0.296307
0.289752
0.282923
0.275825
0.268461
0.260833
0.252935
0.244759
0.236288
0.227497
0.218345
0.20877
0.198682
0.187939
0.176318
0.163437
0.148583
0.130196
0.103823
0.0508868
0.234372
0.233312
0.232417
0.231691
0.231136
0.230757
0.230559
0.230548
0.230727
0.231095
0.23165
0.232389
0.233311
0.234413
0.235694
0.23715
0.238779
0.240578
0.242544
0.244672
0.24696
0.249404
0.251998
0.254738
0.257619
0.260635
0.263781
0.267051
0.270437
0.273932
0.277528
0.281218
0.284991
0.28884
0.292752
0.296719
0.300727
0.304765
0.308821
0.312879
0.316926
0.320947
0.324925
0.328846
0.332691
0.336443
0.340085
0.343597
0.346963
0.350163
0.353178
0.35599
0.358581
0.360932
0.363027
0.364847
0.366376
0.367599
0.368502
0.369071
0.369293
0.369157
0.368654
0.367775
0.366513
0.364863
0.362821
0.360384
0.357553
0.354328
0.350712
0.34671
0.342327
0.33757
0.33245
0.326975
0.321156
0.315007
0.308539
0.301767
0.294703
0.287362
0.279755
0.271893
0.263788
0.255444
0.246865
0.23805
0.228988
0.219662
0.21004
0.20007
0.189672
0.178721
0.167014
0.154202
0.13963
0.121856
0.0967473
0.0467212
0.244953
0.243679
0.242569
0.241625
0.240851
0.240254
0.23984
0.239619
0.239587
0.239743
0.240085
0.240611
0.24132
0.242209
0.243277
0.244521
0.245939
0.247529
0.249287
0.251212
0.253301
0.255549
0.257954
0.260512
0.26322
0.266073
0.269066
0.272196
0.275455
0.27884
0.282342
0.285956
0.289673
0.293484
0.29738
0.301352
0.305386
0.309472
0.313595
0.317742
0.321895
0.32604
0.330156
0.334227
0.338232
0.342151
0.345962
0.349643
0.353172
0.356526
0.359683
0.362619
0.365311
0.367739
0.36988
0.371712
0.373218
0.374377
0.375172
0.375588
0.37561
0.375224
0.374421
0.373191
0.371528
0.369426
0.366882
0.363896
0.360469
0.356605
0.35231
0.34759
0.342457
0.336922
0.330998
0.3247
0.318045
0.311051
0.303737
0.296122
0.288226
0.280069
0.27167
0.263047
0.254218
0.245195
0.235989
0.226606
0.217043
0.20729
0.197325
0.187107
0.176568
0.165601
0.154026
0.141535
0.127542
0.110757
0.0874626
0.0416043
0.263214
0.261713
0.260362
0.259166
0.258128
0.257257
0.256561
0.256042
0.255693
0.255511
0.255497
0.25565
0.255968
0.256452
0.257102
0.257915
0.258893
0.260033
0.261337
0.262802
0.264428
0.266214
0.268159
0.270261
0.272521
0.274935
0.277501
0.280218
0.283083
0.286092
0.289241
0.292525
0.295939
0.299475
0.303126
0.306883
0.310734
0.314668
0.318671
0.322726
0.326819
0.330928
0.335035
0.339116
0.343149
0.347109
0.35097
0.354705
0.358286
0.361685
0.364874
0.367826
0.370511
0.372903
0.374975
0.376702
0.378061
0.379028
0.379585
0.379711
0.379392
0.378613
0.377363
0.375633
0.373416
0.37071
0.367514
0.363829
0.35966
0.355015
0.349903
0.344337
0.338333
0.331907
0.325079
0.317871
0.310304
0.302406
0.2942
0.285713
0.276973
0.268006
0.258839
0.249498
0.240005
0.230381
0.220644
0.210806
0.200872
0.190841
0.180697
0.17041
0.159925
0.149153
0.13794
0.12602
0.112888
0.0974303
0.0764172
0.0357777
0.290799
0.288888
0.287111
0.28547
0.283972
0.282623
0.281436
0.280388
0.279478
0.278709
0.278079
0.277593
0.277249
0.277052
0.277002
0.277101
0.277352
0.277756
0.278316
0.279034
0.279911
0.28095
0.282153
0.283521
0.285057
0.286761
0.288636
0.290682
0.292899
0.295287
0.297846
0.300572
0.303464
0.306517
0.309725
0.313079
0.316571
0.320189
0.323917
0.327741
0.33164
0.335593
0.339576
0.343563
0.347524
0.351431
0.35525
0.358948
0.36249
0.365843
0.368969
0.371836
0.374408
0.376652
0.378537
0.380032
0.38111
0.381744
0.381913
0.381596
0.380775
0.379438
0.377572
0.375172
0.372233
0.368754
0.364739
0.360193
0.355128
0.349555
0.343491
0.336954
0.329968
0.322555
0.314743
0.306561
0.298039
0.289209
0.280106
0.270763
0.261214
0.251494
0.241635
0.23167
0.221628
0.211536
0.201418
0.191291
0.181166
0.171047
0.160927
0.150783
0.140573
0.130221
0.119603
0.108495
0.0964781
0.0826245
0.064244
0.029568
0.327757
0.324992
0.322354
0.319847
0.317475
0.315246
0.313137
0.311148
0.309281
0.307539
0.305926
0.304445
0.3031
0.301896
0.300837
0.299926
0.299168
0.298568
0.298129
0.297856
0.297753
0.297825
0.298076
0.298511
0.299134
0.29995
0.300962
0.302174
0.30359
0.305213
0.307046
0.309088
0.311339
0.313799
0.316463
0.319325
0.322376
0.325604
0.328995
0.332529
0.336185
0.339937
0.343755
0.347607
0.351458
0.35527
0.359001
0.36261
0.366054
0.369289
0.372272
0.374961
0.377313
0.37929
0.380855
0.381973
0.382613
0.382747
0.38235
0.381404
0.379891
0.377799
0.375121
0.371854
0.367998
0.363558
0.358544
0.352968
0.346848
0.340203
0.333059
0.325443
0.317384
0.308916
0.300074
0.290896
0.28142
0.271687
0.261737
0.251612
0.241354
0.231002
0.220595
0.210171
0.199763
0.189403
0.179116
0.168925
0.158843
0.148878
0.139025
0.129269
0.119574
0.109882
0.100088
0.0900147
0.0793253
0.0672812
0.0517428
0.0233773
0.370248
0.366027
0.361958
0.358041
0.354278
0.350657
0.347168
0.343817
0.340606
0.337541
0.334625
0.331865
0.329263
0.326824
0.324554
0.322456
0.320536
0.318798
0.317247
0.315889
0.314727
0.313769
0.313018
0.312482
0.312166
0.312077
0.31222
0.312601
0.313227
0.314103
0.315234
0.316623
0.318274
0.320185
0.322356
0.32478
0.32745
0.330352
0.333468
0.336777
0.340252
0.34386
0.347564
0.351323
0.355091
0.358821
0.36246
0.365957
0.369259
0.372311
0.375062
0.377462
0.379463
0.381021
0.382093
0.382644
0.382642
0.382058
0.380871
0.379063
0.376623
0.373543
0.369822
0.365465
0.360479
0.354878
0.34868
0.341907
0.334588
0.326751
0.318431
0.309665
0.300493
0.290958
0.281105
0.270978
0.260626
0.250095
0.239435
0.228691
0.21791
0.207138
0.196415
0.185782
0.175274
0.164923
0.154755
0.14479
0.135043
0.125519
0.116215
0.107117
0.0981946
0.0893985
0.0806463
0.0717982
0.0625958
0.0524782
0.03983
0.0176778
0.409328
0.403288
0.397464
0.391849
0.386438
0.381215
0.376184
0.371348
0.366708
0.362268
0.35803
0.353996
0.35017
0.346555
0.343152
0.339966
0.337
0.334257
0.331741
0.329457
0.327409
0.325603
0.324043
0.322735
0.321687
0.320905
0.320396
0.320168
0.320229
0.320585
0.321243
0.32221
0.323488
0.32508
0.326983
0.329191
0.331695
0.334476
0.337514
0.340779
0.344235
0.347839
0.351545
0.355298
0.359039
0.36271
0.366245
0.369581
0.372655
0.375404
0.37777
0.379696
0.381133
0.382032
0.382355
0.382065
0.381134
0.37954
0.377266
0.374304
0.37065
0.366306
0.361282
0.355593
0.349257
0.342301
0.334755
0.326652
0.318032
0.308936
0.299409
0.2895
0.279259
0.268736
0.257987
0.247063
0.236019
0.224908
0.213783
0.202693
0.191687
0.180809
0.170103
0.159604
0.149346
0.139355
0.129653
0.120255
0.111169
0.102394
0.0939247
0.0857423
0.0778188
0.0701104
0.0625505
0.0550319
0.0473641
0.0391412
0.0292189
0.0127555
0.433188
0.425689
0.418477
0.411545
0.404882
0.398482
0.392344
0.386464
0.380841
0.375473
0.37036
0.365501
0.360895
0.356543
0.352446
0.348605
0.345022
0.341699
0.338639
0.335846
0.333324
0.331078
0.329113
0.327437
0.326056
0.32498
0.324216
0.323775
0.323665
0.323896
0.324476
0.325411
0.326705
0.328359
0.330366
0.332717
0.335394
0.338372
0.341616
0.345084
0.348727
0.352488
0.356301
0.3601
0.363811
0.367361
0.370676
0.373683
0.376314
0.378501
0.380186
0.381313
0.381834
0.381709
0.380904
0.379392
0.377156
0.374184
0.370473
0.366026
0.360854
0.354973
0.348407
0.341185
0.33334
0.324913
0.315947
0.306489
0.29659
0.286304
0.275687
0.264796
0.25369
0.242427
0.231067
0.219668
0.208286
0.196976
0.185788
0.174772
0.163972
0.153426
0.14317
0.133232
0.123636
0.114397
0.105526
0.0970275
0.0888978
0.0811282
0.0737027
0.0665989
0.0597865
0.0532252
0.0468605
0.0406121
0.0343491
0.0278002
0.020215
0.0086025
)
;

boundaryField
{
    jetInlet
    {
        type            fixedValue;
        value           uniform 0.006;
    }
    returnOutlet
    {
        type            inletOutlet;
        inletValue      uniform 0.006;
        value           nonuniform List<scalar> 
35
(
0.293662
0.567258
0.76174
0.928965
1.08541
1.23214
1.36459
1.4757
1.55728
1.60019
1.59245
1.5104
0.006
0.006
0.006
0.006
0.006
0.006
0.006
0.006
0.006
0.006
0.006
0.006
0.006
0.006
0.251816
0.281376
0.220336
0.10818
0.08168
0.142784
0.276453
0.427596
0.526878
)
;
    }
    flatBed
    {
        type            kqRWallFunction;
        value           nonuniform List<scalar> 
100
(
0.293662
0.297156
0.300323
0.303145
0.305584
0.307605
0.309188
0.310353
0.31069
0.309728
0.307337
0.30344
0.29801
0.291069
0.282678
0.27294
0.261986
0.24998
0.237102
0.223553
0.209543
0.195288
0.181003
0.166893
0.153149
0.139937
0.127394
0.115622
0.104689
0.0946303
0.0854487
0.0771233
0.0696141
0.0628685
0.0568262
0.0514242
0.0465995
0.0422916
0.0384439
0.0350044
0.0319261
0.0291676
0.0266932
0.0244727
0.0224818
0.0207017
0.0191185
0.0177222
0.0165056
0.0154625
0.0145856
0.0138655
0.0132899
0.0128439
0.0125115
0.0122765
0.012124
0.0120413
0.0120178
0.0120451
0.0121167
0.0122277
0.0123743
0.0125439
0.0127329
0.012939
0.0131603
0.0133952
0.0136424
0.0139009
0.0141697
0.0144484
0.0147365
0.015034
0.0153411
0.0156586
0.0159874
0.0163294
0.016687
0.0170637
0.0174495
0.0178425
0.0182422
0.0186481
0.0190595
0.0194759
0.0198963
0.0203195
0.0207436
0.0211663
0.0215842
0.0219929
0.0223862
0.0227567
0.0230961
0.0233963
0.0236478
0.0238442
0.0240519
0.0246342
)
;
    }
    slope
    {
        type            kqRWallFunction;
        value           nonuniform List<scalar> 
50
(
0.00563924
0.00801955
0.00467291
0.00354697
0.0040127
0.00473548
0.0056734
0.00661972
0.00759651
0.00855631
0.00952076
0.0104772
0.0114361
0.0123958
0.0133628
0.0143316
0.0155849
0.0168418
0.018127
0.0194218
0.020736
0.0220633
0.0234059
0.0247605
0.0261267
0.0275014
0.0288819
0.0302626
0.0316338
0.0329722
0.0342588
0.0385085
0.042436
0.0462202
0.0495414
0.0523749
0.0546164
0.0560515
0.0564824
0.0558054
0.0539389
0.0508868
0.0467212
0.0416043
0.0357777
0.029568
0.0233773
0.0176778
0.0127555
0.0086025
)
;
    }
    top
    {
        type            symmetryPlane;
    }
    frontAndBack
    {
        type            empty;
    }
    defaultFaces
    {
        type            empty;
    }
}


// ************************************************************************* //
