/*--------------------------------*- C++ -*----------------------------------*\
| =========                 |                                                 |
| \\      /  F ield         | OpenFOAM: The Open Source CFD Toolbox           |
|  \\    /   O peration     | Version:  2206                                  |
|   \\  /    A nd           | Website:  www.openfoam.com                      |
|    \\/     M anipulation  |                                                 |
\*---------------------------------------------------------------------------*/
FoamFile
{
    version     2.0;
    format      ascii;
    arch        "LSB;label=32;scalar=64";
    class       volScalarField;
    location    "1468";
    object      Cx;
}
// * * * * * * * * * * * * * * * * * * * * * * * * * * * * * * * * * * * * * //

dimensions      [0 1 0 0 0 0 0];

internalField   nonuniform List<scalar> 
10000
(
0.035
0.105
0.175
0.245
0.315
0.385
0.455
0.525
0.595
0.665
0.735
0.805
0.875
0.945
1.015
1.085
1.155
1.225
1.295
1.365
1.435
1.505
1.575
1.645
1.715
1.785
1.855
1.925
1.995
2.065
2.135
2.205
2.275
2.345
2.415
2.485
2.555
2.625
2.695
2.765
2.835
2.905
2.975
3.045
3.115
3.185
3.255
3.325
3.395
3.465
3.535
3.605
3.675
3.745
3.815
3.885
3.955
4.025
4.095
4.165
4.235
4.305
4.375
4.445
4.515
4.585
4.655
4.725
4.795
4.865
4.935
5.005
5.075
5.145
5.215
5.285
5.355
5.425
5.495
5.565
5.635
5.705
5.775
5.845
5.915
5.985
6.055
6.125
6.195
6.265
6.335
6.405
6.475
6.545
6.615
6.685
6.755
6.825
6.895
6.965
0.035
0.105
0.175
0.245
0.315
0.385
0.455
0.525
0.595
0.665
0.735
0.805
0.875
0.945
1.015
1.085
1.155
1.225
1.295
1.365
1.435
1.505
1.575
1.645
1.715
1.785
1.855
1.925
1.995
2.065
2.135
2.205
2.275
2.345
2.415
2.485
2.555
2.625
2.695
2.765
2.835
2.905
2.975
3.045
3.115
3.185
3.255
3.325
3.395
3.465
3.535
3.605
3.675
3.745
3.815
3.885
3.955
4.025
4.095
4.165
4.235
4.305
4.375
4.445
4.515
4.585
4.655
4.725
4.795
4.865
4.935
5.005
5.075
5.145
5.215
5.285
5.355
5.425
5.495
5.565
5.635
5.705
5.775
5.845
5.915
5.985
6.055
6.125
6.195
6.265
6.335
6.405
6.475
6.545
6.615
6.685
6.755
6.825
6.895
6.965
0.035
0.105
0.175
0.245
0.315
0.385
0.455
0.525
0.595
0.665
0.735
0.805
0.875
0.945
1.015
1.085
1.155
1.225
1.295
1.365
1.435
1.505
1.575
1.645
1.715
1.785
1.855
1.925
1.995
2.065
2.135
2.205
2.275
2.345
2.415
2.485
2.555
2.625
2.695
2.765
2.835
2.905
2.975
3.045
3.115
3.185
3.255
3.325
3.395
3.465
3.535
3.605
3.675
3.745
3.815
3.885
3.955
4.025
4.095
4.165
4.235
4.305
4.375
4.445
4.515
4.585
4.655
4.725
4.795
4.865
4.935
5.005
5.075
5.145
5.215
5.285
5.355
5.425
5.495
5.565
5.635
5.705
5.775
5.845
5.915
5.985
6.055
6.125
6.195
6.265
6.335
6.405
6.475
6.545
6.615
6.685
6.755
6.825
6.895
6.965
0.035
0.105
0.175
0.245
0.315
0.385
0.455
0.525
0.595
0.665
0.735
0.805
0.875
0.945
1.015
1.085
1.155
1.225
1.295
1.365
1.435
1.505
1.575
1.645
1.715
1.785
1.855
1.925
1.995
2.065
2.135
2.205
2.275
2.345
2.415
2.485
2.555
2.625
2.695
2.765
2.835
2.905
2.975
3.045
3.115
3.185
3.255
3.325
3.395
3.465
3.535
3.605
3.675
3.745
3.815
3.885
3.955
4.025
4.095
4.165
4.235
4.305
4.375
4.445
4.515
4.585
4.655
4.725
4.795
4.865
4.935
5.005
5.075
5.145
5.215
5.285
5.355
5.425
5.495
5.565
5.635
5.705
5.775
5.845
5.915
5.985
6.055
6.125
6.195
6.265
6.335
6.405
6.475
6.545
6.615
6.685
6.755
6.825
6.895
6.965
0.035
0.105
0.175
0.245
0.315
0.385
0.455
0.525
0.595
0.665
0.735
0.805
0.875
0.945
1.015
1.085
1.155
1.225
1.295
1.365
1.435
1.505
1.575
1.645
1.715
1.785
1.855
1.925
1.995
2.065
2.135
2.205
2.275
2.345
2.415
2.485
2.555
2.625
2.695
2.765
2.835
2.905
2.975
3.045
3.115
3.185
3.255
3.325
3.395
3.465
3.535
3.605
3.675
3.745
3.815
3.885
3.955
4.025
4.095
4.165
4.235
4.305
4.375
4.445
4.515
4.585
4.655
4.725
4.795
4.865
4.935
5.005
5.075
5.145
5.215
5.285
5.355
5.425
5.495
5.565
5.635
5.705
5.775
5.845
5.915
5.985
6.055
6.125
6.195
6.265
6.335
6.405
6.475
6.545
6.615
6.685
6.755
6.825
6.895
6.965
0.035
0.105
0.175
0.245
0.315
0.385
0.455
0.525
0.595
0.665
0.735
0.805
0.875
0.945
1.015
1.085
1.155
1.225
1.295
1.365
1.435
1.505
1.575
1.645
1.715
1.785
1.855
1.925
1.995
2.065
2.135
2.205
2.275
2.345
2.415
2.485
2.555
2.625
2.695
2.765
2.835
2.905
2.975
3.045
3.115
3.185
3.255
3.325
3.395
3.465
3.535
3.605
3.675
3.745
3.815
3.885
3.955
4.025
4.095
4.165
4.235
4.305
4.375
4.445
4.515
4.585
4.655
4.725
4.795
4.865
4.935
5.005
5.075
5.145
5.215
5.285
5.355
5.425
5.495
5.565
5.635
5.705
5.775
5.845
5.915
5.985
6.055
6.125
6.195
6.265
6.335
6.405
6.475
6.545
6.615
6.685
6.755
6.825
6.895
6.965
0.035
0.105
0.175
0.245
0.315
0.385
0.455
0.525
0.595
0.665
0.735
0.805
0.875
0.945
1.015
1.085
1.155
1.225
1.295
1.365
1.435
1.505
1.575
1.645
1.715
1.785
1.855
1.925
1.995
2.065
2.135
2.205
2.275
2.345
2.415
2.485
2.555
2.625
2.695
2.765
2.835
2.905
2.975
3.045
3.115
3.185
3.255
3.325
3.395
3.465
3.535
3.605
3.675
3.745
3.815
3.885
3.955
4.025
4.095
4.165
4.235
4.305
4.375
4.445
4.515
4.585
4.655
4.725
4.795
4.865
4.935
5.005
5.075
5.145
5.215
5.285
5.355
5.425
5.495
5.565
5.635
5.705
5.775
5.845
5.915
5.985
6.055
6.125
6.195
6.265
6.335
6.405
6.475
6.545
6.615
6.685
6.755
6.825
6.895
6.965
0.035
0.105
0.175
0.245
0.315
0.385
0.455
0.525
0.595
0.665
0.735
0.805
0.875
0.945
1.015
1.085
1.155
1.225
1.295
1.365
1.435
1.505
1.575
1.645
1.715
1.785
1.855
1.925
1.995
2.065
2.135
2.205
2.275
2.345
2.415
2.485
2.555
2.625
2.695
2.765
2.835
2.905
2.975
3.045
3.115
3.185
3.255
3.325
3.395
3.465
3.535
3.605
3.675
3.745
3.815
3.885
3.955
4.025
4.095
4.165
4.235
4.305
4.375
4.445
4.515
4.585
4.655
4.725
4.795
4.865
4.935
5.005
5.075
5.145
5.215
5.285
5.355
5.425
5.495
5.565
5.635
5.705
5.775
5.845
5.915
5.985
6.055
6.125
6.195
6.265
6.335
6.405
6.475
6.545
6.615
6.685
6.755
6.825
6.895
6.965
0.035
0.105
0.175
0.245
0.315
0.385
0.455
0.525
0.595
0.665
0.735
0.805
0.875
0.945
1.015
1.085
1.155
1.225
1.295
1.365
1.435
1.505
1.575
1.645
1.715
1.785
1.855
1.925
1.995
2.065
2.135
2.205
2.275
2.345
2.415
2.485
2.555
2.625
2.695
2.765
2.835
2.905
2.975
3.045
3.115
3.185
3.255
3.325
3.395
3.465
3.535
3.605
3.675
3.745
3.815
3.885
3.955
4.025
4.095
4.165
4.235
4.305
4.375
4.445
4.515
4.585
4.655
4.725
4.795
4.865
4.935
5.005
5.075
5.145
5.215
5.285
5.355
5.425
5.495
5.565
5.635
5.705
5.775
5.845
5.915
5.985
6.055
6.125
6.195
6.265
6.335
6.405
6.475
6.545
6.615
6.685
6.755
6.825
6.895
6.965
0.035
0.105
0.175
0.245
0.315
0.385
0.455
0.525
0.595
0.665
0.735
0.805
0.875
0.945
1.015
1.085
1.155
1.225
1.295
1.365
1.435
1.505
1.575
1.645
1.715
1.785
1.855
1.925
1.995
2.065
2.135
2.205
2.275
2.345
2.415
2.485
2.555
2.625
2.695
2.765
2.835
2.905
2.975
3.045
3.115
3.185
3.255
3.325
3.395
3.465
3.535
3.605
3.675
3.745
3.815
3.885
3.955
4.025
4.095
4.165
4.235
4.305
4.375
4.445
4.515
4.585
4.655
4.725
4.795
4.865
4.935
5.005
5.075
5.145
5.215
5.285
5.355
5.425
5.495
5.565
5.635
5.705
5.775
5.845
5.915
5.985
6.055
6.125
6.195
6.265
6.335
6.405
6.475
6.545
6.615
6.685
6.755
6.825
6.895
6.965
0.035
0.105
0.175
0.245
0.315
0.385
0.455
0.525
0.595
0.665
0.735
0.805
0.875
0.945
1.015
1.085
1.155
1.225
1.295
1.365
1.435
1.505
1.575
1.645
1.715
1.785
1.855
1.925
1.995
2.065
2.135
2.205
2.275
2.345
2.415
2.485
2.555
2.625
2.695
2.765
2.835
2.905
2.975
3.045
3.115
3.185
3.255
3.325
3.395
3.465
3.535
3.605
3.675
3.745
3.815
3.885
3.955
4.025
4.095
4.165
4.235
4.305
4.375
4.445
4.515
4.585
4.655
4.725
4.795
4.865
4.935
5.005
5.075
5.145
5.215
5.285
5.355
5.425
5.495
5.565
5.635
5.705
5.775
5.845
5.915
5.985
6.055
6.125
6.195
6.265
6.335
6.405
6.475
6.545
6.615
6.685
6.755
6.825
6.895
6.965
0.035
0.105
0.175
0.245
0.315
0.385
0.455
0.525
0.595
0.665
0.735
0.805
0.875
0.945
1.015
1.085
1.155
1.225
1.295
1.365
1.435
1.505
1.575
1.645
1.715
1.785
1.855
1.925
1.995
2.065
2.135
2.205
2.275
2.345
2.415
2.485
2.555
2.625
2.695
2.765
2.835
2.905
2.975
3.045
3.115
3.185
3.255
3.325
3.395
3.465
3.535
3.605
3.675
3.745
3.815
3.885
3.955
4.025
4.095
4.165
4.235
4.305
4.375
4.445
4.515
4.585
4.655
4.725
4.795
4.865
4.935
5.005
5.075
5.145
5.215
5.285
5.355
5.425
5.495
5.565
5.635
5.705
5.775
5.845
5.915
5.985
6.055
6.125
6.195
6.265
6.335
6.405
6.475
6.545
6.615
6.685
6.755
6.825
6.895
6.965
0.035
0.105
0.175
0.245
0.315
0.385
0.455
0.525
0.595
0.665
0.735
0.805
0.875
0.945
1.015
1.085
1.155
1.225
1.295
1.365
1.435
1.505
1.575
1.645
1.715
1.785
1.855
1.925
1.995
2.065
2.135
2.205
2.275
2.345
2.415
2.485
2.555
2.625
2.695
2.765
2.835
2.905
2.975
3.045
3.115
3.185
3.255
3.325
3.395
3.465
3.535
3.605
3.675
3.745
3.815
3.885
3.955
4.025
4.095
4.165
4.235
4.305
4.375
4.445
4.515
4.585
4.655
4.725
4.795
4.865
4.935
5.005
5.075
5.145
5.215
5.285
5.355
5.425
5.495
5.565
5.635
5.705
5.775
5.845
5.915
5.985
6.055
6.125
6.195
6.265
6.335
6.405
6.475
6.545
6.615
6.685
6.755
6.825
6.895
6.965
0.035
0.105
0.175
0.245
0.315
0.385
0.455
0.525
0.595
0.665
0.735
0.805
0.875
0.945
1.015
1.085
1.155
1.225
1.295
1.365
1.435
1.505
1.575
1.645
1.715
1.785
1.855
1.925
1.995
2.065
2.135
2.205
2.275
2.345
2.415
2.485
2.555
2.625
2.695
2.765
2.835
2.905
2.975
3.045
3.115
3.185
3.255
3.325
3.395
3.465
3.535
3.605
3.675
3.745
3.815
3.885
3.955
4.025
4.095
4.165
4.235
4.305
4.375
4.445
4.515
4.585
4.655
4.725
4.795
4.865
4.935
5.005
5.075
5.145
5.215
5.285
5.355
5.425
5.495
5.565
5.635
5.705
5.775
5.845
5.915
5.985
6.055
6.125
6.195
6.265
6.335
6.405
6.475
6.545
6.615
6.685
6.755
6.825
6.895
6.965
0.035
0.105
0.175
0.245
0.315
0.385
0.455
0.525
0.595
0.665
0.735
0.805
0.875
0.945
1.015
1.085
1.155
1.225
1.295
1.365
1.435
1.505
1.575
1.645
1.715
1.785
1.855
1.925
1.995
2.065
2.135
2.205
2.275
2.345
2.415
2.485
2.555
2.625
2.695
2.765
2.835
2.905
2.975
3.045
3.115
3.185
3.255
3.325
3.395
3.465
3.535
3.605
3.675
3.745
3.815
3.885
3.955
4.025
4.095
4.165
4.235
4.305
4.375
4.445
4.515
4.585
4.655
4.725
4.795
4.865
4.935
5.005
5.075
5.145
5.215
5.285
5.355
5.425
5.495
5.565
5.635
5.705
5.775
5.845
5.915
5.985
6.055
6.125
6.195
6.265
6.335
6.405
6.475
6.545
6.615
6.685
6.755
6.825
6.895
6.965
0.035
0.105
0.175
0.245
0.315
0.385
0.455
0.525
0.595
0.665
0.735
0.805
0.875
0.945
1.015
1.085
1.155
1.225
1.295
1.365
1.435
1.505
1.575
1.645
1.715
1.785
1.855
1.925
1.995
2.065
2.135
2.205
2.275
2.345
2.415
2.485
2.555
2.625
2.695
2.765
2.835
2.905
2.975
3.045
3.115
3.185
3.255
3.325
3.395
3.465
3.535
3.605
3.675
3.745
3.815
3.885
3.955
4.025
4.095
4.165
4.235
4.305
4.375
4.445
4.515
4.585
4.655
4.725
4.795
4.865
4.935
5.005
5.075
5.145
5.215
5.285
5.355
5.425
5.495
5.565
5.635
5.705
5.775
5.845
5.915
5.985
6.055
6.125
6.195
6.265
6.335
6.405
6.475
6.545
6.615
6.685
6.755
6.825
6.895
6.965
0.035
0.105
0.175
0.245
0.315
0.385
0.455
0.525
0.595
0.665
0.735
0.805
0.875
0.945
1.015
1.085
1.155
1.225
1.295
1.365
1.435
1.505
1.575
1.645
1.715
1.785
1.855
1.925
1.995
2.065
2.135
2.205
2.275
2.345
2.415
2.485
2.555
2.625
2.695
2.765
2.835
2.905
2.975
3.045
3.115
3.185
3.255
3.325
3.395
3.465
3.535
3.605
3.675
3.745
3.815
3.885
3.955
4.025
4.095
4.165
4.235
4.305
4.375
4.445
4.515
4.585
4.655
4.725
4.795
4.865
4.935
5.005
5.075
5.145
5.215
5.285
5.355
5.425
5.495
5.565
5.635
5.705
5.775
5.845
5.915
5.985
6.055
6.125
6.195
6.265
6.335
6.405
6.475
6.545
6.615
6.685
6.755
6.825
6.895
6.965
0.035
0.105
0.175
0.245
0.315
0.385
0.455
0.525
0.595
0.665
0.735
0.805
0.875
0.945
1.015
1.085
1.155
1.225
1.295
1.365
1.435
1.505
1.575
1.645
1.715
1.785
1.855
1.925
1.995
2.065
2.135
2.205
2.275
2.345
2.415
2.485
2.555
2.625
2.695
2.765
2.835
2.905
2.975
3.045
3.115
3.185
3.255
3.325
3.395
3.465
3.535
3.605
3.675
3.745
3.815
3.885
3.955
4.025
4.095
4.165
4.235
4.305
4.375
4.445
4.515
4.585
4.655
4.725
4.795
4.865
4.935
5.005
5.075
5.145
5.215
5.285
5.355
5.425
5.495
5.565
5.635
5.705
5.775
5.845
5.915
5.985
6.055
6.125
6.195
6.265
6.335
6.405
6.475
6.545
6.615
6.685
6.755
6.825
6.895
6.965
0.035
0.105
0.175
0.245
0.315
0.385
0.455
0.525
0.595
0.665
0.735
0.805
0.875
0.945
1.015
1.085
1.155
1.225
1.295
1.365
1.435
1.505
1.575
1.645
1.715
1.785
1.855
1.925
1.995
2.065
2.135
2.205
2.275
2.345
2.415
2.485
2.555
2.625
2.695
2.765
2.835
2.905
2.975
3.045
3.115
3.185
3.255
3.325
3.395
3.465
3.535
3.605
3.675
3.745
3.815
3.885
3.955
4.025
4.095
4.165
4.235
4.305
4.375
4.445
4.515
4.585
4.655
4.725
4.795
4.865
4.935
5.005
5.075
5.145
5.215
5.285
5.355
5.425
5.495
5.565
5.635
5.705
5.775
5.845
5.915
5.985
6.055
6.125
6.195
6.265
6.335
6.405
6.475
6.545
6.615
6.685
6.755
6.825
6.895
6.965
0.035
0.105
0.175
0.245
0.315
0.385
0.455
0.525
0.595
0.665
0.735
0.805
0.875
0.945
1.015
1.085
1.155
1.225
1.295
1.365
1.435
1.505
1.575
1.645
1.715
1.785
1.855
1.925
1.995
2.065
2.135
2.205
2.275
2.345
2.415
2.485
2.555
2.625
2.695
2.765
2.835
2.905
2.975
3.045
3.115
3.185
3.255
3.325
3.395
3.465
3.535
3.605
3.675
3.745
3.815
3.885
3.955
4.025
4.095
4.165
4.235
4.305
4.375
4.445
4.515
4.585
4.655
4.725
4.795
4.865
4.935
5.005
5.075
5.145
5.215
5.285
5.355
5.425
5.495
5.565
5.635
5.705
5.775
5.845
5.915
5.985
6.055
6.125
6.195
6.265
6.335
6.405
6.475
6.545
6.615
6.685
6.755
6.825
6.895
6.965
0.035
0.105
0.175
0.245
0.315
0.385
0.455
0.525
0.595
0.665
0.735
0.805
0.875
0.945
1.015
1.085
1.155
1.225
1.295
1.365
1.435
1.505
1.575
1.645
1.715
1.785
1.855
1.925
1.995
2.065
2.135
2.205
2.275
2.345
2.415
2.485
2.555
2.625
2.695
2.765
2.835
2.905
2.975
3.045
3.115
3.185
3.255
3.325
3.395
3.465
3.535
3.605
3.675
3.745
3.815
3.885
3.955
4.025
4.095
4.165
4.235
4.305
4.375
4.445
4.515
4.585
4.655
4.725
4.795
4.865
4.935
5.005
5.075
5.145
5.215
5.285
5.355
5.425
5.495
5.565
5.635
5.705
5.775
5.845
5.915
5.985
6.055
6.125
6.195
6.265
6.335
6.405
6.475
6.545
6.615
6.685
6.755
6.825
6.895
6.965
0.035
0.105
0.175
0.245
0.315
0.385
0.455
0.525
0.595
0.665
0.735
0.805
0.875
0.945
1.015
1.085
1.155
1.225
1.295
1.365
1.435
1.505
1.575
1.645
1.715
1.785
1.855
1.925
1.995
2.065
2.135
2.205
2.275
2.345
2.415
2.485
2.555
2.625
2.695
2.765
2.835
2.905
2.975
3.045
3.115
3.185
3.255
3.325
3.395
3.465
3.535
3.605
3.675
3.745
3.815
3.885
3.955
4.025
4.095
4.165
4.235
4.305
4.375
4.445
4.515
4.585
4.655
4.725
4.795
4.865
4.935
5.005
5.075
5.145
5.215
5.285
5.355
5.425
5.495
5.565
5.635
5.705
5.775
5.845
5.915
5.985
6.055
6.125
6.195
6.265
6.335
6.405
6.475
6.545
6.615
6.685
6.755
6.825
6.895
6.965
0.035
0.105
0.175
0.245
0.315
0.385
0.455
0.525
0.595
0.665
0.735
0.805
0.875
0.945
1.015
1.085
1.155
1.225
1.295
1.365
1.435
1.505
1.575
1.645
1.715
1.785
1.855
1.925
1.995
2.065
2.135
2.205
2.275
2.345
2.415
2.485
2.555
2.625
2.695
2.765
2.835
2.905
2.975
3.045
3.115
3.185
3.255
3.325
3.395
3.465
3.535
3.605
3.675
3.745
3.815
3.885
3.955
4.025
4.095
4.165
4.235
4.305
4.375
4.445
4.515
4.585
4.655
4.725
4.795
4.865
4.935
5.005
5.075
5.145
5.215
5.285
5.355
5.425
5.495
5.565
5.635
5.705
5.775
5.845
5.915
5.985
6.055
6.125
6.195
6.265
6.335
6.405
6.475
6.545
6.615
6.685
6.755
6.825
6.895
6.965
0.035
0.105
0.175
0.245
0.315
0.385
0.455
0.525
0.595
0.665
0.735
0.805
0.875
0.945
1.015
1.085
1.155
1.225
1.295
1.365
1.435
1.505
1.575
1.645
1.715
1.785
1.855
1.925
1.995
2.065
2.135
2.205
2.275
2.345
2.415
2.485
2.555
2.625
2.695
2.765
2.835
2.905
2.975
3.045
3.115
3.185
3.255
3.325
3.395
3.465
3.535
3.605
3.675
3.745
3.815
3.885
3.955
4.025
4.095
4.165
4.235
4.305
4.375
4.445
4.515
4.585
4.655
4.725
4.795
4.865
4.935
5.005
5.075
5.145
5.215
5.285
5.355
5.425
5.495
5.565
5.635
5.705
5.775
5.845
5.915
5.985
6.055
6.125
6.195
6.265
6.335
6.405
6.475
6.545
6.615
6.685
6.755
6.825
6.895
6.965
0.035
0.105
0.175
0.245
0.315
0.385
0.455
0.525
0.595
0.665
0.735
0.805
0.875
0.945
1.015
1.085
1.155
1.225
1.295
1.365
1.435
1.505
1.575
1.645
1.715
1.785
1.855
1.925
1.995
2.065
2.135
2.205
2.275
2.345
2.415
2.485
2.555
2.625
2.695
2.765
2.835
2.905
2.975
3.045
3.115
3.185
3.255
3.325
3.395
3.465
3.535
3.605
3.675
3.745
3.815
3.885
3.955
4.025
4.095
4.165
4.235
4.305
4.375
4.445
4.515
4.585
4.655
4.725
4.795
4.865
4.935
5.005
5.075
5.145
5.215
5.285
5.355
5.425
5.495
5.565
5.635
5.705
5.775
5.845
5.915
5.985
6.055
6.125
6.195
6.265
6.335
6.405
6.475
6.545
6.615
6.685
6.755
6.825
6.895
6.965
0.035
0.105
0.175
0.245
0.315
0.385
0.455
0.525
0.595
0.665
0.735
0.805
0.875
0.945
1.015
1.085
1.155
1.225
1.295
1.365
1.435
1.505
1.575
1.645
1.715
1.785
1.855
1.925
1.995
2.065
2.135
2.205
2.275
2.345
2.415
2.485
2.555
2.625
2.695
2.765
2.835
2.905
2.975
3.045
3.115
3.185
3.255
3.325
3.395
3.465
3.535
3.605
3.675
3.745
3.815
3.885
3.955
4.025
4.095
4.165
4.235
4.305
4.375
4.445
4.515
4.585
4.655
4.725
4.795
4.865
4.935
5.005
5.075
5.145
5.215
5.285
5.355
5.425
5.495
5.565
5.635
5.705
5.775
5.845
5.915
5.985
6.055
6.125
6.195
6.265
6.335
6.405
6.475
6.545
6.615
6.685
6.755
6.825
6.895
6.965
0.035
0.105
0.175
0.245
0.315
0.385
0.455
0.525
0.595
0.665
0.735
0.805
0.875
0.945
1.015
1.085
1.155
1.225
1.295
1.365
1.435
1.505
1.575
1.645
1.715
1.785
1.855
1.925
1.995
2.065
2.135
2.205
2.275
2.345
2.415
2.485
2.555
2.625
2.695
2.765
2.835
2.905
2.975
3.045
3.115
3.185
3.255
3.325
3.395
3.465
3.535
3.605
3.675
3.745
3.815
3.885
3.955
4.025
4.095
4.165
4.235
4.305
4.375
4.445
4.515
4.585
4.655
4.725
4.795
4.865
4.935
5.005
5.075
5.145
5.215
5.285
5.355
5.425
5.495
5.565
5.635
5.705
5.775
5.845
5.915
5.985
6.055
6.125
6.195
6.265
6.335
6.405
6.475
6.545
6.615
6.685
6.755
6.825
6.895
6.965
0.035
0.105
0.175
0.245
0.315
0.385
0.455
0.525
0.595
0.665
0.735
0.805
0.875
0.945
1.015
1.085
1.155
1.225
1.295
1.365
1.435
1.505
1.575
1.645
1.715
1.785
1.855
1.925
1.995
2.065
2.135
2.205
2.275
2.345
2.415
2.485
2.555
2.625
2.695
2.765
2.835
2.905
2.975
3.045
3.115
3.185
3.255
3.325
3.395
3.465
3.535
3.605
3.675
3.745
3.815
3.885
3.955
4.025
4.095
4.165
4.235
4.305
4.375
4.445
4.515
4.585
4.655
4.725
4.795
4.865
4.935
5.005
5.075
5.145
5.215
5.285
5.355
5.425
5.495
5.565
5.635
5.705
5.775
5.845
5.915
5.985
6.055
6.125
6.195
6.265
6.335
6.405
6.475
6.545
6.615
6.685
6.755
6.825
6.895
6.965
0.035
0.105
0.175
0.245
0.315
0.385
0.455
0.525
0.595
0.665
0.735
0.805
0.875
0.945
1.015
1.085
1.155
1.225
1.295
1.365
1.435
1.505
1.575
1.645
1.715
1.785
1.855
1.925
1.995
2.065
2.135
2.205
2.275
2.345
2.415
2.485
2.555
2.625
2.695
2.765
2.835
2.905
2.975
3.045
3.115
3.185
3.255
3.325
3.395
3.465
3.535
3.605
3.675
3.745
3.815
3.885
3.955
4.025
4.095
4.165
4.235
4.305
4.375
4.445
4.515
4.585
4.655
4.725
4.795
4.865
4.935
5.005
5.075
5.145
5.215
5.285
5.355
5.425
5.495
5.565
5.635
5.705
5.775
5.845
5.915
5.985
6.055
6.125
6.195
6.265
6.335
6.405
6.475
6.545
6.615
6.685
6.755
6.825
6.895
6.965
0.035
0.105
0.175
0.245
0.315
0.385
0.455
0.525
0.595
0.665
0.735
0.805
0.875
0.945
1.015
1.085
1.155
1.225
1.295
1.365
1.435
1.505
1.575
1.645
1.715
1.785
1.855
1.925
1.995
2.065
2.135
2.205
2.275
2.345
2.415
2.485
2.555
2.625
2.695
2.765
2.835
2.905
2.975
3.045
3.115
3.185
3.255
3.325
3.395
3.465
3.535
3.605
3.675
3.745
3.815
3.885
3.955
4.025
4.095
4.165
4.235
4.305
4.375
4.445
4.515
4.585
4.655
4.725
4.795
4.865
4.935
5.005
5.075
5.145
5.215
5.285
5.355
5.425
5.495
5.565
5.635
5.705
5.775
5.845
5.915
5.985
6.055
6.125
6.195
6.265
6.335
6.405
6.475
6.545
6.615
6.685
6.755
6.825
6.895
6.965
0.035
0.105
0.175
0.245
0.315
0.385
0.455
0.525
0.595
0.665
0.735
0.805
0.875
0.945
1.015
1.085
1.155
1.225
1.295
1.365
1.435
1.505
1.575
1.645
1.715
1.785
1.855
1.925
1.995
2.065
2.135
2.205
2.275
2.345
2.415
2.485
2.555
2.625
2.695
2.765
2.835
2.905
2.975
3.045
3.115
3.185
3.255
3.325
3.395
3.465
3.535
3.605
3.675
3.745
3.815
3.885
3.955
4.025
4.095
4.165
4.235
4.305
4.375
4.445
4.515
4.585
4.655
4.725
4.795
4.865
4.935
5.005
5.075
5.145
5.215
5.285
5.355
5.425
5.495
5.565
5.635
5.705
5.775
5.845
5.915
5.985
6.055
6.125
6.195
6.265
6.335
6.405
6.475
6.545
6.615
6.685
6.755
6.825
6.895
6.965
0.035
0.105
0.175
0.245
0.315
0.385
0.455
0.525
0.595
0.665
0.735
0.805
0.875
0.945
1.015
1.085
1.155
1.225
1.295
1.365
1.435
1.505
1.575
1.645
1.715
1.785
1.855
1.925
1.995
2.065
2.135
2.205
2.275
2.345
2.415
2.485
2.555
2.625
2.695
2.765
2.835
2.905
2.975
3.045
3.115
3.185
3.255
3.325
3.395
3.465
3.535
3.605
3.675
3.745
3.815
3.885
3.955
4.025
4.095
4.165
4.235
4.305
4.375
4.445
4.515
4.585
4.655
4.725
4.795
4.865
4.935
5.005
5.075
5.145
5.215
5.285
5.355
5.425
5.495
5.565
5.635
5.705
5.775
5.845
5.915
5.985
6.055
6.125
6.195
6.265
6.335
6.405
6.475
6.545
6.615
6.685
6.755
6.825
6.895
6.965
0.035
0.105
0.175
0.245
0.315
0.385
0.455
0.525
0.595
0.665
0.735
0.805
0.875
0.945
1.015
1.085
1.155
1.225
1.295
1.365
1.435
1.505
1.575
1.645
1.715
1.785
1.855
1.925
1.995
2.065
2.135
2.205
2.275
2.345
2.415
2.485
2.555
2.625
2.695
2.765
2.835
2.905
2.975
3.045
3.115
3.185
3.255
3.325
3.395
3.465
3.535
3.605
3.675
3.745
3.815
3.885
3.955
4.025
4.095
4.165
4.235
4.305
4.375
4.445
4.515
4.585
4.655
4.725
4.795
4.865
4.935
5.005
5.075
5.145
5.215
5.285
5.355
5.425
5.495
5.565
5.635
5.705
5.775
5.845
5.915
5.985
6.055
6.125
6.195
6.265
6.335
6.405
6.475
6.545
6.615
6.685
6.755
6.825
6.895
6.965
0.035
0.105
0.175
0.245
0.315
0.385
0.455
0.525
0.595
0.665
0.735
0.805
0.875
0.945
1.015
1.085
1.155
1.225
1.295
1.365
1.435
1.505
1.575
1.645
1.715
1.785
1.855
1.925
1.995
2.065
2.135
2.205
2.275
2.345
2.415
2.485
2.555
2.625
2.695
2.765
2.835
2.905
2.975
3.045
3.115
3.185
3.255
3.325
3.395
3.465
3.535
3.605
3.675
3.745
3.815
3.885
3.955
4.025
4.095
4.165
4.235
4.305
4.375
4.445
4.515
4.585
4.655
4.725
4.795
4.865
4.935
5.005
5.075
5.145
5.215
5.285
5.355
5.425
5.495
5.565
5.635
5.705
5.775
5.845
5.915
5.985
6.055
6.125
6.195
6.265
6.335
6.405
6.475
6.545
6.615
6.685
6.755
6.825
6.895
6.965
0.035
0.105
0.175
0.245
0.315
0.385
0.455
0.525
0.595
0.665
0.735
0.805
0.875
0.945
1.015
1.085
1.155
1.225
1.295
1.365
1.435
1.505
1.575
1.645
1.715
1.785
1.855
1.925
1.995
2.065
2.135
2.205
2.275
2.345
2.415
2.485
2.555
2.625
2.695
2.765
2.835
2.905
2.975
3.045
3.115
3.185
3.255
3.325
3.395
3.465
3.535
3.605
3.675
3.745
3.815
3.885
3.955
4.025
4.095
4.165
4.235
4.305
4.375
4.445
4.515
4.585
4.655
4.725
4.795
4.865
4.935
5.005
5.075
5.145
5.215
5.285
5.355
5.425
5.495
5.565
5.635
5.705
5.775
5.845
5.915
5.985
6.055
6.125
6.195
6.265
6.335
6.405
6.475
6.545
6.615
6.685
6.755
6.825
6.895
6.965
0.035
0.105
0.175
0.245
0.315
0.385
0.455
0.525
0.595
0.665
0.735
0.805
0.875
0.945
1.015
1.085
1.155
1.225
1.295
1.365
1.435
1.505
1.575
1.645
1.715
1.785
1.855
1.925
1.995
2.065
2.135
2.205
2.275
2.345
2.415
2.485
2.555
2.625
2.695
2.765
2.835
2.905
2.975
3.045
3.115
3.185
3.255
3.325
3.395
3.465
3.535
3.605
3.675
3.745
3.815
3.885
3.955
4.025
4.095
4.165
4.235
4.305
4.375
4.445
4.515
4.585
4.655
4.725
4.795
4.865
4.935
5.005
5.075
5.145
5.215
5.285
5.355
5.425
5.495
5.565
5.635
5.705
5.775
5.845
5.915
5.985
6.055
6.125
6.195
6.265
6.335
6.405
6.475
6.545
6.615
6.685
6.755
6.825
6.895
6.965
0.035
0.105
0.175
0.245
0.315
0.385
0.455
0.525
0.595
0.665
0.735
0.805
0.875
0.945
1.015
1.085
1.155
1.225
1.295
1.365
1.435
1.505
1.575
1.645
1.715
1.785
1.855
1.925
1.995
2.065
2.135
2.205
2.275
2.345
2.415
2.485
2.555
2.625
2.695
2.765
2.835
2.905
2.975
3.045
3.115
3.185
3.255
3.325
3.395
3.465
3.535
3.605
3.675
3.745
3.815
3.885
3.955
4.025
4.095
4.165
4.235
4.305
4.375
4.445
4.515
4.585
4.655
4.725
4.795
4.865
4.935
5.005
5.075
5.145
5.215
5.285
5.355
5.425
5.495
5.565
5.635
5.705
5.775
5.845
5.915
5.985
6.055
6.125
6.195
6.265
6.335
6.405
6.475
6.545
6.615
6.685
6.755
6.825
6.895
6.965
0.035
0.105
0.175
0.245
0.315
0.385
0.455
0.525
0.595
0.665
0.735
0.805
0.875
0.945
1.015
1.085
1.155
1.225
1.295
1.365
1.435
1.505
1.575
1.645
1.715
1.785
1.855
1.925
1.995
2.065
2.135
2.205
2.275
2.345
2.415
2.485
2.555
2.625
2.695
2.765
2.835
2.905
2.975
3.045
3.115
3.185
3.255
3.325
3.395
3.465
3.535
3.605
3.675
3.745
3.815
3.885
3.955
4.025
4.095
4.165
4.235
4.305
4.375
4.445
4.515
4.585
4.655
4.725
4.795
4.865
4.935
5.005
5.075
5.145
5.215
5.285
5.355
5.425
5.495
5.565
5.635
5.705
5.775
5.845
5.915
5.985
6.055
6.125
6.195
6.265
6.335
6.405
6.475
6.545
6.615
6.685
6.755
6.825
6.895
6.965
0.035
0.105
0.175
0.245
0.315
0.385
0.455
0.525
0.595
0.665
0.735
0.805
0.875
0.945
1.015
1.085
1.155
1.225
1.295
1.365
1.435
1.505
1.575
1.645
1.715
1.785
1.855
1.925
1.995
2.065
2.135
2.205
2.275
2.345
2.415
2.485
2.555
2.625
2.695
2.765
2.835
2.905
2.975
3.045
3.115
3.185
3.255
3.325
3.395
3.465
3.535
3.605
3.675
3.745
3.815
3.885
3.955
4.025
4.095
4.165
4.235
4.305
4.375
4.445
4.515
4.585
4.655
4.725
4.795
4.865
4.935
5.005
5.075
5.145
5.215
5.285
5.355
5.425
5.495
5.565
5.635
5.705
5.775
5.845
5.915
5.985
6.055
6.125
6.195
6.265
6.335
6.405
6.475
6.545
6.615
6.685
6.755
6.825
6.895
6.965
0.035
0.105
0.175
0.245
0.315
0.385
0.455
0.525
0.595
0.665
0.735
0.805
0.875
0.945
1.015
1.085
1.155
1.225
1.295
1.365
1.435
1.505
1.575
1.645
1.715
1.785
1.855
1.925
1.995
2.065
2.135
2.205
2.275
2.345
2.415
2.485
2.555
2.625
2.695
2.765
2.835
2.905
2.975
3.045
3.115
3.185
3.255
3.325
3.395
3.465
3.535
3.605
3.675
3.745
3.815
3.885
3.955
4.025
4.095
4.165
4.235
4.305
4.375
4.445
4.515
4.585
4.655
4.725
4.795
4.865
4.935
5.005
5.075
5.145
5.215
5.285
5.355
5.425
5.495
5.565
5.635
5.705
5.775
5.845
5.915
5.985
6.055
6.125
6.195
6.265
6.335
6.405
6.475
6.545
6.615
6.685
6.755
6.825
6.895
6.965
0.035
0.105
0.175
0.245
0.315
0.385
0.455
0.525
0.595
0.665
0.735
0.805
0.875
0.945
1.015
1.085
1.155
1.225
1.295
1.365
1.435
1.505
1.575
1.645
1.715
1.785
1.855
1.925
1.995
2.065
2.135
2.205
2.275
2.345
2.415
2.485
2.555
2.625
2.695
2.765
2.835
2.905
2.975
3.045
3.115
3.185
3.255
3.325
3.395
3.465
3.535
3.605
3.675
3.745
3.815
3.885
3.955
4.025
4.095
4.165
4.235
4.305
4.375
4.445
4.515
4.585
4.655
4.725
4.795
4.865
4.935
5.005
5.075
5.145
5.215
5.285
5.355
5.425
5.495
5.565
5.635
5.705
5.775
5.845
5.915
5.985
6.055
6.125
6.195
6.265
6.335
6.405
6.475
6.545
6.615
6.685
6.755
6.825
6.895
6.965
0.035
0.105
0.175
0.245
0.315
0.385
0.455
0.525
0.595
0.665
0.735
0.805
0.875
0.945
1.015
1.085
1.155
1.225
1.295
1.365
1.435
1.505
1.575
1.645
1.715
1.785
1.855
1.925
1.995
2.065
2.135
2.205
2.275
2.345
2.415
2.485
2.555
2.625
2.695
2.765
2.835
2.905
2.975
3.045
3.115
3.185
3.255
3.325
3.395
3.465
3.535
3.605
3.675
3.745
3.815
3.885
3.955
4.025
4.095
4.165
4.235
4.305
4.375
4.445
4.515
4.585
4.655
4.725
4.795
4.865
4.935
5.005
5.075
5.145
5.215
5.285
5.355
5.425
5.495
5.565
5.635
5.705
5.775
5.845
5.915
5.985
6.055
6.125
6.195
6.265
6.335
6.405
6.475
6.545
6.615
6.685
6.755
6.825
6.895
6.965
0.035
0.105
0.175
0.245
0.315
0.385
0.455
0.525
0.595
0.665
0.735
0.805
0.875
0.945
1.015
1.085
1.155
1.225
1.295
1.365
1.435
1.505
1.575
1.645
1.715
1.785
1.855
1.925
1.995
2.065
2.135
2.205
2.275
2.345
2.415
2.485
2.555
2.625
2.695
2.765
2.835
2.905
2.975
3.045
3.115
3.185
3.255
3.325
3.395
3.465
3.535
3.605
3.675
3.745
3.815
3.885
3.955
4.025
4.095
4.165
4.235
4.305
4.375
4.445
4.515
4.585
4.655
4.725
4.795
4.865
4.935
5.005
5.075
5.145
5.215
5.285
5.355
5.425
5.495
5.565
5.635
5.705
5.775
5.845
5.915
5.985
6.055
6.125
6.195
6.265
6.335
6.405
6.475
6.545
6.615
6.685
6.755
6.825
6.895
6.965
0.035
0.105
0.175
0.245
0.315
0.385
0.455
0.525
0.595
0.665
0.735
0.805
0.875
0.945
1.015
1.085
1.155
1.225
1.295
1.365
1.435
1.505
1.575
1.645
1.715
1.785
1.855
1.925
1.995
2.065
2.135
2.205
2.275
2.345
2.415
2.485
2.555
2.625
2.695
2.765
2.835
2.905
2.975
3.045
3.115
3.185
3.255
3.325
3.395
3.465
3.535
3.605
3.675
3.745
3.815
3.885
3.955
4.025
4.095
4.165
4.235
4.305
4.375
4.445
4.515
4.585
4.655
4.725
4.795
4.865
4.935
5.005
5.075
5.145
5.215
5.285
5.355
5.425
5.495
5.565
5.635
5.705
5.775
5.845
5.915
5.985
6.055
6.125
6.195
6.265
6.335
6.405
6.475
6.545
6.615
6.685
6.755
6.825
6.895
6.965
0.035
0.105
0.175
0.245
0.315
0.385
0.455
0.525
0.595
0.665
0.735
0.805
0.875
0.945
1.015
1.085
1.155
1.225
1.295
1.365
1.435
1.505
1.575
1.645
1.715
1.785
1.855
1.925
1.995
2.065
2.135
2.205
2.275
2.345
2.415
2.485
2.555
2.625
2.695
2.765
2.835
2.905
2.975
3.045
3.115
3.185
3.255
3.325
3.395
3.465
3.535
3.605
3.675
3.745
3.815
3.885
3.955
4.025
4.095
4.165
4.235
4.305
4.375
4.445
4.515
4.585
4.655
4.725
4.795
4.865
4.935
5.005
5.075
5.145
5.215
5.285
5.355
5.425
5.495
5.565
5.635
5.705
5.775
5.845
5.915
5.985
6.055
6.125
6.195
6.265
6.335
6.405
6.475
6.545
6.615
6.685
6.755
6.825
6.895
6.965
0.035
0.105
0.175
0.245
0.315
0.385
0.455
0.525
0.595
0.665
0.735
0.805
0.875
0.945
1.015
1.085
1.155
1.225
1.295
1.365
1.435
1.505
1.575
1.645
1.715
1.785
1.855
1.925
1.995
2.065
2.135
2.205
2.275
2.345
2.415
2.485
2.555
2.625
2.695
2.765
2.835
2.905
2.975
3.045
3.115
3.185
3.255
3.325
3.395
3.465
3.535
3.605
3.675
3.745
3.815
3.885
3.955
4.025
4.095
4.165
4.235
4.305
4.375
4.445
4.515
4.585
4.655
4.725
4.795
4.865
4.935
5.005
5.075
5.145
5.215
5.285
5.355
5.425
5.495
5.565
5.635
5.705
5.775
5.845
5.915
5.985
6.055
6.125
6.195
6.265
6.335
6.405
6.475
6.545
6.615
6.685
6.755
6.825
6.895
6.965
0.035
0.105
0.175
0.245
0.315
0.385
0.455
0.525
0.595
0.665
0.735
0.805
0.875
0.945
1.015
1.085
1.155
1.225
1.295
1.365
1.435
1.505
1.575
1.645
1.715
1.785
1.855
1.925
1.995
2.065
2.135
2.205
2.275
2.345
2.415
2.485
2.555
2.625
2.695
2.765
2.835
2.905
2.975
3.045
3.115
3.185
3.255
3.325
3.395
3.465
3.535
3.605
3.675
3.745
3.815
3.885
3.955
4.025
4.095
4.165
4.235
4.305
4.375
4.445
4.515
4.585
4.655
4.725
4.795
4.865
4.935
5.005
5.075
5.145
5.215
5.285
5.355
5.425
5.495
5.565
5.635
5.705
5.775
5.845
5.915
5.985
6.055
6.125
6.195
6.265
6.335
6.405
6.475
6.545
6.615
6.685
6.755
6.825
6.895
6.965
0.035
0.105
0.175
0.245
0.315
0.385
0.455
0.525
0.595
0.665
0.735
0.805
0.875
0.945
1.015
1.085
1.155
1.225
1.295
1.365
1.435
1.505
1.575
1.645
1.715
1.785
1.855
1.925
1.995
2.065
2.135
2.205
2.275
2.345
2.415
2.485
2.555
2.625
2.695
2.765
2.835
2.905
2.975
3.045
3.115
3.185
3.255
3.325
3.395
3.465
3.535
3.605
3.675
3.745
3.815
3.885
3.955
4.025
4.095
4.165
4.235
4.305
4.375
4.445
4.515
4.585
4.655
4.725
4.795
4.865
4.935
5.005
5.075
5.145
5.215
5.285
5.355
5.425
5.495
5.565
5.635
5.705
5.775
5.845
5.915
5.985
6.055
6.125
6.195
6.265
6.335
6.405
6.475
6.545
6.615
6.685
6.755
6.825
6.895
6.965
0.035
0.105
0.175
0.245
0.315
0.385
0.455
0.525
0.595
0.665
0.735
0.805
0.875
0.945
1.015
1.085
1.155
1.225
1.295
1.365
1.435
1.505
1.575
1.645
1.715
1.785
1.855
1.925
1.995
2.065
2.135
2.205
2.275
2.345
2.415
2.485
2.555
2.625
2.695
2.765
2.835
2.905
2.975
3.045
3.115
3.185
3.255
3.325
3.395
3.465
3.535
3.605
3.675
3.745
3.815
3.885
3.955
4.025
4.095
4.165
4.235
4.305
4.375
4.445
4.515
4.585
4.655
4.725
4.795
4.865
4.935
5.005
5.075
5.145
5.215
5.285
5.355
5.425
5.495
5.565
5.635
5.705
5.775
5.845
5.915
5.985
6.055
6.125
6.195
6.265
6.335
6.405
6.475
6.545
6.615
6.685
6.755
6.825
6.895
6.965
0.035
0.105
0.175
0.245
0.315
0.385
0.455
0.525
0.595
0.665
0.735
0.805
0.875
0.945
1.015
1.085
1.155
1.225
1.295
1.365
1.435
1.505
1.575
1.645
1.715
1.785
1.855
1.925
1.995
2.065
2.135
2.205
2.275
2.345
2.415
2.485
2.555
2.625
2.695
2.765
2.835
2.905
2.975
3.045
3.115
3.185
3.255
3.325
3.395
3.465
3.535
3.605
3.675
3.745
3.815
3.885
3.955
4.025
4.095
4.165
4.235
4.305
4.375
4.445
4.515
4.585
4.655
4.725
4.795
4.865
4.935
5.005
5.075
5.145
5.215
5.285
5.355
5.425
5.495
5.565
5.635
5.705
5.775
5.845
5.915
5.985
6.055
6.125
6.195
6.265
6.335
6.405
6.475
6.545
6.615
6.685
6.755
6.825
6.895
6.965
7.00024
7.00071
7.00119
7.00166
7.00213
7.00261
7.00308
7.00356
7.00403
7.0045
7.00498
7.00545
7.00593
7.0064
7.00687
7.00735
7.00782
7.0083
7.00877
7.00924
7.00972
7.01019
7.01067
7.01114
7.01161
7.01209
7.01256
7.01304
7.01351
7.01398
7.01446
7.01493
7.01541
7.01588
7.01635
7.01683
7.0173
7.01778
7.01825
7.01872
7.0192
7.01967
7.02015
7.02062
7.02109
7.02157
7.02204
7.02252
7.02299
7.02346
7.02394
7.02441
7.02489
7.02536
7.02583
7.02631
7.02678
7.02726
7.02773
7.0282
7.02868
7.02915
7.02963
7.0301
7.03058
7.03105
7.03152
7.032
7.03247
7.03295
7.03342
7.03389
7.03437
7.03484
7.03532
7.03579
7.03626
7.03674
7.03721
7.03769
7.03816
7.03863
7.03911
7.03958
7.04006
7.04053
7.041
7.04148
7.04195
7.04243
7.0429
7.04337
7.04385
7.04432
7.0448
7.04527
7.04574
7.04622
7.04669
7.04717
7.00055
7.00166
7.00277
7.00387
7.00498
7.00608
7.00719
7.0083
7.0094
7.01051
7.01161
7.01272
7.01383
7.01493
7.01604
7.01714
7.01825
7.01936
7.02046
7.02157
7.02267
7.02378
7.02489
7.02599
7.0271
7.0282
7.02931
7.03042
7.03152
7.03263
7.03374
7.03484
7.03595
7.03705
7.03816
7.03927
7.04037
7.04148
7.04258
7.04369
7.0448
7.0459
7.04701
7.04811
7.04922
7.05033
7.05143
7.05254
7.05364
7.05475
7.05586
7.05696
7.05807
7.05917
7.06028
7.06139
7.06249
7.0636
7.06471
7.06581
7.06692
7.06802
7.06913
7.07024
7.07134
7.07245
7.07355
7.07466
7.07577
7.07687
7.07798
7.07908
7.08019
7.0813
7.0824
7.08351
7.08461
7.08572
7.08683
7.08793
7.08904
7.09014
7.09125
7.09236
7.09346
7.09457
7.09568
7.09678
7.09789
7.09899
7.1001
7.10121
7.10231
7.10342
7.10452
7.10563
7.10674
7.10784
7.10895
7.11005
7.0009
7.0027
7.0045
7.0063
7.00811
7.00991
7.01171
7.01351
7.01531
7.01711
7.01891
7.02072
7.02252
7.02432
7.02612
7.02792
7.02972
7.03152
7.03332
7.03513
7.03693
7.03873
7.04053
7.04233
7.04413
7.04593
7.04773
7.04954
7.05134
7.05314
7.05494
7.05674
7.05854
7.06034
7.06215
7.06395
7.06575
7.06755
7.06935
7.07115
7.07295
7.07475
7.07656
7.07836
7.08016
7.08196
7.08376
7.08556
7.08736
7.08917
7.09097
7.09277
7.09457
7.09637
7.09817
7.09997
7.10177
7.10358
7.10538
7.10718
7.10898
7.11078
7.11258
7.11438
7.11619
7.11799
7.11979
7.12159
7.12339
7.12519
7.12699
7.12879
7.1306
7.1324
7.1342
7.136
7.1378
7.1396
7.1414
7.1432
7.14501
7.14681
7.14861
7.15041
7.15221
7.15401
7.15581
7.15762
7.15942
7.16122
7.16302
7.16482
7.16662
7.16842
7.17022
7.17203
7.17383
7.17563
7.17743
7.17923
7.00125
7.00376
7.00626
7.00877
7.01128
7.01378
7.01629
7.01879
7.0213
7.0238
7.02631
7.02881
7.03132
7.03383
7.03633
7.03884
7.04134
7.04385
7.04635
7.04886
7.05136
7.05387
7.05638
7.05888
7.06139
7.06389
7.0664
7.0689
7.07141
7.07391
7.07642
7.07893
7.08143
7.08394
7.08644
7.08895
7.09145
7.09396
7.09647
7.09897
7.10148
7.10398
7.10649
7.10899
7.1115
7.114
7.11651
7.11902
7.12152
7.12403
7.12653
7.12904
7.13154
7.13405
7.13655
7.13906
7.14157
7.14407
7.14658
7.14908
7.15159
7.15409
7.1566
7.15911
7.16161
7.16412
7.16662
7.16913
7.17163
7.17414
7.17664
7.17915
7.18166
7.18416
7.18667
7.18917
7.19168
7.19418
7.19669
7.19919
7.2017
7.20421
7.20671
7.20922
7.21172
7.21423
7.21673
7.21924
7.22174
7.22425
7.22676
7.22926
7.23177
7.23427
7.23678
7.23928
7.24179
7.2443
7.2468
7.24931
7.00161
7.00482
7.00803
7.01125
7.01446
7.01767
7.02088
7.0241
7.02731
7.03052
7.03374
7.03695
7.04016
7.04337
7.04659
7.0498
7.05301
7.05623
7.05944
7.06265
7.06586
7.06908
7.07229
7.0755
7.07872
7.08193
7.08514
7.08835
7.09157
7.09478
7.09799
7.10121
7.10442
7.10763
7.11084
7.11406
7.11727
7.12048
7.1237
7.12691
7.13012
7.13333
7.13655
7.13976
7.14297
7.14619
7.1494
7.15261
7.15582
7.15904
7.16225
7.16546
7.16868
7.17189
7.1751
7.17831
7.18153
7.18474
7.18795
7.19117
7.19438
7.19759
7.2008
7.20402
7.20723
7.21044
7.21366
7.21687
7.22008
7.22329
7.22651
7.22972
7.23293
7.23615
7.23936
7.24257
7.24579
7.249
7.25221
7.25542
7.25864
7.26185
7.26506
7.26828
7.27149
7.2747
7.27791
7.28113
7.28434
7.28755
7.29077
7.29398
7.29719
7.3004
7.30362
7.30683
7.31004
7.31326
7.31647
7.31968
7.00196
7.00588
7.0098
7.01373
7.01765
7.02157
7.02549
7.02941
7.03333
7.03725
7.04118
7.0451
7.04902
7.05294
7.05686
7.06078
7.06471
7.06863
7.07255
7.07647
7.08039
7.08431
7.08823
7.09216
7.09608
7.1
7.10392
7.10784
7.11176
7.11569
7.11961
7.12353
7.12745
7.13137
7.13529
7.13921
7.14314
7.14706
7.15098
7.1549
7.15882
7.16274
7.16667
7.17059
7.17451
7.17843
7.18235
7.18627
7.19019
7.19412
7.19804
7.20196
7.20588
7.2098
7.21372
7.21764
7.22157
7.22549
7.22941
7.23333
7.23725
7.24117
7.2451
7.24902
7.25294
7.25686
7.26078
7.2647
7.26862
7.27255
7.27647
7.28039
7.28431
7.28823
7.29215
7.29608
7.3
7.30392
7.30784
7.31176
7.31568
7.3196
7.32353
7.32745
7.33137
7.33529
7.33921
7.34313
7.34706
7.35098
7.3549
7.35882
7.36274
7.36666
7.37058
7.37451
7.37843
7.38235
7.38627
7.39019
7.00232
7.00695
7.01158
7.01621
7.02084
7.02547
7.0301
7.03473
7.03936
7.04399
7.04862
7.05326
7.05789
7.06252
7.06715
7.07178
7.07641
7.08104
7.08567
7.0903
7.09493
7.09956
7.1042
7.10883
7.11346
7.11809
7.12272
7.12735
7.13198
7.13661
7.14124
7.14587
7.1505
7.15514
7.15977
7.1644
7.16903
7.17366
7.17829
7.18292
7.18755
7.19218
7.19681
7.20144
7.20608
7.21071
7.21534
7.21997
7.2246
7.22923
7.23386
7.23849
7.24312
7.24775
7.25239
7.25702
7.26165
7.26628
7.27091
7.27554
7.28017
7.2848
7.28943
7.29406
7.29869
7.30333
7.30796
7.31259
7.31722
7.32185
7.32648
7.33111
7.33574
7.34037
7.345
7.34963
7.35427
7.3589
7.36353
7.36816
7.37279
7.37742
7.38205
7.38668
7.39131
7.39594
7.40057
7.40521
7.40984
7.41447
7.4191
7.42373
7.42836
7.43299
7.43762
7.44225
7.44688
7.45151
7.45615
7.46078
7.00267
7.00801
7.01335
7.01869
7.02403
7.02937
7.03471
7.04006
7.0454
7.05074
7.05608
7.06142
7.06676
7.0721
7.07744
7.08278
7.08812
7.09346
7.0988
7.10414
7.10949
7.11483
7.12017
7.12551
7.13085
7.13619
7.14153
7.14687
7.15221
7.15755
7.16289
7.16823
7.17357
7.17892
7.18426
7.1896
7.19494
7.20028
7.20562
7.21096
7.2163
7.22164
7.22698
7.23232
7.23766
7.243
7.24834
7.25369
7.25903
7.26437
7.26971
7.27505
7.28039
7.28573
7.29107
7.29641
7.30175
7.30709
7.31243
7.31777
7.32312
7.32846
7.3338
7.33914
7.34448
7.34982
7.35516
7.3605
7.36584
7.37118
7.37652
7.38186
7.3872
7.39255
7.39789
7.40323
7.40857
7.41391
7.41925
7.42459
7.42993
7.43527
7.44061
7.44595
7.45129
7.45663
7.46197
7.46732
7.47266
7.478
7.48334
7.48868
7.49402
7.49936
7.5047
7.51004
7.51538
7.52072
7.52606
7.5314
7.00303
7.00908
7.01513
7.02118
7.02723
7.03328
7.03933
7.04538
7.05143
7.05748
7.06353
7.06958
7.07564
7.08169
7.08774
7.09379
7.09984
7.10589
7.11194
7.11799
7.12404
7.13009
7.13614
7.1422
7.14825
7.1543
7.16035
7.1664
7.17245
7.1785
7.18455
7.1906
7.19665
7.2027
7.20875
7.21481
7.22086
7.22691
7.23296
7.23901
7.24506
7.25111
7.25716
7.26321
7.26926
7.27531
7.28137
7.28742
7.29347
7.29952
7.30557
7.31162
7.31767
7.32372
7.32977
7.33582
7.34187
7.34792
7.35398
7.36003
7.36608
7.37213
7.37818
7.38423
7.39028
7.39633
7.40238
7.40843
7.41448
7.42054
7.42659
7.43264
7.43869
7.44474
7.45079
7.45684
7.46289
7.46894
7.47499
7.48104
7.48709
7.49315
7.4992
7.50525
7.5113
7.51735
7.5234
7.52945
7.5355
7.54155
7.5476
7.55365
7.55971
7.56576
7.57181
7.57786
7.58391
7.58996
7.59601
7.60206
7.00338
7.01014
7.0169
7.02366
7.03043
7.03719
7.04395
7.05071
7.05747
7.06423
7.07099
7.07775
7.08451
7.09128
7.09804
7.1048
7.11156
7.11832
7.12508
7.13184
7.1386
7.14537
7.15213
7.15889
7.16565
7.17241
7.17917
7.18593
7.19269
7.19945
7.20622
7.21298
7.21974
7.2265
7.23326
7.24002
7.24678
7.25354
7.26031
7.26707
7.27383
7.28059
7.28735
7.29411
7.30087
7.30763
7.31439
7.32116
7.32792
7.33468
7.34144
7.3482
7.35496
7.36172
7.36848
7.37525
7.38201
7.38877
7.39553
7.40229
7.40905
7.41581
7.42257
7.42933
7.4361
7.44286
7.44962
7.45638
7.46314
7.4699
7.47666
7.48342
7.49019
7.49695
7.50371
7.51047
7.51723
7.52399
7.53075
7.53751
7.54428
7.55104
7.5578
7.56456
7.57132
7.57808
7.58484
7.5916
7.59836
7.60513
7.61189
7.61865
7.62541
7.63217
7.63893
7.64569
7.65245
7.65922
7.66598
7.67274
7.00374
7.01121
7.01868
7.02615
7.03362
7.04109
7.04857
7.05604
7.06351
7.07098
7.07845
7.08592
7.0934
7.10087
7.10834
7.11581
7.12328
7.13075
7.13823
7.1457
7.15317
7.16064
7.16811
7.17558
7.18306
7.19053
7.198
7.20547
7.21294
7.22041
7.22788
7.23536
7.24283
7.2503
7.25777
7.26524
7.27271
7.28019
7.28766
7.29513
7.3026
7.31007
7.31754
7.32502
7.33249
7.33996
7.34743
7.3549
7.36237
7.36985
7.37732
7.38479
7.39226
7.39973
7.4072
7.41468
7.42215
7.42962
7.43709
7.44456
7.45203
7.45951
7.46698
7.47445
7.48192
7.48939
7.49686
7.50434
7.51181
7.51928
7.52675
7.53422
7.54169
7.54917
7.55664
7.56411
7.57158
7.57905
7.58652
7.59399
7.60147
7.60894
7.61641
7.62388
7.63135
7.63882
7.6463
7.65377
7.66124
7.66871
7.67618
7.68365
7.69113
7.6986
7.70607
7.71354
7.72101
7.72848
7.73596
7.74343
7.00409
7.01227
7.02046
7.02864
7.03682
7.045
7.05318
7.06137
7.06955
7.07773
7.08591
7.0941
7.10228
7.11046
7.11864
7.12682
7.13501
7.14319
7.15137
7.15955
7.16773
7.17592
7.1841
7.19228
7.20046
7.20865
7.21683
7.22501
7.23319
7.24137
7.24956
7.25774
7.26592
7.2741
7.28229
7.29047
7.29865
7.30683
7.31501
7.3232
7.33138
7.33956
7.34774
7.35593
7.36411
7.37229
7.38047
7.38865
7.39684
7.40502
7.4132
7.42138
7.42956
7.43775
7.44593
7.45411
7.46229
7.47048
7.47866
7.48684
7.49502
7.5032
7.51139
7.51957
7.52775
7.53593
7.54412
7.5523
7.56048
7.56866
7.57684
7.58503
7.59321
7.60139
7.60957
7.61776
7.62594
7.63412
7.6423
7.65048
7.65867
7.66685
7.67503
7.68321
7.69139
7.69958
7.70776
7.71594
7.72412
7.73231
7.74049
7.74867
7.75685
7.76503
7.77322
7.7814
7.78958
7.79776
7.80595
7.81413
7.00445
7.01334
7.02223
7.03112
7.04002
7.04891
7.0578
7.0667
7.07559
7.08448
7.09337
7.10227
7.11116
7.12005
7.12895
7.13784
7.14673
7.15562
7.16452
7.17341
7.1823
7.1912
7.20009
7.20898
7.21787
7.22677
7.23566
7.24455
7.25345
7.26234
7.27123
7.28012
7.28902
7.29791
7.3068
7.3157
7.32459
7.33348
7.34237
7.35127
7.36016
7.36905
7.37795
7.38684
7.39573
7.40462
7.41352
7.42241
7.4313
7.44019
7.44909
7.45798
7.46687
7.47577
7.48466
7.49355
7.50244
7.51134
7.52023
7.52912
7.53802
7.54691
7.5558
7.56469
7.57359
7.58248
7.59137
7.60027
7.60916
7.61805
7.62694
7.63584
7.64473
7.65362
7.66252
7.67141
7.6803
7.68919
7.69809
7.70698
7.71587
7.72477
7.73366
7.74255
7.75144
7.76034
7.76923
7.77812
7.78701
7.79591
7.8048
7.81369
7.82259
7.83148
7.84037
7.84926
7.85816
7.86705
7.87594
7.88484
7.0048
7.01441
7.02401
7.03361
7.04322
7.05282
7.06242
7.07203
7.08163
7.09123
7.10084
7.11044
7.12004
7.12965
7.13925
7.14885
7.15846
7.16806
7.17767
7.18727
7.19687
7.20648
7.21608
7.22568
7.23529
7.24489
7.25449
7.2641
7.2737
7.2833
7.29291
7.30251
7.31211
7.32172
7.33132
7.34092
7.35053
7.36013
7.36974
7.37934
7.38894
7.39855
7.40815
7.41775
7.42736
7.43696
7.44656
7.45617
7.46577
7.47537
7.48498
7.49458
7.50418
7.51379
7.52339
7.533
7.5426
7.5522
7.56181
7.57141
7.58101
7.59062
7.60022
7.60982
7.61943
7.62903
7.63863
7.64824
7.65784
7.66744
7.67705
7.68665
7.69626
7.70586
7.71546
7.72507
7.73467
7.74427
7.75388
7.76348
7.77308
7.78269
7.79229
7.80189
7.8115
7.8211
7.8307
7.84031
7.84991
7.85951
7.86912
7.87872
7.88833
7.89793
7.90753
7.91714
7.92674
7.93634
7.94595
7.95555
7.00516
7.01547
7.02579
7.0361
7.04641
7.05673
7.06704
7.07736
7.08767
7.09799
7.1083
7.11861
7.12893
7.13924
7.14956
7.15987
7.17019
7.1805
7.19081
7.20113
7.21144
7.22176
7.23207
7.24239
7.2527
7.26301
7.27333
7.28364
7.29396
7.30427
7.31459
7.3249
7.33521
7.34553
7.35584
7.36616
7.37647
7.38678
7.3971
7.40741
7.41773
7.42804
7.43836
7.44867
7.45898
7.4693
7.47961
7.48993
7.50024
7.51056
7.52087
7.53118
7.5415
7.55181
7.56213
7.57244
7.58276
7.59307
7.60338
7.6137
7.62401
7.63433
7.64464
7.65496
7.66527
7.67558
7.6859
7.69621
7.70653
7.71684
7.72716
7.73747
7.74778
7.7581
7.76841
7.77873
7.78904
7.79936
7.80967
7.81998
7.8303
7.84061
7.85093
7.86124
7.87156
7.88187
7.89218
7.9025
7.91281
7.92313
7.93344
7.94376
7.95407
7.96438
7.9747
7.98501
7.99533
8.00564
8.01595
8.02627
7.00557
7.01672
7.02787
7.03901
7.05016
7.06131
7.07245
7.0836
7.09474
7.10589
7.11704
7.12818
7.13933
7.15048
7.16162
7.17277
7.18392
7.19506
7.20621
7.21736
7.2285
7.23965
7.2508
7.26194
7.27309
7.28423
7.29538
7.30653
7.31767
7.32882
7.33997
7.35111
7.36226
7.37341
7.38455
7.3957
7.40685
7.41799
7.42914
7.44028
7.45143
7.46258
7.47372
7.48487
7.49602
7.50716
7.51831
7.52946
7.5406
7.55175
7.5629
7.57404
7.58519
7.59634
7.60748
7.61863
7.62977
7.64092
7.65207
7.66321
7.67436
7.68551
7.69665
7.7078
7.71895
7.73009
7.74124
7.75239
7.76353
7.77468
7.78582
7.79697
7.80812
7.81926
7.83041
7.84156
7.8527
7.86385
7.875
7.88614
7.89729
7.90844
7.91958
7.93073
7.94188
7.95302
7.96417
7.97531
7.98646
7.99761
8.00875
8.0199
8.03105
8.04219
8.05334
8.06449
8.07563
8.08678
8.09793
8.10907
7.00605
7.01814
7.03023
7.04233
7.05442
7.06652
7.07861
7.0907
7.1028
7.11489
7.12699
7.13908
7.15117
7.16327
7.17536
7.18746
7.19955
7.21164
7.22374
7.23583
7.24793
7.26002
7.27211
7.28421
7.2963
7.3084
7.32049
7.33258
7.34468
7.35677
7.36887
7.38096
7.39305
7.40515
7.41724
7.42934
7.44143
7.45352
7.46562
7.47771
7.48981
7.5019
7.51399
7.52609
7.53818
7.55028
7.56237
7.57446
7.58656
7.59865
7.61075
7.62284
7.63493
7.64703
7.65912
7.67122
7.68331
7.6954
7.7075
7.71959
7.73169
7.74378
7.75587
7.76797
7.78006
7.79216
7.80425
7.81634
7.82844
7.84053
7.85263
7.86472
7.87681
7.88891
7.901
7.9131
7.92519
7.93728
7.94938
7.96147
7.97357
7.98566
7.99775
8.00985
8.02194
8.03404
8.04613
8.05822
8.07032
8.08241
8.09451
8.1066
8.11869
8.13079
8.14288
8.15498
8.16707
8.17916
8.19126
8.20335
7.00652
7.01956
7.0326
7.04565
7.05869
7.07173
7.08477
7.09781
7.11085
7.1239
7.13694
7.14998
7.16302
7.17606
7.1891
7.20214
7.21519
7.22823
7.24127
7.25431
7.26735
7.28039
7.29344
7.30648
7.31952
7.33256
7.3456
7.35864
7.37169
7.38473
7.39777
7.41081
7.42385
7.43689
7.44994
7.46298
7.47602
7.48906
7.5021
7.51514
7.52818
7.54123
7.55427
7.56731
7.58035
7.59339
7.60643
7.61948
7.63252
7.64556
7.6586
7.67164
7.68468
7.69773
7.71077
7.72381
7.73685
7.74989
7.76293
7.77597
7.78902
7.80206
7.8151
7.82814
7.84118
7.85422
7.86727
7.88031
7.89335
7.90639
7.91943
7.93247
7.94552
7.95856
7.9716
7.98464
7.99768
8.01072
8.02377
8.03681
8.04985
8.06289
8.07593
8.08897
8.10201
8.11506
8.1281
8.14114
8.15418
8.16722
8.18026
8.19331
8.20635
8.21939
8.23243
8.24547
8.25851
8.27156
8.2846
8.29764
7.00699
7.02098
7.03497
7.04896
7.06295
7.07694
7.09093
7.10492
7.11891
7.1329
7.14689
7.16088
7.17487
7.18886
7.20284
7.21683
7.23082
7.24481
7.2588
7.27279
7.28678
7.30077
7.31476
7.32875
7.34274
7.35673
7.37072
7.3847
7.39869
7.41268
7.42667
7.44066
7.45465
7.46864
7.48263
7.49662
7.51061
7.5246
7.53859
7.55258
7.56657
7.58055
7.59454
7.60853
7.62252
7.63651
7.6505
7.66449
7.67848
7.69247
7.70646
7.72045
7.73444
7.74843
7.76242
7.7764
7.79039
7.80438
7.81837
7.83236
7.84635
7.86034
7.87433
7.88832
7.90231
7.9163
7.93029
7.94428
7.95826
7.97225
7.98624
8.00023
8.01422
8.02821
8.0422
8.05619
8.07018
8.08417
8.09816
8.11215
8.12614
8.14013
8.15411
8.1681
8.18209
8.19608
8.21007
8.22406
8.23805
8.25204
8.26603
8.28002
8.29401
8.308
8.32199
8.33597
8.34996
8.36395
8.37794
8.39193
7.00747
7.02241
7.03734
7.05228
7.06722
7.08215
7.09709
7.11203
7.12696
7.1419
7.15684
7.17178
7.18671
7.20165
7.21659
7.23152
7.24646
7.2614
7.27633
7.29127
7.30621
7.32115
7.33608
7.35102
7.36596
7.38089
7.39583
7.41077
7.4257
7.44064
7.45558
7.47052
7.48545
7.50039
7.51533
7.53026
7.5452
7.56014
7.57507
7.59001
7.60495
7.61988
7.63482
7.64976
7.6647
7.67963
7.69457
7.70951
7.72444
7.73938
7.75432
7.76925
7.78419
7.79913
7.81407
7.829
7.84394
7.85888
7.87381
7.88875
7.90369
7.91862
7.93356
7.9485
7.96344
7.97837
7.99331
8.00825
8.02318
8.03812
8.05306
8.06799
8.08293
8.09787
8.11281
8.12774
8.14268
8.15762
8.17255
8.18749
8.20243
8.21736
8.2323
8.24724
8.26218
8.27711
8.29205
8.30699
8.32192
8.33686
8.3518
8.36673
8.38167
8.39661
8.41155
8.42648
8.44142
8.45636
8.47129
8.48623
7.00794
7.02383
7.03971
7.0556
7.07148
7.08737
7.10325
7.11914
7.13502
7.15091
7.16679
7.18267
7.19856
7.21444
7.23033
7.24621
7.2621
7.27798
7.29387
7.30975
7.32564
7.34152
7.35741
7.37329
7.38918
7.40506
7.42095
7.43683
7.45272
7.4686
7.48448
7.50037
7.51625
7.53214
7.54802
7.56391
7.57979
7.59568
7.61156
7.62745
7.64333
7.65922
7.6751
7.69099
7.70687
7.72276
7.73864
7.75453
7.77041
7.78629
7.80218
7.81806
7.83395
7.84983
7.86572
7.8816
7.89749
7.91337
7.92926
7.94514
7.96103
7.97691
7.9928
8.00868
8.02457
8.04045
8.05634
8.07222
8.08811
8.10399
8.11987
8.13576
8.15164
8.16753
8.18341
8.1993
8.21518
8.23107
8.24695
8.26284
8.27872
8.29461
8.31049
8.32638
8.34226
8.35815
8.37403
8.38992
8.4058
8.42168
8.43757
8.45345
8.46934
8.48522
8.50111
8.51699
8.53288
8.54876
8.56465
8.58053
7.00842
7.02525
7.04208
7.05891
7.07575
7.09258
7.10941
7.12624
7.14308
7.15991
7.17674
7.19357
7.21041
7.22724
7.24407
7.2609
7.27774
7.29457
7.3114
7.32823
7.34507
7.3619
7.37873
7.39556
7.4124
7.42923
7.44606
7.46289
7.47973
7.49656
7.51339
7.53023
7.54706
7.56389
7.58072
7.59756
7.61439
7.63122
7.64805
7.66489
7.68172
7.69855
7.71538
7.73222
7.74905
7.76588
7.78271
7.79955
7.81638
7.83321
7.85004
7.86688
7.88371
7.90054
7.91737
7.93421
7.95104
7.96787
7.9847
8.00154
8.01837
8.0352
8.05203
8.06887
8.0857
8.10253
8.11936
8.1362
8.15303
8.16986
8.18669
8.20353
8.22036
8.23719
8.25402
8.27086
8.28769
8.30452
8.32135
8.33819
8.35502
8.37185
8.38868
8.40552
8.42235
8.43918
8.45601
8.47285
8.48968
8.50651
8.52334
8.54018
8.55701
8.57384
8.59068
8.60751
8.62434
8.64117
8.65801
8.67484
7.00889
7.02667
7.04445
7.06223
7.08001
7.09779
7.11557
7.13335
7.15113
7.16891
7.18669
7.20447
7.22225
7.24003
7.25782
7.2756
7.29338
7.31116
7.32894
7.34672
7.3645
7.38228
7.40006
7.41784
7.43562
7.4534
7.47118
7.48896
7.50674
7.52452
7.5423
7.56008
7.57786
7.59564
7.61342
7.6312
7.64898
7.66676
7.68454
7.70232
7.7201
7.73789
7.75567
7.77345
7.79123
7.80901
7.82679
7.84457
7.86235
7.88013
7.89791
7.91569
7.93347
7.95125
7.96903
7.98681
8.00459
8.02237
8.04015
8.05793
8.07571
8.09349
8.11127
8.12905
8.14683
8.16461
8.18239
8.20017
8.21795
8.23574
8.25352
8.2713
8.28908
8.30686
8.32464
8.34242
8.3602
8.37798
8.39576
8.41354
8.43132
8.4491
8.46688
8.48466
8.50244
8.52022
8.538
8.55578
8.57356
8.59134
8.60912
8.6269
8.64468
8.66246
8.68024
8.69802
8.71581
8.73359
8.75137
8.76915
7.00936
7.02809
7.04682
7.06555
7.08428
7.10301
7.12173
7.14046
7.15919
7.17792
7.19665
7.21537
7.2341
7.25283
7.27156
7.29029
7.30902
7.32774
7.34647
7.3652
7.38393
7.40266
7.42138
7.44011
7.45884
7.47757
7.4963
7.51503
7.53375
7.55248
7.57121
7.58994
7.60867
7.6274
7.64612
7.66485
7.68358
7.70231
7.72104
7.73976
7.75849
7.77722
7.79595
7.81468
7.83341
7.85213
7.87086
7.88959
7.90832
7.92705
7.94577
7.9645
7.98323
8.00196
8.02069
8.03942
8.05814
8.07687
8.0956
8.11433
8.13306
8.15178
8.17051
8.18924
8.20797
8.2267
8.24543
8.26415
8.28288
8.30161
8.32034
8.33907
8.3578
8.37652
8.39525
8.41398
8.43271
8.45144
8.47016
8.48889
8.50762
8.52635
8.54508
8.56381
8.58253
8.60126
8.61999
8.63872
8.65745
8.67617
8.6949
8.71363
8.73236
8.75109
8.76982
8.78854
8.80727
8.826
8.84473
8.86346
7.00984
7.02951
7.04919
7.06887
7.08854
7.10822
7.12789
7.14757
7.16725
7.18692
7.2066
7.22627
7.24595
7.26563
7.2853
7.30498
7.32466
7.34433
7.36401
7.38368
7.40336
7.42304
7.44271
7.46239
7.48206
7.50174
7.52142
7.54109
7.56077
7.58044
7.60012
7.6198
7.63947
7.65915
7.67882
7.6985
7.71818
7.73785
7.75753
7.77721
7.79688
7.81656
7.83623
7.85591
7.87559
7.89526
7.91494
7.93461
7.95429
7.97397
7.99364
8.01332
8.03299
8.05267
8.07235
8.09202
8.1117
8.13137
8.15105
8.17073
8.1904
8.21008
8.22975
8.24943
8.26911
8.28878
8.30846
8.32814
8.34781
8.36749
8.38716
8.40684
8.42652
8.44619
8.46587
8.48554
8.50522
8.5249
8.54457
8.56425
8.58392
8.6036
8.62328
8.64295
8.66263
8.6823
8.70198
8.72166
8.74133
8.76101
8.78069
8.80036
8.82004
8.83971
8.85939
8.87907
8.89874
8.91842
8.93809
8.95777
7.01031
7.03094
7.05156
7.07218
7.09281
7.11343
7.13406
7.15468
7.1753
7.19593
7.21655
7.23718
7.2578
7.27842
7.29905
7.31967
7.3403
7.36092
7.38154
7.40217
7.42279
7.44342
7.46404
7.48466
7.50529
7.52591
7.54654
7.56716
7.58778
7.60841
7.62903
7.64965
7.67028
7.6909
7.71153
7.73215
7.75277
7.7734
7.79402
7.81465
7.83527
7.85589
7.87652
7.89714
7.91777
7.93839
7.95901
7.97964
8.00026
8.02089
8.04151
8.06213
8.08276
8.10338
8.12401
8.14463
8.16525
8.18588
8.2065
8.22713
8.24775
8.26837
8.289
8.30962
8.33025
8.35087
8.37149
8.39212
8.41274
8.43337
8.45399
8.47461
8.49524
8.51586
8.53649
8.55711
8.57773
8.59836
8.61898
8.63961
8.66023
8.68085
8.70148
8.7221
8.74272
8.76335
8.78397
8.8046
8.82522
8.84584
8.86647
8.88709
8.90772
8.92834
8.94896
8.96959
8.99021
9.01084
9.03146
9.05208
7.01079
7.03236
7.05393
7.0755
7.09707
7.11865
7.14022
7.16179
7.18336
7.20493
7.2265
7.24808
7.26965
7.29122
7.31279
7.33436
7.35594
7.37751
7.39908
7.42065
7.44222
7.4638
7.48537
7.50694
7.52851
7.55008
7.57165
7.59323
7.6148
7.63637
7.65794
7.67951
7.70109
7.72266
7.74423
7.7658
7.78737
7.80894
7.83052
7.85209
7.87366
7.89523
7.9168
7.93838
7.95995
7.98152
8.00309
8.02466
8.04624
8.06781
8.08938
8.11095
8.13252
8.15409
8.17567
8.19724
8.21881
8.24038
8.26195
8.28353
8.3051
8.32667
8.34824
8.36981
8.39139
8.41296
8.43453
8.4561
8.47767
8.49924
8.52082
8.54239
8.56396
8.58553
8.6071
8.62868
8.65025
8.67182
8.69339
8.71496
8.73653
8.75811
8.77968
8.80125
8.82282
8.84439
8.86597
8.88754
8.90911
8.93068
8.95225
8.97383
8.9954
9.01697
9.03854
9.06011
9.08168
9.10326
9.12483
9.1464
7.01126
7.03378
7.0563
7.07882
7.10134
7.12386
7.14638
7.1689
7.19142
7.21394
7.23646
7.25898
7.2815
7.30402
7.32654
7.34906
7.37158
7.3941
7.41662
7.43914
7.46166
7.48418
7.50669
7.52921
7.55173
7.57425
7.59677
7.61929
7.64181
7.66433
7.68685
7.70937
7.73189
7.75441
7.77693
7.79945
7.82197
7.84449
7.86701
7.88953
7.91205
7.93457
7.95709
7.97961
8.00213
8.02465
8.04717
8.06969
8.09221
8.11473
8.13725
8.15977
8.18229
8.20481
8.22733
8.24985
8.27237
8.29489
8.31741
8.33993
8.36245
8.38497
8.40749
8.43001
8.45253
8.47505
8.49757
8.52008
8.5426
8.56512
8.58764
8.61016
8.63268
8.6552
8.67772
8.70024
8.72276
8.74528
8.7678
8.79032
8.81284
8.83536
8.85788
8.8804
8.90292
8.92544
8.94796
8.97048
8.993
9.01552
9.03804
9.06056
9.08308
9.1056
9.12812
9.15064
9.17316
9.19568
9.2182
9.24072
7.01173
7.0352
7.05867
7.08214
7.1056
7.12907
7.15254
7.17601
7.19948
7.22294
7.24641
7.26988
7.29335
7.31681
7.34028
7.36375
7.38722
7.41068
7.43415
7.45762
7.48109
7.50456
7.52802
7.55149
7.57496
7.59843
7.62189
7.64536
7.66883
7.6923
7.71576
7.73923
7.7627
7.78617
7.80964
7.8331
7.85657
7.88004
7.90351
7.92697
7.95044
7.97391
7.99738
8.02085
8.04431
8.06778
8.09125
8.11472
8.13818
8.16165
8.18512
8.20859
8.23205
8.25552
8.27899
8.30246
8.32593
8.34939
8.37286
8.39633
8.4198
8.44326
8.46673
8.4902
8.51367
8.53713
8.5606
8.58407
8.60754
8.63101
8.65447
8.67794
8.70141
8.72488
8.74834
8.77181
8.79528
8.81875
8.84221
8.86568
8.88915
8.91262
8.93609
8.95955
8.98302
9.00649
9.02996
9.05342
9.07689
9.10036
9.12383
9.14729
9.17076
9.19423
9.2177
9.24117
9.26463
9.2881
9.31157
9.33504
7.01221
7.03662
7.06104
7.08545
7.10987
7.13429
7.1587
7.18312
7.20753
7.23195
7.25636
7.28078
7.3052
7.32961
7.35403
7.37844
7.40286
7.42727
7.45169
7.4761
7.50052
7.52494
7.54935
7.57377
7.59818
7.6226
7.64701
7.67143
7.69585
7.72026
7.74468
7.76909
7.79351
7.81792
7.84234
7.86676
7.89117
7.91559
7.94
7.96442
7.98883
8.01325
8.03766
8.06208
8.0865
8.11091
8.13533
8.15974
8.18416
8.20857
8.23299
8.25741
8.28182
8.30624
8.33065
8.35507
8.37948
8.4039
8.42831
8.45273
8.47715
8.50156
8.52598
8.55039
8.57481
8.59922
8.62364
8.64806
8.67247
8.69689
8.7213
8.74572
8.77013
8.79455
8.81897
8.84338
8.8678
8.89221
8.91663
8.94104
8.96546
8.98987
9.01429
9.03871
9.06312
9.08754
9.11195
9.13637
9.16078
9.1852
9.20962
9.23403
9.25845
9.28286
9.30728
9.33169
9.35611
9.38052
9.40494
9.42936
7.01326
7.03978
7.0663
7.09282
7.11933
7.14585
7.17237
7.19889
7.22541
7.25193
7.27845
7.30496
7.33148
7.358
7.38452
7.41104
7.43756
7.46408
7.4906
7.51711
7.54363
7.57015
7.59667
7.62319
7.64971
7.67623
7.70274
7.72926
7.75578
7.7823
7.80882
7.83534
7.86186
7.88838
7.91489
7.94141
7.96793
7.99445
8.02097
8.04749
8.07401
8.10052
8.12704
8.15356
8.18008
8.2066
8.23312
8.25964
8.28616
8.31267
8.33919
8.36571
8.39223
8.41875
8.44527
8.47179
8.4983
8.52482
8.55134
8.57786
8.60438
8.6309
8.65742
8.68394
8.71045
8.73697
8.76349
8.79001
8.81653
8.84305
8.86957
8.89609
8.9226
8.94912
8.97564
9.00216
9.02868
9.0552
9.08172
9.10823
9.13475
9.16127
9.18779
9.21431
9.24083
9.26735
9.29387
9.32038
9.3469
9.37342
9.39994
9.42646
9.45298
9.4795
9.50601
9.53253
9.55905
9.58557
9.61209
9.63861
7.01486
7.04457
7.07429
7.104
7.13372
7.16343
7.19315
7.22286
7.25258
7.28229
7.31201
7.34172
7.37144
7.40115
7.43087
7.46058
7.4903
7.52001
7.54973
7.57944
7.60916
7.63887
7.66859
7.6983
7.72802
7.75773
7.78745
7.81716
7.84688
7.87659
7.90631
7.93602
7.96573
7.99545
8.02516
8.05488
8.08459
8.11431
8.14402
8.17374
8.20345
8.23317
8.26288
8.2926
8.32231
8.35203
8.38174
8.41146
8.44117
8.47089
8.5006
8.53032
8.56003
8.58975
8.61946
8.64918
8.67889
8.70861
8.73832
8.76804
8.79775
8.82747
8.85718
8.8869
8.91661
8.94633
8.97604
9.00576
9.03547
9.06519
9.0949
9.12462
9.15433
9.18405
9.21376
9.24348
9.27319
9.30291
9.33262
9.36234
9.39205
9.42177
9.45148
9.4812
9.51091
9.54063
9.57034
9.60006
9.62977
9.65949
9.6892
9.71892
9.74863
9.77835
9.80806
9.83777
9.86749
9.8972
9.92692
9.95663
7.01646
7.04937
7.08228
7.11519
7.1481
7.18102
7.21393
7.24684
7.27975
7.31266
7.34557
7.37849
7.4114
7.44431
7.47722
7.51013
7.54305
7.57596
7.60887
7.64178
7.67469
7.7076
7.74052
7.77343
7.80634
7.83925
7.87216
7.90508
7.93799
7.9709
8.00381
8.03672
8.06963
8.10255
8.13546
8.16837
8.20128
8.23419
8.26711
8.30002
8.33293
8.36584
8.39875
8.43167
8.46458
8.49749
8.5304
8.56331
8.59622
8.62914
8.66205
8.69496
8.72787
8.76078
8.7937
8.82661
8.85952
8.89243
8.92534
8.95825
8.99117
9.02408
9.05699
9.0899
9.12281
9.15573
9.18864
9.22155
9.25446
9.28737
9.32028
9.3532
9.38611
9.41902
9.45193
9.48484
9.51776
9.55067
9.58358
9.61649
9.6494
9.68232
9.71523
9.74814
9.78105
9.81396
9.84687
9.87979
9.9127
9.94561
9.97852
10.0114
10.0443
10.0773
10.1102
10.1431
10.176
10.2089
10.2418
10.2747
7.01805
7.05416
7.09027
7.12638
7.16249
7.1986
7.23471
7.27082
7.30693
7.34304
7.37915
7.41526
7.45137
7.48748
7.52358
7.55969
7.5958
7.63191
7.66802
7.70413
7.74024
7.77635
7.81246
7.84857
7.88468
7.92079
7.9569
7.993
8.02911
8.06522
8.10133
8.13744
8.17355
8.20966
8.24577
8.28188
8.31799
8.3541
8.39021
8.42632
8.46243
8.49853
8.53464
8.57075
8.60686
8.64297
8.67908
8.71519
8.7513
8.78741
8.82352
8.85963
8.89574
8.93185
8.96795
9.00406
9.04017
9.07628
9.11239
9.1485
9.18461
9.22072
9.25683
9.29294
9.32905
9.36516
9.40127
9.43738
9.47348
9.50959
9.5457
9.58181
9.61792
9.65403
9.69014
9.72625
9.76236
9.79847
9.83458
9.87069
9.9068
9.9429
9.97901
10.0151
10.0512
10.0873
10.1235
10.1596
10.1957
10.2318
10.2679
10.304
10.3401
10.3762
10.4123
10.4484
10.4845
10.5207
10.5568
10.5929
7.01965
7.05896
7.09827
7.13757
7.17688
7.21619
7.2555
7.2948
7.33411
7.37342
7.41272
7.45203
7.49134
7.53065
7.56995
7.60926
7.64857
7.68787
7.72718
7.76649
7.80579
7.8451
7.88441
7.92372
7.96302
8.00233
8.04164
8.08094
8.12025
8.15956
8.19887
8.23817
8.27748
8.31679
8.35609
8.3954
8.43471
8.47401
8.51332
8.55263
8.59194
8.63124
8.67055
8.70986
8.74916
8.78847
8.82778
8.86709
8.90639
8.9457
8.98501
9.02431
9.06362
9.10293
9.14223
9.18154
9.22085
9.26016
9.29946
9.33877
9.37808
9.41738
9.45669
9.496
9.53531
9.57461
9.61392
9.65323
9.69253
9.73184
9.77115
9.81045
9.84976
9.88907
9.92838
9.96768
10.007
10.0463
10.0856
10.1249
10.1642
10.2035
10.2428
10.2821
10.3214
10.3608
10.4001
10.4394
10.4787
10.518
10.5573
10.5966
10.6359
10.6752
10.7145
10.7538
10.7931
10.8324
10.8717
10.9111
7.02125
7.06376
7.10626
7.14877
7.19127
7.23378
7.27628
7.31879
7.36129
7.4038
7.4463
7.48881
7.53131
7.57382
7.61632
7.65883
7.70133
7.74384
7.78635
7.82885
7.87136
7.91386
7.95637
7.99887
8.04138
8.08388
8.12639
8.16889
8.2114
8.2539
8.29641
8.33891
8.38142
8.42392
8.46643
8.50893
8.55144
8.59394
8.63645
8.67895
8.72146
8.76396
8.80647
8.84897
8.89148
8.93398
8.97649
9.01899
9.0615
9.104
9.14651
9.18901
9.23152
9.27403
9.31653
9.35904
9.40154
9.44405
9.48655
9.52906
9.57156
9.61407
9.65657
9.69908
9.74158
9.78409
9.82659
9.8691
9.9116
9.95411
9.99661
10.0391
10.0816
10.1241
10.1666
10.2091
10.2516
10.2941
10.3367
10.3792
10.4217
10.4642
10.5067
10.5492
10.5917
10.6342
10.6767
10.7192
10.7617
10.8042
10.8467
10.8892
10.9317
10.9742
11.0167
11.0592
11.1017
11.1443
11.1868
11.2293
7.02285
7.06856
7.11426
7.15996
7.20567
7.25137
7.29707
7.34278
7.38848
7.43418
7.47989
7.52559
7.57129
7.617
7.6627
7.7084
7.75411
7.79981
7.84551
7.89122
7.93692
7.98262
8.02833
8.07403
8.11973
8.16544
8.21114
8.25685
8.30255
8.34825
8.39396
8.43966
8.48536
8.53107
8.57677
8.62247
8.66818
8.71388
8.75958
8.80529
8.85099
8.89669
8.9424
8.9881
9.0338
9.07951
9.12521
9.17091
9.21662
9.26232
9.30802
9.35373
9.39943
9.44513
9.49084
9.53654
9.58225
9.62795
9.67365
9.71936
9.76506
9.81076
9.85647
9.90217
9.94787
9.99358
10.0393
10.085
10.1307
10.1764
10.2221
10.2678
10.3135
10.3592
10.4049
10.4506
10.4963
10.542
10.5877
10.6334
10.6791
10.7248
10.7705
10.8162
10.8619
10.9076
10.9533
10.9991
11.0448
11.0905
11.1362
11.1819
11.2276
11.2733
11.319
11.3647
11.4104
11.4561
11.5018
11.5475
7.02445
7.07335
7.12225
7.17116
7.22006
7.26896
7.31786
7.36676
7.41567
7.46457
7.51347
7.56237
7.61127
7.66018
7.70908
7.75798
7.80688
7.85578
7.90469
7.95359
8.00249
8.05139
8.10029
8.1492
8.1981
8.247
8.2959
8.3448
8.39371
8.44261
8.49151
8.54041
8.58931
8.63822
8.68712
8.73602
8.78492
8.83382
8.88273
8.93163
8.98053
9.02943
9.07833
9.12723
9.17614
9.22504
9.27394
9.32284
9.37174
9.42065
9.46955
9.51845
9.56735
9.61625
9.66516
9.71406
9.76296
9.81186
9.86076
9.90967
9.95857
10.0075
10.0564
10.1053
10.1542
10.2031
10.252
10.3009
10.3498
10.3987
10.4476
10.4965
10.5454
10.5943
10.6432
10.6921
10.741
10.7899
10.8388
10.8877
10.9366
10.9855
11.0344
11.0833
11.1322
11.1811
11.23
11.2789
11.3278
11.3767
11.4256
11.4745
11.5234
11.5723
11.6212
11.6701
11.719
11.7679
11.8168
11.8657
7.02605
7.07815
7.13025
7.18235
7.23445
7.28655
7.33865
7.39075
7.44286
7.49496
7.54706
7.59916
7.65126
7.70336
7.75546
7.80756
7.85966
7.91176
7.96386
8.01596
8.06806
8.12016
8.17226
8.22436
8.27646
8.32857
8.38067
8.43277
8.48487
8.53697
8.58907
8.64117
8.69327
8.74537
8.79747
8.84957
8.90167
8.95377
9.00587
9.05797
9.11007
9.16217
9.21428
9.26638
9.31848
9.37058
9.42268
9.47478
9.52688
9.57898
9.63108
9.68318
9.73528
9.78738
9.83948
9.89158
9.94368
9.99578
10.0479
10.1
10.1521
10.2042
10.2563
10.3084
10.3605
10.4126
10.4647
10.5168
10.5689
10.621
10.6731
10.7252
10.7773
10.8294
10.8815
10.9336
10.9857
11.0378
11.0899
11.142
11.1941
11.2462
11.2983
11.3504
11.4025
11.4546
11.5067
11.5588
11.6109
11.663
11.7151
11.7672
11.8193
11.8714
11.9235
11.9756
12.0277
12.0798
12.1319
12.184
7.02765
7.08295
7.13825
7.19355
7.24885
7.30415
7.35945
7.41475
7.47004
7.52534
7.58064
7.63594
7.69124
7.74654
7.80184
7.85714
7.91244
7.96774
8.02304
8.07834
8.13364
8.18894
8.24424
8.29954
8.35483
8.41013
8.46543
8.52073
8.57603
8.63133
8.68663
8.74193
8.79723
8.85253
8.90783
8.96313
9.01843
9.07373
9.12903
9.18433
9.23962
9.29492
9.35022
9.40552
9.46082
9.51612
9.57142
9.62672
9.68202
9.73732
9.79262
9.84792
9.90322
9.95852
10.0138
10.0691
10.1244
10.1797
10.235
10.2903
10.3456
10.4009
10.4562
10.5115
10.5668
10.6221
10.6774
10.7327
10.788
10.8433
10.8986
10.9539
11.0092
11.0645
11.1198
11.1751
11.2304
11.2857
11.341
11.3963
11.4516
11.5069
11.5622
11.6175
11.6728
11.7281
11.7834
11.8387
11.894
11.9493
12.0046
12.0599
12.1152
12.1705
12.2258
12.2811
12.3364
12.3917
12.447
12.5023
7.02925
7.08775
7.14625
7.20474
7.26324
7.32174
7.38024
7.43874
7.49724
7.55573
7.61423
7.67273
7.73123
7.78973
7.84822
7.90672
7.96522
8.02372
8.08222
8.14072
8.19921
8.25771
8.31621
8.37471
8.43321
8.49171
8.5502
8.6087
8.6672
8.7257
8.7842
8.84269
8.90119
8.95969
9.01819
9.07669
9.13519
9.19368
9.25218
9.31068
9.36918
9.42768
9.48618
9.54467
9.60317
9.66167
9.72017
9.77867
9.83717
9.89566
9.95416
10.0127
10.0712
10.1297
10.1882
10.2467
10.3052
10.3636
10.4221
10.4806
10.5391
10.5976
10.6561
10.7146
10.7731
10.8316
10.8901
10.9486
11.0071
11.0656
11.1241
11.1826
11.2411
11.2996
11.3581
11.4166
11.4751
11.5336
11.5921
11.6506
11.7091
11.7676
11.8261
11.8846
11.9431
12.0016
12.0601
12.1186
12.1771
12.2356
12.2941
12.3526
12.4111
12.4696
12.5281
12.5866
12.6451
12.7036
12.7621
12.8206
7.03085
7.09255
7.15424
7.21594
7.27764
7.33933
7.40103
7.46273
7.52443
7.58612
7.64782
7.70952
7.77122
7.83291
7.89461
7.95631
8.018
8.0797
8.1414
8.2031
8.26479
8.32649
8.38819
8.44988
8.51158
8.57328
8.63498
8.69667
8.75837
8.82007
8.88176
8.94346
9.00516
9.06686
9.12855
9.19025
9.25195
9.31365
9.37534
9.43704
9.49874
9.56043
9.62213
9.68383
9.74553
9.80722
9.86892
9.93062
9.99231
10.054
10.1157
10.1774
10.2391
10.3008
10.3625
10.4242
10.4859
10.5476
10.6093
10.671
10.7327
10.7944
10.8561
10.9178
10.9795
11.0412
11.1029
11.1646
11.2263
11.288
11.3497
11.4114
11.473
11.5347
11.5964
11.6581
11.7198
11.7815
11.8432
11.9049
11.9666
12.0283
12.09
12.1517
12.2134
12.2751
12.3368
12.3985
12.4602
12.5219
12.5836
12.6453
12.707
12.7687
12.8304
12.8921
12.9538
13.0155
13.0772
13.1389
7.03245
7.09734
7.16224
7.22714
7.29203
7.35693
7.42183
7.48672
7.55162
7.61651
7.68141
7.74631
7.8112
7.8761
7.941
8.00589
8.07079
8.13568
8.20058
8.26548
8.33037
8.39527
8.46017
8.52506
8.58996
8.65485
8.71975
8.78465
8.84954
8.91444
8.97934
9.04423
9.10913
9.17402
9.23892
9.30382
9.36871
9.43361
9.49851
9.5634
9.6283
9.69319
9.75809
9.82299
9.88788
9.95278
10.0177
10.0826
10.1475
10.2124
10.2773
10.3422
10.4071
10.4719
10.5368
10.6017
10.6666
10.7315
10.7964
10.8613
10.9262
10.9911
11.056
11.1209
11.1858
11.2507
11.3156
11.3805
11.4454
11.5103
11.5752
11.6401
11.705
11.7699
11.8348
11.8997
11.9646
12.0295
12.0944
12.1593
12.2241
12.289
12.3539
12.4188
12.4837
12.5486
12.6135
12.6784
12.7433
12.8082
12.8731
12.938
13.0029
13.0678
13.1327
13.1976
13.2625
13.3274
13.3923
13.4572
7.03405
7.10214
7.17024
7.23833
7.30643
7.37452
7.44262
7.51072
7.57881
7.64691
7.715
7.7831
7.85119
7.91929
7.98738
8.05548
8.12357
8.19167
8.25976
8.32786
8.39595
8.46405
8.53215
8.60024
8.66834
8.73643
8.80453
8.87262
8.94072
9.00881
9.07691
9.145
9.2131
9.28119
9.34929
9.41738
9.48548
9.55358
9.62167
9.68977
9.75786
9.82596
9.89405
9.96215
10.0302
10.0983
10.1664
10.2345
10.3026
10.3707
10.4388
10.5069
10.575
10.6431
10.7112
10.7793
10.8474
10.9155
10.9836
11.0517
11.1198
11.1879
11.256
11.3241
11.3922
11.4602
11.5283
11.5964
11.6645
11.7326
11.8007
11.8688
11.9369
12.005
12.0731
12.1412
12.2093
12.2774
12.3455
12.4136
12.4817
12.5498
12.6179
12.686
12.7541
12.8222
12.8902
12.9583
13.0264
13.0945
13.1626
13.2307
13.2988
13.3669
13.435
13.5031
13.5712
13.6393
13.7074
13.7755
7.03565
7.10694
7.17824
7.24953
7.32083
7.39212
7.46341
7.53471
7.606
7.6773
7.74859
7.81989
7.89118
7.96248
8.03377
8.10506
8.17636
8.24765
8.31895
8.39024
8.46154
8.53283
8.60413
8.67542
8.74672
8.81801
8.8893
8.9606
9.03189
9.10319
9.17448
9.24578
9.31707
9.38837
9.45966
9.53096
9.60225
9.67354
9.74484
9.81613
9.88743
9.95872
10.03
10.1013
10.1726
10.2439
10.3152
10.3865
10.4578
10.5291
10.6004
10.6717
10.743
10.8143
10.8856
10.9568
11.0281
11.0994
11.1707
11.242
11.3133
11.3846
11.4559
11.5272
11.5985
11.6698
11.7411
11.8124
11.8837
11.955
12.0263
12.0976
12.1689
12.2401
12.3114
12.3827
12.454
12.5253
12.5966
12.6679
12.7392
12.8105
12.8818
12.9531
13.0244
13.0957
13.167
13.2383
13.3096
13.3809
13.4522
13.5234
13.5947
13.666
13.7373
13.8086
13.8799
13.9512
14.0225
14.0938
7.03725
7.11174
7.18623
7.26073
7.33522
7.40972
7.48421
7.5587
7.6332
7.70769
7.78218
7.85668
7.93117
8.00567
8.08016
8.15465
8.22915
8.30364
8.37813
8.45263
8.52712
8.60161
8.67611
8.7506
8.8251
8.89959
8.97408
9.04858
9.12307
9.19756
9.27206
9.34655
9.42105
9.49554
9.57003
9.64453
9.71902
9.79351
9.86801
9.9425
10.017
10.0915
10.166
10.2405
10.315
10.3895
10.464
10.5385
10.6129
10.6874
10.7619
10.8364
10.9109
10.9854
11.0599
11.1344
11.2089
11.2834
11.3579
11.4324
11.5069
11.5814
11.6559
11.7304
11.8048
11.8793
11.9538
12.0283
12.1028
12.1773
12.2518
12.3263
12.4008
12.4753
12.5498
12.6243
12.6988
12.7733
12.8478
12.9223
12.9967
13.0712
13.1457
13.2202
13.2947
13.3692
13.4437
13.5182
13.5927
13.6672
13.7417
13.8162
13.8907
13.9652
14.0397
14.1141
14.1886
14.2631
14.3376
14.4121
7.03885
7.11654
7.19423
7.27193
7.34962
7.42731
7.505
7.5827
7.66039
7.73808
7.81578
7.89347
7.97116
8.04886
8.12655
8.20424
8.28193
8.35963
8.43732
8.51501
8.59271
8.6704
8.74809
8.82578
8.90348
8.98117
9.05886
9.13656
9.21425
9.29194
9.36964
9.44733
9.52502
9.60271
9.68041
9.7581
9.83579
9.91349
9.99118
10.0689
10.1466
10.2243
10.302
10.3796
10.4573
10.535
10.6127
10.6904
10.7681
10.8458
10.9235
11.0012
11.0789
11.1566
11.2343
11.312
11.3897
11.4673
11.545
11.6227
11.7004
11.7781
11.8558
11.9335
12.0112
12.0889
12.1666
12.2443
12.322
12.3997
12.4774
12.555
12.6327
12.7104
12.7881
12.8658
12.9435
13.0212
13.0989
13.1766
13.2543
13.332
13.4097
13.4874
13.5651
13.6427
13.7204
13.7981
13.8758
13.9535
14.0312
14.1089
14.1866
14.2643
14.342
14.4197
14.4974
14.5751
14.6528
14.7304
7.04045
7.12134
7.20223
7.28312
7.36402
7.44491
7.5258
7.60669
7.68758
7.76848
7.84937
7.93026
8.01115
8.09205
8.17294
8.25383
8.33472
8.41561
8.49651
8.5774
8.65829
8.73918
8.82008
8.90097
8.98186
9.06275
9.14364
9.22454
9.30543
9.38632
9.46721
9.54811
9.629
9.70989
9.79078
9.87167
9.95257
10.0335
10.1144
10.1952
10.2761
10.357
10.4379
10.5188
10.5997
10.6806
10.7615
10.8424
10.9233
11.0042
11.0851
11.166
11.2468
11.3277
11.4086
11.4895
11.5704
11.6513
11.7322
11.8131
11.894
11.9749
12.0558
12.1367
12.2176
12.2984
12.3793
12.4602
12.5411
12.622
12.7029
12.7838
12.8647
12.9456
13.0265
13.1074
13.1883
13.2691
13.35
13.4309
13.5118
13.5927
13.6736
13.7545
13.8354
13.9163
13.9972
14.0781
14.159
14.2399
14.3207
14.4016
14.4825
14.5634
14.6443
14.7252
14.8061
14.887
14.9679
15.0488
7.04205
7.12614
7.21023
7.29432
7.37841
7.4625
7.5466
7.63069
7.71478
7.79887
7.88296
7.96705
8.05114
8.13524
8.21933
8.30342
8.38751
8.4716
8.55569
8.63979
8.72388
8.80797
8.89206
8.97615
9.06024
9.14433
9.22843
9.31252
9.39661
9.4807
9.56479
9.64888
9.73298
9.81707
9.90116
9.98525
10.0693
10.1534
10.2375
10.3216
10.4057
10.4898
10.5739
10.658
10.7421
10.8262
10.9103
10.9943
11.0784
11.1625
11.2466
11.3307
11.4148
11.4989
11.583
11.6671
11.7512
11.8353
11.9194
12.0034
12.0875
12.1716
12.2557
12.3398
12.4239
12.508
12.5921
12.6762
12.7603
12.8444
12.9285
13.0125
13.0966
13.1807
13.2648
13.3489
13.433
13.5171
13.6012
13.6853
13.7694
13.8535
13.9376
14.0216
14.1057
14.1898
14.2739
14.358
14.4421
14.5262
14.6103
14.6944
14.7785
14.8626
14.9467
15.0307
15.1148
15.1989
15.283
15.3671
7.04365
7.13094
7.21823
7.30552
7.39281
7.4801
7.56739
7.65468
7.74197
7.82926
7.91655
8.00385
8.09114
8.17843
8.26572
8.35301
8.4403
8.52759
8.61488
8.70217
8.78946
8.87675
8.96405
9.05134
9.13863
9.22592
9.31321
9.4005
9.48779
9.57508
9.66237
9.74966
9.83695
9.92425
10.0115
10.0988
10.1861
10.2734
10.3607
10.448
10.5353
10.6226
10.7099
10.7972
10.8844
10.9717
11.059
11.1463
11.2336
11.3209
11.4082
11.4955
11.5828
11.6701
11.7574
11.8446
11.9319
12.0192
12.1065
12.1938
12.2811
12.3684
12.4557
12.543
12.6303
12.7176
12.8048
12.8921
12.9794
13.0667
13.154
13.2413
13.3286
13.4159
13.5032
13.5905
13.6778
13.765
13.8523
13.9396
14.0269
14.1142
14.2015
14.2888
14.3761
14.4634
14.5507
14.638
14.7252
14.8125
14.8998
14.9871
15.0744
15.1617
15.249
15.3363
15.4236
15.5109
15.5982
15.6854
)
;

boundaryField
{
    jetInlet
    {
        type            calculated;
        value           uniform 0;
    }
    returnOutlet
    {
        type            calculated;
        value           uniform 0;
    }
    flatBed
    {
        type            calculated;
        value           nonuniform List<scalar> 
100
(
0.035
0.105
0.175
0.245
0.315
0.385
0.455
0.525
0.595
0.665
0.735
0.805
0.875
0.945
1.015
1.085
1.155
1.225
1.295
1.365
1.435
1.505
1.575
1.645
1.715
1.785
1.855
1.925
1.995
2.065
2.135
2.205
2.275
2.345
2.415
2.485
2.555
2.625
2.695
2.765
2.835
2.905
2.975
3.045
3.115
3.185
3.255
3.325
3.395
3.465
3.535
3.605
3.675
3.745
3.815
3.885
3.955
4.025
4.095
4.165
4.235
4.305
4.375
4.445
4.515
4.585
4.655
4.725
4.795
4.865
4.935
5.005
5.075
5.145
5.215
5.285
5.355
5.425
5.495
5.565
5.635
5.705
5.775
5.845
5.915
5.985
6.055
6.125
6.195
6.265
6.335
6.405
6.475
6.545
6.615
6.685
6.755
6.825
6.895
6.965
)
;
    }
    slope
    {
        type            calculated;
        value           nonuniform List<scalar> 
50
(
7.03555
7.10666
7.17776
7.24887
7.31997
7.39108
7.46218
7.53329
7.60439
7.67549
7.7466
7.8177
7.88881
7.95991
8.03102
8.11397
8.20878
8.30358
8.39839
8.4932
8.588
8.68281
8.77762
8.87242
8.96723
9.06203
9.15684
9.25164
9.34645
9.44126
9.64865
9.96862
10.2886
10.6086
10.9285
11.2485
11.5685
11.8885
12.2084
12.5284
12.8484
13.1683
13.4883
13.8083
14.1283
14.4482
14.7682
15.0882
15.4081
15.7281
)
;
    }
    top
    {
        type            symmetryPlane;
    }
    frontAndBack
    {
        type            empty;
    }
    defaultFaces
    {
        type            empty;
    }
}


// ************************************************************************* //
