/*--------------------------------*- C++ -*----------------------------------*\
| =========                 |                                                 |
| \\      /  F ield         | OpenFOAM: The Open Source CFD Toolbox           |
|  \\    /   O peration     | Version:  2206                                  |
|   \\  /    A nd           | Website:  www.openfoam.com                      |
|    \\/     M anipulation  |                                                 |
\*---------------------------------------------------------------------------*/
FoamFile
{
    version     2.0;
    format      ascii;
    arch        "LSB;label=32;scalar=64";
    class       volScalarField;
    location    "1600";
    object      epsilon;
}
// * * * * * * * * * * * * * * * * * * * * * * * * * * * * * * * * * * * * * //

dimensions      [0 2 -3 0 0 0 0];

internalField   nonuniform List<scalar> 
10000
(
3.14733
3.22144
3.29127
3.35609
3.41514
3.46769
3.51321
3.55176
3.5834
3.59495
3.58375
3.54826
3.48792
3.40314
3.29517
3.16602
3.01834
2.85522
2.68011
2.49663
2.30845
2.11916
1.93213
1.75038
1.57651
1.4126
1.26016
1.12013
0.992909
0.878451
0.776318
0.685799
0.606007
0.535962
0.474658
0.421118
0.374421
0.333724
0.298266
0.267369
0.240437
0.216942
0.196425
0.178485
0.162776
0.148999
0.136897
0.126253
0.116884
0.108637
0.101385
0.0950228
0.0894622
0.0846298
0.0804623
0.0769039
0.0739037
0.0714145
0.0693916
0.0677929
0.0665783
0.0657108
0.0651563
0.0648836
0.0648652
0.0650766
0.0654964
0.0661061
0.0668547
0.0677256
0.068707
0.06979
0.070968
0.0722382
0.0736014
0.0750645
0.0766204
0.078234
0.0798916
0.0815806
0.0832881
0.0849998
0.0866999
0.0883703
0.0899899
0.091534
0.092973
0.0942715
0.0953862
0.0962642
0.0968402
0.0970324
0.0967385
0.0958291
0.0941426
0.0914729
0.0875478
0.0820399
0.0748773
0.0679129
1.70352
1.71954
1.73214
1.74198
1.74838
1.75157
1.75183
1.74949
1.74462
1.73252
1.71203
1.6825
1.64362
1.5954
1.5382
1.47269
1.39984
1.32083
1.23705
1.14998
1.06116
0.972121
0.884323
0.799102
0.717618
0.640812
0.569384
0.503779
0.444201
0.390638
0.342897
0.300656
0.263501
0.230971
0.202593
0.177903
0.156463
0.137872
0.121769
0.107832
0.0957785
0.085359
0.0763564
0.0685815
0.0618703
0.0560806
0.0510903
0.0467946
0.0431038
0.0399417
0.0372436
0.0349542
0.0330261
0.0314185
0.0300952
0.0290244
0.0281772
0.0275274
0.027051
0.0267265
0.0265345
0.0264575
0.0264805
0.0265903
0.0267754
0.0270261
0.0273339
0.0276948
0.0280911
0.0285166
0.0289687
0.0294456
0.0299467
0.0304722
0.0310237
0.0316038
0.0322076
0.0328255
0.0334553
0.0340947
0.0347414
0.035393
0.0360466
0.0366994
0.0373479
0.0379883
0.0386161
0.0392262
0.0398124
0.0403676
0.0408836
0.0413508
0.0417583
0.0420941
0.0423442
0.0424962
0.0425527
0.0425433
0.0424455
0.0421326
1.64889
1.66261
1.67464
1.68528
1.69434
1.70211
1.70859
1.71341
1.71591
1.71325
1.70335
1.68493
1.65714
1.61954
1.57214
1.51536
1.44999
1.37711
1.29803
1.2142
1.12718
1.03853
0.94981
0.86247
0.777839
0.697059
0.621046
0.550471
0.485748
0.427044
0.374315
0.327342
0.285781
0.249208
0.21716
0.18917
0.164786
0.143587
0.125191
0.109258
0.0954843
0.0836025
0.0733763
0.0645973
0.057081
0.0506645
0.0452038
0.0405721
0.0366579
0.0333641
0.0306059
0.0283101
0.0264134
0.0248614
0.0236069
0.0226088
0.0218316
0.0212437
0.0208175
0.0205288
0.0203561
0.020281
0.0202875
0.0203622
0.0204937
0.0206727
0.0208916
0.0211439
0.0214218
0.0217217
0.0220415
0.0223798
0.0227362
0.0231105
0.0235029
0.0239138
0.0243437
0.0247877
0.025246
0.0257186
0.0262057
0.0267075
0.0272245
0.0277569
0.0283054
0.0288702
0.0294519
0.0300504
0.0306657
0.0312969
0.0319423
0.0325983
0.0332588
0.0339126
0.034541
0.0351139
0.0355892
0.0358981
0.0358688
0.0352737
1.82269
1.84071
1.85973
1.87953
1.89977
1.92054
1.94146
1.96159
1.97962
1.99275
1.99755
1.99186
1.97416
1.94362
1.90006
1.84389
1.77601
1.69772
1.61057
1.5163
1.41673
1.31375
1.20919
1.10486
1.00243
0.9034
0.809072
0.720466
0.638314
0.563043
0.494796
0.433474
0.378785
0.330303
0.287525
0.249914
0.21694
0.188099
0.162928
0.141014
0.121986
0.105515
0.0913082
0.0791033
0.0686643
0.0597776
0.0522493
0.0459036
0.0405817
0.0361411
0.0324554
0.0294132
0.0269176
0.0248852
0.0232445
0.0219344
0.0209032
0.0201066
0.0195069
0.0190719
0.018774
0.0185894
0.0184984
0.0184839
0.0185322
0.0186319
0.0187739
0.01895
0.0191541
0.0193823
0.0196321
0.0199018
0.0201904
0.0204976
0.0208233
0.0211677
0.0215313
0.0219131
0.022313
0.0227317
0.0231702
0.0236296
0.0241111
0.0246161
0.0251459
0.0257018
0.0262851
0.0268965
0.0275364
0.0282041
0.0288973
0.0296111
0.0303368
0.0310591
0.0317539
0.0323835
0.032895
0.0332077
0.0331635
0.0325692
2.08946
2.11515
2.14534
2.17945
2.21692
2.2574
2.29984
2.34249
2.38304
2.41805
2.44237
2.45264
2.44661
2.42306
2.38178
2.32338
2.24912
2.16075
2.06028
1.9499
1.83186
1.7084
1.58173
1.45399
1.32722
1.20335
1.08407
0.970823
0.864737
0.766574
0.676739
0.595306
0.522075
0.456642
0.398464
0.346928
0.301404
0.261285
0.226006
0.195062
0.167998
0.144411
0.123944
0.10627
0.0910935
0.0781422
0.0671616
0.0579138
0.0501774
0.0437473
0.0384362
0.0340753
0.0305153
0.0276261
0.0252961
0.0234305
0.0219501
0.0207885
0.0198905
0.01921
0.0187085
0.018354
0.0181198
0.0179836
0.017927
0.0179353
0.0179963
0.0180998
0.0182386
0.0184075
0.0186029
0.0188224
0.0190644
0.019328
0.0196126
0.0199183
0.0202455
0.0205945
0.020965
0.0213577
0.0217739
0.0222145
0.0226811
0.0231749
0.0236972
0.0242493
0.0248321
0.0254461
0.0260909
0.026765
0.0274651
0.0281852
0.0289154
0.0296405
0.0303375
0.030974
0.0315068
0.0318762
0.0319802
0.0317164
2.40316
2.43935
2.48452
2.53803
2.59921
2.66697
2.7392
2.81288
2.88424
2.94838
2.99804
3.02836
3.03627
3.02031
2.98046
2.91783
2.83437
2.73257
2.61517
2.48497
2.34475
2.19717
2.04476
1.88998
1.73516
1.58257
1.43428
1.29216
1.15776
1.03224
0.916341
0.810375
0.714299
0.627773
0.550246
0.48104
0.419428
0.36469
0.316156
0.273219
0.23534
0.202041
0.172896
0.147523
0.125571
0.106714
0.0906409
0.0770526
0.0656613
0.0561907
0.0483789
0.0419825
0.0367794
0.0325723
0.029189
0.026483
0.0243312
0.0226315
0.0213004
0.0202694
0.0194827
0.0188948
0.0184683
0.0181729
0.0179837
0.0178806
0.0178469
0.0178694
0.0179385
0.0180469
0.0181896
0.0183626
0.0185634
0.0187901
0.0190418
0.0193178
0.0196183
0.0199434
0.0202932
0.020668
0.0210686
0.021496
0.0219512
0.0224353
0.0229492
0.0234938
0.0240695
0.0246762
0.0253128
0.0259774
0.026666
0.0273724
0.0280873
0.028797
0.0294822
0.0301171
0.0306682
0.0310915
0.0313172
0.031275
2.73267
2.78212
2.8464
2.92526
3.01804
3.12247
3.23483
3.3502
3.46273
3.5647
3.64632
3.70096
3.72482
3.71651
3.67662
3.60725
3.51146
3.39283
3.25512
3.10198
2.93681
2.7627
2.58248
2.39878
2.2141
2.0309
1.85152
1.67818
1.51282
1.35703
1.21194
1.07817
0.955898
0.844921
0.744728
0.654606
0.573743
0.501318
0.436558
0.37876
0.327303
0.281639
0.241283
0.205804
0.174811
0.147938
0.124832
0.105148
0.0885438
0.0746759
0.0632072
0.0538104
0.0461756
0.0400178
0.0350819
0.0311459
0.0280218
0.025553
0.0236117
0.0220945
0.0209183
0.0200164
0.0193356
0.0188329
0.0184739
0.018231
0.0180811
0.0180066
0.0179943
0.0180343
0.0181188
0.0182422
0.0184004
0.0185903
0.0188099
0.0190581
0.019334
0.0196375
0.0199685
0.020327
0.0207131
0.0211276
0.0215709
0.0220438
0.0225468
0.0230802
0.023644
0.0242376
0.0248597
0.0255078
0.026178
0.0268645
0.0275591
0.0282499
0.0289214
0.029553
0.030119
0.0305869
0.0309094
0.0310427
3.05107
3.11684
3.20533
3.31742
3.45234
3.60576
3.77141
3.94179
4.10814
4.25763
4.37757
4.45959
4.49964
4.4971
4.4539
4.37374
4.26133
4.12176
3.96011
3.78103
3.58867
3.38656
3.1777
2.96476
2.75019
2.53641
2.32585
2.12089
1.92379
1.73654
1.56065
1.39714
1.24645
1.10861
0.983207
0.86955
0.766771
0.673967
0.590283
0.514944
0.447262
0.386629
0.332512
0.284444
0.24201
0.204821
0.172504
0.144692
0.121007
0.101061
0.0844574
0.0707907
0.0596608
0.0506825
0.0434979
0.0377857
0.0332667
0.0297056
0.0269084
0.0247187
0.0230116
0.0216882
0.0206706
0.0198972
0.0193194
0.0188988
0.0186031
0.0184087
0.0182976
0.0182556
0.0182719
0.0183383
0.0184485
0.0185979
0.018783
0.0190015
0.0192519
0.0195331
0.0198446
0.020186
0.0205569
0.0209573
0.0213874
0.0218474
0.0223375
0.0228575
0.023407
0.0239851
0.0245904
0.0252202
0.0258709
0.0265373
0.0272121
0.0278855
0.0285447
0.0291734
0.0297514
0.0302543
0.0306491
0.0309049
3.3355
3.42181
3.54232
3.6997
3.89216
4.11133
4.34705
4.58833
4.82245
5.02783
5.18914
5.2972
5.34906
5.34612
5.29276
5.19506
5.05991
4.89425
4.70464
4.49684
4.27572
4.04519
3.8083
3.56753
3.32502
3.0829
2.84334
2.60868
2.3813
2.16348
1.95712
1.7636
1.58371
1.41781
1.26569
1.12673
1.00006
0.884712
0.779811
0.684555
0.598225
0.520171
0.449831
0.386721
0.330419
0.280534
0.236692
0.198525
0.165651
0.137666
0.114139
0.0946123
0.0786106
0.0656532
0.0552711
0.0470249
0.040519
0.0354106
0.0314122
0.0282898
0.0258561
0.023964
0.0224985
0.0213699
0.0205087
0.0198601
0.0193797
0.0190352
0.0188015
0.0186593
0.0185933
0.0185918
0.0186457
0.0187482
0.018894
0.0190793
0.0193013
0.019558
0.0198482
0.0201707
0.0205249
0.0209099
0.0213256
0.0217716
0.0222476
0.0227532
0.0232878
0.0238502
0.0244387
0.025051
0.0256836
0.026332
0.0269897
0.0276487
0.0282983
0.0289255
0.0295142
0.030046
0.0304973
0.0308466
3.56959
3.68431
3.85195
4.07602
4.35041
4.6591
4.98587
5.31515
5.62766
5.88943
6.08499
6.20735
6.25721
6.24
6.16381
6.03787
5.87155
5.67369
5.45216
5.21367
4.9636
4.70601
4.44379
4.17895
3.91304
3.64752
3.38403
3.12448
2.87112
2.62633
2.3923
2.17073
1.96275
1.76921
1.59028
1.42543
1.27383
1.13453
1.00669
0.889589
0.782541
0.684886
0.596056
0.515583
0.443067
0.378132
0.320423
0.269595
0.225286
0.187103
0.154617
0.127352
0.104791
0.0863823
0.0715582
0.0597576
0.0504512
0.0431623
0.0374792
0.0330596
0.029627
0.0269631
0.024898
0.0233006
0.0220704
0.0211274
0.0204113
0.0198773
0.0194907
0.0192245
0.0190579
0.0189742
0.0189609
0.0190079
0.0191077
0.0192546
0.0194443
0.0196735
0.0199398
0.0202415
0.0205772
0.0209456
0.0213458
0.021777
0.0222385
0.0227297
0.0232496
0.0237969
0.02437
0.0249666
0.0255835
0.0262166
0.0268605
0.0275083
0.0281511
0.0287783
0.029377
0.0299327
0.0304283
0.0308471
3.74453
3.90898
4.1585
4.49079
4.88725
5.31882
5.76067
6.19098
6.57376
6.86994
7.07015
7.17545
7.19394
7.13718
7.01788
6.84857
6.64075
6.40453
6.14846
5.87952
5.60307
5.3229
5.04137
4.75969
4.47847
4.19819
3.91955
3.64367
3.37229
3.10764
2.85202
2.60732
2.37485
2.15626
1.95234
1.76264
1.58641
1.42281
1.27109
1.13086
1.00157
0.88257
0.773306
0.673397
0.582517
0.500318
0.426482
0.360718
0.302704
0.252084
0.208457
0.171367
0.140298
0.11467
0.0938505
0.0771773
0.0639885
0.0536582
0.0456231
0.0393998
0.0345892
0.0308721
0.0279991
0.0257784
0.0240638
0.0227391
0.0217211
0.0209469
0.0203685
0.0199485
0.0196581
0.0194744
0.0193798
0.0193606
0.0194062
0.0195083
0.0196606
0.0198583
0.0200978
0.0203762
0.0206917
0.0210421
0.0214258
0.0218418
0.0222888
0.0227658
0.0232717
0.0238051
0.0243643
0.0249472
0.0255508
0.0261715
0.0268045
0.0274439
0.0280822
0.0287106
0.0293186
0.0298947
0.0304257
0.0308985
3.84916
4.1491
4.563
5.08252
5.66161
6.25428
6.82522
7.33974
7.72888
7.9895
8.12629
8.15467
8.09296
7.95931
7.77031
7.54031
7.28138
7.00336
6.71408
6.41961
6.12438
5.83123
5.54149
5.25522
4.97175
4.69027
4.41019
4.13144
3.8548
3.58197
3.31511
3.05616
2.80597
2.56774
2.34328
2.13196
1.93323
1.74648
1.57101
1.40729
1.25511
1.11372
0.982604
0.861594
0.750569
0.64918
0.557163
0.474346
0.40046
0.335203
0.278233
0.229139
0.187446
0.152599
0.123953
0.100789
0.0823399
0.0678363
0.0565503
0.0478299
0.0411181
0.0359591
0.0319918
0.0289371
0.0265819
0.0247592
0.023352
0.0222722
0.0214524
0.0208409
0.0203977
0.0200918
0.019899
0.0198005
0.0197816
0.019831
0.0199398
0.0201014
0.0203105
0.020563
0.020856
0.0211868
0.0215533
0.0219534
0.0223858
0.022849
0.0233416
0.0238622
0.0244091
0.02498
0.0255724
0.0261829
0.0268073
0.0274405
0.028076
0.0287064
0.0293229
0.0299161
0.0304754
0.0309903
4.02646
4.65489
5.40675
6.23007
7.04279
7.78503
8.41123
8.8553
9.10637
9.1971
9.15997
9.02614
8.82207
8.56909
8.28393
7.97941
7.66516
7.34837
7.03426
6.72652
6.42751
6.13829
5.85856
5.5868
5.32072
5.05791
4.79618
4.5339
4.27051
4.00678
3.74443
3.4854
3.23155
2.98529
2.74841
2.52158
2.30497
2.09838
1.90074
1.71465
1.54033
1.37669
1.22313
1.08004
0.947767
0.825804
0.713928
0.612279
0.520615
0.438705
0.366312
0.30308
0.248604
0.202413
0.163911
0.132383
0.107006
0.0869048
0.0711977
0.0590537
0.0497299
0.0425963
0.0371417
0.032966
0.0297559
0.0272785
0.0253672
0.0238966
0.0227721
0.0219214
0.0212895
0.0208341
0.0205221
0.0203282
0.0202326
0.0202199
0.020278
0.0203979
0.0205722
0.0207956
0.0210636
0.0213731
0.021721
0.0221047
0.0225221
0.0229716
0.0234514
0.0239601
0.0244956
0.025056
0.0256387
0.0262406
0.026858
0.0274863
0.02812
0.0287525
0.0293765
0.029984
0.0305664
0.0311148
4.92475
6.44221
7.73627
8.85094
9.73373
10.3542
10.6387
10.6466
10.4772
10.1955
9.84851
9.46838
9.07597
8.68453
8.30232
7.93438
7.58369
7.2519
6.93974
6.64726
6.37396
6.11859
5.87896
5.65171
5.43275
5.21783
5.00286
4.78429
4.5599
4.32914
4.09295
3.853
3.61151
3.37124
3.13432
2.90233
2.67639
2.45729
2.24566
2.04286
1.84964
1.6659
1.49073
1.32575
1.17248
1.02958
0.896807
0.775216
0.66439
0.564177
0.474595
0.395308
0.325994
0.266349
0.215883
0.173952
0.13975
0.112348
0.0907603
0.0739953
0.0611164
0.0512889
0.0438114
0.0381211
0.0337637
0.0304208
0.0278528
0.0258804
0.0243696
0.0232195
0.022354
0.0217152
0.0212586
0.02095
0.0207628
0.0206767
0.0206755
0.0207469
0.0208814
0.0210716
0.0213117
0.0215976
0.0219253
0.0222914
0.0226933
0.0231288
0.023596
0.0240929
0.0246177
0.0251683
0.0257422
0.0263365
0.0269479
0.027572
0.0282041
0.0288385
0.0294688
0.0300879
0.0306889
0.0312639
11.0765
13.065
13.9371
14.0569
13.6749
12.9496
12.1094
11.2784
10.5101
9.82101
9.21039
8.67004
8.19009
7.76164
7.37764
7.03283
6.72329
6.44601
6.19849
5.97846
5.78367
5.61155
5.45874
5.32069
5.1917
5.06564
4.93618
4.79741
4.64517
4.47771
4.2952
4.09897
3.89137
3.67576
3.45538
3.23288
3.01051
2.79017
2.57353
2.36224
2.1576
1.96033
1.77085
1.59011
1.4189
1.25665
1.10307
0.961912
0.831596
0.712057
0.604141
0.507355
0.42143
0.34641
0.281953
0.227559
0.18251
0.145893
0.116695
0.0938247
0.0761799
0.0627101
0.0524909
0.0447378
0.0388406
0.0343499
0.0309228
0.0283032
0.026301
0.0247748
0.0236194
0.0227554
0.0221229
0.0216761
0.0213796
0.0212065
0.0211356
0.0211507
0.0212392
0.0213915
0.0216
0.0218593
0.0221646
0.0225116
0.0228968
0.0233176
0.0237717
0.0242568
0.0247709
0.0253119
0.0258772
0.0264643
0.0270697
0.0276898
0.02832
0.0289555
0.0295905
0.0302189
0.0308345
0.0314308
0.296464
0.822828
1.51892
2.29941
3.07694
3.77476
4.34968
4.78321
5.07632
5.24367
5.30772
5.29344
5.22477
5.1226
5.0039
4.88174
4.76568
4.66231
4.57587
4.5088
4.46217
4.43575
4.42763
4.43403
4.44858
4.46338
4.46933
4.45542
4.4132
4.34435
4.25022
4.1325
3.99328
3.8347
3.66023
3.47347
3.27788
3.07661
2.87246
2.66793
2.4651
2.26559
2.07072
1.88172
1.69957
1.52481
1.35797
1.20008
1.05072
0.908275
0.778942
0.661044
0.554215
0.45957
0.376837
0.305788
0.245894
0.196303
0.156092
0.124158
0.0992901
0.0802077
0.0656772
0.0546714
0.046367
0.0400996
0.0353587
0.0317622
0.0290281
0.0269491
0.0253726
0.0241854
0.023303
0.0226616
0.0222126
0.0219191
0.0217525
0.0216908
0.0217172
0.0218186
0.021985
0.0222086
0.0224841
0.0228058
0.0231693
0.0235711
0.0240083
0.0244784
0.0249791
0.0255079
0.0260626
0.0266403
0.027238
0.0278522
0.0284789
0.0291137
0.0297515
0.030387
0.0310148
0.0316293
0.00509658
0.0149318
0.0308731
0.0517469
0.0769627
0.116993
0.172784
0.243519
0.327
0.420294
0.52039
0.624738
0.731587
0.840149
0.950643
1.06425
1.18301
1.30974
1.44786
1.60109
1.77309
1.96618
2.17697
2.39023
2.60058
2.8015
2.98648
3.15176
3.29446
3.40736
3.48633
3.52988
3.53848
3.51389
3.45838
3.37503
3.26739
3.13927
2.99456
2.83704
2.67018
2.49708
2.32044
2.14267
1.9658
1.79148
1.62116
1.45607
1.29694
1.14437
0.999994
0.863912
0.735364
0.619911
0.515969
0.423731
0.343686
0.275663
0.219191
0.173347
0.13692
0.108548
0.0868412
0.0704421
0.0581463
0.0489531
0.0420742
0.0369122
0.0330253
0.0300908
0.0278739
0.026203
0.024952
0.0240275
0.0233594
0.0228947
0.0225934
0.0224246
0.0223651
0.0223966
0.0225056
0.0226812
0.0229162
0.0232037
0.023538
0.0239144
0.0243293
0.0247796
0.0252625
0.0257754
0.0263157
0.0268808
0.0274675
0.0280728
0.0286929
0.029324
0.0299616
0.0306012
0.0312381
0.0318674
0.00103937
0.00118292
0.00143415
0.00173243
0.00195113
0.00227366
0.00275557
0.00347757
0.0045554
0.00614389
0.00843301
0.0116404
0.0160094
0.0218188
0.0294093
0.0392261
0.0518829
0.068252
0.0895926
0.117611
0.153946
0.20139
0.265896
0.361983
0.493819
0.663745
0.87108
1.11142
1.37618
1.6522
1.92382
2.17558
2.39483
2.57311
2.70632
2.79395
2.83804
2.8422
2.81086
2.74885
2.66105
2.55213
2.42646
2.28806
2.1405
1.98692
1.83007
1.67227
1.51543
1.36124
1.21128
1.06665
0.928291
0.79794
0.6754
0.563255
0.46368
0.376217
0.301446
0.238944
0.188031
0.14758
0.116184
0.0922829
0.0743416
0.0609846
0.0510707
0.043706
0.038218
0.0341132
0.0310339
0.0287218
0.0269894
0.0256999
0.0247524
0.0240719
0.023602
0.0233004
0.0231348
0.0230808
0.0231197
0.0232373
0.0234228
0.0236688
0.0239677
0.0243135
0.0247015
0.0251279
0.0255894
0.0260829
0.0266057
0.027155
0.0277277
0.0283208
0.0289309
0.0295545
0.0301878
0.0308267
0.0314672
0.0321053
0.000997973
0.000997336
0.000999294
0.00100359
0.00100906
0.00101834
0.00103266
0.00105333
0.00108193
0.00112056
0.00117206
0.00124027
0.00133006
0.00144772
0.00160143
0.00180245
0.00206704
0.00241759
0.00288842
0.00365054
0.00573035
0.0100298
0.01797
0.0320431
0.0558321
0.0940601
0.152386
0.236879
0.353076
0.504573
0.691502
0.909337
1.14862
1.39604
1.63665
1.85648
2.04458
2.19395
2.30145
2.3671
2.39317
2.38331
2.3419
2.27364
2.18317
2.07493
1.95299
1.82104
1.68229
1.53962
1.3955
1.25204
1.11107
0.974326
0.843066
0.718876
0.602812
0.496175
0.402891
0.322306
0.254773
0.199666
0.155929
0.122088
0.096445
0.0773056
0.0631458
0.0527037
0.0449961
0.0392883
0.0350445
0.0318793
0.0295157
0.0277541
0.0264495
0.0254959
0.0248147
0.0243475
0.0240505
0.0238907
0.0238433
0.0238894
0.0240147
0.0242095
0.0244647
0.0247728
0.0251277
0.0255246
0.0259596
0.0264291
0.02693
0.0274593
0.0280139
0.0285907
0.0291868
0.0297986
0.030423
0.0310562
0.0316949
0.0323358
0.000997038
0.000993999
0.000991225
0.000988954
0.000987361
0.000986672
0.000987161
0.000989201
0.000993303
0.00100011
0.00101036
0.00102487
0.00104451
0.00107016
0.00110271
0.00114304
0.00119212
0.00125371
0.00133571
0.0014505
0.00164513
0.00202645
0.00281256
0.0044366
0.00769677
0.0139407
0.0252617
0.0446847
0.0762687
0.124988
0.196275
0.295151
0.424998
0.586188
0.775016
0.983454
1.20004
1.41175
1.60617
1.7733
1.90641
2.00215
2.06002
2.08166
2.07013
2.02934
1.96357
1.87714
1.77422
1.6587
1.53411
1.40361
1.26997
1.13566
1.00278
0.873311
0.748941
0.631352
0.522247
0.423282
0.338212
0.266565
0.208113
0.161836
0.126164
0.099269
0.0793103
0.0646324
0.053872
0.0459748
0.0401582
0.0358558
0.0326621
0.0302879
0.0285255
0.0272252
0.0262779
0.0256036
0.0251429
0.0248519
0.0246976
0.0246554
0.0247066
0.0248373
0.0250381
0.0252991
0.0256127
0.025973
0.026375
0.0268146
0.0272881
0.0277923
0.0283238
0.0288797
0.0294568
0.0300521
0.0306625
0.0312849
0.0319163
0.0325539
0.000996974
0.000993813
0.000990705
0.000987851
0.000985537
0.000984123
0.000984025
0.000985688
0.000989559
0.000996075
0.00100567
0.0010188
0.00103594
0.00105759
0.00108434
0.0011168
0.00115565
0.00120175
0.00125635
0.00132132
0.00140096
0.00150641
0.00166511
0.00194131
0.00247554
0.00355244
0.00570532
0.00985637
0.0174785
0.0307624
0.0527551
0.0873799
0.139217
0.212955
0.312497
0.439815
0.593831
0.769743
0.959188
1.15137
1.33482
1.49917
1.63641
1.74145
1.81203
1.84824
1.85196
1.8262
1.7747
1.70147
1.61055
1.50582
1.3909
1.26906
1.14325
1.0161
0.889973
0.767066
0.649457
0.539151
0.43798
0.348947
0.274142
0.21327
0.165231
0.128386
0.100768
0.0803954
0.065499
0.0546368
0.0467036
0.0408861
0.0365996
0.0334284
0.0310771
0.0293353
0.0280517
0.0271171
0.0264516
0.0259968
0.0257093
0.0255569
0.0255156
0.0255671
0.0256998
0.0259019
0.026164
0.0264785
0.0268395
0.0272418
0.0276814
0.0281542
0.0286569
0.0291862
0.0297392
0.0303127
0.0309039
0.03151
0.0321284
0.032757
0.000997004
0.000993885
0.000990822
0.000987957
0.000985486
0.000983643
0.000982692
0.000982935
0.000984716
0.000988423
0.0009945
0.00100345
0.00101582
0.00103223
0.00105333
0.00107987
0.00111262
0.00115238
0.00119998
0.0012563
0.00132241
0.0014001
0.00149328
0.00161175
0.00177963
0.00205276
0.00255131
0.00351537
0.00538998
0.00893917
0.0153799
0.0265245
0.0449094
0.0738421
0.117264
0.179346
0.263781
0.372822
0.506277
0.66077
0.829664
1.0038
1.17291
1.32718
1.45857
1.56148
1.63291
1.67215
1.68035
1.65997
1.61428
1.54701
1.462
1.36303
1.25368
1.13725
1.01676
0.895014
0.774594
0.657981
0.547572
0.445859
0.354346
0.277541
0.215138
0.166154
0.128836
0.101049
0.0806757
0.0658581
0.0551018
0.0472746
0.0415508
0.0373417
0.034231
0.0319247
0.0302142
0.028951
0.0280278
0.0273673
0.0269127
0.0266224
0.0264655
0.0264189
0.0264655
0.0265936
0.0267912
0.0270488
0.0273588
0.0277151
0.0281127
0.0285471
0.0290143
0.0295109
0.0300336
0.0305796
0.031146
0.0317303
0.03233
0.0329436
0.000997086
0.000994044
0.000991088
0.000988333
0.000985942
0.000984124
0.000983125
0.000983236
0.000984786
0.000988146
0.000993726
0.00100198
0.00101339
0.00102851
0.00104789
0.00107215
0.00110195
0.00113798
0.00118099
0.00123181
0.00129129
0.0013604
0.00144037
0.00153325
0.00164355
0.00178238
0.00197619
0.00228418
0.0028296
0.00385145
0.00578095
0.00934151
0.0156649
0.0264152
0.0439005
0.0711107
0.111594
0.169096
0.246932
0.347134
0.46955
0.611177
0.766063
0.925936
1.08142
1.22346
1.34446
1.43903
1.50413
1.53887
1.54417
1.52221
1.47605
1.40918
1.32529
1.22805
1.12097
1.00737
0.890374
0.772957
0.657984
0.548259
0.446355
0.354944
0.276815
0.213815
0.164793
0.127732
0.100325
0.0803472
0.0658812
0.0554119
0.0478062
0.0422468
0.0381549
0.0351242
0.032869
0.0311881
0.0299384
0.0290177
0.0283521
0.0278878
0.0275853
0.0274149
0.0273545
0.0273901
0.0275071
0.0276938
0.0279408
0.0282406
0.0285868
0.0289743
0.0293984
0.0298553
0.0303413
0.0308536
0.0313892
0.0319457
0.032521
0.0331137
0.000997206
0.000994249
0.000991405
0.000988763
0.000986448
0.000984615
0.000983456
0.000983196
0.000984102
0.000986489
0.000990722
0.000997226
0.00100648
0.00101902
0.00103544
0.00105638
0.00108255
0.00111466
0.00115352
0.00119992
0.00125473
0.00131882
0.00139312
0.00147865
0.0015768
0.0016902
0.00182483
0.00199506
0.00223393
0.00261242
0.00327253
0.00447941
0.00669496
0.0106702
0.0175504
0.028986
0.0472243
0.0751213
0.115992
0.173237
0.249732
0.347025
0.46453
0.598987
0.744472
0.893065
1.03601
1.16496
1.27307
1.35552
1.40968
1.43492
1.43224
1.40383
1.35266
1.28214
1.19584
1.09737
0.990224
0.877824
0.763478
0.650428
0.541842
0.440836
0.350253
0.272032
0.209677
0.161542
0.125441
0.0989256
0.0796883
0.065795
0.0557454
0.0484349
0.0430746
0.0391103
0.0361554
0.0339393
0.0322721
0.0310193
0.0300848
0.0293993
0.0289122
0.0285859
0.0283924
0.0283109
0.0283271
0.0284259
0.0285953
0.0288258
0.0291098
0.0294407
0.029813
0.0302223
0.0306645
0.0311362
0.0316347
0.0321574
0.0327021
0.0332679
0.000997364
0.0009945
0.000991769
0.000989241
0.00098701
0.000985202
0.000983978
0.000983539
0.000984129
0.000986043
0.000989633
0.000995305
0.00100352
0.00101481
0.00102973
0.00104889
0.00107296
0.00110263
0.00113864
0.00118179
0.00123291
0.00129288
0.0013626
0.00144302
0.00153514
0.00164015
0.00175993
0.00189828
0.00206404
0.00227773
0.00258443
0.00307645
0.00393042
0.00546245
0.00820181
0.0129793
0.0210257
0.0340711
0.0544114
0.0848754
0.128622
0.188717
0.267498
0.365803
0.48227
0.612975
0.751636
0.890407
1.02102
1.13591
1.22913
1.29667
1.33662
1.34884
1.33463
1.29633
1.23695
1.15989
1.06874
0.967132
0.858732
0.747188
0.636132
0.529148
0.429635
0.340528
0.264101
0.203387
0.156997
0.122496
0.0972929
0.0790509
0.0658674
0.0562992
0.0492988
0.0441262
0.0402648
0.0373557
0.0351481
0.0334663
0.0321854
0.031216
0.0304931
0.0299686
0.0296067
0.0293795
0.0292701
0.0292599
0.029334
0.0294803
0.0296891
0.0299521
0.0302629
0.0306158
0.0310062
0.0314302
0.0318848
0.0323672
0.0328753
0.0334081
0.000997559
0.000994803
0.000992192
0.00098977
0.000987599
0.000985778
0.000984436
0.000983742
0.000983904
0.000985185
0.000987911
0.000992472
0.000999318
0.00100896
0.00102198
0.00103898
0.00106064
0.00108766
0.0011208
0.00116086
0.00120871
0.00126523
0.00133134
0.00140801
0.00149619
0.00159687
0.00171117
0.00184056
0.00198779
0.00215886
0.00236774
0.0026455
0.00305701
0.00372877
0.00489162
0.00694053
0.0105097
0.0165592
0.0264689
0.0421222
0.0659335
0.10075
0.149567
0.215033
0.298772
0.400656
0.518257
0.646735
0.779294
0.908119
1.02549
1.12477
1.20104
1.25132
1.2745
1.27105
1.24267
1.19195
1.12205
1.03653
0.939166
0.833898
0.724739
0.615715
0.510753
0.413508
0.327106
0.25379
0.195833
0.151994
0.119593
0.0959709
0.0788359
0.0663804
0.0572601
0.0505131
0.045465
0.041646
0.0387289
0.0364848
0.0347516
0.0334136
0.0323868
0.031609
0.0310338
0.0306258
0.0303584
0.0302133
0.0301706
0.0302148
0.0303332
0.0305157
0.0307537
0.0310404
0.0313703
0.0317388
0.0321422
0.0325776
0.0330427
0.0335363
0.000997791
0.000995195
0.00099277
0.000990522
0.000988518
0.000986888
0.000985793
0.000985421
0.000986
0.000987809
0.000991187
0.000996523
0.00100426
0.00101489
0.00102893
0.00104694
0.00106949
0.00109717
0.00113062
0.00117053
0.00121763
0.00127273
0.00133667
0.00141036
0.00149476
0.00159087
0.00169977
0.00182262
0.00196088
0.00211687
0.00229523
0.00250639
0.0027735
0.00314547
0.00371899
0.00467302
0.00631858
0.00916363
0.0139903
0.0219415
0.0346072
0.054081
0.0829246
0.123978
0.17997
0.252936
0.343518
0.450338
0.569685
0.695724
0.821217
0.938555
1.04078
1.12232
1.17942
1.21014
1.21422
1.19276
1.14797
1.08286
1.00102
0.906468
0.803465
0.696419
0.589725
0.487603
0.393855
0.311533
0.242539
0.188358
0.147637
0.117569
0.0955534
0.07944
0.0675773
0.058761
0.0521364
0.0471023
0.0432368
0.0402433
0.037911
0.0360888
0.0346665
0.0335626
0.0327158
0.0320795
0.0316172
0.0313056
0.0311204
0.0310413
0.0310519
0.0311389
0.0312917
0.0315015
0.0317613
0.0320658
0.0324104
0.0327918
0.0332072
0.0336555
0.000998473
0.000997391
0.00099789
0.00100051
0.00100591
0.00101479
0.00102782
0.00104557
0.00106853
0.00109701
0.0011311
0.00117062
0.00121511
0.00126388
0.001316
0.00137044
0.00142613
0.00148213
0.00153773
0.00159261
0.00164689
0.00170114
0.0017564
0.00181415
0.00187617
0.00194456
0.00202155
0.00210947
0.00221073
0.00232782
0.00246373
0.00262307
0.00281471
0.00305748
0.00339082
0.00389318
0.00471116
0.00610222
0.00849191
0.0125439
0.01924
0.029965
0.0465754
0.0714014
0.107119
0.156439
0.221601
0.303714
0.402105
0.513892
0.634018
0.755792
0.871811
0.974956
1.05921
1.12018
1.15523
1.16352
1.14574
1.10391
1.04107
0.961049
0.868183
0.767123
0.662616
0.559313
0.461525
0.372914
0.296137
0.23254
0.182707
0.1452
0.117288
0.0965808
0.081157
0.0695831
0.0608245
0.0541342
0.0489761
0.0449662
0.0418285
0.0393627
0.0374216
0.0358956
0.0347023
0.0337789
0.0330768
0.0325589
0.0321999
0.0319726
0.0318552
0.0318302
0.0318837
0.0320046
0.0321841
0.0324154
0.0326931
0.033013
0.0333721
0.0337686
0.00104358
0.0011496
0.00134348
0.00165015
0.00208658
0.00266379
0.00338736
0.00425501
0.00525425
0.00636127
0.0075411
0.00874891
0.00993261
0.0110366
0.0120064
0.0127935
0.0133599
0.0136814
0.0137494
0.013571
0.0131681
0.0125743
0.0118315
0.010986
0.0100844
0.00917031
0.00828211
0.00745107
0.00670087
0.00604776
0.00550132
0.00506587
0.00474256
0.00453278
0.00444414
0.00450065
0.00475964
0.00533814
0.00645123
0.00846379
0.011955
0.0177937
0.0272199
0.0419179
0.0640396
0.096116
0.140801
0.20042
0.276353
0.368378
0.474181
0.589259
0.707326
0.82112
0.923377
1.00772
1.06927
1.10503
1.11388
1.0965
1.05504
0.992816
0.913978
0.823171
0.725276
0.625163
0.527433
0.436136
0.354443
0.284358
0.226577
0.180823
0.145912
0.119458
0.0993592
0.0840299
0.0723121
0.0633127
0.0563571
0.0509463
0.0467126
0.0433841
0.0407585
0.0386847
0.0370486
0.0357634
0.0347627
0.0339951
0.0334259
0.0330221
0.0327539
0.0325983
0.0325371
0.0325561
0.0326441
0.0327926
0.0329948
0.0332458
0.0335415
0.03388
0.00700933
0.0149869
0.0261562
0.0406052
0.0575957
0.0764289
0.0964788
0.117031
0.137284
0.156424
0.173674
0.188334
0.199821
0.2077
0.211723
0.211847
0.208216
0.201174
0.191179
0.178785
0.16461
0.149285
0.13342
0.117569
0.102205
0.0877066
0.0743509
0.0623153
0.0516892
0.0424869
0.0346637
0.028132
0.0227764
0.018468
0.0150762
0.0124811
0.0105865
0.00933658
0.00874104
0.00891127
0.0101116
0.0128216
0.0178051
0.0261832
0.0395056
0.0597849
0.0894341
0.131045
0.186973
0.258737
0.346344
0.447736
0.558596
0.672686
0.78266
0.881126
0.961655
1.01949
1.0519
1.05814
1.03926
0.997705
0.937
0.861343
0.775331
0.683682
0.590975
0.501374
0.418328
0.344308
0.280652
0.227624
0.184357
0.150656
0.124262
0.103632
0.0876915
0.0754047
0.0659115
0.0585492
0.0528142
0.0483256
0.044797
0.0420136
0.0398137
0.0380754
0.0367063
0.0356365
0.0348141
0.0342021
0.0337577
0.0334509
0.0332582
0.0331612
0.0331458
0.033201
0.0333188
0.0334927
0.0337179
0.033992
0.0812746
0.10869
0.139675
0.17746
0.219228
0.262557
0.306426
0.350235
0.393264
0.434762
0.474054
0.510532
0.543632
0.572825
0.597619
0.617637
0.632969
0.640465
0.639828
0.631344
0.615513
0.59307
0.564958
0.532239
0.496098
0.457772
0.418389
0.378975
0.340412
0.303408
0.268493
0.236028
0.206229
0.179194
0.154922
0.133342
0.114329
0.0977298
0.0833818
0.0711349
0.0608769
0.0525644
0.0462635
0.0421987
0.0408091
0.0428038
0.0492026
0.0613415
0.0808169
0.109342
0.148502
0.199417
0.262376
0.336512
0.419621
0.508177
0.597578
0.682587
0.757917
0.818826
0.861642
0.88411
0.885534
0.866722
0.82978
0.777791
0.714462
0.643737
0.569448
0.495024
0.423313
0.356519
0.296208
0.243415
0.198511
0.161247
0.13224
0.109889
0.0926952
0.0794884
0.0693336
0.0614916
0.0553999
0.0506373
0.0468907
0.0439275
0.0415743
0.0397013
0.03821
0.0370287
0.0361081
0.0354056
0.0348777
0.0344929
0.0342277
0.0340642
0.0339887
0.033991
0.034063
0.034199
0.0249023
0.0218959
0.0193421
0.0170161
0.0151745
0.0138848
0.013078
0.0127038
0.012727
0.0131167
0.0138435
0.0148828
0.0162149
0.017825
0.0197027
0.021811
0.0242711
0.0355278
0.0536471
0.0760549
0.101008
0.127253
0.153818
0.179912
0.203542
0.22233
0.235791
0.243707
0.246191
0.243791
0.237255
0.227413
0.215093
0.20106
0.185981
0.170422
0.154848
0.139627
0.125048
0.111329
0.098634
0.0870921
0.0768239
0.0679716
0.0607357
0.0554197
0.0524748
0.0525424
0.056479
0.0653512
0.0803841
0.102852
0.133907
0.174361
0.224446
0.283593
0.350282
0.421998
0.495348
0.566329
0.630744
0.684677
0.724947
0.749444
0.757298
0.748866
0.725564
0.689597
0.643639
0.590521
0.532988
0.473548
0.4144
0.357436
0.304232
0.256023
0.213694
0.177555
0.147406
0.123253
0.104366
0.0896147
0.0780993
0.0690847
0.061992
0.0563765
0.0519008
0.0483098
0.0454107
0.0430571
0.0411373
0.0395696
0.0383017
0.037288
0.0364821
0.0358494
0.0353637
0.0350047
0.0347566
0.0346074
0.0257025
0.0215587
0.01826
0.0155677
0.0133137
0.0114676
0.00995074
0.00868792
0.00762519
0.00672622
0.0059639
0.00531675
0.00476755
0.00430298
0.00391349
0.00359464
0.00334644
0.0031902
0.0031435
0.00322459
0.00345738
0.0038725
0.00450498
0.00546255
0.00975649
0.0204846
0.0358766
0.0545482
0.0753218
0.0951006
0.112223
0.125649
0.13496
0.140249
0.141924
0.140535
0.136673
0.130903
0.123742
0.115648
0.107019
0.0981948
0.0894701
0.0811044
0.0733447
0.066451
0.0607288
0.0565656
0.0544669
0.0550853
0.0592325
0.067864
0.082028
0.102772
0.131007
0.167337
0.21187
0.264037
0.322459
0.384912
0.448425
0.509538
0.564684
0.610616
0.644792
0.665619
0.672542
0.665975
0.647111
0.617692
0.579769
0.535511
0.487069
0.43649
0.385669
0.336294
0.289797
0.24729
0.209517
0.176851
0.149249
0.126303
0.108012
0.0934671
0.0819034
0.0726893
0.0653155
0.0593814
0.0545762
0.0506604
0.04745
0.0448034
0.0426112
0.0407918
0.0392921
0.0380652
0.0370665
0.0362615
0.0356238
0.0351323
0.0225995
0.0190851
0.0161604
0.0137347
0.0117379
0.010112
0.00877606
0.00767054
0.0067507
0.00598261
0.00533993
0.00480201
0.00435239
0.00397776
0.00366705
0.00341097
0.00320168
0.003033
0.00290003
0.00279834
0.00272317
0.00266908
0.00263069
0.00260619
0.00260679
0.00266202
0.00281776
0.00315659
0.00395445
0.0088596
0.0186699
0.0324999
0.0479214
0.0629838
0.0760935
0.0863258
0.0933987
0.0974549
0.0988514
0.0980254
0.0954253
0.0914779
0.0865743
0.0810677
0.0752778
0.0695033
0.0640396
0.0592037
0.0553627
0.0529642
0.0525634
0.0548405
0.0605994
0.0707429
0.0862164
0.107916
0.136562
0.172536
0.215708
0.265269
0.319637
0.37647
0.432845
0.485579
0.531621
0.568422
0.594198
0.608042
0.609891
0.600403
0.580776
0.552569
0.517542
0.477539
0.434388
0.389833
0.345473
0.3027
0.262653
0.226168
0.193757
0.165608
0.141649
0.12153
0.10514
0.0918755
0.0811424
0.0724384
0.0653527
0.0595567
0.0547906
0.0508509
0.047578
0.0448475
0.0425618
0.0406477
0.0390555
0.0377397
0.0366603
0.0357856
0.0220414
0.0185917
0.0156813
0.0133188
0.0114051
0.0098597
0.00860069
0.0075706
0.00672758
0.00604084
0.00548657
0.00504539
0.00470057
0.00443718
0.00424154
0.00410116
0.00400469
0.00394209
0.00390463
0.00388494
0.00387697
0.00387606
0.00387913
0.00388517
0.00389532
0.00391131
0.00393194
0.00395124
0.00396262
0.00397753
0.00407142
0.00463411
0.00773482
0.0146492
0.0250817
0.0373652
0.0494933
0.0599235
0.0678685
0.0731633
0.0760026
0.0767393
0.0757724
0.0734956
0.0702758
0.0664501
0.0623319
0.0582255
0.0544466
0.0513469
0.0493413
0.0489327
0.0507293
0.0554502
0.0639113
0.0769871
0.0955411
0.120319
0.151805
0.190043
0.234458
0.283733
0.335804
0.388016
0.437441
0.481248
0.517062
0.543188
0.558709
0.563458
0.557904
0.54301
0.520078
0.490621
0.456251
0.418586
0.379187
0.339489
0.300753
0.264021
0.230081
0.199451
0.172384
0.148899
0.128835
0.111862
0.0978811
0.0863863
0.0769329
0.0691424
0.062702
0.0573574
0.0529045
0.0491807
0.0460565
0.0434292
0.0412173
0.0393606
0.0378145
0.0365371
0.0204743
0.0173188
0.0146249
0.0124442
0.0107153
0.00936237
0.00831486
0.00752796
0.00696421
0.00658808
0.00636499
0.00626187
0.00624785
0.00629525
0.00638029
0.0064835
0.00658968
0.0066876
0.00676948
0.00683037
0.00686748
0.00687966
0.00686688
0.00683008
0.00677099
0.00669263
0.0065999
0.00649905
0.00640114
0.0063312
0.00629643
0.0062957
0.00637737
0.00684893
0.0085598
0.0127948
0.0203541
0.0304022
0.0409113
0.0500613
0.0569209
0.0613187
0.0634941
0.0638417
0.0627791
0.0606952
0.0579373
0.0548196
0.0516395
0.0487003
0.0463368
0.0449411
0.0449865
0.0470446
0.0517917
0.0599999
0.0725057
0.0901479
0.113666
0.143546
0.179834
0.221938
0.268504
0.317447
0.366161
0.411865
0.451987
0.484455
0.507875
0.521563
0.525489
0.520166
0.506511
0.48572
0.459153
0.428246
0.394426
0.359056
0.323382
0.288487
0.25526
0.224369
0.196262
0.171169
0.149132
0.130043
0.113693
0.0998281
0.0882689
0.0786351
0.070602
0.0638923
0.0582747
0.0535594
0.049592
0.0462478
0.0434259
0.0410458
0.0390421
0.0373677
0.0192427
0.0163496
0.0138814
0.0120283
0.0107776
0.0100428
0.00972327
0.00972732
0.00996101
0.0103361
0.0107786
0.0112318
0.011655
0.0120219
0.0123167
0.0125322
0.012667
0.0127235
0.0127069
0.0126238
0.012482
0.0122896
0.0120558
0.0117906
0.0115045
0.0112137
0.0109543
0.0107194
0.0104987
0.0102706
0.0100282
0.0097787
0.00954081
0.00936571
0.00939482
0.00998579
0.0118926
0.0162319
0.0236145
0.0329261
0.0419088
0.0488797
0.0533126
0.0554324
0.0557341
0.0547269
0.0528435
0.0504348
0.0477951
0.0451956
0.0429148
0.041268
0.0406336
0.041475
0.044356
0.049946
0.0590112
0.0723822
0.0908852
0.11522
0.145775
0.182402
0.224219
0.26955
0.316076
0.361159
0.402226
0.4371
0.464198
0.4826
0.492013
0.492679
0.485252
0.470688
0.450129
0.424822
0.396039
0.365018
0.33292
0.300782
0.269487
0.239744
0.212077
0.186826
0.164161
0.144109
0.126583
0.111419
0.0983982
0.0872956
0.0779402
0.0700551
0.0634047
0.057791
0.0530469
0.0490335
0.0456367
0.042763
0.0403367
0.0382952
0.0178251
0.0158942
0.0147523
0.0146736
0.0154537
0.016697
0.018092
0.0194488
0.0206515
0.0216397
0.0223922
0.0229118
0.0232141
0.0233206
0.0232547
0.02304
0.022699
0.0222526
0.0217201
0.02112
0.02047
0.0197884
0.0190964
0.0184324
0.0177966
0.0171682
0.016512
0.0158346
0.0151432
0.0144468
0.0137547
0.013078
0.0124328
0.0118501
0.0113963
0.0112155
0.0116102
0.0131803
0.0169009
0.0235453
0.0322395
0.0404795
0.0463057
0.0493374
0.0501322
0.0494315
0.0478251
0.0457221
0.0434087
0.0411137
0.0390589
0.0374951
0.0367304
0.0371517
0.0392419
0.043593
0.0509083
0.0619883
0.0776846
0.0987959
0.125883
0.159016
0.197531
0.239939
0.28407
0.327408
0.36748
0.402181
0.429961
0.449889
0.46161
0.465258
0.461348
0.450676
0.43422
0.413062
0.388319
0.361093
0.332425
0.303259
0.274416
0.246576
0.220264
0.195854
0.173575
0.153528
0.135711
0.120039
0.106373
0.0945417
0.0843551
0.0756121
0.0681409
0.0617945
0.0564007
0.0518142
0.0479144
0.0446013
0.0417931
0.0394211
0.0236264
0.0264345
0.0296252
0.0329397
0.0358803
0.0381402
0.0397177
0.0407036
0.0411925
0.0412687
0.0410047
0.0404616
0.0396913
0.0387376
0.0376378
0.0364241
0.0351244
0.0337637
0.0323648
0.0309507
0.0295476
0.0281972
0.0268698
0.0255262
0.0241671
0.0228085
0.0214653
0.0201514
0.0188797
0.0176619
0.0165089
0.0154327
0.01445
0.0135896
0.0129062
0.012505
0.0125849
0.0135308
0.0160531
0.0211521
0.0290802
0.0376056
0.0434663
0.045788
0.0456037
0.0442866
0.0425468
0.0405816
0.0385512
0.0366031
0.0348993
0.0336298
0.0330856
0.033599
0.0356046
0.0396508
0.0464071
0.0566611
0.0712816
0.0911112
0.116755
0.148287
0.184999
0.225353
0.267197
0.308137
0.3459
0.378596
0.404876
0.423967
0.435599
0.439912
0.437367
0.428662
0.414657
0.3963
0.374567
0.35042
0.32477
0.298446
0.272177
0.246571
0.222113
0.199162
0.177957
0.158628
0.141218
0.125694
0.111971
0.0999293
0.0894244
0.0803044
0.0724181
0.0656203
0.0597736
0.0547529
0.050447
0.0467587
0.0436186
0.0409549
0.0681593
0.0720079
0.0728852
0.0729159
0.072463
0.0715948
0.0703623
0.0688153
0.0670012
0.0649644
0.0627468
0.0603899
0.0579347
0.0554152
0.0528591
0.0502901
0.0477293
0.0451997
0.04273
0.0403611
0.0380545
0.0357668
0.0335271
0.0313553
0.029268
0.0272793
0.0254008
0.0236415
0.022009
0.0205105
0.0191546
0.0179541
0.0169317
0.0161312
0.015643
0.0156568
0.0164804
0.0185332
0.0222114
0.0273972
0.0330796
0.0377084
0.0401705
0.040546
0.0396361
0.0382293
0.0366844
0.0350899
0.0335347
0.0321255
0.0309999
0.0303406
0.0304105
0.031532
0.0341255
0.0387253
0.0459903
0.0566984
0.0716972
0.0917696
0.117393
0.148447
0.184029
0.222507
0.261805
0.299772
0.334469
0.364085
0.387238
0.403765
0.413599
0.416945
0.414242
0.40612
0.393344
0.376746
0.357174
0.335461
0.312385
0.288655
0.264891
0.241615
0.219243
0.198093
0.178384
0.160247
0.143741
0.128862
0.11556
0.103751
0.09333
0.0841796
0.076178
0.0692055
0.0631475
0.0578977
0.0533596
0.0494474
0.0460859
0.0432085
0.131014
0.124458
0.119113
0.11449
0.110169
0.105891
0.101554
0.0971486
0.0927006
0.0882424
0.0838028
0.0794056
0.0751361
0.0709994
0.0669942
0.0631357
0.059456
0.0559975
0.0527094
0.0495301
0.0464817
0.0435739
0.0408151
0.0382145
0.035778
0.0335097
0.031412
0.0294884
0.0277448
0.0261922
0.0248504
0.0237531
0.0229528
0.0225262
0.0225709
0.0231865
0.0244311
0.0262579
0.0284955
0.0308364
0.0328579
0.0341417
0.0344896
0.0340524
0.0331687
0.0321317
0.0310788
0.03007
0.0291831
0.0285259
0.0282459
0.0285429
0.0296861
0.0320175
0.0359755
0.0421069
0.0510658
0.0635829
0.0803772
0.101987
0.128539
0.159548
0.193867
0.22984
0.265584
0.299264
0.329263
0.354264
0.373484
0.386769
0.394169
0.395902
0.392208
0.383771
0.371425
0.355894
0.3379
0.318144
0.297283
0.275902
0.254513
0.233541
0.213329
0.19414
0.176156
0.159494
0.14421
0.130314
0.117774
0.106532
0.0965119
0.0876235
0.0797723
0.0728622
0.0668002
0.0614981
0.0568745
0.0528554
0.0493747
0.0463735
0.163738
0.161369
0.156331
0.149758
0.142546
0.135205
0.12801
0.121097
0.114513
0.108264
0.102332
0.0967045
0.0913813
0.0863629
0.0816424
0.0771847
0.0729272
0.0688065
0.0648336
0.0610144
0.0573489
0.0538377
0.0504788
0.0472703
0.0442137
0.0413158
0.0385905
0.0360594
0.0337514
0.0317007
0.0299435
0.0285129
0.0274338
0.0267185
0.0263635
0.0263463
0.0266202
0.0271081
0.0277024
0.0282698
0.0286721
0.0288076
0.0286574
0.0282966
0.0278432
0.0274005
0.0270409
0.0268349
0.0268799
0.0273099
0.0283031
0.0300932
0.03298
0.0373375
0.0436214
0.0523633
0.0641413
0.0795122
0.0988955
0.122418
0.149766
0.180121
0.212226
0.244565
0.275587
0.30388
0.328286
0.347986
0.362571
0.371985
0.37635
0.375914
0.371026
0.362221
0.349993
0.335099
0.318292
0.300165
0.281249
0.262009
0.242848
0.224097
0.206024
0.188831
0.172662
0.15761
0.143722
0.131006
0.119444
0.108993
0.0995967
0.0911865
0.0836893
0.07703
0.0711344
0.0659314
0.0613542
0.0573414
0.0538375
0.050793
0.187784
0.182731
0.17491
0.16594
0.156753
0.147807
0.139298
0.13128
0.123726
0.116578
0.109763
0.103205
0.0968714
0.0907866
0.0849445
0.079335
0.0739643
0.0688339
0.0639485
0.0593154
0.0549412
0.0508329
0.0469995
0.0434508
0.0401965
0.0372452
0.0346032
0.0322743
0.0302589
0.0285535
0.0271507
0.0260388
0.0252018
0.0246187
0.0242633
0.0241038
0.0241016
0.0242127
0.0243895
0.024587
0.0247708
0.0249281
0.0250755
0.0252575
0.0255347
0.0259757
0.026659
0.0276846
0.0291843
0.0313281
0.0343304
0.0384555
0.0440205
0.0513919
0.0609727
0.0731721
0.0883515
0.106747
0.128373
0.152941
0.179813
0.208042
0.236474
0.263897
0.289178
0.311364
0.329748
0.343895
0.353644
0.359043
0.360272
0.357607
0.3514
0.342077
0.33005
0.315663
0.299861
0.283175
0.26602
0.248752
0.231668
0.215016
0.198992
0.183743
0.169376
0.155955
0.143516
0.132065
0.121586
0.112048
0.103407
0.0956114
0.0886045
0.0823281
0.0767237
0.071735
0.0673084
0.0633941
0.059947
0.0569268
0.158264
0.149996
0.139776
0.129515
0.119743
0.11065
0.102282
0.0946217
0.0876248
0.0812398
0.0754135
0.0700943
0.065213
0.0606864
0.0564833
0.0525866
0.0489782
0.0456431
0.0425675
0.0397403
0.0371525
0.0347966
0.0326662
0.0307551
0.0290573
0.0275668
0.0262775
0.0251827
0.0242755
0.0235484
0.0229937
0.0226029
0.022367
0.0222765
0.0223216
0.0224921
0.0227786
0.0231731
0.0236712
0.0242745
0.0249937
0.0258521
0.0268875
0.028153
0.0297169
0.0316643
0.0341002
0.0371545
0.0409852
0.0457809
0.0517596
0.0591658
0.0682606
0.0793047
0.0925314
0.108108
0.126087
0.146358
0.168609
0.192312
0.216748
0.241071
0.264394
0.285882
0.304817
0.320653
0.333031
0.341782
0.346905
0.348524
0.346851
0.342157
0.334748
0.324939
0.312979
0.299141
0.284339
0.269025
0.253516
0.238072
0.222909
0.208199
0.19408
0.180651
0.167986
0.156127
0.145096
0.134893
0.125506
0.116908
0.109066
0.101939
0.0954838
0.0896548
0.0844065
0.0796944
0.0754761
0.0717117
0.068365
0.0654041
0.0766002
0.0720862
0.0674775
0.0632398
0.0593951
0.0558987
0.0527106
0.0497979
0.0471313
0.0446852
0.0424378
0.0403705
0.038467
0.0367123
0.0350952
0.0336064
0.0322392
0.0309887
0.0298512
0.0288241
0.0279058
0.0270953
0.0263922
0.0257969
0.0253099
0.0249325
0.0246662
0.0245132
0.0244761
0.0245582
0.0247637
0.0250973
0.0255652
0.0261747
0.026935
0.0278573
0.0289561
0.0302497
0.0317615
0.0335213
0.0355671
0.0379463
0.0407175
0.0439514
0.0477316
0.0521563
0.0573381
0.0634042
0.0704941
0.0787557
0.0883379
0.0993797
0.111996
0.126256
0.142164
0.159635
0.17847
0.198352
0.218844
0.239412
0.259461
0.278384
0.295614
0.310663
0.323157
0.332845
0.339605
0.343432
0.344416
0.342719
0.33855
0.332137
0.323703
0.313417
0.301316
0.288109
0.274344
0.260348
0.246361
0.232571
0.219125
0.206142
0.193711
0.181898
0.170745
0.16028
0.150511
0.141436
0.13304
0.125304
0.118198
0.111691
0.105749
0.100336
0.0954168
0.0909564
0.0869212
0.0832795
0.0800023
0.0770647
0.0565969
0.0548465
0.0530969
0.0514603
0.0499392
0.0485273
0.047218
0.0460054
0.0448844
0.0438508
0.0429013
0.0420336
0.0412463
0.0405386
0.0399106
0.039363
0.0388968
0.0385139
0.0382168
0.0380086
0.037893
0.0378745
0.0379585
0.038151
0.0384592
0.038891
0.0394555
0.0401632
0.0410255
0.0420558
0.0432687
0.0446808
0.046311
0.0481803
0.0503124
0.0527341
0.0554756
0.0585707
0.0620578
0.0659797
0.0703846
0.0753257
0.0808618
0.0870566
0.0939777
0.101696
0.110281
0.1198
0.130311
0.141859
0.154464
0.168115
0.182761
0.198297
0.214562
0.231333
0.248324
0.265197
0.281578
0.297075
0.311306
0.323924
0.334636
0.343222
0.349543
0.353538
0.355223
0.354679
0.352034
0.347445
0.341077
0.33307
0.323514
0.312343
0.30022
0.287559
0.274656
0.261739
0.248975
0.236493
0.224394
0.212751
0.201619
0.191039
0.181032
0.171612
0.16278
0.154529
0.146845
0.139709
0.133098
0.126987
0.121348
0.116154
0.111377
0.106988
0.102962
0.0992729
0.095899
0.0928205
0.0932557
0.0925381
0.0917876
0.0910721
0.0904012
0.0897787
0.0892078
0.0886921
0.0882354
0.0878422
0.0875169
0.0872649
0.0870915
0.0870027
0.0870047
0.0871047
0.0873099
0.0876287
0.0880698
0.0886428
0.0893583
0.0902275
0.0912629
0.0924777
0.0938864
0.0955048
0.0973496
0.0994392
0.101793
0.104432
0.107378
0.110656
0.114289
0.118305
0.12273
0.127593
0.132922
0.138746
0.145094
0.151995
0.159475
0.167558
0.176265
0.185612
0.195607
0.20625
0.217529
0.229417
0.241868
0.254816
0.26817
0.281812
0.295596
0.309346
0.322865
0.335931
0.34831
0.359766
0.370068
0.379005
0.386397
0.392099
0.396017
0.3981
0.398349
0.396806
0.393551
0.388691
0.382346
0.374627
0.365613
0.3553
0.34375
0.331508
0.318878
0.306083
0.293308
0.280696
0.268355
0.256367
0.244791
0.233673
0.223041
0.212917
0.203308
0.194218
0.185641
0.177568
0.169984
0.162872
0.156212
0.149983
0.144163
0.138729
0.133659
0.128931
0.124524
0.120418
0.116594
0.113039
0.175249
0.176309
0.177568
0.178892
0.18026
0.181673
0.183137
0.184657
0.186239
0.187891
0.189621
0.191437
0.193349
0.195367
0.197502
0.199765
0.202168
0.204725
0.20745
0.210357
0.213463
0.216783
0.220337
0.22414
0.228213
0.232574
0.237244
0.242242
0.247588
0.253301
0.259401
0.265904
0.272827
0.280183
0.287982
0.296233
0.304936
0.314089
0.323684
0.333703
0.344124
0.354913
0.366027
0.377413
0.389006
0.400731
0.412497
0.424205
0.43574
0.446979
0.457786
0.468019
0.477531
0.486173
0.4938
0.500273
0.505468
0.509276
0.51161
0.51241
0.511642
0.5093
0.505407
0.500009
0.493178
0.485002
0.475575
0.464996
0.453349
0.440695
0.426966
0.412512
0.397751
0.382876
0.368042
0.353385
0.339009
0.324997
0.311409
0.29829
0.28567
0.273569
0.261998
0.250959
0.240452
0.230468
0.220997
0.212023
0.203532
0.195503
0.187919
0.180758
0.173999
0.167624
0.16161
0.155939
0.150593
0.145553
0.140803
0.136332
0.273811
0.277241
0.281423
0.285845
0.290412
0.295108
0.299936
0.304904
0.310019
0.31529
0.320726
0.326337
0.332134
0.338127
0.344328
0.350749
0.357404
0.364305
0.371465
0.378899
0.386621
0.394645
0.402984
0.411651
0.42066
0.430021
0.439745
0.449838
0.460306
0.47115
0.482369
0.493954
0.505893
0.518167
0.530749
0.543603
0.556687
0.569945
0.583315
0.59672
0.610075
0.623284
0.63624
0.648827
0.660921
0.67239
0.6831
0.692912
0.70169
0.7093
0.715617
0.720524
0.723919
0.725716
0.725848
0.724271
0.720961
0.71592
0.70917
0.700757
0.690745
0.679213
0.666257
0.651979
0.636485
0.61988
0.602258
0.583708
0.564307
0.544003
0.52344
0.503048
0.482947
0.463235
0.443999
0.425313
0.407229
0.389785
0.373008
0.356911
0.341499
0.326771
0.31272
0.299332
0.286593
0.274484
0.262984
0.252071
0.241721
0.231911
0.222616
0.213813
0.205478
0.197587
0.190118
0.183048
0.176359
0.170029
0.164041
0.158381
0.342116
0.347316
0.353771
0.360661
0.367815
0.375204
0.382831
0.390703
0.398833
0.40723
0.415907
0.424877
0.434152
0.443745
0.453671
0.463942
0.474572
0.485574
0.496963
0.508749
0.520946
0.533564
0.546611
0.560094
0.574019
0.588385
0.603192
0.61843
0.634089
0.650148
0.666582
0.683356
0.700426
0.717739
0.73523
0.752822
0.770425
0.787938
0.805246
0.822221
0.838725
0.854607
0.86971
0.883868
0.896914
0.908677
0.918992
0.927699
0.934651
0.939714
0.942775
0.943741
0.942545
0.939148
0.933538
0.925733
0.915777
0.903738
0.889711
0.873806
0.856149
0.836873
0.816119
0.794024
0.770719
0.746319
0.720927
0.694641
0.667489
0.63996
0.612951
0.586607
0.560996
0.536186
0.51223
0.489168
0.467023
0.445807
0.42552
0.406155
0.387697
0.370127
0.353422
0.337553
0.322492
0.308207
0.294668
0.281842
0.269695
0.258197
0.247316
0.237021
0.227282
0.218069
0.209356
0.201116
0.193323
0.185954
0.178986
0.172398
0.0734755
0.0736119
0.0737398
0.0738726
0.0740101
0.0741521
0.0742985
0.0744491
0.0746035
0.0747615
0.0749227
0.0750866
0.0752528
0.0754209
0.0755904
0.0757606
0.0759311
0.0761013
0.0762706
0.0764384
0.0766041
0.0767671
0.0769267
0.0770823
0.0772334
0.0773793
0.0775193
0.077653
0.0777798
0.077899
0.0780102
0.0781129
0.0782065
0.0782906
0.0783648
0.0784287
0.078482
0.0785244
0.0785555
0.0785752
0.0785834
0.0785799
0.0785646
0.0785376
0.078499
0.0784487
0.0783872
0.0783146
0.0782312
0.0781375
0.078034
0.0779212
0.0777998
0.0776706
0.0775344
0.0773921
0.0772449
0.0770938
0.0769402
0.0767855
0.0766312
0.0764791
0.076331
0.076189
0.0760553
0.0759325
0.0758233
0.0757306
0.0756579
0.0756088
0.0755875
0.0755988
0.0756477
0.0757403
0.0758833
0.0760846
0.076353
0.076699
0.077135
0.0776753
0.0783375
0.0791423
0.0801155
0.0812886
0.0827016
0.0844049
0.0864641
0.0889662
0.0920283
0.0958136
0.100556
0.106602
0.114494
0.125125
0.140082
0.162476
0.199298
0.269702
0.444539
1.15517
0.0400772
0.0400564
0.0400265
0.0399933
0.0399574
0.0399191
0.0398787
0.0398368
0.0397934
0.0397489
0.0397033
0.0396568
0.0396093
0.039561
0.0395117
0.0394614
0.03941
0.0393574
0.0393035
0.0392481
0.0391911
0.0391324
0.0390719
0.0390093
0.0389447
0.0388779
0.0388088
0.0387373
0.0386634
0.0385872
0.0385084
0.0384272
0.0383436
0.0382577
0.0381694
0.038079
0.0379865
0.037892
0.0377958
0.0376981
0.037599
0.0374989
0.037398
0.0372966
0.037195
0.0370937
0.036993
0.0368933
0.0367952
0.0366991
0.0366055
0.036515
0.0364283
0.0363459
0.0362686
0.0361972
0.0361324
0.0360751
0.0360261
0.0359865
0.0359574
0.0359397
0.0359348
0.035944
0.0359686
0.0360101
0.0360703
0.036151
0.036254
0.0363817
0.0365364
0.0367208
0.0369379
0.037191
0.0374839
0.0378208
0.0382067
0.0386473
0.0391491
0.0397199
0.0403686
0.0411063
0.0419462
0.0429043
0.0440008
0.0452609
0.046717
0.0484115
0.0504012
0.0527641
0.0556105
0.0591028
0.0634908
0.0691817
0.0768906
0.0880045
0.105624
0.138341
0.219958
0.604006
0.0329917
0.0329109
0.032835
0.0327638
0.0326969
0.0326339
0.0325745
0.0325183
0.032465
0.0324145
0.0323664
0.0323205
0.0322765
0.0322343
0.0321936
0.0321543
0.0321161
0.032079
0.0320428
0.0320074
0.0319727
0.0319386
0.0319052
0.0318723
0.03184
0.0318083
0.0317771
0.0317466
0.0317168
0.0316878
0.0316596
0.0316325
0.0316066
0.031582
0.0315588
0.0315373
0.0315178
0.0315003
0.0314852
0.0314727
0.0314631
0.0314567
0.0314538
0.0314548
0.0314599
0.0314696
0.0314842
0.0315041
0.0315298
0.0315617
0.0316003
0.0316461
0.0316995
0.0317612
0.0318318
0.0319118
0.0320018
0.0321027
0.0322151
0.0323397
0.0324775
0.0326293
0.0327961
0.032979
0.0331789
0.0333973
0.0336353
0.0338945
0.0341765
0.034483
0.0348161
0.0351779
0.0355709
0.035998
0.0364623
0.0369675
0.0375179
0.0381182
0.0387742
0.0394927
0.0402817
0.0411508
0.0421116
0.0431786
0.0443695
0.0457068
0.0472195
0.0489452
0.0509342
0.0532554
0.0560059
0.0593276
0.0634371
0.0686843
0.0756762
0.0855746
0.100935
0.128722
0.196201
0.51918
0.0309216
0.0308366
0.0307635
0.0306993
0.0306431
0.0305942
0.030552
0.0305158
0.0304852
0.0304597
0.0304389
0.0304223
0.0304097
0.0304008
0.0303954
0.0303931
0.0303938
0.0303973
0.0304036
0.0304124
0.0304238
0.0304375
0.0304537
0.0304722
0.0304931
0.0305163
0.0305419
0.0305699
0.0306005
0.0306335
0.0306692
0.0307076
0.0307489
0.0307932
0.0308405
0.0308911
0.0309451
0.0310028
0.0310642
0.0311296
0.0311991
0.0312731
0.0313518
0.0314354
0.0315241
0.0316183
0.0317183
0.0318243
0.0319367
0.0320559
0.0321822
0.0323161
0.0324579
0.032608
0.0327671
0.0329355
0.0331139
0.0333028
0.0335028
0.0337146
0.033939
0.0341767
0.0344287
0.0346958
0.0349791
0.0352797
0.035599
0.0359382
0.036299
0.0366831
0.0370923
0.037529
0.0379955
0.0384946
0.0390297
0.0396043
0.0402227
0.0408899
0.0416118
0.0423953
0.0432484
0.0441813
0.0452058
0.0463367
0.0475924
0.0489961
0.0505775
0.0523755
0.0544419
0.0568476
0.0596926
0.0631226
0.0673605
0.0727653
0.0799595
0.090133
0.105899
0.134373
0.203448
0.536931
0.0307364
0.0306715
0.0306191
0.0305759
0.0305412
0.0305145
0.030495
0.0304824
0.030476
0.0304756
0.0304806
0.0304907
0.0305055
0.0305247
0.0305482
0.0305755
0.0306065
0.0306411
0.0306789
0.03072
0.0307642
0.0308114
0.0308615
0.0309145
0.0309703
0.0310289
0.0310903
0.0311545
0.0312216
0.0312916
0.0313645
0.0314403
0.0315193
0.0316015
0.0316869
0.0317757
0.0318681
0.0319641
0.032064
0.0321678
0.0322759
0.0323883
0.0325052
0.032627
0.0327538
0.0328859
0.0330235
0.033167
0.0333166
0.0334726
0.0336355
0.0338056
0.0339833
0.034169
0.0343632
0.0345663
0.034779
0.0350017
0.0352352
0.0354801
0.035737
0.0360069
0.0362906
0.0365891
0.0369034
0.0372347
0.0375842
0.0379535
0.0383441
0.0387577
0.0391965
0.0396626
0.0401585
0.0406874
0.0412523
0.0418572
0.0425066
0.0432055
0.0439601
0.0447774
0.0456661
0.0466364
0.0477008
0.0488745
0.0501767
0.0516314
0.0532695
0.0551311
0.0572699
0.0597595
0.0627031
0.0662516
0.0706351
0.0762242
0.0836611
0.0941713
0.110444
0.139792
0.210901
0.556228
0.0307158
0.0306713
0.0306391
0.0306159
0.0306011
0.0305941
0.0305945
0.0306018
0.0306156
0.0306353
0.0306607
0.0306913
0.0307268
0.030767
0.0308115
0.0308601
0.0309126
0.0309688
0.0310286
0.0310916
0.031158
0.0312274
0.0313
0.0313755
0.0314539
0.0315353
0.0316195
0.0317067
0.0317967
0.0318897
0.0319857
0.0320847
0.0321868
0.032292
0.0324006
0.0325125
0.032628
0.0327471
0.03287
0.0329968
0.0331278
0.033263
0.0334028
0.0335472
0.0336966
0.0338512
0.0340112
0.034177
0.0343489
0.034527
0.0347119
0.0349039
0.0351034
0.0353108
0.0355266
0.0357512
0.0359853
0.0362294
0.0364841
0.0367501
0.0370283
0.0373193
0.0376241
0.0379437
0.0382792
0.0386317
0.0390026
0.0393933
0.0398056
0.0402411
0.040702
0.0411906
0.0417095
0.0422617
0.0428507
0.0434804
0.0441553
0.0448808
0.0456631
0.0465097
0.0474292
0.0484324
0.0495319
0.0507438
0.0520875
0.0535879
0.0552767
0.0571954
0.0593994
0.0619641
0.0649961
0.0686504
0.0731636
0.0789164
0.0865679
0.0973747
0.114091
0.144195
0.217
0.570664
0.030772
0.0307472
0.0307335
0.0307279
0.03073
0.0307394
0.0307557
0.0307785
0.0308074
0.0308421
0.0308823
0.0309276
0.0309777
0.0310323
0.0310913
0.0311543
0.0312213
0.0312918
0.031366
0.0314435
0.0315242
0.0316081
0.0316951
0.0317851
0.0318781
0.0319739
0.0320727
0.0321744
0.032279
0.0323865
0.0324971
0.0326106
0.0327273
0.0328471
0.0329702
0.0330967
0.0332266
0.0333602
0.0334975
0.0336388
0.0337841
0.0339337
0.0340878
0.0342465
0.0344101
0.0345789
0.034753
0.0349329
0.0351188
0.0353109
0.0355097
0.0357156
0.0359289
0.03615
0.0363795
0.0366179
0.0368656
0.0371233
0.0373916
0.0376712
0.0379628
0.0382674
0.0385858
0.0389189
0.039268
0.0396341
0.0400187
0.0404233
0.0408495
0.0412991
0.0417743
0.0422775
0.0428113
0.0433787
0.0439834
0.0446293
0.045321
0.0460641
0.0468649
0.047731
0.0486714
0.049697
0.0508208
0.0520591
0.053432
0.0549649
0.0566903
0.0586508
0.0609031
0.0635244
0.0666237
0.07036
0.074975
0.0808584
0.0886837
0.0997348
0.116823
0.147583
0.221954
0.584668
0.0308264
0.0308188
0.0308211
0.0308306
0.030847
0.0308701
0.0308994
0.0309347
0.0309757
0.031022
0.0310735
0.0311299
0.0311908
0.0312561
0.0313255
0.0313988
0.0314759
0.0315566
0.0316407
0.0317281
0.0318187
0.0319124
0.0320091
0.0321088
0.0322115
0.032317
0.0324254
0.0325367
0.0326509
0.032768
0.032888
0.0330111
0.0331372
0.0332665
0.0333991
0.033535
0.0336744
0.0338173
0.033964
0.0341145
0.0342692
0.034428
0.0345913
0.0347592
0.0349319
0.0351098
0.035293
0.0354819
0.0356767
0.0358778
0.0360855
0.0363001
0.0365222
0.0367521
0.0369903
0.0372372
0.0374935
0.0377598
0.0380366
0.0383246
0.0386247
0.0389377
0.0392644
0.039606
0.0399634
0.0403379
0.040731
0.041144
0.0415787
0.0420369
0.0425209
0.0430329
0.0435757
0.0441525
0.0447668
0.0454226
0.0461248
0.0468788
0.0476913
0.0485698
0.0495236
0.0505636
0.0517034
0.0529595
0.0543522
0.0559077
0.0576589
0.0596493
0.0619366
0.0645998
0.0677497
0.0715483
0.0762418
0.0822267
0.0901882
0.101431
0.118811
0.150074
0.225577
0.593691
0.0309035
0.0309114
0.0309278
0.0309503
0.0309789
0.0310133
0.0310533
0.0310986
0.0311491
0.0312045
0.0312646
0.0313292
0.0313981
0.031471
0.0315478
0.0316283
0.0317124
0.0317999
0.0318907
0.0319847
0.0320818
0.0321818
0.0322848
0.0323907
0.0324995
0.0326111
0.0327255
0.0328427
0.0329628
0.0330857
0.0332116
0.0333404
0.0334723
0.0336072
0.0337454
0.0338869
0.0340318
0.0341802
0.0343323
0.0344882
0.0346482
0.0348123
0.0349808
0.0351538
0.0353316
0.0355145
0.0357027
0.0358964
0.036096
0.0363018
0.0365141
0.0367333
0.0369599
0.0371941
0.0374365
0.0376877
0.037948
0.0382182
0.0384988
0.0387907
0.0390944
0.0394109
0.039741
0.0400859
0.0404465
0.0408241
0.0412201
0.0416361
0.0420735
0.0425345
0.0430211
0.0435358
0.0440812
0.0446606
0.0452775
0.045936
0.046641
0.0473981
0.0482138
0.0490959
0.0500537
0.0510984
0.0522436
0.053506
0.0549064
0.056471
0.0582335
0.0602377
0.0625422
0.0652269
0.0684043
0.0722383
0.0769783
0.0830257
0.0910739
0.102443
0.120021
0.151639
0.228003
0.601335
0.0309997
0.0310214
0.0310501
0.031084
0.031123
0.031167
0.0312158
0.0312694
0.0313275
0.0313901
0.0314568
0.0315276
0.0316024
0.0316808
0.0317628
0.0318483
0.0319371
0.0320291
0.0321243
0.0322224
0.0323234
0.0324274
0.0325341
0.0326436
0.0327559
0.0328709
0.0329886
0.0331091
0.0332323
0.0333583
0.0334871
0.0336189
0.0337536
0.0338913
0.0340322
0.0341763
0.0343237
0.0344746
0.0346291
0.0347874
0.0349495
0.0351158
0.0352863
0.0354613
0.035641
0.0358256
0.0360154
0.0362107
0.0364117
0.0366188
0.0368323
0.0370526
0.0372801
0.0375151
0.0377581
0.0380098
0.0382704
0.0385408
0.0388214
0.0391131
0.0394164
0.0397324
0.0400618
0.0404057
0.0407652
0.0411415
0.041536
0.0419502
0.0423857
0.0428445
0.0433288
0.0438409
0.0443836
0.04496
0.0455738
0.0462291
0.0469307
0.0476843
0.0484965
0.0493752
0.0503296
0.051371
0.0525133
0.0537731
0.0551715
0.056735
0.0584975
0.0605032
0.0628113
0.0655024
0.0686899
0.0725392
0.0773019
0.0833827
0.0914802
0.102925
0.120623
0.152458
0.229312
0.605073
0.0311214
0.0311555
0.0311952
0.0312391
0.0312872
0.0313394
0.0313957
0.031456
0.0315203
0.0315884
0.0316603
0.0317357
0.0318146
0.0318969
0.0319825
0.0320712
0.0321629
0.0322576
0.0323552
0.0324556
0.0325587
0.0326645
0.032773
0.0328841
0.0329978
0.0331141
0.0332331
0.0333546
0.0334788
0.0336057
0.0337353
0.0338677
0.0340029
0.0341411
0.0342824
0.0344267
0.0345743
0.0347252
0.0348796
0.0350377
0.0351996
0.0353654
0.0355354
0.0357097
0.0358887
0.0360724
0.0362611
0.0364552
0.0366548
0.0368604
0.0370722
0.0372906
0.037516
0.0377488
0.0379894
0.0382383
0.0384962
0.0387634
0.0390407
0.0393288
0.0396283
0.0399402
0.0402652
0.0406045
0.040959
0.0413301
0.041719
0.0421272
0.0425565
0.0430087
0.043486
0.0439907
0.0445256
0.0450939
0.0456992
0.0463455
0.0470378
0.0477816
0.0485836
0.0494516
0.050395
0.0514252
0.0525557
0.0538036
0.0551898
0.056741
0.0584911
0.0604846
0.0627809
0.0654608
0.0686383
0.0724792
0.0772363
0.0833154
0.0914176
0.102877
0.120609
0.152514
0.229565
0.606998
0.0312655
0.0313108
0.0313604
0.0314132
0.0314692
0.0315285
0.0315912
0.0316572
0.0317265
0.031799
0.0318748
0.0319536
0.0320355
0.0321204
0.0322081
0.0322987
0.032392
0.032488
0.0325866
0.0326878
0.0327915
0.0328977
0.0330064
0.0331175
0.0332311
0.0333471
0.0334656
0.0335865
0.03371
0.033836
0.0339647
0.034096
0.03423
0.0343668
0.0345065
0.0346492
0.0347951
0.0349441
0.0350965
0.0352525
0.035412
0.0355754
0.0357428
0.0359144
0.0360904
0.036271
0.0364565
0.0366472
0.0368432
0.0370449
0.0372527
0.0374669
0.0376878
0.0379159
0.0381516
0.0383953
0.0386477
0.0389092
0.0391804
0.0394621
0.039755
0.0400598
0.0403775
0.040709
0.0410554
0.0414179
0.0417979
0.0421967
0.0426161
0.043058
0.0435244
0.0440177
0.0445407
0.0450965
0.0456886
0.0463212
0.046999
0.0477277
0.0485139
0.0493654
0.0502915
0.0513035
0.0524151
0.0536432
0.0550088
0.0565384
0.0582661
0.0602362
0.0625082
0.0651628
0.068314
0.0721279
0.0768568
0.0829069
0.090979
0.102406
0.120102
0.151958
0.228904
0.606037
0.0314299
0.0314856
0.0315442
0.031605
0.0316682
0.0317337
0.0318019
0.0318726
0.031946
0.032022
0.0321007
0.032182
0.0322659
0.0323523
0.0324412
0.0325326
0.0326264
0.0327226
0.0328212
0.032922
0.0330252
0.0331306
0.0332382
0.0333482
0.0334604
0.0335748
0.0336916
0.0338106
0.033932
0.0340558
0.0341821
0.0343109
0.0344422
0.0345762
0.034713
0.0348526
0.0349952
0.0351408
0.0352896
0.0354418
0.0355975
0.0357568
0.0359199
0.0360871
0.0362584
0.0364342
0.0366147
0.0368001
0.0369907
0.0371867
0.0373886
0.0375965
0.037811
0.0380323
0.038261
0.0384974
0.0387421
0.0389957
0.0392586
0.0395316
0.0398154
0.0401108
0.0404186
0.0407398
0.0410754
0.0414266
0.0417947
0.0421812
0.0425877
0.0430161
0.0434683
0.0439468
0.0444543
0.0449938
0.0455689
0.0461836
0.0468426
0.0475516
0.0483171
0.0491468
0.05005
0.0510378
0.0521239
0.0533251
0.0546621
0.0561615
0.057857
0.0597929
0.0620281
0.0646432
0.0677517
0.0715188
0.076196
0.0821878
0.0901921
0.101537
0.119124
0.150811
0.227401
0.603293
0.0316099
0.0316752
0.0317422
0.0318103
0.0318798
0.0319509
0.0320238
0.0320986
0.0321754
0.0322542
0.0323351
0.032418
0.0325031
0.0325903
0.0326796
0.032771
0.0328645
0.03296
0.0330576
0.0331573
0.0332589
0.0333626
0.0334683
0.0335761
0.0336859
0.0337978
0.0339118
0.0340279
0.0341462
0.0342667
0.0343895
0.0345146
0.0346422
0.0347723
0.0349049
0.0350402
0.0351783
0.0353193
0.0354633
0.0356105
0.0357609
0.0359149
0.0360724
0.0362338
0.0363992
0.0365688
0.0367428
0.0369216
0.0371052
0.0372941
0.0374885
0.0376888
0.0378953
0.0381083
0.0383284
0.0385559
0.0387913
0.0390352
0.0392881
0.0395507
0.0398236
0.0401077
0.0404037
0.0407126
0.0410355
0.0413734
0.0417276
0.0420996
0.0424909
0.0429034
0.0433391
0.0438003
0.0442896
0.04481
0.0453651
0.0459588
0.0465958
0.0472815
0.0480225
0.0488263
0.0497021
0.0506609
0.0517162
0.0528845
0.0541864
0.0556481
0.0573031
0.059195
0.0613822
0.0639447
0.0669948
0.0706963
0.0752985
0.0812026
0.089101
0.100311
0.117713
0.149106
0.225074
0.598573
0.0318012
0.0318755
0.0319502
0.032025
0.0321004
0.0321765
0.0322535
0.0323318
0.0324114
0.0324924
0.0325748
0.0326589
0.0327446
0.032832
0.032921
0.0330118
0.0331043
0.0331985
0.0332944
0.0333921
0.0334916
0.0335928
0.0336958
0.0338006
0.0339073
0.0340158
0.0341263
0.0342386
0.034353
0.0344694
0.0345879
0.0347085
0.0348314
0.0349566
0.0350842
0.0352143
0.035347
0.0354824
0.0356206
0.0357618
0.0359062
0.0360537
0.0362047
0.0363593
0.0365177
0.03668
0.0368466
0.0370175
0.0371932
0.0373738
0.0375597
0.0377511
0.0379485
0.038152
0.0383623
0.0385796
0.0388045
0.0390375
0.0392791
0.0395299
0.0397906
0.040062
0.0403448
0.04064
0.0409486
0.0412716
0.0416103
0.0419661
0.0423406
0.0427354
0.0431526
0.0435945
0.0440635
0.0445627
0.0450955
0.0456657
0.046278
0.0469376
0.047651
0.0484256
0.0492704
0.0501961
0.0512161
0.0523466
0.0536078
0.0550255
0.0566325
0.0584719
0.0606012
0.063099
0.0660759
0.0696935
0.0741975
0.0799834
0.0877347
0.0987524
0.115882
0.146839
0.221919
0.592194
0.0320205
0.0321042
0.0321869
0.0322686
0.0323498
0.0324308
0.0325119
0.0325934
0.0326754
0.0327582
0.0328419
0.0329265
0.0330123
0.0330992
0.0331873
0.0332767
0.0333675
0.0334596
0.033553
0.033648
0.0337443
0.0338422
0.0339416
0.0340425
0.034145
0.0342492
0.034355
0.0344626
0.0345719
0.034683
0.0347961
0.0349111
0.0350281
0.0351473
0.0352686
0.0353923
0.0355183
0.0356469
0.035778
0.035912
0.0360488
0.0361886
0.0363317
0.0364781
0.0366281
0.0367817
0.0369394
0.0371012
0.0372674
0.0374382
0.0376141
0.0377951
0.0379817
0.0381743
0.0383731
0.0385787
0.0387914
0.0390118
0.0392404
0.0394777
0.0397245
0.0399815
0.0402493
0.040529
0.0408214
0.0411277
0.041449
0.0417868
0.0421424
0.0425176
0.0429144
0.0433349
0.0437816
0.0442575
0.0447658
0.0453104
0.0458957
0.046527
0.0472105
0.0479534
0.0487646
0.0496546
0.0506364
0.0517259
0.052943
0.0543127
0.0558672
0.0576487
0.0597133
0.0621379
0.0650307
0.0685493
0.0729339
0.0785704
0.0861258
0.0968685
0.113572
0.143751
0.216906
0.577749
0.0322763
0.0323701
0.0324613
0.0325503
0.0326376
0.0327237
0.0328089
0.0328936
0.0329781
0.0330625
0.033147
0.0332319
0.0333173
0.0334032
0.0334899
0.0335773
0.0336656
0.0337549
0.0338451
0.0339364
0.0340287
0.0341223
0.034217
0.034313
0.0344103
0.0345089
0.034609
0.0347105
0.0348135
0.0349181
0.0350244
0.0351324
0.0352422
0.0353538
0.0354674
0.0355831
0.035701
0.0358211
0.0359436
0.0360686
0.0361963
0.0363267
0.0364601
0.0365965
0.0367362
0.0368793
0.0370261
0.0371768
0.0373315
0.0374905
0.0376542
0.0378227
0.0379964
0.0381756
0.0383608
0.0385522
0.0387503
0.0389556
0.0391687
0.0393899
0.0396201
0.0398599
0.0401099
0.0403712
0.0406445
0.040931
0.0412318
0.0415483
0.0418817
0.042234
0.0426068
0.0430024
0.0434231
0.0438719
0.0443519
0.0448668
0.045421
0.0460197
0.0466688
0.0473755
0.0481484
0.0489978
0.0499364
0.0509797
0.0521472
0.0534634
0.0549598
0.0566776
0.0586718
0.0610177
0.0638212
0.0672367
0.0714995
0.0769876
0.0843543
0.0948428
0.11117
0.140703
0.21237
0.566693
0.0325262
0.0326292
0.032728
0.0328235
0.0329163
0.0330068
0.0330955
0.0331828
0.033269
0.0333544
0.0334393
0.0335239
0.0336083
0.0336928
0.0337774
0.0338624
0.0339477
0.0340336
0.0341201
0.0342072
0.0342951
0.0343838
0.0344734
0.034564
0.0346555
0.0347482
0.034842
0.034937
0.0350332
0.0351308
0.0352298
0.0353303
0.0354324
0.0355361
0.0356415
0.0357488
0.035858
0.0359692
0.0360826
0.0361983
0.0363163
0.0364369
0.0365601
0.0366861
0.0368151
0.0369473
0.0370829
0.037222
0.0373648
0.0375117
0.0376628
0.0378185
0.037979
0.0381446
0.0383157
0.0384927
0.038676
0.038866
0.0390632
0.0392683
0.0394817
0.0397041
0.0399363
0.040179
0.0404333
0.0407
0.0409803
0.0412756
0.0415871
0.0419165
0.0422656
0.0426365
0.0430317
0.0434537
0.0439058
0.0443915
0.0449153
0.0454819
0.0460974
0.0467687
0.0475041
0.0483138
0.0492102
0.0502083
0.0513273
0.052591
0.0540303
0.0556855
0.0576102
0.0598781
0.0625926
0.0659047
0.0700444
0.0753812
0.0825539
0.0927777
0.108709
0.137549
0.207585
0.554093
0.0327636
0.0328747
0.0329803
0.0330813
0.0331786
0.0332727
0.0333641
0.0334533
0.0335406
0.0336265
0.0337111
0.0337948
0.0338777
0.0339602
0.0340423
0.0341243
0.0342063
0.0342883
0.0343706
0.0344532
0.0345362
0.0346197
0.0347037
0.0347885
0.034874
0.0349602
0.0350474
0.0351356
0.0352247
0.035315
0.0354065
0.0354992
0.0355933
0.0356888
0.0357858
0.0358844
0.0359847
0.0360869
0.0361909
0.036297
0.0364053
0.0365158
0.0366288
0.0367443
0.0368626
0.0369837
0.0371079
0.0372354
0.0373664
0.0375011
0.0376397
0.0377825
0.0379298
0.0380819
0.0382391
0.0384018
0.0385704
0.0387453
0.038927
0.039116
0.0393128
0.0395182
0.0397329
0.0399575
0.0401931
0.0404404
0.0407008
0.0409753
0.0412654
0.0415725
0.0418986
0.0422456
0.0426158
0.0430119
0.043437
0.0438945
0.0443887
0.0449243
0.0455072
0.0461442
0.0468433
0.0476146
0.04847
0.0494243
0.050496
0.0517087
0.0530922
0.054686
0.0565424
0.0587332
0.0613594
0.0645684
0.0685844
0.0737682
0.080743
0.0906949
0.106217
0.134339
0.202697
0.541675
0.032984
0.033102
0.0332131
0.0333187
0.0334197
0.0335165
0.0336098
0.0337001
0.0337878
0.0338734
0.0339571
0.0340393
0.0341203
0.0342002
0.0342794
0.0343579
0.034436
0.0345139
0.0345915
0.0346692
0.034747
0.0348249
0.0349032
0.0349819
0.035061
0.0351407
0.0352211
0.0353022
0.0353841
0.0354669
0.0355507
0.0356355
0.0357215
0.0358087
0.0358972
0.0359872
0.0360786
0.0361716
0.0362664
0.036363
0.0364615
0.0365622
0.036665
0.0367701
0.0368778
0.0369881
0.0371012
0.0372173
0.0373367
0.0374594
0.0375859
0.0377162
0.0378507
0.0379896
0.0381333
0.0382822
0.0384366
0.0385968
0.0387635
0.0389371
0.039118
0.0393071
0.0395049
0.0397122
0.0399298
0.0401587
0.0403999
0.0406547
0.0409243
0.0412104
0.0415146
0.0418389
0.0421855
0.0425571
0.0429566
0.0433875
0.0438539
0.0443604
0.0449127
0.0455175
0.0461828
0.046918
0.0477352
0.0486486
0.0496764
0.0508414
0.052173
0.0537095
0.0555022
0.0576211
0.0601647
0.0632769
0.0671764
0.0722155
0.0790023
0.088694
0.103821
0.131245
0.197944
0.52909
0.0331849
0.0333084
0.0334239
0.033533
0.0336365
0.033735
0.0338293
0.0339199
0.0340073
0.0340918
0.034174
0.0342541
0.0343325
0.0344094
0.0344851
0.0345598
0.0346336
0.0347068
0.0347796
0.034852
0.0349243
0.0349965
0.0350687
0.0351411
0.0352137
0.0352867
0.0353601
0.0354341
0.0355087
0.035584
0.0356601
0.035737
0.035815
0.035894
0.0359741
0.0360555
0.0361382
0.0362224
0.036308
0.0363954
0.0364845
0.0365754
0.0366684
0.0367636
0.036861
0.0369608
0.0370633
0.0371686
0.0372768
0.0373882
0.037503
0.0376214
0.0377437
0.0378702
0.0380011
0.0381369
0.0382778
0.0384243
0.0385768
0.0387359
0.0389019
0.0390756
0.0392576
0.0394486
0.0396495
0.0398612
0.0400846
0.0403211
0.0405718
0.0408382
0.0411221
0.0414254
0.0417503
0.0420993
0.0424753
0.0428818
0.0433227
0.0438026
0.044327
0.0449024
0.0455367
0.0462393
0.0470216
0.0478978
0.0488856
0.0500074
0.0512917
0.0527761
0.0545106
0.0565636
0.0590312
0.062054
0.0658455
0.0707494
0.0773593
0.0868045
0.101554
0.128305
0.1934
0.517114
0.033365
0.0334926
0.0336111
0.0337224
0.0338272
0.0339265
0.0340208
0.0341108
0.0341969
0.0342797
0.0343596
0.034437
0.0345121
0.0345854
0.0346571
0.0347274
0.0347966
0.0348649
0.0349324
0.0349993
0.0350658
0.0351319
0.0351979
0.0352639
0.0353299
0.0353961
0.0354625
0.0355294
0.0355967
0.0356645
0.035733
0.0358022
0.0358723
0.0359433
0.0360153
0.0360884
0.0361627
0.0362382
0.0363152
0.0363937
0.0364738
0.0365556
0.0366393
0.0367249
0.0368127
0.0369028
0.0369952
0.0370903
0.0371881
0.0372889
0.0373928
0.0375002
0.0376112
0.0377261
0.0378453
0.037969
0.0380975
0.0382313
0.0383709
0.0385166
0.038669
0.0388286
0.0389962
0.0391724
0.039358
0.039554
0.0397613
0.0399811
0.0402146
0.0404634
0.040729
0.0410133
0.0413186
0.0416473
0.0420023
0.0423868
0.0428049
0.043261
0.0437605
0.0443097
0.0449165
0.0455899
0.0463413
0.0471845
0.0481368
0.0492201
0.0504624
0.0519005
0.0535832
0.0555774
0.0579772
0.0609199
0.0646143
0.0693962
0.0758456
0.0850659
0.0994691
0.125596
0.189188
0.505777
0.0335244
0.0336544
0.0337744
0.0338864
0.0339914
0.0340902
0.0341834
0.0342717
0.0343557
0.0344358
0.0345126
0.0345865
0.0346578
0.0347269
0.034794
0.0348595
0.0349236
0.0349865
0.0350484
0.0351094
0.0351699
0.0352298
0.0352894
0.0353488
0.0354082
0.0354675
0.035527
0.0355868
0.0356469
0.0357074
0.0357685
0.0358302
0.0358927
0.035956
0.0360202
0.0360853
0.0361516
0.0362191
0.0362879
0.0363581
0.0364298
0.0365031
0.0365781
0.036655
0.0367339
0.0368149
0.0368982
0.036984
0.0370723
0.0371635
0.0372576
0.037355
0.0374558
0.0375603
0.0376688
0.0377817
0.0378991
0.0380216
0.0381495
0.0382833
0.0384236
0.0385707
0.0387255
0.0388885
0.0390606
0.0392427
0.0394357
0.0396407
0.0398591
0.0400922
0.0403417
0.0406094
0.0408975
0.0412083
0.0415447
0.0419101
0.0423081
0.0427433
0.0432209
0.0437473
0.0443299
0.0449778
0.0457021
0.0465164
0.0474376
0.0484871
0.0496926
0.05109
0.0527271
0.0546695
0.0570095
0.0598813
0.0634895
0.0681627
0.0744686
0.0834865
0.0975761
0.123134
0.185344
0.495404
0.0336638
0.0337944
0.0339142
0.0340255
0.0341292
0.0342261
0.034317
0.0344026
0.0344833
0.0345599
0.0346328
0.0347023
0.034769
0.0348332
0.0348952
0.0349553
0.0350138
0.0350709
0.0351268
0.0351817
0.0352359
0.0352894
0.0353425
0.0353953
0.0354479
0.0355004
0.035553
0.0356058
0.0356589
0.0357123
0.0357663
0.0358208
0.035876
0.035932
0.0359888
0.0360466
0.0361055
0.0361654
0.0362267
0.0362892
0.0363533
0.0364188
0.0364861
0.0365551
0.036626
0.036699
0.0367741
0.0368516
0.0369316
0.0370143
0.0370998
0.0371884
0.0372803
0.0373758
0.0374751
0.0375785
0.0376863
0.037799
0.0379169
0.0380404
0.0381701
0.0383065
0.0384502
0.0386019
0.0387624
0.0389325
0.0391132
0.0393056
0.0395109
0.0397306
0.0399662
0.0402195
0.0404927
0.0407882
0.0411087
0.0414574
0.0418381
0.0422553
0.0427141
0.0432206
0.0437823
0.0444081
0.0451089
0.045898
0.0467922
0.0478124
0.0489858
0.0503476
0.0519449
0.0538421
0.0561297
0.0589395
0.0624722
0.0670501
0.07323
0.08207
0.0958826
0.120936
0.181907
0.486033
0.0337849
0.0339141
0.034032
0.0341409
0.0342417
0.0343353
0.0344226
0.0345041
0.0345805
0.0346524
0.0347203
0.0347847
0.034846
0.0349046
0.0349607
0.0350149
0.0350672
0.035118
0.0351676
0.0352161
0.0352637
0.0353106
0.035357
0.0354031
0.0354489
0.0354947
0.0355405
0.0355865
0.0356328
0.0356794
0.0357265
0.0357743
0.0358227
0.0358718
0.0359219
0.0359729
0.036025
0.0360782
0.0361326
0.0361884
0.0362456
0.0363044
0.0363648
0.036427
0.036491
0.0365571
0.0366252
0.0366957
0.0367686
0.0368441
0.0369223
0.0370036
0.037088
0.0371759
0.0372675
0.0373631
0.037463
0.0375675
0.037677
0.0377921
0.037913
0.0380405
0.038175
0.0383173
0.0384682
0.0386283
0.0387988
0.0389806
0.0391751
0.0393835
0.0396074
0.0398487
0.0401094
0.0403919
0.0406989
0.0410335
0.0413996
0.0418013
0.0422439
0.0427334
0.0432771
0.0438838
0.0445641
0.0453314
0.0462019
0.0471964
0.0483416
0.0496721
0.0512344
0.0530917
0.055333
0.0580882
0.0615544
0.0660487
0.0721181
0.0808026
0.0943732
0.118985
0.178865
0.477751
0.0338898
0.0340156
0.0341295
0.0342341
0.0343304
0.0344192
0.0345012
0.0345774
0.0346482
0.0347143
0.0347762
0.0348344
0.0348894
0.0349415
0.0349912
0.0350387
0.0350844
0.0351285
0.0351713
0.0352129
0.0352538
0.0352939
0.0353335
0.0353728
0.0354119
0.035451
0.0354902
0.0355296
0.0355693
0.0356095
0.0356502
0.0356916
0.0357337
0.0357767
0.0358206
0.0358655
0.0359116
0.0359589
0.0360074
0.0360574
0.0361088
0.0361618
0.0362165
0.036273
0.0363313
0.0363917
0.0364542
0.036519
0.0365862
0.036656
0.0367285
0.0368039
0.0368825
0.0369644
0.03705
0.0371394
0.037233
0.0373312
0.0374342
0.0375426
0.0376568
0.0377772
0.0379046
0.0380395
0.0381826
0.0383349
0.0384972
0.0386706
0.0388563
0.0390556
0.0392701
0.0395015
0.039752
0.0400237
0.0403195
0.0406423
0.0409959
0.0413846
0.0418134
0.0422882
0.0428163
0.0434063
0.0440687
0.0448166
0.0456661
0.0466376
0.0477574
0.0490598
0.0505903
0.0524115
0.0546109
0.0573166
0.060723
0.0651423
0.0711137
0.0796614
0.0930214
0.117251
0.17619
0.470525
0.0339816
0.0341015
0.0342094
0.0343078
0.0343976
0.0344798
0.0345552
0.0346244
0.0346882
0.0347472
0.034802
0.034853
0.0349007
0.0349455
0.0349879
0.0350281
0.0350665
0.0351033
0.0351389
0.0351734
0.0352072
0.0352403
0.035273
0.0353055
0.035338
0.0353705
0.0354032
0.0354362
0.0354698
0.0355039
0.0355387
0.0355743
0.0356107
0.0356482
0.0356867
0.0357264
0.0357673
0.0358096
0.0358533
0.0358984
0.0359452
0.0359936
0.0360438
0.0360959
0.0361499
0.036206
0.0362642
0.0363248
0.0363879
0.0364535
0.0365218
0.0365931
0.0366675
0.0367452
0.0368265
0.0369116
0.0370008
0.0370945
0.0371929
0.0372965
0.0374058
0.0375212
0.0376433
0.0377728
0.0379103
0.0380567
0.0382129
0.0383799
0.0385589
0.0387512
0.0389583
0.039182
0.0394242
0.0396872
0.0399738
0.0402869
0.0406301
0.0410077
0.0414247
0.0418868
0.0424012
0.0429763
0.0436227
0.044353
0.0451832
0.0461335
0.0472296
0.0485054
0.0500059
0.0517926
0.0539521
0.0566106
0.0599599
0.0643085
0.0701883
0.0786104
0.0917816
0.115678
0.173813
0.464297
0.0340628
0.0341745
0.0342741
0.0343641
0.0344455
0.0345193
0.0345861
0.0346469
0.0347023
0.0347529
0.0347992
0.0348418
0.0348813
0.0349179
0.0349521
0.0349842
0.0350147
0.0350437
0.0350716
0.0350987
0.0351251
0.0351511
0.0351768
0.0352025
0.0352283
0.0352544
0.0352809
0.035308
0.0353357
0.0353643
0.0353937
0.0354241
0.0354556
0.0354884
0.0355223
0.0355577
0.0355945
0.0356328
0.0356726
0.0357142
0.0357575
0.0358027
0.0358497
0.0358987
0.0359499
0.0360032
0.0360588
0.0361167
0.0361772
0.0362403
0.0363063
0.0363751
0.0364471
0.0365224
0.0366013
0.0366839
0.0367705
0.0368616
0.0369573
0.0370581
0.0371644
0.0372768
0.0373956
0.0375216
0.0376555
0.037798
0.0379501
0.0381126
0.0382869
0.0384741
0.0386757
0.0388935
0.0391294
0.0393857
0.0396649
0.03997
0.0403047
0.0406729
0.0410796
0.0415305
0.0420327
0.0425945
0.043226
0.0439399
0.0447518
0.0456815
0.0467546
0.0480041
0.0494744
0.0512263
0.0533449
0.0559547
0.059245
0.0635204
0.0693061
0.0776013
0.0905875
0.114173
0.171608
0.458916
0.0341381
0.034239
0.0343277
0.0344071
0.0344779
0.0345412
0.0345977
0.0346482
0.0346935
0.0347341
0.0347706
0.0348037
0.0348336
0.034861
0.0348861
0.0349094
0.0349313
0.0349519
0.0349717
0.0349908
0.0350096
0.0350282
0.0350469
0.0350658
0.0350851
0.035105
0.0351255
0.035147
0.0351694
0.0351928
0.0352175
0.0352435
0.0352709
0.0352997
0.0353301
0.0353621
0.0353958
0.0354312
0.0354686
0.0355078
0.035549
0.0355922
0.0356375
0.035685
0.0357348
0.0357869
0.0358414
0.0358985
0.0359581
0.0360205
0.0360858
0.036154
0.0362254
0.0363001
0.0363784
0.0364604
0.0365464
0.0366368
0.0367317
0.0368316
0.0369369
0.0370481
0.0371656
0.0372901
0.0374222
0.0375628
0.0377125
0.0378725
0.0380439
0.0382278
0.0384258
0.0386395
0.0388708
0.0391219
0.0393954
0.0396942
0.0400217
0.040382
0.0407799
0.041221
0.0417121
0.0422615
0.042879
0.0435772
0.0443712
0.0452806
0.0463303
0.0475527
0.0489915
0.0507061
0.0527802
0.055336
0.0585597
0.0627507
0.0684264
0.0765719
0.089341
0.112576
0.169308
0.454093
0.0342097
0.034297
0.0343724
0.0344386
0.0344966
0.0345473
0.0345915
0.0346299
0.0346634
0.0346925
0.0347178
0.0347399
0.0347593
0.0347763
0.0347915
0.0348051
0.0348176
0.0348293
0.0348405
0.0348514
0.0348623
0.0348734
0.0348849
0.034897
0.03491
0.0349239
0.0349389
0.0349551
0.0349727
0.0349918
0.0350124
0.0350347
0.0350588
0.0350847
0.0351125
0.0351423
0.0351741
0.035208
0.0352441
0.0352823
0.0353228
0.0353656
0.0354108
0.0354584
0.0355084
0.035561
0.0356162
0.035674
0.0357346
0.035798
0.0358644
0.0359339
0.0360065
0.0360826
0.0361621
0.0362454
0.0363327
0.0364242
0.0365203
0.0366212
0.0367273
0.0368392
0.0369572
0.037082
0.0372141
0.0373544
0.0375037
0.0376629
0.037833
0.0380153
0.0382113
0.0384225
0.0386508
0.0388983
0.0391675
0.0394613
0.0397831
0.0401368
0.0405271
0.0409595
0.0414406
0.0419786
0.042583
0.0432661
0.0440427
0.0449318
0.0459577
0.0471522
0.0485576
0.0502318
0.0522564
0.0547504
0.0578948
0.0619814
0.0675144
0.0754548
0.0879085
0.110608
0.166285
0.449156
0.0343347
0.0343909
0.0344362
0.0344734
0.0345036
0.0345275
0.0345459
0.0345596
0.0345693
0.0345756
0.034579
0.0345801
0.0345795
0.0345774
0.0345745
0.0345709
0.0345671
0.0345635
0.0345602
0.0345575
0.0345558
0.0345552
0.034556
0.0345583
0.0345622
0.034568
0.0345758
0.0345856
0.0345977
0.034612
0.0346288
0.034648
0.0346697
0.034694
0.0347209
0.0347504
0.0347827
0.0348177
0.0348554
0.0348958
0.0349391
0.0349851
0.035034
0.0350856
0.0351402
0.0351975
0.0352578
0.035321
0.0353872
0.0354564
0.0355288
0.0356042
0.035683
0.0357651
0.0358508
0.0359401
0.0360334
0.0361307
0.0362324
0.0363388
0.0364501
0.0365669
0.0366896
0.0368186
0.0369547
0.0370984
0.0372506
0.0374123
0.0375843
0.037768
0.0379647
0.0381759
0.0384035
0.0386495
0.0389163
0.0392068
0.0395243
0.0398726
0.0402562
0.0406807
0.0411523
0.041679
0.0422703
0.0429379
0.0436964
0.0445642
0.0455649
0.0467294
0.0480986
0.0497286
0.0516981
0.0541216
0.0571733
0.0611325
0.0664805
0.0741308
0.0860752
0.107701
0.160224
0.423591
0.0345631
0.0345391
0.034509
0.0344751
0.0344381
0.0343989
0.0343578
0.0343157
0.0342729
0.0342299
0.0341874
0.0341456
0.034105
0.0340659
0.0340288
0.0339938
0.0339614
0.0339317
0.0339051
0.0338816
0.0338616
0.0338452
0.0338324
0.0338236
0.0338187
0.0338179
0.0338213
0.0338289
0.0338407
0.0338568
0.0338772
0.0339019
0.0339308
0.0339641
0.0340016
0.0340432
0.034089
0.0341388
0.0341927
0.0342505
0.0343122
0.0343776
0.0344467
0.0345195
0.0345958
0.0346756
0.0347588
0.0348454
0.0349352
0.0350283
0.0351247
0.0352242
0.0353269
0.0354329
0.0355422
0.0356549
0.035771
0.0358908
0.0360143
0.0361418
0.0362736
0.03641
0.0365514
0.0366982
0.036851
0.0370104
0.0371771
0.0373519
0.0375359
0.0377301
0.0379358
0.0381546
0.0383881
0.0386385
0.038908
0.0391994
0.0395159
0.0398613
0.04024
0.0406575
0.04112
0.0416353
0.0422128
0.0428641
0.0436035
0.0444494
0.045425
0.0465609
0.0478977
0.0494908
0.051418
0.0537928
0.0567871
0.060677
0.0659378
0.0734707
0.0852381
0.106542
0.158253
0.41836
0.0348693
0.034733
0.0345986
0.0344679
0.0343412
0.0342187
0.0341007
0.0339875
0.0338792
0.0337762
0.0336786
0.0335867
0.0335008
0.0334209
0.0333474
0.0332802
0.0332197
0.0331659
0.0331189
0.0330789
0.0330458
0.0330198
0.0330009
0.0329891
0.0329844
0.0329868
0.0329962
0.0330126
0.0330359
0.033066
0.0331028
0.0331461
0.0331959
0.033252
0.0333141
0.0333822
0.033456
0.0335354
0.0336201
0.03371
0.0338048
0.0339043
0.0340083
0.0341166
0.034229
0.0343453
0.0344652
0.0345886
0.0347154
0.0348452
0.0349781
0.0351139
0.0352524
0.0353936
0.0355374
0.0356837
0.0358327
0.0359843
0.0361386
0.0362957
0.0364558
0.0366192
0.0367862
0.036957
0.0371323
0.0373125
0.0374982
0.0376904
0.0378898
0.0380975
0.0383147
0.038543
0.038784
0.0390396
0.0393122
0.0396044
0.0399195
0.0402611
0.0406337
0.0410425
0.0414939
0.0419955
0.0425567
0.0431889
0.0439066
0.0447278
0.0456757
0.0467806
0.048083
0.0496378
0.0515224
0.0538494
0.0567896
0.0606168
0.0658021
0.0732378
0.0848643
0.105916
0.15698
0.414365
0.0352734
0.0349948
0.0347299
0.0344795
0.0342431
0.0340203
0.0338109
0.0336146
0.0334312
0.0332604
0.0331023
0.0329566
0.0328232
0.032702
0.032593
0.0324961
0.0324111
0.032338
0.0322767
0.032227
0.0321888
0.032162
0.0321464
0.0321419
0.0321482
0.0321652
0.0321926
0.0322301
0.0322776
0.0323347
0.0324012
0.0324767
0.0325609
0.0326535
0.0327541
0.0328623
0.0329778
0.0331003
0.0332293
0.0333644
0.0335053
0.0336515
0.0338028
0.0339587
0.0341188
0.0342828
0.0344503
0.034621
0.0347945
0.0349707
0.0351491
0.0353295
0.0355116
0.0356954
0.0358805
0.0360668
0.0362543
0.0364428
0.0366324
0.036823
0.0370148
0.0372079
0.0374025
0.0375989
0.0377975
0.0379988
0.0382033
0.0384117
0.0386249
0.0388439
0.0390699
0.0393042
0.0395485
0.0398047
0.040075
0.0403621
0.0406691
0.0409997
0.0413582
0.0417499
0.042181
0.0426591
0.0431936
0.0437957
0.0444798
0.0452638
0.0461708
0.0472308
0.0484841
0.0499853
0.0518112
0.0540737
0.0569424
0.0606891
0.0657812
0.0731034
0.0845771
0.105378
0.155856
0.411081
0.0357564
0.0353106
0.0348939
0.0345059
0.0341452
0.0338103
0.0335002
0.0332139
0.0329505
0.0327093
0.0324895
0.0322906
0.032112
0.0319531
0.0318136
0.0316929
0.0315905
0.0315062
0.0314394
0.0313897
0.0313568
0.0313402
0.0313395
0.0313543
0.0313841
0.0314284
0.0314868
0.0315587
0.0316437
0.0317413
0.0318509
0.0319719
0.0321039
0.0322461
0.0323982
0.0325593
0.0327291
0.0329068
0.0330918
0.0332837
0.0334817
0.0336854
0.033894
0.0341071
0.0343242
0.0345445
0.0347678
0.0349933
0.0352207
0.0354495
0.0356793
0.0359096
0.03614
0.0363703
0.0366002
0.0368292
0.0370574
0.0372843
0.03751
0.0377344
0.0379574
0.0381791
0.0383996
0.0386192
0.0388381
0.0390567
0.0392755
0.0394953
0.0397167
0.0399406
0.0401683
0.040401
0.0406403
0.040888
0.0411465
0.0414181
0.0417061
0.042014
0.0423461
0.0427076
0.0431047
0.0435449
0.0440374
0.0445933
0.0452269
0.0459558
0.046803
0.0477982
0.048981
0.0504056
0.052148
0.0543187
0.0570855
0.0607171
0.0656753
0.0728335
0.0840873
0.104537
0.154229
0.406568
0.0363146
0.0356854
0.0351041
0.0345686
0.034076
0.033624
0.0332104
0.0328332
0.0324908
0.0321815
0.031904
0.0316571
0.0314396
0.0312504
0.0310886
0.0309532
0.0308434
0.0307583
0.0306971
0.030659
0.0306433
0.0306491
0.0306758
0.0307226
0.0307886
0.0308731
0.0309753
0.0310944
0.0312297
0.0313802
0.0315452
0.0317239
0.0319153
0.0321187
0.0323332
0.0325579
0.032792
0.0330347
0.0332851
0.0335424
0.0338057
0.0340744
0.0343475
0.0346244
0.0349042
0.0351863
0.0354699
0.0357543
0.036039
0.0363232
0.0366064
0.036888
0.0371676
0.0374446
0.0377186
0.0379892
0.0382561
0.0385189
0.0387775
0.0390317
0.0392813
0.0395263
0.0397668
0.0400029
0.0402348
0.0404627
0.0406873
0.040909
0.0411285
0.0413467
0.0415647
0.0417838
0.0420055
0.0422316
0.0424642
0.0427059
0.0429597
0.0432292
0.0435186
0.0438329
0.0441784
0.0445623
0.0449937
0.0454837
0.0460462
0.0466986
0.0474635
0.0483701
0.0494574
0.0507787
0.0524086
0.0544558
0.0570851
0.0605608
0.0653361
0.072267
0.0832108
0.103159
0.151723
0.399257
0.0369797
0.0361602
0.0354099
0.0347247
0.0341003
0.0335329
0.033019
0.0325556
0.03214
0.0317697
0.0314425
0.0311564
0.0309094
0.0307
0.0305266
0.0303876
0.0302816
0.0302074
0.0301637
0.0301492
0.0301628
0.0302032
0.0302693
0.0303599
0.0304739
0.0306102
0.0307676
0.0309449
0.031141
0.0313548
0.0315851
0.0318307
0.0320906
0.0323634
0.0326482
0.0329438
0.0332491
0.0335629
0.0338841
0.0342118
0.0345448
0.0348821
0.0352228
0.0355657
0.0359101
0.0362549
0.0365992
0.0369422
0.0372831
0.0376211
0.0379555
0.0382854
0.0386103
0.0389296
0.0392427
0.039549
0.0398481
0.0401396
0.0404232
0.0406985
0.0409654
0.0412238
0.0414735
0.0417146
0.0419473
0.0421718
0.0423886
0.042598
0.0428009
0.0429979
0.0431902
0.0433791
0.0435659
0.0437525
0.0439411
0.0441341
0.0443345
0.0445459
0.0447723
0.0450187
0.0452913
0.0455972
0.0459454
0.0463467
0.0468148
0.0473668
0.0480247
0.048817
0.049782
0.0509715
0.0524585
0.0543489
0.0568036
0.06008
0.0646205
0.0712611
0.0818128
0.101139
0.148325
0.389019
0.0378628
0.0368526
0.0359341
0.035102
0.0343501
0.0336729
0.0330656
0.0325238
0.0320437
0.0316216
0.0312544
0.0309392
0.0306734
0.0304546
0.0302804
0.0301488
0.0300578
0.0300056
0.0299902
0.03001
0.0300632
0.0301483
0.0302637
0.0304077
0.0305787
0.0307753
0.0309958
0.0312388
0.0315027
0.031786
0.0320872
0.0324049
0.0327374
0.0330835
0.0334417
0.0338104
0.0341885
0.0345744
0.0349668
0.0353645
0.0357661
0.0361704
0.0365762
0.0369822
0.0373873
0.0377903
0.0381902
0.038586
0.0389766
0.0393611
0.0397386
0.0401082
0.0404692
0.0408207
0.0411621
0.0414927
0.041812
0.0421194
0.0424146
0.042697
0.0429666
0.0432228
0.0434655
0.0436948
0.0439107
0.0441134
0.0443034
0.0444811
0.0446472
0.0448024
0.0449479
0.0450847
0.0452145
0.0453389
0.0454602
0.0455807
0.0457034
0.0458319
0.0459702
0.0461232
0.046297
0.0464986
0.0467367
0.0470219
0.0473674
0.0477898
0.0483104
0.0489569
0.0497659
0.0507875
0.0520919
0.053781
0.0560095
0.0590248
0.0632521
0.0694946
0.0794916
0.0979099
0.143043
0.373506
0.0391741
0.0379762
0.0368928
0.0359162
0.0350402
0.034258
0.0335631
0.0329496
0.0324122
0.0319463
0.0315475
0.0312119
0.0309361
0.0307166
0.0305506
0.0304351
0.0303675
0.0303453
0.030366
0.0304273
0.0305271
0.0306631
0.0308332
0.0310354
0.0312676
0.0315278
0.0318141
0.0321245
0.0324572
0.0328101
0.0331816
0.0335697
0.0339728
0.0343889
0.0348165
0.0352538
0.0356992
0.0361511
0.0366079
0.0370682
0.0375304
0.0379932
0.0384549
0.038914
0.0393691
0.0398189
0.0402622
0.0406978
0.0411246
0.0415414
0.0419473
0.0423412
0.0427222
0.0430893
0.0434418
0.0437789
0.0440997
0.0444038
0.0446906
0.0449595
0.0452101
0.0454423
0.0456558
0.0458504
0.0460264
0.0461837
0.0463229
0.0464443
0.0465485
0.0466364
0.0467091
0.0467677
0.0468138
0.0468492
0.046876
0.0468967
0.0469143
0.0469323
0.0469548
0.0469866
0.0470336
0.0471027
0.0472023
0.0473428
0.0475368
0.0478003
0.0481536
0.0486229
0.0492432
0.050062
0.0511455
0.0525901
0.0545418
0.0572343
0.0610685
0.0668017
0.076073
0.0932774
0.135623
0.352104
0.0412336
0.039847
0.0385976
0.0374765
0.036475
0.035587
0.0348051
0.0341216
0.0335297
0.0330233
0.0325968
0.0322452
0.0319636
0.031748
0.0315942
0.0314986
0.0314577
0.0314682
0.0315271
0.0316312
0.0317779
0.0319642
0.0321876
0.0324454
0.0327352
0.0330544
0.0334006
0.0337717
0.0341651
0.0345788
0.0350106
0.0354582
0.0359198
0.0363932
0.0368765
0.0373679
0.0378653
0.0383671
0.0388714
0.0393766
0.0398809
0.0403827
0.0408804
0.0413724
0.0418572
0.0423334
0.0427995
0.0432542
0.0436961
0.044124
0.0445366
0.0449328
0.0453114
0.0456715
0.0460119
0.0463317
0.0466303
0.0469066
0.0471602
0.0473904
0.0475967
0.0477787
0.0479363
0.0480693
0.0481777
0.0482617
0.0483217
0.048358
0.0483714
0.0483628
0.0483332
0.048284
0.0482168
0.0481335
0.0480362
0.0479277
0.0478109
0.0476893
0.0475671
0.0474493
0.0473414
0.0472503
0.0471841
0.0471528
0.0471685
0.0472463
0.0474053
0.0476702
0.0480736
0.0486595
0.0494897
0.0506532
0.052285
0.0546007
0.0579704
0.0630922
0.0714759
0.0871672
0.125982
0.324572
0.0442575
0.0427044
0.041308
0.0400581
0.0389453
0.0379614
0.0371008
0.0363543
0.0357136
0.0351713
0.0347203
0.0343545
0.034068
0.0338556
0.0337122
0.0336333
0.0336145
0.0336517
0.0337412
0.0338792
0.0340623
0.034287
0.0345503
0.034849
0.0351801
0.0355408
0.0359284
0.0363402
0.0367735
0.0372259
0.0376951
0.0381786
0.0386742
0.0391797
0.0396931
0.0402123
0.0407352
0.0412599
0.0417845
0.0423073
0.0428263
0.0433399
0.0438462
0.0443436
0.0448305
0.0453052
0.0457662
0.0462119
0.0466408
0.0470514
0.0474425
0.0478125
0.0481601
0.0484843
0.0487837
0.0490573
0.0493042
0.0495233
0.0497139
0.0498753
0.0500069
0.0501084
0.0501794
0.0502197
0.0502294
0.0502088
0.0501581
0.0500779
0.049969
0.0498325
0.0496695
0.0494815
0.0492704
0.0490381
0.0487871
0.0485201
0.0482404
0.0479515
0.0476578
0.0473642
0.0470763
0.0468008
0.0465457
0.0463204
0.0461365
0.046008
0.0459527
0.0459935
0.0461601
0.0464927
0.0470472
0.0479043
0.0491856
0.0510855
0.0539365
0.058366
0.0657292
0.0796535
0.114292
0.291581
0.0485889
0.0469007
0.0453829
0.0440248
0.0428169
0.041751
0.0408213
0.0400179
0.0393314
0.0387531
0.0382752
0.0378902
0.0375913
0.0373723
0.0372273
0.0371509
0.0371378
0.0371833
0.0372828
0.0374321
0.0376271
0.0378641
0.0381392
0.0384492
0.0387907
0.0391605
0.0395557
0.0399734
0.0404108
0.0408654
0.0413347
0.0418162
0.0423076
0.0428067
0.0433113
0.0438193
0.0443288
0.0448377
0.0453441
0.0458461
0.0463418
0.0468294
0.0473071
0.047773
0.0482255
0.0486626
0.0490828
0.0494842
0.0498653
0.0502242
0.0505594
0.0508694
0.0511526
0.0514075
0.0516328
0.0518272
0.0519895
0.0521186
0.0522136
0.0522736
0.0522981
0.0522864
0.0522384
0.0521537
0.0520326
0.0518753
0.0516822
0.0514541
0.0511919
0.0508969
0.0505705
0.0502145
0.0498309
0.049422
0.0489906
0.0485397
0.0480727
0.0475936
0.0471068
0.0466172
0.0461307
0.0456539
0.0451944
0.0447613
0.0443653
0.0440197
0.0437406
0.0435487
0.0434707
0.0435423
0.043813
0.0443537
0.0452712
0.0467355
0.0490371
0.0527231
0.058974
0.0709449
0.100914
0.254285
0.0546827
0.0528932
0.0512811
0.0498361
0.0485492
0.047413
0.0464203
0.0455603
0.0448229
0.0441987
0.043679
0.0432558
0.0429216
0.0426694
0.0424926
0.0423851
0.0423413
0.0423559
0.0424238
0.0425404
0.0427014
0.0429026
0.0431403
0.0434107
0.0437106
0.0440366
0.0443858
0.0447553
0.0451425
0.0455447
0.0459596
0.0463848
0.046818
0.0472572
0.0477002
0.0481451
0.0485899
0.0490326
0.0494714
0.0499043
0.0503295
0.0507451
0.0511491
0.0515398
0.0519151
0.0522731
0.0526119
0.0529296
0.0532242
0.0534939
0.0537366
0.0539506
0.054134
0.0542851
0.0544023
0.0544839
0.0545286
0.0545351
0.0545022
0.0544289
0.0543146
0.0541586
0.0539606
0.0537205
0.0534385
0.053115
0.0527506
0.0523464
0.0519034
0.0514234
0.0509081
0.0503596
0.0497804
0.0491733
0.0485413
0.0478879
0.047217
0.0465328
0.04584
0.0451437
0.04445
0.0437653
0.0430971
0.042454
0.041846
0.0412852
0.0407862
0.0403671
0.0400514
0.0398699
0.0398651
0.0400975
0.0406578
0.0416898
0.043439
0.0463667
0.0514668
0.0613911
0.0864259
0.214501
0.0631445
0.0612726
0.0595785
0.0580525
0.0566871
0.0554764
0.0544076
0.0534701
0.0526535
0.0519484
0.051346
0.0508378
0.0504164
0.0500744
0.0498053
0.0496028
0.0494612
0.0493752
0.0493398
0.0493504
0.0494028
0.0494929
0.0496171
0.049772
0.0499543
0.050161
0.0503894
0.0506368
0.0509008
0.051179
0.0514693
0.0517696
0.0520777
0.0523919
0.0527101
0.0530305
0.0533513
0.0536706
0.0539865
0.0542972
0.0546007
0.0548951
0.0551783
0.0554484
0.0557031
0.0559403
0.0561579
0.0563534
0.0565246
0.0566693
0.0567851
0.0568698
0.0569211
0.056937
0.0569153
0.0568542
0.0567519
0.0566069
0.0564177
0.0561834
0.0559029
0.0555757
0.0552016
0.0547804
0.0543126
0.0537987
0.0532399
0.0526373
0.0519927
0.051308
0.0505856
0.0498282
0.0490388
0.0482207
0.0473776
0.0465134
0.0456325
0.0447395
0.0438396
0.0429383
0.0420414
0.0411556
0.040288
0.0394469
0.0386413
0.0378822
0.0371822
0.0365571
0.0360267
0.0356167
0.0353623
0.0353132
0.0355435
0.0361703
0.0373931
0.039586
0.043554
0.0514402
0.0715285
0.174314
0.0747546
0.072769
0.070955
0.0693042
0.0678103
0.0664695
0.0652609
0.0641743
0.0632001
0.0623295
0.0615542
0.0608665
0.0602594
0.0597264
0.0592614
0.0588588
0.0585135
0.0582208
0.0579762
0.0577757
0.0576156
0.0574924
0.0574029
0.0573441
0.0573133
0.057308
0.0573256
0.057364
0.057421
0.0574947
0.057583
0.0576842
0.0577965
0.0579181
0.0580471
0.0581819
0.0583207
0.0584616
0.0586028
0.0587422
0.0588778
0.0590074
0.0591289
0.0592397
0.0593375
0.0594196
0.0594834
0.059526
0.0595447
0.0595367
0.0594989
0.0594287
0.0593233
0.0591799
0.0589961
0.0587694
0.0584978
0.0581794
0.0578125
0.057396
0.0569287
0.0564103
0.0558405
0.0552196
0.0545482
0.0538273
0.0530585
0.0522435
0.0513848
0.0504849
0.0495468
0.0485741
0.0475704
0.0465398
0.0454866
0.0444155
0.0433314
0.0422395
0.0411452
0.0400543
0.0389729
0.0379075
0.0368649
0.0358527
0.0348792
0.0339538
0.0330872
0.0322926
0.0315858
0.0309876
0.0305257
0.030239
0.0301853
0.0304557
0.0312052
0.0327238
0.0356353
0.041597
0.0569939
0.135936
0.0903109
0.0880764
0.0860057
0.0840919
0.082331
0.0807045
0.0791984
0.0778036
0.0765121
0.0753163
0.0742094
0.0731851
0.0722375
0.0713615
0.0705521
0.0698047
0.0691153
0.06848
0.0678952
0.0673577
0.0668644
0.0664125
0.0659993
0.0656224
0.0652794
0.0649681
0.0646864
0.0644325
0.0642043
0.0640002
0.0638181
0.0636565
0.0635136
0.0633875
0.0632765
0.0631788
0.0630924
0.0630153
0.0629454
0.0628803
0.0628178
0.0627551
0.0626896
0.0626183
0.0625381
0.0624458
0.062338
0.0622112
0.0620618
0.0618862
0.0616807
0.0614418
0.0611659
0.0608498
0.0604903
0.0600845
0.05963
0.0591245
0.0585664
0.0579542
0.0572871
0.0565648
0.0557874
0.0549556
0.0540707
0.0531342
0.0521485
0.0511163
0.0500406
0.048925
0.0477736
0.0465906
0.0453806
0.0441485
0.0428996
0.0416391
0.0403726
0.0391058
0.0378445
0.0365946
0.0353621
0.0341534
0.0329749
0.0318331
0.0307354
0.0296895
0.0287041
0.0277893
0.0269573
0.0262237
0.0256089
0.0251416
0.0248644
0.0248443
0.0251951
0.0261308
0.028111
0.032356
0.0435572
0.101351
0.110021
0.107254
0.10465
0.102202
0.0999037
0.0977302
0.0956744
0.0937295
0.0918894
0.0901483
0.0885009
0.0869424
0.0854682
0.0840742
0.0827563
0.0815108
0.0803344
0.0792237
0.0781757
0.0771874
0.0762561
0.0753792
0.0745541
0.0737785
0.0730501
0.0723665
0.0717258
0.0711258
0.0705644
0.0700397
0.0695496
0.0690921
0.0686653
0.068267
0.0678951
0.0675474
0.0672215
0.0669148
0.0666248
0.0663486
0.0660831
0.065825
0.0655707
0.0653165
0.0650585
0.0647924
0.0645138
0.0642182
0.063901
0.0635576
0.0631835
0.0627741
0.0623251
0.0618326
0.0612928
0.0607025
0.0600588
0.0593595
0.0586028
0.0577877
0.0569137
0.055981
0.0549904
0.0539434
0.0528422
0.0516894
0.0504884
0.0492429
0.0479573
0.0466363
0.045285
0.0439087
0.0425131
0.041104
0.0396873
0.0382691
0.0368554
0.0354522
0.0340655
0.0327012
0.031365
0.0300626
0.0287996
0.0275818
0.0264147
0.0253043
0.0242569
0.0232798
0.0223812
0.0215717
0.0208652
0.0202811
0.0198483
0.0196127
0.0196532
0.0201181
0.0213281
0.0241352
0.0318161
0.072023
0.132391
0.128713
0.125222
0.121908
0.118747
0.115732
0.112859
0.11012
0.10751
0.105024
0.102657
0.100404
0.0982609
0.0962223
0.0942845
0.0924433
0.0906949
0.0890356
0.0874618
0.08597
0.084557
0.0832195
0.0819545
0.0807588
0.0796298
0.0785645
0.0775602
0.0766143
0.075724
0.0748868
0.0741
0.0733611
0.0726674
0.0720161
0.0714044
0.0708294
0.070288
0.0697769
0.0692925
0.0688311
0.0683885
0.0679605
0.0675424
0.0671292
0.0667158
0.0662966
0.065866
0.0654183
0.0649477
0.0644484
0.0639149
0.0633419
0.0627242
0.0620574
0.0613375
0.0605611
0.0597254
0.0588286
0.0578693
0.0568474
0.0557631
0.0546178
0.0534135
0.0521531
0.0508399
0.0494783
0.0480728
0.0466288
0.045152
0.0436483
0.0421241
0.0405859
0.0390402
0.0374935
0.0359526
0.0344237
0.032913
0.0314267
0.0299702
0.0285491
0.0271684
0.0258328
0.0245466
0.023314
0.0221388
0.0210249
0.019976
0.0189962
0.0180904
0.0172644
0.0165263
0.0158875
0.0153659
0.0149901
0.0148107
0.0149241
0.0155409
0.017224
0.0221463
0.0486811
0.153234
0.148391
0.143787
0.139404
0.135227
0.131248
0.127458
0.123851
0.120418
0.117152
0.114047
0.111095
0.108291
0.105628
0.1031
0.100701
0.0984256
0.0962691
0.0942263
0.0922922
0.0904621
0.0887317
0.0870967
0.0855527
0.084096
0.0827227
0.0814288
0.080211
0.0790655
0.0779888
0.0769775
0.076028
0.0751369
0.0743006
0.0735153
0.0727772
0.0720822
0.0714259
0.0708038
0.0702109
0.0696418
0.0690909
0.0685522
0.0680193
0.0674855
0.0669439
0.0663876
0.0658096
0.0652028
0.0645607
0.0638768
0.0631452
0.0623608
0.061519
0.060616
0.0596491
0.0586163
0.0575169
0.0563508
0.0551191
0.053824
0.0524685
0.0510563
0.0495921
0.0480812
0.0465296
0.0449435
0.0433299
0.0416959
0.0400485
0.0383953
0.0367435
0.0351002
0.0334724
0.0318667
0.0302894
0.0287462
0.0272426
0.0257832
0.0243725
0.023014
0.0217111
0.0204662
0.0192817
0.0181592
0.0171001
0.0161058
0.0151774
0.0143163
0.0135246
0.0128054
0.0121639
0.0116091
0.0111564
0.0108348
0.0107009
0.0108813
0.0117188
0.0145456
0.0306177
0.16625
0.160442
0.154936
0.149712
0.144756
0.140055
0.135595
0.131366
0.127355
0.123553
0.119949
0.116533
0.113297
0.110232
0.10733
0.104584
0.101986
0.0995285
0.0972063
0.0950127
0.0929419
0.0909882
0.0891463
0.0874111
0.0857777
0.0842414
0.0827976
0.0814421
0.0801704
0.0789783
0.0778616
0.076816
0.0758372
0.0749208
0.074062
0.073256
0.0724975
0.0717809
0.0711001
0.0704487
0.0698199
0.0692062
0.0686
0.0679932
0.0673778
0.0667453
0.0660876
0.0653968
0.0646652
0.0638859
0.0630525
0.0621595
0.0612026
0.0601782
0.059084
0.0579189
0.0566829
0.0553773
0.0540043
0.0525674
0.051071
0.0495203
0.0479213
0.0462809
0.0446063
0.042905
0.041185
0.0394544
0.0377212
0.0359934
0.0342788
0.0325846
0.0309179
0.0292852
0.0276924
0.0261448
0.0246469
0.0232028
0.0218156
0.0204879
0.0192216
0.0180178
0.0168773
0.0158
0.0147857
0.0138336
0.0129427
0.0121118
0.0113399
0.0106259
0.00996974
0.00937191
0.00883497
0.00836479
0.00797381
0.00768845
0.00756966
0.00778578
0.00899965
0.0168869
)
;

boundaryField
{
    jetInlet
    {
        type            fixedValue;
        value           uniform 0.001;
    }
    returnOutlet
    {
        type            inletOutlet;
        inletValue      uniform 0.001;
        value           nonuniform List<scalar> 
35
(
3.14733
1.70352
1.64889
1.82269
2.08946
2.40316
2.73267
3.05107
3.3355
3.56959
3.74453
3.84916
0.001
0.001
0.001
0.001
0.001
0.001
0.001
0.001
0.001
0.001
0.001
0.001
0.001
0.001
0.163738
0.187784
0.158264
0.0766002
0.0565969
0.0932557
0.175249
0.273811
0.342116
)
;
    }
    flatBed
    {
        type            epsilonWallFunction;
        blending        stepwise;
        value           nonuniform List<scalar> 
100
(
3.14733
3.22144
3.29127
3.35609
3.41514
3.46769
3.51321
3.55176
3.5834
3.59495
3.58375
3.54826
3.48792
3.40314
3.29517
3.16602
3.01834
2.85522
2.68011
2.49663
2.30845
2.11916
1.93213
1.75038
1.57651
1.4126
1.26016
1.12013
0.992909
0.878451
0.776318
0.685799
0.606007
0.535962
0.474658
0.421118
0.374421
0.333724
0.298266
0.267369
0.240437
0.216942
0.196425
0.178485
0.162776
0.148999
0.136897
0.126253
0.116884
0.108637
0.101385
0.0950228
0.0894622
0.0846298
0.0804623
0.0769039
0.0739037
0.0714145
0.0693916
0.0677929
0.0665783
0.0657108
0.0651563
0.0648836
0.0648652
0.0650766
0.0654964
0.0661061
0.0668547
0.0677256
0.068707
0.06979
0.070968
0.0722382
0.0736014
0.0750645
0.0766204
0.078234
0.0798916
0.0815806
0.0832881
0.0849998
0.0866999
0.0883703
0.0899899
0.091534
0.092973
0.0942715
0.0953862
0.0962642
0.0968402
0.0970324
0.0967385
0.0958291
0.0941426
0.0914729
0.0875478
0.0820399
0.0748773
0.0679129
)
;
    }
    slope
    {
        type            epsilonWallFunction;
        blending        stepwise;
        value           nonuniform List<scalar> 
50
(
1.15517
0.604006
0.51918
0.536931
0.556228
0.570664
0.584668
0.593691
0.601335
0.605073
0.606998
0.606037
0.603293
0.598573
0.592194
0.577749
0.566693
0.554093
0.541675
0.52909
0.517114
0.505777
0.495404
0.486033
0.477751
0.470525
0.464297
0.458916
0.454093
0.449156
0.423591
0.41836
0.414365
0.411081
0.406568
0.399257
0.389019
0.373506
0.352104
0.324572
0.291581
0.254285
0.214501
0.174314
0.135936
0.101351
0.072023
0.0486811
0.0306177
0.0168869
)
;
    }
    top
    {
        type            symmetryPlane;
    }
    frontAndBack
    {
        type            empty;
    }
    defaultFaces
    {
        type            empty;
    }
}


// ************************************************************************* //
