/*--------------------------------*- C++ -*----------------------------------*\
| =========                 |                                                 |
| \\      /  F ield         | OpenFOAM: The Open Source CFD Toolbox           |
|  \\    /   O peration     | Version:  2206                                  |
|   \\  /    A nd           | Website:  www.openfoam.com                      |
|    \\/     M anipulation  |                                                 |
\*---------------------------------------------------------------------------*/
FoamFile
{
    version     2.0;
    format      ascii;
    arch        "LSB;label=32;scalar=64";
    class       volScalarField;
    location    "1600";
    object      k;
}
// * * * * * * * * * * * * * * * * * * * * * * * * * * * * * * * * * * * * * //

dimensions      [0 2 -2 0 0 0 0];

internalField   nonuniform List<scalar> 
10000
(
0.291103
0.295655
0.299913
0.303838
0.307392
0.310538
0.31325
0.315538
0.31741
0.318092
0.317432
0.315333
0.311749
0.306677
0.300157
0.292263
0.283103
0.272811
0.261541
0.249465
0.236768
0.223642
0.210283
0.196881
0.183619
0.170662
0.158152
0.146209
0.134919
0.124341
0.114507
0.105424
0.0970805
0.0894485
0.0824913
0.0761659
0.0704264
0.0652264
0.0605208
0.0562661
0.0524215
0.0489487
0.0458121
0.0429788
0.0404188
0.038105
0.0360129
0.0341215
0.0324121
0.0308693
0.02948
0.0282336
0.0271213
0.0261358
0.0252708
0.0245202
0.0238784
0.0233392
0.0228965
0.0225435
0.0222734
0.0220795
0.0219551
0.0218938
0.0218897
0.0219372
0.0220314
0.0221679
0.0223349
0.0225285
0.0227456
0.022984
0.0232419
0.0235184
0.0238134
0.024128
0.0244603
0.0248026
0.0251517
0.025505
0.0258597
0.0262129
0.0265614
0.0269016
0.0272295
0.0275402
0.0278283
0.0280871
0.0283083
0.028482
0.0285959
0.028634
0.0285766
0.0283976
0.0280638
0.027531
0.0267379
0.0256043
0.0240906
0.0225694
0.563687
0.571584
0.5794
0.586893
0.593969
0.600551
0.606464
0.611478
0.615383
0.617689
0.617952
0.615876
0.611252
0.603954
0.59394
0.581249
0.565992
0.548342
0.528529
0.506827
0.483546
0.45903
0.433638
0.407743
0.381713
0.355903
0.330637
0.3062
0.282822
0.260682
0.239897
0.220535
0.202615
0.18612
0.171003
0.1572
0.144634
0.133225
0.122887
0.11354
0.105104
0.0975037
0.0906662
0.0845233
0.0790105
0.0740671
0.0696373
0.0656696
0.0621177
0.0589404
0.0561019
0.0535714
0.051323
0.0493348
0.0475886
0.0460684
0.0447602
0.0436509
0.0427275
0.0419772
0.0413869
0.0409435
0.0406338
0.040445
0.0403651
0.0403828
0.0404874
0.040664
0.040906
0.0412074
0.0415619
0.0419642
0.0424092
0.0428928
0.043411
0.0439604
0.0445417
0.0451504
0.0457801
0.0464267
0.0470864
0.0477551
0.0484286
0.0491017
0.0497686
0.0504224
0.0510546
0.0516544
0.0522087
0.0527003
0.053107
0.0533996
0.0535385
0.0534692
0.0531137
0.0523587
0.0510401
0.0489037
0.0454517
0.039726
0.752971
0.760873
0.769293
0.777701
0.785906
0.793842
0.80132
0.808042
0.81364
0.817612
0.819239
0.818042
0.813665
0.805881
0.794583
0.779782
0.761587
0.740193
0.715862
0.688915
0.659717
0.628672
0.596212
0.562793
0.528875
0.494917
0.461352
0.428577
0.39693
0.366687
0.33805
0.311153
0.286064
0.262796
0.241321
0.221578
0.203489
0.186964
0.171907
0.158226
0.145828
0.134623
0.124525
0.11545
0.107317
0.100046
0.0935604
0.0877874
0.0826577
0.0781067
0.0740756
0.0705116
0.0673683
0.0646052
0.0621874
0.0600852
0.0582726
0.0567268
0.055427
0.0543539
0.0534892
0.0528149
0.0523138
0.0519691
0.051765
0.0516865
0.0517196
0.0518464
0.0520584
0.0523468
0.0527034
0.0531211
0.0535934
0.0541146
0.0546796
0.0552839
0.0559229
0.0565978
0.0573002
0.0580248
0.0587665
0.0595205
0.0602814
0.0610432
0.0617986
0.0625388
0.0632529
0.0639273
0.0645442
0.0650808
0.0655068
0.0657816
0.0658504
0.0656374
0.0650366
0.0638995
0.0620226
0.0591159
0.0547023
0.048131
0.912194
0.919916
0.928753
0.938159
0.94787
0.957776
0.967621
0.976991
0.985368
0.992127
0.996267
0.9971
0.994122
0.987014
0.97563
0.959974
0.940178
0.916471
0.889154
0.858585
0.825163
0.78932
0.751521
0.712258
0.672043
0.631399
0.590838
0.55085
0.511873
0.474281
0.43837
0.404352
0.372358
0.34245
0.314632
0.288864
0.265076
0.243183
0.223092
0.20471
0.187947
0.172712
0.158921
0.146488
0.135326
0.125349
0.116468
0.108592
0.101633
0.0955008
0.0901118
0.0853864
0.0812519
0.0776431
0.0745028
0.0717812
0.0694356
0.0674291
0.0657299
0.0643095
0.0631428
0.0622065
0.0614788
0.0609393
0.0605691
0.0603501
0.0602647
0.0602942
0.0604273
0.0606531
0.0609618
0.0613446
0.0617936
0.0623018
0.062863
0.0634714
0.0641216
0.0648128
0.065539
0.066293
0.0670689
0.0678608
0.0686624
0.0694664
0.0702643
0.0710459
0.0717983
0.0725051
0.0731457
0.073693
0.074112
0.0743563
0.0743642
0.0740532
0.0733127
0.071995
0.0699083
0.0667967
0.0622691
0.0558392
1.05828
1.06619
1.0758
1.08675
1.09879
1.11171
1.12512
1.1384
1.15081
1.16151
1.16922
1.17299
1.1722
1.16644
1.15557
1.13964
1.11884
1.09348
1.06391
1.03055
0.993819
0.954168
0.912062
0.867993
0.822481
0.776071
0.729325
0.682798
0.637015
0.592444
0.549477
0.508415
0.469466
0.432753
0.398325
0.366172
0.336244
0.308468
0.28276
0.259036
0.237216
0.217226
0.198993
0.182447
0.167515
0.154117
0.142169
0.131576
0.122237
0.114043
0.106885
0.100653
0.0952438
0.0905587
0.0865102
0.0830205
0.0800225
0.0774585
0.0752795
0.0734438
0.0719154
0.0706631
0.0696589
0.0688777
0.0682968
0.0678953
0.0676498
0.0675427
0.0675595
0.0676874
0.0679146
0.0682307
0.0686266
0.0690937
0.0696246
0.0702125
0.0708512
0.0715352
0.0722631
0.0730259
0.0738162
0.074627
0.0754508
0.0762795
0.0771032
0.0779104
0.0786865
0.0794136
0.080069
0.0806235
0.0810401
0.0812706
0.0812531
0.0809071
0.0801286
0.0787844
0.0767075
0.0736841
0.0694074
0.0635231
1.19326
1.20192
1.21286
1.2261
1.24147
1.25864
1.27695
1.29549
1.31319
1.3289
1.34101
1.34836
1.35016
1.34602
1.33584
1.31977
1.29814
1.27136
1.23991
1.20427
1.1649
1.12226
1.07679
1.02893
0.979184
0.928059
0.876118
0.823947
0.772129
0.721213
0.67168
0.623924
0.578237
0.534812
0.493753
0.455089
0.418796
0.384816
0.35308
0.323516
0.296061
0.270659
0.247264
0.225833
0.206321
0.188681
0.172851
0.158756
0.146301
0.135376
0.125855
0.117605
0.110487
0.104366
0.099117
0.0946236
0.0907845
0.0875123
0.0847326
0.0823832
0.080412
0.078775
0.0774349
0.0763596
0.0755206
0.074893
0.0744491
0.0741691
0.0740362
0.0740353
0.0741528
0.0743767
0.0746958
0.0751004
0.0755815
0.0761309
0.0767411
0.0774048
0.0781204
0.0788789
0.0796715
0.08049
0.0813259
0.0821697
0.0830107
0.0838362
0.0846306
0.0853749
0.0860455
0.0866127
0.0870394
0.0872786
0.0872708
0.0869412
0.0861954
0.0849153
0.0829551
0.0801323
0.0761952
0.0708528
1.31381
1.3239
1.33698
1.35355
1.37359
1.3965
1.42125
1.44653
1.47084
1.49252
1.50966
1.52087
1.52531
1.52265
1.51294
1.49652
1.47389
1.44567
1.41247
1.37488
1.33343
1.28857
1.24069
1.19019
1.13745
1.08292
1.02709
0.970529
0.913837
0.857614
0.802417
0.748723
0.69691
0.647249
0.599909
0.554964
0.512422
0.472246
0.434379
0.398767
0.365363
0.334133
0.305057
0.278127
0.253339
0.23069
0.210165
0.191731
0.17533
0.160875
0.148251
0.137314
0.127906
0.119857
0.112998
0.107167
0.10222
0.0980273
0.0944788
0.0914823
0.0889615
0.0868532
0.0851056
0.0836755
0.0825263
0.0816269
0.080944
0.0804548
0.0801393
0.0799801
0.0799615
0.0800693
0.0802906
0.0806138
0.0810283
0.0815245
0.0820933
0.0827265
0.0834176
0.0841619
0.0849481
0.0857668
0.086608
0.0874614
0.0883153
0.0891562
0.0899677
0.0907306
0.091421
0.0920096
0.0924603
0.0927284
0.0927584
0.0924815
0.0918125
0.0906462
0.0888546
0.08628
0.0827144
0.0779226
1.41412
1.42657
1.44303
1.46452
1.49112
1.52176
1.55482
1.58847
1.62072
1.6491
1.67151
1.68642
1.69307
1.6913
1.68144
1.6641
1.64005
1.61013
1.57517
1.53587
1.49284
1.44654
1.39731
1.34543
1.29117
1.23481
1.17674
1.11742
1.05743
0.99737
0.937845
0.879402
0.822498
0.767485
0.714603
0.663983
0.615668
0.569646
0.52588
0.484333
0.444976
0.407799
0.372806
0.340022
0.309487
0.281246
0.255344
0.23181
0.210647
0.191823
0.175266
0.160858
0.148442
0.137831
0.128822
0.121207
0.114788
0.109384
0.104838
0.101015
0.0978028
0.0951115
0.0928669
0.0910091
0.0894891
0.0882664
0.0873001
0.0865627
0.0860306
0.0856832
0.085502
0.0854705
0.0855735
0.0857974
0.0861296
0.0865588
0.0870742
0.087666
0.0883248
0.0890466
0.0898196
0.0906326
0.0914745
0.0923341
0.0931987
0.0940542
0.094884
0.0956685
0.0963844
0.0970031
0.0974902
0.0978036
0.0978916
0.0976913
0.0971256
0.0961006
0.0945028
0.0921948
0.0890019
0.0847252
1.4872
1.5034
1.52528
1.55431
1.59035
1.63141
1.67501
1.71871
1.7599
1.79513
1.82228
1.8399
1.84756
1.84549
1.8344
1.81525
1.78915
1.75719
1.72039
1.67963
1.63557
1.58869
1.53928
1.48748
1.43338
1.37707
1.31874
1.2587
1.19741
1.13542
1.07336
1.0118
0.951267
0.892199
0.834915
0.779604
0.726351
0.675173
0.626062
0.579006
0.534003
0.491062
0.450213
0.411512
0.375036
0.340881
0.309148
0.279936
0.253325
0.229362
0.208049
0.189331
0.173094
0.159168
0.147337
0.137361
0.128992
0.12199
0.116138
0.111247
0.107156
0.103734
0.100878
0.0985014
0.0965375
0.0949306
0.0936299
0.0926012
0.0918157
0.0912483
0.0908771
0.0906824
0.0906464
0.0907532
0.0909878
0.0913367
0.0917874
0.0923281
0.0929474
0.0936393
0.0943929
0.0951954
0.0960346
0.0968979
0.0977721
0.0986425
0.0994923
0.100302
0.101049
0.101705
0.102238
0.102609
0.102769
0.102661
0.102215
0.101346
0.0999544
0.0979187
0.0950908
0.0913012
1.52499
1.54747
1.57863
1.61972
1.66965
1.72475
1.78137
1.83638
1.88633
1.92705
1.95683
1.97482
1.9812
1.97682
1.96288
1.94077
1.91189
1.87757
1.839
1.79718
1.75284
1.70647
1.65828
1.60826
1.5563
1.50223
1.446
1.38767
1.32751
1.26598
1.20364
1.14107
1.07883
1.01744
0.957308
0.898686
0.841698
0.786399
0.732814
0.680984
0.630939
0.582714
0.536363
0.49197
0.449652
0.409546
0.371807
0.336596
0.304074
0.274374
0.247595
0.223776
0.202886
0.184816
0.169385
0.156347
0.145424
0.136322
0.128759
0.122477
0.117257
0.112912
0.109293
0.106282
0.103784
0.101717
0.100021
0.0986519
0.0975716
0.0967494
0.0961586
0.0957756
0.0955793
0.0955506
0.0956721
0.0959276
0.0963025
0.096783
0.0973563
0.0980107
0.0987393
0.0995271
0.10036
0.101226
0.102109
0.102994
0.103866
0.104704
0.105486
0.106186
0.106772
0.107209
0.10745
0.107444
0.107127
0.106423
0.105241
0.103475
0.100998
0.0976606
1.51656
1.55172
1.60019
1.66133
1.73167
1.80517
1.87681
1.94277
1.99812
2.04003
2.06781
2.08183
2.08328
2.07373
2.05492
2.02857
1.99631
1.9596
1.91972
1.87768
1.83425
1.78987
1.74468
1.69852
1.65102
1.60179
1.55042
1.49668
1.44059
1.38239
1.32256
1.26161
1.20005
1.13852
1.07756
1.01744
0.958319
0.900299
0.843443
0.787884
0.733713
0.680985
0.629774
0.580204
0.532433
0.486634
0.443004
0.401764
0.363144
0.327364
0.294617
0.265055
0.238762
0.215734
0.195871
0.178977
0.164778
0.152951
0.143156
0.135067
0.128386
0.122862
0.118284
0.114486
0.111335
0.108716
0.106553
0.104784
0.103361
0.102245
0.101402
0.100803
0.100424
0.100241
0.100233
0.100381
0.100669
0.10108
0.101599
0.102211
0.102909
0.103678
0.104503
0.105368
0.106259
0.10716
0.108054
0.108923
0.109743
0.11049
0.111135
0.111643
0.111972
0.112073
0.111889
0.111352
0.110379
0.108877
0.106734
0.103819
1.43968
1.51078
1.59345
1.68753
1.78624
1.88136
1.96689
2.03767
2.08946
2.12383
2.14188
2.1457
2.13753
2.1196
2.09399
2.06255
2.02693
1.98853
1.94853
1.90787
1.86724
1.827
1.78718
1.74745
1.70726
1.66589
1.62263
1.57688
1.5283
1.47688
1.42291
1.36678
1.3088
1.24982
1.19054
1.13121
1.07201
1.01309
0.954516
0.896624
0.839597
0.783485
0.728367
0.674433
0.621908
0.570977
0.521871
0.474877
0.43028
0.38837
0.349433
0.313728
0.281465
0.252776
0.22769
0.206114
0.187836
0.172548
0.159884
0.149455
0.140888
0.133849
0.128054
0.123271
0.119314
0.116026
0.113303
0.111062
0.10924
0.107784
0.106653
0.105809
0.105221
0.104863
0.104709
0.104737
0.104926
0.105257
0.105714
0.106279
0.106941
0.107686
0.108499
0.109362
0.110259
0.111176
0.112093
0.112993
0.113853
0.11465
0.115356
0.115937
0.116356
0.116567
0.116518
0.116146
0.115378
0.11413
0.112303
0.109782
1.26678
1.43452
1.58113
1.72238
1.85249
1.96331
2.04891
2.10656
2.14049
2.15515
2.15434
2.14154
2.11965
2.09111
2.05792
2.02174
1.98395
1.94569
1.90787
1.87124
1.83627
1.80322
1.77197
1.74203
1.7126
1.68272
1.65131
1.61739
1.58021
1.53944
1.49514
1.44755
1.39706
1.34428
1.2898
1.23406
1.17735
1.11985
1.06151
1.0031
0.944947
0.886999
0.829297
0.772159
0.715945
0.660796
0.606953
0.554808
0.50468
0.456918
0.411891
0.369944
0.33141
0.29657
0.26561
0.23859
0.215419
0.195867
0.17959
0.166175
0.155185
0.146202
0.138855
0.132831
0.127866
0.123756
0.120357
0.117556
0.115266
0.113417
0.111953
0.110829
0.110007
0.109451
0.109133
0.109025
0.109103
0.109345
0.109731
0.110243
0.110863
0.11158
0.112377
0.113235
0.114138
0.115068
0.116008
0.116939
0.117839
0.118686
0.119453
0.120109
0.120618
0.120939
0.121022
0.120811
0.120241
0.119236
0.117708
0.115553
1.0832
1.40039
1.62702
1.80722
1.94541
2.0363
2.08488
2.1023
2.09918
2.08208
2.05578
2.02366
1.98807
1.95073
1.91293
1.87569
1.83984
1.80607
1.77493
1.74685
1.72212
1.70081
1.68266
1.66705
1.65295
1.63909
1.62408
1.6065
1.58518
1.55943
1.52904
1.49406
1.45478
1.41176
1.36556
1.31668
1.26552
1.2124
1.15759
1.10156
1.04466
0.987025
0.928555
0.869826
0.811518
0.75353
0.69606
0.639775
0.584946
0.531962
0.481305
0.433371
0.388589
0.347399
0.310155
0.277097
0.248305
0.223688
0.202996
0.18585
0.171788
0.160325
0.150998
0.143399
0.137164
0.132036
0.127814
0.124341
0.121498
0.119191
0.117345
0.115902
0.114813
0.114035
0.113532
0.113273
0.113227
0.11337
0.113676
0.114126
0.114699
0.115384
0.116161
0.117011
0.117916
0.118858
0.119818
0.120779
0.121718
0.122615
0.123442
0.124171
0.124768
0.125194
0.125406
0.125351
0.124969
0.124193
0.122945
0.121133
1.19269
1.57124
1.78002
1.88423
1.92122
1.91655
1.89022
1.8547
1.8163
1.77787
1.74058
1.70485
1.67084
1.6388
1.60904
1.58198
1.55807
1.53777
1.52145
1.50944
1.50194
1.49899
1.5003
1.5051
1.5122
1.52004
1.52683
1.53066
1.52994
1.52375
1.51167
1.49359
1.46961
1.44015
1.40599
1.36769
1.32572
1.28049
1.23242
1.18192
1.12939
1.07507
1.01918
0.962071
0.904134
0.845385
0.785898
0.727109
0.668937
0.611771
0.556376
0.50312
0.452482
0.405099
0.36148
0.322059
0.287115
0.256737
0.230844
0.209169
0.191295
0.176707
0.164869
0.155254
0.147418
0.141022
0.13579
0.131506
0.128005
0.12516
0.122872
0.121063
0.119671
0.118643
0.117934
0.117505
0.117322
0.117353
0.117571
0.117952
0.118473
0.119118
0.11987
0.120708
0.121611
0.122561
0.12354
0.124527
0.125503
0.126446
0.12733
0.128128
0.12881
0.129338
0.129671
0.129763
0.12956
0.129
0.128013
0.126518
0.0454763
0.123192
0.231538
0.359026
0.493167
0.62205
0.737665
0.835236
0.912971
0.971499
1.01312
1.04099
1.05857
1.06913
1.07558
1.08035
1.08541
1.09231
1.10226
1.11614
1.13463
1.15808
1.18641
1.21892
1.25425
1.2906
1.32576
1.35683
1.3814
1.39955
1.41118
1.4162
1.41463
1.40658
1.39221
1.37189
1.34608
1.31525
1.27988
1.24048
1.19749
1.1513
1.10226
1.05076
0.997145
0.941671
0.884639
0.826543
0.767473
0.707091
0.647835
0.589711
0.533145
0.479206
0.428513
0.381734
0.339391
0.30179
0.269112
0.241312
0.218128
0.199083
0.183561
0.17097
0.160787
0.152547
0.145862
0.140428
0.136007
0.132421
0.129532
0.127232
0.125437
0.124079
0.1231
0.122451
0.122088
0.121975
0.122078
0.122368
0.122818
0.123406
0.124118
0.124931
0.125822
0.126771
0.127759
0.128766
0.129773
0.130756
0.131693
0.132557
0.133319
0.133946
0.134399
0.134635
0.134607
0.134259
0.133529
0.132347
0.006554
0.0079864
0.0106174
0.0145887
0.0201207
0.0292134
0.0423378
0.0595596
0.0805796
0.104852
0.131734
0.160624
0.191065
0.222811
0.255857
0.290449
0.327074
0.366435
0.409415
0.457006
0.510188
0.569603
0.634392
0.700771
0.767765
0.834226
0.899043
0.961773
1.02209
1.07811
1.12839
1.17188
1.20789
1.23599
1.25589
1.26757
1.27123
1.26722
1.25601
1.23814
1.21418
1.18466
1.1501
1.11104
1.06795
1.02128
0.971469
0.918953
0.864064
0.807145
0.748964
0.689854
0.62985
0.571495
0.514908
0.460866
0.410372
0.364206
0.322982
0.287013
0.256316
0.230649
0.209571
0.192479
0.178722
0.167678
0.158807
0.151665
0.145904
0.141257
0.137523
0.134545
0.132204
0.130404
0.129068
0.128131
0.127537
0.127238
0.127194
0.127367
0.127726
0.128243
0.128899
0.129673
0.130541
0.131481
0.132471
0.133493
0.134526
0.135549
0.136538
0.137468
0.138314
0.139043
0.139622
0.140013
0.140172
0.140051
0.139597
0.138748
0.00600899
0.00604363
0.00610083
0.0061661
0.00621909
0.00629446
0.00641129
0.00659879
0.00689854
0.00736624
0.00807237
0.00910178
0.0105541
0.0125468
0.0152232
0.018767
0.0234236
0.0295328
0.0375743
0.0481876
0.0619816
0.0799496
0.103984
0.138295
0.184146
0.24219
0.312154
0.392711
0.481451
0.574825
0.668777
0.759426
0.843617
0.919148
0.984694
1.03961
1.08372
1.11715
1.14026
1.15354
1.1576
1.15309
1.14068
1.12105
1.09487
1.06278
1.02539
0.983271
0.936963
0.887007
0.834004
0.778464
0.720926
0.66232
0.602954
0.544292
0.487967
0.43464
0.385467
0.341176
0.30231
0.269062
0.241288
0.21854
0.200172
0.185466
0.173732
0.164366
0.156879
0.150887
0.146097
0.142286
0.139284
0.136957
0.1352
0.133925
0.133062
0.132548
0.132332
0.13237
0.132622
0.133055
0.133641
0.134364
0.135197
0.136116
0.137099
0.138125
0.139173
0.140223
0.141252
0.142238
0.143154
0.143972
0.144662
0.14519
0.145516
0.1456
0.145394
0.144846
0.00599314
0.00598546
0.00597909
0.00597585
0.00597841
0.00599035
0.00601399
0.0060506
0.00610066
0.00616431
0.00624183
0.00633397
0.00644216
0.00656864
0.00671668
0.00689095
0.00709811
0.00734757
0.0076547
0.00808103
0.00897659
0.0106944
0.0138135
0.0193069
0.0285464
0.0433066
0.0656745
0.0978435
0.141767
0.198667
0.268548
0.349875
0.4396
0.533607
0.627444
0.717044
0.799206
0.871737
0.933361
0.983518
1.02215
1.04955
1.06622
1.07279
1.06999
1.05855
1.03922
1.01274
0.979815
0.941153
0.897443
0.849341
0.797528
0.74275
0.685686
0.62725
0.56829
0.509866
0.454466
0.402789
0.356004
0.314794
0.279503
0.25005
0.22599
0.206637
0.191216
0.178977
0.169268
0.161562
0.155445
0.150602
0.146792
0.14383
0.141571
0.139899
0.13872
0.137955
0.13754
0.137418
0.137543
0.137875
0.138379
0.139035
0.139819
0.140702
0.141663
0.142679
0.143729
0.144792
0.145847
0.146872
0.147842
0.148732
0.149515
0.150158
0.150629
0.150892
0.150904
0.150621
0.00599094
0.00598146
0.00597287
0.00596615
0.00596214
0.00596172
0.00596598
0.0059764
0.00599498
0.00602416
0.00606666
0.00612528
0.00620273
0.00630151
0.0064237
0.00657087
0.0067442
0.00694481
0.00717293
0.00742796
0.00771582
0.00805542
0.00850598
0.00922224
0.0105221
0.0129591
0.017401
0.0251016
0.0377305
0.0573147
0.0860458
0.125931
0.178314
0.243381
0.319822
0.404841
0.494554
0.584668
0.671158
0.750741
0.821067
0.88067
0.928814
0.965316
0.990376
1.00445
1.00817
1.00224
0.987426
0.964524
0.934328
0.897618
0.855185
0.807822
0.756324
0.701553
0.644409
0.585921
0.527297
0.469895
0.416352
0.367566
0.324512
0.287653
0.256946
0.231939
0.211907
0.196019
0.183477
0.17359
0.1658
0.15967
0.154865
0.151132
0.148271
0.146127
0.144576
0.143517
0.142867
0.142557
0.142531
0.142741
0.143148
0.143718
0.144433
0.145264
0.146186
0.147174
0.148209
0.149268
0.150332
0.151378
0.152384
0.153326
0.154179
0.154916
0.155506
0.155918
0.156115
0.156061
0.00599069
0.00598079
0.00597109
0.00596243
0.00595602
0.00595338
0.00595626
0.00596654
0.00598608
0.00601668
0.00606009
0.00611807
0.0061924
0.00628495
0.00639759
0.00653218
0.00669052
0.00687446
0.00708578
0.00732553
0.00759353
0.00788805
0.00820648
0.00855106
0.00894737
0.00948387
0.0103695
0.0119961
0.0150067
0.0203675
0.0294238
0.0439002
0.0658008
0.0971716
0.13972
0.194348
0.260726
0.337089
0.420381
0.506727
0.592077
0.672768
0.74588
0.809342
0.861879
0.902875
0.932212
0.95013
0.957118
0.953827
0.941007
0.919466
0.890043
0.853595
0.81099
0.763127
0.710943
0.655465
0.597836
0.539348
0.481414
0.426225
0.375906
0.33151
0.29355
0.262024
0.236453
0.216062
0.199969
0.187336
0.177442
0.169705
0.163672
0.158995
0.155406
0.152697
0.150704
0.149296
0.148369
0.147837
0.147631
0.147693
0.147976
0.148441
0.149068
0.149825
0.150688
0.15163
0.152629
0.153665
0.154717
0.155764
0.156784
0.157757
0.158658
0.159462
0.160145
0.160677
0.161027
0.161164
0.00599081
0.0059811
0.00597158
0.00596288
0.00595581
0.00595138
0.00595071
0.00595509
0.00596597
0.00598501
0.00601406
0.00605517
0.00611056
0.00618261
0.00627384
0.00638689
0.00652438
0.00668877
0.00688229
0.00710676
0.00736342
0.00765245
0.00797221
0.00831851
0.008685
0.00906808
0.00948325
0.00999998
0.0107935
0.0122009
0.0147808
0.0193776
0.0271779
0.0397259
0.058857
0.0865133
0.124425
0.173693
0.234366
0.305182
0.38359
0.466105
0.548856
0.628151
0.700874
0.764674
0.817979
0.859902
0.890109
0.908686
0.91602
0.912704
0.899471
0.87714
0.846584
0.808722
0.764518
0.715003
0.661304
0.604686
0.546582
0.488687
0.432464
0.381146
0.335868
0.297286
0.265396
0.239659
0.219239
0.203209
0.190699
0.180966
0.173416
0.167582
0.163109
0.159718
0.157195
0.155372
0.154115
0.153317
0.152893
0.152775
0.152908
0.153246
0.153754
0.154413
0.155192
0.156064
0.157006
0.157996
0.159014
0.16004
0.161052
0.162031
0.162955
0.163803
0.16455
0.165172
0.165643
0.165936
0.00599116
0.00598176
0.0059727
0.00596446
0.00595773
0.00595339
0.0059525
0.00595629
0.00596615
0.00598364
0.00601048
0.00604851
0.00609972
0.00616622
0.00625017
0.00635381
0.00647941
0.00662927
0.00680569
0.00701096
0.0072472
0.00751619
0.0078189
0.00815485
0.0085211
0.00891135
0.00931655
0.00973098
0.0101703
0.0107068
0.0115186
0.0129413
0.0155218
0.020077
0.0277437
0.0399918
0.0585622
0.0852959
0.121839
0.169254
0.227626
0.295803
0.371408
0.451141
0.531287
0.608233
0.678865
0.740775
0.792299
0.832454
0.860818
0.877412
0.882579
0.876892
0.861083
0.835994
0.802553
0.76177
0.714752
0.662735
0.607114
0.549484
0.491579
0.435421
0.383388
0.337709
0.299036
0.26726
0.241764
0.221647
0.205943
0.193758
0.184342
0.177093
0.171541
0.167325
0.164163
0.16184
0.160185
0.159066
0.158379
0.15804
0.157985
0.158161
0.158525
0.159057
0.159724
0.160499
0.161358
0.162278
0.163237
0.164217
0.165197
0.166158
0.16708
0.167944
0.168728
0.169411
0.16997
0.170382
0.00599166
0.00598261
0.00597402
0.00596626
0.00595985
0.00595546
0.0059539
0.00595613
0.00596329
0.0059767
0.00599792
0.00602869
0.00607098
0.00612696
0.00619893
0.00628935
0.00640072
0.00653559
0.00669648
0.00688586
0.00710604
0.00735917
0.00764701
0.00797071
0.00833026
0.00872361
0.00914537
0.00958598
0.0100335
0.0104829
0.0109579
0.0115497
0.0124647
0.0140724
0.0169565
0.0219677
0.0302656
0.043319
0.0628306
0.0905541
0.127997
0.176041
0.234584
0.302321
0.376796
0.454721
0.532461
0.60652
0.673897
0.732274
0.78005
0.816282
0.840572
0.852957
0.853794
0.843674
0.823365
0.793773
0.755935
0.71103
0.660406
0.605609
0.548405
0.490793
0.434917
0.382722
0.337302
0.299098
0.267923
0.243068
0.22357
0.20843
0.196748
0.187774
0.180909
0.175689
0.171752
0.168821
0.166683
0.165173
0.164162
0.163551
0.163263
0.163237
0.163425
0.16379
0.164312
0.16496
0.165706
0.166527
0.167401
0.168309
0.169231
0.170148
0.171042
0.171895
0.172687
0.173401
0.174016
0.174513
0.00599231
0.00598366
0.00597555
0.00596827
0.00596221
0.00595792
0.00595609
0.00595756
0.00596337
0.00597478
0.00599326
0.0060205
0.00605842
0.00610912
0.00617484
0.00625793
0.00636083
0.00648597
0.00663584
0.00681288
0.00701951
0.00725804
0.0075306
0.00783904
0.00818471
0.00856803
0.0089877
0.0094394
0.00991438
0.0103994
0.010881
0.0113599
0.0118793
0.0125666
0.0136799
0.0156543
0.0191493
0.0250971
0.0347316
0.0495667
0.0712927
0.101563
0.141678
0.19221
0.25269
0.321467
0.395842
0.472432
0.547655
0.618165
0.681161
0.734522
0.77682
0.807246
0.825505
0.831706
0.826267
0.809851
0.783324
0.747746
0.704382
0.654721
0.600497
0.543691
0.486479
0.431094
0.379676
0.33509
0.297918
0.267822
0.24398
0.225372
0.210987
0.199934
0.191477
0.185033
0.180148
0.176474
0.173741
0.171747
0.170335
0.169385
0.168805
0.168525
0.168489
0.16865
0.168989
0.169473
0.170073
0.170764
0.171524
0.172331
0.173167
0.174013
0.174852
0.175666
0.176438
0.177153
0.177793
0.178343
0.00599312
0.00598493
0.00597732
0.00597048
0.00596468
0.00596033
0.00595799
0.00595837
0.00596235
0.00597105
0.00598584
0.00600834
0.00604043
0.00608419
0.00614192
0.00621603
0.00630902
0.00642344
0.00656188
0.00672696
0.00692124
0.0071472
0.00740716
0.00770323
0.00803721
0.0084104
0.00882331
0.00927495
0.0097616
0.0102753
0.0108026
0.0113268
0.0118368
0.0123486
0.0129406
0.013798
0.0152572
0.01785
0.0223498
0.0298109
0.0415771
0.0592273
0.0844276
0.118674
0.162951
0.217373
0.280944
0.351535
0.426122
0.501208
0.573294
0.639253
0.696559
0.743365
0.77848
0.801279
0.811609
0.809701
0.796106
0.771663
0.737487
0.694971
0.645795
0.591912
0.535519
0.478976
0.424662
0.374744
0.331689
0.296132
0.267548
0.245016
0.227488
0.213967
0.203591
0.195654
0.189602
0.185004
0.18153
0.17893
0.177013
0.175636
0.174689
0.17409
0.173772
0.173685
0.17379
0.174067
0.174483
0.175009
0.175622
0.176299
0.17702
0.177767
0.178522
0.179269
0.179994
0.180681
0.181315
0.181884
0.00599409
0.00598654
0.00597965
0.00597339
0.005968
0.00596394
0.00596181
0.00596231
0.0059663
0.00597486
0.00598932
0.00601124
0.00604241
0.00608481
0.00614056
0.00621187
0.00630097
0.00641013
0.00654168
0.00669801
0.00688156
0.00709478
0.00734008
0.00761982
0.00793624
0.00829135
0.00868685
0.00912377
0.00960179
0.0101181
0.0106657
0.0112317
0.0117982
0.0123478
0.0128805
0.0134435
0.0141725
0.0153361
0.0173788
0.0209641
0.0270166
0.0367453
0.0516208
0.073271
0.103275
0.142856
0.192523
0.251766
0.318935
0.391361
0.465713
0.538447
0.606231
0.666228
0.716236
0.754709
0.780705
0.793817
0.79411
0.782069
0.758569
0.724854
0.682517
0.63347
0.579911
0.524246
0.468979
0.416505
0.368851
0.328049
0.294605
0.267838
0.246774
0.230383
0.217711
0.20795
0.200448
0.194689
0.190274
0.186901
0.18434
0.182419
0.181006
0.180003
0.179331
0.178931
0.178753
0.178774
0.178962
0.179285
0.179715
0.180229
0.180805
0.181422
0.182066
0.182718
0.183367
0.183996
0.184595
0.185152
0.00599617
0.00599217
0.00599092
0.00599256
0.00599765
0.00600687
0.00602082
0.00604
0.00606493
0.00609609
0.00613394
0.00617887
0.0062313
0.00629163
0.00636038
0.00643819
0.00652593
0.00662484
0.00673677
0.00686418
0.00701014
0.00717831
0.00737279
0.00759797
0.00785832
0.00815816
0.00850145
0.00889149
0.00933057
0.00981923
0.0103553
0.0109321
0.0115369
0.0121506
0.0127521
0.0133309
0.0139136
0.014601
0.0156133
0.0173331
0.0203478
0.025491
0.0338732
0.0468769
0.0660827
0.0930997
0.12929
0.175418
0.231324
0.295722
0.366246
0.439732
0.512641
0.581488
0.643172
0.695166
0.735594
0.763243
0.77753
0.77846
0.766575
0.742904
0.708908
0.666427
0.617618
0.56488
0.510746
0.457715
0.408031
0.363444
0.325447
0.294387
0.269507
0.249856
0.234463
0.222463
0.213137
0.205892
0.200261
0.195886
0.192491
0.189869
0.18786
0.186345
0.185229
0.18444
0.183921
0.183627
0.183536
0.183612
0.183822
0.184137
0.184535
0.184995
0.185497
0.186027
0.18657
0.187114
0.187648
0.188163
0.00607391
0.00622541
0.00646523
0.00680074
0.00722961
0.00774643
0.00834396
0.00901147
0.00973368
0.0104907
0.0112586
0.0120099
0.0127157
0.0133469
0.0138768
0.0142831
0.01455
0.0146696
0.0146425
0.0144784
0.0141946
0.0138154
0.0133702
0.012891
0.0124109
0.0119616
0.0115722
0.0112678
0.0110687
0.0109902
0.0110414
0.011225
0.0115355
0.0119577
0.0124662
0.0130284
0.0136161
0.0142285
0.0149296
0.0158942
0.017454
0.0201405
0.0247245
0.0322487
0.044032
0.0616151
0.0866157
0.120477
0.164129
0.217644
0.279996
0.34903
0.421688
0.494391
0.563479
0.625594
0.677947
0.718463
0.74584
0.759523
0.759644
0.74694
0.722661
0.688493
0.64647
0.598895
0.548231
0.496953
0.447368
0.401403
0.360441
0.325389
0.29658
0.273319
0.254712
0.239933
0.228269
0.219085
0.211856
0.20616
0.201673
0.19814
0.195367
0.193203
0.191531
0.190261
0.18932
0.188652
0.188227
0.188009
0.187958
0.18804
0.188228
0.188498
0.18883
0.189208
0.189619
0.190051
0.190492
0.190936
0.0141228
0.0219609
0.0307403
0.0402852
0.050049
0.0596934
0.0689986
0.0777444
0.0857063
0.0926781
0.0984827
0.102976
0.106051
0.107648
0.107755
0.106418
0.10373
0.0998372
0.0949099
0.0891448
0.0827549
0.0759584
0.0689688
0.0619865
0.0551908
0.048734
0.0427379
0.0372925
0.0324574
0.0282644
0.0247209
0.021814
0.0195139
0.0177767
0.0165467
0.015758
0.0153386
0.0152195
0.0153532
0.0157448
0.0164974
0.0178664
0.0203123
0.0245436
0.0315477
0.0425982
0.05921
0.0830072
0.115483
0.157661
0.20972
0.270713
0.338488
0.4099
0.481233
0.548711
0.608942
0.659212
0.697616
0.723061
0.735202
0.734352
0.721387
0.697655
0.664895
0.625155
0.580686
0.533809
0.486754
0.441486
0.399555
0.362027
0.32931
0.302119
0.279677
0.261351
0.246615
0.234852
0.225486
0.218035
0.212109
0.207394
0.203642
0.200661
0.198298
0.196437
0.194986
0.193874
0.193052
0.192493
0.192138
0.19195
0.191893
0.191942
0.192075
0.192274
0.192525
0.192815
0.193137
0.193483
0.0225711
0.0304664
0.0395801
0.0504653
0.0625301
0.0752483
0.0883698
0.101731
0.115146
0.128417
0.141357
0.153791
0.165549
0.176467
0.186387
0.195182
0.202813
0.20829
0.211432
0.212221
0.210704
0.206994
0.201274
0.193774
0.184779
0.174613
0.163594
0.152035
0.140234
0.128455
0.116925
0.105828
0.0953128
0.0854869
0.0764255
0.0681732
0.0607475
0.0541441
0.0483434
0.0433201
0.0390578
0.0355707
0.0329333
0.0313149
0.0310191
0.0325207
0.036496
0.0438314
0.055594
0.0729469
0.0970021
0.128625
0.168221
0.215548
0.269611
0.328652
0.390263
0.451598
0.509653
0.561566
0.604889
0.637792
0.659172
0.668683
0.66669
0.654164
0.632551
0.603609
0.569248
0.531385
0.491833
0.452238
0.414034
0.37844
0.34633
0.318158
0.294817
0.275773
0.260348
0.247935
0.237979
0.229993
0.223571
0.21839
0.214194
0.210782
0.207999
0.205724
0.203858
0.202335
0.201117
0.200169
0.199435
0.198877
0.198463
0.19817
0.197981
0.19788
0.197857
0.197905
0.0181342
0.0170885
0.0161093
0.0150743
0.0141614
0.0134551
0.0129467
0.0126309
0.0125064
0.0125707
0.0128196
0.0132502
0.0138611
0.0146518
0.0156218
0.0167519
0.018074
0.0221117
0.0286171
0.0369878
0.0466768
0.0572083
0.0681861
0.0792746
0.0896543
0.0983388
0.105084
0.109753
0.112324
0.112933
0.111794
0.109169
0.105335
0.100566
0.0951161
0.0892188
0.0830792
0.0768744
0.0707541
0.0648424
0.0592416
0.0540409
0.0493281
0.0452077
0.0418237
0.0393877
0.0382093
0.0387262
0.0415246
0.0473428
0.0570447
0.0715563
0.091763
0.118376
0.151784
0.19191
0.238105
0.2891
0.34304
0.397619
0.450295
0.498555
0.540175
0.573428
0.597215
0.611096
0.615247
0.610356
0.597482
0.577917
0.553057
0.524319
0.493088
0.46069
0.42837
0.397242
0.368247
0.342024
0.318873
0.29917
0.282798
0.269266
0.258123
0.248948
0.24137
0.235079
0.229823
0.225401
0.221649
0.21844
0.21567
0.213265
0.211195
0.20943
0.207922
0.206637
0.205549
0.204637
0.203886
0.203284
0.0183288
0.0167293
0.0153487
0.0141272
0.0130162
0.0120433
0.0111931
0.0104405
0.009767
0.00916232
0.00861978
0.00813445
0.00770289
0.00732342
0.00699702
0.0067299
0.00653299
0.00642527
0.00642083
0.00653337
0.00678334
0.00719974
0.00781308
0.00866712
0.0108084
0.015731
0.0230032
0.0320564
0.0422859
0.0522165
0.0610377
0.068251
0.0736331
0.0771782
0.0790175
0.0793529
0.078414
0.0764344
0.0736388
0.0702367
0.0664201
0.0623624
0.0582215
0.0541457
0.0502848
0.0468046
0.0439075
0.0418559
0.0409977
0.0417882
0.0448032
0.0507361
0.06037
0.0745226
0.0939608
0.119289
0.150824
0.18846
0.231571
0.278956
0.32888
0.379212
0.427644
0.471949
0.510218
0.541027
0.563516
0.577384
0.582816
0.580385
0.570937
0.555496
0.535195
0.511217
0.484756
0.456976
0.428963
0.401681
0.37591
0.352227
0.330953
0.31215
0.296116
0.282522
0.271026
0.2613
0.253043
0.245998
0.239948
0.234714
0.230154
0.22615
0.22261
0.219466
0.216687
0.214246
0.212107
0.21024
0.208626
0.207247
0.0179309
0.0164282
0.0150504
0.0138012
0.0126875
0.0117162
0.0108651
0.0101179
0.00946276
0.00889138
0.00839811
0.00797911
0.00763178
0.00735404
0.00714381
0.00699865
0.00691579
0.00689275
0.00692724
0.0070162
0.00715439
0.00733375
0.00754476
0.0077827
0.00805231
0.00837562
0.0088069
0.00944997
0.010469
0.0132091
0.0182616
0.0254526
0.0336978
0.0419238
0.0492619
0.0552045
0.0595686
0.062382
0.0637832
0.06396
0.0631164
0.0614566
0.0591769
0.0564637
0.0534945
0.0504449
0.0474982
0.0448608
0.0427813
0.0415717
0.041628
0.0434462
0.0476279
0.0548691
0.0659283
0.0815673
0.102464
0.129101
0.161631
0.199752
0.24262
0.288836
0.336546
0.383637
0.427981
0.467677
0.501223
0.527604
0.546307
0.557268
0.560793
0.557474
0.548108
0.53363
0.515058
0.493443
0.469827
0.4452
0.42046
0.396371
0.373537
0.352375
0.33313
0.315852
0.300739
0.287626
0.276272
0.266434
0.257885
0.250422
0.243877
0.238104
0.232986
0.228428
0.22435
0.220698
0.217444
0.214562
0.212025
0.209813
0.0178702
0.0163654
0.0149531
0.0137073
0.0126221
0.0116919
0.0108968
0.0102265
0.00967704
0.00924857
0.00894274
0.00876023
0.00869903
0.00875357
0.00891457
0.00916955
0.0095037
0.00990091
0.0103448
0.0108193
0.0113098
0.0118036
0.0122911
0.0127676
0.0132343
0.0136942
0.0141432
0.0145625
0.0149174
0.0151548
0.0153021
0.0156319
0.0171004
0.020561
0.0260162
0.0326506
0.0393624
0.0452775
0.0499293
0.0531837
0.0551003
0.0558307
0.055562
0.0544901
0.0528081
0.0507034
0.0483609
0.0459708
0.0437415
0.0419159
0.0407908
0.040736
0.0422112
0.0457748
0.0520805
0.0618559
0.0758559
0.0947874
0.1192
0.14935
0.185057
0.225597
0.269682
0.315558
0.361201
0.404579
0.443874
0.477643
0.5049
0.525112
0.538158
0.544257
0.543895
0.537752
0.526642
0.511458
0.493128
0.472572
0.450669
0.428219
0.405921
0.384342
0.363911
0.344908
0.32749
0.311676
0.297642
0.285241
0.274301
0.264645
0.256105
0.248531
0.241794
0.235783
0.230406
0.225589
0.221268
0.217403
0.213967
0.210937
0.0176455
0.0161917
0.0148107
0.0136093
0.0126201
0.011859
0.0113353
0.011069
0.0110732
0.011346
0.0118687
0.0126086
0.0135222
0.0145607
0.0156749
0.016819
0.0179529
0.0190441
0.0200674
0.0210047
0.0218438
0.0225775
0.0232025
0.0237194
0.0241316
0.0244479
0.0246829
0.0248562
0.0250027
0.0252015
0.0254522
0.0256645
0.0256924
0.0254693
0.0255577
0.0269037
0.0300913
0.0347541
0.03985
0.0444053
0.0478867
0.0501451
0.0512479
0.0513557
0.050658
0.0493459
0.0476047
0.0456158
0.0435652
0.0416568
0.0401285
0.039271
0.0394469
0.0411072
0.0448015
0.0511775
0.0609625
0.0749201
0.0937718
0.118077
0.148079
0.183542
0.22365
0.267009
0.311801
0.356019
0.397734
0.435289
0.46743
0.493338
0.512608
0.525198
0.531356
0.531555
0.526428
0.516714
0.503213
0.486746
0.468121
0.448105
0.4274
0.406616
0.386263
0.366734
0.34831
0.331164
0.31538
0.30099
0.288074
0.276513
0.266182
0.25695
0.248695
0.241306
0.234686
0.228753
0.223438
0.218683
0.214441
0.210679
0.0174715
0.0161153
0.0148931
0.0140907
0.0138678
0.0142918
0.0153553
0.0169944
0.0190895
0.0214912
0.0240488
0.0266298
0.0291279
0.0314647
0.0335872
0.0354632
0.0370771
0.0384253
0.039513
0.0403516
0.0409572
0.0413496
0.0415524
0.0415944
0.0415085
0.0413493
0.0412326
0.0411343
0.0410155
0.0407966
0.0404413
0.0399368
0.0392519
0.0383308
0.0371429
0.0358351
0.0349517
0.0353854
0.0376351
0.0411093
0.0446123
0.0472782
0.0488164
0.0492909
0.0488963
0.0478463
0.0463354
0.0445361
0.0426115
0.0407304
0.0390852
0.0379095
0.0374978
0.0382235
0.0405556
0.0450678
0.0524379
0.0634257
0.0788199
0.099337
0.125466
0.157278
0.19426
0.235267
0.278635
0.322417
0.364667
0.403663
0.438045
0.466871
0.489598
0.506041
0.516303
0.520716
0.519778
0.514102
0.504372
0.491309
0.475636
0.45806
0.439242
0.419782
0.400204
0.380944
0.362346
0.344663
0.328064
0.312644
0.298435
0.28544
0.273693
0.263097
0.253556
0.244975
0.237264
0.230343
0.224138
0.218589
0.213644
0.20926
0.0174194
0.0170983
0.0179381
0.02043
0.0244561
0.0294854
0.0349523
0.0404217
0.0455887
0.0502658
0.0543592
0.0578378
0.0607093
0.0630033
0.064761
0.0660286
0.0668535
0.0672828
0.0673625
0.0671384
0.0666575
0.0659711
0.0651419
0.0642772
0.0633772
0.0623796
0.0611826
0.0598104
0.0582886
0.0566416
0.0548887
0.0530411
0.0510989
0.0490538
0.0469039
0.0446913
0.0425795
0.040979
0.0405974
0.0419656
0.0445512
0.0470002
0.0483789
0.0485615
0.0478241
0.0464907
0.0448041
0.0429322
0.0410046
0.0391463
0.0375028
0.0362597
0.035662
0.0360304
0.0377798
0.0414338
0.047633
0.0571273
0.0707387
0.0892696
0.11334
0.143163
0.178343
0.217809
0.259935
0.30281
0.344524
0.383395
0.418097
0.447702
0.471657
0.489739
0.501991
0.508669
0.510184
0.507055
0.499874
0.489272
0.475893
0.46037
0.443309
0.42527
0.406756
0.388201
0.369966
0.352336
0.335523
0.319674
0.304878
0.291176
0.278571
0.267031
0.256525
0.247026
0.238457
0.230742
0.223812
0.217609
0.21208
0.207179
0.0235509
0.0320932
0.0427362
0.0540262
0.0646938
0.073994
0.0817547
0.0880455
0.0930057
0.0967905
0.0995492
0.101418
0.102516
0.10295
0.102811
0.10218
0.101126
0.099715
0.0980065
0.0960609
0.0939476
0.0917654
0.0894458
0.0868961
0.0841272
0.0811895
0.0781282
0.0749854
0.0717991
0.0686015
0.0654178
0.0622654
0.0591554
0.0560968
0.0531079
0.050235
0.0475856
0.0453935
0.0441096
0.0443411
0.0461564
0.0482353
0.0489699
0.048141
0.0463699
0.0443707
0.0423974
0.0404559
0.0385833
0.0368477
0.035354
0.034248
0.0337711
0.0342105
0.0359556
0.039512
0.0455136
0.0547236
0.0680005
0.0861964
0.109958
0.139462
0.174208
0.213009
0.254183
0.295856
0.336233
0.373773
0.407289
0.435983
0.459391
0.477329
0.48984
0.497149
0.499619
0.497709
0.491939
0.482865
0.471057
0.457078
0.44147
0.424742
0.407354
0.389713
0.372167
0.355001
0.33844
0.322651
0.307749
0.293807
0.280858
0.268909
0.257944
0.247931
0.238827
0.230581
0.22314
0.21645
0.210483
0.205194
0.0755598
0.0981355
0.114028
0.125742
0.134363
0.140535
0.144739
0.147349
0.148656
0.148889
0.148236
0.14685
0.144862
0.142377
0.139479
0.13624
0.132717
0.128967
0.125053
0.121047
0.11689
0.112511
0.107992
0.103395
0.0987691
0.0941617
0.0896111
0.0851487
0.0807989
0.0765803
0.0725051
0.06858
0.064807
0.0611862
0.057726
0.0544683
0.0516617
0.0495072
0.0482467
0.0478743
0.047912
0.0476218
0.0465236
0.0447292
0.0426503
0.0406479
0.038811
0.0371051
0.0355401
0.0341705
0.0330959
0.0324685
0.03252
0.0335459
0.035943
0.0402285
0.0470527
0.0571947
0.0715113
0.0908011
0.115573
0.145787
0.180719
0.21904
0.259082
0.299126
0.33763
0.373106
0.404215
0.430646
0.452128
0.468566
0.480027
0.486725
0.488996
0.487258
0.48198
0.473656
0.462793
0.449887
0.435417
0.419831
0.403539
0.386906
0.37025
0.353835
0.337877
0.322543
0.307956
0.294201
0.281329
0.269365
0.258311
0.248153
0.238865
0.230415
0.222765
0.215875
0.209708
0.204224
0.180183
0.193673
0.201112
0.204995
0.206439
0.206057
0.20427
0.20141
0.197735
0.193441
0.188676
0.183551
0.178209
0.172701
0.167058
0.161317
0.155527
0.149732
0.143907
0.138005
0.132093
0.126207
0.12038
0.114641
0.109009
0.103496
0.0981057
0.0928318
0.0876632
0.0825841
0.0775794
0.0726443
0.0677991
0.0631089
0.0586984
0.0547429
0.051419
0.0487856
0.0467781
0.0452267
0.0438843
0.0425015
0.0409503
0.0392867
0.0376537
0.0361606
0.0348281
0.0336539
0.0326745
0.0319695
0.0316661
0.0319482
0.0330723
0.035373
0.039287
0.0453674
0.0542814
0.0667767
0.0835886
0.105271
0.131984
0.163324
0.19832
0.23559
0.273587
0.31081
0.345922
0.377785
0.4056
0.429041
0.447941
0.462262
0.472018
0.477301
0.478604
0.476334
0.470917
0.462802
0.452437
0.440262
0.42669
0.412112
0.396881
0.381314
0.365687
0.350234
0.335148
0.320582
0.306655
0.293451
0.281026
0.269414
0.258629
0.248668
0.239518
0.231159
0.223564
0.216704
0.210548
0.205066
0.274754
0.273447
0.269642
0.263974
0.257159
0.249697
0.241919
0.234035
0.226161
0.218352
0.210628
0.202997
0.19547
0.188052
0.180729
0.173441
0.166191
0.158954
0.15174
0.144547
0.137372
0.130215
0.123074
0.115946
0.108835
0.101754
0.0947347
0.0878247
0.0810935
0.0746285
0.0685283
0.0628914
0.0578033
0.0533254
0.0494889
0.0462915
0.0436942
0.0416182
0.0399558
0.0385844
0.0373846
0.036266
0.0351925
0.0341843
0.0332869
0.0325412
0.0319788
0.0316466
0.0316272
0.0320456
0.0330761
0.0349527
0.03798
0.0425419
0.0491093
0.0582333
0.0705124
0.086522
0.106697
0.131186
0.159724
0.191596
0.22572
0.260818
0.295587
0.328841
0.359576
0.387027
0.410703
0.430374
0.445947
0.457427
0.4649
0.468559
0.468656
0.465513
0.459613
0.451401
0.441287
0.429652
0.416854
0.403221
0.38905
0.374608
0.360126
0.345801
0.331797
0.318247
0.305255
0.292897
0.281227
0.270279
0.260072
0.250609
0.241886
0.233888
0.226599
0.219996
0.214056
0.208757
0.292947
0.287782
0.279423
0.269415
0.258747
0.247962
0.23734
0.226991
0.216923
0.20709
0.19742
0.187829
0.178306
0.168948
0.159793
0.150859
0.1421
0.133507
0.12509
0.116875
0.10889
0.101168
0.0937426
0.0866541
0.079941
0.0736412
0.0677885
0.062411
0.0575296
0.053156
0.0492922
0.0459297
0.04305
0.0406251
0.0386184
0.0369862
0.0356791
0.0346439
0.033828
0.0331845
0.0326784
0.0322925
0.0320323
0.0319237
0.0320082
0.0323396
0.0329885
0.0340529
0.0356664
0.0380046
0.0412909
0.0458019
0.0518703
0.0598809
0.0702567
0.0834267
0.0997711
0.119544
0.142785
0.169245
0.198363
0.229307
0.261079
0.29264
0.323013
0.351361
0.377018
0.399516
0.418575
0.434069
0.445979
0.454362
0.45934
0.461098
0.459839
0.455737
0.449252
0.440858
0.430926
0.41979
0.407747
0.39507
0.382001
0.368755
0.355521
0.342457
0.329697
0.317349
0.305499
0.294212
0.283532
0.273492
0.264107
0.255385
0.247322
0.239911
0.233138
0.226986
0.221437
0.216473
0.22965
0.220409
0.208374
0.195815
0.183502
0.171764
0.16073
0.15043
0.140853
0.131969
0.123739
0.116125
0.109038
0.102348
0.0960166
0.0900309
0.0843762
0.0790421
0.0740202
0.0693051
0.0648939
0.060785
0.0569774
0.0534704
0.0502622
0.0473504
0.0447312
0.0423995
0.0403484
0.0385696
0.0370531
0.0357877
0.034761
0.0339598
0.0333707
0.0329808
0.0327788
0.0327559
0.0329083
0.0332386
0.0337591
0.0344938
0.0354802
0.0367712
0.038436
0.0405628
0.0432625
0.0466733
0.0509639
0.0563353
0.0630203
0.0712793
0.081391
0.0936345
0.108262
0.125461
0.145308
0.167723
0.192437
0.218983
0.246726
0.274921
0.302792
0.329596
0.354686
0.377535
0.397753
0.415086
0.429402
0.440665
0.448912
0.454232
0.456753
0.45662
0.453957
0.448883
0.441879
0.43338
0.423706
0.413136
0.401912
0.390253
0.378351
0.366373
0.354467
0.342756
0.331345
0.320316
0.309736
0.299656
0.290111
0.281126
0.272713
0.264878
0.257619
0.250929
0.244795
0.239206
0.234144
0.229595
0.114346
0.10865
0.102622
0.0969849
0.0918151
0.0870674
0.0826953
0.0786598
0.074926
0.0714627
0.0682431
0.0652443
0.062446
0.0598301
0.057383
0.0550945
0.0529571
0.0509658
0.0491171
0.047409
0.0458407
0.044412
0.0431238
0.0419772
0.0409739
0.040116
0.0394057
0.0388461
0.0384403
0.0381922
0.0381061
0.0381876
0.0384432
0.0388811
0.0395114
0.0403471
0.0414046
0.0427049
0.0442745
0.046147
0.0483647
0.0509798
0.0540561
0.0576705
0.0619143
0.066894
0.0727324
0.0795681
0.0875535
0.0968505
0.107624
0.12003
0.134202
0.150232
0.16815
0.187898
0.209315
0.232129
0.255953
0.280314
0.30468
0.328506
0.351271
0.372515
0.391859
0.409016
0.423791
0.436077
0.44584
0.453104
0.457937
0.460431
0.460686
0.458776
0.454696
0.448761
0.441404
0.43295
0.423657
0.413746
0.403408
0.392809
0.382097
0.371397
0.36082
0.350456
0.340383
0.330662
0.321341
0.312456
0.304032
0.296087
0.288628
0.281657
0.275172
0.269165
0.263626
0.258543
0.253901
0.249688
0.0943666
0.0917086
0.0889706
0.0863736
0.0839314
0.0816376
0.0794842
0.077464
0.0755707
0.0737991
0.072145
0.0706054
0.0691781
0.0678622
0.0666573
0.0655638
0.064583
0.0637165
0.0629669
0.0623376
0.0618325
0.0614566
0.0612155
0.0611158
0.0611652
0.0613721
0.0617465
0.0622992
0.0630426
0.0639907
0.0651592
0.0665657
0.0682303
0.0701753
0.0724263
0.075012
0.0779652
0.0813226
0.0851262
0.089423
0.094266
0.0997145
0.105834
0.112696
0.120377
0.128958
0.138522
0.14915
0.160916
0.173881
0.188089
0.203551
0.220243
0.238091
0.256968
0.276686
0.296999
0.31761
0.33818
0.358354
0.377773
0.396103
0.413047
0.428361
0.44186
0.453417
0.462964
0.470484
0.475998
0.47956
0.481231
0.481067
0.479098
0.475257
0.469808
0.463106
0.455425
0.447
0.438024
0.428661
0.419052
0.40932
0.399572
0.389897
0.380374
0.371066
0.362028
0.353301
0.344917
0.336901
0.329269
0.32203
0.315189
0.308746
0.302697
0.297034
0.29175
0.286833
0.282272
0.278056
0.166443
0.164787
0.16296
0.161155
0.159399
0.157703
0.156071
0.154509
0.153023
0.15162
0.150306
0.149088
0.147974
0.146971
0.146087
0.145331
0.144712
0.14424
0.143925
0.143778
0.14381
0.144034
0.144463
0.145112
0.145996
0.147131
0.148535
0.150227
0.152227
0.154556
0.157238
0.160296
0.163757
0.167648
0.171997
0.176835
0.182193
0.188104
0.194601
0.201717
0.209487
0.217942
0.227114
0.237031
0.247715
0.259184
0.271442
0.284486
0.298293
0.312824
0.328015
0.343779
0.360001
0.376538
0.393219
0.409851
0.426224
0.442116
0.457304
0.471576
0.484738
0.496619
0.507085
0.516035
0.523405
0.529164
0.533315
0.535883
0.53691
0.536435
0.534484
0.531029
0.526048
0.519799
0.512547
0.504503
0.495853
0.486755
0.477346
0.46774
0.458036
0.448318
0.43866
0.429123
0.419758
0.41061
0.401713
0.393093
0.384772
0.376765
0.369081
0.361725
0.3547
0.348005
0.341634
0.335584
0.329846
0.324414
0.319278
0.314432
0.300667
0.301146
0.30174
0.302372
0.303028
0.303709
0.304421
0.30517
0.305965
0.306814
0.307726
0.308711
0.309779
0.310943
0.312215
0.313607
0.315133
0.316807
0.318646
0.320665
0.32288
0.325311
0.327975
0.330891
0.33408
0.337561
0.341357
0.345487
0.349973
0.354836
0.360097
0.365776
0.371892
0.378463
0.385504
0.393029
0.401047
0.409566
0.418588
0.428111
0.438126
0.44862
0.45957
0.470946
0.482711
0.494815
0.507199
0.519794
0.532517
0.545275
0.557964
0.570468
0.582663
0.594418
0.605601
0.616077
0.625716
0.634395
0.642006
0.648454
0.653662
0.657574
0.660155
0.661391
0.661285
0.659858
0.65714
0.65317
0.647981
0.6416
0.633963
0.625214
0.615617
0.605344
0.594548
0.583367
0.571923
0.560319
0.548646
0.536979
0.525383
0.513912
0.502614
0.491528
0.480684
0.470109
0.459824
0.449844
0.44018
0.43084
0.421827
0.413142
0.404786
0.396755
0.389044
0.381648
0.374562
0.367778
0.36129
0.355092
0.441447
0.44455
0.448459
0.45263
0.456934
0.461344
0.465858
0.47048
0.475217
0.480077
0.485069
0.4902
0.495481
0.500921
0.506531
0.512322
0.518305
0.524491
0.530894
0.537525
0.544398
0.551523
0.558916
0.566586
0.574547
0.582809
0.591382
0.600274
0.609492
0.61904
0.62892
0.639129
0.649662
0.660509
0.671653
0.683075
0.694746
0.706633
0.718694
0.730882
0.743139
0.755401
0.767598
0.779649
0.791471
0.802971
0.814052
0.824615
0.834558
0.843776
0.852169
0.859638
0.86609
0.871439
0.87561
0.878537
0.880169
0.880468
0.879409
0.876983
0.873193
0.868057
0.861602
0.853864
0.844886
0.834713
0.823389
0.810957
0.797464
0.782871
0.767548
0.751804
0.735763
0.719535
0.703224
0.686924
0.670713
0.654661
0.638823
0.623247
0.607973
0.593033
0.578452
0.564251
0.550444
0.537044
0.524057
0.511487
0.499335
0.487602
0.476282
0.465372
0.454866
0.444755
0.435033
0.42569
0.416718
0.408108
0.399851
0.391939
0.530613
0.535481
0.541736
0.548483
0.555495
0.562716
0.570139
0.577767
0.585607
0.59367
0.601965
0.6105
0.619287
0.628335
0.637655
0.647257
0.657152
0.667348
0.677857
0.688688
0.699847
0.711344
0.723184
0.735371
0.747908
0.760795
0.774028
0.787602
0.801505
0.815724
0.830237
0.845019
0.860037
0.875251
0.890615
0.906074
0.921563
0.937011
0.952336
0.967449
0.982253
0.996644
1.01051
1.02374
1.0362
1.04779
1.05838
1.06786
1.07611
1.08302
1.08851
1.0925
1.09491
1.09569
1.09481
1.09224
1.08799
1.08207
1.07451
1.06535
1.05464
1.04244
1.02882
1.01384
0.997577
0.980079
0.961403
0.941611
0.920721
0.899042
0.877176
0.855283
0.833458
0.811798
0.790388
0.769301
0.748595
0.72832
0.708514
0.689207
0.670423
0.652177
0.634482
0.617345
0.600766
0.584748
0.569284
0.554371
0.54
0.526162
0.512846
0.500041
0.487734
0.475912
0.464563
0.453672
0.443227
0.433214
0.42362
0.414433
0.0237316
0.0237338
0.0237307
0.0237232
0.0237118
0.0236967
0.023678
0.023656
0.0236309
0.0236027
0.0235716
0.0235377
0.0235011
0.0234619
0.02342
0.0233756
0.0233286
0.0232791
0.023227
0.0231724
0.0231153
0.0230556
0.0229933
0.0229284
0.0228608
0.0227905
0.0227174
0.0226415
0.0225628
0.0224812
0.0223967
0.0223092
0.0222186
0.0221249
0.0220281
0.0219281
0.0218248
0.0217183
0.0216084
0.0214952
0.0213785
0.0212585
0.0211349
0.0210079
0.0208773
0.0207432
0.0206056
0.0204643
0.0203195
0.0201711
0.020019
0.0198634
0.0197041
0.0195412
0.0193747
0.0192046
0.0190308
0.0188535
0.0186725
0.0184879
0.0182997
0.0181079
0.0179125
0.0177134
0.0175107
0.0173043
0.0170942
0.0168804
0.0166628
0.0164413
0.016216
0.0159867
0.0157532
0.0155155
0.0152735
0.0150269
0.0147756
0.0145192
0.0142576
0.0139903
0.013717
0.0134372
0.0131502
0.0128556
0.0125523
0.0122395
0.0119159
0.0115801
0.01123
0.0108635
0.0104773
0.0100674
0.00962815
0.00915163
0.00862618
0.00803362
0.00734362
0.00650186
0.00541192
0.00419642
0.0298423
0.0295967
0.0293634
0.0291412
0.0289294
0.0287272
0.0285339
0.0283488
0.0281712
0.0280006
0.0278362
0.0276776
0.0275242
0.0273754
0.0272307
0.0270898
0.026952
0.0268171
0.0266846
0.0265541
0.0264253
0.0262978
0.0261714
0.0260457
0.0259205
0.0257955
0.0256705
0.0255453
0.0254196
0.0252933
0.0251662
0.0250382
0.0249091
0.0247787
0.024647
0.0245138
0.024379
0.0242426
0.0241044
0.0239644
0.0238225
0.0236787
0.0235329
0.023385
0.023235
0.0230828
0.0229285
0.022772
0.0226133
0.0224524
0.0222892
0.0221237
0.0219559
0.0217858
0.0216134
0.0214387
0.0212616
0.0210822
0.0209003
0.0207161
0.0205294
0.0203402
0.0201485
0.0199543
0.0197574
0.0195578
0.0193555
0.0191503
0.0189421
0.0187308
0.0185163
0.0182983
0.0180766
0.0178511
0.0176214
0.0173872
0.0171481
0.0169037
0.0166536
0.016397
0.0161335
0.0158621
0.0155819
0.0152919
0.0149909
0.0146771
0.0143489
0.0140039
0.0136394
0.0132518
0.0128367
0.0123881
0.0118982
0.0113559
0.0107447
0.0100391
0.0091957
0.00813233
0.00667841
0.0047922
0.0388512
0.0384845
0.0381431
0.0378234
0.0375237
0.0372424
0.036978
0.036729
0.0364939
0.0362714
0.0360602
0.0358592
0.0356672
0.0354832
0.0353063
0.0351356
0.0349702
0.0348094
0.0346525
0.0344989
0.0343481
0.0341994
0.0340524
0.0339068
0.033762
0.0336178
0.0334739
0.0333299
0.0331856
0.0330408
0.0328953
0.0327489
0.0326014
0.0324528
0.0323028
0.0321515
0.0319986
0.0318441
0.031688
0.0315301
0.0313704
0.031209
0.0310456
0.0308804
0.0307132
0.0305441
0.0303729
0.0301997
0.0300245
0.0298472
0.0296678
0.0294862
0.0293024
0.0291164
0.0289281
0.0287374
0.0285443
0.0283487
0.0281506
0.0279497
0.0277461
0.0275395
0.0273299
0.027117
0.0269008
0.0266809
0.0264572
0.0262294
0.0259973
0.0257604
0.0255185
0.0252712
0.0250181
0.0247586
0.0244922
0.0242183
0.0239363
0.0236453
0.0233445
0.0230329
0.0227095
0.0223729
0.0220217
0.0216542
0.0212684
0.020862
0.0204322
0.0199756
0.0194882
0.0189647
0.0183985
0.0177812
0.017101
0.0163415
0.0154788
0.0144744
0.013262
0.0117093
0.00950104
0.00599783
0.0478532
0.0474195
0.0470166
0.0466402
0.0462881
0.0459582
0.0456488
0.0453579
0.0450839
0.0448252
0.0445804
0.0443479
0.0441266
0.0439152
0.0437126
0.0435177
0.0433298
0.0431477
0.0429709
0.0427985
0.0426299
0.0424645
0.0423017
0.0421411
0.0419822
0.0418245
0.0416678
0.0415116
0.0413557
0.0411998
0.0410436
0.040887
0.0407297
0.0405714
0.0404122
0.0402517
0.0400899
0.0399266
0.0397618
0.0395952
0.0394267
0.0392564
0.039084
0.0389095
0.0387328
0.0385538
0.0383723
0.0381884
0.0380018
0.0378126
0.0376205
0.0374254
0.0372274
0.0370261
0.0368215
0.0366134
0.0364017
0.0361863
0.0359668
0.0357431
0.0355151
0.0352824
0.0350449
0.0348021
0.034554
0.0343001
0.03404
0.0337735
0.0335
0.0332191
0.0329304
0.0326333
0.0323271
0.0320113
0.0316851
0.0313476
0.0309981
0.0306354
0.0302585
0.0298662
0.0294568
0.029029
0.0285806
0.0281097
0.0276136
0.0270894
0.0265335
0.0259416
0.0253084
0.0246273
0.0238899
0.0230851
0.0221979
0.0212074
0.0200823
0.0187731
0.017194
0.0151727
0.0122937
0.00764295
0.0566867
0.0562151
0.0557773
0.0553682
0.0549857
0.0546276
0.054292
0.0539769
0.0536805
0.0534012
0.0531373
0.0528873
0.0526497
0.0524234
0.052207
0.0519994
0.0517996
0.0516066
0.0514195
0.0512375
0.0510598
0.0508859
0.050715
0.0505465
0.05038
0.050215
0.050051
0.0498876
0.0497245
0.0495613
0.0493978
0.0492335
0.0490684
0.0489021
0.0487344
0.0485652
0.0483941
0.0482211
0.048046
0.0478686
0.0476887
0.0475062
0.0473209
0.0471328
0.0469416
0.0467472
0.0465495
0.0463483
0.0461435
0.0459349
0.0457223
0.0455057
0.0452848
0.0450594
0.0448294
0.0445945
0.0443545
0.0441093
0.0438584
0.0436018
0.0433392
0.0430701
0.0427943
0.0425115
0.0422213
0.0419232
0.0416169
0.0413019
0.0409777
0.0406436
0.0402991
0.0399436
0.0395763
0.0391964
0.038803
0.0383952
0.0379719
0.0375317
0.0370735
0.0365957
0.0360965
0.035574
0.0350258
0.0344494
0.0338417
0.0331991
0.0325173
0.031791
0.0310137
0.0301776
0.0292722
0.0282842
0.0271953
0.0259799
0.0245998
0.0229947
0.0210592
0.0185814
0.0150445
0.00923507
0.0649579
0.0644661
0.0640099
0.0635839
0.0631859
0.0628137
0.0624653
0.0621385
0.0618316
0.0615428
0.0612702
0.0610125
0.0607679
0.0605352
0.0603131
0.0601003
0.0598957
0.0596983
0.0595071
0.0593212
0.0591398
0.0589623
0.0587878
0.0586157
0.0584455
0.0582766
0.0581086
0.057941
0.0577734
0.0576053
0.0574365
0.0572667
0.0570954
0.0569225
0.0567477
0.0565707
0.0563913
0.0562093
0.0560245
0.0558366
0.0556455
0.055451
0.0552529
0.0550511
0.0548453
0.0546353
0.0544211
0.0542023
0.0539789
0.0537506
0.0535172
0.0532785
0.0530344
0.0527845
0.0525287
0.0522667
0.0519982
0.0517229
0.0514407
0.0511511
0.0508538
0.0505485
0.0502347
0.0499122
0.0495803
0.0492387
0.0488869
0.0485242
0.0481501
0.0477639
0.047365
0.0469525
0.0465255
0.0460832
0.0456245
0.0451483
0.0446532
0.0441379
0.0436009
0.0430402
0.0424539
0.0418396
0.0411948
0.0405163
0.0398005
0.0390432
0.0382394
0.0373829
0.0364662
0.0354798
0.0344118
0.0332462
0.0319618
0.0305282
0.0289007
0.0270081
0.0247259
0.0218039
0.0176279
0.0107287
0.0728328
0.0723352
0.0718734
0.0714423
0.0710394
0.0706627
0.07031
0.0699794
0.069669
0.0693769
0.0691014
0.0688409
0.0685939
0.0683589
0.0681346
0.0679197
0.0677131
0.0675137
0.0673205
0.0671326
0.0669491
0.0667692
0.0665922
0.0664175
0.0662443
0.0660722
0.0659006
0.065729
0.065557
0.0653842
0.0652101
0.0650345
0.0648569
0.0646772
0.0644949
0.0643097
0.0641216
0.0639301
0.0637351
0.0635363
0.0633335
0.0631265
0.062915
0.0626989
0.062478
0.062252
0.0620207
0.0617839
0.0615414
0.061293
0.0610384
0.0607774
0.0605098
0.0602352
0.0599535
0.0596642
0.0593672
0.059062
0.0587484
0.058426
0.0580944
0.0577532
0.0574019
0.0570402
0.0566673
0.0562829
0.0558864
0.055477
0.0550542
0.0546171
0.054165
0.0536969
0.053212
0.052709
0.0521869
0.0516444
0.0510799
0.050492
0.0498787
0.0492381
0.0485679
0.0478654
0.0471277
0.0463512
0.0455318
0.0446648
0.0437444
0.0427636
0.0417139
0.0405845
0.0393618
0.0380277
0.0365577
0.0349175
0.0330559
0.0308915
0.0282817
0.0249393
0.0201547
0.0121808
0.0803156
0.0798219
0.0793637
0.0789357
0.0785356
0.0781615
0.0778111
0.0774826
0.077174
0.0768836
0.0766096
0.0763504
0.0761045
0.0758704
0.0756468
0.0754325
0.0752262
0.0750268
0.0748334
0.074645
0.0744607
0.0742797
0.0741012
0.0739246
0.0737493
0.0735745
0.0733998
0.0732247
0.0730487
0.0728713
0.0726922
0.0725109
0.0723271
0.0721405
0.0719507
0.0717574
0.0715604
0.0713594
0.0711541
0.0709443
0.0707297
0.0705101
0.0702851
0.0700547
0.0698186
0.0695764
0.069328
0.0690732
0.0688117
0.0685431
0.0682674
0.0679841
0.067693
0.0673939
0.0670863
0.06677
0.0664446
0.0661098
0.0657652
0.0654103
0.0650447
0.064668
0.0642797
0.0638792
0.063466
0.0630394
0.0625989
0.0621436
0.0616728
0.0611857
0.0606813
0.0601588
0.0596169
0.0590545
0.0584703
0.0578628
0.0572305
0.0565715
0.0558838
0.0551652
0.0544131
0.0536246
0.0527963
0.0519244
0.0510042
0.0500305
0.0489969
0.0478954
0.0467167
0.0454487
0.0440762
0.0425788
0.0409294
0.0390893
0.0370012
0.0345737
0.0316466
0.0278967
0.0225225
0.0135324
0.0874781
0.0869962
0.0865486
0.0861302
0.0857389
0.0853726
0.0850293
0.0847071
0.0844042
0.0841189
0.0838495
0.0835943
0.0833519
0.0831209
0.0828999
0.0826877
0.082483
0.0822849
0.0820922
0.0819041
0.0817197
0.0815381
0.0813586
0.0811805
0.0810031
0.0808258
0.080648
0.0804693
0.0802891
0.080107
0.0799225
0.0797353
0.079545
0.0793512
0.0791535
0.0789518
0.0787455
0.0785345
0.0783185
0.0780972
0.0778703
0.0776376
0.0773987
0.0771535
0.0769016
0.0766429
0.076377
0.0761036
0.0758226
0.0755335
0.0752362
0.0749302
0.0746154
0.0742912
0.0739575
0.0736139
0.0732599
0.0728951
0.0725192
0.0721317
0.071732
0.0713197
0.0708943
0.070455
0.0700014
0.0695327
0.0690483
0.0685472
0.0680288
0.0674919
0.0669358
0.0663592
0.065761
0.0651398
0.0644943
0.0638229
0.0631238
0.062395
0.0616343
0.0608393
0.0600072
0.0591347
0.0582183
0.0572537
0.0562358
0.0551589
0.0540158
0.0527982
0.0514956
0.0500948
0.048579
0.0469261
0.045106
0.0430765
0.0407743
0.0380988
0.0348733
0.0307404
0.02481
0.0148318
0.0943456
0.0938814
0.0934499
0.0930461
0.092668
0.0923137
0.0919813
0.091669
0.091375
0.0910976
0.0908352
0.0905863
0.0903494
0.0901231
0.0899062
0.0896973
0.0894955
0.0892995
0.0891083
0.0889212
0.088737
0.0885552
0.0883748
0.0881953
0.0880158
0.0878359
0.087655
0.0874724
0.0872878
0.0871006
0.0869105
0.0867169
0.0865195
0.086318
0.0861119
0.085901
0.0856849
0.0854633
0.0852359
0.0850024
0.0847625
0.0845159
0.0842624
0.0840016
0.0837333
0.0834571
0.0831729
0.0828803
0.0825789
0.0822686
0.0819488
0.0816194
0.08128
0.0809302
0.0805696
0.0801978
0.0798144
0.079419
0.0790111
0.0785902
0.0781558
0.0777072
0.077244
0.0767655
0.0762709
0.0757596
0.0752307
0.0746835
0.0741169
0.0735301
0.0729219
0.0722911
0.0716364
0.0709565
0.0702498
0.0695146
0.0687489
0.0679507
0.0671177
0.066247
0.0653358
0.0643805
0.0633773
0.0623215
0.0612078
0.0600298
0.0587799
0.0574491
0.0560258
0.0544961
0.0528415
0.0510383
0.0490537
0.0468417
0.0443336
0.04142
0.0379082
0.0334079
0.0269447
0.0160361
0.100951
0.100509
0.100098
0.0997133
0.0993522
0.0990133
0.0986948
0.098395
0.0981123
0.097845
0.0975915
0.0973505
0.0971205
0.0969002
0.0966883
0.0964837
0.0962853
0.096092
0.0959028
0.0957168
0.0955331
0.0953511
0.0951698
0.0949886
0.0948069
0.0946241
0.0944395
0.0942527
0.0940631
0.0938702
0.0936737
0.093473
0.0932679
0.0930579
0.0928425
0.0926216
0.0923948
0.0921616
0.0919219
0.0916753
0.0914214
0.09116
0.0908908
0.0906134
0.0903277
0.0900331
0.0897295
0.0894165
0.0890938
0.0887611
0.0884179
0.088064
0.087699
0.0873224
0.0869339
0.0865329
0.0861192
0.0856921
0.0852512
0.084796
0.0843258
0.0838401
0.0833383
0.0828195
0.0822832
0.0817285
0.0811545
0.0805604
0.0799452
0.0793077
0.078647
0.0779616
0.0772502
0.0765113
0.0757432
0.0749442
0.0741122
0.073245
0.07234
0.0713944
0.0704049
0.069368
0.0682793
0.0671341
0.0659265
0.0646499
0.0632961
0.0618554
0.0603157
0.0586617
0.0568741
0.054927
0.0527857
0.0504006
0.0476982
0.0445605
0.0407802
0.0359364
0.0289744
0.0171758
0.107309
0.106894
0.106507
0.106144
0.105803
0.105482
0.10518
0.104895
0.104626
0.10437
0.104127
0.103895
0.103673
0.10346
0.103254
0.103054
0.10286
0.102669
0.102482
0.102298
0.102114
0.101932
0.101749
0.101566
0.101382
0.101196
0.101007
0.100815
0.10062
0.100421
0.100217
0.100009
0.0997949
0.0995755
0.09935
0.0991181
0.0988795
0.0986339
0.0983807
0.0981199
0.097851
0.0975736
0.0972876
0.0969926
0.0966881
0.096374
0.0960499
0.0957153
0.0953701
0.0950138
0.094646
0.0942663
0.0938744
0.0934699
0.0930522
0.0926209
0.0921756
0.0917156
0.0912406
0.0907499
0.0902428
0.0897188
0.0891771
0.0886171
0.0880379
0.0874388
0.0868187
0.0861768
0.0855119
0.084823
0.0841088
0.0833681
0.0825993
0.0818008
0.080971
0.0801078
0.0792092
0.0782727
0.0772958
0.0762753
0.075208
0.07409
0.0729167
0.0716831
0.0703832
0.0690097
0.0675542
0.0660062
0.0643531
0.0625786
0.0606623
0.0585767
0.0562849
0.0537343
0.0508465
0.0474958
0.043461
0.0382921
0.0308587
0.0182278
0.113434
0.113049
0.112689
0.112351
0.112032
0.111732
0.111448
0.111179
0.110925
0.110682
0.110451
0.110229
0.110016
0.10981
0.109611
0.109416
0.109226
0.109039
0.108854
0.10867
0.108487
0.108304
0.10812
0.107935
0.107747
0.107557
0.107363
0.107166
0.106964
0.106758
0.106546
0.106329
0.106106
0.105876
0.105639
0.105395
0.105144
0.104885
0.104617
0.104341
0.104056
0.103761
0.103457
0.103143
0.102819
0.102484
0.102138
0.10178
0.101411
0.10103
0.100636
0.10023
0.0998094
0.0993756
0.0989274
0.0984644
0.0979861
0.097492
0.0969815
0.0964539
0.0959087
0.0953451
0.0947625
0.0941599
0.0935367
0.0928919
0.0922246
0.0915338
0.0908183
0.090077
0.0893086
0.0885117
0.0876847
0.0868261
0.0859339
0.0850062
0.0840407
0.083035
0.0819862
0.0808912
0.0797465
0.0785481
0.0772912
0.0759706
0.0745798
0.0731115
0.0715566
0.0699044
0.0681414
0.0662507
0.0642107
0.0619927
0.0595577
0.0568502
0.0537877
0.0502373
0.0459651
0.040494
0.0326227
0.0192091
0.119331
0.118979
0.118649
0.118338
0.118043
0.117765
0.117501
0.11725
0.117012
0.116783
0.116564
0.116354
0.11615
0.115952
0.115759
0.11557
0.115384
0.1152
0.115017
0.114834
0.114651
0.114467
0.114281
0.114093
0.113902
0.113707
0.113508
0.113304
0.113095
0.11288
0.11266
0.112433
0.112199
0.111958
0.111709
0.111452
0.111186
0.110912
0.110629
0.110336
0.110033
0.109721
0.109397
0.109063
0.108717
0.10836
0.107991
0.10761
0.107215
0.106808
0.106387
0.105952
0.105502
0.105038
0.104558
0.104062
0.103549
0.10302
0.102473
0.101907
0.101322
0.100718
0.100093
0.0994472
0.098779
0.0980876
0.0973721
0.0966315
0.0958646
0.0950702
0.0942468
0.0933932
0.0925076
0.0915883
0.0906335
0.0896411
0.0886086
0.0875337
0.0864132
0.0852441
0.0840226
0.0827445
0.081405
0.0799985
0.0785184
0.0769571
0.0753051
0.0735512
0.0716814
0.0696781
0.0675188
0.0651735
0.0626015
0.0597448
0.0565168
0.0527785
0.048284
0.0425317
0.0342542
0.0201125
0.125006
0.124688
0.12439
0.124107
0.123839
0.123584
0.123342
0.12311
0.122888
0.122674
0.122469
0.122269
0.122075
0.121885
0.121699
0.121516
0.121334
0.121152
0.120971
0.120789
0.120606
0.12042
0.120231
0.12004
0.119844
0.119644
0.119438
0.119227
0.11901
0.118787
0.118556
0.118319
0.118073
0.117819
0.117557
0.117286
0.117005
0.116715
0.116415
0.116105
0.115783
0.115451
0.115107
0.114751
0.114384
0.114003
0.11361
0.113203
0.112782
0.112347
0.111898
0.111433
0.110953
0.110457
0.109944
0.109414
0.108866
0.1083
0.107715
0.107111
0.106486
0.10584
0.105172
0.104481
0.103767
0.103028
0.102264
0.101473
0.100654
0.0998055
0.0989267
0.0980157
0.0970711
0.0960909
0.0950732
0.0940158
0.0929164
0.0917722
0.0905803
0.0893373
0.0880394
0.0866824
0.0852611
0.0837698
0.0822018
0.080549
0.0788018
0.0769485
0.0749746
0.0728619
0.0705871
0.068119
0.0654153
0.0624159
0.0590305
0.0551144
0.0504111
0.0443964
0.0357432
0.0209416
0.13113
0.130849
0.130584
0.130331
0.13009
0.129859
0.129638
0.129424
0.129219
0.129019
0.128825
0.128636
0.12845
0.128267
0.128085
0.127904
0.127724
0.127543
0.12736
0.127175
0.126988
0.126797
0.126603
0.126404
0.126199
0.125989
0.125773
0.125551
0.125321
0.125084
0.124839
0.124585
0.124323
0.124052
0.123771
0.12348
0.123179
0.122867
0.122544
0.12221
0.121864
0.121506
0.121136
0.120752
0.120355
0.119945
0.11952
0.119081
0.118628
0.118158
0.117673
0.117172
0.116654
0.116118
0.115565
0.114993
0.114402
0.113792
0.113161
0.112509
0.111836
0.11114
0.110421
0.109677
0.108908
0.108113
0.107291
0.106441
0.105561
0.10465
0.103706
0.102729
0.101716
0.100666
0.0995762
0.0984447
0.0972691
0.0960465
0.0947739
0.0934479
0.0920646
0.0906195
0.0891075
0.0875225
0.0858578
0.0841049
0.082254
0.080293
0.078207
0.0759771
0.073579
0.0709808
0.0681384
0.0649895
0.0614405
0.0573409
0.0524245
0.0461461
0.0371244
0.021692
0.137819
0.137585
0.137362
0.137148
0.136941
0.136741
0.136547
0.136358
0.136174
0.135993
0.135816
0.13564
0.135466
0.135292
0.135118
0.134943
0.134766
0.134587
0.134405
0.13422
0.13403
0.133835
0.133635
0.133429
0.133217
0.132997
0.132771
0.132537
0.132294
0.132043
0.131783
0.131513
0.131233
0.130943
0.130643
0.130331
0.130008
0.129673
0.129327
0.128967
0.128595
0.12821
0.127811
0.127398
0.12697
0.126528
0.12607
0.125597
0.125107
0.124601
0.124078
0.123538
0.122979
0.122402
0.121805
0.121189
0.120552
0.119894
0.119215
0.118513
0.117788
0.117039
0.116265
0.115465
0.114639
0.113784
0.112901
0.111988
0.111043
0.110066
0.109055
0.108007
0.106923
0.105799
0.104633
0.103424
0.102168
0.100863
0.0995059
0.0980929
0.0966201
0.0950828
0.0934758
0.0917929
0.0900269
0.0881693
0.0862098
0.0841358
0.081932
0.0795786
0.0770507
0.0743147
0.0713249
0.0680164
0.0642914
0.059993
0.0548423
0.0482685
0.03882
0.0226098
0.144174
0.143988
0.143809
0.143634
0.143462
0.143294
0.143129
0.142965
0.142803
0.142642
0.142482
0.14232
0.142158
0.141994
0.141828
0.141658
0.141485
0.141308
0.141127
0.14094
0.140747
0.140548
0.140342
0.14013
0.139909
0.13968
0.139443
0.139196
0.13894
0.138675
0.138399
0.138112
0.137815
0.137506
0.137185
0.136852
0.136507
0.136149
0.135778
0.135393
0.134994
0.134581
0.134153
0.13371
0.133252
0.132777
0.132286
0.131778
0.131253
0.130711
0.130149
0.12957
0.12897
0.128351
0.127712
0.127051
0.126369
0.125664
0.124936
0.124184
0.123408
0.122606
0.121778
0.120923
0.120039
0.119126
0.118182
0.117207
0.116199
0.115156
0.114078
0.112962
0.111806
0.11061
0.109369
0.108084
0.106749
0.105364
0.103924
0.102425
0.100865
0.0992375
0.0975376
0.0957589
0.0938941
0.0919342
0.0898688
0.0876848
0.0853664
0.0828934
0.0802395
0.0773704
0.0742386
0.0707767
0.0668833
0.0623953
0.0570228
0.0501713
0.0403267
0.0234208
0.150172
0.150034
0.149898
0.149762
0.149625
0.149488
0.149351
0.149212
0.149072
0.14893
0.148785
0.148637
0.148486
0.148331
0.148171
0.148007
0.147837
0.147661
0.147479
0.14729
0.147093
0.146889
0.146677
0.146456
0.146225
0.145986
0.145737
0.145477
0.145207
0.144926
0.144634
0.144329
0.144013
0.143684
0.143343
0.142988
0.14262
0.142238
0.141842
0.141431
0.141005
0.140564
0.140107
0.139633
0.139143
0.138637
0.138112
0.13757
0.137009
0.136429
0.13583
0.135211
0.134572
0.133911
0.133229
0.132524
0.131797
0.131046
0.13027
0.12947
0.128643
0.12779
0.126909
0.125999
0.12506
0.124089
0.123087
0.122052
0.120982
0.119876
0.118733
0.117551
0.116327
0.115061
0.113749
0.11239
0.110981
0.109519
0.108
0.106421
0.104777
0.103065
0.101277
0.0994086
0.0974511
0.0953958
0.0932317
0.0909457
0.0885213
0.0859377
0.0831681
0.0801769
0.0769153
0.0733137
0.0692675
0.064608
0.0590354
0.0519337
0.0417307
0.0241727
0.155804
0.155712
0.155617
0.155518
0.155415
0.155308
0.155197
0.155082
0.154961
0.154836
0.154706
0.154571
0.154429
0.154281
0.154127
0.153966
0.153798
0.153622
0.153437
0.153245
0.153043
0.152832
0.152612
0.152382
0.152141
0.15189
0.151628
0.151354
0.151069
0.150771
0.150462
0.150139
0.149803
0.149454
0.149091
0.148714
0.148323
0.147916
0.147495
0.147057
0.146604
0.146135
0.145648
0.145145
0.144624
0.144085
0.143527
0.142951
0.142355
0.141739
0.141103
0.140446
0.139767
0.139066
0.138343
0.137596
0.136825
0.136029
0.135208
0.134361
0.133486
0.132583
0.131652
0.13069
0.129698
0.128673
0.127616
0.126523
0.125395
0.12423
0.123026
0.121781
0.120494
0.119163
0.117784
0.116357
0.114878
0.113344
0.111752
0.110099
0.108379
0.106587
0.10472
0.102768
0.100726
0.098583
0.0963287
0.0939494
0.0914282
0.0887438
0.0858686
0.082766
0.0793859
0.0756565
0.07147
0.0666525
0.0608947
0.0535602
0.0430222
0.0248587
0.16107
0.161022
0.160965
0.160901
0.160829
0.160749
0.160662
0.160567
0.160465
0.160355
0.160237
0.160112
0.159978
0.159836
0.159685
0.159525
0.159357
0.159179
0.158991
0.158793
0.158585
0.158367
0.158137
0.157896
0.157644
0.15738
0.157104
0.156815
0.156514
0.156199
0.155871
0.15553
0.155174
0.154804
0.154419
0.15402
0.153605
0.153174
0.152727
0.152264
0.151784
0.151287
0.150772
0.150239
0.149688
0.149117
0.148528
0.147919
0.147289
0.146639
0.145967
0.145274
0.144558
0.143819
0.143057
0.14227
0.141458
0.14062
0.139756
0.138865
0.137945
0.136997
0.136018
0.135009
0.133967
0.132893
0.131784
0.13064
0.129458
0.128238
0.126979
0.125677
0.124332
0.122941
0.121502
0.120013
0.118471
0.116872
0.115214
0.113493
0.111704
0.109842
0.107902
0.105877
0.103758
0.101537
0.0992021
0.0967392
0.0941313
0.0913564
0.0883864
0.0851837
0.0816966
0.0778516
0.0735378
0.0685764
0.0626488
0.0550997
0.0442497
0.0255063
0.165975
0.165966
0.165945
0.165912
0.165867
0.165812
0.165745
0.165668
0.165581
0.165483
0.165375
0.165257
0.165129
0.16499
0.164841
0.16468
0.16451
0.164328
0.164135
0.16393
0.163714
0.163486
0.163246
0.162993
0.162728
0.16245
0.162159
0.161854
0.161536
0.161204
0.160858
0.160497
0.160121
0.15973
0.159324
0.158902
0.158464
0.158009
0.157538
0.157049
0.156543
0.156019
0.155477
0.154916
0.154337
0.153737
0.153118
0.152478
0.151817
0.151134
0.15043
0.149703
0.148953
0.148179
0.147381
0.146557
0.145708
0.144832
0.143929
0.142998
0.142038
0.141048
0.140028
0.138975
0.13789
0.13677
0.135616
0.134425
0.133196
0.131927
0.130618
0.129266
0.127869
0.126426
0.124934
0.12339
0.121792
0.120137
0.118421
0.11664
0.114791
0.112867
0.110863
0.108773
0.106587
0.104297
0.101891
0.0993543
0.0966696
0.0938144
0.0907599
0.0874674
0.0838841
0.0799344
0.0755043
0.0704102
0.0643247
0.0565734
0.0454258
0.0261215
0.170528
0.170554
0.170564
0.170557
0.170536
0.1705
0.170451
0.170388
0.170312
0.170224
0.170123
0.170009
0.169883
0.169745
0.169594
0.169431
0.169256
0.169068
0.168868
0.168654
0.168428
0.168189
0.167937
0.167672
0.167393
0.1671
0.166793
0.166472
0.166136
0.165786
0.165421
0.165041
0.164645
0.164234
0.163806
0.163362
0.162902
0.162424
0.16193
0.161417
0.160887
0.160338
0.159771
0.159184
0.158578
0.157952
0.157305
0.156637
0.155948
0.155236
0.154502
0.153746
0.152965
0.15216
0.15133
0.150474
0.149592
0.148683
0.147746
0.146781
0.145786
0.14476
0.143703
0.142613
0.14149
0.140332
0.139138
0.137907
0.136637
0.135327
0.133976
0.132581
0.13114
0.129652
0.128114
0.126524
0.124879
0.123175
0.12141
0.119578
0.117677
0.1157
0.113642
0.111496
0.109253
0.106903
0.104435
0.101834
0.0990828
0.0961573
0.0930283
0.0896562
0.0859867
0.0819424
0.0774064
0.07219
0.0659571
0.0580147
0.0465808
0.026721
0.174741
0.174796
0.174831
0.174846
0.174843
0.174823
0.174786
0.174734
0.174665
0.174582
0.174484
0.174372
0.174245
0.174104
0.173949
0.173781
0.173599
0.173403
0.173193
0.172969
0.172731
0.17248
0.172214
0.171934
0.17164
0.171331
0.171008
0.17067
0.170317
0.169949
0.169565
0.169166
0.16875
0.168319
0.167871
0.167407
0.166925
0.166427
0.16591
0.165376
0.164823
0.164252
0.163662
0.163052
0.162423
0.161773
0.161102
0.16041
0.159696
0.15896
0.158201
0.157418
0.156612
0.155781
0.154924
0.154042
0.153133
0.152196
0.151231
0.150237
0.149213
0.148157
0.14707
0.14595
0.144796
0.143607
0.142381
0.141117
0.139815
0.138471
0.137085
0.135655
0.134179
0.132654
0.131079
0.129451
0.127766
0.126023
0.124217
0.122344
0.1204
0.118379
0.116276
0.114083
0.111791
0.109391
0.106871
0.104215
0.101406
0.0984191
0.0952246
0.0917818
0.0880352
0.0839052
0.0792718
0.0739416
0.0675694
0.0594433
0.0477294
0.0273122
0.178628
0.178705
0.178758
0.17879
0.1788
0.17879
0.178761
0.178713
0.178648
0.178566
0.178467
0.178352
0.178221
0.178075
0.177913
0.177736
0.177544
0.177337
0.177115
0.176879
0.176628
0.176362
0.176081
0.175786
0.175476
0.175151
0.17481
0.174455
0.174084
0.173698
0.173296
0.172878
0.172444
0.171994
0.171527
0.171044
0.170543
0.170025
0.16949
0.168936
0.168364
0.167773
0.167164
0.166534
0.165885
0.165215
0.164525
0.163813
0.163079
0.162323
0.161544
0.160742
0.159915
0.159063
0.158186
0.157283
0.156353
0.155395
0.154409
0.153393
0.152347
0.15127
0.15016
0.149017
0.14784
0.146627
0.145377
0.144089
0.142761
0.141392
0.13998
0.138523
0.13702
0.135467
0.133864
0.132206
0.130492
0.128718
0.12688
0.124974
0.122996
0.12094
0.1188
0.116568
0.114237
0.111795
0.109231
0.106529
0.10367
0.10063
0.0973777
0.0938721
0.0900561
0.0858478
0.0811246
0.0756877
0.069183
0.0608792
0.048889
0.0279045
0.182202
0.182294
0.18236
0.182401
0.182418
0.182412
0.182385
0.182338
0.182271
0.182186
0.182081
0.18196
0.18182
0.181664
0.181492
0.181303
0.181099
0.180879
0.180643
0.180392
0.180125
0.179844
0.179547
0.179235
0.178908
0.178565
0.178208
0.177835
0.177447
0.177043
0.176624
0.176188
0.175737
0.17527
0.174786
0.174285
0.173768
0.173233
0.172681
0.172112
0.171524
0.170917
0.170292
0.169647
0.168983
0.168298
0.167593
0.166866
0.166118
0.165348
0.164555
0.163738
0.162897
0.162032
0.161141
0.160224
0.15928
0.158309
0.157308
0.156278
0.155218
0.154127
0.153003
0.151845
0.150653
0.149424
0.148159
0.146855
0.145511
0.144125
0.142695
0.14122
0.139698
0.138127
0.136503
0.134825
0.133089
0.131292
0.129431
0.127501
0.125497
0.123413
0.121245
0.118983
0.116619
0.114143
0.111542
0.108801
0.105899
0.102813
0.0995098
0.0959479
0.0920685
0.0877882
0.0829809
0.0774429
0.0708109
0.0623337
0.0500688
0.0285026
0.18548
0.185581
0.185651
0.185694
0.185712
0.185704
0.185674
0.185621
0.185547
0.185453
0.185338
0.185205
0.185054
0.184885
0.184698
0.184494
0.184274
0.184038
0.183785
0.183517
0.183234
0.182934
0.18262
0.18229
0.181946
0.181586
0.181211
0.180821
0.180416
0.179995
0.179559
0.179108
0.178641
0.178158
0.17766
0.177145
0.176614
0.176066
0.175501
0.174919
0.174319
0.173701
0.173065
0.17241
0.171735
0.171041
0.170327
0.169592
0.168836
0.168058
0.167257
0.166433
0.165586
0.164714
0.163817
0.162893
0.161943
0.160966
0.15996
0.158924
0.157858
0.15676
0.15563
0.154466
0.153268
0.152033
0.15076
0.149449
0.148097
0.146703
0.145264
0.14378
0.142248
0.140666
0.139031
0.13734
0.135591
0.133779
0.131902
0.129955
0.127932
0.125829
0.123639
0.121353
0.118964
0.11646
0.113828
0.111053
0.108114
0.104986
0.101637
0.0980238
0.0940856
0.0897374
0.0848502
0.0792153
0.0724601
0.0638132
0.0512746
0.0291098
0.18848
0.18858
0.188647
0.188685
0.188696
0.18868
0.188639
0.188575
0.188488
0.188379
0.18825
0.188101
0.187933
0.187746
0.187541
0.187319
0.187081
0.186825
0.186554
0.186266
0.185964
0.185645
0.185312
0.184964
0.184601
0.184224
0.183832
0.183425
0.183003
0.182567
0.182117
0.181651
0.181171
0.180676
0.180165
0.179639
0.179097
0.17854
0.177966
0.177376
0.176769
0.176145
0.175503
0.174843
0.174165
0.173468
0.172751
0.172014
0.171256
0.170478
0.169677
0.168854
0.168007
0.167136
0.166241
0.16532
0.164372
0.163397
0.162393
0.16136
0.160297
0.159202
0.158075
0.156914
0.155717
0.154485
0.153214
0.151904
0.150553
0.149159
0.14772
0.146235
0.144701
0.143116
0.141477
0.139781
0.138026
0.136207
0.134321
0.132363
0.130329
0.128212
0.126005
0.123702
0.121292
0.118765
0.116107
0.113301
0.110329
0.107163
0.103771
0.100108
0.0961136
0.0916995
0.0867343
0.0810045
0.0741285
0.0653148
0.0525044
0.0297248
0.191221
0.191311
0.191368
0.191393
0.191388
0.191357
0.191299
0.191216
0.19111
0.190982
0.190832
0.190662
0.190472
0.190264
0.190037
0.189793
0.189532
0.189255
0.188961
0.188653
0.188329
0.18799
0.187637
0.18727
0.186889
0.186493
0.186084
0.185661
0.185225
0.184775
0.184311
0.183834
0.183343
0.182838
0.182319
0.181785
0.181237
0.180675
0.180097
0.179504
0.178895
0.178271
0.177629
0.176971
0.176295
0.175602
0.174889
0.174158
0.173407
0.172635
0.171842
0.171027
0.17019
0.169329
0.168443
0.167533
0.166596
0.165632
0.16464
0.163619
0.162567
0.161484
0.160368
0.159219
0.158033
0.156811
0.155551
0.154251
0.152909
0.151523
0.150092
0.148614
0.147085
0.145505
0.143869
0.142176
0.140421
0.138601
0.136713
0.13475
0.132709
0.130583
0.128366
0.126048
0.123621
0.121074
0.118392
0.11556
0.112555
0.109353
0.105918
0.102206
0.0981534
0.0936721
0.0886273
0.082801
0.0758034
0.066824
0.0537453
0.0303391
0.193718
0.19379
0.193826
0.19383
0.193803
0.193748
0.193666
0.193559
0.193427
0.193273
0.193097
0.1929
0.192684
0.192449
0.192197
0.191927
0.19164
0.191338
0.191021
0.190688
0.190342
0.189982
0.189608
0.189221
0.188821
0.188408
0.187983
0.187545
0.187095
0.186633
0.186159
0.185672
0.185174
0.184662
0.184139
0.183602
0.183053
0.18249
0.181914
0.181324
0.18072
0.180101
0.179466
0.178817
0.178151
0.177468
0.176768
0.17605
0.175313
0.174557
0.17378
0.172982
0.172163
0.17132
0.170454
0.169563
0.168646
0.167702
0.166731
0.16573
0.164699
0.163637
0.162541
0.161411
0.160246
0.159043
0.157801
0.156518
0.155193
0.153824
0.152408
0.150944
0.149428
0.147859
0.146233
0.144548
0.142799
0.140984
0.139098
0.137136
0.135092
0.132961
0.130736
0.128408
0.125966
0.123401
0.120697
0.117838
0.114801
0.111561
0.108081
0.104317
0.100203
0.0956489
0.0905172
0.0845855
0.0774563
0.0683028
0.0549554
0.0309249
0.19802
0.198021
0.197985
0.197916
0.197817
0.197689
0.197534
0.197354
0.197151
0.196925
0.196679
0.196413
0.196128
0.195827
0.195509
0.195176
0.194828
0.194467
0.194093
0.193706
0.193308
0.192898
0.192478
0.192048
0.191607
0.191158
0.190698
0.19023
0.189753
0.189267
0.188771
0.188268
0.187755
0.187233
0.186701
0.186161
0.18561
0.18505
0.184479
0.183897
0.183303
0.182698
0.18208
0.181449
0.180805
0.180145
0.179471
0.17878
0.178072
0.177346
0.176601
0.175836
0.175051
0.174243
0.173412
0.172557
0.171676
0.170769
0.169833
0.168868
0.167872
0.166843
0.165781
0.164683
0.163548
0.162374
0.161159
0.159902
0.1586
0.157251
0.155853
0.154403
0.1529
0.151339
0.149718
0.148035
0.146284
0.144462
0.142564
0.140587
0.138522
0.136366
0.134109
0.131743
0.129258
0.126641
0.123879
0.120954
0.117843
0.114518
0.110943
0.10707
0.102833
0.0981387
0.0928444
0.086721
0.0793591
0.069909
0.0561481
0.0314246
0.20298
0.202791
0.202571
0.202324
0.202052
0.201758
0.201444
0.20111
0.200759
0.200393
0.200012
0.199619
0.199215
0.198801
0.198377
0.197946
0.197509
0.197065
0.196617
0.196164
0.195709
0.19525
0.19479
0.194328
0.193864
0.1934
0.192936
0.19247
0.192005
0.19154
0.191074
0.190607
0.190141
0.189673
0.189204
0.188733
0.188261
0.187785
0.187306
0.186823
0.186335
0.185841
0.185341
0.184832
0.184315
0.183788
0.18325
0.1827
0.182136
0.181558
0.180963
0.18035
0.179719
0.179066
0.178392
0.177693
0.17697
0.176219
0.175439
0.174628
0.173785
0.172908
0.171995
0.171043
0.17005
0.169016
0.167937
0.16681
0.165635
0.164407
0.163125
0.161786
0.160387
0.158924
0.157394
0.155794
0.154119
0.152365
0.150527
0.148599
0.146576
0.14445
0.142213
0.139856
0.137368
0.134735
0.131943
0.128972
0.125797
0.12239
0.118711
0.114708
0.11031
0.105415
0.0998711
0.0934284
0.0856423
0.0755852
0.0608051
0.0336229
0.206427
0.205967
0.20549
0.205
0.204498
0.203986
0.203466
0.202939
0.202408
0.201873
0.201336
0.200799
0.200263
0.199729
0.199199
0.198674
0.198154
0.197641
0.197135
0.196638
0.19615
0.195672
0.195205
0.194748
0.194302
0.193868
0.193445
0.193034
0.192634
0.192246
0.191868
0.191501
0.191143
0.190795
0.190456
0.190125
0.1898
0.189481
0.189167
0.188856
0.188547
0.188239
0.18793
0.187619
0.187304
0.186984
0.186656
0.186319
0.185971
0.18561
0.185235
0.184842
0.184431
0.183999
0.183544
0.183063
0.182555
0.182018
0.181448
0.180845
0.180205
0.179526
0.178806
0.178042
0.177232
0.176373
0.175463
0.174499
0.173477
0.172396
0.171251
0.17004
0.16876
0.167406
0.165976
0.164464
0.162866
0.161178
0.159394
0.157508
0.155514
0.153403
0.151167
0.148796
0.146278
0.1436
0.140743
0.137689
0.134411
0.130878
0.127047
0.122864
0.118251
0.113101
0.107248
0.100426
0.0921544
0.0814274
0.0655599
0.0357648
0.20842
0.207626
0.206835
0.206051
0.205274
0.204506
0.203749
0.203003
0.20227
0.201551
0.200848
0.200162
0.199494
0.198845
0.198217
0.19761
0.197026
0.196464
0.195927
0.195415
0.194928
0.194466
0.194031
0.193622
0.193239
0.192883
0.192553
0.192248
0.191968
0.191714
0.191482
0.191274
0.191087
0.190921
0.190775
0.190646
0.190533
0.190434
0.190349
0.190274
0.190208
0.190148
0.190093
0.190041
0.189988
0.189932
0.189872
0.189804
0.189726
0.189636
0.18953
0.189406
0.189262
0.189094
0.1889
0.188678
0.188424
0.188135
0.18781
0.187444
0.187035
0.186581
0.186078
0.185523
0.184913
0.184246
0.183518
0.182727
0.181868
0.180938
0.179935
0.178854
0.177692
0.176444
0.175107
0.173675
0.172145
0.170511
0.168766
0.166906
0.164921
0.162805
0.160549
0.15814
0.155568
0.152817
0.14987
0.146705
0.143295
0.139607
0.135596
0.131204
0.12635
0.120918
0.114734
0.107512
0.0987387
0.0873309
0.0703652
0.037845
0.208963
0.207795
0.206656
0.20555
0.204477
0.203437
0.202431
0.20146
0.200524
0.199625
0.198764
0.197941
0.197157
0.196414
0.195711
0.195051
0.194433
0.193858
0.193326
0.192839
0.192395
0.191996
0.191641
0.191329
0.191061
0.190836
0.190653
0.190511
0.190409
0.190346
0.190319
0.190329
0.190372
0.190447
0.190551
0.190683
0.19084
0.191019
0.191218
0.191434
0.191665
0.191906
0.192155
0.19241
0.192666
0.192921
0.193172
0.193415
0.193647
0.193864
0.194063
0.194241
0.194395
0.194521
0.194615
0.194675
0.194696
0.194677
0.194612
0.194499
0.194335
0.194115
0.193837
0.193498
0.193093
0.192619
0.192074
0.191452
0.190751
0.189967
0.189096
0.188134
0.187076
0.18592
0.184659
0.18329
0.181807
0.180204
0.178475
0.176614
0.174614
0.172464
0.170157
0.167681
0.165023
0.162168
0.159097
0.155788
0.152213
0.148337
0.144113
0.13948
0.134355
0.128614
0.122074
0.114434
0.105147
0.0930592
0.0750144
0.0397548
0.208161
0.206611
0.205122
0.203695
0.20233
0.201027
0.199785
0.198605
0.197487
0.196432
0.195439
0.194509
0.193643
0.19284
0.192102
0.191429
0.19082
0.190276
0.189797
0.189383
0.189033
0.188747
0.188524
0.188363
0.188264
0.188224
0.188242
0.188317
0.188446
0.188628
0.18886
0.18914
0.189464
0.18983
0.190235
0.190676
0.191148
0.191649
0.192176
0.192724
0.193289
0.193868
0.194457
0.195051
0.195648
0.196242
0.19683
0.197407
0.197971
0.198515
0.199037
0.199532
0.199997
0.200427
0.200818
0.201166
0.201467
0.201718
0.201915
0.202052
0.202128
0.202137
0.202076
0.201941
0.201728
0.201434
0.201053
0.200583
0.20002
0.199359
0.198596
0.197726
0.196747
0.195652
0.194437
0.193097
0.191627
0.19002
0.188271
0.186373
0.184317
0.182095
0.179698
0.177114
0.174329
0.171329
0.168094
0.1646
0.160821
0.156718
0.152245
0.147337
0.141908
0.13583
0.128912
0.120839
0.111038
0.0982885
0.0792247
0.04138
0.206271
0.204357
0.202539
0.200817
0.199189
0.197654
0.196211
0.194859
0.193597
0.192426
0.191344
0.190352
0.189449
0.188636
0.18791
0.187274
0.186725
0.186263
0.185888
0.185599
0.185394
0.185273
0.185233
0.185273
0.185392
0.185586
0.185853
0.186192
0.186598
0.187068
0.1876
0.188189
0.188832
0.189525
0.190264
0.191044
0.191862
0.192712
0.19359
0.194492
0.195412
0.196346
0.197289
0.198237
0.199184
0.200125
0.201057
0.201973
0.202869
0.20374
0.204582
0.205389
0.206158
0.206883
0.20756
0.208184
0.20875
0.209255
0.209693
0.210061
0.210354
0.210567
0.210697
0.210738
0.210687
0.210539
0.210291
0.209937
0.209474
0.208898
0.208202
0.207385
0.20644
0.205362
0.204148
0.202791
0.201286
0.199627
0.197809
0.195824
0.193665
0.191322
0.188786
0.186046
0.183089
0.179897
0.176454
0.172734
0.16871
0.164345
0.159589
0.154379
0.148624
0.142196
0.134895
0.126396
0.116102
0.102739
0.0827617
0.0426854
0.203791
0.201545
0.199436
0.197459
0.195611
0.193889
0.192292
0.190816
0.189461
0.188225
0.187107
0.186105
0.185218
0.184445
0.183786
0.183237
0.1828
0.182471
0.182249
0.182132
0.182119
0.182207
0.182394
0.182676
0.183051
0.183516
0.184067
0.184699
0.18541
0.186195
0.18705
0.187969
0.188949
0.189983
0.191068
0.192197
0.193365
0.194568
0.195799
0.197053
0.198324
0.199607
0.200897
0.202186
0.203471
0.204745
0.206002
0.207238
0.208446
0.209621
0.210758
0.211851
0.212895
0.213885
0.214816
0.215682
0.216478
0.2172
0.217842
0.218399
0.218867
0.219241
0.219515
0.219686
0.219748
0.219698
0.21953
0.21924
0.218823
0.218276
0.217593
0.21677
0.215803
0.214686
0.213414
0.211983
0.210387
0.208619
0.206675
0.204547
0.202228
0.199709
0.19698
0.194031
0.190849
0.187418
0.183719
0.179729
0.175421
0.170756
0.165688
0.16015
0.154053
0.147265
0.139586
0.130681
0.119941
0.106052
0.0853408
0.0434596
0.201484
0.19894
0.196575
0.194385
0.192362
0.190501
0.188798
0.18725
0.185852
0.184603
0.183499
0.182539
0.181718
0.181036
0.18049
0.180077
0.179794
0.17964
0.179611
0.179704
0.179917
0.180245
0.180685
0.181233
0.181885
0.182637
0.183483
0.184419
0.185441
0.186541
0.187716
0.18896
0.190266
0.19163
0.193044
0.194503
0.196002
0.197532
0.19909
0.200668
0.202259
0.203859
0.205461
0.207056
0.20864
0.210205
0.211746
0.213257
0.214732
0.216164
0.217548
0.218877
0.220146
0.221349
0.22248
0.223534
0.224504
0.225386
0.226173
0.226861
0.227443
0.227916
0.228273
0.22851
0.228621
0.228602
0.228449
0.228155
0.227718
0.227131
0.226391
0.225493
0.224433
0.223204
0.221804
0.220227
0.218468
0.216521
0.21438
0.21204
0.209494
0.206733
0.203748
0.20053
0.197066
0.193341
0.189338
0.185036
0.180405
0.175411
0.170006
0.164127
0.157684
0.150547
0.142514
0.133253
0.122148
0.107869
0.0866737
0.043586
0.2003
0.197503
0.194924
0.192558
0.190398
0.188438
0.186673
0.185095
0.1837
0.182482
0.181436
0.180559
0.179846
0.179294
0.178896
0.178651
0.178554
0.1786
0.178785
0.179105
0.179556
0.180132
0.180828
0.18164
0.182562
0.183589
0.184714
0.185932
0.187237
0.188624
0.190084
0.191613
0.193204
0.19485
0.196545
0.198283
0.200055
0.201857
0.203681
0.20552
0.207368
0.209218
0.211063
0.212897
0.214711
0.216501
0.218259
0.219977
0.221651
0.223272
0.224835
0.226333
0.227758
0.229105
0.230368
0.231539
0.232613
0.233583
0.234443
0.235188
0.235811
0.236307
0.23667
0.236895
0.236977
0.23691
0.236689
0.23631
0.235768
0.235059
0.234177
0.233119
0.23188
0.230456
0.228843
0.227036
0.225032
0.222824
0.220409
0.21778
0.214933
0.211859
0.208553
0.205003
0.201201
0.197132
0.19278
0.188126
0.183143
0.177798
0.172046
0.165827
0.159052
0.151596
0.143262
0.133721
0.122365
0.107874
0.0865047
0.0429563
0.201066
0.198099
0.195383
0.192911
0.190676
0.188673
0.186897
0.185339
0.183992
0.182847
0.181897
0.181137
0.180559
0.180157
0.179926
0.179859
0.17995
0.180195
0.180586
0.181117
0.181784
0.18258
0.183499
0.184534
0.185679
0.186929
0.188276
0.189714
0.191236
0.192837
0.194509
0.196246
0.198041
0.199888
0.201779
0.203708
0.205668
0.207652
0.209655
0.211667
0.213683
0.215696
0.217698
0.219683
0.221642
0.22357
0.225458
0.2273
0.229088
0.230814
0.232472
0.234054
0.235552
0.23696
0.238269
0.239473
0.240566
0.241539
0.242386
0.243101
0.243676
0.244107
0.244386
0.244508
0.244467
0.244259
0.243878
0.243319
0.242577
0.24165
0.240531
0.239218
0.237706
0.235993
0.234075
0.231948
0.229609
0.227055
0.224282
0.221286
0.218063
0.214607
0.210913
0.206974
0.202781
0.198323
0.193586
0.188554
0.183202
0.1775
0.171407
0.164867
0.157796
0.150076
0.141516
0.131801
0.12034
0.105851
0.0846705
0.0415215
0.204815
0.201778
0.199012
0.196511
0.194269
0.19228
0.190541
0.189043
0.187773
0.186724
0.185885
0.185247
0.184802
0.184542
0.184459
0.184544
0.184791
0.185192
0.185739
0.186426
0.187246
0.188191
0.189254
0.19043
0.19171
0.193089
0.19456
0.196115
0.19775
0.199457
0.201229
0.203061
0.204946
0.206877
0.208848
0.210853
0.212886
0.214938
0.217004
0.219077
0.22115
0.223216
0.225267
0.227296
0.229296
0.231259
0.233177
0.235042
0.236845
0.23858
0.240236
0.241807
0.243284
0.244658
0.245921
0.247065
0.248082
0.248965
0.249704
0.250294
0.250726
0.250995
0.251092
0.251013
0.250752
0.250302
0.24966
0.24882
0.247778
0.246531
0.245075
0.243407
0.241525
0.239425
0.237107
0.234568
0.231806
0.22882
0.225609
0.222169
0.2185
0.214598
0.21046
0.206081
0.201456
0.196577
0.191432
0.186009
0.180287
0.17424
0.167832
0.16101
0.153701
0.145791
0.137105
0.127344
0.11595
0.101702
0.0810987
0.0392701
0.212712
0.209705
0.206976
0.204519
0.202329
0.200402
0.198733
0.197311
0.196123
0.195159
0.194406
0.193855
0.193496
0.193319
0.193314
0.193473
0.193786
0.194246
0.194845
0.195575
0.196428
0.197397
0.198475
0.199656
0.200933
0.2023
0.20375
0.205278
0.206877
0.208542
0.210267
0.212047
0.213875
0.215746
0.217654
0.219594
0.221559
0.223544
0.225541
0.227545
0.229548
0.231543
0.233523
0.235481
0.237407
0.239295
0.241134
0.242917
0.244634
0.246276
0.247834
0.249297
0.250657
0.251903
0.253026
0.254016
0.254864
0.255561
0.256099
0.256468
0.256661
0.25667
0.256488
0.256109
0.255527
0.254736
0.253731
0.252509
0.251066
0.249399
0.247505
0.245385
0.243035
0.240456
0.237647
0.234608
0.231341
0.227846
0.224124
0.220175
0.216001
0.211601
0.206976
0.202124
0.197042
0.191727
0.186172
0.180365
0.174293
0.167934
0.161256
0.154216
0.146745
0.138744
0.130049
0.120388
0.109245
0.0954877
0.0758508
0.0362606
0.226081
0.223167
0.220521
0.21814
0.216018
0.214155
0.212537
0.211153
0.209989
0.209034
0.208277
0.207707
0.207314
0.207087
0.207018
0.207098
0.207318
0.20767
0.208147
0.208741
0.209446
0.210256
0.211164
0.212164
0.213251
0.21442
0.215665
0.216982
0.218366
0.219812
0.221316
0.222873
0.224479
0.226129
0.227817
0.22954
0.231291
0.233066
0.234858
0.23666
0.238467
0.240271
0.242064
0.243837
0.245583
0.247292
0.248954
0.250559
0.252096
0.253556
0.254925
0.256194
0.25735
0.258383
0.25928
0.260031
0.260624
0.26105
0.261297
0.261356
0.261219
0.260877
0.260322
0.259548
0.258549
0.257319
0.255856
0.254155
0.252214
0.250033
0.247609
0.244945
0.24204
0.238896
0.235517
0.231905
0.228063
0.223996
0.219707
0.215202
0.210483
0.205556
0.200422
0.195086
0.189547
0.183806
0.177861
0.171704
0.165327
0.158712
0.151835
0.144658
0.137123
0.129142
0.120571
0.111164
0.100457
0.0874284
0.0691163
0.0326061
0.246353
0.243478
0.240847
0.238457
0.236305
0.234391
0.23269
0.23119
0.229881
0.228751
0.227792
0.226994
0.226349
0.225849
0.225485
0.225252
0.225141
0.225148
0.225266
0.22549
0.225814
0.226235
0.226746
0.227346
0.228028
0.22879
0.229628
0.230538
0.231518
0.232564
0.233672
0.234839
0.236063
0.237338
0.238662
0.240029
0.241436
0.242876
0.244345
0.245836
0.247342
0.248855
0.250367
0.251869
0.25335
0.254801
0.25621
0.257564
0.258851
0.260059
0.261172
0.262179
0.263064
0.263815
0.264417
0.264857
0.265122
0.2652
0.26508
0.264749
0.264199
0.263421
0.262407
0.26115
0.259645
0.257887
0.255875
0.253606
0.251081
0.248299
0.245262
0.241975
0.238441
0.234664
0.230652
0.22641
0.221946
0.217267
0.212381
0.207297
0.202022
0.196564
0.190932
0.18513
0.179164
0.173039
0.166755
0.16031
0.1537
0.146913
0.13993
0.13272
0.125235
0.117399
0.109088
0.100088
0.0899921
0.077905
0.0612191
0.0284833
0.2746
0.271498
0.268609
0.265932
0.263467
0.261191
0.259089
0.257153
0.255374
0.253746
0.252263
0.250919
0.249707
0.248624
0.247664
0.246822
0.246096
0.24548
0.244972
0.244569
0.244266
0.244062
0.243953
0.243938
0.244013
0.244177
0.244427
0.244761
0.245177
0.245673
0.246246
0.246894
0.247615
0.248405
0.249261
0.250178
0.251153
0.252181
0.253254
0.254367
0.255512
0.256681
0.257862
0.259046
0.260221
0.261373
0.262489
0.263554
0.264553
0.26547
0.266287
0.266989
0.267558
0.267978
0.268232
0.268305
0.268181
0.267846
0.267288
0.266495
0.265456
0.264162
0.262606
0.260783
0.258688
0.256319
0.253675
0.250757
0.247569
0.244113
0.240396
0.236423
0.232204
0.227748
0.223063
0.218162
0.213055
0.207755
0.202274
0.196624
0.190817
0.184865
0.178779
0.172569
0.166244
0.159812
0.153276
0.14664
0.139901
0.133052
0.12608
0.11896
0.111652
0.104094
0.0961802
0.0877298
0.0783987
0.0674253
0.0525898
0.0241152
0.310283
0.306432
0.302776
0.299311
0.296032
0.292911
0.289943
0.287124
0.284451
0.28192
0.279529
0.277275
0.275156
0.273169
0.271312
0.269582
0.267978
0.266498
0.26514
0.263902
0.262783
0.26178
0.260892
0.260118
0.259456
0.258904
0.258461
0.258126
0.257896
0.257771
0.257747
0.257824
0.257998
0.258266
0.258625
0.259071
0.259599
0.260202
0.260875
0.261609
0.262395
0.263222
0.264078
0.264951
0.265824
0.266682
0.267508
0.268283
0.268989
0.269604
0.270109
0.270483
0.270706
0.270759
0.270621
0.270275
0.269704
0.268893
0.267827
0.266496
0.264888
0.262997
0.260816
0.258342
0.255574
0.252512
0.249159
0.245521
0.241603
0.237414
0.232965
0.228267
0.223333
0.218176
0.212813
0.207257
0.201526
0.195635
0.189601
0.183441
0.177169
0.170802
0.164353
0.157835
0.15126
0.144637
0.137973
0.131274
0.124538
0.117763
0.110938
0.104044
0.0970494
0.0899016
0.0825155
0.0747424
0.0663008
0.0565666
0.0437185
0.0197496
0.34957
0.344353
0.339348
0.334548
0.329926
0.32548
0.321209
0.317112
0.313186
0.309432
0.305846
0.302427
0.299174
0.296085
0.293157
0.29039
0.28778
0.285327
0.283029
0.280884
0.27889
0.277046
0.275349
0.273799
0.272392
0.271129
0.270007
0.269024
0.268179
0.267469
0.266893
0.266447
0.266129
0.265935
0.26586
0.265901
0.26605
0.266301
0.266644
0.267069
0.267565
0.268118
0.268712
0.269331
0.269954
0.270563
0.271134
0.271645
0.272072
0.272391
0.272576
0.272604
0.27245
0.272093
0.271511
0.270684
0.269594
0.268227
0.266569
0.26461
0.262343
0.259761
0.256864
0.253651
0.250127
0.246295
0.242165
0.237746
0.233052
0.228095
0.222893
0.217461
0.211819
0.205985
0.199979
0.193822
0.187533
0.181134
0.174643
0.16808
0.161463
0.154809
0.148135
0.141454
0.134778
0.128118
0.121482
0.114873
0.108294
0.101742
0.0952079
0.088677
0.0821235
0.075506
0.0687569
0.0617594
0.0542929
0.0458681
0.0350559
0.0156254
0.384661
0.377734
0.371077
0.364673
0.358511
0.352588
0.346901
0.341447
0.336222
0.331225
0.32645
0.321895
0.317556
0.31343
0.309514
0.305804
0.302297
0.298989
0.295879
0.292962
0.290236
0.287698
0.285345
0.283175
0.281185
0.279373
0.277735
0.27627
0.274975
0.273846
0.272882
0.272078
0.27143
0.270933
0.270583
0.270371
0.27029
0.27033
0.27048
0.270725
0.27105
0.271436
0.271865
0.272312
0.272755
0.273166
0.273519
0.273786
0.273936
0.273942
0.273775
0.273408
0.272814
0.27197
0.270854
0.269448
0.267735
0.265702
0.263339
0.260641
0.257605
0.25423
0.250521
0.246483
0.242128
0.237467
0.232514
0.227287
0.221804
0.216087
0.210156
0.204035
0.197746
0.191315
0.184764
0.178117
0.171399
0.16463
0.157834
0.151029
0.144235
0.137468
0.130745
0.124077
0.117476
0.110951
0.104507
0.0981469
0.0918718
0.0856781
0.0795581
0.0734989
0.0674799
0.0614694
0.0554163
0.049234
0.0427596
0.0356355
0.0268159
0.0117707
0.405754
0.39746
0.38951
0.381886
0.374581
0.367585
0.360891
0.354492
0.348379
0.342546
0.336986
0.331693
0.326661
0.321885
0.317358
0.313075
0.309032
0.305224
0.301646
0.298294
0.295165
0.292254
0.289557
0.287072
0.284796
0.282724
0.280854
0.279183
0.277707
0.276422
0.275326
0.274412
0.273676
0.273112
0.27271
0.272461
0.272354
0.272374
0.272506
0.272731
0.273026
0.273368
0.273729
0.274082
0.274394
0.274634
0.27477
0.274767
0.274593
0.274217
0.273609
0.27274
0.271585
0.270124
0.268337
0.26621
0.263731
0.260894
0.257697
0.25414
0.250227
0.245968
0.241374
0.236459
0.231241
0.225741
0.219979
0.21398
0.20777
0.201373
0.194818
0.18813
0.181338
0.174468
0.167546
0.160596
0.153642
0.146707
0.13981
0.132971
0.126205
0.119527
0.112949
0.10648
0.100128
0.0938973
0.0877912
0.0818099
0.0759514
0.0702113
0.0645818
0.059052
0.0536058
0.0482196
0.0428584
0.0374638
0.0319265
0.026006
0.0190095
0.00811576
)
;

boundaryField
{
    jetInlet
    {
        type            fixedValue;
        value           uniform 0.006;
    }
    returnOutlet
    {
        type            inletOutlet;
        inletValue      uniform 0.006;
        value           nonuniform List<scalar> 
35
(
0.291103
0.563687
0.752971
0.912194
1.05828
1.19326
1.31381
1.41412
1.4872
1.52499
1.51656
1.43968
0.006
0.006
0.006
0.006
0.006
0.006
0.006
0.006
0.006
0.006
0.006
0.006
0.006
0.006
0.274754
0.292947
0.22965
0.114346
0.0943666
0.166443
0.300667
0.441447
0.530613
)
;
    }
    flatBed
    {
        type            kqRWallFunction;
        value           nonuniform List<scalar> 
100
(
0.291103
0.295655
0.299913
0.303838
0.307392
0.310538
0.31325
0.315538
0.31741
0.318092
0.317432
0.315333
0.311749
0.306677
0.300157
0.292263
0.283103
0.272811
0.261541
0.249465
0.236768
0.223642
0.210283
0.196881
0.183619
0.170662
0.158152
0.146209
0.134919
0.124341
0.114507
0.105424
0.0970805
0.0894485
0.0824913
0.0761659
0.0704264
0.0652264
0.0605208
0.0562661
0.0524215
0.0489487
0.0458121
0.0429788
0.0404188
0.038105
0.0360129
0.0341215
0.0324121
0.0308693
0.02948
0.0282336
0.0271213
0.0261358
0.0252708
0.0245202
0.0238784
0.0233392
0.0228965
0.0225435
0.0222734
0.0220795
0.0219551
0.0218938
0.0218897
0.0219372
0.0220314
0.0221679
0.0223349
0.0225285
0.0227456
0.022984
0.0232419
0.0235184
0.0238134
0.024128
0.0244603
0.0248026
0.0251517
0.025505
0.0258597
0.0262129
0.0265614
0.0269016
0.0272295
0.0275402
0.0278283
0.0280871
0.0283083
0.028482
0.0285959
0.028634
0.0285766
0.0283976
0.0280638
0.027531
0.0267379
0.0256043
0.0240906
0.0225694
)
;
    }
    slope
    {
        type            kqRWallFunction;
        value           nonuniform List<scalar> 
50
(
0.00419642
0.0047922
0.00599783
0.00764295
0.00923507
0.0107287
0.0121808
0.0135324
0.0148318
0.0160361
0.0171758
0.0182278
0.0192091
0.0201125
0.0209416
0.021692
0.0226098
0.0234208
0.0241727
0.0248587
0.0255063
0.0261215
0.026721
0.0273122
0.0279045
0.0285026
0.0291098
0.0297248
0.0303391
0.0309249
0.0314246
0.0336229
0.0357648
0.037845
0.0397548
0.04138
0.0426854
0.0434596
0.043586
0.0429563
0.0415215
0.0392701
0.0362606
0.0326061
0.0284833
0.0241152
0.0197496
0.0156254
0.0117707
0.00811576
)
;
    }
    top
    {
        type            symmetryPlane;
    }
    frontAndBack
    {
        type            empty;
    }
    defaultFaces
    {
        type            empty;
    }
}


// ************************************************************************* //
