/*--------------------------------*- C++ -*----------------------------------*\
| =========                 |                                                 |
| \\      /  F ield         | OpenFOAM: The Open Source CFD Toolbox           |
|  \\    /   O peration     | Version:  2206                                  |
|   \\  /    A nd           | Website:  www.openfoam.com                      |
|    \\/     M anipulation  |                                                 |
\*---------------------------------------------------------------------------*/
FoamFile
{
    version     2.0;
    format      ascii;
    arch        "LSB;label=32;scalar=64";
    class       volScalarField;
    location    "1400";
    object      k;
}
// * * * * * * * * * * * * * * * * * * * * * * * * * * * * * * * * * * * * * //

dimensions      [0 2 -2 0 0 0 0];

internalField   nonuniform List<scalar> 
10000
(
0.284187
0.289661
0.294525
0.298759
0.302244
0.304936
0.306444
0.30561
0.302148
0.295939
0.287029
0.275603
0.261966
0.246517
0.229717
0.212064
0.194065
0.1762
0.158893
0.142489
0.127237
0.113288
0.100706
0.089482
0.0795587
0.0708467
0.0632402
0.0566279
0.0508985
0.0459443
0.0416637
0.0379621
0.0347544
0.0319648
0.0295287
0.0273925
0.0255138
0.0238601
0.0224084
0.0211422
0.0200502
0.0191232
0.0183527
0.0177289
0.0172412
0.0168778
0.0166276
0.0164802
0.0164275
0.0164432
0.0165096
0.016619
0.0167652
0.016943
0.0171479
0.0173761
0.0176246
0.0178908
0.0181723
0.0184672
0.0187739
0.019091
0.019417
0.0197511
0.0200921
0.0204392
0.0207916
0.0211486
0.0215097
0.0218742
0.0222416
0.0226114
0.0229833
0.0233569
0.0237319
0.0241081
0.0244855
0.0248641
0.0252444
0.0256269
0.0260129
0.0264042
0.0268038
0.0272162
0.0276317
0.0280466
0.0284598
0.0288696
0.029274
0.0296694
0.0300509
0.0304108
0.0307373
0.0310119
0.0312064
0.0312719
0.0311096
0.0305352
0.0293088
0.0270869
0.550645
0.560397
0.569643
0.578281
0.585929
0.592043
0.595991
0.596422
0.592536
0.583806
0.570011
0.551232
0.527821
0.500363
0.469617
0.436471
0.40188
0.36681
0.33217
0.298752
0.26718
0.237893
0.211141
0.187019
0.165494
0.146452
0.129727
0.115129
0.102459
0.0915151
0.0821006
0.0740247
0.0671068
0.0611796
0.056092
0.0517119
0.0479277
0.044649
0.0418053
0.0393441
0.037227
0.0354258
0.0339176
0.0326813
0.0316946
0.0309336
0.0303729
0.0299873
0.0297527
0.0296357
0.0296179
0.0296839
0.0298206
0.0300174
0.0302655
0.0305578
0.0308884
0.0312526
0.0316465
0.0320668
0.0325109
0.0329765
0.0334617
0.033965
0.0344851
0.0350207
0.035571
0.0361352
0.0367124
0.0373021
0.0379038
0.038517
0.0391412
0.0397762
0.0404216
0.0410772
0.0417429
0.0424184
0.0431039
0.0437992
0.0445044
0.0452199
0.0459459
0.0466828
0.0474272
0.0481792
0.0489378
0.0497017
0.0504686
0.0512354
0.0519972
0.0527468
0.0534729
0.0541577
0.0547719
0.0552657
0.0555609
0.0555291
0.0547751
0.0516429
0.735265
0.745313
0.755582
0.765756
0.775378
0.783761
0.790098
0.792496
0.789677
0.780754
0.765278
0.743231
0.714969
0.681154
0.64268
0.600607
0.556108
0.510398
0.464662
0.419977
0.377241
0.337123
0.300054
0.266252
0.235757
0.208485
0.184276
0.16293
0.144231
0.127957
0.113883
0.101784
0.0914377
0.0826245
0.0751353
0.0687757
0.0633709
0.0587703
0.0548489
0.051507
0.0486674
0.0462711
0.0442727
0.0426344
0.0413221
0.0403024
0.0395418
0.0390065
0.038664
0.0384753
0.0384147
0.0384612
0.0385974
0.0388088
0.0390839
0.039413
0.0397885
0.0402042
0.040655
0.0411368
0.0416462
0.0421805
0.0427373
0.0433148
0.0439113
0.0445255
0.0451564
0.0458028
0.0464639
0.0471392
0.0478278
0.0485294
0.0492433
0.0499692
0.0507067
0.0514555
0.0522151
0.0529854
0.0537661
0.0545569
0.0553574
0.0561673
0.0569859
0.0578125
0.0586446
0.0594814
0.0603209
0.0611607
0.0619974
0.0628263
0.0636411
0.0644322
0.0651857
0.0658797
0.0664782
0.0669211
0.06711
0.0668623
0.0656427
0.0617886
0.891281
0.901458
0.912787
0.92503
0.937592
0.949522
0.959692
0.965637
0.965514
0.958064
0.942649
0.9192
0.888113
0.850127
0.806227
0.757575
0.705458
0.651241
0.596303
0.541947
0.489316
0.439313
0.39257
0.349455
0.310112
0.27452
0.242552
0.21403
0.188756
0.166524
0.147123
0.130338
0.11594
0.103691
0.0933409
0.0846416
0.0773522
0.0712508
0.0661423
0.0618624
0.0582785
0.0552867
0.0528065
0.050775
0.0491405
0.0478576
0.0468839
0.0461789
0.045704
0.045415
0.0452799
0.045273
0.0453727
0.0455613
0.0458244
0.0461502
0.0465292
0.0469538
0.0474179
0.0479165
0.0484457
0.0490021
0.0495831
0.0501865
0.0508105
0.0514535
0.0521144
0.052792
0.0534854
0.0541938
0.0549166
0.0556532
0.056403
0.0571655
0.0579404
0.0587271
0.0595254
0.0603346
0.0611545
0.0619844
0.0628238
0.0636719
0.0645277
0.0653898
0.066256
0.0671245
0.0679927
0.0688573
0.0697136
0.0705555
0.0713742
0.0721572
0.072886
0.0735322
0.0740501
0.0743657
0.0743593
0.073818
0.0722324
0.0683481
1.03537
1.04623
1.05926
1.07466
1.09165
1.10883
1.12432
1.13525
1.13904
1.13409
1.11965
1.09571
1.06279
1.02175
0.973695
0.919828
0.86148
0.800073
0.73709
0.673999
0.612152
0.552682
0.496432
0.443945
0.395493
0.351139
0.310806
0.274354
0.241622
0.212447
0.186669
0.164117
0.144609
0.127929
0.113831
0.102036
0.0922481
0.0841691
0.077518
0.0720444
0.067537
0.0638256
0.0607772
0.0582894
0.056283
0.0546937
0.0534668
0.0525533
0.0519079
0.051481
0.0512353
0.05114
0.0511697
0.0513031
0.051523
0.0518151
0.0521681
0.0525728
0.053022
0.0535098
0.0540315
0.0545832
0.0551619
0.0557651
0.0563908
0.0570371
0.0577027
0.0583865
0.0590874
0.0598045
0.0605372
0.0612847
0.0620466
0.0628222
0.0636111
0.0644127
0.0652266
0.0660522
0.0668889
0.0677361
0.0685928
0.0694582
0.0703309
0.0712092
0.072091
0.0729739
0.0738549
0.0747298
0.0755931
0.0764375
0.0772525
0.0780235
0.0787289
0.0793365
0.0797965
0.0800312
0.0799195
0.0792605
0.0776514
0.0742831
1.16952
1.18189
1.19758
1.21748
1.24052
1.26465
1.28707
1.30413
1.31261
1.31061
1.29744
1.2733
1.23898
1.19557
1.14428
1.08637
1.02311
0.955899
0.886199
0.815553
0.745465
0.677267
0.612009
0.550422
0.492926
0.43968
0.39067
0.345798
0.304948
0.268013
0.234896
0.205507
0.179747
0.157481
0.13852
0.122613
0.109449
0.0986742
0.0899202
0.0828336
0.0770995
0.0724537
0.0686862
0.0656353
0.0631785
0.0612221
0.0596917
0.0585256
0.0576697
0.0570678
0.0566769
0.0564613
0.0563914
0.0564421
0.056593
0.0568273
0.0571315
0.0574947
0.0579084
0.0583656
0.0588607
0.0593895
0.0599482
0.060534
0.0611446
0.061778
0.0624327
0.0631073
0.0638007
0.064512
0.0652403
0.0659849
0.0667451
0.0675205
0.0683103
0.0691141
0.0699312
0.070761
0.0716028
0.0724558
0.0733189
0.0741911
0.0750709
0.0759564
0.0768454
0.0777353
0.0786226
0.0795028
0.0803698
0.0812154
0.0820283
0.0827927
0.083486
0.0840752
0.0845115
0.0847218
0.0845967
0.0839664
0.0825328
0.0797729
1.29034
1.30544
1.32516
1.35135
1.38246
1.41545
1.44634
1.47038
1.48381
1.48465
1.47248
1.44794
1.41225
1.36684
1.3131
1.2523
1.1856
1.11423
1.03951
0.962945
0.886084
0.810406
0.737149
0.667231
0.601233
0.539424
0.481861
0.428494
0.379257
0.334098
0.29299
0.25593
0.222928
0.193966
0.168975
0.147799
0.130182
0.115772
0.104145
0.0948478
0.0874439
0.0815467
0.0768382
0.0730696
0.0700538
0.0676512
0.065757
0.0642892
0.0631812
0.0623674
0.0617981
0.0614323
0.0612357
0.0611792
0.0612388
0.0613947
0.0616312
0.0619353
0.062297
0.062708
0.0631619
0.0636536
0.064179
0.0647348
0.0653182
0.065927
0.0665595
0.0672141
0.0678896
0.068585
0.0692992
0.0700315
0.0707811
0.0715473
0.0723296
0.0731273
0.0739397
0.074766
0.0756055
0.0764573
0.0773203
0.0781931
0.0790743
0.079962
0.0808538
0.081747
0.082638
0.0835219
0.0843926
0.0852414
0.086057
0.0868235
0.087519
0.0881121
0.0885585
0.0887941
0.0887268
0.0882225
0.0870683
0.0849283
1.39186
1.41149
1.43745
1.47255
1.51437
1.55843
1.59917
1.63053
1.6485
1.65137
1.63935
1.61376
1.57642
1.52921
1.47375
1.41128
1.3428
1.26923
1.19163
1.11127
1.02964
0.948296
0.868597
0.791644
0.718191
0.648626
0.583085
0.521577
0.464096
0.410649
0.361274
0.316056
0.275115
0.238567
0.206495
0.178899
0.155658
0.136506
0.121035
0.108735
0.0990522
0.0914592
0.0854963
0.080794
0.0770705
0.0741182
0.0717853
0.0699594
0.0685538
0.0674897
0.0667088
0.066164
0.0658151
0.0656287
0.0655767
0.0656362
0.0657885
0.0660184
0.0663141
0.066666
0.0670666
0.06751
0.0679913
0.0685067
0.0690533
0.0696284
0.07023
0.0708563
0.071506
0.0721778
0.0728707
0.0735837
0.0743159
0.0750667
0.0758353
0.0766209
0.0774229
0.0782404
0.0790725
0.0799183
0.0807766
0.081646
0.082525
0.0834117
0.0843036
0.0851982
0.0860917
0.0869795
0.0878551
0.0887105
0.0895345
0.0903123
0.0910236
0.0916406
0.0921248
0.0924228
0.0924609
0.0921363
0.0912987
0.0897251
1.46669
1.49378
1.5296
1.57754
1.63353
1.6911
1.74233
1.78032
1.80134
1.80456
1.7912
1.76352
1.72406
1.6752
1.61878
1.55603
1.48768
1.41426
1.33635
1.25486
1.17106
1.08644
1.00242
0.920279
0.840937
0.764907
0.692409
0.623526
0.558347
0.496938
0.439401
0.385912
0.336689
0.291982
0.252032
0.217024
0.187032
0.161964
0.141528
0.125242
0.112486
0.102595
0.0949465
0.0890116
0.0843774
0.0807373
0.0778702
0.0756173
0.0738621
0.072506
0.0714793
0.0707262
0.0702002
0.0698623
0.06968
0.0696265
0.0696797
0.0698221
0.0700397
0.0703214
0.0706583
0.0710436
0.0714717
0.0719384
0.07244
0.0729738
0.0735373
0.0741286
0.074746
0.0753882
0.0760539
0.0767421
0.0774518
0.0781821
0.0789322
0.0797012
0.0804884
0.081293
0.0821138
0.0829501
0.0838004
0.0846635
0.0855378
0.0864212
0.0873117
0.0882066
0.0891024
0.0899946
0.0908772
0.0917425
0.0925806
0.0933778
0.0941166
0.0947731
0.0953154
0.0957005
0.0958709
0.0957499
0.095231
0.094163
1.50621
1.54611
1.59803
1.66459
1.73902
1.81214
1.87251
1.91444
1.93534
1.93606
1.91922
1.88815
1.84613
1.79593
1.73959
1.67825
1.61232
1.54179
1.46667
1.38729
1.30452
1.21965
1.13406
1.04915
0.966036
0.885343
0.80737
0.73229
0.660355
0.591694
0.526471
0.464965
0.407489
0.354409
0.306117
0.26298
0.225293
0.193201
0.166626
0.145228
0.128418
0.115449
0.105535
0.0979598
0.0921374
0.0876235
0.084097
0.0813311
0.0791633
0.0774679
0.0761582
0.0751667
0.0744385
0.0739281
0.0735976
0.0734154
0.0733562
0.0733991
0.0735278
0.0737293
0.0739935
0.0743123
0.0746794
0.0750899
0.0755398
0.0760257
0.076545
0.0770954
0.0776752
0.0782826
0.0789164
0.0795752
0.0802579
0.0809636
0.0816913
0.0824402
0.0832092
0.0839975
0.0848042
0.085628
0.0864679
0.0873225
0.0881901
0.0890688
0.0899568
0.0908515
0.0917497
0.0926472
0.0935387
0.0944173
0.095274
0.0960975
0.0968726
0.0975798
0.0981932
0.0986794
0.0989942
0.0990807
0.0988627
0.0982344
1.49941
1.56373
1.6426
1.73588
1.83301
1.92059
1.98511
2.02498
2.04035
2.03448
2.01161
1.97596
1.93129
1.88059
1.82591
1.76822
1.7075
1.64318
1.57452
1.50113
1.42329
1.34192
1.25816
1.17352
1.08937
1.00638
0.924922
0.845247
0.767929
0.693133
0.621068
0.552177
0.486845
0.425547
0.368816
0.317179
0.271147
0.231121
0.19731
0.169625
0.147639
0.130628
0.117696
0.107935
0.100548
0.094909
0.0905566
0.0871672
0.0845083
0.0824176
0.0807828
0.0795203
0.0785641
0.07786
0.0773637
0.0770384
0.076854
0.0767865
0.0768166
0.0769292
0.0771126
0.0773575
0.0776567
0.0780045
0.0783964
0.0788288
0.0792985
0.0798031
0.0803405
0.0809088
0.0815064
0.0821319
0.0827841
0.0834618
0.0841639
0.0848895
0.0856375
0.086407
0.0871969
0.0880062
0.0888336
0.0896779
0.0905374
0.0914104
0.0922952
0.0931895
0.0940904
0.0949943
0.0958964
0.0967909
0.0976703
0.0985249
0.0993424
0.100107
0.100799
0.101392
0.101853
0.102139
0.102195
0.101945
1.42798
1.5468
1.67047
1.79969
1.92054
2.01276
2.07034
2.09798
2.10042
2.08338
2.05224
2.01161
1.96521
1.91587
1.86536
1.81436
1.76239
1.70825
1.65041
1.58762
1.51939
1.44606
1.36828
1.28763
1.20587
1.12359
1.04123
0.959019
0.878201
0.798867
0.721205
0.645974
0.57358
0.504603
0.439723
0.379594
0.324925
0.276362
0.234428
0.199359
0.171018
0.148854
0.131971
0.119313
0.10986
0.102757
0.0973556
0.0931958
0.0899477
0.0873931
0.0853844
0.0838146
0.0826025
0.0816831
0.0810037
0.0805209
0.0801997
0.0800116
0.0799343
0.0799501
0.0800455
0.0802098
0.0804348
0.0807142
0.0810428
0.0814165
0.081832
0.0822863
0.0827771
0.0833023
0.0838602
0.0844491
0.0850675
0.0857143
0.0863881
0.0870879
0.0878125
0.088561
0.0893322
0.0901251
0.0909385
0.0917712
0.0926216
0.093488
0.0943692
0.0952631
0.0961672
0.0970783
0.0979926
0.0989051
0.0998098
0.100699
0.101562
0.102388
0.103161
0.10386
0.104462
0.104933
0.105233
0.105306
1.27538
1.51068
1.70265
1.86949
1.99681
2.07132
2.10517
2.10889
2.09143
2.05991
2.01986
1.97545
1.92977
1.88502
1.84249
1.80236
1.76365
1.72449
1.68252
1.63554
1.58215
1.52205
1.45565
1.38417
1.30902
1.23117
1.15121
1.06907
0.987309
0.905659
0.824125
0.744124
0.665935
0.590249
0.517939
0.44973
0.386536
0.329202
0.278577
0.235238
0.199433
0.170934
0.149011
0.132569
0.120394
0.111375
0.104627
0.0995032
0.095538
0.0924339
0.0899919
0.088073
0.0865744
0.0854166
0.0845364
0.0838823
0.0834129
0.0830949
0.0829021
0.082814
0.0828149
0.0828927
0.0830381
0.0832438
0.0835043
0.0838148
0.0841716
0.0845716
0.0850122
0.0854909
0.0860059
0.0865551
0.0871372
0.0877505
0.0883937
0.0890656
0.0897649
0.0904906
0.0912416
0.0920167
0.0928148
0.0936347
0.0944752
0.0953347
0.0962121
0.0971056
0.0980133
0.0989325
0.09986
0.100792
0.101724
0.102649
0.10356
0.104448
0.105301
0.106103
0.106835
0.107474
0.107987
0.108333
1.12158
1.5164
1.77233
1.93937
2.02382
2.04898
2.03977
2.01057
1.97089
1.92671
1.88188
1.83903
1.79999
1.76602
1.73771
1.71472
1.69556
1.67768
1.65786
1.63288
1.60039
1.5593
1.50959
1.45217
1.38835
1.31929
1.24591
1.16892
1.08977
1.0089
0.925859
0.843437
0.761358
0.680482
0.601995
0.526577
0.455425
0.389497
0.330014
0.277847
0.233671
0.197706
0.169564
0.148284
0.132559
0.121033
0.112541
0.106197
0.101347
0.0975835
0.0946355
0.0923176
0.0904976
0.0890764
0.0879769
0.0871375
0.086509
0.0860522
0.0857365
0.085538
0.0854387
0.0854247
0.0854854
0.0856129
0.0858007
0.0860438
0.0863382
0.0866804
0.0870673
0.0874965
0.0879657
0.0884728
0.0890161
0.0895938
0.0902045
0.0908467
0.0915192
0.0922207
0.0929501
0.0937063
0.0944882
0.0952947
0.0961247
0.096977
0.0978505
0.0987439
0.0996555
0.100583
0.101525
0.102477
0.103437
0.104399
0.105358
0.106306
0.107235
0.108133
0.108985
0.109772
0.11047
0.111046
1.23574
1.63085
1.8011
1.8451
1.82767
1.78842
1.74364
1.69941
1.65815
1.62095
1.5887
1.56233
1.54281
1.53088
1.52691
1.53038
1.5395
1.55115
1.56121
1.56529
1.56018
1.54426
1.5171
1.47899
1.43165
1.37647
1.31458
1.247
1.17493
1.09916
1.02011
0.939086
0.855992
0.772286
0.689672
0.608478
0.530502
0.456619
0.388585
0.327446
0.274316
0.229942
0.194423
0.167138
0.146861
0.132073
0.121318
0.113412
0.107458
0.102894
0.0993484
0.0965712
0.0943892
0.0926765
0.0913377
0.0902985
0.0895001
0.0888961
0.0884506
0.0881359
0.0879311
0.0878204
0.087792
0.0878369
0.0879482
0.0881203
0.0883487
0.0886297
0.0889601
0.089337
0.0897579
0.0902206
0.0907231
0.0912634
0.0918399
0.0924511
0.0930954
0.0937717
0.0944787
0.0952153
0.0959803
0.0967729
0.097592
0.0984369
0.0993066
0.1002
0.101116
0.102053
0.103009
0.103982
0.104969
0.105968
0.106973
0.107979
0.10898
0.109965
0.110925
0.111842
0.112698
0.113466
0.0713783
0.198057
0.363862
0.537012
0.693092
0.81964
0.913504
0.978036
1.02011
1.04749
1.06724
1.08513
1.10552
1.13154
1.16512
1.20676
1.25506
1.30662
1.3565
1.39759
1.42678
1.44375
1.44825
1.44024
1.42016
1.38893
1.34771
1.29774
1.24029
1.17643
1.10709
1.0333
0.955736
0.875249
0.792087
0.706545
0.622769
0.540874
0.463839
0.392612
0.328898
0.274096
0.228947
0.193414
0.16661
0.147011
0.132882
0.122643
0.115064
0.109353
0.104975
0.101575
0.0989137
0.0968232
0.0951797
0.0938895
0.0928799
0.0920945
0.0914898
0.0910331
0.0906996
0.0904711
0.090334
0.0902781
0.0902958
0.090381
0.0905288
0.0907351
0.0909963
0.0913093
0.0916714
0.09208
0.0925328
0.0930277
0.0935629
0.0941365
0.094747
0.095393
0.0960731
0.0967862
0.0975313
0.0983072
0.0991132
0.0999486
0.100813
0.101705
0.102625
0.103571
0.104543
0.105538
0.106555
0.107592
0.108646
0.109712
0.110786
0.111859
0.112923
0.113965
0.11497
0.115916
0.00724839
0.0101552
0.014814
0.0242056
0.040465
0.0639897
0.0941772
0.129928
0.170228
0.214584
0.263261
0.317357
0.378726
0.449705
0.532313
0.624834
0.720964
0.817682
0.9118
1.00186
1.08464
1.1563
1.21438
1.25757
1.28514
1.29713
1.29424
1.27761
1.24863
1.20874
1.15933
1.10173
1.03716
0.966719
0.891257
0.811594
0.729138
0.643521
0.559633
0.478502
0.403257
0.336141
0.278683
0.231789
0.195393
0.168361
0.148879
0.134861
0.124722
0.117263
0.111663
0.107383
0.104069
0.101479
0.0994432
0.0978375
0.0965674
0.0955613
0.0947652
0.0941386
0.0936518
0.0932832
0.0930169
0.0928414
0.092748
0.09273
0.092782
0.0928997
0.093079
0.0933165
0.0936092
0.0939541
0.0943488
0.0947907
0.0952778
0.0958081
0.0963798
0.0969912
0.0976411
0.098328
0.099051
0.0998089
0.100601
0.101427
0.102285
0.103178
0.104103
0.10506
0.106049
0.107069
0.108119
0.109198
0.110302
0.11143
0.112576
0.113736
0.1149
0.11606
0.117201
0.118306
0.00602171
0.00608192
0.00614838
0.00622833
0.00637923
0.0066704
0.0072164
0.0081892
0.0098279
0.0124574
0.0165353
0.0227472
0.032175
0.0463351
0.0673304
0.100115
0.152372
0.226897
0.323766
0.439556
0.567018
0.696459
0.818581
0.926538
1.01634
1.08624
1.13602
1.16635
1.17852
1.17411
1.15485
1.12251
1.07878
1.02523
0.96325
0.894143
0.819183
0.739243
0.655901
0.570244
0.487546
0.409631
0.339641
0.280094
0.232142
0.195512
0.168635
0.149434
0.135796
0.125996
0.118809
0.113425
0.109318
0.106143
0.103661
0.101706
0.100152
0.09891
0.0979108
0.0971052
0.0964574
0.0959417
0.0955398
0.0952385
0.0950281
0.0949015
0.0948527
0.0948769
0.0949699
0.095128
0.0953478
0.095626
0.0959598
0.0963464
0.0967835
0.0972688
0.0978003
0.0983762
0.098995
0.0996553
0.100356
0.101096
0.101874
0.10269
0.103544
0.104437
0.105367
0.106335
0.107342
0.108385
0.109466
0.110582
0.111732
0.112913
0.114122
0.115355
0.116603
0.117858
0.119108
0.120338
0.00599002
0.00598094
0.00597779
0.00598641
0.00601369
0.00606436
0.00614098
0.00624549
0.00638071
0.00655172
0.00676731
0.00704219
0.00740487
0.00810812
0.0098774
0.0140231
0.023082
0.0409563
0.0727036
0.123654
0.1977
0.2952
0.411705
0.538572
0.665413
0.782897
0.884399
0.966207
1.02692
1.06669
1.0866
1.08826
1.0735
1.04424
1.0023
0.949431
0.887229
0.817124
0.740578
0.65894
0.573757
0.489215
0.409392
0.337965
0.277534
0.229409
0.193218
0.167167
0.148818
0.135881
0.12661
0.119819
0.114738
0.110866
0.107871
0.105523
0.10366
0.102163
0.100948
0.0999545
0.0991378
0.0984682
0.0979243
0.0974913
0.0971585
0.096918
0.0967636
0.09669
0.0966928
0.096768
0.0969117
0.0971204
0.097391
0.0977205
0.098106
0.098545
0.0990354
0.0995752
0.100162
0.100796
0.101474
0.102196
0.102961
0.103768
0.104618
0.105511
0.106447
0.107425
0.108447
0.109513
0.11062
0.11177
0.112959
0.114187
0.11545
0.116742
0.118058
0.11939
0.120727
0.122055
0.00598709
0.00597399
0.0059642
0.0059609
0.00596755
0.00598839
0.00602859
0.00609406
0.00619098
0.00632496
0.00650067
0.0067217
0.0069897
0.00730656
0.00769546
0.00828299
0.00952317
0.0125024
0.0192809
0.0331921
0.0588333
0.101399
0.16519
0.251627
0.357747
0.476306
0.597677
0.712446
0.813299
0.895637
0.957283
0.99785
1.01811
1.01951
1.00385
0.973029
0.928952
0.873413
0.808114
0.734667
0.654733
0.570462
0.484144
0.403086
0.330944
0.2707
0.223635
0.188977
0.164451
0.147346
0.135332
0.12673
0.12043
0.115715
0.112118
0.109325
0.107119
0.105347
0.103902
0.102709
0.101714
0.100883
0.100191
0.0996202
0.0991594
0.0987999
0.0985352
0.0983597
0.0982685
0.0982574
0.0983222
0.0984592
0.0986646
0.0989352
0.0992678
0.0996597
0.100108
0.100611
0.101167
0.101774
0.10243
0.103134
0.103886
0.104684
0.10553
0.106423
0.107364
0.108352
0.109388
0.110473
0.111605
0.112783
0.114007
0.115273
0.11658
0.117922
0.119294
0.120687
0.122092
0.123497
0.00598689
0.00597321
0.00596165
0.00595568
0.00595945
0.00597764
0.0060152
0.00607715
0.0061684
0.00629371
0.00645755
0.00666418
0.0069175
0.00721906
0.0075659
0.00795159
0.00839496
0.00905483
0.0104553
0.0137552
0.0210487
0.0356077
0.061802
0.104403
0.167161
0.251021
0.352884
0.465827
0.580846
0.689141
0.783759
0.860205
0.916245
0.951376
0.966266
0.962298
0.941215
0.904903
0.855249
0.794082
0.723216
0.644584
0.560357
0.473312
0.391431
0.319473
0.260632
0.215778
0.183465
0.160931
0.14532
0.134373
0.126531
0.120781
0.116468
0.11316
0.110568
0.108493
0.106799
0.105392
0.10421
0.103208
0.102359
0.101644
0.101049
0.100565
0.100186
0.099904
0.0997153
0.0996148
0.0995981
0.099661
0.0997994
0.10001
0.100288
0.100632
0.101039
0.101505
0.102029
0.102608
0.103242
0.103929
0.104668
0.105458
0.106299
0.107193
0.108137
0.109134
0.110183
0.111284
0.112436
0.11364
0.114892
0.116191
0.117534
0.118917
0.120332
0.121775
0.123234
0.1247
0.00598732
0.0059741
0.00596264
0.00595562
0.00595619
0.0059679
0.00599483
0.00604153
0.0061131
0.00621515
0.0063537
0.00653474
0.00676383
0.00704535
0.00738105
0.0077671
0.00819141
0.00864387
0.00917939
0.0100792
0.0120765
0.0166009
0.0260385
0.0438588
0.0743501
0.121745
0.188765
0.275085
0.376579
0.485976
0.594664
0.694645
0.779809
0.846307
0.892322
0.917593
0.922904
0.909668
0.879619
0.834612
0.776539
0.707332
0.629107
0.544469
0.457103
0.375024
0.304452
0.24831
0.206662
0.177276
0.157017
0.143036
0.133228
0.126188
0.121005
0.117091
0.114056
0.111641
0.109672
0.108033
0.106647
0.105464
0.104449
0.103581
0.102845
0.102231
0.101731
0.101339
0.101049
0.100856
0.100755
0.100742
0.100812
0.100961
0.101185
0.10148
0.101843
0.102272
0.102764
0.103317
0.103929
0.104599
0.105325
0.106106
0.106943
0.107835
0.108783
0.109787
0.110847
0.111962
0.113132
0.114355
0.115631
0.116957
0.11833
0.119745
0.121196
0.122677
0.124179
0.125693
0.00598802
0.00597548
0.00596471
0.00595785
0.00595755
0.00596702
0.00599003
0.00603095
0.00609468
0.00618646
0.0063118
0.0064763
0.00668552
0.00694476
0.00725842
0.00762852
0.00805146
0.00851376
0.00899536
0.00950989
0.0102251
0.0116558
0.0148735
0.021736
0.0350706
0.0586118
0.096466
0.152004
0.226416
0.317578
0.41997
0.525851
0.627072
0.716648
0.789574
0.842934
0.87558
0.88766
0.880173
0.85461
0.812712
0.756352
0.687592
0.608889
0.523479
0.43579
0.354667
0.286937
0.234747
0.197077
0.170959
0.15309
0.140769
0.132104
0.12585
0.121204
0.117648
0.11484
0.11256
0.110663
0.109054
0.107673
0.106479
0.105448
0.104563
0.103812
0.103186
0.102679
0.102284
0.101995
0.101808
0.101716
0.101716
0.101802
0.10197
0.102216
0.102537
0.102929
0.103389
0.103915
0.104504
0.105157
0.105869
0.106642
0.107474
0.108365
0.109315
0.110325
0.111393
0.112519
0.113703
0.114944
0.116239
0.117587
0.118983
0.120424
0.121903
0.123415
0.124951
0.126503
0.00598892
0.00597708
0.00596709
0.00596058
0.00595966
0.00596698
0.00598584
0.00602023
0.00607474
0.00615457
0.00626538
0.00641306
0.00660357
0.0068427
0.00713576
0.00748699
0.00789808
0.0083649
0.00887238
0.00939493
0.00992633
0.0105774
0.0117453
0.0143027
0.0197979
0.0306436
0.0501439
0.08215
0.1302
0.196238
0.279386
0.375462
0.477655
0.578071
0.66936
0.745794
0.803641
0.841016
0.857484
0.853615
0.830612
0.790051
0.733815
0.664197
0.584142
0.497631
0.410088
0.331486
0.26817
0.221002
0.187763
0.165007
0.149489
0.138762
0.131164
0.125618
0.12143
0.118157
0.115515
0.113321
0.111461
0.10986
0.108471
0.107264
0.106218
0.105322
0.104563
0.103935
0.103431
0.103043
0.102767
0.102596
0.102524
0.102546
0.102658
0.102854
0.103131
0.103486
0.103913
0.104412
0.10498
0.105615
0.106314
0.107078
0.107904
0.108793
0.109744
0.110757
0.111832
0.112968
0.114163
0.115417
0.116728
0.118092
0.119507
0.120969
0.122471
0.124007
0.125571
0.127152
0.00599002
0.00597888
0.00596966
0.00596356
0.0059622
0.00596787
0.00598363
0.00601324
0.00606118
0.00613259
0.00623312
0.00636867
0.0065452
0.00676856
0.00704436
0.00737766
0.00777236
0.00822959
0.00874422
0.00929926
0.00986489
0.010424
0.0110587
0.0121042
0.0143245
0.0190919
0.028566
0.045757
0.0742832
0.117667
0.178194
0.255693
0.346865
0.445641
0.544475
0.635926
0.713854
0.773973
0.81383
0.832491
0.830118
0.807623
0.76647
0.708665
0.636893
0.554804
0.467373
0.381127
0.306963
0.249582
0.20809
0.179369
0.159832
0.146483
0.137178
0.130496
0.125522
0.121678
0.118598
0.116054
0.113903
0.112052
0.110444
0.109043
0.107825
0.106772
0.105874
0.105119
0.104501
0.104011
0.103643
0.103389
0.103245
0.103203
0.103257
0.103404
0.103637
0.103953
0.104349
0.104821
0.105366
0.105983
0.106669
0.107423
0.108243
0.109129
0.11008
0.111095
0.112174
0.113317
0.114521
0.115786
0.117108
0.118486
0.119916
0.121393
0.122913
0.124469
0.126054
0.12766
0.00599128
0.00598094
0.00597253
0.00596677
0.0059649
0.00596898
0.0059818
0.00600689
0.00604856
0.00611189
0.00620254
0.00632651
0.00648985
0.00669864
0.00695886
0.00727608
0.00765515
0.00809947
0.00860928
0.00917773
0.00978489
0.0103965
0.0109891
0.0116316
0.0126319
0.0147028
0.0191273
0.0279248
0.043925
0.070575
0.111322
0.168569
0.242493
0.330299
0.426402
0.523547
0.614314
0.69235
0.753
0.793384
0.812137
0.809066
0.784884
0.741103
0.680077
0.605167
0.520994
0.433656
0.350594
0.283102
0.232591
0.196875
0.172391
0.155717
0.144217
0.13607
0.130087
0.125517
0.121892
0.11892
0.11642
0.114278
0.112421
0.110804
0.109395
0.108174
0.107126
0.106238
0.1055
0.104904
0.104441
0.104105
0.103886
0.103778
0.103776
0.103872
0.104062
0.10434
0.104704
0.105149
0.105672
0.10627
0.106942
0.107685
0.108498
0.10938
0.11033
0.111346
0.112428
0.113575
0.114786
0.116058
0.11739
0.118778
0.120219
0.121709
0.123242
0.124814
0.126416
0.128042
0.00599273
0.00598361
0.00597639
0.00597121
0.00596924
0.00597267
0.00598426
0.00600742
0.00604631
0.00610587
0.00619154
0.00630893
0.00646365
0.00666143
0.00690806
0.00720927
0.0075704
0.00799611
0.00848958
0.00905051
0.00967052
0.0103266
0.0109806
0.0116056
0.0122694
0.0132764
0.015328
0.0196788
0.0282899
0.0439003
0.0698478
0.109492
0.165222
0.237315
0.323181
0.417474
0.513117
0.602729
0.679831
0.739498
0.778491
0.795099
0.788922
0.760723
0.712388
0.646966
0.568783
0.483539
0.398069
0.321525
0.261852
0.21835
0.187957
0.167101
0.152749
0.142668
0.135349
0.129827
0.125497
0.121986
0.119059
0.116569
0.114423
0.112561
0.110941
0.109536
0.108326
0.107296
0.106434
0.105728
0.105168
0.104746
0.104452
0.104279
0.104218
0.104265
0.104411
0.104652
0.104984
0.105402
0.105902
0.106483
0.10714
0.107873
0.108678
0.109555
0.110501
0.111517
0.112601
0.113751
0.114966
0.116243
0.117581
0.118977
0.120427
0.121926
0.12347
0.125054
0.126671
0.128314
0.00599621
0.00599342
0.00599526
0.00600149
0.0060134
0.00603273
0.00606107
0.0061001
0.00615198
0.00621935
0.00630538
0.00641373
0.00654886
0.00671658
0.00692404
0.00717936
0.00749108
0.00786744
0.00831552
0.00884005
0.00944064
0.0101067
0.0108109
0.0115106
0.0121785
0.0128895
0.0139625
0.0161176
0.0206265
0.0294561
0.0453249
0.0715158
0.111299
0.166959
0.23869
0.323866
0.417166
0.511544
0.599586
0.674657
0.731573
0.766841
0.778657
0.766803
0.732542
0.678536
0.608801
0.528687
0.444737
0.364401
0.296346
0.244757
0.207588
0.181543
0.16345
0.150757
0.141618
0.134806
0.129542
0.125333
0.121871
0.118958
0.116471
0.114326
0.112468
0.110862
0.109478
0.108298
0.107305
0.106484
0.105825
0.105315
0.104946
0.104706
0.104589
0.104586
0.104689
0.104894
0.105195
0.105586
0.106064
0.106627
0.107269
0.10799
0.108787
0.109658
0.110601
0.111615
0.112699
0.11385
0.115067
0.116348
0.117691
0.119092
0.120547
0.122054
0.123607
0.1252
0.126828
0.128485
0.00610686
0.00631295
0.00661998
0.00702373
0.00750694
0.00804715
0.00861664
0.00918143
0.00970337
0.0101446
0.010473
0.0106677
0.0107233
0.0106511
0.0104786
0.0102458
0.0100005
0.00979253
0.00966862
0.00966841
0.00982073
0.0101395
0.0106176
0.0112211
0.0118933
0.0125928
0.0133881
0.014609
0.0170089
0.0219129
0.0313453
0.0480605
0.0753247
0.11631
0.173115
0.245686
0.331151
0.423971
0.516902
0.602317
0.673396
0.724906
0.753554
0.758013
0.738778
0.697967
0.639153
0.567234
0.488262
0.409087
0.336504
0.277291
0.232753
0.200368
0.177309
0.161005
0.149317
0.140716
0.134182
0.129054
0.124909
0.121476
0.118581
0.116108
0.113983
0.112153
0.110581
0.109241
0.10811
0.107171
0.106409
0.105812
0.105366
0.105061
0.104887
0.104835
0.104898
0.105068
0.105338
0.105704
0.106162
0.106706
0.107335
0.108044
0.108832
0.109696
0.110635
0.111646
0.112728
0.113879
0.115097
0.11638
0.117725
0.119129
0.120589
0.122101
0.12366
0.125261
0.126899
0.128567
0.0153228
0.0240852
0.0335268
0.0432458
0.0524809
0.0607311
0.067643
0.0729074
0.0762792
0.0776218
0.0769364
0.0743582
0.0701701
0.0647279
0.0584344
0.051706
0.0449372
0.0384702
0.0325736
0.0274337
0.0231561
0.0197755
0.0172668
0.0155564
0.0145314
0.0140584
0.0140294
0.0144549
0.0156145
0.0182443
0.0237052
0.0340941
0.0522336
0.0813949
0.124626
0.183712
0.258084
0.344208
0.435896
0.525483
0.605331
0.669054
0.712182
0.732311
0.728975
0.70343
0.658458
0.598201
0.527959
0.453801
0.381885
0.317533
0.265497
0.22545
0.19569
0.17431
0.158992
0.14787
0.139593
0.133245
0.128225
0.124148
0.120764
0.117911
0.115482
0.113406
0.11163
0.110119
0.108844
0.107783
0.106917
0.106231
0.105709
0.105339
0.105111
0.105013
0.105036
0.105172
0.105415
0.105758
0.106196
0.106725
0.10734
0.108038
0.108817
0.109674
0.110607
0.111614
0.112694
0.113843
0.11506
0.116343
0.11769
0.119096
0.120559
0.122074
0.123638
0.125245
0.126891
0.128569
0.0260657
0.0392498
0.0544135
0.0717312
0.0897862
0.107542
0.124509
0.140332
0.154638
0.167073
0.177356
0.185482
0.189716
0.189799
0.185987
0.178714
0.168554
0.156245
0.142569
0.128247
0.113911
0.100071
0.0871085
0.0752813
0.0647398
0.0555446
0.0476907
0.0411436
0.0358954
0.0320508
0.0299454
0.0302783
0.0342356
0.0435517
0.0604316
0.0872557
0.12605
0.177816
0.241918
0.315741
0.394769
0.4731
0.544299
0.602359
0.642567
0.662079
0.660151
0.638056
0.598733
0.546251
0.485199
0.420265
0.356171
0.297103
0.248099
0.21175
0.185491
0.166804
0.153407
0.143575
0.136139
0.130338
0.125687
0.121876
0.118702
0.116033
0.113778
0.111873
0.110272
0.108937
0.107842
0.106962
0.106278
0.105773
0.10543
0.105237
0.105181
0.105253
0.105442
0.105742
0.106144
0.106643
0.107235
0.107915
0.108679
0.109524
0.110447
0.111447
0.11252
0.113666
0.114882
0.116166
0.117513
0.118923
0.120391
0.121912
0.123484
0.125101
0.126758
0.12845
0.018296
0.0173323
0.0164805
0.0156166
0.0150193
0.0147797
0.014878
0.0153144
0.0161033
0.0172614
0.0187652
0.0206252
0.0265866
0.0361059
0.0477392
0.0603828
0.0732058
0.0843064
0.0922223
0.096731
0.0979672
0.0963932
0.0925954
0.0871833
0.0807223
0.0737027
0.0665293
0.059526
0.0529527
0.0470401
0.0420477
0.0383458
0.0365161
0.0374558
0.0424488
0.0531559
0.0714723
0.0992262
0.137746
0.187372
0.247035
0.31403
0.384117
0.452
0.512117
0.55953
0.590668
0.603755
0.598832
0.577459
0.542227
0.496302
0.443195
0.386692
0.330971
0.280029
0.236507
0.20363
0.179669
0.162363
0.14975
0.140357
0.133175
0.12754
0.123019
0.119332
0.116289
0.113764
0.111667
0.109933
0.108513
0.107368
0.106467
0.105786
0.105301
0.104993
0.104847
0.104848
0.104983
0.105241
0.105613
0.10609
0.106667
0.107337
0.108094
0.108936
0.109857
0.110854
0.111925
0.113069
0.114282
0.115564
0.116912
0.118323
0.119793
0.121321
0.122902
0.124532
0.126207
0.127921
0.0184683
0.0167586
0.0153865
0.0141566
0.0130182
0.0120174
0.0111466
0.010388
0.00973323
0.00918395
0.00875262
0.00846358
0.00836625
0.00851234
0.00896561
0.00981986
0.0112011
0.0151301
0.0230747
0.0337203
0.0451217
0.0548605
0.0620097
0.0663375
0.0680616
0.0676096
0.0654686
0.0621125
0.0579743
0.0534417
0.0488738
0.0446381
0.0411691
0.0390466
0.0390798
0.0423731
0.0503394
0.0646211
0.0868939
0.118551
0.160296
0.21172
0.270973
0.334705
0.398379
0.456946
0.505696
0.540999
0.560731
0.564322
0.552516
0.52704
0.490317
0.445291
0.395332
0.344063
0.295063
0.251608
0.215447
0.188144
0.168095
0.153407
0.14251
0.13426
0.127873
0.122827
0.118777
0.11549
0.112806
0.110614
0.108833
0.107401
0.106273
0.10541
0.104782
0.104362
0.10413
0.104065
0.104151
0.104374
0.104722
0.105185
0.105753
0.106419
0.107176
0.108019
0.108945
0.109946
0.111021
0.112167
0.113383
0.114668
0.116019
0.117434
0.118911
0.120448
0.122041
0.123688
0.125384
0.127125
0.0181746
0.0165623
0.0151161
0.0138111
0.0126609
0.0116801
0.0108595
0.0101981
0.0096977
0.00935857
0.0091768
0.00914414
0.00925065
0.00948428
0.00982401
0.0102368
0.0106955
0.0111994
0.0118477
0.012893
0.0153345
0.0209972
0.0292821
0.0380201
0.0454746
0.0507959
0.0538492
0.0548731
0.0542475
0.0523843
0.049688
0.0465536
0.0433893
0.0406622
0.0389619
0.0390713
0.042024
0.0491226
0.0618846
0.0818901
0.110515
0.148557
0.19581
0.250708
0.310225
0.370171
0.425861
0.472923
0.507969
0.52894
0.535131
0.527011
0.505983
0.474168
0.434223
0.38918
0.342266
0.296679
0.255203
0.219902
0.191411
0.170132
0.15434
0.142565
0.133665
0.126822
0.12147
0.117227
0.113831
0.1111
0.108906
0.107156
0.10578
0.104725
0.103947
0.103413
0.103093
0.102964
0.103003
0.103195
0.103523
0.103974
0.104537
0.105204
0.105966
0.106816
0.107751
0.108764
0.109851
0.111009
0.112236
0.113531
0.114893
0.11632
0.11781
0.119362
0.120973
0.12264
0.124361
0.126131
0.0180648
0.0164579
0.0149898
0.0137283
0.012699
0.0119299
0.0114379
0.0112379
0.0113279
0.0116843
0.0122646
0.0130143
0.0138749
0.0147899
0.0157101
0.0165982
0.0174343
0.0182164
0.018936
0.0195382
0.0199144
0.0200621
0.020736
0.0237946
0.0293797
0.0358856
0.04156
0.0455197
0.0476233
0.04809
0.0472647
0.0455229
0.0432487
0.0408512
0.038805
0.0377079
0.0383439
0.0417336
0.0491489
0.0620625
0.0820028
0.110289
0.147643
0.193747
0.246887
0.303929
0.360717
0.412805
0.456229
0.488047
0.506575
0.511344
0.50294
0.48278
0.452913
0.41583
0.374292
0.331157
0.289166
0.250698
0.21743
0.190171
0.16887
0.152862
0.140821
0.131693
0.124688
0.119243
0.114967
0.111584
0.108902
0.106784
0.105128
0.103859
0.102919
0.102261
0.101849
0.101651
0.101643
0.101802
0.10211
0.102552
0.103114
0.103784
0.104555
0.105417
0.106366
0.107396
0.108503
0.109681
0.110928
0.112244
0.113626
0.115073
0.116584
0.118157
0.119791
0.121484
0.123233
0.125033
0.0178728
0.0163605
0.015026
0.0141126
0.0137723
0.0140655
0.0149688
0.0163924
0.0181904
0.0201961
0.0222541
0.0242378
0.026056
0.0276499
0.0289881
0.0300597
0.0308691
0.0314344
0.0317883
0.0319806
0.0320846
0.0322338
0.0321944
0.0316373
0.0314324
0.0331194
0.0366908
0.0405581
0.0433815
0.0447553
0.0448046
0.0438262
0.0421511
0.0401226
0.0381217
0.0366145
0.0362097
0.0377175
0.0421913
0.0509317
0.0654217
0.0871545
0.117323
0.156372
0.203527
0.256536
0.311841
0.365198
0.412471
0.450292
0.476418
0.489796
0.490448
0.479278
0.45786
0.428241
0.392765
0.353919
0.314178
0.27583
0.24078
0.210353
0.185153
0.16505
0.149524
0.13774
0.128751
0.121845
0.116496
0.112325
0.109059
0.106506
0.104525
0.103011
0.101887
0.101091
0.100577
0.100305
0.100244
0.100369
0.100656
0.101088
0.101649
0.102325
0.103106
0.103984
0.10495
0.106
0.10713
0.108334
0.109609
0.110953
0.112363
0.113838
0.115378
0.11698
0.118644
0.120367
0.122147
0.123981
0.0177922
0.0168662
0.0168378
0.0182419
0.0210693
0.0249047
0.0292359
0.0336258
0.0377496
0.0414016
0.044476
0.0469373
0.048795
0.0500857
0.0508621
0.0511879
0.0511389
0.0508111
0.050351
0.0499154
0.0493877
0.0485402
0.0473223
0.0456387
0.0434723
0.0413179
0.0404805
0.0416106
0.0433933
0.0443341
0.0440807
0.0429022
0.041146
0.0391089
0.0370757
0.0353881
0.0345099
0.0350874
0.0380007
0.0443925
0.0556486
0.0732918
0.0987342
0.132853
0.175456
0.224874
0.277991
0.330788
0.379156
0.419608
0.449688
0.468071
0.474483
0.469509
0.454395
0.430849
0.400873
0.366617
0.330254
0.293844
0.259212
0.2278
0.200548
0.177835
0.159534
0.145137
0.133947
0.125359
0.118753
0.113646
0.109685
0.106615
0.104248
0.102446
0.101107
0.100151
0.0995197
0.0991632
0.0990433
0.0991283
0.099392
0.0998125
0.100372
0.101054
0.101848
0.102742
0.103728
0.1048
0.105954
0.107187
0.108493
0.109869
0.111313
0.112823
0.114397
0.116034
0.117732
0.119489
0.121304
0.123172
0.0200119
0.0240324
0.0308361
0.0394171
0.0483688
0.0565819
0.0635586
0.0691695
0.0734503
0.0765123
0.0784946
0.0795397
0.0797842
0.0793566
0.0783811
0.0769858
0.0753222
0.0736001
0.0716555
0.0693369
0.0667117
0.0638259
0.0606985
0.0573217
0.0537073
0.0500283
0.0468783
0.0452886
0.0453816
0.0454916
0.0444343
0.0424561
0.0401226
0.037775
0.0356092
0.0338385
0.0327971
0.0330048
0.0352173
0.0404619
0.0500426
0.0654723
0.0882642
0.119514
0.159307
0.206231
0.257353
0.308792
0.356557
0.397276
0.428554
0.449064
0.458454
0.457169
0.446253
0.427173
0.401657
0.371565
0.338781
0.305108
0.27218
0.241362
0.213667
0.189696
0.169634
0.153307
0.140297
0.130083
0.122129
0.115958
0.11118
0.107489
0.104656
0.102506
0.100907
0.0997593
0.0989866
0.0985286
0.098338
0.098376
0.0986112
0.0990177
0.0995743
0.100263
0.10107
0.101982
0.10299
0.104087
0.105267
0.106528
0.107866
0.109278
0.110759
0.112307
0.113919
0.115594
0.117328
0.11912
0.120969
0.122871
0.0450882
0.0631931
0.0790175
0.0919321
0.101844
0.109004
0.113836
0.116751
0.118096
0.118157
0.117168
0.115323
0.11279
0.109718
0.106261
0.102596
0.0986794
0.0943179
0.0896529
0.0847928
0.079827
0.0748212
0.0698151
0.0648343
0.0599263
0.0552268
0.0510771
0.0481321
0.0468892
0.046177
0.0441389
0.0410994
0.0381422
0.0355992
0.0334722
0.0318327
0.0309249
0.0312001
0.033352
0.0383536
0.0474746
0.0622324
0.0841882
0.114487
0.153195
0.198808
0.248336
0.29796
0.343892
0.383089
0.413453
0.433844
0.443992
0.444329
0.4358
0.4197
0.397539
0.370928
0.341485
0.310763
0.280173
0.250923
0.223963
0.199941
0.179191
0.161756
0.147444
0.135912
0.12675
0.119541
0.11391
0.10954
0.106177
0.103619
0.101709
0.100328
0.0993815
0.0987966
0.0985156
0.098492
0.0986884
0.0990743
0.0996244
0.100318
0.101138
0.102069
0.103102
0.104227
0.105437
0.106729
0.108101
0.10955
0.111069
0.112656
0.114306
0.116016
0.117783
0.119604
0.121477
0.123399
0.120942
0.142028
0.154236
0.161532
0.165525
0.167012
0.166532
0.164525
0.161337
0.157235
0.152418
0.147043
0.141244
0.135154
0.128896
0.122318
0.115494
0.108572
0.101658
0.0948368
0.0881608
0.0816517
0.0752997
0.0690726
0.0630369
0.0575288
0.0527847
0.0490631
0.0462153
0.0435775
0.0405789
0.0374905
0.034819
0.0326661
0.0309876
0.0298492
0.0294945
0.0303705
0.0331607
0.0388229
0.0486082
0.064007
0.0865188
0.117149
0.155742
0.200611
0.248871
0.296736
0.339703
0.375891
0.403711
0.422318
0.431579
0.431985
0.424437
0.410113
0.390345
0.366528
0.340042
0.3122
0.284192
0.257044
0.231583
0.208411
0.187898
0.17019
0.155244
0.142873
0.132799
0.124705
0.118276
0.113222
0.109292
0.106275
0.104004
0.102341
0.101181
0.100436
0.100038
0.0999334
0.100077
0.100433
0.100971
0.101667
0.102501
0.103454
0.104515
0.105673
0.106919
0.108249
0.109661
0.111151
0.112711
0.114336
0.116021
0.11776
0.119548
0.121383
0.12326
0.125174
0.221206
0.226433
0.227696
0.22591
0.221893
0.216223
0.209364
0.20184
0.193883
0.185643
0.177207
0.168659
0.160067
0.151436
0.142687
0.133963
0.125312
0.116769
0.108348
0.100043
0.0918262
0.0836742
0.0756003
0.0677117
0.0602699
0.0536634
0.0481724
0.0438451
0.0404659
0.0376625
0.0351465
0.0329286
0.0311346
0.029794
0.028937
0.0287106
0.0294232
0.0315737
0.0358851
0.0433339
0.0551444
0.0726845
0.0971722
0.129164
0.168021
0.211747
0.257355
0.301329
0.340376
0.372826
0.397516
0.413701
0.421021
0.420487
0.41298
0.399583
0.38149
0.359906
0.336
0.310863
0.285478
0.260689
0.237181
0.215469
0.195895
0.178636
0.163721
0.151068
0.140507
0.13182
0.124769
0.119119
0.114648
0.111164
0.108501
0.106518
0.105101
0.104157
0.103609
0.103393
0.10346
0.103767
0.104278
0.104965
0.105803
0.106773
0.107857
0.109044
0.110323
0.11169
0.113142
0.114669
0.116261
0.117911
0.119611
0.121355
0.123137
0.124951
0.126793
0.128656
0.288451
0.284559
0.27625
0.265565
0.253942
0.242099
0.230358
0.218847
0.207594
0.196593
0.18578
0.17497
0.164198
0.153453
0.142738
0.132021
0.121304
0.110607
0.0999888
0.0895633
0.0795092
0.0700585
0.0614644
0.05395
0.0476574
0.0426131
0.0387173
0.0357751
0.0335443
0.0317998
0.0304038
0.0293428
0.0286711
0.0284632
0.0288558
0.0300994
0.0325916
0.0369032
0.0437998
0.0542408
0.0693196
0.0900904
0.117245
0.150694
0.189268
0.230786
0.272466
0.311451
0.345429
0.373089
0.393593
0.406492
0.411846
0.410083
0.40209
0.389116
0.372239
0.352502
0.330882
0.308271
0.285461
0.263126
0.241815
0.221943
0.203798
0.187543
0.173238
0.160851
0.150287
0.141402
0.134029
0.127991
0.123115
0.119238
0.116212
0.11391
0.112221
0.111049
0.110315
0.109953
0.109906
0.110126
0.110575
0.111218
0.112028
0.11298
0.114055
0.115239
0.116521
0.117898
0.119356
0.120881
0.122459
0.124082
0.12574
0.127424
0.129129
0.130849
0.132577
0.134308
0.294243
0.285147
0.27159
0.256422
0.241057
0.226041
0.211479
0.197276
0.183259
0.169503
0.156211
0.14347
0.13117
0.119291
0.107876
0.0969985
0.0867444
0.0772056
0.0684731
0.0606261
0.0537225
0.0477907
0.0428254
0.038786
0.0356
0.0331696
0.0313821
0.0301234
0.0292948
0.0288313
0.0287192
0.0290048
0.0297883
0.0312253
0.0335514
0.0371088
0.042365
0.0499229
0.0605114
0.0749383
0.0939763
0.118165
0.147545
0.181424
0.21832
0.256158
0.29266
0.325745
0.353873
0.376135
0.392017
0.40135
0.404325
0.401269
0.392698
0.37992
0.364033
0.345926
0.326402
0.306174
0.285865
0.265998
0.246997
0.229184
0.212784
0.197933
0.18469
0.173046
0.162946
0.154296
0.146979
0.140869
0.135833
0.131745
0.128484
0.125941
0.124017
0.122626
0.121691
0.121147
0.120937
0.121012
0.121329
0.121852
0.12255
0.123397
0.124373
0.12546
0.126651
0.127943
0.129299
0.130705
0.132147
0.133614
0.135095
0.136584
0.138073
0.139556
0.141031
0.142491
0.220117
0.206188
0.189269
0.172524
0.156874
0.142585
0.129685
0.118115
0.10778
0.0984291
0.089833
0.0819244
0.0746521
0.067984
0.0618985
0.056383
0.05143
0.0470333
0.0431858
0.039877
0.0370924
0.0348131
0.0330159
0.0316745
0.0307617
0.0302523
0.0301268
0.0303772
0.031014
0.0320739
0.0336295
0.0357963
0.0387404
0.0426873
0.0479348
0.0548609
0.063923
0.0756413
0.0905561
0.10915
0.131725
0.158256
0.188248
0.22068
0.254086
0.286776
0.3171
0.343693
0.365606
0.382301
0.393543
0.399352
0.39995
0.39555
0.386388
0.373819
0.358896
0.342355
0.32484
0.306905
0.289028
0.271603
0.254948
0.239302
0.224832
0.211642
0.199777
0.189236
0.179982
0.171948
0.165052
0.159199
0.15429
0.150226
0.146911
0.144256
0.142178
0.140602
0.139461
0.138694
0.138249
0.138078
0.138142
0.138404
0.138833
0.139406
0.1401
0.140907
0.141825
0.142809
0.143836
0.144892
0.145964
0.147042
0.148117
0.149183
0.150236
0.15127
0.152285
0.153277
0.105616
0.0980737
0.0906127
0.0839306
0.0779873
0.0726957
0.0679661
0.0637199
0.059892
0.0564254
0.0532763
0.0504161
0.0478259
0.0454948
0.0434172
0.0415918
0.0400202
0.0387063
0.0376562
0.0368775
0.0363796
0.0361742
0.0362757
0.0367024
0.037478
0.0386338
0.0402113
0.0422661
0.0448717
0.0481251
0.052152
0.0571121
0.0632032
0.0706644
0.0797744
0.0908434
0.104193
0.120124
0.138861
0.160486
0.18486
0.211558
0.239839
0.268687
0.296921
0.32335
0.346925
0.366844
0.382601
0.393951
0.400857
0.403436
0.401861
0.396059
0.386406
0.374211
0.360342
0.345388
0.329844
0.31413
0.298599
0.283539
0.269179
0.255688
0.243184
0.231738
0.221378
0.212102
0.203877
0.196655
0.19037
0.184949
0.180315
0.17639
0.173097
0.170364
0.168123
0.166312
0.164872
0.163755
0.162912
0.162305
0.161898
0.161659
0.161562
0.161587
0.161722
0.161966
0.162278
0.162626
0.162997
0.163382
0.16377
0.164156
0.164534
0.164901
0.165254
0.165591
0.165912
0.166216
0.0860966
0.0828184
0.0796183
0.076674
0.0739791
0.0715169
0.0692724
0.0672342
0.0653946
0.0637491
0.0622965
0.0610379
0.0599768
0.0591191
0.0584734
0.0580507
0.0578651
0.0579337
0.0582768
0.0589186
0.0598874
0.0612163
0.0629441
0.0651159
0.0677846
0.0710118
0.0748695
0.0794418
0.0848261
0.0911349
0.0984965
0.107054
0.116966
0.128394
0.141499
0.156423
0.173264
0.192046
0.212688
0.234968
0.2585
0.28273
0.306957
0.330398
0.352255
0.371812
0.388492
0.401903
0.411842
0.418263
0.421238
0.420886
0.417161
0.409801
0.399753
0.388008
0.375163
0.361668
0.34789
0.334133
0.320645
0.307626
0.295233
0.283577
0.272734
0.262748
0.253631
0.245374
0.237949
0.231315
0.22542
0.220206
0.215613
0.21158
0.208047
0.204958
0.202258
0.1999
0.197837
0.19603
0.194443
0.193043
0.191803
0.1907
0.189714
0.188833
0.188056
0.187347
0.186675
0.186032
0.18541
0.184804
0.18421
0.183626
0.183048
0.182476
0.181909
0.181346
0.180787
0.180232
0.149938
0.147832
0.145629
0.143508
0.141495
0.139604
0.13785
0.136247
0.134811
0.133559
0.132509
0.13168
0.131095
0.130776
0.130748
0.131038
0.131677
0.132698
0.134138
0.136035
0.138434
0.141383
0.144934
0.149143
0.15407
0.159779
0.166339
0.17382
0.182292
0.191826
0.202489
0.214339
0.227422
0.241761
0.257348
0.274134
0.292009
0.310799
0.330247
0.350016
0.369694
0.388808
0.406859
0.423354
0.437853
0.449999
0.459545
0.466362
0.470425
0.471792
0.47055
0.466693
0.459738
0.450321
0.439326
0.427299
0.414651
0.401703
0.388709
0.375874
0.363361
0.351301
0.339792
0.328901
0.318674
0.30913
0.300274
0.292092
0.28456
0.277644
0.271305
0.2655
0.260184
0.255312
0.250841
0.246727
0.242932
0.239421
0.236159
0.233118
0.23027
0.227593
0.225067
0.222674
0.220402
0.218245
0.216177
0.214172
0.212223
0.210328
0.208482
0.206682
0.204927
0.203216
0.201547
0.19992
0.198333
0.196786
0.195276
0.193798
0.271739
0.272268
0.272902
0.273584
0.274313
0.275103
0.275972
0.27694
0.278031
0.27927
0.280684
0.282304
0.284161
0.28629
0.288728
0.291515
0.294693
0.298305
0.302398
0.30702
0.312217
0.318038
0.324531
0.331741
0.339707
0.348464
0.35804
0.36845
0.379696
0.391766
0.404625
0.418219
0.432465
0.447251
0.462434
0.477835
0.493238
0.508396
0.52303
0.53684
0.549519
0.560765
0.5703
0.577888
0.583346
0.586558
0.587472
0.586097
0.582483
0.576708
0.56882
0.558358
0.545981
0.532427
0.518114
0.503378
0.488488
0.473652
0.459031
0.44475
0.430907
0.417577
0.404814
0.392653
0.381112
0.370198
0.359903
0.350213
0.341105
0.33255
0.324519
0.316976
0.309888
0.303221
0.296941
0.291017
0.285418
0.280116
0.275086
0.270305
0.265751
0.261405
0.25725
0.253272
0.249457
0.24579
0.242244
0.238815
0.235498
0.232288
0.229181
0.226174
0.223263
0.220447
0.217722
0.215086
0.212536
0.210069
0.207677
0.205348
0.40219
0.406305
0.411241
0.416445
0.421827
0.427385
0.433131
0.439084
0.445264
0.451691
0.458391
0.465388
0.472709
0.480382
0.488436
0.496901
0.505807
0.515182
0.525054
0.535447
0.546383
0.557875
0.569929
0.582541
0.595694
0.609357
0.623478
0.637988
0.652795
0.667782
0.682808
0.697711
0.712302
0.726375
0.739708
0.752067
0.763214
0.772914
0.780945
0.787103
0.791217
0.793147
0.792798
0.790115
0.785087
0.777736
0.76811
0.756266
0.742264
0.726191
0.70777
0.687838
0.667328
0.646592
0.625868
0.605367
0.585256
0.565654
0.546653
0.528317
0.510691
0.493804
0.477671
0.462296
0.447675
0.433793
0.420629
0.40816
0.396356
0.385186
0.374616
0.364612
0.355141
0.346169
0.337664
0.329594
0.321931
0.314646
0.307714
0.301111
0.294815
0.288805
0.283061
0.277567
0.272303
0.267247
0.262387
0.257715
0.253223
0.248901
0.244743
0.240743
0.236893
0.233188
0.229622
0.226191
0.222889
0.219707
0.216635
0.213653
0.48593
0.492591
0.500733
0.509407
0.518443
0.527825
0.537565
0.547685
0.558206
0.569152
0.580546
0.592413
0.604778
0.617663
0.63109
0.64508
0.659649
0.674807
0.690562
0.706909
0.723835
0.741316
0.759308
0.777754
0.796574
0.815663
0.834894
0.85411
0.87313
0.891744
0.909717
0.926797
0.942713
0.957188
0.969946
0.980718
0.98926
0.995352
0.998815
0.999517
0.997371
0.992345
0.98445
0.97374
0.960297
0.944218
0.925593
0.904489
0.880967
0.85503
0.826755
0.798154
0.769802
0.741887
0.714603
0.688104
0.662499
0.637856
0.614219
0.591609
0.570034
0.549486
0.529951
0.511404
0.493816
0.477153
0.461379
0.446453
0.432335
0.418982
0.406352
0.394404
0.383097
0.372392
0.362252
0.352639
0.343521
0.334865
0.326641
0.318822
0.31138
0.304292
0.297535
0.291086
0.284924
0.279031
0.27339
0.267988
0.262813
0.257852
0.253094
0.248531
0.244153
0.239952
0.23592
0.23205
0.228334
0.224763
0.221322
0.217984
0.0219358
0.0218317
0.0217337
0.0216397
0.0215494
0.0214625
0.0213787
0.0212977
0.0212194
0.0211434
0.0210695
0.0209976
0.0209275
0.020859
0.0207919
0.0207262
0.0206616
0.0205981
0.0205356
0.020474
0.0204132
0.0203531
0.0202937
0.0202349
0.0201766
0.0201188
0.0200615
0.0200045
0.0199479
0.0198917
0.0198357
0.0197799
0.0197244
0.019669
0.0196138
0.0195587
0.0195036
0.0194486
0.0193935
0.0193384
0.0192833
0.019228
0.0191725
0.0191169
0.0190609
0.0190047
0.0189481
0.0188911
0.0188336
0.0187755
0.0187169
0.0186576
0.0185975
0.0185365
0.0184747
0.0184118
0.0183479
0.0182827
0.0182162
0.0181482
0.0180787
0.0180074
0.0179343
0.0178592
0.017782
0.0177023
0.0176202
0.0175352
0.0174473
0.0173562
0.0172617
0.0171633
0.0170609
0.0169541
0.0168426
0.0167259
0.0166036
0.0164753
0.0163404
0.0161983
0.0160483
0.0158899
0.015722
0.0155439
0.0153545
0.0151525
0.0149366
0.0147052
0.0144565
0.0141882
0.0138979
0.0135822
0.0132376
0.0128593
0.0124417
0.0119774
0.0114565
0.0108609
0.0101354
0.00909273
0.0386732
0.0382529
0.0378606
0.0374922
0.0371464
0.0368219
0.0365173
0.0362313
0.0359625
0.0357096
0.0354713
0.0352464
0.0350338
0.0348322
0.0346408
0.0344585
0.0342846
0.0341181
0.0339584
0.0338048
0.0336567
0.0335135
0.0333747
0.0332398
0.0331085
0.0329804
0.032855
0.0327322
0.0326116
0.032493
0.0323761
0.0322608
0.0321467
0.0320338
0.0319219
0.0318109
0.0317004
0.0315906
0.0314811
0.0313718
0.0312627
0.0311536
0.0310444
0.030935
0.0308252
0.030715
0.0306041
0.0304925
0.03038
0.0302666
0.0301519
0.030036
0.0299187
0.0297997
0.0296789
0.0295562
0.0294313
0.0293041
0.0291742
0.0290416
0.0289059
0.028767
0.0286244
0.028478
0.0283274
0.0281723
0.0280123
0.027847
0.027676
0.0274988
0.027315
0.027124
0.0269252
0.0267179
0.0265015
0.0262753
0.0260382
0.0257894
0.0255279
0.0252523
0.0249615
0.0246538
0.0243276
0.0239808
0.0236111
0.0232158
0.0227917
0.0223349
0.0218407
0.0213033
0.0207152
0.020067
0.0193459
0.0185342
0.0176067
0.0165245
0.0152239
0.01359
0.0114052
0.00879375
0.05096
0.0504127
0.0499019
0.0494235
0.0489759
0.0485576
0.0481668
0.0478016
0.0474602
0.0471407
0.0468414
0.0465605
0.0462962
0.0460472
0.0458118
0.0455887
0.0453766
0.0451745
0.0449812
0.0447957
0.0446173
0.044445
0.0442782
0.0441162
0.0439585
0.0438045
0.0436538
0.0435059
0.0433604
0.0432171
0.0430755
0.0429355
0.0427967
0.0426589
0.042522
0.0423856
0.0422497
0.042114
0.0419783
0.0418426
0.0417067
0.0415703
0.0414335
0.0412959
0.0411576
0.0410182
0.0408778
0.040736
0.0405928
0.040448
0.0403014
0.0401529
0.0400021
0.039849
0.0396934
0.0395349
0.0393734
0.0392086
0.0390402
0.038868
0.0386916
0.0385107
0.0383249
0.0381339
0.0379373
0.0377345
0.0375253
0.0373089
0.0370849
0.0368528
0.0366117
0.0363611
0.0361001
0.035828
0.0355437
0.0352463
0.0349347
0.0346075
0.0342634
0.0339009
0.0335181
0.0331131
0.0326835
0.0322268
0.0317398
0.0312189
0.0306599
0.0300575
0.0294056
0.0286961
0.0279192
0.0270618
0.0261065
0.025029
0.0237938
0.0223456
0.0205915
0.0183561
0.0152698
0.0110455
0.0604329
0.0598858
0.0593758
0.0588984
0.058452
0.0580347
0.0576449
0.0572805
0.0569397
0.0566206
0.0563213
0.05604
0.0557751
0.0555249
0.0552881
0.0550631
0.0548487
0.0546437
0.0544471
0.0542578
0.054075
0.0538979
0.0537258
0.0535579
0.0533937
0.0532327
0.0530744
0.0529184
0.0527642
0.0526115
0.0524601
0.0523095
0.0521596
0.0520102
0.0518609
0.0517116
0.0515621
0.0514121
0.0512617
0.0511105
0.0509583
0.0508052
0.0506507
0.0504949
0.0503376
0.0501785
0.0500175
0.0498544
0.0496891
0.0495212
0.0493508
0.0491774
0.0490009
0.048821
0.0486376
0.0484502
0.0482586
0.0480625
0.0478616
0.0476555
0.0474439
0.0472262
0.0470022
0.0467712
0.0465329
0.0462866
0.0460318
0.0457679
0.0454941
0.0452098
0.044914
0.0446061
0.0442849
0.0439496
0.0435988
0.0432314
0.042846
0.0424411
0.0420148
0.0415654
0.0410906
0.040588
0.0400547
0.0394876
0.0388828
0.0382359
0.0375416
0.0367937
0.0359842
0.0351036
0.0341395
0.0330758
0.0318908
0.0305541
0.0290212
0.0272222
0.0250379
0.0222394
0.018324
0.0127375
0.0685241
0.0680184
0.0675469
0.0671052
0.0666919
0.0663053
0.0659438
0.0656055
0.0652887
0.0649915
0.0647123
0.0644493
0.064201
0.0639658
0.0637424
0.0635295
0.0633258
0.0631302
0.0629418
0.0627595
0.0625827
0.0624104
0.062242
0.062077
0.0619146
0.0617545
0.0615962
0.0614393
0.0612834
0.0611281
0.0609732
0.0608184
0.0606634
0.060508
0.060352
0.0601952
0.0600373
0.0598782
0.0597178
0.0595557
0.059392
0.0592263
0.0590585
0.0588884
0.0587159
0.0585408
0.0583628
0.0581818
0.0579975
0.0578097
0.0576182
0.0574228
0.0572231
0.0570189
0.0568099
0.0565957
0.0563761
0.0561506
0.0559189
0.0556805
0.055435
0.055182
0.0549209
0.0546511
0.0543722
0.0540833
0.053784
0.0534734
0.0531508
0.0528152
0.0524658
0.0521016
0.0517214
0.0513241
0.0509083
0.0504727
0.0500155
0.0495351
0.0490295
0.0484965
0.0479336
0.0473379
0.0467064
0.0460352
0.0453201
0.044556
0.0437369
0.0428556
0.0419031
0.0408684
0.0397373
0.0384913
0.0371053
0.0355444
0.0337566
0.0316604
0.0291152
0.0258467
0.0212295
0.014325
0.0755701
0.0751234
0.0747073
0.0743175
0.0739527
0.0736114
0.0732919
0.0729927
0.072712
0.0724483
0.0721999
0.0719654
0.0717432
0.0715321
0.0713307
0.0711378
0.0709525
0.0707736
0.0706002
0.0704316
0.0702669
0.0701055
0.0699467
0.0697899
0.0696348
0.0694808
0.0693274
0.0691744
0.0690213
0.0688679
0.0687138
0.0685589
0.0684029
0.0682454
0.0680864
0.0679257
0.0677629
0.067598
0.0674307
0.0672609
0.0670884
0.066913
0.0667345
0.0665526
0.0663673
0.0661783
0.0659854
0.0657883
0.0655868
0.0653806
0.0651696
0.0649533
0.0647315
0.0645039
0.0642701
0.0640297
0.0637824
0.0635278
0.0632654
0.0629947
0.0627152
0.0624264
0.0621277
0.0618184
0.061498
0.0611657
0.0608207
0.0604622
0.0600894
0.0597012
0.0592966
0.0588745
0.0584337
0.0579727
0.0574903
0.0569847
0.0564542
0.0558968
0.0553104
0.0546925
0.0540403
0.0533508
0.0526204
0.051845
0.0510198
0.0501392
0.0491966
0.0481838
0.0470911
0.045906
0.0446127
0.0431905
0.0416114
0.0398359
0.0378054
0.0354273
0.0325411
0.0288311
0.0235645
0.0155479
0.081872
0.0814907
0.0811354
0.0808026
0.080491
0.0801992
0.0799259
0.0796696
0.0794288
0.079202
0.0789879
0.0787851
0.0785922
0.0784082
0.0782318
0.078062
0.0778979
0.0777384
0.0775829
0.0774306
0.0772807
0.0771327
0.076986
0.0768401
0.0766946
0.076549
0.0764029
0.0762561
0.0761081
0.0759587
0.0758076
0.0756546
0.0754994
0.0753418
0.0751816
0.0750186
0.0748526
0.0746834
0.0745108
0.0743346
0.0741546
0.0739705
0.0737823
0.0735896
0.0733923
0.0731901
0.0729828
0.07277
0.0725516
0.0723273
0.0720966
0.0718594
0.0716153
0.0713639
0.0711048
0.0708377
0.070562
0.0702773
0.0699831
0.069679
0.0693642
0.0690383
0.0687006
0.0683504
0.067987
0.0676095
0.0672173
0.0668092
0.0663845
0.065942
0.0654806
0.0649992
0.0644963
0.0639705
0.0634203
0.062844
0.0622396
0.061605
0.060938
0.0602359
0.0594957
0.0587142
0.0578876
0.0570115
0.0560808
0.0550894
0.0540304
0.052895
0.0516726
0.05035
0.0489102
0.0473308
0.0455816
0.0436198
0.0413817
0.0387663
0.0355977
0.0315264
0.0257249
0.0166727
0.0875334
0.0872193
0.0869267
0.0866524
0.0863955
0.0861547
0.0859289
0.0857167
0.085517
0.0853284
0.0851497
0.0849797
0.0848174
0.0846616
0.0845114
0.0843658
0.084224
0.0840853
0.0839488
0.0838139
0.08368
0.0835466
0.0834132
0.0832793
0.0831445
0.0830084
0.0828706
0.0827309
0.082589
0.0824445
0.0822973
0.082147
0.0819934
0.0818364
0.0816756
0.081511
0.0813422
0.0811691
0.0809914
0.080809
0.0806216
0.080429
0.080231
0.0800274
0.0798178
0.079602
0.0793798
0.0791509
0.0789149
0.0786715
0.0784204
0.0781613
0.0778938
0.0776174
0.0773317
0.0770363
0.0767307
0.0764144
0.0760869
0.0757475
0.0753957
0.0750308
0.0746522
0.0742591
0.0738507
0.0734261
0.0729845
0.072525
0.0720464
0.0715477
0.0710277
0.0704851
0.0699185
0.0693264
0.0687072
0.068059
0.0673798
0.0666674
0.0659194
0.0651331
0.0643054
0.0634328
0.0625113
0.0615363
0.0605024
0.0594035
0.0582319
0.0569785
0.0556321
0.0541786
0.0526
0.0508725
0.0489637
0.0468277
0.0443965
0.041561
0.0381311
0.0337269
0.0274404
0.0175341
0.0926393
0.0923918
0.092161
0.0919443
0.091741
0.0915501
0.0913707
0.0912018
0.0910422
0.090891
0.090747
0.0906093
0.0904769
0.0903489
0.0902245
0.0901028
0.0899832
0.0898648
0.0897472
0.0896298
0.0895119
0.0893931
0.0892729
0.0891511
0.089027
0.0889005
0.0887712
0.0886388
0.088503
0.0883636
0.0882202
0.0880727
0.0879208
0.0877643
0.087603
0.0874366
0.0872649
0.0870877
0.0869048
0.086716
0.0865209
0.0863195
0.0861113
0.0858962
0.0856738
0.0854439
0.0852062
0.0849604
0.0847061
0.0844429
0.0841706
0.0838887
0.0835967
0.0832944
0.0829811
0.0826565
0.0823199
0.081971
0.081609
0.0812333
0.0808434
0.0804385
0.080018
0.0795809
0.0791266
0.0786541
0.0781625
0.0776508
0.0771179
0.0765627
0.0759839
0.0753803
0.0747503
0.0740925
0.073405
0.0726862
0.0719338
0.0711457
0.0703193
0.0694518
0.0685402
0.0675807
0.0665694
0.0655014
0.0643712
0.0631724
0.0618971
0.0605359
0.0590772
0.0575062
0.0558042
0.0539463
0.0518986
0.0496131
0.0470177
0.0439979
0.0403521
0.0356759
0.0289912
0.0183093
0.0972347
0.0970519
0.0968809
0.0967199
0.0965683
0.0964255
0.0962908
0.0961634
0.0960425
0.0959271
0.0958165
0.0957098
0.0956063
0.0955051
0.0954056
0.095307
0.0952087
0.0951102
0.0950109
0.0949103
0.094808
0.0947034
0.0945961
0.0944859
0.0943724
0.0942552
0.0941341
0.0940087
0.0938788
0.0937441
0.0936044
0.0934594
0.0933088
0.0931526
0.0929904
0.0928219
0.092647
0.0924654
0.0922769
0.0920812
0.091878
0.0916672
0.0914483
0.0912212
0.0909855
0.0907409
0.0904871
0.0902237
0.0899504
0.0896668
0.0893724
0.089067
0.08875
0.0884209
0.0880794
0.0877248
0.0873566
0.0869742
0.0865771
0.0861647
0.0857361
0.0852907
0.0848278
0.0843466
0.0838462
0.0833257
0.0827841
0.0822205
0.0816337
0.0810226
0.0803859
0.0797223
0.0790303
0.0783083
0.0775547
0.0767674
0.0759445
0.0750837
0.0741823
0.0732377
0.0722465
0.0712052
0.0701094
0.0689545
0.0677348
0.0664435
0.0650727
0.0636126
0.0620512
0.0603733
0.0585595
0.0565838
0.0544109
0.0519906
0.0492479
0.0460622
0.0422218
0.0373
0.0302579
0.0189233
0.101362
0.101241
0.101127
0.101019
0.100917
0.10082
0.100727
0.100639
0.100555
0.100473
0.100394
0.100317
0.100241
0.100165
0.100089
0.100012
0.0999345
0.0998549
0.099773
0.0996884
0.0996007
0.0995096
0.0994147
0.0993156
0.0992119
0.0991035
0.09899
0.0988712
0.0987467
0.0986163
0.0984798
0.0983369
0.0981874
0.098031
0.0978675
0.0976966
0.097518
0.0973316
0.0971371
0.0969341
0.0967225
0.0965019
0.096272
0.0960325
0.0957831
0.0955235
0.0952532
0.094972
0.0946794
0.094375
0.0940585
0.0937294
0.0933871
0.0930313
0.0926614
0.0922769
0.0918771
0.0914616
0.0910297
0.0905808
0.0901141
0.0896289
0.0891244
0.0886
0.0880546
0.0874874
0.0868974
0.0862836
0.0856449
0.0849801
0.084288
0.0835673
0.0828163
0.0820337
0.0812176
0.0803663
0.0794775
0.078549
0.0775783
0.0765625
0.0754984
0.0743823
0.07321
0.0719766
0.0706763
0.0693024
0.0678467
0.0662992
0.0646476
0.0628764
0.0609653
0.0588879
0.0566076
0.0540725
0.0512048
0.0478794
0.043876
0.038749
0.0314054
0.0194753
0.105057
0.104995
0.104935
0.104876
0.10482
0.104766
0.104713
0.104662
0.104612
0.104563
0.104514
0.104464
0.104413
0.104361
0.104308
0.104252
0.104193
0.104131
0.104066
0.103996
0.103923
0.103844
0.103761
0.103672
0.103578
0.103478
0.103371
0.103259
0.103139
0.103013
0.102879
0.102738
0.102589
0.102432
0.102267
0.102093
0.101911
0.10172
0.101519
0.101309
0.101088
0.100858
0.100617
0.100365
0.100102
0.0998271
0.0995405
0.0992416
0.0989299
0.0986051
0.0982667
0.0979142
0.0975472
0.0971651
0.0967675
0.0963538
0.0959234
0.0954757
0.0950101
0.094526
0.0940225
0.0934991
0.0929548
0.092389
0.0918008
0.0911893
0.0905534
0.0898922
0.0892047
0.0884895
0.0877456
0.0869716
0.086166
0.0853272
0.0844536
0.0835433
0.0825943
0.0816041
0.0805704
0.0794903
0.0783605
0.0771772
0.0759364
0.074633
0.0732612
0.0718142
0.0702835
0.0686591
0.0669283
0.0650752
0.0630792
0.0609128
0.0585385
0.0559027
0.052925
0.0494761
0.0453275
0.0400159
0.0323993
0.0199416
0.108354
0.108346
0.108337
0.108325
0.108313
0.108298
0.108283
0.108267
0.108249
0.108229
0.108208
0.108184
0.108158
0.108128
0.108096
0.108059
0.108018
0.107973
0.107923
0.107868
0.107808
0.107741
0.107669
0.10759
0.107505
0.107412
0.107313
0.107206
0.107091
0.106968
0.106837
0.106697
0.106549
0.106392
0.106225
0.106048
0.105862
0.105666
0.105459
0.105241
0.105013
0.104773
0.104521
0.104257
0.103981
0.103691
0.103389
0.103073
0.102743
0.102399
0.102039
0.101664
0.101274
0.100867
0.100443
0.100001
0.099542
0.0990639
0.0985666
0.0980493
0.0975114
0.0969522
0.0963709
0.0957666
0.0951387
0.0944861
0.0938079
0.0931032
0.0923708
0.0916097
0.0908186
0.0899962
0.0891411
0.0882517
0.0873264
0.0863634
0.0853605
0.0843155
0.083226
0.082089
0.0809013
0.0796592
0.0783585
0.0769941
0.0755601
0.0740497
0.0724543
0.0707635
0.0689647
0.0670413
0.0649723
0.0627297
0.0602749
0.0575529
0.0544809
0.0509259
0.046652
0.0411803
0.033323
0.0203699
0.111286
0.11133
0.111367
0.111399
0.111427
0.11145
0.11147
0.111486
0.111498
0.111506
0.111511
0.111512
0.111508
0.1115
0.111487
0.111469
0.111445
0.111416
0.111381
0.111339
0.111291
0.111236
0.111174
0.111105
0.111028
0.110943
0.11085
0.110748
0.110638
0.110519
0.110391
0.110253
0.110105
0.109947
0.109779
0.1096
0.10941
0.109209
0.108997
0.108772
0.108536
0.108287
0.108025
0.10775
0.107461
0.107158
0.106841
0.106509
0.106162
0.1058
0.105421
0.105025
0.104613
0.104183
0.103734
0.103268
0.102781
0.102275
0.101749
0.101201
0.100632
0.10004
0.0994253
0.0987863
0.0981224
0.0974328
0.0967166
0.0959727
0.0952003
0.0943981
0.093565
0.0926996
0.0918007
0.0908666
0.0898958
0.0888864
0.0878363
0.0867434
0.0856052
0.0844187
0.0831808
0.0818877
0.0805351
0.079118
0.0776304
0.0760653
0.074414
0.0726661
0.0708083
0.0688242
0.066692
0.064383
0.0618578
0.05906
0.0559046
0.0522548
0.0478682
0.0422507
0.034171
0.0207549
0.113885
0.113976
0.114058
0.114131
0.114196
0.114254
0.114306
0.114352
0.114393
0.114427
0.114457
0.11448
0.114498
0.11451
0.114515
0.114515
0.114508
0.114494
0.114472
0.114444
0.114408
0.114365
0.114313
0.114253
0.114184
0.114107
0.11402
0.113924
0.113818
0.113703
0.113577
0.113441
0.113295
0.113137
0.112968
0.112787
0.112594
0.11239
0.112172
0.111942
0.111699
0.111442
0.111171
0.110886
0.110586
0.110271
0.109941
0.109595
0.109232
0.108853
0.108457
0.108043
0.107611
0.10716
0.10669
0.1062
0.10569
0.105159
0.104607
0.104033
0.103436
0.102815
0.10217
0.1015
0.100805
0.100083
0.0993329
0.0985549
0.0977474
0.0969094
0.0960397
0.095137
0.0942001
0.0932274
0.0922172
0.0911678
0.0900772
0.0889431
0.087763
0.0865341
0.0852531
0.0839163
0.0825193
0.081057
0.0795234
0.0779113
0.076212
0.0744146
0.0725059
0.0704688
0.0682813
0.065914
0.0633265
0.0604611
0.057231
0.0534959
0.0490072
0.0432571
0.0349738
0.0211126
0.116501
0.116642
0.116769
0.116884
0.116988
0.117082
0.117167
0.117244
0.117313
0.117375
0.117429
0.117476
0.117516
0.117548
0.117573
0.11759
0.1176
0.117601
0.117595
0.117579
0.117556
0.117523
0.117482
0.117431
0.117371
0.117301
0.117221
0.11713
0.117029
0.116917
0.116794
0.116659
0.116513
0.116355
0.116185
0.116002
0.115806
0.115596
0.115374
0.115137
0.114886
0.11462
0.11434
0.114044
0.113733
0.113405
0.113061
0.1127
0.112321
0.111925
0.11151
0.111077
0.110625
0.110153
0.10966
0.109147
0.108613
0.108056
0.107478
0.106876
0.10625
0.1056
0.104925
0.104225
0.103497
0.102742
0.101959
0.101147
0.100305
0.0994309
0.0985248
0.0975851
0.0966104
0.0955993
0.0945502
0.0934612
0.0923304
0.0911556
0.0899341
0.0886632
0.0873395
0.0859593
0.084518
0.0830107
0.081431
0.0797717
0.0780238
0.0761764
0.0742157
0.0721244
0.0698797
0.0674517
0.0647989
0.0618621
0.0585521
0.0547252
0.0501261
0.0442329
0.0357347
0.0214323
0.119032
0.119224
0.119399
0.119557
0.119702
0.119835
0.119956
0.120067
0.120168
0.120259
0.120341
0.120415
0.120479
0.120535
0.120582
0.12062
0.12065
0.12067
0.120681
0.120682
0.120674
0.120657
0.120629
0.120591
0.120542
0.120483
0.120412
0.120331
0.120238
0.120133
0.120016
0.119886
0.119744
0.119589
0.119421
0.119239
0.119044
0.118834
0.118609
0.11837
0.118115
0.117845
0.117559
0.117256
0.116937
0.1166
0.116246
0.115874
0.115484
0.115074
0.114646
0.114198
0.113729
0.11324
0.11273
0.112198
0.111644
0.111067
0.110467
0.109842
0.109194
0.10852
0.10782
0.107093
0.106339
0.105557
0.104746
0.103905
0.103034
0.10213
0.101194
0.100223
0.0992165
0.0981731
0.0970912
0.095969
0.0948043
0.0935949
0.0923384
0.0910318
0.0896718
0.0882545
0.0867755
0.0852294
0.0836099
0.0819096
0.0801193
0.0782277
0.0762209
0.0740808
0.0717843
0.0693004
0.0665864
0.0635816
0.0601938
0.0562751
0.0515616
0.0455131
0.0367639
0.0218776
0.121173
0.121412
0.12163
0.12183
0.122014
0.122183
0.122338
0.122481
0.122613
0.122733
0.122843
0.122943
0.123033
0.123112
0.123182
0.123242
0.123292
0.123332
0.123362
0.123382
0.123391
0.12339
0.123377
0.123354
0.123319
0.123273
0.123215
0.123145
0.123062
0.122967
0.122859
0.122738
0.122604
0.122455
0.122293
0.122116
0.121924
0.121717
0.121495
0.121257
0.121002
0.120732
0.120444
0.120139
0.119817
0.119476
0.119117
0.118739
0.118342
0.117926
0.117489
0.117031
0.116553
0.116052
0.11553
0.114986
0.114418
0.113827
0.113211
0.112571
0.111905
0.111214
0.110496
0.10975
0.108977
0.108174
0.107342
0.10648
0.105586
0.104659
0.103699
0.102704
0.101672
0.100604
0.0994954
0.0983463
0.0971541
0.0959165
0.094631
0.0932946
0.0919039
0.090455
0.0889433
0.0873633
0.0857087
0.0839717
0.082143
0.0802109
0.0781611
0.0759752
0.0736292
0.0710914
0.068318
0.0652463
0.0617818
0.0577719
0.0529449
0.0467429
0.0377478
0.0222905
0.122976
0.123259
0.123517
0.123756
0.123976
0.124179
0.124367
0.124542
0.124703
0.124853
0.12499
0.125116
0.125231
0.125335
0.125429
0.125512
0.125584
0.125645
0.125695
0.125734
0.125762
0.125779
0.125784
0.125778
0.125759
0.125728
0.125685
0.125629
0.12556
0.125477
0.125381
0.125271
0.125147
0.125008
0.124854
0.124686
0.124501
0.124301
0.124084
0.123851
0.123602
0.123334
0.123049
0.122746
0.122425
0.122085
0.121725
0.121346
0.120947
0.120527
0.120086
0.119624
0.11914
0.118634
0.118105
0.117552
0.116976
0.116375
0.11575
0.115099
0.114422
0.113718
0.112987
0.112227
0.111439
0.110622
0.109774
0.108895
0.107983
0.107039
0.10606
0.105046
0.103994
0.102905
0.101775
0.100604
0.0993882
0.0981268
0.0968165
0.0954544
0.0940371
0.0925605
0.0910199
0.0894097
0.0877235
0.0859533
0.0840894
0.0821202
0.0800306
0.0778021
0.07541
0.0728217
0.0699924
0.0668577
0.0633207
0.0592246
0.0542902
0.047942
0.0387106
0.0226862
0.124486
0.124809
0.125106
0.12538
0.125635
0.125872
0.126092
0.126297
0.126488
0.126666
0.126831
0.126984
0.127125
0.127255
0.127373
0.127479
0.127574
0.127658
0.12773
0.127791
0.127839
0.127876
0.127901
0.127913
0.127913
0.1279
0.127874
0.127834
0.127781
0.127714
0.127632
0.127536
0.127425
0.127299
0.127157
0.127
0.126826
0.126636
0.126429
0.126204
0.125962
0.125702
0.125423
0.125126
0.124809
0.124473
0.124117
0.123741
0.123343
0.122925
0.122484
0.122022
0.121536
0.121028
0.120496
0.11994
0.11936
0.118754
0.118123
0.117465
0.116781
0.116069
0.115329
0.11456
0.113762
0.112934
0.112074
0.111182
0.110258
0.109299
0.108306
0.107276
0.106208
0.105101
0.103954
0.102764
0.101529
0.100247
0.0989151
0.0975306
0.0960896
0.0945883
0.0930216
0.0913841
0.089669
0.0878682
0.0859718
0.0839679
0.0818412
0.0795725
0.0771368
0.0745007
0.0716182
0.0684234
0.064817
0.0606383
0.0556005
0.0491113
0.0396505
0.023063
0.125743
0.126103
0.126436
0.126745
0.127033
0.127302
0.127554
0.127789
0.12801
0.128217
0.12841
0.12859
0.128758
0.128914
0.129057
0.129189
0.129309
0.129416
0.129512
0.129596
0.129667
0.129726
0.129772
0.129806
0.129826
0.129833
0.129826
0.129806
0.129771
0.129722
0.129657
0.129578
0.129484
0.129373
0.129247
0.129103
0.128943
0.128766
0.128572
0.128359
0.128128
0.127878
0.12761
0.127321
0.127013
0.126685
0.126336
0.125965
0.125573
0.125159
0.124723
0.124264
0.123781
0.123274
0.122743
0.122188
0.121607
0.121
0.120366
0.119706
0.119018
0.118301
0.117556
0.116781
0.115976
0.11514
0.114272
0.113371
0.112436
0.111467
0.110462
0.109419
0.108338
0.107217
0.106054
0.104848
0.103596
0.102296
0.100944
0.0995395
0.098077
0.0965527
0.0949619
0.0932987
0.0915562
0.0897263
0.0877989
0.0857616
0.0835992
0.0812917
0.0788139
0.0761314
0.0731973
0.0699444
0.0662709
0.0620124
0.0568747
0.0502495
0.0405664
0.0234209
0.12678
0.127176
0.127543
0.127885
0.128206
0.128506
0.128789
0.129055
0.129305
0.129541
0.129763
0.129972
0.130167
0.13035
0.130521
0.130679
0.130825
0.130958
0.131079
0.131188
0.131284
0.131367
0.131437
0.131494
0.131537
0.131566
0.131582
0.131583
0.131569
0.13154
0.131496
0.131437
0.131361
0.131269
0.131161
0.131035
0.130892
0.130731
0.130552
0.130354
0.130137
0.129901
0.129645
0.12937
0.129073
0.128755
0.128416
0.128055
0.127672
0.127266
0.126837
0.126384
0.125907
0.125405
0.124878
0.124326
0.123747
0.123142
0.122509
0.121849
0.12116
0.120442
0.119694
0.118916
0.118107
0.117265
0.116391
0.115483
0.114541
0.113563
0.112547
0.111494
0.110402
0.109268
0.108091
0.10687
0.105602
0.104285
0.102916
0.101491
0.100008
0.0984616
0.0968472
0.0951588
0.0933895
0.0915309
0.0895729
0.0875028
0.0853049
0.0829592
0.0804396
0.0777115
0.0747268
0.0714169
0.067678
0.063342
0.0581078
0.0513515
0.0414535
0.0237579
0.127626
0.128055
0.128456
0.12883
0.129183
0.129515
0.129829
0.130125
0.130406
0.130671
0.130923
0.131161
0.131385
0.131597
0.131796
0.131982
0.132156
0.132317
0.132465
0.132601
0.132723
0.132832
0.132928
0.133011
0.133079
0.133133
0.133173
0.133198
0.133208
0.133203
0.133182
0.133144
0.13309
0.13302
0.132932
0.132826
0.132703
0.132561
0.1324
0.13222
0.132021
0.131802
0.131562
0.131301
0.131019
0.130715
0.130389
0.13004
0.129668
0.129273
0.128854
0.12841
0.127941
0.127447
0.126927
0.12638
0.125806
0.125205
0.124575
0.123917
0.123229
0.122512
0.121763
0.120983
0.120172
0.119327
0.118448
0.117535
0.116586
0.1156
0.114576
0.113513
0.11241
0.111264
0.110074
0.108839
0.107555
0.106221
0.104834
0.10339
0.101886
0.100317
0.0986789
0.0969651
0.0951686
0.093281
0.0912919
0.0891886
0.086955
0.0845709
0.0820098
0.0792362
0.0762015
0.0728356
0.0690329
0.0646217
0.0592945
0.0524123
0.0423081
0.0240724
0.128306
0.128768
0.1292
0.129606
0.12999
0.130354
0.130699
0.131026
0.131338
0.131634
0.131916
0.132184
0.132439
0.132681
0.13291
0.133126
0.133329
0.133519
0.133696
0.133861
0.134012
0.13415
0.134274
0.134384
0.13448
0.134562
0.134628
0.13468
0.134716
0.134736
0.13474
0.134728
0.134699
0.134652
0.134587
0.134505
0.134403
0.134283
0.134144
0.133984
0.133805
0.133604
0.133383
0.13314
0.132875
0.132587
0.132276
0.131942
0.131585
0.131202
0.130795
0.130363
0.129904
0.129419
0.128908
0.128369
0.127801
0.127206
0.126581
0.125926
0.125241
0.124525
0.123777
0.122997
0.122183
0.121336
0.120454
0.119535
0.11858
0.117587
0.116555
0.115482
0.114368
0.11321
0.112007
0.110757
0.109457
0.108106
0.1067
0.105236
0.10371
0.102118
0.100455
0.0987146
0.09689
0.0949725
0.0929514
0.090814
0.0885441
0.086121
0.0835179
0.0806989
0.0776145
0.0741935
0.0703285
0.0658446
0.0604283
0.053426
0.0431249
0.0243623
0.12884
0.129333
0.129797
0.130235
0.13065
0.131045
0.131422
0.131781
0.132124
0.132452
0.132766
0.133065
0.133352
0.133625
0.133885
0.134132
0.134367
0.134588
0.134797
0.134992
0.135174
0.135342
0.135497
0.135637
0.135763
0.135874
0.13597
0.13605
0.136115
0.136163
0.136195
0.13621
0.136208
0.136187
0.136148
0.136091
0.136015
0.135919
0.135802
0.135666
0.135508
0.135329
0.135129
0.134905
0.134659
0.13439
0.134097
0.13378
0.133437
0.13307
0.132677
0.132257
0.131811
0.131337
0.130835
0.130305
0.129745
0.129156
0.128537
0.127887
0.127206
0.126492
0.125745
0.124965
0.12415
0.1233
0.122413
0.12149
0.120529
0.119528
0.118487
0.117404
0.116278
0.115107
0.11389
0.112624
0.111307
0.109937
0.108511
0.107025
0.105476
0.10386
0.102171
0.100402
0.0985482
0.0965993
0.094545
0.0923723
0.0900649
0.087602
0.0849564
0.0820917
0.0789579
0.0754827
0.071557
0.0670032
0.0615021
0.0543865
0.0438994
0.0246256
0.129246
0.12977
0.130264
0.130733
0.131181
0.131607
0.132016
0.132407
0.132783
0.133144
0.13349
0.133822
0.134142
0.134448
0.134741
0.135021
0.135289
0.135543
0.135785
0.136013
0.136228
0.136428
0.136615
0.136788
0.136946
0.137089
0.137216
0.137328
0.137423
0.137502
0.137564
0.137608
0.137635
0.137643
0.137633
0.137603
0.137553
0.137483
0.137393
0.137281
0.137148
0.136992
0.136814
0.136612
0.136387
0.136138
0.135864
0.135565
0.13524
0.134888
0.13451
0.134105
0.133671
0.13321
0.132719
0.132198
0.131647
0.131065
0.130452
0.129807
0.129129
0.128417
0.127672
0.126891
0.126074
0.125221
0.124331
0.123401
0.122433
0.121424
0.120372
0.119278
0.118139
0.116954
0.115721
0.114437
0.113102
0.111711
0.110263
0.108754
0.10718
0.105537
0.10382
0.102022
0.100136
0.098154
0.0960648
0.0938553
0.0915092
0.0890053
0.0863164
0.0834057
0.0802225
0.076694
0.0727095
0.0680888
0.0625076
0.0552864
0.0446258
0.0248593
0.129538
0.130092
0.130617
0.131118
0.131596
0.132056
0.132497
0.132921
0.13333
0.133724
0.134105
0.134471
0.134825
0.135166
0.135493
0.135808
0.136111
0.1364
0.136676
0.136939
0.137188
0.137424
0.137645
0.137852
0.138044
0.138221
0.138382
0.138527
0.138655
0.138767
0.138861
0.138937
0.138995
0.139034
0.139053
0.139053
0.139032
0.13899
0.138927
0.138842
0.138734
0.138604
0.13845
0.138272
0.138069
0.137841
0.137587
0.137307
0.137001
0.136666
0.136304
0.135914
0.135494
0.135044
0.134565
0.134054
0.133512
0.132937
0.13233
0.131689
0.131014
0.130304
0.129559
0.128777
0.127958
0.127101
0.126205
0.125269
0.124291
0.123272
0.122209
0.121102
0.119948
0.118747
0.117495
0.116193
0.114836
0.113423
0.111951
0.110416
0.108815
0.107143
0.105395
0.103565
0.101646
0.0996283
0.097502
0.0952538
0.0928672
0.0903209
0.0875875
0.0846301
0.0813975
0.0778162
0.0737744
0.0690899
0.0634338
0.0561152
0.0452953
0.0250585
0.129729
0.130312
0.130868
0.1314
0.131911
0.132403
0.132877
0.133336
0.133779
0.134208
0.134623
0.135025
0.135414
0.135791
0.136155
0.136506
0.136845
0.137171
0.137484
0.137783
0.138069
0.138341
0.138599
0.138842
0.13907
0.139283
0.139479
0.139659
0.139823
0.139969
0.140097
0.140207
0.140297
0.140369
0.14042
0.140451
0.140461
0.140449
0.140415
0.140358
0.140278
0.140174
0.140045
0.139891
0.139712
0.139506
0.139274
0.139014
0.138726
0.13841
0.138064
0.137688
0.137282
0.136845
0.136377
0.135876
0.135342
0.134774
0.134172
0.133535
0.132863
0.132154
0.131408
0.130624
0.129801
0.128938
0.128035
0.12709
0.126102
0.125071
0.123994
0.122871
0.121701
0.120481
0.119209
0.117885
0.116505
0.115066
0.113567
0.112004
0.110373
0.108669
0.106888
0.105023
0.103067
0.101012
0.0988459
0.0965567
0.0941273
0.0915368
0.0887573
0.0857519
0.0824691
0.0788348
0.0747365
0.0699903
0.0642638
0.0568562
0.0458937
0.0252148
0.129829
0.130442
0.131028
0.131591
0.132135
0.13266
0.133168
0.133661
0.13414
0.134604
0.135056
0.135495
0.135921
0.136335
0.136736
0.137126
0.137502
0.137866
0.138217
0.138555
0.138879
0.13919
0.139486
0.139767
0.140033
0.140283
0.140517
0.140735
0.140935
0.141117
0.141281
0.141426
0.141552
0.141657
0.141742
0.141806
0.141847
0.141867
0.141863
0.141836
0.141784
0.141707
0.141605
0.141477
0.141321
0.141139
0.140928
0.140689
0.14042
0.140122
0.139793
0.139432
0.13904
0.138615
0.138157
0.137665
0.137139
0.136577
0.13598
0.135346
0.134674
0.133965
0.133216
0.132428
0.131599
0.130729
0.129817
0.128861
0.127861
0.126815
0.125722
0.124581
0.123391
0.122149
0.120855
0.119505
0.118099
0.116632
0.115104
0.113509
0.111844
0.110106
0.108289
0.106386
0.104391
0.102295
0.100087
0.0977536
0.0952788
0.092641
0.0898127
0.0867565
0.083421
0.0797318
0.0755761
0.0707692
0.0649766
0.0574911
0.04641
0.0253169
0.129847
0.130489
0.131105
0.131701
0.132277
0.132836
0.133379
0.133908
0.134422
0.134923
0.135412
0.135889
0.136353
0.136806
0.137246
0.137675
0.138091
0.138494
0.138885
0.139263
0.139627
0.139978
0.140313
0.140634
0.14094
0.14123
0.141503
0.141759
0.141998
0.142218
0.14242
0.142602
0.142764
0.142905
0.143024
0.143122
0.143197
0.143249
0.143277
0.14328
0.143258
0.143209
0.143134
0.143032
0.142901
0.142742
0.142554
0.142335
0.142086
0.141805
0.141492
0.141146
0.140767
0.140354
0.139906
0.139422
0.138902
0.138346
0.137751
0.137118
0.136446
0.135735
0.134982
0.134188
0.133351
0.132472
0.131548
0.130578
0.129563
0.1285
0.127389
0.126227
0.125014
0.123748
0.122428
0.12105
0.119614
0.118116
0.116554
0.114925
0.113224
0.111447
0.10959
0.107646
0.105607
0.103466
0.101211
0.0988286
0.0963032
0.0936131
0.0907306
0.0876186
0.0842255
0.0804772
0.0762608
0.0713917
0.0655352
0.057982
0.0468101
0.0253342
0.129753
0.130453
0.131129
0.131786
0.132426
0.13305
0.133659
0.134255
0.134838
0.135409
0.135969
0.136516
0.137053
0.137578
0.138092
0.138594
0.139084
0.139562
0.140027
0.140479
0.140917
0.141342
0.141751
0.142146
0.142524
0.142886
0.143231
0.143558
0.143867
0.144156
0.144426
0.144675
0.144902
0.145107
0.14529
0.145449
0.145583
0.145692
0.145776
0.145832
0.145862
0.145863
0.145835
0.145777
0.145689
0.14557
0.145418
0.145234
0.145016
0.144764
0.144477
0.144154
0.143795
0.143399
0.142964
0.142491
0.141978
0.141425
0.140831
0.140195
0.139517
0.138795
0.138029
0.137218
0.136361
0.135458
0.134506
0.133506
0.132457
0.131356
0.130203
0.128997
0.127736
0.126419
0.125043
0.123608
0.12211
0.120547
0.118917
0.117216
0.115441
0.113586
0.111648
0.10962
0.107494
0.105263
0.102915
0.100437
0.0978126
0.0950205
0.0920326
0.0888115
0.0853051
0.0814381
0.0770959
0.0720912
0.0660839
0.0583553
0.0469683
0.02517
0.129271
0.130065
0.130842
0.131604
0.132353
0.133091
0.133817
0.134533
0.13524
0.135937
0.136624
0.137303
0.137972
0.138631
0.139281
0.13992
0.140549
0.141166
0.141771
0.142364
0.142943
0.143509
0.14406
0.144595
0.145114
0.145615
0.146099
0.146563
0.147008
0.147431
0.147833
0.148212
0.148568
0.148898
0.149203
0.149482
0.149733
0.149955
0.150148
0.150311
0.150442
0.15054
0.150606
0.150637
0.150633
0.150592
0.150515
0.1504
0.150245
0.150052
0.149817
0.149541
0.149223
0.148862
0.148456
0.148006
0.147511
0.146968
0.146379
0.145742
0.145056
0.14432
0.143534
0.142697
0.141808
0.140865
0.139869
0.138818
0.137712
0.136549
0.135327
0.134047
0.132707
0.131304
0.129839
0.128308
0.12671
0.125042
0.123303
0.121488
0.119595
0.117619
0.115555
0.113399
0.111142
0.108776
0.106292
0.103675
0.100911
0.097976
0.0948439
0.0914768
0.0878222
0.0838043
0.0793069
0.0741393
0.0679531
0.0600073
0.048277
0.0253577
0.128525
0.129418
0.1303
0.131174
0.132041
0.1329
0.133752
0.134599
0.135439
0.136273
0.137101
0.137923
0.138737
0.139544
0.140343
0.141134
0.141915
0.142685
0.143445
0.144193
0.144927
0.145648
0.146353
0.147043
0.147715
0.148368
0.149002
0.149616
0.150207
0.150775
0.151319
0.151837
0.152328
0.152791
0.153224
0.153627
0.153998
0.154336
0.15464
0.154908
0.15514
0.155333
0.155488
0.155603
0.155676
0.155707
0.155694
0.155637
0.155534
0.155384
0.155187
0.154942
0.154646
0.154301
0.153904
0.153455
0.152953
0.152397
0.151786
0.15112
0.150398
0.149619
0.148782
0.147887
0.146932
0.145918
0.144843
0.143706
0.142507
0.141245
0.139919
0.138528
0.137071
0.135547
0.133954
0.13229
0.130555
0.128746
0.12686
0.124895
0.122848
0.120716
0.118494
0.116177
0.113757
0.111228
0.108578
0.105795
0.102864
0.099764
0.0964673
0.0929372
0.0891224
0.0849479
0.0802987
0.074985
0.0686591
0.0605761
0.0486808
0.0251704
0.127583
0.128576
0.129566
0.130554
0.131541
0.132525
0.133508
0.134489
0.135468
0.136444
0.137417
0.138387
0.139352
0.140312
0.141267
0.142214
0.143152
0.144082
0.145001
0.145908
0.146802
0.147682
0.148546
0.149392
0.15022
0.151027
0.151813
0.152575
0.153313
0.154024
0.154708
0.155361
0.155984
0.156574
0.15713
0.15765
0.158134
0.158578
0.158982
0.159345
0.159664
0.159939
0.160167
0.160349
0.160482
0.160565
0.160597
0.160576
0.160502
0.160373
0.160188
0.159947
0.159647
0.159289
0.158871
0.158393
0.157853
0.157251
0.156586
0.155857
0.155064
0.154206
0.153283
0.152293
0.151237
0.150113
0.148922
0.147662
0.146334
0.144936
0.143469
0.141931
0.140323
0.138642
0.136887
0.135059
0.133154
0.131173
0.129112
0.126969
0.124743
0.122428
0.120023
0.11752
0.114916
0.112201
0.109368
0.106403
0.103293
0.100018
0.0965516
0.0928587
0.0888899
0.0845728
0.0797955
0.0743732
0.0679652
0.0598385
0.0479537
0.0243419
0.126538
0.127633
0.128731
0.129834
0.13094
0.132051
0.133164
0.13428
0.135399
0.136518
0.137637
0.138756
0.139872
0.140986
0.142095
0.143198
0.144294
0.145381
0.146458
0.147522
0.148573
0.149609
0.150627
0.151626
0.152604
0.153559
0.15449
0.155394
0.15627
0.157115
0.157928
0.158706
0.159449
0.160153
0.160818
0.161441
0.162021
0.162555
0.163042
0.16348
0.163867
0.164203
0.164484
0.16471
0.164879
0.164989
0.16504
0.165029
0.164956
0.164819
0.164617
0.164349
0.164014
0.163611
0.163139
0.162597
0.161984
0.161301
0.160546
0.159719
0.158819
0.157847
0.156801
0.155681
0.154488
0.15322
0.151878
0.150461
0.148969
0.147402
0.14576
0.144042
0.142248
0.140377
0.13843
0.136405
0.134301
0.132118
0.129854
0.127507
0.125076
0.122558
0.11995
0.117248
0.114446
0.111539
0.108519
0.105375
0.102093
0.0986563
0.0950408
0.0912139
0.0871291
0.0827182
0.0778757
0.0724252
0.0660407
0.0580172
0.0463762
0.0231905
0.125539
0.126735
0.127941
0.129158
0.130384
0.131618
0.132861
0.13411
0.135364
0.136623
0.137885
0.139148
0.140411
0.141673
0.142931
0.144184
0.14543
0.146667
0.147892
0.149105
0.150303
0.151484
0.152645
0.153784
0.154899
0.155988
0.157049
0.158079
0.159076
0.160038
0.160963
0.161848
0.162691
0.163491
0.164244
0.164949
0.165603
0.166204
0.16675
0.16724
0.167671
0.168041
0.168348
0.168592
0.168769
0.168878
0.168918
0.168887
0.168784
0.168608
0.168356
0.16803
0.167626
0.167145
0.166585
0.165946
0.165228
0.164429
0.163549
0.162589
0.161547
0.160423
0.159218
0.157932
0.156563
0.155114
0.153583
0.151971
0.150278
0.148505
0.146652
0.144719
0.142706
0.140614
0.138442
0.136192
0.133862
0.131453
0.128965
0.126396
0.123745
0.121011
0.118192
0.115285
0.112287
0.109191
0.105992
0.102681
0.0992459
0.0956715
0.0919364
0.0880108
0.0838524
0.0793981
0.0745499
0.0691431
0.0628725
0.0550744
0.0438748
0.0215928
0.124787
0.126084
0.127397
0.128725
0.130067
0.131422
0.132789
0.134164
0.135548
0.136939
0.138334
0.139732
0.14113
0.142528
0.143921
0.14531
0.14669
0.14806
0.149418
0.150761
0.152086
0.153391
0.154674
0.155931
0.157161
0.15836
0.159527
0.160658
0.161752
0.162805
0.163815
0.164781
0.165699
0.166566
0.167381
0.16814
0.16884
0.16948
0.170056
0.170568
0.171013
0.171388
0.171692
0.171922
0.172077
0.172155
0.172154
0.172072
0.171909
0.171662
0.17133
0.170912
0.170406
0.169813
0.169132
0.168361
0.1675
0.166549
0.165507
0.164375
0.163152
0.161839
0.160437
0.158944
0.157363
0.155694
0.153937
0.152094
0.150165
0.148151
0.146054
0.143875
0.141615
0.139274
0.136855
0.134358
0.131784
0.129134
0.126409
0.123608
0.120733
0.117782
0.114755
0.111651
0.108466
0.105198
0.101841
0.098388
0.09483
0.0911534
0.0873396
0.0833626
0.0791843
0.0747482
0.0699653
0.0646855
0.0586295
0.0511878
0.0406276
0.0197061
0.124544
0.125941
0.127358
0.128793
0.130245
0.131711
0.133191
0.134682
0.136181
0.137688
0.139198
0.140711
0.142224
0.143734
0.145239
0.146737
0.148225
0.1497
0.151161
0.152606
0.154028
0.155426
0.156797
0.158138
0.159447
0.160721
0.161958
0.163155
0.16431
0.165419
0.166479
0.167489
0.168446
0.169346
0.170186
0.170965
0.171679
0.172325
0.172902
0.173406
0.173834
0.174185
0.174456
0.174645
0.174749
0.174766
0.174694
0.174531
0.174276
0.173926
0.173481
0.172938
0.172298
0.171559
0.17072
0.16978
0.168741
0.1676
0.16636
0.165019
0.163578
0.162039
0.160401
0.158667
0.156837
0.154914
0.152898
0.150791
0.148596
0.146314
0.143947
0.141498
0.138969
0.136363
0.13368
0.130925
0.128098
0.125201
0.122238
0.119209
0.116115
0.112958
0.109738
0.106454
0.103107
0.0996928
0.0962092
0.0926507
0.0890097
0.0852753
0.0814318
0.0774567
0.0733171
0.0689629
0.0643153
0.0592406
0.0534891
0.0465143
0.0367536
0.017566
0.125125
0.126621
0.128136
0.129669
0.131218
0.13278
0.134354
0.135936
0.137526
0.139119
0.140714
0.142308
0.143899
0.145484
0.14706
0.148625
0.150177
0.151712
0.153227
0.154721
0.156191
0.157632
0.159043
0.160422
0.161764
0.163069
0.164332
0.165552
0.166725
0.167848
0.16892
0.169936
0.170893
0.17179
0.172623
0.173388
0.174082
0.174704
0.175249
0.175714
0.176097
0.176394
0.176603
0.17672
0.176743
0.17667
0.176497
0.176223
0.175846
0.175363
0.174773
0.174074
0.173266
0.172347
0.171317
0.170175
0.168922
0.167558
0.166084
0.1645
0.162807
0.161007
0.159103
0.157095
0.154986
0.152779
0.150477
0.148081
0.145597
0.143026
0.140372
0.137639
0.13483
0.131949
0.128999
0.125984
0.122907
0.119772
0.116581
0.113338
0.110045
0.106705
0.103318
0.0998872
0.0964115
0.0928907
0.0893229
0.0857045
0.08203
0.0782906
0.0744734
0.0705597
0.0665212
0.0623149
0.0578726
0.0530781
0.0477134
0.0413008
0.0324672
0.0152987
0.12693
0.128504
0.130093
0.131696
0.133309
0.134931
0.13656
0.138191
0.139824
0.141456
0.143084
0.144706
0.146319
0.147921
0.14951
0.151083
0.152638
0.154172
0.155683
0.157169
0.158627
0.160054
0.161449
0.162808
0.164129
0.16541
0.166647
0.167839
0.168982
0.170074
0.171111
0.17209
0.173009
0.173863
0.17465
0.175367
0.176009
0.176573
0.177055
0.177452
0.17776
0.177975
0.178094
0.178113
0.178029
0.177839
0.177538
0.177126
0.176599
0.175955
0.175191
0.174307
0.173301
0.172173
0.170921
0.169547
0.168049
0.166431
0.164691
0.162833
0.160859
0.158771
0.156571
0.154263
0.151851
0.149339
0.14673
0.14403
0.141242
0.138371
0.135423
0.132402
0.129312
0.126161
0.122951
0.119688
0.116377
0.113023
0.109629
0.106201
0.102741
0.099253
0.0957399
0.092204
0.0886466
0.0850682
0.0814683
0.0778447
0.0741933
0.0705075
0.0667768
0.0629858
0.0591108
0.0551158
0.0509426
0.0464928
0.0415808
0.0357993
0.0279735
0.012995
0.1304
0.132005
0.133617
0.135234
0.136853
0.138472
0.140089
0.141701
0.143306
0.144902
0.146488
0.148061
0.149619
0.151161
0.152684
0.154187
0.155669
0.157127
0.158559
0.159963
0.161339
0.162682
0.163993
0.165267
0.166504
0.167701
0.168856
0.169965
0.171026
0.172037
0.172994
0.173894
0.174733
0.175508
0.176215
0.17685
0.177409
0.177887
0.17828
0.178583
0.178792
0.178902
0.178909
0.178808
0.178595
0.178265
0.177815
0.177241
0.176541
0.175711
0.174749
0.173654
0.172424
0.171059
0.169559
0.167923
0.166154
0.164253
0.162222
0.160064
0.157782
0.155381
0.152864
0.150238
0.147505
0.144673
0.141747
0.138734
0.135638
0.132468
0.129228
0.125927
0.12257
0.119164
0.115716
0.112231
0.108716
0.105177
0.101618
0.0980459
0.0944643
0.0908776
0.0872895
0.083703
0.0801204
0.0765429
0.0729708
0.0694029
0.0658363
0.0622659
0.0586833
0.0550759
0.0514242
0.0476983
0.0438501
0.0397976
0.0353872
0.0302803
0.0234988
0.0107662
0.135962
0.137509
0.139052
0.140588
0.142115
0.143631
0.145135
0.146625
0.148099
0.149558
0.150998
0.152421
0.153824
0.155207
0.156569
0.157909
0.159226
0.160519
0.161786
0.163028
0.164242
0.165427
0.166582
0.167705
0.168794
0.169847
0.170862
0.171836
0.172768
0.173653
0.174489
0.175272
0.175998
0.176662
0.177261
0.17779
0.178242
0.178614
0.178898
0.17909
0.179184
0.179173
0.179051
0.178814
0.178455
0.177969
0.177351
0.176598
0.175704
0.174668
0.173485
0.172156
0.170677
0.16905
0.167275
0.165352
0.163285
0.161076
0.158729
0.156248
0.153639
0.150906
0.148057
0.145098
0.142036
0.138878
0.135633
0.132309
0.128913
0.125455
0.121941
0.118381
0.114783
0.111154
0.107503
0.103836
0.100161
0.0964839
0.0928119
0.0891503
0.0855044
0.0818788
0.0782776
0.0747039
0.0711604
0.0676486
0.0641691
0.0607212
0.0573026
0.0539093
0.0505344
0.0471674
0.0437924
0.0403849
0.0369059
0.0332888
0.0294091
0.0249928
0.0192471
0.00870141
0.143918
0.145264
0.146592
0.147902
0.149194
0.150465
0.151716
0.152947
0.154158
0.155349
0.15652
0.157671
0.158803
0.159916
0.16101
0.162084
0.16314
0.164177
0.165194
0.166191
0.167168
0.168124
0.169057
0.169967
0.170851
0.171709
0.172538
0.173336
0.174099
0.174825
0.17551
0.17615
0.17674
0.177275
0.177749
0.178157
0.178491
0.178745
0.178912
0.178984
0.178954
0.178813
0.178555
0.178171
0.177655
0.177
0.1762
0.175249
0.174144
0.17288
0.171454
0.169866
0.168114
0.166199
0.164123
0.161888
0.159498
0.156957
0.154272
0.151448
0.148494
0.145416
0.142225
0.138928
0.135535
0.132056
0.128501
0.124881
0.121205
0.117483
0.113726
0.109944
0.106145
0.102339
0.0985341
0.0947394
0.0909621
0.0872094
0.0834878
0.0798032
0.0761608
0.0725652
0.0690202
0.0655287
0.062093
0.0587145
0.0553935
0.0521292
0.0489196
0.0457609
0.0426473
0.03957
0.0365159
0.033465
0.0303861
0.0272262
0.0238866
0.0201507
0.0153922
0.00687573
0.154277
0.155217
0.156133
0.157027
0.1579
0.158752
0.159585
0.160399
0.161196
0.161978
0.162746
0.163501
0.164244
0.164977
0.165701
0.166416
0.167123
0.167823
0.168516
0.169202
0.16988
0.17055
0.171212
0.171865
0.172506
0.173134
0.173748
0.174344
0.174919
0.175469
0.17599
0.176477
0.176924
0.177325
0.177673
0.177959
0.178176
0.178315
0.178365
0.178318
0.178163
0.17789
0.17749
0.176952
0.176269
0.175432
0.174433
0.173267
0.171928
0.170412
0.168717
0.166842
0.164788
0.162556
0.16015
0.157574
0.154835
0.151939
0.148896
0.145713
0.142401
0.138972
0.135436
0.131805
0.128091
0.124307
0.120465
0.116578
0.112656
0.108713
0.104759
0.100805
0.0968623
0.0929399
0.0890473
0.0851927
0.0813839
0.0776278
0.0739305
0.0702974
0.0667331
0.0632414
0.0598253
0.0564868
0.0532275
0.0500478
0.0469473
0.0439248
0.0409778
0.0381026
0.0352938
0.0325437
0.0298413
0.0271704
0.024506
0.0218066
0.0189952
0.0159041
0.01205
0.00534392
0.166555
0.166855
0.16714
0.167414
0.167677
0.167933
0.168182
0.168429
0.168674
0.168919
0.169168
0.169421
0.16968
0.169948
0.170224
0.17051
0.170808
0.171117
0.171438
0.171771
0.172116
0.172473
0.17284
0.173217
0.173601
0.173991
0.174384
0.174776
0.175164
0.175543
0.175908
0.176252
0.176568
0.176848
0.177082
0.17726
0.177371
0.177405
0.177347
0.177186
0.176909
0.176503
0.175956
0.175256
0.174391
0.173353
0.172133
0.170724
0.169121
0.16732
0.165321
0.163125
0.160732
0.158149
0.15538
0.152433
0.149318
0.146046
0.142627
0.139074
0.135401
0.131623
0.127752
0.123805
0.119795
0.115738
0.111648
0.107539
0.103425
0.0993178
0.0952304
0.0911741
0.0871595
0.0831964
0.0792934
0.0754585
0.0716985
0.0680194
0.0644262
0.060923
0.0575131
0.0541988
0.0509817
0.0478626
0.0448416
0.0419179
0.0390901
0.0363559
0.0337123
0.0311551
0.028679
0.026277
0.0239396
0.0216533
0.0193983
0.0171422
0.0148265
0.012324
0.00926862
0.00408338
0.179706
0.179164
0.178634
0.17812
0.177625
0.177149
0.176697
0.176269
0.175869
0.175497
0.175155
0.174846
0.17457
0.174328
0.174122
0.173953
0.173819
0.173723
0.173664
0.173642
0.173655
0.173703
0.173785
0.173899
0.174042
0.174212
0.174406
0.174619
0.174846
0.175081
0.175317
0.175547
0.175759
0.175944
0.176089
0.176182
0.176207
0.17615
0.175995
0.175726
0.175325
0.174778
0.17407
0.173186
0.172113
0.170842
0.169363
0.16767
0.165759
0.163629
0.16128
0.158715
0.155942
0.152967
0.1498
0.146453
0.142939
0.139274
0.135472
0.131551
0.127527
0.123417
0.11924
0.115013
0.110752
0.106474
0.102196
0.0979317
0.0936961
0.0895023
0.0853623
0.0812871
0.0772867
0.0733696
0.0695434
0.0658143
0.0621877
0.0586677
0.0552575
0.0519591
0.048774
0.0457026
0.0427446
0.0398992
0.0371647
0.0345389
0.0320191
0.0296021
0.0272839
0.0250599
0.0229247
0.0208718
0.0188928
0.0169768
0.0151088
0.0132644
0.0113978
0.00941176
0.00703016
0.00307666
0.1923
0.190808
0.189373
0.187996
0.186679
0.185423
0.184229
0.183099
0.182033
0.181032
0.180098
0.179229
0.178427
0.177692
0.177024
0.176423
0.175887
0.175418
0.175013
0.174671
0.174392
0.174174
0.174013
0.173909
0.173857
0.173854
0.173895
0.173975
0.174087
0.174223
0.174374
0.174529
0.174676
0.1748
0.174885
0.174915
0.174871
0.174733
0.17448
0.174094
0.173553
0.17284
0.171936
0.170826
0.169497
0.167939
0.166144
0.164107
0.161827
0.159307
0.156551
0.153567
0.150365
0.146959
0.143363
0.139595
0.135672
0.131613
0.127439
0.12317
0.118826
0.114429
0.109997
0.10555
0.101107
0.0966845
0.0922999
0.0879678
0.0837018
0.0795144
0.0754163
0.0714169
0.0675241
0.0637446
0.0600836
0.056545
0.0531316
0.0498452
0.0466865
0.0436552
0.0407504
0.0379705
0.0353132
0.0327758
0.0303552
0.0280477
0.0258495
0.0237564
0.0217639
0.0198671
0.0180605
0.016339
0.0146952
0.0131195
0.0115983
0.0101115
0.00862436
0.00706536
0.00523272
0.00227107
0.202906
0.20049
0.198183
0.195984
0.193892
0.191908
0.19003
0.188257
0.186589
0.185025
0.183564
0.182206
0.180948
0.179791
0.178732
0.177771
0.176906
0.176135
0.175457
0.17487
0.17437
0.173956
0.173625
0.173372
0.173193
0.173084
0.173038
0.173047
0.173103
0.173196
0.173313
0.173439
0.173558
0.173651
0.173698
0.173676
0.173562
0.17333
0.172958
0.17242
0.171693
0.170757
0.169593
0.168186
0.166524
0.1646
0.162408
0.15995
0.157228
0.154251
0.151028
0.147575
0.143908
0.140045
0.136008
0.131818
0.127499
0.123074
0.118568
0.114002
0.109402
0.104788
0.100183
0.0956056
0.0910746
0.0866071
0.0822182
0.0779213
0.0737284
0.0696492
0.0656922
0.0618638
0.0581693
0.0546121
0.0511946
0.0479176
0.0447811
0.0417842
0.0389248
0.0362005
0.0336081
0.0311441
0.0288045
0.0265852
0.0244816
0.0224893
0.0206037
0.0188201
0.0171341
0.0155408
0.0140346
0.0126091
0.0112572
0.00997046
0.00873843
0.00754619
0.00636922
0.00515735
0.00376996
0.00161658
0.210432
0.207251
0.204231
0.201367
0.198657
0.196096
0.193682
0.191413
0.189286
0.187299
0.185448
0.183732
0.182148
0.180693
0.179366
0.178163
0.177083
0.176122
0.175277
0.174545
0.173924
0.173409
0.172995
0.172679
0.172454
0.172313
0.172249
0.172251
0.172307
0.172403
0.172523
0.172647
0.172754
0.172819
0.172816
0.172716
0.172492
0.172113
0.171551
0.170781
0.169778
0.168521
0.166993
0.165184
0.163085
0.160693
0.158012
0.155048
0.151811
0.148317
0.144585
0.140634
0.136489
0.132174
0.127716
0.123142
0.118479
0.113753
0.10899
0.104217
0.0994559
0.0947299
0.0900594
0.0854629
0.0809572
0.0765567
0.072274
0.0681195
0.0641016
0.0602268
0.0564999
0.0529239
0.0495004
0.0462296
0.0431106
0.0401412
0.0373188
0.0346398
0.0321001
0.0296953
0.0274206
0.0252711
0.0232417
0.0213273
0.0195231
0.0178242
0.0162255
0.0147221
0.0133085
0.0119795
0.0107294
0.0095529
0.00844403
0.00739643
0.00640248
0.00545189
0.0045284
0.00359943
0.00257431
0.00108052
0.214281
0.210619
0.207154
0.203878
0.200787
0.197876
0.19514
0.192576
0.190181
0.187949
0.185878
0.183965
0.182205
0.180597
0.179137
0.177822
0.176648
0.175613
0.174712
0.173942
0.173299
0.172778
0.172373
0.172078
0.171885
0.171784
0.171766
0.171814
0.171914
0.172046
0.172186
0.172311
0.17239
0.172393
0.172288
0.172041
0.171619
0.17099
0.170126
0.169
0.167592
0.165885
0.163869
0.161538
0.158893
0.15594
0.15269
0.149158
0.145365
0.141334
0.13709
0.132661
0.128076
0.123365
0.118558
0.113685
0.108775
0.103856
0.0989539
0.094093
0.0892959
0.0845825
0.0799707
0.075476
0.0711113
0.0668874
0.0628127
0.0588937
0.0551346
0.051538
0.0481048
0.0448344
0.041725
0.0387739
0.0359774
0.033331
0.0308299
0.028469
0.0262426
0.0241453
0.0221714
0.0203155
0.0185722
0.0169359
0.0154013
0.0139631
0.0126161
0.0113551
0.0101751
0.00907151
0.00803952
0.00707456
0.00617201
0.00532698
0.00453391
0.00378571
0.00307173
0.00237189
0.00163344
0.000662633
)
;

boundaryField
{
    jetInlet
    {
        type            fixedValue;
        value           uniform 0.006;
    }
    returnOutlet
    {
        type            inletOutlet;
        inletValue      uniform 0.006;
        value           nonuniform List<scalar> 
35
(
0.284187
0.550645
0.735265
0.891281
1.03537
1.16952
1.29034
1.39186
1.46669
1.50621
1.49941
1.42798
0.006
0.006
0.006
0.006
0.006
0.006
0.006
0.006
0.006
0.006
0.006
0.006
0.006
0.006
0.288451
0.294243
0.220117
0.105616
0.0860966
0.149938
0.271739
0.40219
0.48593
)
;
    }
    flatBed
    {
        type            kqRWallFunction;
        value           nonuniform List<scalar> 
100
(
0.284187
0.289661
0.294525
0.298759
0.302244
0.304936
0.306444
0.30561
0.302148
0.295939
0.287029
0.275603
0.261966
0.246517
0.229717
0.212064
0.194065
0.1762
0.158893
0.142489
0.127237
0.113288
0.100706
0.089482
0.0795587
0.0708467
0.0632402
0.0566279
0.0508985
0.0459443
0.0416637
0.0379621
0.0347544
0.0319648
0.0295287
0.0273925
0.0255138
0.0238601
0.0224084
0.0211422
0.0200502
0.0191232
0.0183527
0.0177289
0.0172412
0.0168778
0.0166276
0.0164802
0.0164275
0.0164432
0.0165096
0.016619
0.0167652
0.016943
0.0171479
0.0173761
0.0176246
0.0178908
0.0181723
0.0184672
0.0187739
0.019091
0.019417
0.0197511
0.0200921
0.0204392
0.0207916
0.0211486
0.0215097
0.0218742
0.0222416
0.0226114
0.0229833
0.0233569
0.0237319
0.0241081
0.0244855
0.0248641
0.0252444
0.0256269
0.0260129
0.0264042
0.0268038
0.0272162
0.0276317
0.0280466
0.0284598
0.0288696
0.029274
0.0296694
0.0300509
0.0304108
0.0307373
0.0310119
0.0312064
0.0312719
0.0311096
0.0305352
0.0293088
0.0270869
)
;
    }
    slope
    {
        type            kqRWallFunction;
        value           nonuniform List<scalar> 
50
(
0.00909273
0.00879375
0.0110455
0.0127375
0.014325
0.0155479
0.0166727
0.0175341
0.0183093
0.0189233
0.0194753
0.0199416
0.0203699
0.0207549
0.0211126
0.0214323
0.0218776
0.0222905
0.0226862
0.023063
0.0234209
0.0237579
0.0240724
0.0243623
0.0246256
0.0248593
0.0250585
0.0252148
0.0253169
0.0253342
0.02517
0.0253577
0.0251704
0.0243419
0.0231905
0.0215928
0.0197061
0.017566
0.0152987
0.012995
0.0107662
0.00870141
0.00687573
0.00534392
0.00408338
0.00307666
0.00227107
0.00161658
0.00108052
0.000662633
)
;
    }
    top
    {
        type            symmetryPlane;
    }
    frontAndBack
    {
        type            empty;
    }
    defaultFaces
    {
        type            empty;
    }
}


// ************************************************************************* //
