/*--------------------------------*- C++ -*----------------------------------*\
| =========                 |                                                 |
| \\      /  F ield         | OpenFOAM: The Open Source CFD Toolbox           |
|  \\    /   O peration     | Version:  2206                                  |
|   \\  /    A nd           | Website:  www.openfoam.com                      |
|    \\/     M anipulation  |                                                 |
\*---------------------------------------------------------------------------*/
FoamFile
{
    version     2.0;
    format      ascii;
    arch        "LSB;label=32;scalar=64";
    class       volScalarField;
    location    "1400";
    object      p;
}
// * * * * * * * * * * * * * * * * * * * * * * * * * * * * * * * * * * * * * //

dimensions      [0 2 -2 0 0 0 0];

internalField   nonuniform List<scalar> 
10000
(
-0.108821
-0.140809
-0.151924
-0.121736
-0.0407649
0.0997818
0.305591
0.576233
0.90403
1.27702
1.68091
2.10099
2.52355
2.93684
3.33156
3.70101
4.04103
4.34967
4.62681
4.87377
5.09278
5.28665
5.45834
5.61078
5.74666
5.86833
5.97778
6.07662
6.16617
6.24746
6.3213
6.38833
6.44906
6.5039
6.55321
6.59729
6.63643
6.67092
6.70104
6.72707
6.74931
6.76807
6.78363
6.79629
6.80632
6.81399
6.81953
6.82316
6.8251
6.82554
6.82465
6.8226
6.81952
6.81555
6.81082
6.80544
6.79953
6.79318
6.78649
6.77954
6.77242
6.7652
6.75796
6.75078
6.7437
6.73681
6.73015
6.7238
6.7178
6.71222
6.70712
6.70253
6.69853
6.69516
6.69248
6.69054
6.68941
6.68914
6.68979
6.69142
6.69411
6.69793
6.70296
6.70929
6.71703
6.72629
6.73721
6.74992
6.7646
6.78145
6.80073
6.8227
6.84776
6.87658
6.90991
6.94714
6.98699
7.03989
7.13594
7.23451
-0.105101
-0.132639
-0.14974
-0.127905
-0.0564639
0.0740927
0.270271
0.532476
0.853233
1.22084
1.62117
2.03955
2.46219
2.87717
3.2749
3.64836
3.99301
4.30655
4.58855
4.84007
5.06321
5.26066
5.43539
5.59037
5.72835
5.85176
5.96267
6.06278
6.15345
6.23576
6.31057
6.37852
6.44015
6.49588
6.54607
6.59102
6.63103
6.66636
6.69729
6.72409
6.74704
6.76643
6.78255
6.79569
6.80612
6.81411
6.81991
6.82374
6.82584
6.82641
6.82562
6.82365
6.82063
6.81671
6.81202
6.80666
6.80077
6.79442
6.78773
6.78077
6.77364
6.7664
6.75914
6.75192
6.74482
6.73789
6.73119
6.72479
6.71874
6.71311
6.70793
6.70328
6.69921
6.69576
6.69299
6.69096
6.68972
6.68933
6.68985
6.69135
6.69388
6.69752
6.70235
6.70845
6.71594
6.72491
6.73549
6.7478
6.762
6.77827
6.79681
6.81785
6.84168
6.86878
6.89961
6.93358
6.96926
7.01317
7.08541
7.15095
-0.106436
-0.128767
-0.153827
-0.142358
-0.0818953
0.0380383
0.224955
0.480132
0.795885
1.16037
1.5593
1.97782
2.40198
2.81963
3.22096
3.59867
3.94793
4.26616
4.55269
4.80839
5.03524
5.23588
5.4133
5.57049
5.7103
5.83524
5.94743
6.04865
6.1403
6.22352
6.29917
6.36794
6.43038
6.48692
6.53793
6.58374
6.62462
6.66085
6.69269
6.7204
6.74423
6.76444
6.7813
6.79509
6.80607
6.81451
6.82066
6.82476
6.82706
6.82779
6.82711
6.82522
6.82225
6.81837
6.81369
6.80835
6.80244
6.79609
6.78938
6.78239
6.77523
6.76796
6.76066
6.7534
6.74625
6.73926
6.73251
6.72604
6.71993
6.71422
6.70897
6.70423
6.70006
6.6965
6.69362
6.69147
6.6901
6.68957
6.68993
6.69125
6.69359
6.69701
6.7016
6.70743
6.71461
6.72323
6.7334
6.74525
6.7589
6.77453
6.79231
6.81242
6.83512
6.86073
6.88955
6.92118
6.95464
6.99327
7.04708
7.08999
-0.113421
-0.137566
-0.173426
-0.173928
-0.12438
-0.0131568
0.168155
0.421289
0.73774
1.10485
1.50765
1.9308
2.35994
2.78265
3.18893
3.57129
3.92477
4.24667
4.53627
4.79444
5.02319
5.22525
5.40369
5.56163
5.70198
5.82733
5.93989
6.04145
6.13345
6.21702
6.29304
6.36219
6.42502
6.48195
6.53337
6.57959
6.62092
6.65763
6.69
6.71826
6.74267
6.76347
6.7809
6.79521
6.80664
6.81546
6.82191
6.82624
6.82871
6.82954
6.82894
6.82707
6.82412
6.82023
6.81553
6.81015
6.80421
6.79781
6.79105
6.78402
6.7768
6.76947
6.76211
6.75479
6.74757
6.74051
6.73368
6.72714
6.72094
6.71514
6.7098
6.70496
6.70068
6.69701
6.694
6.69171
6.69019
6.68949
6.68968
6.6908
6.69292
6.6961
6.70042
6.70595
6.71278
6.72101
6.73074
6.74206
6.75511
6.77001
6.78691
6.80597
6.82736
6.85127
6.87785
6.90679
6.93731
6.97077
7.01182
7.04129
-0.121852
-0.156013
-0.206456
-0.220935
-0.182645
-0.0786382
0.100016
0.354842
0.676204
1.0501
1.46057
1.89153
2.32818
2.75779
3.17015
3.55769
3.91536
4.24048
4.53237
4.79201
5.02155
5.22392
5.40233
5.56005
5.70012
5.82522
5.9376
6.03908
6.1311
6.21479
6.29102
6.36044
6.42357
6.4808
6.53249
6.57895
6.62048
6.65737
6.6899
6.71835
6.74297
6.76402
6.78172
6.7963
6.808
6.81706
6.8237
6.82817
6.83072
6.8316
6.831
6.82912
6.82613
6.82218
6.81741
6.81196
6.80595
6.79947
6.79263
6.78552
6.77822
6.77081
6.76337
6.75597
6.74866
6.74152
6.73461
6.72798
6.72169
6.71579
6.71034
6.70539
6.701
6.6972
6.69406
6.69163
6.68996
6.68909
6.68909
6.69001
6.69191
6.69485
6.69889
6.70411
6.7106
6.71843
6.7277
6.73849
6.75091
6.76508
6.78109
6.79908
6.81914
6.84136
6.86577
6.89202
6.91937
6.94797
6.97966
7.00151
-0.129408
-0.181242
-0.250156
-0.280601
-0.253977
-0.156117
0.0222264
0.281713
0.611023
0.994559
1.41519
1.85607
2.30186
2.73956
3.15881
3.55193
3.91388
4.24201
4.53577
4.79629
5.02597
5.22794
5.40565
5.56254
5.70179
5.82619
5.93803
6.03914
6.13098
6.21467
6.29104
6.36072
6.42419
6.48181
6.53388
6.58066
6.62242
6.65945
6.69203
6.72048
6.74508
6.76611
6.78382
6.79845
6.81021
6.81934
6.82604
6.83054
6.8331
6.83395
6.83331
6.83135
6.82827
6.82421
6.81934
6.81378
6.80765
6.80106
6.79411
6.7869
6.7795
6.77199
6.76445
6.75695
6.74955
6.74231
6.7353
6.72857
6.72218
6.71617
6.71061
6.70555
6.70103
6.69711
6.69384
6.69126
6.68942
6.68839
6.6882
6.68891
6.69059
6.69327
6.69703
6.70194
6.70807
6.71549
6.72429
6.73454
6.74633
6.75974
6.77485
6.79175
6.81047
6.83102
6.85331
6.87697
6.90121
6.92544
6.95008
6.96632
-0.135184
-0.212023
-0.302709
-0.350433
-0.335322
-0.242177
-0.0615513
0.205514
0.545349
0.940724
1.37332
1.82549
2.28146
2.72797
3.15452
3.55339
3.91954
4.2504
4.54557
4.80642
5.03562
5.23659
5.41301
5.56853
5.7065
5.8298
5.94076
6.04121
6.13262
6.2161
6.29247
6.36233
6.42612
6.48415
6.53668
6.5839
6.62603
6.66331
6.69599
6.72441
6.74888
6.76973
6.78725
6.80171
6.81333
6.82235
6.82897
6.83338
6.83585
6.8366
6.83584
6.83375
6.83053
6.82633
6.82131
6.8156
6.80932
6.80259
6.79551
6.78817
6.78064
6.77302
6.76536
6.75775
6.75024
6.74289
6.73577
6.72893
6.72242
6.71631
6.71063
6.70545
6.7008
6.69675
6.69333
6.6906
6.6886
6.68739
6.68701
6.68751
6.68895
6.69138
6.69486
6.69944
6.7052
6.71221
6.72053
6.73023
6.74136
6.75401
6.76821
6.78401
6.8014
6.82032
6.84059
6.86179
6.88313
6.90367
6.92313
6.93581
-0.138907
-0.247974
-0.362651
-0.427764
-0.423086
-0.332403
-0.146344
0.131226
0.483727
0.892472
1.33806
1.80219
2.26871
2.72418
3.15801
3.56244
3.93245
4.26558
4.56161
4.82218
5.05027
5.24965
5.42426
5.57794
5.71423
5.83608
5.94587
6.04541
6.13613
6.21919
6.29535
6.3652
6.42918
6.48756
6.54054
6.58826
6.63087
6.66853
6.70144
6.7299
6.75424
6.77483
6.79202
6.80613
6.81744
6.82616
6.83252
6.83672
6.83899
6.83955
6.8386
6.83632
6.8329
6.82851
6.8233
6.81741
6.81096
6.80406
6.79682
6.78933
6.78166
6.77389
6.76611
6.75837
6.75073
6.74327
6.73603
6.72907
6.72244
6.71621
6.71041
6.7051
6.70032
6.69612
6.69256
6.68967
6.68751
6.68612
6.68554
6.68583
6.68703
6.6892
6.69238
6.69663
6.70203
6.70861
6.71645
6.72558
6.73606
6.74794
6.76123
6.77595
6.79203
6.80937
6.82773
6.84666
6.86538
6.88283
6.89842
6.90846
-0.140661
-0.289208
-0.428431
-0.509298
-0.51276
-0.421031
-0.225784
0.0648443
0.431414
0.854131
1.31278
1.78861
2.26525
2.72917
3.16973
3.57914
3.9524
4.28716
4.58339
4.84301
5.06939
5.26667
5.439
5.59047
5.72479
5.84498
5.95342
6.05185
6.14169
6.22412
6.29987
6.36951
6.43349
6.49205
6.54537
6.59355
6.63666
6.67479
6.70805
6.73668
6.76098
6.78132
6.79812
6.81175
6.82256
6.83082
6.83676
6.84058
6.84252
6.84279
6.84157
6.83903
6.83537
6.83074
6.82531
6.8192
6.81255
6.80546
6.79804
6.79037
6.78254
6.77463
6.7667
6.75881
6.75105
6.74345
6.73608
6.729
6.72225
6.71588
6.70995
6.70451
6.69959
6.69525
6.69154
6.68849
6.68616
6.68458
6.68381
6.68388
6.68484
6.68674
6.68963
6.69355
6.69857
6.70473
6.71207
6.72064
6.73047
6.74158
6.75397
6.76762
6.78244
6.79828
6.81487
6.83174
6.84815
6.86303
6.87574
6.88401
-0.140477
-0.335771
-0.497787
-0.59042
-0.598283
-0.5003
-0.291681
0.0132473
0.393976
0.829919
1.30043
1.7866
2.27203
2.74317
3.18939
3.60284
3.9785
4.31413
4.60986
4.86791
5.09205
5.2868
5.45655
5.60555
5.73777
5.85623
5.96327
6.06051
6.14936
6.23104
6.30622
6.37545
6.43922
6.49776
6.55124
6.59974
6.64329
6.6819
6.71558
6.74451
6.76888
6.78905
6.80546
6.81855
6.82873
6.83635
6.8417
6.84499
6.84647
6.84634
6.84475
6.84189
6.83792
6.83302
6.82732
6.82097
6.81408
6.80678
6.79916
6.7913
6.7833
6.77521
6.76712
6.75909
6.75118
6.74344
6.73594
6.72872
6.72184
6.71534
6.70928
6.70369
6.69864
6.69415
6.69028
6.68707
6.68457
6.6828
6.68182
6.68168
6.6824
6.68403
6.68662
6.6902
6.69484
6.70057
6.70743
6.71544
6.72462
6.73497
6.74649
6.75911
6.77273
6.78716
6.80212
6.81714
6.83154
6.8443
6.85483
6.86175
-0.140644
-0.38644
-0.565841
-0.663212
-0.669781
-0.560087
-0.334886
-0.0162983
0.376764
0.823444
1.30313
1.79704
2.28893
2.76533
3.21558
3.63178
4.00883
4.3445
4.63909
4.89508
5.11665
5.30871
5.4758
5.62231
5.75246
5.8693
5.97508
6.07119
6.15902
6.23996
6.31448
6.38315
6.44656
6.50486
6.55828
6.60691
6.65075
6.68975
6.72386
6.75315
6.77771
6.79783
6.81392
6.82645
6.83593
6.84279
6.84738
6.84998
6.85086
6.8502
6.84815
6.84488
6.84055
6.83531
6.82932
6.82269
6.81555
6.80801
6.80017
6.79211
6.78392
6.77565
6.7674
6.75921
6.75114
6.74326
6.73561
6.72825
6.72123
6.71459
6.70839
6.70267
6.69747
6.69283
6.68881
6.68543
6.68275
6.68079
6.67961
6.67924
6.67972
6.68108
6.68337
6.68662
6.69088
6.69619
6.70255
6.71001
6.71855
6.72817
6.73884
6.75048
6.76296
6.77609
6.78957
6.80295
6.8156
6.82663
6.83548
6.84144
-0.158925
-0.438949
-0.621569
-0.713556
-0.712843
-0.589153
-0.347576
-0.0175794
0.384246
0.837665
1.32252
1.82045
2.31549
2.79432
3.24628
3.66334
4.0403
4.37494
4.66766
4.92121
5.14016
5.32982
5.49481
5.63932
5.76778
5.88336
5.98826
6.08344
6.17034
6.25065
6.32455
6.3926
6.45554
6.51345
6.56663
6.61518
6.65909
6.69834
6.73277
6.76242
6.78725
6.80745
6.82332
6.83536
6.84411
6.85012
6.85381
6.85558
6.85571
6.85438
6.85176
6.848
6.84324
6.83763
6.83129
6.82436
6.81694
6.80915
6.80107
6.7928
6.7844
6.77595
6.76752
6.75916
6.75093
6.74289
6.7351
6.72759
6.72043
6.71365
6.70731
6.70144
6.69609
6.6913
6.68712
6.68358
6.68072
6.67857
6.67719
6.67659
6.67683
6.67792
6.67991
6.68283
6.68671
6.69159
6.69748
6.70439
6.71231
6.72122
6.73108
6.74178
6.7532
6.76513
6.77728
6.78921
6.80037
6.80997
6.81753
6.82275
-0.176123
-0.497786
-0.650262
-0.725109
-0.709973
-0.570489
-0.319241
0.0163216
0.420822
0.875011
1.35943
1.85632
2.35013
2.8277
3.27835
3.69388
4.06895
4.40136
4.69154
4.94244
5.15903
5.34674
5.5102
5.65364
5.78143
5.8966
6.00141
6.09625
6.18251
6.26257
6.33606
6.40351
6.46604
6.52349
6.57628
6.62456
6.66837
6.70768
6.74227
6.77221
6.79732
6.81767
6.83346
6.84511
6.85319
6.8583
6.861
6.86178
6.86102
6.85889
6.85559
6.85124
6.84598
6.83994
6.83322
6.82596
6.81824
6.81018
6.80186
6.79335
6.78474
6.7761
6.76748
6.75895
6.75056
6.74236
6.73441
6.72676
6.71945
6.71252
6.70603
6.70002
6.69452
6.68958
6.68524
6.68153
6.67849
6.67616
6.67457
6.67375
6.67374
6.67457
6.67626
6.67884
6.68236
6.68682
6.69224
6.69862
6.70594
6.71417
6.72325
6.73308
6.74351
6.75435
6.7653
6.77597
6.78585
6.79427
6.80081
6.80547
-0.172162
-0.532887
-0.621341
-0.670117
-0.64045
-0.492287
-0.243234
0.0880116
0.486288
0.933215
1.41015
1.89995
2.3875
2.8598
3.30602
3.71769
4.08932
4.41866
4.70601
4.95444
5.16938
5.35617
5.51897
5.66231
5.79073
5.90667
6.01197
6.10742
6.19434
6.27496
6.34838
6.41545
6.47779
6.53477
6.58708
6.63503
6.67858
6.71781
6.75235
6.78246
6.80778
6.82832
6.84414
6.85553
6.86302
6.86725
6.86889
6.86859
6.8668
6.86375
6.85963
6.8546
6.84877
6.84223
6.8351
6.82748
6.81944
6.81109
6.80251
6.79377
6.78495
6.7761
6.76729
6.75858
6.75002
6.74166
6.73355
6.72575
6.71829
6.71122
6.70458
6.69842
6.69277
6.68768
6.68318
6.6793
6.67608
6.67356
6.67177
6.67073
6.67048
6.67104
6.67244
6.6747
6.67785
6.6819
6.68687
6.69273
6.69947
6.70705
6.71539
6.7244
6.73393
6.74377
6.75365
6.76321
6.77201
6.77945
6.7852
6.78942
-0.00182885
-0.445343
-0.513273
-0.534997
-0.502741
-0.366993
-0.131943
0.185373
0.568854
1.00096
1.46396
1.94135
2.41835
2.88201
3.32129
3.72732
4.09449
4.42048
4.705
4.95129
5.16576
5.35348
5.51766
5.66336
5.79478
5.91344
6.02084
6.11807
6.20642
6.28757
6.36136
6.42897
6.49114
6.54732
6.59915
6.64678
6.68992
6.72888
6.76313
6.79327
6.81869
6.83934
6.8552
6.86643
6.87343
6.87685
6.87742
6.87595
6.87303
6.86893
6.86389
6.85808
6.85159
6.84451
6.83692
6.8289
6.82053
6.81189
6.80304
6.79405
6.785
6.77595
6.76695
6.75805
6.74932
6.7408
6.73254
6.72458
6.71697
6.70975
6.70297
6.69666
6.69086
6.68561
6.68094
6.6769
6.67351
6.6708
6.6688
6.66755
6.66706
6.66736
6.66847
6.6704
6.67319
6.67685
6.68137
6.68674
6.69292
6.69987
6.70752
6.71576
6.72445
6.73338
6.7423
6.7509
6.75876
6.7654
6.77055
6.77441
0.657227
0.191914
-0.0321799
-0.146096
-0.183258
-0.114838
0.0609619
0.328578
0.670395
1.06807
1.5031
1.95816
2.41769
2.86804
3.29735
3.69611
4.05877
4.38301
4.66706
4.91505
5.13459
5.32977
5.5035
5.65833
5.79575
5.91853
6.02903
6.1288
6.21916
6.30146
6.37612
6.44413
6.5062
6.56301
6.61565
6.66242
6.70429
6.74228
6.77587
6.80595
6.83132
6.852
6.86793
6.87909
6.88572
6.88836
6.88782
6.88507
6.88077
6.87532
6.86909
6.86226
6.85493
6.84715
6.83899
6.83049
6.82171
6.8127
6.80353
6.79425
6.78494
6.77564
6.76641
6.7573
6.74836
6.73964
6.73119
6.72304
6.71525
6.70786
6.7009
6.69441
6.68844
6.68301
6.67815
6.67391
6.67031
6.66739
6.66516
6.66365
6.66289
6.66289
6.66367
6.66525
6.66764
6.67085
6.67487
6.67968
6.68525
6.69152
6.69842
6.70584
6.71363
6.72162
6.72957
6.73719
6.74414
6.75002
6.75464
6.75808
0.305934
0.0564748
-0.106464
-0.149928
-0.115176
-0.0036532
0.186893
0.448324
0.76888
1.13613
1.53724
1.95933
2.38988
2.81648
3.22637
3.60907
3.96179
4.28454
4.57795
4.84301
5.0787
5.28663
5.4708
5.63416
5.77926
5.90892
6.02539
6.13031
6.22504
6.3108
6.38831
6.45843
6.52192
6.57943
6.63161
6.67819
6.72101
6.75889
6.79204
6.82146
6.84598
6.86644
6.88245
6.89361
6.89999
6.90198
6.90047
6.89635
6.89033
6.88319
6.8754
6.86723
6.85879
6.85011
6.84121
6.8321
6.82281
6.81337
6.80381
6.7942
6.78458
6.77499
6.7655
6.75614
6.74697
6.73802
6.72935
6.721
6.71301
6.70541
6.69825
6.69157
6.68539
6.67975
6.67469
6.67023
6.6664
6.66323
6.66074
6.65895
6.65789
6.65757
6.65799
6.65918
6.66113
6.66386
6.66735
6.67157
6.67649
6.68205
6.68817
6.69475
6.70166
6.70872
6.71572
6.72242
6.72853
6.73371
6.73785
6.74106
0.196335
0.11357
0.0329558
0.0140884
0.0523518
0.147942
0.306589
0.527167
0.802719
1.12381
1.47992
1.86018
2.25388
2.65155
3.04586
3.43109
3.79894
4.14074
4.45299
4.7337
4.98256
5.2025
5.39795
5.57254
5.7291
5.86991
5.99672
6.11091
6.21374
6.30634
6.38958
6.46437
6.53148
6.59161
6.64545
6.69332
6.73638
6.77437
6.80813
6.83685
6.86093
6.88134
6.89708
6.90795
6.91412
6.91582
6.91356
6.90805
6.90033
6.89139
6.88191
6.87226
6.86258
6.8529
6.84319
6.83343
6.82359
6.8137
6.80375
6.79379
6.78386
6.774
6.76424
6.75464
6.74523
6.73607
6.72719
6.71864
6.71045
6.70266
6.69531
6.68844
6.68207
6.67624
6.67097
6.6663
6.66225
6.65885
6.65611
6.65405
6.6527
6.65206
6.65215
6.65296
6.6545
6.65677
6.65976
6.66343
6.66775
6.67266
6.67809
6.68392
6.69004
6.6963
6.7025
6.70844
6.71387
6.71852
6.72229
6.72539
0.137373
0.101872
0.0566458
0.0506724
0.0972034
0.197461
0.353027
0.562013
0.818285
1.11354
1.43887
1.78541
2.14523
2.51152
2.8781
3.23871
3.5869
3.91839
4.23104
4.52263
4.79099
5.03511
5.25527
5.45282
5.62988
5.78891
5.93205
6.0609
6.17674
6.28065
6.37358
6.45645
6.53015
6.5955
6.65329
6.70411
6.7489
6.78798
6.82211
6.85159
6.87624
6.89598
6.91133
6.92194
6.92799
6.92939
6.92638
6.91968
6.91041
6.89972
6.88851
6.8773
6.8663
6.85555
6.84498
6.83453
6.82413
6.81377
6.80342
6.79312
6.78288
6.77273
6.76272
6.75288
6.74325
6.73387
6.72479
6.71604
6.70766
6.69968
6.69214
6.68508
6.67852
6.6725
6.66704
6.66217
6.6579
6.65427
6.6513
6.64899
6.64736
6.64642
6.64618
6.64664
6.64778
6.64963
6.65215
6.65531
6.65908
6.6634
6.6682
6.67337
6.67881
6.68437
6.6899
6.69521
6.7001
6.70434
6.70784
6.7109
0.10231
0.0905095
0.0785876
0.0953581
0.154108
0.257039
0.404691
0.596019
0.827306
1.09301
1.38662
1.70139
2.03066
2.36771
2.70658
3.04221
3.37006
3.68675
3.99016
4.27898
4.55217
4.8089
5.04831
5.26948
5.47182
5.65553
5.82152
5.97107
6.10546
6.22583
6.33314
6.42837
6.51244
6.5863
6.65087
6.70697
6.75558
6.79735
6.8331
6.86343
6.88864
6.90955
6.92498
6.93509
6.94076
6.9418
6.93824
6.93066
6.92011
6.90785
6.89498
6.88221
6.86987
6.85802
6.84656
6.83539
6.82442
6.81358
6.80283
6.79218
6.78163
6.77121
6.76094
6.75086
6.74101
6.73143
6.72214
6.7132
6.70463
6.69647
6.68876
6.68152
6.67478
6.66857
6.66292
6.65785
6.65339
6.64954
6.64633
6.64378
6.64189
6.64067
6.64012
6.64024
6.64102
6.64246
6.64455
6.64725
6.65051
6.6543
6.65853
6.66312
6.66796
6.67293
6.67789
6.68268
6.68713
6.69105
6.69436
6.69743
0.0744852
0.0739322
0.0802779
0.109314
0.171693
0.271138
0.40877
0.58417
0.794908
1.03689
1.30494
1.59327
1.89588
2.20716
2.52204
2.83623
3.14621
3.44914
3.74294
4.0262
4.2981
4.5583
4.80651
5.04211
5.264
5.47089
5.66169
5.83588
5.99356
6.13528
6.2618
6.37397
6.47269
6.55893
6.63371
6.69805
6.75303
6.79959
6.8387
6.87121
6.89775
6.91924
6.93584
6.94667
6.95192
6.95258
6.9486
6.94041
6.9289
6.91534
6.901
6.88679
6.87316
6.86022
6.84789
6.83601
6.82445
6.81313
6.80198
6.79098
6.78012
6.76943
6.75891
6.7486
6.73854
6.72875
6.71927
6.71014
6.7014
6.69306
6.68517
6.67776
6.67085
6.66447
6.65864
6.65338
6.64872
6.64467
6.64125
6.63846
6.63632
6.63483
6.634
6.6338
6.63423
6.6353
6.63699
6.63926
6.64207
6.64537
6.6491
6.65317
6.6575
6.66196
6.66644
6.6708
6.6749
6.67857
6.68175
6.68487
0.0463758
0.0516865
0.0688283
0.106513
0.172112
0.269168
0.398801
0.560739
0.753248
0.973168
1.21649
1.47871
1.75517
2.04138
2.33313
2.62663
2.91863
3.20676
3.48943
3.76547
4.03394
4.29433
4.54644
4.78998
5.02423
5.24796
5.45954
5.65721
5.8395
6.00555
6.15508
6.28834
6.4059
6.50857
6.59733
6.67329
6.73763
6.79154
6.83617
6.87264
6.90189
6.9249
6.94236
6.95443
6.96076
6.96134
6.95701
6.94838
6.93623
6.92172
6.90621
6.89077
6.87601
6.86208
6.84892
6.83636
6.82424
6.81244
6.80089
6.78954
6.77837
6.7674
6.75664
6.74611
6.73583
6.72585
6.71619
6.70688
6.69796
6.68946
6.6814
6.67383
6.66675
6.66021
6.65421
6.64878
6.64393
6.63969
6.63606
6.63305
6.63068
6.62894
6.62783
6.62734
6.62745
6.62817
6.62949
6.63137
6.63376
6.63663
6.63992
6.64354
6.64741
6.65144
6.65551
6.65952
6.66334
6.66683
6.66993
6.67311
0.0138722
0.022187
0.0451567
0.0875046
0.15367
0.246325
0.366533
0.514303
0.688572
0.887189
1.10724
1.34531
1.59776
1.8609
2.1312
2.40543
2.68079
2.95508
3.2268
3.49504
3.75913
4.0184
4.27239
4.52079
4.76317
4.99867
5.22586
5.44282
5.6474
5.83753
6.0116
6.16868
6.30848
6.43126
6.53772
6.62882
6.70578
6.76992
6.82259
6.86515
6.89883
6.92484
6.94414
6.95745
6.96524
6.96707
6.96298
6.9541
6.94155
6.92645
6.91017
6.89386
6.87822
6.86349
6.84962
6.83644
6.82379
6.81153
6.79957
6.78787
6.7764
6.76516
6.75415
6.74339
6.73291
6.72274
6.71289
6.70342
6.69433
6.68567
6.67747
6.66974
6.66251
6.6558
6.64965
6.64405
6.63903
6.63461
6.63079
6.62757
6.62498
6.623
6.62165
6.62088
6.62069
6.6211
6.62207
6.62359
6.62562
6.6281
6.63098
6.63421
6.63769
6.64135
6.64508
6.6488
6.6524
6.65576
6.65881
6.66207
-0.025144
-0.0154387
0.0103284
0.0547549
0.119985
0.207498
0.318164
0.452302
0.609403
0.788064
0.986229
1.20141
1.43086
1.67169
1.92106
2.17632
2.43513
2.69558
2.9562
3.21606
3.47462
3.73142
3.98589
4.23745
4.48559
4.72968
4.96864
5.2008
5.42398
5.63567
5.83335
6.01489
6.17884
6.32446
6.45177
6.56133
6.65416
6.73155
6.795
6.84606
6.88623
6.91698
6.93959
6.95511
6.96446
6.96806
6.96543
6.95706
6.94441
6.92906
6.91245
6.89571
6.87957
6.86432
6.84994
6.83625
6.82312
6.81042
6.79807
6.78601
6.77423
6.76271
6.75145
6.74047
6.72979
6.71943
6.70941
6.69977
6.69054
6.68173
6.67338
6.6655
6.65813
6.65128
6.64497
6.63922
6.63405
6.62945
6.62545
6.62205
6.61925
6.61706
6.61546
6.61444
6.61398
6.61409
6.61476
6.61595
6.61763
6.61977
6.62231
6.62518
6.62833
6.63167
6.63512
6.6386
6.64203
6.64529
6.64833
6.65168
-0.0716634
-0.0616476
-0.0350345
0.00986783
0.0731186
0.154674
0.255195
0.375412
0.515339
0.674228
0.850838
1.04358
1.25055
1.46963
1.6986
1.93535
2.17797
2.42483
2.67456
2.92616
3.17896
3.43255
3.68654
3.94026
4.19296
4.4439
4.69223
4.93662
5.17515
5.40534
5.62431
5.8292
6.01748
6.18731
6.33768
6.4684
6.58001
6.6736
6.75062
6.81273
6.86166
6.89915
6.92677
6.94592
6.9578
6.96332
6.9629
6.95622
6.94433
6.92908
6.91263
6.89598
6.87983
6.86446
6.84982
6.8358
6.82227
6.80916
6.79642
6.784
6.7719
6.76009
6.74858
6.73737
6.72649
6.71594
6.70576
6.69597
6.68658
6.67763
6.66915
6.66114
6.65363
6.64665
6.64021
6.63432
6.62899
6.62424
6.62008
6.6165
6.61351
6.61111
6.6093
6.60805
6.60733
6.60717
6.60755
6.60844
6.60983
6.61165
6.61388
6.61645
6.61931
6.62238
6.6256
6.62889
6.63218
6.63538
6.63842
6.64188
-0.125922
-0.116631
-0.0904712
-0.0455976
0.0153131
0.0903068
0.180193
0.286368
0.409305
0.548769
0.704239
0.874951
1.0598
1.25734
1.46593
1.68401
1.91013
2.143
2.38146
2.62449
2.87129
3.12128
3.37401
3.62899
3.8854
4.14228
4.39865
4.6534
4.90494
5.15101
5.38877
5.61502
5.82655
6.02058
6.19502
6.3487
6.48142
6.59376
6.68697
6.76267
6.82274
6.86912
6.90367
6.9281
6.94392
6.95237
6.95435
6.95041
6.9404
6.92608
6.91035
6.8944
6.87881
6.8638
6.84926
6.83509
6.82128
6.80781
6.79468
6.78189
6.76944
6.75733
6.74555
6.73411
6.72302
6.71229
6.70195
6.69201
6.68248
6.67341
6.66479
6.65666
6.64904
6.64193
6.63536
6.62934
6.62388
6.61899
6.61467
6.61093
6.60777
6.60518
6.60317
6.60171
6.60077
6.60035
6.60046
6.60109
6.6022
6.60375
6.60571
6.60802
6.61062
6.61347
6.61649
6.61962
6.62281
6.62597
6.62904
6.6326
-0.187488
-0.180733
-0.155985
-0.110201
-0.0513179
0.0162381
0.0942794
0.18529
0.290227
0.409392
0.543061
0.691355
0.853962
1.03001
1.21835
1.41789
1.62763
1.84661
2.07385
2.30838
2.54928
2.79575
3.04714
3.3029
3.56235
3.82451
4.08825
4.35237
4.6155
4.87564
5.13013
5.37572
5.60888
5.82618
6.02463
6.20207
6.35737
6.49044
6.60208
6.69374
6.76728
6.82478
6.86832
6.89989
6.92131
6.9341
6.93954
6.93868
6.9315
6.91969
6.90542
6.8908
6.87641
6.86231
6.84827
6.8342
6.82023
6.80643
6.79292
6.77973
6.76691
6.75447
6.74241
6.73072
6.71942
6.70851
6.698
6.68791
6.67826
6.66906
6.66033
6.65209
6.64436
6.63714
6.63046
6.62432
6.61874
6.61372
6.60926
6.60537
6.60205
6.5993
6.5971
6.59544
6.59428
6.59363
6.5935
6.59389
6.59475
6.59606
6.59778
6.59986
6.60225
6.60491
6.60777
6.61078
6.61389
6.61703
6.62014
6.6238
-0.254774
-0.254876
-0.231571
-0.181951
-0.123866
-0.0634178
0.00344094
0.0800249
0.16731
0.266025
0.377312
0.502298
0.641569
0.794772
0.961266
1.14058
1.33232
1.53599
1.75091
1.97618
2.21078
2.45366
2.70387
2.96056
3.22295
3.49013
3.76094
4.03406
4.30806
4.58114
4.85084
5.11405
5.36716
5.60636
5.82802
6.02914
6.20768
6.36273
6.49452
6.60414
6.69332
6.76412
6.81875
6.85943
6.88824
6.90702
6.91732
6.92046
6.91726
6.90876
6.8974
6.8849
6.87236
6.85983
6.84679
6.83314
6.81917
6.8051
6.79119
6.77758
6.76436
6.75155
6.73917
6.72722
6.71569
6.70459
6.69392
6.68369
6.67391
6.6646
6.65577
6.64743
6.6396
6.63229
6.6255
6.61926
6.61357
6.60843
6.60385
6.59983
6.59637
6.59346
6.59109
6.58926
6.5879
6.58702
6.58667
6.58683
6.58748
6.58857
6.59008
6.59196
6.59418
6.59667
6.5994
6.60231
6.60537
6.6085
6.61166
6.61542
-0.324542
-0.345977
-0.316892
-0.257668
-0.204426
-0.157253
-0.105996
-0.046839
0.020637
0.0975102
0.185818
0.287767
0.404836
0.536609
0.682623
0.842878
1.01742
1.20622
1.4089
1.62468
1.85258
2.09154
2.34043
2.59812
2.86358
3.13582
3.41379
3.69623
3.98157
4.26783
4.55249
4.83256
5.1045
5.36438
5.60815
5.83219
6.03365
6.21089
6.36344
6.49199
6.59804
6.68363
6.75109
6.80279
6.84101
6.86781
6.88493
6.89388
6.89588
6.89225
6.88481
6.87576
6.86595
6.85592
6.84465
6.83184
6.81809
6.80383
6.78953
6.77546
6.76178
6.74857
6.73584
6.72359
6.71183
6.70053
6.6897
6.67933
6.66944
6.66003
6.6511
6.64268
6.63476
6.62736
6.62049
6.61416
6.60838
6.60314
6.59845
6.59431
6.59072
6.58768
6.58516
6.58316
6.58159
6.5805
6.57994
6.57991
6.58036
6.58126
6.58259
6.5843
6.58636
6.58872
6.59134
6.59417
6.59719
6.60033
6.60355
6.60739
-0.375917
-0.475914
-0.415628
-0.319364
-0.260691
-0.223092
-0.185686
-0.144156
-0.0986846
-0.0474532
0.012897
0.0861894
0.175505
0.279978
0.399827
0.536153
0.689835
0.86156
1.0512
1.25763
1.47944
1.71518
1.96327
2.22217
2.49056
2.76727
3.05124
3.34144
3.63656
3.93462
4.23303
4.5287
4.81807
5.09707
5.36125
5.60638
5.82897
6.02685
6.19931
6.34701
6.47146
6.57462
6.6586
6.7255
6.77735
6.8161
6.8435
6.8612
6.87072
6.87365
6.87178
6.86708
6.86061
6.85345
6.84393
6.83167
6.81794
6.8033
6.78843
6.77375
6.7595
6.74578
6.73262
6.72003
6.70799
6.69647
6.68546
6.67496
6.66495
6.65544
6.64644
6.63793
6.62994
6.62247
6.61553
6.60912
6.60325
6.59792
6.59313
6.58889
6.58519
6.58202
6.57938
6.57722
6.57547
6.57418
6.57345
6.57325
6.57355
6.57431
6.5755
6.57709
6.57904
6.58132
6.58389
6.58671
6.58975
6.59295
6.5963
6.60022
-0.411876
-0.821825
-0.740118
-0.604503
-0.548347
-0.529117
-0.512792
-0.496415
-0.482429
-0.468618
-0.448968
-0.412359
-0.358215
-0.292919
-0.216884
-0.128067
-0.0240715
0.0992311
0.245015
0.414336
0.607891
0.825364
1.06509
1.32497
1.60303
1.8973
2.20558
2.52531
2.85363
3.1876
3.52425
3.86051
4.19312
4.51862
4.8335
5.13426
5.41748
5.67989
5.91836
6.13018
6.31346
6.46748
6.59289
6.6916
6.76648
6.82089
6.85835
6.88218
6.89542
6.90071
6.90023
6.89563
6.88805
6.87645
6.86034
6.84246
6.82501
6.80748
6.79018
6.7734
6.75735
6.74212
6.72773
6.71414
6.70131
6.68916
6.67766
6.66676
6.65642
6.64663
6.63737
6.62864
6.62044
6.61276
6.60561
6.59898
6.59289
6.58732
6.58229
6.5778
6.57383
6.57038
6.56745
6.56504
6.56308
6.56155
6.56047
6.55995
6.55994
6.56042
6.56135
6.56271
6.56447
6.5666
6.56906
6.57184
6.57491
6.57822
6.58171
6.58526
-0.234292
-0.47183
-0.43808
-0.375409
-0.351303
-0.343012
-0.334637
-0.326325
-0.321279
-0.321595
-0.329869
-0.352547
-0.382816
-0.401152
-0.400468
-0.381255
-0.339271
-0.272019
-0.186695
-0.0881954
0.0272574
0.166111
0.331439
0.525385
0.748871
1.00124
1.28085
1.58551
1.91267
2.25933
2.62209
2.99714
3.38025
3.76672
4.15131
4.52823
4.89121
5.23387
5.55016
5.8349
6.08436
6.29657
6.47145
6.6107
6.71738
6.79547
6.84937
6.8835
6.90201
6.90869
6.90686
6.89934
6.88837
6.8752
6.86064
6.84482
6.8263
6.80604
6.78652
6.7677
6.74969
6.73266
6.71668
6.70174
6.68779
6.67474
6.66252
6.65105
6.64026
6.6301
6.62054
6.61155
6.60311
6.59522
6.58785
6.58102
6.57471
6.56894
6.56369
6.55897
6.55478
6.55112
6.54798
6.54538
6.54331
6.54169
6.54044
6.53964
6.53935
6.53955
6.54023
6.54136
6.54293
6.54492
6.54731
6.55009
6.55322
6.55671
6.56047
6.56433
-0.227605
-0.468816
-0.461054
-0.417483
-0.402404
-0.399135
-0.394502
-0.388153
-0.381942
-0.376083
-0.369827
-0.362197
-0.351554
-0.338588
-0.326442
-0.319337
-0.323712
-0.338546
-0.347398
-0.331645
-0.284366
-0.212137
-0.121588
-0.00887439
0.131687
0.303933
0.509852
0.749841
1.02295
1.32714
1.65946
2.01616
2.3927
2.78387
3.18391
3.58655
3.98519
4.37307
4.7436
5.09065
5.4089
5.69425
5.94405
6.15726
6.33445
6.47763
6.58986
6.67487
6.73667
6.77922
6.80623
6.82105
6.82656
6.82518
6.81882
6.80889
6.79621
6.78178
6.76531
6.7476
6.73043
6.71385
6.69805
6.68315
6.66919
6.65614
6.64394
6.63253
6.62185
6.61183
6.60242
6.59359
6.58531
6.57756
6.57033
6.56361
6.55739
6.55167
6.54645
6.54174
6.53753
6.53382
6.53062
6.52793
6.52576
6.5241
6.52281
6.52189
6.52144
6.5215
6.52207
6.52312
6.52464
6.52663
6.52907
6.53195
6.53527
6.53902
6.54311
6.54738
-0.198199
-0.405092
-0.395193
-0.356993
-0.346163
-0.346663
-0.345943
-0.343506
-0.341167
-0.33941
-0.338032
-0.336813
-0.335435
-0.333341
-0.329843
-0.324422
-0.316744
-0.306011
-0.293212
-0.284185
-0.284124
-0.283971
-0.264557
-0.217522
-0.144686
-0.0458382
0.0833714
0.247487
0.44921
0.689299
0.966837
1.27942
1.62335
1.99379
2.385
2.79052
3.20341
3.61642
4.0222
4.41354
4.78368
5.12662
5.43749
5.71287
5.95103
6.15193
6.31712
6.44933
6.55209
6.62935
6.68506
6.72305
6.74681
6.75942
6.76355
6.76144
6.75485
6.74516
6.73325
6.72007
6.70561
6.6906
6.6762
6.66238
6.64923
6.6368
6.62511
6.61413
6.60382
6.59414
6.58504
6.57649
6.56846
6.56093
6.55389
6.54733
6.54125
6.53564
6.5305
6.52584
6.52166
6.51797
6.51476
6.51204
6.50982
6.50811
6.5069
6.50602
6.50551
6.5055
6.50603
6.50707
6.50861
6.51065
6.51318
6.5162
6.51971
6.52371
6.52811
6.5327
-0.183907
-0.377515
-0.372246
-0.341539
-0.336341
-0.341335
-0.344651
-0.345763
-0.346276
-0.3465
-0.346109
-0.344829
-0.342514
-0.339105
-0.334671
-0.329427
-0.323633
-0.317389
-0.310475
-0.302379
-0.292073
-0.279309
-0.267924
-0.256761
-0.23553
-0.193254
-0.124066
-0.024171
0.111237
0.286564
0.504226
0.764347
1.06497
1.40232
1.77115
2.16502
2.57666
2.99826
3.42174
3.839
4.24218
4.62401
4.97809
5.29936
5.5843
5.83122
6.04021
6.21293
6.35221
6.46165
6.54516
6.60669
6.65003
6.67866
6.69564
6.70367
6.705
6.70149
6.69459
6.68543
6.67474
6.66326
6.65123
6.63923
6.62768
6.61658
6.60598
6.59591
6.58635
6.57732
6.56877
6.5607
6.55309
6.54592
6.53919
6.5329
6.52704
6.52162
6.51663
6.51209
6.50801
6.50437
6.50121
6.49851
6.4963
6.49457
6.49335
6.4926
6.4922
6.49219
6.49271
6.49378
6.49538
6.49752
6.50018
6.50337
6.5071
6.51136
6.51608
6.521
-0.166247
-0.341329
-0.33714
-0.311169
-0.309264
-0.317021
-0.323419
-0.327888
-0.331784
-0.3353
-0.338108
-0.339976
-0.34079
-0.340469
-0.338947
-0.336189
-0.332204
-0.327043
-0.320822
-0.313736
-0.305905
-0.297245
-0.287107
-0.273941
-0.257711
-0.237219
-0.20559
-0.152804
-0.0698996
0.0504517
0.213909
0.423709
0.680262
0.981309
1.32236
1.69723
2.0985
2.51797
2.94705
3.37697
3.79917
4.20549
4.58854
4.94203
5.26117
5.54293
5.78618
5.99158
6.16123
6.29825
6.40633
6.48934
6.55114
6.59536
6.62532
6.64397
6.65387
6.65719
6.65574
6.65096
6.64394
6.63553
6.62634
6.6168
6.60709
6.59756
6.58839
6.57953
6.57098
6.56279
6.55494
6.54745
6.54033
6.53357
6.52718
6.52117
6.51554
6.5103
6.50547
6.50105
6.49705
6.49348
6.49036
6.48769
6.48549
6.48377
6.48255
6.48183
6.48151
6.48158
6.48214
6.48326
6.48494
6.48718
6.48998
6.49334
6.49728
6.50179
6.5068
6.51202
-0.147094
-0.304084
-0.303572
-0.285475
-0.289786
-0.302668
-0.314113
-0.32368
-0.332447
-0.340412
-0.347187
-0.352509
-0.356253
-0.358352
-0.358791
-0.357601
-0.354842
-0.350594
-0.344922
-0.338143
-0.330612
-0.322332
-0.313268
-0.303111
-0.29056
-0.27379
-0.250864
-0.217438
-0.16487
-0.0819329
0.0417685
0.213242
0.435414
0.70747
1.02557
1.38365
1.77413
2.18851
2.61778
3.05281
3.48458
3.90445
4.30445
4.67762
5.01835
5.32278
5.58897
5.81688
6.00804
6.16516
6.29164
6.39121
6.46763
6.52456
6.56538
6.59315
6.61059
6.62007
6.62357
6.62276
6.61897
6.61322
6.60626
6.59862
6.59069
6.58274
6.57481
6.56698
6.55936
6.55196
6.5448
6.53789
6.53123
6.52485
6.51876
6.51299
6.50754
6.50245
6.49772
6.49336
6.48941
6.48586
6.48275
6.48007
6.47786
6.47611
6.47486
6.47411
6.47387
6.47404
6.47463
6.4758
6.47756
6.4799
6.48284
6.48636
6.49049
6.49524
6.50053
6.50603
-0.12132
-0.25751
-0.263364
-0.256293
-0.268533
-0.287361
-0.304738
-0.320362
-0.334769
-0.347708
-0.358784
-0.367769
-0.374563
-0.379126
-0.381456
-0.381569
-0.379481
-0.375799
-0.371182
-0.36543
-0.358404
-0.350296
-0.341209
-0.331074
-0.319453
-0.305246
-0.286429
-0.259705
-0.21922
-0.154847
-0.0531026
0.0973639
0.301779
0.559801
0.86736
1.21798
1.60367
2.0156
2.44451
2.8811
3.31625
3.74124
4.14799
4.52938
4.87956
5.1944
5.47167
5.71101
5.91363
6.08196
6.21916
6.32877
6.41439
6.47955
6.52758
6.56155
6.58421
6.59798
6.60495
6.6069
6.60527
6.60124
6.59567
6.58921
6.58228
6.57515
6.56795
6.56083
6.55383
6.54695
6.54022
6.53364
6.52724
6.52104
6.51508
6.50938
6.50397
6.49886
6.4941
6.4897
6.48568
6.48206
6.47886
6.4761
6.4738
6.47197
6.47064
6.46982
6.46953
6.4697
6.47034
6.47155
6.47337
6.4758
6.47885
6.48252
6.48683
6.49178
6.49732
6.50308
-0.0891779
-0.204213
-0.221484
-0.230576
-0.253244
-0.279442
-0.303721
-0.32569
-0.345444
-0.362735
-0.37732
-0.389084
-0.397975
-0.403936
-0.406973
-0.407709
-0.407154
-0.405148
-0.401213
-0.39556
-0.388446
-0.38008
-0.370609
-0.36008
-0.348295
-0.334517
-0.317262
-0.29313
-0.255061
-0.191444
-0.0879893
0.0667225
0.277016
0.541369
0.854744
1.21
1.5988
2.01219
2.44101
2.87615
3.30877
3.73048
4.13357
4.51135
4.85842
5.17108
5.44747
5.68736
5.89129
6.06165
6.20145
6.31402
6.40267
6.47077
6.52152
6.55788
6.58255
6.59793
6.60612
6.60892
6.60782
6.60406
6.59857
6.59208
6.58507
6.57785
6.57061
6.56344
6.55639
6.54946
6.54266
6.536
6.5295
6.52318
6.51706
6.51119
6.50558
6.50026
6.49528
6.49066
6.48641
6.48258
6.47917
6.47621
6.47372
6.47171
6.47022
6.46925
6.46882
6.46896
6.46962
6.47084
6.4727
6.47519
6.47834
6.48213
6.48659
6.49173
6.49748
6.50349
-0.0529265
-0.142857
-0.179684
-0.208424
-0.241226
-0.273801
-0.303643
-0.330369
-0.353922
-0.374187
-0.391065
-0.404471
-0.414283
-0.420495
-0.424508
-0.427157
-0.427611
-0.425671
-0.421637
-0.415829
-0.408485
-0.399745
-0.389578
-0.377747
-0.363828
-0.346664
-0.324301
-0.293539
-0.246864
-0.170185
-0.0477364
0.129691
0.362966
0.648066
0.978593
1.34682
1.74428
2.16219
2.59168
3.02402
3.45078
3.86403
4.2566
4.62242
4.9568
5.25672
5.52098
5.75023
5.94562
6.10915
6.24387
6.35301
6.4389
6.50474
6.55357
6.58825
6.61136
6.62523
6.63194
6.63324
6.63062
6.62533
6.61831
6.61032
6.60188
6.59333
6.58489
6.57665
6.56864
6.56089
6.55336
6.54605
6.53896
6.53208
6.52545
6.51907
6.51298
6.5072
6.50177
6.49672
6.49206
6.48784
6.48406
6.48076
6.47795
6.47566
6.47391
6.47271
6.47209
6.47206
6.47264
6.47386
6.47574
6.47829
6.48152
6.48543
6.49003
6.49534
6.50129
6.50754
-0.0286485
-0.0883443
-0.139843
-0.183422
-0.223563
-0.26046
-0.293873
-0.323664
-0.349636
-0.371693
-0.389655
-0.403398
-0.413514
-0.42171
-0.427846
-0.430798
-0.430816
-0.428222
-0.42321
-0.415868
-0.406153
-0.393855
-0.378514
-0.359379
-0.335473
-0.30555
-0.266969
-0.214058
-0.13689
-0.0227448
0.139023
0.352739
0.616876
0.926602
1.27532
1.65541
2.05875
2.47697
2.90171
3.32481
3.73844
4.13536
4.50916
4.85462
5.16795
5.44698
5.691
5.9009
6.07897
6.22742
6.34897
6.44711
6.52457
6.5837
6.62651
6.65567
6.67374
6.68299
6.6854
6.6827
6.67634
6.66751
6.65717
6.64606
6.6347
6.62345
6.61253
6.60205
6.59205
6.58251
6.57341
6.5647
6.55637
6.54839
6.54075
6.53346
6.52653
6.51998
6.51382
6.50809
6.50281
6.498
6.49369
6.4899
6.48665
6.48395
6.48184
6.48032
6.47942
6.47916
6.47961
6.4808
6.48268
6.48527
6.48857
6.49258
6.49733
6.50281
6.50895
6.51545
-0.0304582
-0.0772545
-0.122507
-0.165491
-0.205605
-0.242572
-0.276072
-0.305782
-0.331329
-0.352204
-0.368083
-0.380882
-0.392074
-0.400177
-0.404237
-0.404464
-0.401058
-0.394088
-0.383526
-0.369251
-0.351024
-0.328427
-0.300737
-0.26667
-0.224008
-0.169239
-0.097299
-0.00165218
0.125263
0.290778
0.499829
0.753398
1.04894
1.38161
1.74515
2.13246
2.53596
2.94792
3.36061
3.76658
4.1588
4.53094
4.87763
5.19471
5.47948
5.73069
5.94839
6.13378
6.28908
6.41671
6.51926
6.59958
6.66128
6.70763
6.74052
6.76066
6.77043
6.77207
6.7675
6.75836
6.74604
6.73167
6.71617
6.70025
6.68443
6.66905
6.65434
6.6404
6.62727
6.61492
6.60331
6.59238
6.58207
6.57233
6.56314
6.55446
6.54628
6.5386
6.53143
6.52478
6.51866
6.5131
6.50809
6.50367
6.49986
6.49666
6.49409
6.49218
6.49093
6.49045
6.4908
6.49193
6.49379
6.49639
6.49974
6.50384
6.5087
6.51432
6.52064
6.52736
-0.0338518
-0.0755453
-0.11108
-0.146491
-0.180148
-0.210885
-0.237772
-0.260031
-0.27846
-0.29518
-0.310869
-0.323331
-0.330862
-0.333657
-0.331873
-0.32555
-0.314626
-0.298916
-0.278069
-0.251499
-0.218292
-0.177114
-0.126117
-0.0628698
0.0156803
0.113205
0.233917
0.382321
0.562752
0.778606
1.0314
1.32021
1.64191
1.99171
2.36375
2.75146
3.14791
3.54603
3.9389
4.31992
4.68305
5.02307
5.33577
5.61821
5.86871
6.08691
6.27348
6.43
6.55867
6.66197
6.74253
6.80298
6.84608
6.87491
6.8931
6.90097
6.89956
6.89097
6.87702
6.85926
6.83898
6.81723
6.79489
6.7726
6.75087
6.73001
6.71024
6.69166
6.67429
6.6581
6.64304
6.62902
6.61597
6.6038
6.59245
6.58186
6.57199
6.56282
6.55432
6.54649
6.53933
6.53283
6.527
6.52184
6.51738
6.51361
6.51055
6.5082
6.50659
6.50592
6.5062
6.50725
6.50906
6.51165
6.51502
6.51918
6.52412
6.52984
6.53629
6.54317
-0.0292429
-0.0528967
-0.0733258
-0.0952979
-0.117763
-0.140025
-0.161733
-0.182462
-0.200602
-0.214142
-0.222629
-0.226252
-0.22479
-0.217967
-0.205437
-0.186771
-0.161427
-0.128716
-0.0877527
-0.0374272
0.0236417
0.0971363
0.185064
0.289752
0.413796
0.559961
0.731015
0.929477
1.15727
1.41532
1.70309
2.0185
2.35796
2.71678
3.08943
3.46988
3.85183
4.229
4.59533
4.94522
5.27373
5.57682
5.85148
6.09584
6.30918
6.49182
6.64492
6.77031
6.87022
6.94714
7.00363
7.04223
7.06539
7.07598
7.07731
7.07056
7.05587
7.03512
7.01003
6.98201
6.95225
6.9217
6.89118
6.86128
6.83244
6.80499
6.77911
6.75488
6.73233
6.71141
6.69205
6.67417
6.65764
6.64237
6.62827
6.61526
6.60325
6.59219
6.58204
6.57276
6.56432
6.55671
6.54991
6.54392
6.53873
6.53433
6.53073
6.52792
6.52613
6.52539
6.52553
6.52645
6.52817
6.53071
6.53405
6.53821
6.54316
6.54892
6.55543
6.56239
-0.0195733
-0.0332641
-0.0477719
-0.0625453
-0.0763484
-0.0883704
-0.0979698
-0.104671
-0.10795
-0.107095
-0.101367
-0.0900941
-0.0726241
-0.0483147
-0.0164939
0.0235755
0.0727302
0.131933
0.202296
0.285095
0.381776
0.493943
0.623331
0.771752
0.941011
1.13279
1.34849
1.58902
1.85462
2.1446
2.4572
2.7896
3.13796
3.49767
3.86357
4.23015
4.59181
4.9431
5.27888
5.5946
5.88641
6.15137
6.3875
6.59385
6.77041
6.91799
7.03807
7.13261
7.20388
7.2543
7.28636
7.30246
7.30501
7.29744
7.28204
7.25963
7.2306
7.19673
7.15959
7.12043
7.08033
7.04018
7.0007
6.96243
6.92578
6.89104
6.85836
6.82783
6.79945
6.77318
6.74892
6.72657
6.70601
6.68712
6.66978
6.65388
6.63932
6.62601
6.61389
6.60288
6.59294
6.58403
6.57612
6.56917
6.56316
6.55808
6.55391
6.55081
6.54888
6.54792
6.54781
6.54853
6.5501
6.55252
6.55578
6.55986
6.56477
6.57049
6.57697
6.58394
-0.00602577
-0.00824283
-0.0105365
-0.0122175
-0.012524
-0.0107026
-0.00597962
0.0024382
0.015348
0.0335255
0.0577256
0.0887051
0.127243
0.174153
0.230294
0.296586
0.374018
0.463657
0.566645
0.684192
0.817563
0.968038
1.13687
1.32521
1.53404
1.76403
2.01546
2.28808
2.58097
2.89245
3.22007
3.56058
3.91008
4.26413
4.61795
4.9666
5.3052
5.62909
5.93405
6.21645
6.47341
6.70287
6.90366
7.07547
7.21874
7.33461
7.42471
7.49106
7.53592
7.56168
7.57069
7.56525
7.54849
7.52401
7.49309
7.45521
7.41196
7.36507
7.31591
7.26562
7.21517
7.16536
7.11685
7.07012
7.02554
6.98337
6.94374
6.90672
6.8723
6.84042
6.811
6.78391
6.75902
6.7362
6.71531
6.69622
6.67881
6.66298
6.64863
6.63566
6.62402
6.61363
6.60445
6.59642
6.58951
6.58368
6.57904
6.57565
6.57334
6.57196
6.57149
6.57192
6.57325
6.57547
6.57856
6.5825
6.58729
6.5929
6.5993
6.60622
0.00667238
0.0175438
0.0290413
0.0419069
0.0568524
0.0746298
0.0960097
0.121786
0.152781
0.189842
0.233834
0.285637
0.346156
0.416318
0.497078
0.589421
0.69436
0.812925
0.946155
1.09507
1.26065
1.44379
1.64522
1.8655
2.10489
2.3633
2.6402
2.93454
3.24472
3.56849
3.90304
4.24498
4.59046
4.93529
5.27511
5.60552
5.92226
6.2214
6.49946
6.75356
6.9815
7.18187
7.354
7.49793
7.61439
7.70462
7.77033
7.81353
7.83645
7.84133
7.83038
7.80641
7.77483
7.737
7.6914
7.63971
7.58385
7.52533
7.46537
7.40503
7.34519
7.28659
7.22982
7.17532
7.12342
7.07435
7.02822
6.98508
6.94493
6.9077
6.8733
6.84159
6.81246
6.78574
6.7613
6.739
6.7187
6.70028
6.68363
6.66864
6.65521
6.64328
6.63277
6.62362
6.61577
6.60926
6.6041
6.60013
6.59721
6.5953
6.59439
6.59445
6.59548
6.59743
6.6003
6.60405
6.60866
6.61412
6.62039
6.62722
0.0183843
0.0425146
0.067046
0.0934646
0.122368
0.154556
0.190877
0.232187
0.279364
0.3333
0.394908
0.465118
0.544875
0.63514
0.736881
0.851068
0.978663
1.1206
1.27776
1.45095
1.64087
1.84806
2.07286
2.31534
2.57528
2.85207
3.14466
3.45156
3.77079
4.09983
4.43576
4.77518
5.11442
5.44956
5.77661
6.09163
6.39088
6.67096
6.92892
7.16239
7.3696
7.54948
7.70161
7.82621
7.92405
7.99641
8.04493
8.07157
8.07838
8.06739
8.04137
8.00704
7.96616
7.91653
7.8595
7.7973
7.73167
7.66397
7.59539
7.52693
7.45945
7.39361
7.32998
7.26897
7.21089
7.15593
7.10422
7.05579
7.01064
6.96871
6.9299
6.89408
6.86113
6.8309
6.80324
6.778
6.75504
6.73423
6.71544
6.69855
6.68347
6.67009
6.65832
6.64811
6.6394
6.63216
6.62626
6.62155
6.618
6.61555
6.61419
6.61388
6.61457
6.61625
6.61888
6.62242
6.62686
6.63216
6.6383
6.64506
0.0269199
0.0599156
0.0930302
0.128797
0.167531
0.209962
0.256928
0.309288
0.36792
0.433727
0.50763
0.590565
0.683479
0.787319
0.903028
1.03153
1.17371
1.33039
1.50234
1.69019
1.89444
2.11538
2.35311
2.60742
2.87779
3.16336
3.46284
3.77453
4.09632
4.42565
4.75961
5.09492
5.42809
5.75547
6.07335
6.37812
6.6664
6.9351
7.18158
7.4037
7.5999
7.76922
7.91129
8.0263
8.11497
8.17844
8.21826
8.23615
8.23382
8.21373
8.18274
8.14442
8.0968
8.03994
7.97618
7.90763
7.83593
7.76243
7.68832
7.61458
7.54204
7.47137
7.4031
7.33763
7.27526
7.2162
7.16055
7.10837
7.05964
7.01431
6.9723
6.93348
6.89773
6.8649
6.83485
6.80742
6.78247
6.75986
6.73945
6.72113
6.70477
6.69027
6.67754
6.66649
6.65706
6.64911
6.64253
6.63723
6.63318
6.63031
6.62859
6.62797
6.6284
6.62985
6.63227
6.63564
6.63992
6.64508
6.65109
6.65779
0.0321729
0.0697614
0.10729
0.147934
0.191804
0.239596
0.292152
0.350334
0.415028
0.487141
0.567604
0.657358
0.757353
0.868535
0.991838
1.12817
1.27838
1.44326
1.62351
1.81969
2.0322
2.26125
2.5068
2.76852
3.04578
3.33757
3.6425
3.95877
4.28417
4.61613
4.95169
5.2876
5.62041
5.94653
6.26235
6.56436
6.84927
7.1141
7.35632
7.57386
7.76522
7.92947
8.06626
8.17577
8.25869
8.31612
8.34955
8.36054
8.35076
8.32416
8.2891
8.24657
8.19266
8.12964
8.06012
7.98609
7.90915
7.83069
7.75188
7.67372
7.59702
7.52245
7.45051
7.38159
7.31599
7.2539
7.19541
7.14057
7.08937
7.04174
6.9976
6.95682
6.91926
6.88477
6.85321
6.82442
6.79823
6.77452
6.75312
6.73392
6.71678
6.70158
6.68824
6.67664
6.66667
6.65823
6.65122
6.64557
6.64121
6.63808
6.63613
6.63531
6.63556
6.63686
6.63916
6.64243
6.64661
6.6517
6.65769
6.66444
7.15004
7.14715
7.14593
7.14507
7.1441
7.14309
7.14209
7.1411
7.14011
7.13912
7.13814
7.13715
7.13617
7.13519
7.13422
7.13324
7.13228
7.13131
7.13036
7.1294
7.12846
7.12752
7.12658
7.12565
7.12473
7.12382
7.12291
7.12201
7.12112
7.12024
7.11937
7.1185
7.11765
7.1168
7.11596
7.11513
7.11431
7.1135
7.1127
7.1119
7.11112
7.11035
7.10958
7.10883
7.10808
7.10734
7.10661
7.1059
7.10519
7.10448
7.10379
7.10311
7.10243
7.10177
7.10111
7.10046
7.09982
7.09919
7.09856
7.09794
7.09733
7.09673
7.09614
7.09555
7.09497
7.0944
7.09383
7.09327
7.09272
7.09218
7.09164
7.0911
7.09058
7.09006
7.08954
7.08903
7.08853
7.08803
7.08754
7.08705
7.08657
7.08609
7.08562
7.08516
7.08469
7.08424
7.08378
7.08334
7.08289
7.08245
7.08202
7.08159
7.08116
7.08074
7.08033
7.07992
7.07953
7.07914
7.07867
7.07814
7.06746
7.06267
7.06043
7.0589
7.05731
7.05567
7.05405
7.05244
7.05086
7.04928
7.04772
7.04617
7.04463
7.04309
7.04157
7.04006
7.03855
7.03705
7.03556
7.03408
7.03261
7.03115
7.02969
7.02824
7.0268
7.02537
7.02394
7.02252
7.02112
7.01971
7.01832
7.01694
7.01556
7.0142
7.01284
7.01149
7.01015
7.00881
7.00749
7.00617
7.00486
7.00356
7.00227
7.00099
6.99972
6.99845
6.99719
6.99595
6.99471
6.99347
6.99225
6.99103
6.98982
6.98862
6.98743
6.98624
6.98506
6.98389
6.98273
6.98157
6.98042
6.97928
6.97814
6.97701
6.97588
6.97477
6.97365
6.97255
6.97145
6.97035
6.96927
6.96818
6.9671
6.96603
6.96496
6.9639
6.96284
6.96178
6.96073
6.95969
6.95865
6.95761
6.95657
6.95554
6.95451
6.95349
6.95247
6.95145
6.95043
6.94942
6.94841
6.9474
6.94639
6.94539
6.94438
6.94339
6.94242
6.94141
6.94021
6.93904
7.04569
7.04184
7.03973
7.03816
7.03656
7.03495
7.03335
7.03178
7.03022
7.02867
7.02713
7.0256
7.02407
7.02255
7.02104
7.01953
7.01802
7.01651
7.015
7.01349
7.01199
7.01049
7.00898
7.00748
7.00598
7.00447
7.00297
7.00147
6.99998
6.99848
6.99698
6.99549
6.99399
6.9925
6.99101
6.98953
6.98805
6.98657
6.98509
6.98361
6.98214
6.98068
6.97922
6.97776
6.9763
6.97485
6.97341
6.97197
6.97053
6.9691
6.96768
6.96626
6.96484
6.96343
6.96203
6.96063
6.95924
6.95785
6.95647
6.95509
6.95372
6.95235
6.95099
6.94964
6.94829
6.94695
6.94561
6.94428
6.94295
6.94163
6.94032
6.93901
6.9377
6.9364
6.93511
6.93382
6.93253
6.93125
6.92998
6.92871
6.92744
6.92618
6.92492
6.92367
6.92242
6.92118
6.91994
6.91871
6.91748
6.91625
6.91503
6.91381
6.91259
6.91138
6.91018
6.90899
6.90783
6.90663
6.90523
6.9039
7.00315
6.99909
6.99661
6.99462
6.99263
6.99063
6.98865
6.9867
6.98477
6.98286
6.98096
6.97908
6.97721
6.97534
6.97349
6.97165
6.96981
6.96797
6.96614
6.96431
6.96249
6.96067
6.95885
6.95704
6.95523
6.95342
6.95161
6.94981
6.948
6.9462
6.94441
6.94261
6.94082
6.93903
6.93725
6.93547
6.93369
6.93192
6.93015
6.92839
6.92663
6.92487
6.92313
6.92138
6.91964
6.91791
6.91619
6.91447
6.91275
6.91105
6.90935
6.90765
6.90597
6.90429
6.90261
6.90095
6.89929
6.89764
6.896
6.89436
6.89274
6.89112
6.88951
6.8879
6.88631
6.88472
6.88314
6.88157
6.88001
6.87845
6.8769
6.87536
6.87383
6.87231
6.87079
6.86928
6.86778
6.86628
6.8648
6.86332
6.86185
6.86038
6.85892
6.85747
6.85603
6.85459
6.85316
6.85173
6.85032
6.8489
6.8475
6.8461
6.84471
6.84332
6.84194
6.84058
6.83925
6.83787
6.83628
6.83473
6.97711
6.97384
6.97161
6.96972
6.96784
6.96596
6.96409
6.96224
6.9604
6.95858
6.95676
6.95495
6.95314
6.95133
6.94953
6.94772
6.94592
6.94411
6.9423
6.94049
6.93868
6.93687
6.93505
6.93323
6.93141
6.92958
6.92775
6.92592
6.92409
6.92226
6.92042
6.91859
6.91675
6.91491
6.91308
6.91124
6.90941
6.90758
6.90575
6.90392
6.9021
6.90028
6.89846
6.89665
6.89484
6.89304
6.89124
6.88945
6.88767
6.88589
6.88412
6.88236
6.88061
6.87886
6.87712
6.87539
6.87367
6.87196
6.87026
6.86857
6.86689
6.86522
6.86356
6.86191
6.86027
6.85864
6.85702
6.85542
6.85382
6.85224
6.85067
6.8491
6.84755
6.84601
6.84448
6.84297
6.84146
6.83996
6.83848
6.83701
6.83554
6.83409
6.83265
6.83122
6.8298
6.82838
6.82698
6.82559
6.82421
6.82283
6.82147
6.82012
6.81877
6.81744
6.81611
6.81481
6.81354
6.81223
6.81074
6.80931
6.94596
6.94281
6.94048
6.93843
6.93642
6.9344
6.93239
6.9304
6.92843
6.92647
6.92451
6.92256
6.92061
6.91867
6.91673
6.91479
6.91285
6.91091
6.90897
6.90703
6.90508
6.90313
6.90119
6.89924
6.89728
6.89533
6.89338
6.89142
6.88946
6.88751
6.88555
6.8836
6.88164
6.87969
6.87774
6.87579
6.87385
6.87191
6.86997
6.86804
6.86612
6.8642
6.86228
6.86038
6.85848
6.85659
6.85471
6.85284
6.85097
6.84912
6.84727
6.84544
6.84362
6.84181
6.84001
6.83822
6.83644
6.83468
6.83293
6.83119
6.82946
6.82775
6.82605
6.82436
6.82269
6.82103
6.81939
6.81775
6.81613
6.81453
6.81294
6.81136
6.8098
6.80824
6.80671
6.80518
6.80367
6.80217
6.80068
6.79921
6.79774
6.79629
6.79485
6.79343
6.79201
6.7906
6.78921
6.78782
6.78645
6.78508
6.78373
6.78238
6.78105
6.77972
6.7784
6.7771
6.77583
6.77453
6.77304
6.77158
6.92154
6.91894
6.9168
6.91489
6.91299
6.9111
6.90921
6.90734
6.90547
6.9036
6.90173
6.89987
6.898
6.89613
6.89426
6.89238
6.8905
6.88862
6.88673
6.88483
6.88293
6.88103
6.87911
6.8772
6.87528
6.87336
6.87143
6.8695
6.86757
6.86563
6.8637
6.86176
6.85982
6.85789
6.85595
6.85402
6.85209
6.85016
6.84824
6.84632
6.84441
6.8425
6.8406
6.83871
6.83682
6.83495
6.83308
6.83122
6.82937
6.82753
6.82571
6.82389
6.82209
6.8203
6.81852
6.81676
6.81501
6.81328
6.81156
6.80985
6.80816
6.80649
6.80483
6.80318
6.80156
6.79994
6.79835
6.79677
6.79521
6.79366
6.79213
6.79062
6.78912
6.78764
6.78618
6.78473
6.7833
6.78188
6.78048
6.77909
6.77772
6.77637
6.77503
6.7737
6.77239
6.7711
6.76981
6.76854
6.76729
6.76604
6.76481
6.7636
6.76239
6.7612
6.76002
6.75886
6.75773
6.75657
6.75529
6.75404
6.89668
6.89424
6.89213
6.8902
6.88829
6.88639
6.88449
6.88259
6.88071
6.87882
6.87693
6.87505
6.87316
6.87126
6.86937
6.86747
6.86556
6.86365
6.86174
6.85982
6.85789
6.85596
6.85402
6.85208
6.85014
6.84819
6.84624
6.84429
6.84234
6.84038
6.83843
6.83648
6.83453
6.83258
6.83063
6.82869
6.82675
6.82482
6.82289
6.82097
6.81906
6.81716
6.81527
6.81338
6.81151
6.80965
6.8078
6.80597
6.80414
6.80233
6.80054
6.79876
6.797
6.79525
6.79352
6.7918
6.7901
6.78842
6.78676
6.78512
6.78349
6.78188
6.7803
6.77873
6.77718
6.77564
6.77413
6.77264
6.77116
6.76971
6.76827
6.76685
6.76545
6.76407
6.76271
6.76136
6.76004
6.75873
6.75743
6.75616
6.7549
6.75365
6.75242
6.75121
6.75001
6.74882
6.74765
6.74649
6.74535
6.74422
6.7431
6.74199
6.74089
6.7398
6.73872
6.73766
6.73663
6.73558
6.73439
6.73323
6.87511
6.873
6.87105
6.86924
6.86745
6.86566
6.86387
6.86208
6.86029
6.8585
6.85671
6.85491
6.8531
6.85129
6.84947
6.84765
6.84581
6.84397
6.84213
6.84027
6.83841
6.83655
6.83467
6.8328
6.83092
6.82903
6.82714
6.82525
6.82336
6.82146
6.81957
6.81768
6.81579
6.8139
6.81201
6.81013
6.80826
6.80639
6.80453
6.80268
6.80083
6.799
6.79717
6.79536
6.79356
6.79177
6.79
6.78823
6.78649
6.78476
6.78304
6.78135
6.77966
6.778
6.77636
6.77473
6.77312
6.77153
6.76996
6.76841
6.76688
6.76538
6.76389
6.76242
6.76097
6.75955
6.75814
6.75676
6.75539
6.75405
6.75273
6.75142
6.75014
6.74888
6.74764
6.74642
6.74522
6.74403
6.74287
6.74172
6.7406
6.73949
6.7384
6.73732
6.73626
6.73522
6.73419
6.73318
6.73219
6.73121
6.73024
6.72929
6.72835
6.72742
6.72651
6.72561
6.72474
6.72386
6.72289
6.72196
6.85439
6.85246
6.85059
6.84883
6.8471
6.84537
6.84364
6.8419
6.84016
6.83842
6.83667
6.83491
6.83315
6.83138
6.8296
6.82782
6.82602
6.82422
6.82241
6.8206
6.81878
6.81695
6.81512
6.81328
6.81144
6.80959
6.80775
6.8059
6.80405
6.8022
6.80035
6.79851
6.79666
6.79483
6.79299
6.79117
6.78935
6.78754
6.78574
6.78395
6.78217
6.7804
6.77864
6.7769
6.77518
6.77346
6.77177
6.77009
6.76843
6.76679
6.76516
6.76356
6.76197
6.76041
6.75887
6.75734
6.75584
6.75437
6.75291
6.75148
6.75007
6.74868
6.74732
6.74598
6.74466
6.74337
6.74209
6.74085
6.73962
6.73842
6.73724
6.73609
6.73495
6.73384
6.73275
6.73168
6.73064
6.72961
6.7286
6.72761
6.72665
6.7257
6.72477
6.72385
6.72295
6.72207
6.72121
6.72036
6.71952
6.7187
6.7179
6.7171
6.71632
6.71555
6.71479
6.71405
6.71333
6.7126
6.7118
6.71102
6.83561
6.83389
6.83216
6.83052
6.8289
6.82728
6.82565
6.82402
6.82238
6.82073
6.81908
6.81742
6.81574
6.81406
6.81237
6.81068
6.80897
6.80725
6.80553
6.8038
6.80206
6.80032
6.79857
6.79681
6.79505
6.79329
6.79153
6.78977
6.78801
6.78625
6.78449
6.78273
6.78098
6.77924
6.7775
6.77577
6.77404
6.77233
6.77063
6.76894
6.76726
6.7656
6.76395
6.76232
6.7607
6.7591
6.75752
6.75596
6.75442
6.75289
6.75139
6.74991
6.74845
6.74701
6.74559
6.7442
6.74283
6.74149
6.74017
6.73887
6.7376
6.73635
6.73513
6.73393
6.73275
6.7316
6.73048
6.72938
6.7283
6.72725
6.72622
6.72521
6.72423
6.72327
6.72234
6.72142
6.72053
6.71966
6.71881
6.71798
6.71717
6.71638
6.71561
6.71486
6.71412
6.71341
6.71271
6.71203
6.71136
6.71071
6.71007
6.70945
6.70884
6.70825
6.70767
6.7071
6.70655
6.706
6.70542
6.70489
6.81793
6.81637
6.81475
6.81321
6.81168
6.81015
6.80862
6.80707
6.80552
6.80395
6.80238
6.8008
6.79921
6.79761
6.796
6.79438
6.79275
6.79111
6.78946
6.78781
6.78615
6.78449
6.78282
6.78115
6.77947
6.77779
6.77611
6.77443
6.77276
6.77108
6.76941
6.76774
6.76608
6.76443
6.76279
6.76115
6.75953
6.75792
6.75632
6.75473
6.75316
6.7516
6.75006
6.74854
6.74704
6.74555
6.74409
6.74265
6.74122
6.73983
6.73845
6.7371
6.73577
6.73446
6.73318
6.73193
6.7307
6.72949
6.72832
6.72716
6.72604
6.72494
6.72387
6.72282
6.72181
6.72081
6.71985
6.71891
6.71799
6.71711
6.71624
6.71541
6.7146
6.71381
6.71304
6.7123
6.71159
6.71089
6.71022
6.70957
6.70894
6.70833
6.70774
6.70718
6.70662
6.70609
6.70558
6.70508
6.7046
6.70413
6.70368
6.70324
6.70282
6.70241
6.70201
6.70163
6.70126
6.70089
6.70051
6.70019
6.80157
6.80017
6.79869
6.79726
6.79585
6.79443
6.793
6.79156
6.79011
6.78865
6.78718
6.7857
6.78421
6.7827
6.78119
6.77967
6.77814
6.7766
6.77505
6.7735
6.77194
6.77037
6.7688
6.76723
6.76566
6.76408
6.76251
6.76093
6.75936
6.7578
6.75624
6.75468
6.75313
6.7516
6.75007
6.74855
6.74705
6.74555
6.74408
6.74262
6.74117
6.73975
6.73834
6.73695
6.73558
6.73423
6.73291
6.73161
6.73033
6.72907
6.72784
6.72664
6.72546
6.72431
6.72318
6.72208
6.72101
6.71997
6.71895
6.71796
6.717
6.71606
6.71516
6.71428
6.71343
6.71261
6.71181
6.71104
6.7103
6.70959
6.7089
6.70823
6.7076
6.70698
6.7064
6.70583
6.70529
6.70478
6.70428
6.70381
6.70336
6.70294
6.70253
6.70214
6.70177
6.70142
6.70109
6.70078
6.70048
6.7002
6.69994
6.69969
6.69946
6.69924
6.69904
6.69885
6.69867
6.69849
6.69835
6.69828
6.78626
6.78501
6.78365
6.78233
6.78103
6.77972
6.7784
6.77706
6.77572
6.77437
6.773
6.77162
6.77023
6.76884
6.76743
6.76601
6.76458
6.76315
6.7617
6.76025
6.7588
6.75734
6.75588
6.75441
6.75295
6.75148
6.75002
6.74856
6.7471
6.74565
6.7442
6.74277
6.74134
6.73992
6.73851
6.73712
6.73574
6.73438
6.73303
6.7317
6.73039
6.7291
6.72783
6.72658
6.72535
6.72414
6.72296
6.7218
6.72067
6.71957
6.71849
6.71743
6.71641
6.71541
6.71444
6.7135
6.71258
6.7117
6.71085
6.71002
6.70922
6.70845
6.70772
6.70701
6.70633
6.70567
6.70505
6.70446
6.70389
6.70335
6.70284
6.70235
6.7019
6.70147
6.70106
6.70068
6.70033
6.7
6.69969
6.69941
6.69915
6.69891
6.6987
6.6985
6.69833
6.69818
6.69805
6.69794
6.69784
6.69776
6.6977
6.69766
6.69763
6.69762
6.69762
6.69764
6.69766
6.69769
6.69777
6.69796
6.77191
6.7708
6.76956
6.76836
6.76718
6.76598
6.76477
6.76355
6.76232
6.76107
6.75982
6.75855
6.75727
6.75598
6.75467
6.75336
6.75204
6.75072
6.74938
6.74804
6.7467
6.74535
6.744
6.74265
6.7413
6.73996
6.73861
6.73727
6.73593
6.73461
6.73329
6.73198
6.73068
6.72939
6.72811
6.72686
6.72561
6.72439
6.72318
6.72199
6.72082
6.71968
6.71855
6.71745
6.71637
6.71532
6.7143
6.7133
6.71232
6.71138
6.71046
6.70957
6.70871
6.70788
6.70708
6.70631
6.70557
6.70486
6.70418
6.70353
6.70291
6.70233
6.70177
6.70124
6.70074
6.70028
6.69984
6.69944
6.69906
6.69871
6.69839
6.6981
6.69784
6.6976
6.69739
6.69721
6.69705
6.69692
6.69682
6.69674
6.69668
6.69665
6.69663
6.69665
6.69668
6.69673
6.69681
6.6969
6.69702
6.69715
6.6973
6.69747
6.69765
6.69785
6.69807
6.69829
6.69852
6.69876
6.69909
6.69956
6.75625
6.75529
6.75419
6.75312
6.75207
6.751
6.74992
6.74883
6.74772
6.74661
6.74548
6.74434
6.74318
6.74202
6.74085
6.73967
6.73848
6.73729
6.73609
6.73488
6.73368
6.73247
6.73126
6.73005
6.72884
6.72763
6.72644
6.72524
6.72406
6.72288
6.72172
6.72056
6.71942
6.7183
6.71719
6.71609
6.71502
6.71396
6.71293
6.71191
6.71092
6.70996
6.70901
6.7081
6.70721
6.70634
6.70551
6.7047
6.70392
6.70317
6.70246
6.70177
6.70111
6.70049
6.69989
6.69933
6.6988
6.6983
6.69784
6.6974
6.697
6.69663
6.69629
6.69599
6.69571
6.69547
6.69526
6.69508
6.69493
6.69481
6.69472
6.69466
6.69462
6.69462
6.69465
6.6947
6.69478
6.69488
6.69502
6.69517
6.69536
6.69556
6.6958
6.69605
6.69633
6.69663
6.69695
6.6973
6.69766
6.69804
6.69845
6.69887
6.69931
6.69976
6.70023
6.70072
6.7012
6.7017
6.70233
6.7031
6.73984
6.73906
6.73813
6.73723
6.73633
6.73543
6.73451
6.73357
6.73263
6.73167
6.7307
6.72972
6.72873
6.72774
6.72673
6.72571
6.72469
6.72366
6.72263
6.7216
6.72056
6.71953
6.7185
6.71746
6.71644
6.71542
6.7144
6.7134
6.7124
6.71142
6.71044
6.70949
6.70854
6.70762
6.70671
6.70582
6.70495
6.70411
6.70329
6.70249
6.70171
6.70096
6.70024
6.69955
6.69888
6.69825
6.69764
6.69706
6.69652
6.696
6.69552
6.69507
6.69465
6.69427
6.69392
6.6936
6.69332
6.69307
6.69285
6.69267
6.69252
6.6924
6.69232
6.69227
6.69225
6.69226
6.69231
6.69239
6.6925
6.69265
6.69282
6.69303
6.69326
6.69353
6.69382
6.69415
6.6945
6.69488
6.69529
6.69573
6.69619
6.69668
6.6972
6.69774
6.6983
6.69889
6.69951
6.70014
6.7008
6.70148
6.70219
6.70291
6.70365
6.70441
6.70519
6.70598
6.70677
6.70757
6.70854
6.7097
6.72467
6.72406
6.72329
6.72255
6.72181
6.72106
6.7203
6.71953
6.71874
6.71794
6.71714
6.71632
6.71549
6.71466
6.71382
6.71297
6.71212
6.71127
6.71041
6.70955
6.7087
6.70784
6.70699
6.70614
6.7053
6.70447
6.70364
6.70283
6.70203
6.70125
6.70047
6.69972
6.69898
6.69826
6.69757
6.69689
6.69624
6.69561
6.69501
6.69443
6.69388
6.69336
6.69286
6.6924
6.69197
6.69157
6.6912
6.69086
6.69055
6.69028
6.69005
6.68984
6.68967
6.68954
6.68944
6.68938
6.68935
6.68935
6.68939
6.68947
6.68958
6.68973
6.68991
6.69012
6.69037
6.69065
6.69097
6.69132
6.69171
6.69213
6.69258
6.69306
6.69357
6.69412
6.6947
6.6953
6.69594
6.69661
6.69731
6.69804
6.69879
6.69958
6.70039
6.70123
6.7021
6.70299
6.70391
6.70485
6.70582
6.70682
6.70783
6.70887
6.70993
6.71101
6.71211
6.71321
6.71431
6.71543
6.71676
6.71831
6.71062
6.71017
6.70956
6.70898
6.7084
6.70781
6.70721
6.7066
6.70598
6.70535
6.70471
6.70407
6.70341
6.70275
6.70209
6.70142
6.70074
6.70007
6.6994
6.69872
6.69805
6.69739
6.69673
6.69608
6.69543
6.6948
6.69418
6.69357
6.69298
6.6924
6.69184
6.6913
6.69078
6.69028
6.6898
6.68935
6.68892
6.68852
6.68815
6.68781
6.68749
6.6872
6.68695
6.68673
6.68654
6.68638
6.68626
6.68617
6.68611
6.68609
6.68611
6.68616
6.68625
6.68637
6.68653
6.68673
6.68696
6.68723
6.68754
6.68788
6.68826
6.68867
6.68912
6.68961
6.69014
6.69069
6.69129
6.69192
6.69258
6.69328
6.69401
6.69478
6.69558
6.69641
6.69728
6.69818
6.69911
6.70007
6.70107
6.70209
6.70315
6.70424
6.70536
6.7065
6.70768
6.70888
6.71012
6.71138
6.71266
6.71398
6.71532
6.71668
6.71806
6.71947
6.7209
6.72234
6.72376
6.72521
6.72691
6.72887
6.69753
6.69724
6.6968
6.69637
6.69595
6.69553
6.69509
6.69464
6.69419
6.69373
6.69326
6.69278
6.6923
6.69182
6.69133
6.69085
6.69036
6.68987
6.68939
6.6889
6.68843
6.68796
6.6875
6.68705
6.68661
6.68618
6.68577
6.68537
6.68499
6.68463
6.68429
6.68397
6.68367
6.6834
6.68315
6.68293
6.68274
6.68257
6.68244
6.68233
6.68226
6.68222
6.68221
6.68223
6.68229
6.68239
6.68252
6.68268
6.68288
6.68312
6.6834
6.68371
6.68406
6.68445
6.68487
6.68534
6.68584
6.68638
6.68696
6.68757
6.68823
6.68892
6.68965
6.69041
6.69122
6.69206
6.69294
6.69385
6.6948
6.69579
6.69681
6.69787
6.69897
6.7001
6.70126
6.70246
6.70369
6.70496
6.70626
6.7076
6.70897
6.71037
6.7118
6.71326
6.71476
6.71629
6.71785
6.71944
6.72105
6.7227
6.72437
6.72607
6.72779
6.72954
6.73131
6.73309
6.73485
6.73664
6.73872
6.74109
6.68532
6.68518
6.6849
6.68463
6.68437
6.68411
6.68383
6.68356
6.68327
6.68298
6.68269
6.68239
6.68209
6.68179
6.68149
6.68118
6.68089
6.68059
6.6803
6.68002
6.67974
6.67948
6.67922
6.67898
6.67875
6.67854
6.67834
6.67817
6.67801
6.67787
6.67776
6.67767
6.6776
6.67756
6.67755
6.67757
6.67762
6.67769
6.6778
6.67794
6.67812
6.67833
6.67857
6.67885
6.67917
6.67952
6.67991
6.68034
6.6808
6.68131
6.68185
6.68243
6.68305
6.68371
6.68441
6.68515
6.68593
6.68675
6.6876
6.6885
6.68944
6.69041
6.69143
6.69248
6.69357
6.6947
6.69587
6.69708
6.69833
6.69961
6.70093
6.70229
6.70369
6.70512
6.70659
6.7081
6.70964
6.71122
6.71283
6.71448
6.71617
6.71789
6.71965
6.72144
6.72326
6.72512
6.72701
6.72893
6.73088
6.73287
6.73488
6.73693
6.739
6.74109
6.74321
6.74534
6.74745
6.74958
6.75204
6.75484
6.67387
6.67389
6.67376
6.67366
6.67356
6.67346
6.67335
6.67324
6.67313
6.67301
6.67289
6.67278
6.67266
6.67254
6.67243
6.67232
6.67222
6.67212
6.67203
6.67195
6.67188
6.67183
6.67179
6.67176
6.67175
6.67176
6.67178
6.67183
6.6719
6.672
6.67212
6.67226
6.67244
6.67264
6.67287
6.67314
6.67343
6.67376
6.67412
6.67452
6.67495
6.67542
6.67593
6.67647
6.67705
6.67767
6.67833
6.67902
6.67976
6.68054
6.68135
6.68221
6.68311
6.68405
6.68503
6.68605
6.68711
6.68821
6.68935
6.69054
6.69176
6.69303
6.69433
6.69567
6.69706
6.69849
6.69995
6.70146
6.703
6.70459
6.70621
6.70787
6.70958
6.71132
6.7131
6.71492
6.71677
6.71867
6.7206
6.72258
6.72459
6.72663
6.72872
6.73084
6.733
6.73519
6.73742
6.73968
6.74198
6.74431
6.74667
6.74907
6.75149
6.75394
6.75641
6.7589
6.76135
6.76384
6.76669
6.76992
6.66312
6.66329
6.66332
6.66337
6.66343
6.6635
6.66356
6.66362
6.66368
6.66374
6.6638
6.66387
6.66394
6.66402
6.6641
6.66418
6.66428
6.66439
6.6645
6.66463
6.66478
6.66494
6.66511
6.66531
6.66552
6.66576
6.66602
6.6663
6.6666
6.66694
6.6673
6.66769
6.66811
6.66856
6.66904
6.66956
6.67011
6.67069
6.67131
6.67197
6.67267
6.6734
6.67417
6.67498
6.67583
6.67672
6.67765
6.67862
6.67964
6.68069
6.68179
6.68292
6.6841
6.68532
6.68659
6.68789
6.68924
6.69063
6.69206
6.69354
6.69506
6.69661
6.69822
6.69986
6.70155
6.70327
6.70504
6.70685
6.70871
6.7106
6.71254
6.71451
6.71653
6.71859
6.72069
6.72283
6.72501
6.72723
6.72949
6.73179
6.73412
6.7365
6.73892
6.74138
6.74387
6.7464
6.74897
6.75158
6.75423
6.75691
6.75962
6.76237
6.76515
6.76795
6.77079
6.77363
6.77644
6.77929
6.78252
6.78618
6.653
6.65331
6.6535
6.65371
6.65393
6.65416
6.65439
6.65462
6.65486
6.6551
6.65535
6.6556
6.65586
6.65613
6.65641
6.6567
6.657
6.65732
6.65765
6.65799
6.65836
6.65874
6.65914
6.65956
6.66001
6.66047
6.66097
6.66149
6.66204
6.66262
6.66323
6.66387
6.66454
6.66525
6.66599
6.66677
6.66758
6.66843
6.66932
6.67024
6.67121
6.67221
6.67326
6.67435
6.67548
6.67665
6.67786
6.67912
6.68041
6.68176
6.68314
6.68457
6.68604
6.68755
6.68911
6.69071
6.69236
6.69405
6.69578
6.69756
6.69938
6.70124
6.70314
6.70509
6.70708
6.70911
6.71119
6.71331
6.71547
6.71767
6.71991
6.7222
6.72453
6.7269
6.72931
6.73176
6.73426
6.7368
6.73938
6.742
6.74467
6.74738
6.75013
6.75292
6.75575
6.75863
6.76154
6.7645
6.76749
6.77052
6.77359
6.77669
6.77983
6.783
6.7862
6.7894
6.79257
6.79577
6.7994
6.8035
6.64344
6.6439
6.64424
6.64461
6.64499
6.64539
6.64579
6.64619
6.64661
6.64703
6.64747
6.64791
6.64837
6.64884
6.64932
6.64982
6.65033
6.65086
6.65141
6.65197
6.65256
6.65317
6.6538
6.65446
6.65514
6.65585
6.65659
6.65736
6.65816
6.65899
6.65985
6.66075
6.66168
6.66265
6.66365
6.6647
6.66578
6.6669
6.66806
6.66926
6.6705
6.67178
6.67311
6.67448
6.67589
6.67734
6.67884
6.68038
6.68196
6.68359
6.68526
6.68698
6.68874
6.69054
6.69239
6.69428
6.69622
6.6982
6.70023
6.7023
6.70441
6.70657
6.70877
6.71101
6.71331
6.71564
6.71802
6.72044
6.72291
6.72543
6.72799
6.73059
6.73324
6.73594
6.73868
6.74147
6.7443
6.74717
6.75009
6.75306
6.75607
6.75912
6.76221
6.76535
6.76853
6.77175
6.77501
6.77832
6.78166
6.78505
6.78847
6.79193
6.79543
6.79896
6.80252
6.8061
6.80963
6.8132
6.81723
6.82177
6.63439
6.635
6.6355
6.63602
6.63657
6.63713
6.6377
6.63829
6.63889
6.6395
6.64012
6.64076
6.64142
6.64209
6.64278
6.64349
6.64421
6.64496
6.64573
6.64652
6.64734
6.64818
6.64905
6.64995
6.65088
6.65184
6.65282
6.65385
6.6549
6.65599
6.65711
6.65828
6.65948
6.66071
6.66199
6.66331
6.66466
6.66606
6.6675
6.66898
6.67051
6.67208
6.67369
6.67535
6.67705
6.6788
6.68059
6.68242
6.6843
6.68623
6.6882
6.69022
6.69228
6.69439
6.69655
6.69875
6.701
6.70329
6.70563
6.70802
6.71045
6.71293
6.71545
6.71802
6.72064
6.7233
6.726
6.72875
6.73155
6.73439
6.73728
6.7402
6.74318
6.74619
6.74925
6.75235
6.75549
6.75867
6.7619
6.76517
6.76848
6.77184
6.77524
6.77869
6.78218
6.78572
6.78931
6.79294
6.79663
6.80036
6.80414
6.80796
6.81183
6.81573
6.81968
6.82363
6.82755
6.83149
6.83592
6.84091
6.6258
6.62655
6.6272
6.62788
6.62859
6.62932
6.63007
6.63084
6.63162
6.63242
6.63324
6.63408
6.63494
6.63582
6.63673
6.63765
6.6386
6.63958
6.64058
6.6416
6.64266
6.64374
6.64486
6.646
6.64718
6.64839
6.64964
6.65092
6.65224
6.6536
6.65499
6.65642
6.65789
6.65941
6.66096
6.66256
6.66419
6.66587
6.6676
6.66937
6.67118
6.67304
6.67494
6.67688
6.67888
6.68091
6.683
6.68513
6.6873
6.68953
6.69179
6.69411
6.69647
6.69887
6.70132
6.70382
6.70636
6.70895
6.71158
6.71426
6.71698
6.71975
6.72256
6.72541
6.72831
6.73125
6.73424
6.73727
6.74035
6.74346
6.74663
6.74984
6.75309
6.75639
6.75974
6.76314
6.76659
6.77009
6.77364
6.77725
6.78091
6.78463
6.78841
6.79224
6.79612
6.80006
6.80406
6.8081
6.8122
6.81634
6.82052
6.82474
6.829
6.83329
6.83761
6.84193
6.8462
6.8505
6.85533
6.8608
6.61767
6.61858
6.61939
6.62024
6.62112
6.62202
6.62295
6.62389
6.62486
6.62585
6.62687
6.62791
6.62898
6.63007
6.63119
6.63233
6.6335
6.63471
6.63594
6.6372
6.6385
6.63982
6.64119
6.64258
6.64402
6.64548
6.64699
6.64854
6.65012
6.65175
6.65342
6.65512
6.65688
6.65867
6.66051
6.66239
6.66432
6.66629
6.66831
6.67037
6.67248
6.67463
6.67684
6.67908
6.68138
6.68372
6.68611
6.68855
6.69103
6.69357
6.69614
6.69877
6.70144
6.70416
6.70692
6.70974
6.71259
6.7155
6.71845
6.72145
6.72449
6.72758
6.73072
6.73391
6.73714
6.74042
6.74376
6.74713
6.75056
6.75404
6.75757
6.76115
6.76478
6.76847
6.7722
6.77598
6.77981
6.7837
6.78763
6.7916
6.79562
6.79968
6.80379
6.80793
6.81211
6.81632
6.82058
6.82486
6.82919
6.83355
6.83795
6.8424
6.84689
6.85144
6.85605
6.86069
6.86533
6.87004
6.87541
6.88154
6.60973
6.61075
6.61171
6.61272
6.61377
6.61485
6.61596
6.6171
6.61828
6.61948
6.62071
6.62197
6.62326
6.62458
6.62593
6.62732
6.62873
6.63019
6.63167
6.63319
6.63474
6.63634
6.63797
6.63963
6.64134
6.64308
6.64487
6.6467
6.64856
6.65047
6.65243
6.65442
6.65646
6.65855
6.66068
6.66285
6.66507
6.66734
6.66965
6.67201
6.67441
6.67686
6.67936
6.6819
6.68449
6.68713
6.68981
6.69254
6.69532
6.69814
6.70101
6.70392
6.70689
6.70989
6.71295
6.71605
6.71919
6.72239
6.72562
6.72891
6.73224
6.73561
6.73903
6.74249
6.746
6.74956
6.75315
6.7568
6.76048
6.76421
6.76798
6.77179
6.77564
6.77953
6.78347
6.78744
6.79145
6.7955
6.7996
6.80374
6.80793
6.81216
6.81645
6.8208
6.82521
6.8297
6.83426
6.83891
6.84364
6.84848
6.85343
6.85848
6.86365
6.86894
6.87435
6.87985
6.88536
6.89099
6.89734
6.90434
6.60285
6.60407
6.60518
6.60634
6.60755
6.60879
6.61007
6.61138
6.61272
6.6141
6.61551
6.61696
6.61844
6.61996
6.62151
6.6231
6.62473
6.62639
6.62809
6.62984
6.63162
6.63345
6.63531
6.63722
6.63918
6.64117
6.64321
6.6453
6.64743
6.64961
6.65184
6.65411
6.65643
6.6588
6.66122
6.66368
6.6662
6.66876
6.67137
6.67404
6.67675
6.67951
6.68232
6.68518
6.68809
6.69104
6.69405
6.6971
6.7002
6.70336
6.70655
6.7098
6.71309
6.71643
6.71982
6.72325
6.72673
6.73025
6.73382
6.73744
6.7411
6.7448
6.74855
6.75235
6.75618
6.76007
6.76399
6.76797
6.77198
6.77605
6.78016
6.78432
6.78853
6.7928
6.79711
6.80149
6.80593
6.81043
6.815
6.81964
6.82435
6.82915
6.83403
6.83899
6.84405
6.84919
6.85443
6.85975
6.86517
6.87066
6.87624
6.88188
6.88759
6.89334
6.89913
6.90491
6.91058
6.91628
6.92268
6.92975
6.58821
6.59031
6.59188
6.5934
6.595
6.59664
6.59833
6.60006
6.60183
6.60365
6.6055
6.60741
6.60935
6.61134
6.61338
6.61547
6.6176
6.61978
6.62201
6.6243
6.62663
6.62901
6.63145
6.63394
6.63648
6.63908
6.64173
6.64444
6.64721
6.65003
6.65291
6.65584
6.65884
6.66189
6.665
6.66817
6.6714
6.67469
6.67804
6.68144
6.68491
6.68843
6.69201
6.69565
6.69935
6.70311
6.70693
6.7108
6.71473
6.71872
6.72277
6.72687
6.73103
6.73525
6.73952
6.74385
6.74823
6.75267
6.75717
6.76171
6.76632
6.77098
6.77569
6.78046
6.78528
6.79015
6.79507
6.80005
6.80508
6.81016
6.81529
6.82047
6.8257
6.83097
6.8363
6.84166
6.84707
6.85253
6.85802
6.86355
6.86911
6.8747
6.88033
6.88597
6.89164
6.89732
6.90301
6.90871
6.91441
6.92011
6.9258
6.93147
6.93712
6.94274
6.94832
6.95381
6.95917
6.96466
6.97088
6.97671
6.56769
6.57022
6.57228
6.57433
6.57648
6.57872
6.58103
6.58341
6.58585
6.58837
6.59096
6.59362
6.59635
6.59915
6.60202
6.60496
6.60797
6.61105
6.61419
6.61741
6.6207
6.62405
6.62747
6.63097
6.63453
6.63816
6.64185
6.64562
6.64945
6.65334
6.65731
6.66134
6.66543
6.66959
6.67381
6.6781
6.68244
6.68685
6.69132
6.69585
6.70043
6.70508
6.70978
6.71453
6.71934
6.7242
6.72912
6.73408
6.7391
6.74416
6.74928
6.75443
6.75964
6.76488
6.77017
6.7755
6.78087
6.78628
6.79173
6.79721
6.80273
6.80829
6.81387
6.81948
6.82513
6.8308
6.8365
6.84223
6.84798
6.85375
6.85955
6.86537
6.87121
6.87706
6.88294
6.88883
6.89473
6.90066
6.90659
6.91254
6.91851
6.92449
6.93048
6.93648
6.9425
6.94853
6.95458
6.96064
6.96671
6.9728
6.9789
6.98502
6.99114
6.99728
7.00342
7.00952
7.01553
7.02177
7.02877
7.03519
6.55127
6.55431
6.55694
6.55959
6.56236
6.56524
6.56823
6.57131
6.57449
6.57777
6.58114
6.58461
6.58817
6.59183
6.59558
6.59942
6.60335
6.60738
6.61149
6.61569
6.61998
6.62435
6.62882
6.63336
6.63799
6.6427
6.64749
6.65236
6.6573
6.66233
6.66742
6.67259
6.67783
6.68314
6.68852
6.69396
6.69947
6.70504
6.71066
6.71635
6.72209
6.72789
6.73374
6.73963
6.74558
6.75157
6.7576
6.76367
6.76979
6.77594
6.78212
6.78834
6.79459
6.80087
6.80717
6.8135
6.81985
6.82622
6.83261
6.83901
6.84543
6.85186
6.85831
6.86476
6.87122
6.87769
6.88417
6.89065
6.89713
6.90362
6.9101
6.91659
6.92308
6.92957
6.93606
6.94255
6.94904
6.95553
6.96202
6.96851
6.975
6.98149
6.98799
6.99449
7.001
7.00752
7.01404
7.02058
7.02713
7.03369
7.04026
7.04684
7.05344
7.06004
7.06664
7.07318
7.07964
7.08633
7.09377
7.10039
6.53697
6.54049
6.54367
6.5469
6.55029
6.55383
6.5575
6.56131
6.56524
6.56931
6.5735
6.57782
6.58226
6.58682
6.5915
6.5963
6.60122
6.60625
6.61139
6.61664
6.622
6.62746
6.63302
6.63868
6.64444
6.65029
6.65623
6.66226
6.66837
6.67456
6.68083
6.68717
6.69359
6.70007
6.70661
6.71322
6.71989
6.7266
6.73337
6.74019
6.74705
6.75395
6.76089
6.76786
6.77486
6.78188
6.78893
6.796
6.80309
6.81019
6.8173
6.82442
6.83154
6.83867
6.8458
6.85292
6.86004
6.86715
6.87425
6.88134
6.88842
6.89548
6.90252
6.90955
6.91656
6.92354
6.93051
6.93745
6.94436
6.95125
6.95812
6.96496
6.97178
6.97857
6.98534
6.99209
6.99881
7.00552
7.0122
7.01886
7.02551
7.03214
7.03875
7.04535
7.05193
7.05851
7.06507
7.07162
7.07817
7.0847
7.09123
7.09775
7.10425
7.11074
7.1172
7.12357
7.12985
7.13631
7.14333
7.14933
6.5257
6.52974
6.5335
6.53735
6.54141
6.54564
6.55005
6.55462
6.55937
6.56427
6.56933
6.57456
6.57993
6.58546
6.59113
6.59695
6.60291
6.60901
6.61523
6.62159
6.62807
6.63467
6.64138
6.64821
6.65514
6.66217
6.66929
6.67651
6.68381
6.69119
6.69864
6.70617
6.71376
6.72141
6.72911
6.73686
6.74466
6.7525
6.76036
6.76826
6.77618
6.78412
6.79207
6.80003
6.808
6.81597
6.82393
6.83189
6.83983
6.84776
6.85567
6.86355
6.87141
6.87924
6.88705
6.89481
6.90254
6.91023
6.91787
6.92547
6.93302
6.94053
6.94799
6.9554
6.96276
6.97007
6.97732
6.98452
6.99167
6.99876
7.0058
7.01279
7.01973
7.02661
7.03344
7.04022
7.04695
7.05363
7.06026
7.06685
7.07339
7.07989
7.08635
7.09277
7.09915
7.10549
7.1118
7.11808
7.12432
7.13053
7.13671
7.14286
7.14897
7.15504
7.16107
7.16699
7.17281
7.17878
7.18516
7.19039
6.51709
6.52165
6.526
6.53049
6.53522
6.54018
6.54535
6.55072
6.5563
6.56208
6.56805
6.57422
6.58057
6.58711
6.59382
6.6007
6.60775
6.61495
6.62231
6.62981
6.63745
6.64522
6.65312
6.66114
6.66926
6.67749
6.68581
6.69422
6.70271
6.71127
6.7199
6.72859
6.73732
6.7461
6.75491
6.76375
6.77261
6.78148
6.79036
6.79924
6.80812
6.81698
6.82583
6.83465
6.84344
6.8522
6.86092
6.86959
6.87821
6.88678
6.8953
6.90376
6.91215
6.92048
6.92873
6.93692
6.94503
6.95306
6.96101
6.96889
6.97667
6.98438
6.992
6.99953
7.00698
7.01434
7.02161
7.02879
7.03589
7.0429
7.04983
7.05667
7.06342
7.07009
7.07668
7.08319
7.08962
7.09597
7.10224
7.10844
7.11457
7.12063
7.12662
7.13255
7.13841
7.14421
7.14995
7.15564
7.16126
7.16683
7.17234
7.1778
7.1832
7.18853
7.19379
7.19894
7.20398
7.20912
7.21446
7.2186
6.5115
6.5166
6.52156
6.52672
6.53216
6.53786
6.54383
6.55004
6.5565
6.5632
6.57013
6.57729
6.58467
6.59226
6.60005
6.60804
6.61622
6.62457
6.6331
6.64179
6.65062
6.65959
6.66869
6.6779
6.68722
6.69664
6.70614
6.71572
6.72537
6.73507
6.74482
6.7546
6.76441
6.77423
6.78406
6.79389
6.8037
6.81349
6.82326
6.83299
6.84268
6.85232
6.8619
6.87142
6.88087
6.89024
6.89953
6.90874
6.91785
6.92687
6.93579
6.94461
6.95332
6.96192
6.97041
6.97879
6.98704
6.99518
7.0032
7.01109
7.01887
7.02652
7.03405
7.04145
7.04873
7.05589
7.06293
7.06985
7.07664
7.08332
7.08988
7.09632
7.10265
7.10887
7.11498
7.12097
7.12687
7.13266
7.13834
7.14393
7.14942
7.15482
7.16013
7.16535
7.17048
7.17553
7.1805
7.18539
7.19021
7.19494
7.19961
7.20419
7.20871
7.21314
7.21748
7.2217
7.22581
7.22996
7.23416
7.23721
6.50895
6.51462
6.52023
6.52608
6.53225
6.53875
6.54555
6.55263
6.56001
6.56767
6.57559
6.58378
6.59221
6.60089
6.6098
6.61892
6.62824
6.63776
6.64746
6.65732
6.66733
6.67747
6.68775
6.69813
6.70861
6.71917
6.72981
6.7405
6.75123
6.76199
6.77277
6.78356
6.79433
6.80509
6.81581
6.8265
6.83714
6.84771
6.85821
6.86863
6.87897
6.8892
6.89934
6.90936
6.91926
6.92903
6.93868
6.94819
6.95757
6.96679
6.97588
6.98481
6.99358
7.00221
7.01067
7.01898
7.02713
7.03512
7.04295
7.05061
7.05812
7.06547
7.07266
7.07969
7.08657
7.09329
7.09986
7.10628
7.11255
7.11867
7.12465
7.13049
7.13619
7.14175
7.14719
7.15249
7.15766
7.16271
7.16765
7.17246
7.17716
7.18175
7.18624
7.19062
7.19489
7.19907
7.20316
7.20715
7.21106
7.21487
7.21859
7.22223
7.22578
7.22924
7.23259
7.23582
7.23895
7.24207
7.24509
7.24709
6.50977
6.51602
6.52228
6.52883
6.53577
6.54307
6.55073
6.55872
6.56703
6.57567
6.58461
6.59385
6.60336
6.61313
6.62316
6.63342
6.64389
6.65456
6.66541
6.67643
6.68759
6.69889
6.71031
6.72182
6.7334
6.74505
6.75674
6.76846
6.78019
6.79191
6.80361
6.81527
6.82688
6.83843
6.8499
6.86128
6.87255
6.88371
6.89475
6.90566
6.91642
6.92703
6.93748
6.94777
6.95788
6.96782
6.97757
6.98714
6.99652
7.00571
7.01471
7.0235
7.0321
7.0405
7.0487
7.05671
7.06451
7.07212
7.07953
7.08675
7.09377
7.1006
7.10725
7.11371
7.11998
7.12608
7.132
7.13775
7.14333
7.14874
7.15399
7.15908
7.16402
7.16881
7.17345
7.17795
7.18231
7.18653
7.19063
7.1946
7.19844
7.20217
7.20579
7.20929
7.21269
7.21598
7.21917
7.22226
7.22526
7.22816
7.23097
7.23369
7.23631
7.23883
7.24126
7.24356
7.24577
7.24793
7.24991
7.25106
6.51423
6.52105
6.52796
6.53523
6.54293
6.55105
6.55958
6.56848
6.57776
6.58739
6.59736
6.60765
6.61825
6.62912
6.64026
6.65165
6.66325
6.67506
6.68704
6.69918
6.71145
6.72383
6.73631
6.74885
6.76144
6.77405
6.78667
6.79928
6.81185
6.82436
6.83681
6.84917
6.86142
6.87356
6.88556
6.89741
6.90911
6.92063
6.93197
6.94312
6.95407
6.96481
6.97534
6.98565
6.99573
7.00558
7.0152
7.02458
7.03373
7.04264
7.05131
7.05974
7.06793
7.07588
7.0836
7.09108
7.09834
7.10536
7.11217
7.11875
7.12511
7.13126
7.1372
7.14294
7.14847
7.15382
7.15897
7.16393
7.16872
7.17333
7.17777
7.18204
7.18616
7.19012
7.19393
7.19759
7.20112
7.20451
7.20777
7.2109
7.21391
7.21681
7.21959
7.22227
7.22484
7.22731
7.22967
7.23195
7.23413
7.23621
7.23821
7.24012
7.24193
7.24366
7.24528
7.2468
7.24823
7.24958
7.25073
7.25125
6.52254
6.52994
6.53751
6.54549
6.55398
6.56293
6.57233
6.58215
6.59239
6.60301
6.61399
6.62532
6.63697
6.64891
6.66112
6.67358
6.68625
6.69911
6.71213
6.72528
6.73855
6.7519
6.7653
6.77874
6.79218
6.80561
6.81899
6.8323
6.84553
6.85866
6.87165
6.8845
6.89718
6.90969
6.922
6.9341
6.94598
6.95763
6.96904
6.9802
6.99109
7.00173
7.01209
7.02218
7.03199
7.04152
7.05077
7.05974
7.06843
7.07684
7.08497
7.09283
7.10042
7.10774
7.1148
7.12159
7.12814
7.13443
7.14049
7.1463
7.15189
7.15725
7.16239
7.16732
7.17204
7.17656
7.18089
7.18503
7.189
7.19278
7.1964
7.19986
7.20317
7.20632
7.20933
7.21221
7.21495
7.21756
7.22005
7.22243
7.22469
7.22685
7.2289
7.23086
7.23272
7.23448
7.23616
7.23775
7.23926
7.24068
7.24202
7.24327
7.24445
7.24554
7.24655
7.24746
7.2483
7.24905
7.2496
7.24973
6.53482
6.54278
6.55098
6.55968
6.56892
6.57868
6.58893
6.59964
6.6108
6.62236
6.63431
6.64662
6.65926
6.67219
6.68538
6.69881
6.71244
6.72624
6.74018
6.75423
6.76835
6.78251
6.79669
6.81085
6.82497
6.83902
6.85297
6.8668
6.88049
6.894
6.90733
6.92044
6.93333
6.94598
6.95836
6.97048
6.98231
6.99385
7.00508
7.01601
7.02662
7.03692
7.04689
7.05654
7.06586
7.07486
7.08354
7.0919
7.09995
7.10768
7.11511
7.12224
7.12908
7.13563
7.1419
7.14789
7.15362
7.1591
7.16432
7.1693
7.17405
7.17858
7.18288
7.18698
7.19088
7.19458
7.1981
7.20144
7.20461
7.20762
7.21047
7.21317
7.21574
7.21816
7.22046
7.22264
7.22469
7.22664
7.22848
7.23022
7.23186
7.23341
7.23488
7.23625
7.23755
7.23877
7.23991
7.24098
7.24197
7.2429
7.24375
7.24453
7.24525
7.24589
7.24645
7.24695
7.24738
7.24773
7.24791
7.24786
6.55095
6.55942
6.56823
6.57758
6.58753
6.59804
6.60908
6.62061
6.63261
6.64504
6.65787
6.67106
6.68458
6.69838
6.71244
6.72672
6.74118
6.75577
6.77048
6.78525
6.80005
6.81486
6.82963
6.84433
6.85893
6.8734
6.88772
6.90185
6.91577
6.92946
6.9429
6.95606
6.96893
6.98149
6.99373
7.00564
7.0172
7.02841
7.03926
7.04975
7.05987
7.06962
7.07901
7.08803
7.09669
7.105
7.11295
7.12055
7.12782
7.13475
7.14136
7.14766
7.15365
7.15935
7.16476
7.1699
7.17478
7.1794
7.18377
7.18792
7.19183
7.19554
7.19903
7.20234
7.20546
7.2084
7.21117
7.21378
7.21624
7.21856
7.22074
7.22279
7.22472
7.22654
7.22824
7.22985
7.23135
7.23276
7.23409
7.23533
7.2365
7.23759
7.23861
7.23956
7.24044
7.24126
7.24202
7.24271
7.24335
7.24393
7.24445
7.24491
7.24532
7.24567
7.24596
7.24619
7.24637
7.24649
7.24649
7.24638
6.57041
6.57932
6.58865
6.59858
6.60916
6.62033
6.63207
6.64432
6.65706
6.67024
6.68383
6.69778
6.71205
6.7266
6.74139
6.75636
6.77149
6.78673
6.80203
6.81736
6.83267
6.84793
6.86311
6.87816
6.89305
6.90775
6.92224
6.93647
6.95043
6.9641
6.97744
6.99044
7.00309
7.01537
7.02726
7.03876
7.04986
7.06056
7.07084
7.08072
7.09018
7.09924
7.10789
7.11615
7.12402
7.1315
7.13862
7.14537
7.15177
7.15783
7.16356
7.16898
7.1741
7.17893
7.18348
7.18776
7.19179
7.19558
7.19915
7.2025
7.20564
7.20859
7.21135
7.21394
7.21637
7.21864
7.22077
7.22277
7.22463
7.22638
7.22801
7.22954
7.23096
7.2323
7.23355
7.23471
7.2358
7.23682
7.23776
7.23864
7.23946
7.24022
7.24093
7.24158
7.24218
7.24272
7.24322
7.24367
7.24407
7.24442
7.24473
7.24499
7.2452
7.24537
7.2455
7.24559
7.24564
7.24564
7.24558
7.24548
6.59208
6.60131
6.61108
6.6215
6.6326
6.64434
6.65666
6.66952
6.68289
6.69671
6.71093
6.72551
6.74041
6.75556
6.77093
6.78646
6.80211
6.81783
6.83358
6.8493
6.86497
6.88052
6.89594
6.91117
6.92618
6.94094
6.95542
6.96959
6.98341
6.99688
7.00996
7.02263
7.03489
7.04673
7.05812
7.06906
7.07955
7.08959
7.09917
7.10831
7.117
7.12526
7.13308
7.14049
7.14749
7.1541
7.16032
7.16619
7.1717
7.17688
7.18174
7.18629
7.19055
7.19455
7.19828
7.20176
7.20502
7.20806
7.2109
7.21354
7.21601
7.2183
7.22044
7.22244
7.2243
7.22603
7.22764
7.22914
7.23054
7.23184
7.23305
7.23418
7.23523
7.23621
7.23713
7.23798
7.23877
7.2395
7.24018
7.24081
7.24139
7.24193
7.24242
7.24286
7.24327
7.24363
7.24395
7.24424
7.24448
7.24469
7.24486
7.245
7.2451
7.24517
7.24522
7.24523
7.24523
7.24519
7.24513
7.24507
6.61436
6.62378
6.63389
6.64473
6.65629
6.66851
6.68134
6.69474
6.70865
6.72301
6.73778
6.7529
6.76832
6.78397
6.79982
6.8158
6.83186
6.84794
6.86401
6.88001
6.8959
6.91162
6.92714
6.94242
6.95741
6.97209
6.98643
7.00039
7.01394
7.02707
7.03976
7.05198
7.06373
7.07499
7.08576
7.09603
7.10582
7.1151
7.12391
7.13223
7.14008
7.14748
7.15443
7.16096
7.16707
7.1728
7.17815
7.18314
7.18779
7.19213
7.19616
7.19991
7.20339
7.20663
7.20963
7.21241
7.215
7.21739
7.21961
7.22167
7.22357
7.22534
7.22698
7.22851
7.22992
7.23123
7.23245
7.23358
7.23463
7.23561
7.23652
7.23736
7.23815
7.23888
7.23956
7.24019
7.24078
7.24132
7.24181
7.24227
7.24269
7.24306
7.2434
7.24371
7.24398
7.24422
7.24442
7.24459
7.24473
7.24485
7.24494
7.245
7.24504
7.24506
7.24507
7.24506
7.24504
7.24501
7.24497
7.24495
6.63524
6.64471
6.65511
6.66632
6.67826
6.6909
6.70417
6.71802
6.73238
6.74721
6.76244
6.77802
6.79387
6.80994
6.82617
6.84251
6.85889
6.87526
6.89157
6.90775
6.92377
6.93958
6.95513
6.97037
6.98528
6.99981
7.01392
7.0276
7.04082
7.05355
7.06577
7.07748
7.08866
7.0993
7.10941
7.11897
7.12801
7.13652
7.14452
7.15202
7.15903
7.16558
7.17168
7.17736
7.18264
7.18753
7.19207
7.19626
7.20014
7.20373
7.20704
7.21009
7.21291
7.21551
7.21791
7.22012
7.22217
7.22405
7.22579
7.2274
7.22889
7.23026
7.23154
7.23272
7.23381
7.23483
7.23577
7.23664
7.23746
7.23822
7.23892
7.23957
7.24018
7.24074
7.24126
7.24174
7.24218
7.24258
7.24295
7.24328
7.24357
7.24384
7.24407
7.24427
7.24445
7.24459
7.24471
7.24481
7.24488
7.24494
7.24498
7.245
7.24501
7.24501
7.24501
7.245
7.24498
7.24497
7.24495
7.24495
6.65291
6.66236
6.67308
6.6847
6.69707
6.71017
6.72393
6.73828
6.75317
6.76852
6.78426
6.80034
6.81667
6.8332
6.84986
6.86658
6.8833
6.89997
6.91651
6.93288
6.94902
6.96488
6.98042
6.99559
7.01035
7.02467
7.0385
7.05184
7.06465
7.07691
7.0886
7.09973
7.11027
7.12024
7.12963
7.13845
7.14671
7.15443
7.16162
7.1683
7.1745
7.18024
7.18554
7.19043
7.19494
7.19908
7.20289
7.20639
7.20961
7.21255
7.21526
7.21774
7.22002
7.22211
7.22403
7.22579
7.22742
7.22891
7.23029
7.23156
7.23274
7.23382
7.23483
7.23576
7.23663
7.23743
7.23817
7.23887
7.23951
7.24011
7.24066
7.24117
7.24165
7.24208
7.24248
7.24285
7.24318
7.24348
7.24374
7.24398
7.24418
7.24436
7.24451
7.24463
7.24474
7.24482
7.24488
7.24493
7.24496
7.24498
7.24499
7.245
7.245
7.24499
7.24499
7.24498
7.24497
7.24497
7.24497
7.24497
6.66539
6.67473
6.68572
6.69767
6.71039
6.72383
6.73795
6.75268
6.76795
6.78368
6.7998
6.81624
6.83293
6.8498
6.86677
6.88378
6.90076
6.91765
6.93438
6.95089
6.96714
6.98306
6.9986
7.01373
7.0284
7.04258
7.05622
7.06931
7.08181
7.09372
7.10502
7.11569
7.12575
7.13518
7.144
7.15223
7.15987
7.16695
7.17349
7.17953
7.18507
7.19017
7.19484
7.19912
7.20303
7.2066
7.20987
7.21285
7.21558
7.21807
7.22035
7.22244
7.22435
7.2261
7.22771
7.22919
7.23055
7.23181
7.23298
7.23405
7.23505
7.23598
7.23684
7.23763
7.23838
7.23907
7.23971
7.24031
7.24086
7.24137
7.24184
7.24228
7.24267
7.24303
7.24335
7.24363
7.24389
7.24411
7.2443
7.24446
7.24459
7.24471
7.24479
7.24486
7.24491
7.24495
7.24497
7.24499
7.245
7.245
7.245
7.24499
7.24499
7.24498
7.24498
7.24497
7.24497
7.24497
7.24497
7.24497
6.67202
6.68159
6.69323
6.70591
6.71937
6.73361
6.74857
6.76417
6.78033
6.79696
6.81397
6.83129
6.84883
6.86651
6.88425
6.90196
6.91958
6.93703
6.95424
6.97115
6.9877
7.00382
7.01948
7.03461
7.04919
7.06317
7.07653
7.08924
7.10128
7.11265
7.12334
7.13335
7.14268
7.15136
7.1594
7.16682
7.17366
7.17994
7.18569
7.19095
7.19575
7.20012
7.20411
7.20774
7.21105
7.21405
7.21679
7.21929
7.22156
7.22363
7.22552
7.22725
7.22884
7.23029
7.23163
7.23286
7.23399
7.23503
7.236
7.23689
7.23771
7.23848
7.23918
7.23984
7.24044
7.241
7.24151
7.24198
7.2424
7.24279
7.24314
7.24345
7.24373
7.24397
7.24419
7.24437
7.24452
7.24464
7.24475
7.24483
7.24489
7.24494
7.24497
7.24499
7.245
7.245
7.245
7.245
7.245
7.24499
7.24498
7.24498
7.24498
7.24497
7.24497
7.24497
7.24497
7.24497
7.24497
7.24497
)
;

boundaryField
{
    jetInlet
    {
        type            zeroGradient;
    }
    returnOutlet
    {
        type            fixedValue;
        value           uniform 0;
    }
    flatBed
    {
        type            zeroGradient;
    }
    slope
    {
        type            zeroGradient;
    }
    top
    {
        type            symmetryPlane;
    }
    frontAndBack
    {
        type            empty;
    }
    defaultFaces
    {
        type            empty;
    }
}


// ************************************************************************* //
