/*--------------------------------*- C++ -*----------------------------------*\
| =========                 |                                                 |
| \\      /  F ield         | OpenFOAM: The Open Source CFD Toolbox           |
|  \\    /   O peration     | Version:  2206                                  |
|   \\  /    A nd           | Website:  www.openfoam.com                      |
|    \\/     M anipulation  |                                                 |
\*---------------------------------------------------------------------------*/
FoamFile
{
    version     2.0;
    format      ascii;
    arch        "LSB;label=32;scalar=64";
    class       volScalarField;
    location    "1500";
    object      epsilon;
}
// * * * * * * * * * * * * * * * * * * * * * * * * * * * * * * * * * * * * * //

dimensions      [0 2 -3 0 0 0 0];

internalField   nonuniform List<scalar> 
10000
(
3.15142
3.22481
3.29388
3.35793
3.41618
3.46792
3.51263
3.55038
3.58086
3.5911
3.5785
3.54155
3.47971
3.39341
3.28395
3.15337
3.00433
2.83997
2.66376
2.47934
2.29042
2.10057
1.91319
1.73129
1.55748
1.3938
1.24174
1.10222
0.975633
0.861879
0.760503
0.670772
0.59178
0.52253
0.462006
0.409222
0.363249
0.323241
0.288433
0.258146
0.231781
0.208811
0.188778
0.17128
0.155973
0.14256
0.130787
0.120439
0.111336
0.103328
0.0962916
0.0901233
0.0847381
0.0800646
0.0760409
0.0726123
0.0697285
0.0673426
0.0654098
0.063888
0.0627372
0.0619204
0.0614036
0.0611565
0.0611519
0.061366
0.0617783
0.0623664
0.0630815
0.0639102
0.0648413
0.0658658
0.0669773
0.0681726
0.069452
0.0708212
0.072281
0.0737926
0.0753408
0.0769128
0.0784953
0.0800739
0.0816328
0.083154
0.0846165
0.0859962
0.0872648
0.0883883
0.0893263
0.0900299
0.0904396
0.0904825
0.0900686
0.089087
0.0874019
0.0848469
0.0812116
0.0762676
0.0701193
0.0650861
1.70456
1.72018
1.73236
1.74179
1.74779
1.75059
1.75048
1.74778
1.74243
1.72981
1.70876
1.67866
1.63921
1.59041
1.53263
1.46657
1.39319
1.3137
1.2295
1.14207
1.05296
0.96372
0.875803
0.790549
0.709114
0.632434
0.561201
0.495849
0.436572
0.383344
0.335962
0.294093
0.257314
0.225158
0.197145
0.172807
0.151704
0.133431
0.117628
0.10397
0.0921756
0.081995
0.0732115
0.0656365
0.0591067
0.053481
0.0486383
0.044475
0.0409027
0.0378465
0.0352426
0.0330371
0.0311834
0.0296415
0.0283762
0.0273559
0.0265523
0.0259395
0.0254939
0.0251941
0.0250212
0.0249581
0.02499
0.0251041
0.0252894
0.0255365
0.0258372
0.0261875
0.0265688
0.0269769
0.0274091
0.0278639
0.0283406
0.0288396
0.0293623
0.0299113
0.0304855
0.031072
0.0316692
0.0322751
0.0328876
0.0335045
0.0341234
0.0347418
0.035357
0.0359659
0.0365648
0.0371501
0.0377171
0.0382611
0.0387766
0.0392582
0.0397004
0.0400982
0.0404479
0.0407504
0.0410283
0.0413459
0.0417491
0.0422125
1.65064
1.66405
1.67573
1.68604
1.69478
1.70225
1.70844
1.71297
1.71516
1.71211
1.70178
1.6829
1.65463
1.61652
1.56859
1.51129
1.44541
1.37204
1.2925
1.20827
1.1209
1.03197
0.943032
0.855556
0.770866
0.690101
0.614174
0.543746
0.479223
0.420762
0.368308
0.321632
0.280379
0.244119
0.212384
0.184699
0.160609
0.139693
0.121566
0.105887
0.0923519
0.0806929
0.0706739
0.0620863
0.0547462
0.0484909
0.0431769
0.038678
0.0348834
0.0316966
0.0290338
0.0268225
0.0250003
0.0235135
0.0223158
0.0213667
0.0206312
0.0200785
0.0196813
0.0194159
0.0192615
0.0191998
0.0192156
0.0192958
0.0194295
0.0196078
0.0198237
0.0200702
0.0203402
0.0206307
0.0209397
0.0212663
0.0216098
0.0219705
0.0223486
0.0227449
0.0231599
0.0235895
0.0240335
0.0244921
0.0249655
0.0254544
0.0259593
0.026481
0.0270201
0.0275775
0.0281538
0.0287497
0.0293654
0.0300006
0.0306542
0.0313232
0.032002
0.0326805
0.0333409
0.0339551
0.0344849
0.0348736
0.0349894
0.0347035
1.82595
1.84368
1.86237
1.88186
1.90182
1.92233
1.943
1.96289
1.98065
1.99343
1.99782
1.99166
1.97344
1.94234
1.89818
1.8414
1.77291
1.69401
1.60628
1.51148
1.41143
1.30802
1.20312
1.09851
0.995885
0.89675
0.802394
0.713837
0.631801
0.556704
0.488677
0.42761
0.373199
0.32501
0.282531
0.24522
0.21254
0.183985
0.159091
0.137442
0.118667
0.102436
0.0884565
0.0764652
0.0662261
0.0575254
0.0501689
0.0439809
0.0388026
0.0344918
0.0309225
0.0279839
0.0255798
0.0236276
0.0220567
0.020807
0.0198275
0.0190747
0.0185118
0.0181071
0.0178336
0.0176684
0.017592
0.0175883
0.0176437
0.0177475
0.0178913
0.0180666
0.018268
0.0184923
0.018737
0.0190008
0.0192829
0.0195831
0.0199015
0.0202384
0.0205945
0.0209698
0.0213633
0.0217761
0.0222093
0.022664
0.0231416
0.0236435
0.0241711
0.0247256
0.0253082
0.0259196
0.0265598
0.0272275
0.0279199
0.028631
0.0293509
0.030063
0.0307412
0.0313474
0.0318302
0.032117
0.0320722
0.0315574
2.09472
2.12013
2.15
2.18381
2.22102
2.26126
2.30349
2.34591
2.38621
2.42087
2.44474
2.45447
2.44783
2.4236
2.3816
2.32244
2.24741
2.15828
2.05707
1.946
1.82731
1.70327
1.57609
1.44792
1.32082
1.1967
1.07727
0.963968
0.857908
0.759846
0.670176
0.588959
0.515983
0.450829
0.392946
0.341713
0.296492
0.256672
0.221688
0.191029
0.164241
0.140921
0.120709
0.103279
0.088336
0.075605
0.0648314
0.0557768
0.048219
0.0419524
0.0367896
0.0325617
0.02912
0.0263349
0.0240958
0.022309
0.0208964
0.0197928
0.0189438
0.0183044
0.0178371
0.0175106
0.0172989
0.0171804
0.0171375
0.0171559
0.0172237
0.0173314
0.0174724
0.0176419
0.0178368
0.0180549
0.0182947
0.0185557
0.0188375
0.0191402
0.0194645
0.0198109
0.0201792
0.0205702
0.0209849
0.0214246
0.0218905
0.0223839
0.022906
0.0234577
0.0240398
0.024652
0.0252937
0.0259622
0.0266535
0.0273601
0.0280709
0.0287692
0.0294313
0.0300248
0.0305096
0.0308333
0.0309088
0.0306654
2.41074
2.44665
2.4915
2.54473
2.60566
2.67321
2.74525
2.81873
2.88985
2.9536
3.00274
3.03242
3.03957
3.02276
2.982
2.91842
2.83401
2.73126
2.61293
2.48186
2.34083
2.1925
2.03942
1.88405
1.72875
1.57577
1.4272
1.28491
1.15044
1.02494
0.909147
0.803354
0.707505
0.621246
0.544012
0.475116
0.413819
0.359399
0.311181
0.268554
0.230979
0.197976
0.169119
0.144025
0.122343
0.103746
0.0879207
0.0745677
0.0633977
0.054133
0.0465105
0.040286
0.0352372
0.0311668
0.0279036
0.025302
0.0232402
0.0216177
0.0203523
0.0193769
0.018637
0.0180881
0.0176939
0.0174249
0.0172569
0.0171706
0.0171497
0.0171818
0.0172579
0.0173715
0.0175177
0.017693
0.0178952
0.0181227
0.0183747
0.0186508
0.0189513
0.0192763
0.0196264
0.0200017
0.020403
0.020831
0.0212869
0.0217714
0.0222854
0.0228292
0.0234029
0.0240058
0.0246364
0.0252916
0.0259666
0.0266543
0.0273442
0.0280217
0.0286671
0.029255
0.0297539
0.0301241
0.0303016
0.0302278
2.74269
2.79189
2.85585
2.93444
3.02702
3.13129
3.2435
3.3587
3.47098
3.57251
3.6535
3.70734
3.73025
3.72088
3.67986
3.60931
3.51233
3.39254
3.25371
3.09951
2.93336
2.75834
2.5773
2.39287
2.20757
2.02385
1.84406
1.67043
1.50489
1.34904
1.20398
1.07033
0.948258
0.837532
0.737629
0.647821
0.567288
0.495199
0.430776
0.373316
0.322193
0.276857
0.236824
0.201661
0.170977
0.144405
0.121592
0.10219
0.0858556
0.072243
0.0610131
0.0518364
0.0444018
0.0384232
0.0336458
0.0298483
0.026844
0.024478
0.0226243
0.0211815
0.0200681
0.0192191
0.0185824
0.0181163
0.0177876
0.0175693
0.0174388
0.0173798
0.0173798
0.0174295
0.0175216
0.0176509
0.0178137
0.0180073
0.0182299
0.0184804
0.0187585
0.0190638
0.0193966
0.0197568
0.0201447
0.0205607
0.0210052
0.0214787
0.0219815
0.0225135
0.0230744
0.0236629
0.0242772
0.0249141
0.0255689
0.026235
0.0269031
0.0275611
0.0281927
0.0287775
0.0292908
0.029702
0.0299659
0.0300441
3.0634
3.12897
3.21719
3.32905
3.46384
3.61718
3.78277
3.95303
4.11915
4.26812
4.38728
4.4683
4.50716
4.50329
4.45869
4.3771
4.26326
4.12231
3.95934
3.77903
3.58553
3.38237
3.17256
2.95877
2.74345
2.52904
2.31795
2.11258
1.9152
1.72779
1.55186
1.3884
1.23787
1.10025
0.975128
0.861785
0.759342
0.666889
0.583563
0.508587
0.441267
0.380995
0.327235
0.279521
0.237436
0.200592
0.168614
0.141133
0.117769
0.0981339
0.0818251
0.0684355
0.0575615
0.0488158
0.0418391
0.0363099
0.0319499
0.0285253
0.0258446
0.0237536
0.0221298
0.0208765
0.0199178
0.0191936
0.018657
0.0182695
0.018001
0.0178288
0.0177357
0.0177084
0.0177366
0.0178126
0.0179306
0.0180864
0.0182768
0.0184999
0.0187541
0.0190386
0.019353
0.0196971
0.0200704
0.0204729
0.0209045
0.0213653
0.021855
0.0223734
0.0229195
0.023492
0.0240889
0.0247071
0.0253421
0.0259881
0.026637
0.0272784
0.027899
0.028482
0.0290075
0.0294512
0.0297802
0.029965
3.3498
3.43598
3.55628
3.71354
3.90599
4.12523
4.36102
4.60231
4.83619
5.04093
5.20125
5.30805
5.35843
5.35388
5.29883
5.19943
5.0626
4.89536
4.70425
4.49507
4.27268
4.041
3.80307
3.56136
3.31802
3.07516
2.83498
2.5998
2.37204
2.15397
1.94748
1.75394
1.57414
1.40842
1.25656
1.11791
0.991561
0.876571
0.77204
0.677166
0.591222
0.513557
0.443606
0.380887
0.324973
0.275475
0.232018
0.194232
0.161734
0.134116
0.110944
0.0917581
0.0760771
0.0634163
0.0533034
0.0452969
0.0390008
0.0340734
0.0302294
0.0272375
0.0249138
0.023114
0.0217256
0.0206618
0.0198547
0.0192496
0.0188053
0.0184906
0.0182815
0.0181595
0.0181102
0.0181223
0.0181874
0.0182991
0.0184526
0.0186444
0.0188719
0.0191334
0.0194276
0.0197536
0.0201109
0.0204986
0.0209161
0.0213631
0.021839
0.0223431
0.0228744
0.0234313
0.0240118
0.0246128
0.0252304
0.0258592
0.0264923
0.0271207
0.0277333
0.0283161
0.0288528
0.0293242
0.0297063
0.0299775
3.58529
3.69996
3.86752
4.09164
4.36623
4.67519
5.00227
5.33174
5.64388
5.9048
6.09908
6.21985
6.2679
6.24877
6.17061
6.04272
5.87454
5.67492
5.45177
5.2118
4.96039
4.7016
4.43831
4.1725
3.90572
3.63942
3.37523
3.11509
2.86126
2.61612
2.38186
2.16018
1.95221
1.75881
1.5801
1.41552
1.26422
1.12527
0.997786
0.881075
0.77443
0.677184
0.588767
0.508715
0.436623
0.372114
0.314834
0.264435
0.220553
0.182795
0.150726
0.123868
0.101698
0.0836594
0.0691773
0.0576863
0.0486542
0.0416036
0.0361246
0.0318776
0.0285899
0.0260469
0.0240824
0.0225688
0.0214083
0.0205218
0.0198526
0.0193573
0.0190029
0.0187634
0.0186187
0.0185532
0.0185548
0.0186142
0.0187243
0.0188799
0.0190768
0.0193122
0.0195837
0.0198898
0.0202294
0.0206011
0.0210038
0.0214365
0.0218985
0.0223887
0.0229059
0.0234484
0.0240142
0.0246004
0.0252034
0.0258183
0.0264391
0.027058
0.0276653
0.0282496
0.0287971
0.0292924
0.0297172
0.0300541
3.76086
3.92541
4.17507
4.50769
4.90462
5.33669
5.7791
6.20986
6.59176
6.8867
7.08525
7.18859
7.20495
7.14598
7.0245
6.85309
6.64329
6.40524
6.14753
5.8771
5.59934
5.31801
5.03544
4.75283
4.47077
4.18973
3.91038
3.63388
3.36196
3.09688
2.84093
2.59601
2.36342
2.14493
1.94117
1.75169
1.57571
1.41241
1.26101
1.12117
0.992285
0.873698
0.764857
0.66539
0.574962
0.493221
0.419853
0.354562
0.297025
0.246881
0.203731
0.167114
0.136508
0.111328
0.0909329
0.0746513
0.0618157
0.0517962
0.0440294
0.0380337
0.0334139
0.0298555
0.0271138
0.0250015
0.0233758
0.0221236
0.0211653
0.0204407
0.0199033
0.0195174
0.0192551
0.0190947
0.0190194
0.0190162
0.019075
0.0191882
0.0193498
0.0195553
0.0198015
0.0200855
0.0204057
0.0207602
0.0211474
0.0215657
0.022014
0.0224909
0.022995
0.0235247
0.0240778
0.0246515
0.0252426
0.0258466
0.0264581
0.0270703
0.0276749
0.028262
0.0288201
0.0293366
0.029797
0.0301872
3.86514
4.16557
4.58
5.10024
5.68012
6.2734
6.84497
7.35916
7.74712
8.00596
8.14064
8.16672
8.10265
7.96666
7.7754
7.54331
7.28246
7.0027
6.71188
6.41606
6.11966
5.8255
5.53488
5.24781
4.96362
4.68147
4.40075
4.12139
3.84418
3.57086
3.3036
3.04432
2.79378
2.55564
2.33127
2.12008
1.92154
1.73499
1.55976
1.39643
1.24464
1.10365
0.972931
0.852377
0.741817
0.640904
0.549385
0.467079
0.393712
0.32898
0.272537
0.223975
0.182814
0.148493
0.120358
0.0976773
0.0796729
0.0655682
0.0546312
0.0462094
0.0397488
0.0347982
0.0310027
0.0280891
0.0258467
0.0241162
0.0227848
0.0217676
0.0209995
0.0204308
0.0200231
0.0197465
0.019578
0.0194995
0.0194973
0.0195606
0.0196812
0.0198526
0.02007
0.0203296
0.0206285
0.0209646
0.0213355
0.0217392
0.0221739
0.0226382
0.0231303
0.0236485
0.0241905
0.0247539
0.0253353
0.0259308
0.0265355
0.0271433
0.027747
0.0283379
0.0289063
0.0294414
0.0299315
0.0303645
4.04128
4.6709
5.42386
6.24826
7.06193
7.80456
8.43076
8.87295
9.12197
9.21037
9.17082
9.03457
8.82814
8.57295
8.28575
7.97937
7.66348
7.34525
7.02991
6.72113
6.42125
6.1313
5.85097
5.57867
5.31209
5.04879
4.78656
4.52376
4.25984
3.99561
3.7328
3.47337
3.21918
2.97278
2.73583
2.50902
2.29248
2.08599
1.88838
1.70271
1.52875
1.36545
1.21222
1.06959
0.937781
0.816282
0.704925
0.603811
0.5127
0.431352
0.359527
0.296873
0.242988
0.197395
0.159489
0.128538
0.103707
0.0841055
0.0688449
0.0570887
0.0480938
0.0412337
0.0360041
0.0320125
0.0289461
0.0265864
0.0247713
0.0233797
0.02232
0.0215227
0.020935
0.0205159
0.020234
0.0200651
0.0199901
0.0199946
0.0200673
0.0201994
0.0203841
0.0206163
0.0208918
0.0212079
0.0215616
0.0219501
0.0223713
0.0228233
0.0233041
0.0238118
0.0243441
0.0248986
0.0254721
0.0260609
0.0266605
0.0272655
0.0278694
0.0284646
0.0290426
0.0295942
0.0301095
0.0305781
4.93909
6.45815
7.75307
8.86816
9.75109
10.3701
10.6517
10.657
10.4853
10.2013
9.85223
9.47012
9.07587
8.68276
8.29906
7.92982
7.57802
7.24532
6.93242
6.63939
6.36567
6.11001
5.87016
5.64274
5.42361
5.20847
4.99322
4.77429
4.54946
4.31822
4.08155
3.84115
3.59925
3.35868
3.12155
2.88942
2.66342
2.44431
2.23273
2.03013
1.83715
1.65364
1.4786
1.31416
1.16131
1.01879
0.886554
0.765503
0.655245
0.555619
0.466627
0.387945
0.319267
0.260278
0.210482
0.169221
0.135665
0.108872
0.0878423
0.0715725
0.0591202
0.0496501
0.0424667
0.0370122
0.0328431
0.029652
0.0272069
0.0253343
0.0239047
0.0228211
0.0220101
0.0214162
0.0209966
0.0207185
0.0205568
0.0204918
0.0205084
0.0205949
0.0207422
0.0209434
0.021193
0.021487
0.021822
0.0221946
0.0226019
0.0230416
0.0235114
0.0240091
0.0245326
0.0250791
0.0256457
0.0262289
0.0268245
0.0274275
0.0280321
0.0286316
0.0292184
0.0297844
0.030321
0.0308192
11.0937
13.078
13.9466
14.063
13.6772
12.9493
12.1074
11.2753
10.5061
9.8162
9.20472
8.6635
8.18268
7.75341
7.36869
7.02328
6.71328
6.43571
6.18804
5.968
5.77331
5.60138
5.44881
5.311
5.18223
5.05628
4.92681
4.78786
4.63532
4.46745
4.28447
4.08773
3.87964
3.66361
3.44288
3.2201
2.99753
2.77705
2.56035
2.3491
2.14456
1.94743
1.75812
1.57767
1.40674
1.24465
1.09167
0.950996
0.821218
0.702278
0.594945
0.498756
0.41349
0.339165
0.275436
0.221794
0.177484
0.141582
0.11306
0.0908072
0.0737079
0.0607003
0.0508677
0.0434149
0.0377629
0.0334692
0.0302001
0.0277072
0.0258071
0.0243637
0.0232755
0.0224666
0.0218793
0.0214698
0.0212043
0.021057
0.0210077
0.0210412
0.0211454
0.0213112
0.0215315
0.0218008
0.0221153
0.0224706
0.0228631
0.0232899
0.0237485
0.0242363
0.024751
0.0252899
0.0258501
0.0264281
0.0270201
0.0276214
0.0282267
0.02883
0.0294244
0.0300027
0.0305574
0.0310807
0.297408
0.825057
1.52246
2.30395
3.08154
3.77857
4.35201
4.78357
5.07449
5.23965
5.30167
5.28564
5.21555
5.11227
4.99279
4.87013
4.7538
4.65038
4.56406
4.49726
4.45102
4.42507
4.41747
4.4244
4.43944
4.45462
4.46078
4.44673
4.4043
4.33515
4.24064
4.12246
3.98275
3.82366
3.64872
3.46154
3.26559
3.06402
2.85966
2.655
2.45212
2.25262
2.05782
1.86897
1.68701
1.51245
1.34592
1.1883
1.03894
0.897121
0.768313
0.65093
0.544775
0.450843
0.368874
0.298672
0.239602
0.190838
0.151437
0.120272
0.0961111
0.0776306
0.0635966
0.0530043
0.0450349
0.0390349
0.034506
0.0310774
0.0284768
0.0265046
0.0250139
0.0238964
0.0230708
0.022476
0.0220656
0.0218043
0.0216646
0.0216259
0.0216719
0.0217902
0.0219714
0.0222079
0.0224949
0.0228271
0.0232001
0.0236102
0.0240541
0.0245292
0.0250327
0.0255618
0.0261136
0.0266848
0.0272716
0.0278697
0.0284743
0.0290799
0.0296804
0.0302695
0.0308403
0.0313861
0.00511353
0.0149704
0.0309061
0.0516981
0.0770187
0.117163
0.173049
0.243822
0.327257
0.420395
0.52022
0.624183
0.730544
0.838533
0.948389
1.06131
1.17938
1.30541
1.44286
1.59549
1.76698
1.95969
2.17016
2.38322
2.59347
2.7944
2.97946
3.14494
3.28774
3.4006
3.47939
3.5226
3.53076
3.50563
3.44953
3.36556
3.2573
3.12862
2.9834
2.82545
2.65825
2.48488
2.30807
2.13021
1.95332
1.77906
1.60886
1.44392
1.28495
1.13265
0.988539
0.852586
0.724729
0.609851
0.506476
0.414945
0.335724
0.268607
0.213069
0.168148
0.132584
0.105009
0.0839994
0.0681885
0.056373
0.0475631
0.0409859
0.0360601
0.032358
0.029569
0.0274673
0.0258885
0.0247118
0.0238478
0.0232294
0.0228061
0.0225394
0.0224
0.0223657
0.0224192
0.0225474
0.0227402
0.0229897
0.0232908
0.0236376
0.0240252
0.0244498
0.024908
0.0253967
0.0259128
0.0264533
0.027015
0.0275941
0.0281868
0.0287886
0.0293946
0.0299995
0.0305976
0.0311832
0.0317501
0.0010395
0.00118317
0.00143344
0.0017283
0.00194762
0.00227116
0.00275449
0.00347825
0.004558
0.00614799
0.00843709
0.0116413
0.0160016
0.0217943
0.0293569
0.0391316
0.0517282
0.0680154
0.0892481
0.117133
0.153299
0.200543
0.264896
0.360853
0.49259
0.662453
0.869758
1.1101
1.37484
1.65077
1.92216
2.17354
2.39224
2.56981
2.70218
2.78891
2.83206
2.83526
2.803
2.74014
2.65157
2.54197
2.41573
2.27687
2.12896
1.97514
1.81814
1.66027
1.50342
1.3493
1.19946
1.05498
0.91691
0.786851
0.664481
0.553065
0.454161
0.367541
0.293686
0.232172
0.182265
0.142796
0.112307
0.0892038
0.0719318
0.0591167
0.0496309
0.0425994
0.0373694
0.0334646
0.0305413
0.0283518
0.0267171
0.0255061
0.0246227
0.0239949
0.0235692
0.0233049
0.0231714
0.0231452
0.0232086
0.0233479
0.0235524
0.0238157
0.0241306
0.024491
0.024892
0.0253295
0.0258
0.0263001
0.0268265
0.0273758
0.0279445
0.0285289
0.0291249
0.029728
0.0303336
0.0309366
0.031532
0.0321145
0.000997968
0.00099733
0.00099927
0.0010035
0.001009
0.00101833
0.00103274
0.00105355
0.00108232
0.00112115
0.00117292
0.00124142
0.00133155
0.00144955
0.00160362
0.00180497
0.00206983
0.00242054
0.0028912
0.00364927
0.00572488
0.0100199
0.0179585
0.032039
0.0558549
0.0941429
0.152577
0.237238
0.353664
0.505432
0.692629
0.910658
1.14998
1.39721
1.63737
1.8565
2.04368
2.19196
2.29827
2.36271
2.38759
2.37659
2.33415
2.26496
2.1737
2.06479
1.94232
1.80995
1.6709
1.52803
1.38381
1.24032
1.0994
0.962757
0.831625
0.707698
0.591836
0.485999
0.393487
0.313864
0.247377
0.193374
0.15073
0.117905
0.0931547
0.07476
0.0611984
0.0512243
0.0438776
0.0384466
0.0344157
0.0314154
0.029181
0.0275219
0.0262999
0.0254137
0.0247884
0.0243683
0.0241116
0.0239869
0.0239703
0.0240438
0.0241938
0.0244097
0.0246847
0.0250112
0.0253827
0.0257945
0.0262421
0.0267217
0.0272299
0.027763
0.0283175
0.0288898
0.0294762
0.0300724
0.0306744
0.0312778
0.0318779
0.0324705
0.000997034
0.000993995
0.000991224
0.000988961
0.000987385
0.000986725
0.000987259
0.000989367
0.000993565
0.0010005
0.00101093
0.00102567
0.00104559
0.00107159
0.00110457
0.0011454
0.00119508
0.00125732
0.00134011
0.00145578
0.00165149
0.00203447
0.0028238
0.00445477
0.00772995
0.0140045
0.0253832
0.0449065
0.0766519
0.125611
0.197224
0.296505
0.4268
0.588416
0.777556
0.986098
1.20251
1.41372
1.60734
1.77342
1.90531
1.99972
2.05625
2.07657
2.06382
2.02192
1.95516
1.8679
1.76428
1.6482
1.52319
1.39237
1.25852
1.12407
0.991144
0.861696
0.737424
0.620114
0.511286
0.413235
0.329098
0.258585
0.201333
0.156261
0.121714
0.0958009
0.0766549
0.0626239
0.0523652
0.0448515
0.039327
0.0352477
0.0322263
0.0299866
0.0283311
0.0271172
0.0262408
0.0256257
0.0252155
0.0249681
0.0248521
0.0248439
0.0249255
0.0250831
0.0253083
0.025592
0.0259264
0.0263055
0.0267241
0.0271777
0.0276624
0.0281744
0.0287101
0.0292658
0.0298379
0.0304227
0.0310164
0.031615
0.0322146
0.0328116
0.000996971
0.000993809
0.000990704
0.000987857
0.00098556
0.000984174
0.000984122
0.000985853
0.000989818
0.000996459
0.00100622
0.00101955
0.00103694
0.0010589
0.00108602
0.00111892
0.00115829
0.00120501
0.00126032
0.00132613
0.00140676
0.0015134
0.00167371
0.00195247
0.0024914
0.00357765
0.0057492
0.00993606
0.0176229
0.0310164
0.0531833
0.0880663
0.14026
0.214451
0.314517
0.442373
0.596854
0.773055
0.962519
1.15439
1.33719
1.50059
1.63664
1.74033
1.8095
1.84431
1.84667
1.81968
1.76706
1.69286
1.60113
1.49573
1.38027
1.25801
1.13188
1.0045
0.878247
0.755333
0.637834
0.527888
0.427166
0.339246
0.265601
0.20605
0.15934
0.123721
0.0971636
0.0776604
0.06345
0.0531154
0.0455826
0.0400682
0.0360127
0.0330193
0.0308072
0.0291763
0.0279828
0.0271228
0.0265203
0.0261196
0.0258794
0.025769
0.0257653
0.0258509
0.0260127
0.0262423
0.0265297
0.0268675
0.0272493
0.0276699
0.0281248
0.0286097
0.0291209
0.0296547
0.0302075
0.0307757
0.0313559
0.0319445
0.0325381
0.0331337
0.000997002
0.000993883
0.000990823
0.000987964
0.000985506
0.000983685
0.00098277
0.000983065
0.000984917
0.000988721
0.000994926
0.00100404
0.00101662
0.00103328
0.0010547
0.00108162
0.00111483
0.00115514
0.00120339
0.00126046
0.00132746
0.00140618
0.00150058
0.00162057
0.00179054
0.00206702
0.00257161
0.00354726
0.00544412
0.00903448
0.0155474
0.0268117
0.0453838
0.0745916
0.118392
0.180958
0.265959
0.375598
0.509595
0.664472
0.83349
1.00742
1.17597
1.32935
1.45957
1.56114
1.63112
1.66889
1.67568
1.65398
1.60709
1.53876
1.45285
1.35311
1.24312
1.12616
1.00527
0.883235
0.762658
0.646066
0.535874
0.434715
0.343942
0.268505
0.207567
0.160024
0.124017
0.0973537
0.0778933
0.0637894
0.0535777
0.0461615
0.040748
0.0367751
0.0338466
0.0316834
0.0300879
0.0289187
0.0280743
0.027481
0.0270848
0.0268459
0.0267348
0.0267293
0.0268123
0.0269736
0.0272018
0.0274874
0.027823
0.0282021
0.0286194
0.0290704
0.0295506
0.0300563
0.0305839
0.0311299
0.031691
0.0322641
0.032846
0.0334344
0.000997084
0.000994043
0.00099109
0.000988342
0.000985964
0.000984166
0.0009832
0.000983358
0.000984973
0.000988421
0.000994116
0.00100252
0.00101412
0.00102946
0.00104913
0.00107374
0.00110395
0.00114047
0.00118407
0.00123557
0.00129585
0.00136589
0.00144694
0.00154106
0.00165287
0.0017936
0.00199014
0.00230255
0.00285593
0.0038927
0.00584991
0.00946006
0.0158679
0.0267547
0.044449
0.0719616
0.112856
0.170878
0.249319
0.350157
0.473153
0.615199
0.77024
0.929931
1.08487
1.22602
1.34585
1.43905
1.50267
1.53591
1.53974
1.51641
1.46898
1.40098
1.31611
1.21801
1.11021
0.996009
0.878555
0.760839
0.645765
0.536198
0.434729
0.34409
0.267435
0.206006
0.158502
0.12282
0.0965852
0.0775483
0.0638111
0.0538943
0.0467043
0.0414586
0.0376062
0.0347613
0.0326533
0.0310917
0.0299407
0.0291036
0.02851
0.0281087
0.0278621
0.0277419
0.0277269
0.0278013
0.0279546
0.0281748
0.0284524
0.0287798
0.0291505
0.0295592
0.0300011
0.0304719
0.0309678
0.0314853
0.0320214
0.032573
0.0331373
0.0337125
0.000997206
0.000994249
0.000991408
0.000988773
0.00098647
0.000984657
0.000983526
0.000983306
0.000984269
0.000986731
0.000991064
0.000997695
0.00100711
0.00101986
0.00103653
0.00105778
0.00108432
0.00111688
0.00115627
0.0012033
0.00125885
0.0013238
0.0013991
0.00148578
0.00158527
0.00170022
0.00183674
0.00200945
0.00225199
0.00263659
0.00330766
0.00453461
0.0067863
0.0108241
0.0178077
0.0294058
0.047887
0.0761278
0.117456
0.175269
0.252412
0.350371
0.468467
0.603333
0.748942
0.897307
1.03965
1.16766
1.27455
1.35558
1.40821
1.4319
1.42771
1.39787
1.34538
1.27367
1.18631
1.0869
0.978975
0.865947
0.751162
0.637908
0.529405
0.428839
0.339093
0.262458
0.201696
0.155162
0.1205
0.0951844
0.0768989
0.0637361
0.0542384
0.0473432
0.0422976
0.0385753
0.03581
0.0337459
0.0322032
0.0310547
0.0302093
0.0296013
0.0291823
0.0289167
0.0287774
0.0287437
0.028803
0.0289413
0.0291469
0.0294103
0.0297238
0.0300807
0.0304756
0.0309037
0.0313608
0.0318432
0.0323478
0.0328716
0.0334122
0.033968
0.000997365
0.000994502
0.000991775
0.000989254
0.000987035
0.000985244
0.000984045
0.000983642
0.000984282
0.000986264
0.000989942
0.000995729
0.0010041
0.00101557
0.00103071
0.00105016
0.00107457
0.00110465
0.00114116
0.00118489
0.0012367
0.00129747
0.00136813
0.00144963
0.00154299
0.00164944
0.00177087
0.00191116
0.00207935
0.00229639
0.00260825
0.00310905
0.00397869
0.00553877
0.00832703
0.0131864
0.0213639
0.0346097
0.0552416
0.0861075
0.130374
0.191096
0.27057
0.369559
0.4866
0.617656
0.756354
0.894788
1.02468
1.13853
1.23042
1.29648
1.33484
1.34545
1.32966
1.28988
1.22911
1.15079
1.05851
0.955935
0.846748
0.73464
0.623305
0.516402
0.417403
0.329341
0.254245
0.195318
0.150617
0.117585
0.0935852
0.0762862
0.0638232
0.0547995
0.0482112
0.0433537
0.0397377
0.0370233
0.0349739
0.0334233
0.0322535
0.0313797
0.0307402
0.0302894
0.029993
0.0298249
0.0297654
0.0298014
0.0299178
0.0301027
0.0303462
0.0306405
0.0309788
0.0313554
0.0317657
0.0322056
0.0326718
0.0331614
0.0336718
0.0342018
0.000997561
0.000994807
0.000992201
0.000989786
0.000987626
0.00098582
0.000984501
0.000983839
0.000984044
0.000985384
0.000988188
0.00099285
0.000999827
0.00100964
0.00102286
0.00104013
0.0010621
0.0010895
0.0011231
0.00116371
0.0012122
0.00126948
0.00133649
0.00141419
0.00150356
0.00160561
0.00172146
0.00185265
0.00200195
0.00217553
0.00238766
0.00267013
0.00308923
0.00377408
0.00496005
0.00704925
0.0106864
0.0168461
0.0269266
0.0428335
0.067003
0.102297
0.151713
0.217873
0.302343
0.404906
0.523022
0.651741
0.784187
0.912507
1.029
1.12708
1.2019
1.25058
1.27207
1.26693
1.23691
1.18462
1.11327
1.02643
0.927933
0.821743
0.711937
0.602617
0.497784
0.401151
0.3158
0.243923
0.187827
0.145699
0.114756
0.0923116
0.0760945
0.064341
0.0557553
0.049418
0.0446879
0.0411202
0.0384057
0.0363282
0.0347346
0.0335156
0.0325916
0.0319036
0.0314074
0.0310694
0.0308629
0.0307721
0.0307786
0.0308675
0.0310264
0.0312453
0.031516
0.0318315
0.0321863
0.0325758
0.0329963
0.0334445
0.033918
0.0344157
0.000997795
0.000995202
0.000992782
0.00099054
0.000988547
0.000986931
0.000985856
0.000985512
0.000986128
0.00098799
0.000991437
0.000996865
0.00100472
0.0010155
0.00102974
0.00104798
0.00107082
0.00109885
0.00113273
0.00117314
0.00122084
0.00127665
0.00134141
0.00141607
0.00150159
0.00159901
0.00170939
0.00183394
0.00197415
0.00213238
0.00231339
0.00252787
0.00279955
0.00317853
0.0037637
0.00473788
0.00641835
0.00932246
0.0142455
0.0223477
0.0352406
0.0550407
0.0843296
0.125955
0.182634
0.256357
0.347688
0.45514
0.574886
0.700992
0.826159
0.942769
1.04389
1.12405
1.17954
1.20851
1.21078
1.18753
1.141
1.07425
0.990934
0.895104
0.791095
0.683379
0.576423
0.474507
0.381453
0.300291
0.23282
0.180512
0.141471
0.112813
0.0919279
0.0766979
0.0655182
0.0572306
0.0510186
0.0463108
0.0427073
0.0399278
0.0377731
0.0361005
0.0348059
0.0338122
0.0330615
0.0325094
0.0321219
0.0318726
0.0317441
0.0317164
0.0317736
0.0319028
0.0320935
0.0323371
0.0326269
0.0329574
0.0333243
0.033724
0.0341537
0.0346124
0.000998478
0.000997401
0.000997905
0.00100053
0.00100594
0.00101483
0.00102787
0.00104563
0.0010686
0.00109709
0.00113118
0.0011707
0.00121519
0.00126395
0.00131606
0.00137051
0.00142623
0.00148228
0.001538
0.00159308
0.00164765
0.00170233
0.00175818
0.00181669
0.00187969
0.00194928
0.00202771
0.00211734
0.00222058
0.00233995
0.00247848
0.00264086
0.00283619
0.00308379
0.00342412
0.00393758
0.00477422
0.00619714
0.00864052
0.0127803
0.0196148
0.0305497
0.0474653
0.0727142
0.108986
0.158988
0.224924
0.307836
0.406947
0.519255
0.639591
0.761184
0.8766
0.978736
1.06163
1.12096
1.15419
1.16055
1.14082
1.09709
1.03247
0.950849
0.85664
0.754558
0.64942
0.545936
0.448458
0.360656
0.285124
0.223072
0.175056
0.139149
0.112571
0.0929384
0.0783674
0.0674682
0.0592444
0.0529802
0.0481643
0.0444326
0.0415238
0.0392486
0.0374679
0.0360784
0.0350022
0.03418
0.0335659
0.0331237
0.0328304
0.0326622
0.032598
0.0326211
0.0327181
0.032878
0.0330925
0.0333548
0.0336597
0.0340032
0.034382
0.0347947
0.00104359
0.00114964
0.00134356
0.00165025
0.00208663
0.00266365
0.00338678
0.0042536
0.00525144
0.00635633
0.00753311
0.00873681
0.00991524
0.0110128
0.0119753
0.0127543
0.0133123
0.0136256
0.0136859
0.0135011
0.0130933
0.0124964
0.0117526
0.0109082
0.0100096
0.00910042
0.00821858
0.00739506
0.0066532
0.00600895
0.00547164
0.00504539
0.00473125
0.00453072
0.00445177
0.00451934
0.00479257
0.00539175
0.00653731
0.00860231
0.0121778
0.0181487
0.0277755
0.042767
0.0652994
0.0979215
0.143288
0.203699
0.280472
0.373285
0.479702
0.595098
0.713089
0.826362
0.927652
1.01062
1.07049
1.10432
1.11114
1.09168
1.04822
0.984145
0.903679
0.811541
0.712679
0.61202
0.514214
0.423332
0.342517
0.273682
0.217374
0.173313
0.13989
0.114682
0.0956131
0.0811311
0.0701052
0.0616655
0.055162
0.0501175
0.0461826
0.0430996
0.0406778
0.0387746
0.0372827
0.0361203
0.035225
0.0345487
0.0340544
0.0337176
0.03351
0.033409
0.0333971
0.0334606
0.0335887
0.033773
0.0340073
0.0342866
0.0346072
0.0349673
0.00700995
0.0149905
0.0261627
0.0406127
0.0576006
0.0764256
0.0964595
0.116985
0.137201
0.156289
0.173474
0.188057
0.199454
0.207235
0.211155
0.211177
0.207449
0.200323
0.190259
0.177815
0.163611
0.14828
0.13243
0.116613
0.101302
0.0868691
0.0735884
0.0616337
0.0510906
0.0419704
0.0342259
0.0277676
0.0224793
0.0182313
0.0148931
0.0123455
0.0104934
0.0092835
0.00872898
0.00894714
0.0102112
0.0130132
0.0181337
0.0267146
0.0403309
0.0610215
0.0912206
0.133526
0.190271
0.262915
0.351367
0.453437
0.564673
0.678725
0.788183
0.885657
0.964771
1.02086
1.0513
1.05547
1.0345
0.990959
0.928433
0.851201
0.763924
0.671383
0.578208
0.488593
0.405983
0.332795
0.270272
0.218558
0.176833
0.144479
0.119269
0.0996815
0.0846375
0.073091
0.0642002
0.0573257
0.0519852
0.0478164
0.044549
0.0419804
0.039959
0.0383702
0.0371272
0.036164
0.0354302
0.0348947
0.0345192
0.0342742
0.0341371
0.0340902
0.03412
0.034216
0.0343705
0.0345773
0.0348321
0.0351327
0.0812723
0.108764
0.139824
0.177684
0.219523
0.262907
0.306815
0.350643
0.393669
0.435143
0.474388
0.510797
0.543805
0.572883
0.597537
0.617396
0.632564
0.639784
0.638861
0.630088
0.613977
0.591275
0.562934
0.530026
0.493747
0.455334
0.415916
0.376515
0.338009
0.301098
0.266304
0.23398
0.204336
0.177463
0.153355
0.131937
0.11308
0.0966308
0.0824247
0.0703123
0.0601836
0.0519993
0.0458322
0.041917
0.0407065
0.0429271
0.0496188
0.0621381
0.0820982
0.11122
0.151077
0.20276
0.266499
0.341349
0.42501
0.513859
0.603208
0.687763
0.762214
0.821843
0.863037
0.883633
0.883046
0.8622
0.823311
0.769563
0.704744
0.632859
0.55778
0.48296
0.411252
0.344859
0.285335
0.233648
0.190067
0.154281
0.126762
0.105665
0.0895067
0.0771417
0.0676593
0.0603507
0.0546825
0.0502581
0.046784
0.0440427
0.0418724
0.0401516
0.0387884
0.0377128
0.0368783
0.0362499
0.0357883
0.035463
0.0352512
0.0351357
0.0351037
0.0351453
0.0352532
0.0354221
0.0248416
0.0218517
0.0193102
0.0169928
0.0151582
0.0138751
0.0130747
0.0127069
0.0127369
0.0131336
0.0138679
0.0149152
0.0162558
0.0178751
0.0197627
0.0218805
0.0243555
0.0359034
0.0542438
0.076809
0.101869
0.128175
0.154764
0.180844
0.204306
0.222876
0.236081
0.243721
0.245927
0.243273
0.236519
0.226502
0.21405
0.199927
0.184797
0.169219
0.153653
0.138464
0.123935
0.11028
0.0976609
0.0862041
0.0760301
0.0672825
0.0601664
0.0549922
0.0522222
0.0525113
0.0567319
0.0659665
0.0814529
0.104471
0.136165
0.177325
0.22814
0.287979
0.355244
0.427334
0.500772
0.571488
0.635248
0.688141
0.727027
0.749875
0.755913
0.745604
0.720466
0.682794
0.635331
0.58096
0.522465
0.462384
0.402949
0.346073
0.293339
0.245958
0.204745
0.169892
0.141077
0.118292
0.100563
0.0867718
0.0760367
0.0676499
0.0610608
0.0558503
0.0517023
0.0483786
0.0456997
0.0435293
0.0417637
0.0403227
0.0391567
0.0382281
0.0374959
0.0369276
0.0364986
0.03619
0.0359873
0.0358794
0.0256374
0.0215044
0.0182155
0.0155308
0.0132827
0.0114411
0.00992795
0.00866804
0.00760763
0.00671052
0.0059497
0.00530374
0.00475553
0.00429178
0.00390306
0.00358515
0.00333823
0.00318446
0.00314119
0.00322661
0.00346482
0.00388672
0.0045273
0.0055012
0.0100867
0.0210737
0.0366737
0.0555123
0.0764025
0.0961063
0.113066
0.126266
0.135324
0.140364
0.141812
0.14023
0.13621
0.130319
0.123069
0.114917
0.106257
0.0974257
0.0887148
0.0803821
0.0726738
0.0658515
0.0602243
0.0561866
0.0542534
0.0550894
0.0595197
0.0685131
0.0831275
0.104414
0.133275
0.170292
0.215534
0.268371
0.327348
0.390153
0.453733
0.514565
0.569051
0.613957
0.646788
0.666031
0.671224
0.662876
0.642271
0.611225
0.571851
0.526372
0.476984
0.425779
0.374681
0.325397
0.279353
0.237621
0.200876
0.169397
0.143025
0.121358
0.104186
0.0905814
0.0797972
0.0712207
0.0643653
0.0588523
0.0543901
0.0507551
0.047776
0.0453211
0.0432892
0.0416013
0.0402075
0.0390693
0.0381455
0.037405
0.0368232
0.036381
0.0225341
0.0190306
0.0161153
0.0136968
0.0117056
0.0100839
0.00875139
0.00764853
0.00673073
0.00596413
0.00532244
0.00478503
0.00433547
0.00396049
0.00364906
0.00339193
0.00318134
0.00301121
0.00287673
0.00277352
0.00269681
0.00264118
0.00260135
0.00257578
0.00257658
0.00263381
0.0027945
0.00314327
0.00396824
0.00916189
0.0192792
0.0333411
0.0488696
0.0639035
0.0768758
0.0869085
0.0937619
0.097607
0.0988152
0.0978301
0.0951019
0.0910568
0.0860841
0.0805348
0.0747269
0.0689579
0.0635235
0.058743
0.054988
0.0527134
0.0524844
0.0549928
0.0610549
0.0715846
0.0875345
0.1098
0.139089
0.175756
0.219619
0.269802
0.324634
0.381688
0.437964
0.490237
0.53545
0.571092
0.595445
0.607685
0.607842
0.596657
0.575407
0.545717
0.509405
0.468366
0.424469
0.37949
0.335045
0.292526
0.253044
0.217384
0.185985
0.158956
0.136132
0.117094
0.101713
0.0893034
0.0792825
0.0711655
0.0645611
0.0591589
0.0547152
0.0510401
0.0479853
0.0454351
0.0432996
0.0415075
0.0400137
0.0387794
0.0377683
0.0369514
0.0219797
0.01854
0.0156384
0.0132828
0.0113741
0.00983248
0.00857613
0.00754764
0.00670513
0.00601783
0.00546199
0.0050183
0.0046702
0.0044029
0.00420295
0.00405803
0.00395699
0.00388997
0.00384835
0.00382487
0.00381354
0.00380979
0.00381058
0.00381493
0.00382402
0.00383948
0.00385988
0.00387907
0.00389061
0.00390781
0.0040144
0.00465608
0.00796419
0.0151673
0.0258445
0.0382428
0.0503402
0.0606329
0.0683879
0.0734822
0.0761347
0.0767094
0.0756095
0.073229
0.069934
0.0660598
0.0619188
0.0578153
0.0540666
0.0510283
0.0491216
0.0488579
0.0508566
0.0558485
0.0646612
0.078178
0.0972655
0.122662
0.154825
0.193754
0.238805
0.288573
0.3409
0.393056
0.442067
0.485103
0.519821
0.544596
0.558592
0.561728
0.554557
0.538114
0.513767
0.483086
0.447725
0.409342
0.369521
0.329708
0.291162
0.254899
0.221662
0.19191
0.165828
0.143362
0.124294
0.108278
0.0951395
0.0843606
0.0755067
0.0682134
0.0621828
0.0571749
0.0529983
0.049501
0.0465629
0.0440886
0.0420029
0.0402481
0.0387838
0.0375731
0.0204194
0.0172723
0.014586
0.0124106
0.0106844
0.00933159
0.00828152
0.0074894
0.00691801
0.00653232
0.00629842
0.00618388
0.00615847
0.00619499
0.00627005
0.00636444
0.00646309
0.00655483
0.00663186
0.00668918
0.00672392
0.00673481
0.00672174
0.00668552
0.0066278
0.00655154
0.00646154
0.00636405
0.00627002
0.00620385
0.00617292
0.00617662
0.00626816
0.00678429
0.00862669
0.013113
0.0209652
0.0311976
0.0417171
0.0507445
0.0574196
0.061623
0.0636218
0.0638213
0.0626418
0.0604707
0.0576538
0.0545034
0.0513166
0.0483985
0.0460874
0.0447816
0.0449632
0.0472142
0.0522233
0.0607745
0.0737142
0.0918851
0.116018
0.146574
0.183547
0.226265
0.273282
0.322417
0.370997
0.416212
0.455503
0.48685
0.50893
0.521143
0.523543
0.516717
0.501648
0.479588
0.451946
0.420189
0.385775
0.350081
0.314355
0.279671
0.24689
0.216643
0.189322
0.165103
0.143973
0.125777
0.110266
0.0971788
0.0862889
0.0772224
0.0696642
0.0633485
0.0580557
0.0536069
0.0498573
0.0466906
0.0440132
0.0417502
0.0398416
0.0382426
0.0191985
0.0163097
0.0138431
0.0119845
0.0107204
0.00996534
0.00962108
0.00959838
0.00980557
0.0101562
0.0105773
0.0110126
0.0114216
0.0117777
0.0120649
0.0122754
0.0124076
0.0124635
0.012448
0.0123675
0.0122294
0.0120417
0.0118135
0.0115547
0.0112755
0.0109924
0.0107408
0.0105138
0.0103014
0.0100827
0.00985056
0.00961222
0.00938703
0.00922902
0.00928897
0.00994925
0.0120094
0.0166143
0.0242837
0.0337321
0.0426527
0.0494434
0.0536677
0.0555991
0.0557497
0.0546289
0.052665
0.0502042
0.0475382
0.0449375
0.0426826
0.0410931
0.0405545
0.0415394
0.0446231
0.0504879
0.0599128
0.0737382
0.0927924
0.117762
0.148997
0.186279
0.228633
0.274283
0.320828
0.365589
0.405997
0.439916
0.465831
0.4829
0.49091
0.490173
0.48141
0.465627
0.44401
0.417839
0.388408
0.356975
0.324701
0.292619
0.261596
0.232313
0.205254
0.180717
0.158827
0.139567
0.122817
0.108384
0.0960292
0.0855178
0.0766674
0.0692079
0.0629121
0.057591
0.0530868
0.0492687
0.0460298
0.0432832
0.0409582
0.0389973
0.0177739
0.0158142
0.0146256
0.0144861
0.0152018
0.0163878
0.0177375
0.0190611
0.0202415
0.0212162
0.0219619
0.0224798
0.0227841
0.0228952
0.0228361
0.0226298
0.0222982
0.0218621
0.0213407
0.0207523
0.0201145
0.0194455
0.0187666
0.0181168
0.0174949
0.01688
0.0162379
0.0155747
0.0148979
0.0142161
0.0135388
0.0128772
0.0122481
0.0116839
0.0112547
0.0111131
0.0115807
0.0132956
0.0172708
0.0242183
0.0330649
0.0412158
0.0468185
0.0496186
0.0502302
0.0493997
0.0477065
0.0455483
0.0432043
0.0409008
0.0388604
0.0373375
0.0366465
0.0371826
0.0394398
0.0440227
0.051649
0.0631324
0.0793324
0.101041
0.128788
0.162575
0.201644
0.244403
0.2886
0.331678
0.371171
0.405015
0.431727
0.450449
0.460899
0.463275
0.458151
0.446367
0.428939
0.406977
0.381617
0.353974
0.325091
0.295908
0.267236
0.23973
0.21389
0.190054
0.168417
0.149046
0.131906
0.116888
0.103833
0.0925573
0.0828644
0.0745531
0.0674413
0.0613954
0.0562501
0.0518671
0.0481321
0.0449509
0.0422465
0.0399553
0.0232134
0.0258759
0.0289683
0.0322276
0.0351473
0.0374085
0.0389996
0.0400052
0.0405165
0.040616
0.0403752
0.0398547
0.0391062
0.0381737
0.0370945
0.035901
0.0346212
0.0332804
0.0319015
0.0305077
0.0291262
0.0277965
0.0264888
0.0251635
0.0238226
0.0224823
0.0211571
0.019861
0.018607
0.0174067
0.0162714
0.0152132
0.0142497
0.013411
0.0127547
0.0123919
0.0125336
0.0135894
0.0163124
0.0217216
0.0299211
0.0384186
0.0439989
0.0460287
0.0456636
0.0442526
0.0424498
0.0404432
0.0383892
0.0364346
0.0347407
0.0335074
0.0330275
0.0336418
0.0357963
0.0400521
0.0470942
0.0577253
0.0728248
0.0932299
0.119511
0.151668
0.188892
0.229547
0.271413
0.312072
0.349265
0.381152
0.406449
0.424451
0.434949
0.438139
0.434529
0.424855
0.410007
0.390953
0.368683
0.344167
0.318319
0.291962
0.265813
0.240465
0.216381
0.193894
0.173214
0.154447
0.137608
0.122646
0.109457
0.0979089
0.0878503
0.079125
0.0715807
0.0650746
0.0594731
0.0546562
0.0505179
0.0469662
0.0439259
0.0413397
0.0665611
0.0705291
0.0715624
0.0717304
0.0713888
0.0706095
0.069449
0.0679617
0.0661986
0.0642064
0.0620285
0.0597069
0.0572825
0.0547912
0.0522616
0.0497182
0.0471826
0.0446784
0.0422351
0.0398901
0.0376046
0.0353378
0.0331185
0.0309668
0.0288993
0.0269303
0.0250715
0.023332
0.0217197
0.020242
0.0189079
0.0177312
0.0167357
0.0159677
0.0155225
0.0156009
0.0165267
0.018736
0.022614
0.0279709
0.0337008
0.0382169
0.0404793
0.0406783
0.0396616
0.0381961
0.0366106
0.0349888
0.0334187
0.0320081
0.0308968
0.0302746
0.0304084
0.0316291
0.0343678
0.0391724
0.0467169
0.0577938
0.0732581
0.0938805
0.120093
0.151697
0.187694
0.226369
0.265605
0.303248
0.337377
0.366147
0.388391
0.403951
0.412801
0.415188
0.411586
0.402656
0.389186
0.372019
0.352017
0.330013
0.306785
0.283037
0.259377
0.236314
0.214248
0.193475
0.174194
0.156517
0.140483
0.126071
0.113218
0.10183
0.0917942
0.0829895
0.0752924
0.0685835
0.0627502
0.0576889
0.0533065
0.0495206
0.0462593
0.0434599
0.12886
0.122818
0.117758
0.113313
0.109114
0.104928
0.100663
0.096317
0.0919205
0.0875082
0.0831106
0.0787529
0.0744997
0.0703823
0.0663977
0.0625606
0.0589038
0.0554703
0.0522033
0.0490449
0.046017
0.0431295
0.0403913
0.0378118
0.0353971
0.0331512
0.0310772
0.0291787
0.0274622
0.0259393
0.0246312
0.023573
0.0228197
0.0224505
0.022565
0.0232622
0.0245951
0.0265057
0.0288071
0.0311738
0.0331694
0.0343791
0.0346332
0.0341164
0.0331801
0.0321093
0.0310326
0.0300089
0.0291174
0.0284682
0.0282123
0.0285554
0.0297725
0.0322142
0.0363296
0.0426782
0.0519264
0.0648133
0.0820537
0.104159
0.131202
0.162623
0.197198
0.233221
0.268789
0.302074
0.331481
0.355735
0.374154
0.386611
0.393184
0.394095
0.389647
0.380571
0.367687
0.351723
0.333409
0.313449
0.292493
0.271123
0.249838
0.229053
0.209098
0.190218
0.172582
0.156292
0.14139
0.127873
0.115699
0.104803
0.0951027
0.0865042
0.0789111
0.0722274
0.0663607
0.0612245
0.0567396
0.0528343
0.0494453
0.046516
0.162703
0.160391
0.155419
0.148908
0.141749
0.134453
0.127296
0.120414
0.113857
0.107629
0.101716
0.0961058
0.0907998
0.0858004
0.0811003
0.0766631
0.0724242
0.0683196
0.0643647
0.0605645
0.056919
0.0534288
0.050092
0.0469068
0.043875
0.0410037
0.0383073
0.0358077
0.0335343
0.0315217
0.0298059
0.0284195
0.0273866
0.0267181
0.0264089
0.0264344
0.0267453
0.0272606
0.0278686
0.0284323
0.0288131
0.0289136
0.028725
0.0283315
0.0278543
0.0273957
0.0270267
0.0268193
0.0268733
0.0273257
0.0283592
0.030213
0.0331935
0.0376828
0.0441457
0.0531221
0.0651947
0.0809165
0.100689
0.124602
0.152289
0.182877
0.21506
0.247303
0.278052
0.305911
0.329756
0.348812
0.362721
0.371454
0.375152
0.374079
0.368619
0.359319
0.346638
0.331436
0.314421
0.296175
0.277224
0.258026
0.238975
0.220393
0.202537
0.1856
0.169713
0.154958
0.141372
0.128958
0.117686
0.107511
0.0983711
0.0901949
0.082908
0.0764349
0.0707017
0.0656382
0.061179
0.0572644
0.0538405
0.0508597
0.187265
0.182231
0.174425
0.165464
0.156283
0.147343
0.13884
0.130828
0.12328
0.116137
0.109326
0.102772
0.0964473
0.090374
0.0845447
0.0789486
0.073593
0.068479
0.0636114
0.0589976
0.0546436
0.0505568
0.0467459
0.0432209
0.0399912
0.0370654
0.0344497
0.0321477
0.0301592
0.0284807
0.0271044
0.0260182
0.0252055
0.0246449
0.0243096
0.0241667
0.0241767
0.0242946
0.0244721
0.024664
0.0248369
0.0249804
0.0251141
0.0252854
0.0255563
0.0259964
0.0266856
0.0277259
0.0292521
0.0314377
0.0345015
0.0387128
0.0443942
0.0519173
0.0616893
0.0741198
0.0895648
0.108246
0.130153
0.154962
0.182
0.210287
0.238649
0.265871
0.290831
0.312598
0.330491
0.344111
0.353323
0.358195
0.358922
0.355791
0.34917
0.339478
0.327098
0.312502
0.296584
0.279851
0.26271
0.245508
0.228539
0.21204
0.196201
0.181162
0.16702
0.153834
0.141632
0.130414
0.120161
0.110837
0.102396
0.0947831
0.0879418
0.081813
0.0763386
0.0714627
0.0671327
0.0632998
0.05992
0.0569542
0.158055
0.149777
0.139544
0.129271
0.119491
0.110399
0.102036
0.094383
0.0873956
0.0810212
0.0752061
0.0698982
0.0650241
0.0605047
0.0563094
0.0524211
0.0488214
0.0454953
0.0424289
0.0396112
0.0370331
0.0346873
0.0325672
0.0306667
0.0289797
0.0275002
0.0262219
0.0251381
0.0242418
0.0235255
0.022981
0.0225999
0.022373
0.0222904
0.0223422
0.0225179
0.0228078
0.0232039
0.0237018
0.0243034
0.0250204
0.0258771
0.0269125
0.0281812
0.029753
0.0317142
0.0341718
0.0372579
0.0411335
0.0459897
0.052048
0.0595553
0.068775
0.0799684
0.0933662
0.109129
0.127299
0.147749
0.170146
0.193939
0.218392
0.242645
0.265809
0.287056
0.305681
0.321156
0.333142
0.341492
0.346219
0.347461
0.345438
0.340425
0.332731
0.322658
0.310433
0.296479
0.281635
0.266326
0.250864
0.235503
0.220453
0.20588
0.191917
0.178659
0.166172
0.154496
0.143647
0.133623
0.124407
0.115972
0.108282
0.101294
0.0949661
0.089251
0.0841038
0.0794804
0.0753388
0.0716401
0.0683485
0.0654331
0.076456
0.0719445
0.0673401
0.0631073
0.0592674
0.0557715
0.0525841
0.0496725
0.0470073
0.0445629
0.0423173
0.040252
0.0383503
0.0365976
0.0349824
0.0334957
0.0321307
0.0308825
0.0297474
0.028723
0.0278075
0.027
0.0263001
0.0257081
0.0252246
0.0248507
0.0245881
0.0244387
0.0244053
0.0244911
0.0247002
0.0250373
0.0255085
0.0261211
0.0268842
0.0278093
0.0289106
0.0302068
0.0317215
0.0334849
0.0355357
0.0379221
0.0407035
0.0439516
0.0477514
0.0522023
0.0574184
0.0635284
0.0706735
0.0790026
0.0886654
0.0998008
0.112522
0.126895
0.142919
0.160499
0.179429
0.199378
0.219899
0.240447
0.260422
0.279216
0.296265
0.311091
0.32333
0.332744
0.339223
0.342774
0.343496
0.341556
0.337166
0.330553
0.321928
0.311448
0.299176
0.285929
0.272175
0.258222
0.244303
0.230602
0.217264
0.204401
0.192101
0.180424
0.169413
0.159088
0.149459
0.140519
0.132253
0.124639
0.117647
0.111245
0.105399
0.100074
0.0952322
0.0908408
0.0868661
0.0832771
0.0800452
0.0771458
0.0561685
0.0544239
0.0526821
0.0510535
0.0495403
0.048136
0.0468341
0.0456286
0.0445145
0.0434875
0.0425444
0.0416829
0.0409015
0.0401995
0.0395769
0.0390345
0.0385733
0.0381953
0.0379027
0.0376989
0.0375874
0.037573
0.0376608
0.037857
0.0381687
0.038604
0.0391719
0.0398829
0.0407486
0.0417821
0.0429983
0.0444139
0.0460478
0.047921
0.0500574
0.052484
0.0552311
0.058333
0.0618281
0.0657598
0.0701767
0.0751327
0.0806871
0.0869042
0.0938526
0.101603
0.110227
0.119791
0.130354
0.141958
0.154625
0.16834
0.18305
0.198645
0.214962
0.231768
0.248776
0.26564
0.281983
0.297412
0.311544
0.324035
0.334597
0.343018
0.349163
0.352982
0.354495
0.353789
0.350996
0.346272
0.339779
0.331646
0.321932
0.310665
0.298503
0.285848
0.272986
0.260131
0.247445
0.235054
0.223053
0.211516
0.200494
0.190025
0.180131
0.170822
0.162098
0.15395
0.146365
0.139322
0.132799
0.126768
0.121204
0.116077
0.11136
0.107026
0.103049
0.0994036
0.0960678
0.0930224
0.0924176
0.0916964
0.0909435
0.0902264
0.0895543
0.0889311
0.08836
0.0878445
0.0873885
0.0869961
0.0866722
0.0864218
0.0862504
0.0861637
0.0861682
0.0862708
0.0864789
0.0868008
0.0872452
0.0878217
0.0885409
0.089414
0.0904535
0.0916727
0.0930862
0.0947096
0.0965599
0.0986554
0.101016
0.103662
0.106616
0.109902
0.113544
0.11757
0.122007
0.126883
0.132226
0.138066
0.144433
0.151354
0.158856
0.166964
0.175699
0.185076
0.195104
0.205783
0.217101
0.229028
0.24152
0.254509
0.267901
0.281578
0.29539
0.309161
0.322689
0.335752
0.348114
0.359538
0.369792
0.378667
0.385984
0.391603
0.39543
0.397422
0.39758
0.395951
0.392617
0.387687
0.381278
0.373497
0.364413
0.353984
0.342407
0.330169
0.317564
0.304816
0.292106
0.27957
0.267314
0.255415
0.243933
0.23291
0.222375
0.212345
0.20283
0.193831
0.185341
0.177351
0.169846
0.162808
0.156218
0.150054
0.144293
0.138913
0.133892
0.129209
0.124842
0.120772
0.116981
0.113454
0.174351
0.1754
0.176647
0.177958
0.179313
0.180714
0.182165
0.183673
0.185243
0.186884
0.188603
0.190409
0.192311
0.194319
0.196445
0.198699
0.201095
0.203645
0.206364
0.209267
0.212369
0.215687
0.219239
0.223042
0.227117
0.231481
0.236155
0.24116
0.246514
0.252238
0.25835
0.264867
0.271807
0.279181
0.287002
0.295275
0.304003
0.313184
0.322807
0.332858
0.34331
0.354132
0.36528
0.3767
0.388328
0.400085
0.411884
0.423621
0.435183
0.446444
0.457268
0.467514
0.477031
0.485672
0.493291
0.499748
0.504921
0.5087
0.511001
0.511764
0.510957
0.508576
0.504644
0.499212
0.49235
0.484146
0.474697
0.464096
0.452425
0.439736
0.425923
0.411497
0.396786
0.381969
0.367203
0.352622
0.338329
0.324404
0.310906
0.297877
0.285347
0.273334
0.261849
0.250894
0.240467
0.230559
0.221161
0.212256
0.203828
0.195859
0.18833
0.181219
0.174507
0.168173
0.162197
0.156561
0.151244
0.146231
0.141505
0.137054
0.273389
0.276822
0.281004
0.285427
0.289993
0.294689
0.299518
0.304486
0.309602
0.314875
0.320313
0.325926
0.331726
0.337724
0.34393
0.350358
0.357019
0.363929
0.371099
0.378545
0.38628
0.394318
0.402673
0.411359
0.420388
0.429772
0.43952
0.44964
0.460137
0.471012
0.482264
0.493885
0.505861
0.518173
0.530795
0.54369
0.556814
0.570113
0.583522
0.596966
0.610357
0.623599
0.636585
0.649197
0.66131
0.672793
0.683511
0.693324
0.702096
0.709693
0.71599
0.72087
0.724232
0.72599
0.72608
0.724457
0.721098
0.716007
0.709208
0.700746
0.690687
0.679111
0.666112
0.651794
0.63626
0.619614
0.601949
0.583348
0.563888
0.54348
0.522969
0.502649
0.482622
0.462986
0.443831
0.425228
0.407228
0.389868
0.373173
0.357156
0.341822
0.327169
0.313189
0.299869
0.287193
0.275143
0.263697
0.252834
0.24253
0.232762
0.223504
0.214735
0.206429
0.198563
0.191116
0.184066
0.177392
0.171074
0.165097
0.159443
0.342247
0.347469
0.353947
0.360859
0.368036
0.37545
0.383102
0.391001
0.399159
0.407586
0.416296
0.425299
0.43461
0.444241
0.454206
0.464519
0.475194
0.486243
0.497681
0.509521
0.521772
0.534448
0.547556
0.561103
0.575095
0.589531
0.60441
0.619724
0.63546
0.651599
0.668114
0.684971
0.702124
0.71952
0.737093
0.754765
0.772445
0.790031
0.807407
0.824444
0.841001
0.856929
0.872067
0.886249
0.899307
0.91107
0.921372
0.930053
0.936966
0.941978
0.944975
0.945868
0.944589
0.941102
0.935396
0.92749
0.917431
0.905288
0.891156
0.875147
0.857386
0.838007
0.817149
0.794948
0.77153
0.747008
0.72148
0.695045
0.667692
0.640185
0.613225
0.586933
0.56138
0.53663
0.512739
0.489743
0.467664
0.446512
0.426288
0.406983
0.388584
0.371068
0.354414
0.338592
0.323574
0.309329
0.295825
0.28303
0.270911
0.259436
0.248575
0.238296
0.22857
0.219368
0.210662
0.202426
0.194635
0.187264
0.180293
0.173701
0.0772322
0.0774418
0.0776453
0.0778557
0.0780732
0.0782981
0.0785303
0.0787698
0.0790165
0.0792702
0.0795305
0.0797971
0.0800696
0.0803475
0.0806302
0.0809171
0.0812077
0.0815011
0.0817968
0.0820939
0.0823918
0.0826895
0.0829863
0.0832813
0.0835738
0.0838628
0.0841475
0.0844271
0.0847007
0.0849674
0.0852265
0.0854771
0.0857184
0.0859496
0.0861699
0.0863788
0.0865753
0.086759
0.0869292
0.0870853
0.0872267
0.0873532
0.0874641
0.0875593
0.0876383
0.0877011
0.0877474
0.0877772
0.0877906
0.0877877
0.0877686
0.0877337
0.0876835
0.0876183
0.0875389
0.0874461
0.0873406
0.0872236
0.0870961
0.0869596
0.0868154
0.0866652
0.0865109
0.0863544
0.0861981
0.0860444
0.0858962
0.0857563
0.0856284
0.0855161
0.0854237
0.0853558
0.0853179
0.0853159
0.0853566
0.0854477
0.0855984
0.0858189
0.0861214
0.0865203
0.0870325
0.0876786
0.0884837
0.0894786
0.0907019
0.0922026
0.0940442
0.0963102
0.0991134
0.10261
0.107024
0.112685
0.120109
0.130141
0.144278
0.165443
0.200192
0.266518
0.431909
1.1215
0.0417828
0.0418047
0.0418137
0.041818
0.0418188
0.0418167
0.0418127
0.0418072
0.0418008
0.0417936
0.0417859
0.0417778
0.0417692
0.0417601
0.0417502
0.0417393
0.0417273
0.0417139
0.0416987
0.0416814
0.0416618
0.0416396
0.0416144
0.0415859
0.041554
0.0415183
0.0414786
0.0414348
0.0413865
0.0413337
0.0412762
0.041214
0.0411468
0.0410747
0.0409976
0.0409156
0.0408286
0.0407368
0.0406401
0.0405387
0.0404328
0.0403225
0.0402081
0.0400896
0.0399675
0.039842
0.0397134
0.039582
0.0394483
0.0393127
0.0391756
0.0390376
0.0388991
0.0387607
0.0386232
0.038487
0.038353
0.0382219
0.0380946
0.0379719
0.0378549
0.0377446
0.037642
0.0375485
0.0374653
0.0373939
0.0373359
0.037293
0.0372671
0.0372602
0.0372746
0.037313
0.0373781
0.0374732
0.0376018
0.0377679
0.0379764
0.0382324
0.0385422
0.038913
0.0393535
0.0398737
0.0404862
0.0412058
0.0420514
0.0430463
0.0442208
0.0456142
0.0472791
0.049288
0.0517434
0.0547963
0.0586794
0.0637731
0.070747
0.0809054
0.0971775
0.127722
0.204769
0.568782
0.0329999
0.032944
0.0328915
0.0328426
0.0327972
0.0327549
0.0327155
0.0326786
0.0326439
0.0326112
0.0325802
0.0325506
0.032522
0.0324942
0.032467
0.03244
0.032413
0.0323859
0.0323584
0.0323303
0.0323015
0.0322718
0.0322412
0.0322095
0.0321767
0.0321427
0.0321075
0.0320712
0.0320337
0.0319951
0.0319555
0.0319149
0.0318735
0.0318314
0.0317887
0.0317457
0.0317025
0.0316594
0.0316165
0.0315742
0.0315327
0.0314923
0.0314534
0.0314162
0.0313811
0.0313485
0.0313189
0.0312925
0.03127
0.0312516
0.031238
0.0312296
0.031227
0.0312308
0.0312415
0.0312599
0.0312865
0.0313221
0.0313674
0.0314232
0.0314905
0.03157
0.0316628
0.0317699
0.0318924
0.0320315
0.0321886
0.032365
0.0325624
0.0327825
0.0330271
0.0332984
0.0335987
0.0339308
0.0342975
0.0347023
0.0351492
0.0356427
0.036188
0.0367914
0.0374603
0.0382034
0.0390315
0.0399577
0.0409983
0.0421737
0.0435104
0.0450427
0.0468164
0.0488944
0.0513652
0.0543583
0.0580715
0.0628248
0.0691735
0.0781822
0.0921953
0.117609
0.179475
0.475264
0.0301541
0.0300833
0.0300231
0.0299709
0.0299257
0.0298867
0.0298534
0.029825
0.029801
0.0297809
0.0297645
0.0297511
0.0297407
0.0297327
0.0297271
0.0297235
0.0297219
0.0297219
0.0297236
0.0297268
0.0297314
0.0297374
0.0297448
0.0297534
0.0297633
0.0297746
0.0297872
0.0298013
0.0298168
0.0298339
0.0298526
0.0298731
0.0298955
0.02992
0.0299465
0.0299755
0.0300069
0.030041
0.030078
0.0301181
0.0301615
0.0302084
0.0302592
0.030314
0.0303731
0.0304369
0.0305056
0.0305795
0.030659
0.0307444
0.0308362
0.0309346
0.0310401
0.0311533
0.0312744
0.031404
0.0315427
0.0316911
0.0318496
0.0320191
0.0322001
0.0323935
0.0326
0.0328206
0.0330563
0.0333081
0.0335772
0.0338648
0.0341726
0.0345019
0.0348547
0.035233
0.035639
0.0360753
0.0365449
0.0370512
0.0375981
0.0381901
0.0388326
0.0395319
0.0402956
0.0411326
0.0420539
0.0430731
0.0442068
0.0454764
0.0469089
0.0485399
0.0504167
0.0526042
0.055194
0.0583195
0.0621848
0.0671194
0.0736947
0.0830045
0.0974533
0.123594
0.18711
0.492946
0.0297622
0.0297031
0.0296567
0.0296194
0.0295904
0.0295691
0.0295547
0.0295465
0.0295442
0.0295471
0.0295548
0.0295669
0.029583
0.0296029
0.0296261
0.0296526
0.0296819
0.029714
0.0297488
0.029786
0.0298255
0.0298673
0.0299113
0.0299574
0.0300057
0.030056
0.0301085
0.0301631
0.0302199
0.0302789
0.0303402
0.0304038
0.0304699
0.0305385
0.0306098
0.0306838
0.0307608
0.0308407
0.0309239
0.0310105
0.0311006
0.0311945
0.0312923
0.0313942
0.0315006
0.0316116
0.0317275
0.0318486
0.0319751
0.0321075
0.032246
0.0323909
0.0325428
0.0327019
0.0328687
0.0330437
0.0332274
0.0334203
0.0336231
0.0338363
0.0340607
0.0342971
0.0345461
0.0348088
0.0350862
0.0353793
0.0356893
0.0360176
0.0363657
0.0367352
0.037128
0.0375462
0.0379921
0.0384685
0.0389785
0.0395256
0.0401138
0.0407481
0.0414339
0.0421779
0.042988
0.0438736
0.0448463
0.0459202
0.0471128
0.0484463
0.0499492
0.0516586
0.053624
0.0559131
0.0586216
0.0618887
0.0659272
0.0710802
0.0779428
0.0876519
0.102705
0.129905
0.195953
0.516697
0.0296607
0.0296162
0.0295852
0.0295639
0.0295516
0.0295474
0.0295509
0.0295612
0.0295779
0.0296005
0.0296284
0.0296612
0.0296986
0.0297402
0.0297857
0.0298349
0.0298874
0.029943
0.0300017
0.0300632
0.0301273
0.0301941
0.0302634
0.0303351
0.0304092
0.0304856
0.0305644
0.0306456
0.0307291
0.030815
0.0309034
0.0309943
0.0310878
0.031184
0.0312829
0.0313847
0.0314895
0.0315974
0.0317085
0.0318231
0.0319413
0.0320633
0.0321892
0.0323193
0.0324538
0.032593
0.032737
0.0328862
0.0330409
0.0332013
0.0333678
0.0335408
0.0337207
0.0339078
0.0341026
0.0343055
0.0345172
0.0347382
0.034969
0.0352103
0.0354628
0.0357274
0.0360048
0.036296
0.036602
0.036924
0.0372632
0.0376209
0.0379988
0.0383986
0.0388221
0.0392716
0.0397496
0.0402588
0.0408024
0.0413843
0.0420085
0.0426802
0.043405
0.04419
0.0450433
0.0459747
0.0469963
0.0481228
0.0493723
0.0507681
0.0523395
0.0541254
0.056177
0.0585649
0.061388
0.0647911
0.0689946
0.0743538
0.0814842
0.0915605
0.107159
0.135285
0.203385
0.533481
0.0297285
0.0297
0.0296844
0.029678
0.0296803
0.0296906
0.0297084
0.029733
0.0297641
0.0298012
0.0298437
0.0298913
0.0299436
0.0300003
0.030061
0.0301255
0.0301936
0.0302651
0.0303396
0.0304172
0.0304976
0.0305808
0.0306666
0.030755
0.030846
0.0309394
0.0310353
0.0311337
0.0312345
0.0313378
0.0314438
0.0315523
0.0316634
0.0317773
0.0318941
0.0320138
0.0321366
0.0322625
0.0323918
0.0325245
0.0326609
0.0328011
0.0329454
0.0330938
0.0332467
0.0334043
0.0335668
0.0337345
0.0339077
0.0340867
0.0342719
0.0344636
0.0346622
0.0348681
0.0350818
0.0353038
0.0355345
0.0357746
0.0360246
0.0362853
0.0365574
0.0368416
0.0371389
0.0374501
0.0377764
0.0381189
0.0384789
0.0388578
0.0392572
0.0396788
0.0401248
0.0405972
0.0410987
0.0416321
0.0422008
0.0428086
0.0434598
0.0441596
0.0449141
0.0457303
0.0466167
0.0475834
0.048643
0.0498104
0.0511047
0.0525497
0.0541759
0.0560232
0.0581447
0.0606132
0.063531
0.0670472
0.0713895
0.0769242
0.0842858
0.0946844
0.110774
0.139767
0.209971
0.55234
0.0298229
0.029809
0.0298071
0.0298138
0.0298287
0.0298512
0.0298809
0.0299172
0.0299598
0.0300081
0.0300618
0.0301205
0.0301838
0.0302515
0.0303233
0.0303989
0.0304781
0.0305606
0.0306464
0.0307352
0.0308269
0.0309214
0.0310186
0.0311185
0.031221
0.031326
0.0314336
0.0315437
0.0316564
0.0317716
0.0318895
0.03201
0.0321333
0.0322594
0.0323883
0.0325203
0.0326554
0.0327938
0.0329355
0.0330808
0.0332297
0.0333826
0.0335395
0.0337007
0.0338664
0.0340368
0.0342122
0.034393
0.0345792
0.0347714
0.0349698
0.0351748
0.0353868
0.0356062
0.0358334
0.036069
0.0363136
0.0365676
0.0368317
0.0371065
0.037393
0.0376917
0.0380037
0.0383299
0.0386714
0.0390293
0.039405
0.0398
0.0402158
0.0406543
0.0411175
0.0416078
0.0421276
0.0426801
0.0432687
0.0438971
0.04457
0.0452926
0.0460712
0.046913
0.0478267
0.0488229
0.0499143
0.0511165
0.0524489
0.0539362
0.0556097
0.0575105
0.0596933
0.062233
0.0652346
0.0688518
0.0733181
0.0790099
0.0865781
0.0972633
0.113783
0.143514
0.215374
0.565216
0.0299633
0.029963
0.0299735
0.0299919
0.0300177
0.0300505
0.03009
0.0301357
0.0301872
0.0302442
0.0303063
0.0303733
0.0304447
0.0305204
0.0306
0.0306834
0.0307703
0.0308605
0.0309539
0.0310503
0.0311497
0.0312519
0.0313568
0.0314643
0.0315745
0.0316873
0.0318027
0.0319206
0.0320411
0.0321643
0.0322901
0.0324186
0.0325499
0.032684
0.0328211
0.0329612
0.0331044
0.033251
0.033401
0.0335545
0.0337118
0.0338731
0.0340384
0.0342081
0.0343822
0.0345612
0.0347453
0.0349346
0.0351295
0.0353304
0.0355376
0.0357514
0.0359723
0.0362006
0.0364368
0.0366815
0.0369352
0.0371984
0.0374717
0.037756
0.0380519
0.0383602
0.0386819
0.0390179
0.0393693
0.0397374
0.0401234
0.0405289
0.0409555
0.041405
0.0418795
0.0423814
0.0429133
0.0434783
0.0440798
0.0447218
0.045409
0.0461466
0.0469411
0.0477999
0.048732
0.0497479
0.0508609
0.0520867
0.0534454
0.054962
0.0566687
0.0586074
0.0608342
0.0634254
0.0664885
0.0701804
0.0747399
0.0805512
0.0882786
0.099188
0.116051
0.146391
0.219724
0.578141
0.0301329
0.030145
0.0301667
0.0301954
0.0302307
0.0302724
0.0303201
0.0303735
0.0304323
0.0304962
0.0305649
0.0306381
0.0307155
0.030797
0.0308823
0.0309711
0.0310634
0.0311589
0.0312574
0.031359
0.0314634
0.0315706
0.0316805
0.031793
0.0319082
0.0320259
0.0321462
0.032269
0.0323945
0.0325226
0.0326533
0.0327868
0.032923
0.0330621
0.0332042
0.0333493
0.0334976
0.0336491
0.0338042
0.0339628
0.0341251
0.0342914
0.0344618
0.0346366
0.0348159
0.035
0.0351892
0.0353837
0.0355838
0.0357898
0.0360022
0.0362212
0.0364473
0.0366808
0.0369224
0.0371723
0.0374313
0.0376998
0.0379785
0.0382682
0.0385695
0.0388833
0.0392105
0.0395521
0.0399092
0.040283
0.0406749
0.0410864
0.041519
0.0419748
0.0424558
0.0429643
0.0435032
0.0440754
0.0446844
0.0453344
0.0460301
0.0467768
0.047581
0.0484504
0.049394
0.0504228
0.0515499
0.0527916
0.0541683
0.0557055
0.057436
0.0594026
0.0616622
0.0642928
0.0674039
0.0711553
0.07579
0.0816991
0.0895583
0.100655
0.117803
0.148641
0.223105
0.586797
0.0303368
0.0303603
0.0303922
0.0304301
0.0304738
0.0305231
0.0305777
0.0306376
0.0307023
0.0307716
0.0308453
0.0309232
0.0310051
0.0310907
0.0311798
0.0312724
0.0313682
0.031467
0.0315689
0.0316735
0.031781
0.0318911
0.0320039
0.0321193
0.0322372
0.0323576
0.0324806
0.0326061
0.0327342
0.0328649
0.0329982
0.0331342
0.033273
0.0334146
0.0335592
0.0337068
0.0338575
0.0340115
0.034169
0.03433
0.0344948
0.0346635
0.0348362
0.0350133
0.035195
0.0353814
0.0355728
0.0357695
0.0359719
0.0361801
0.0363947
0.0366158
0.036844
0.0370796
0.0373232
0.0375752
0.0378361
0.0381066
0.0383872
0.0386787
0.0389819
0.0392975
0.0396265
0.0399699
0.0403287
0.0407043
0.0410978
0.041511
0.0419453
0.0424028
0.0428854
0.0433958
0.0439364
0.0445105
0.0451216
0.0457737
0.0464717
0.0472211
0.0480283
0.0489011
0.0498486
0.0508818
0.0520143
0.0532625
0.0546469
0.0561934
0.0579353
0.0599159
0.0621931
0.0648456
0.0679847
0.071772
0.0764539
0.0824264
0.0903736
0.101598
0.118948
0.150148
0.22549
0.59436
0.0305683
0.0306024
0.0306435
0.0306898
0.0307409
0.030797
0.0308577
0.0309229
0.0309924
0.0310661
0.0311437
0.0312252
0.0313102
0.0313986
0.0314904
0.0315853
0.0316832
0.031784
0.0318876
0.0319939
0.0321029
0.0322144
0.0323285
0.032445
0.032564
0.0326855
0.0328094
0.0329358
0.0330647
0.0331962
0.0333302
0.0334669
0.0336062
0.0337484
0.0338935
0.0340416
0.0341928
0.0343472
0.034505
0.0346663
0.0348314
0.0350002
0.0351732
0.0353504
0.0355321
0.0357185
0.0359098
0.0361065
0.0363086
0.0365166
0.0367309
0.0369516
0.0371794
0.0374145
0.0376574
0.0379087
0.0381688
0.0384384
0.0387181
0.0390085
0.0393105
0.0396248
0.0399524
0.0402943
0.0406515
0.0410252
0.0414169
0.041828
0.0422603
0.0427155
0.0431958
0.0437036
0.0442416
0.044813
0.0454213
0.0460706
0.0467657
0.0475122
0.0483165
0.0491865
0.0501314
0.0511623
0.0522927
0.0535394
0.054923
0.0564697
0.058213
0.0601967
0.0624793
0.0651403
0.0682921
0.072098
0.0768068
0.0828183
0.0908232
0.102135
0.119628
0.151085
0.227029
0.59889
0.0308247
0.0308688
0.0309186
0.0309724
0.0310304
0.0310924
0.0311584
0.0312282
0.0313018
0.0313789
0.0314596
0.0315436
0.0316309
0.0317212
0.0318145
0.0319107
0.0320097
0.0321113
0.0322156
0.0323223
0.0324316
0.0325432
0.0326573
0.0327737
0.0328925
0.0330136
0.0331371
0.033263
0.0333913
0.033522
0.0336553
0.0337911
0.0339296
0.0340708
0.0342148
0.0343617
0.0345117
0.0346649
0.0348213
0.0349812
0.0351447
0.035312
0.0354833
0.0356588
0.0358386
0.0360231
0.0362125
0.036407
0.036607
0.0368127
0.0370245
0.0372428
0.0374679
0.0377002
0.0379402
0.0381885
0.0384454
0.0387117
0.0389879
0.0392747
0.0395728
0.0398831
0.0402065
0.040544
0.0408966
0.0412655
0.0416522
0.042058
0.0424846
0.0429341
0.0434083
0.0439098
0.0444412
0.0450057
0.0456068
0.0462486
0.0469359
0.0476742
0.0484702
0.0493315
0.0502674
0.0512891
0.0524102
0.0536474
0.0550214
0.0565586
0.0582927
0.0602676
0.0625421
0.0651962
0.0683429
0.0721464
0.076857
0.0828767
0.0909
0.102248
0.119808
0.151404
0.227709
0.601881
0.0311002
0.0311537
0.0312115
0.0312725
0.0313367
0.0314041
0.0314748
0.0315486
0.0316255
0.0317056
0.0317886
0.0318745
0.0319632
0.0320546
0.0321487
0.0322454
0.0323446
0.0324462
0.0325501
0.0326564
0.032765
0.0328758
0.0329888
0.0331041
0.0332216
0.0333413
0.0334633
0.0335875
0.033714
0.0338429
0.0339742
0.034108
0.0342443
0.0343833
0.0345249
0.0346694
0.0348169
0.0349674
0.0351211
0.0352782
0.0354388
0.0356031
0.0357713
0.0359435
0.03612
0.036301
0.0364868
0.0366777
0.0368738
0.0370756
0.0372833
0.0374973
0.0377179
0.0379457
0.038181
0.0384244
0.0386762
0.0389372
0.0392079
0.039489
0.0397812
0.0400854
0.0404024
0.0407331
0.0410788
0.0414405
0.0418195
0.0422175
0.0426359
0.0430767
0.043542
0.044034
0.0445556
0.0451098
0.0457001
0.0463307
0.0470061
0.0477321
0.048515
0.0493627
0.0502843
0.0512911
0.0523964
0.053617
0.0549738
0.0564928
0.0582078
0.0601628
0.0624165
0.0650491
0.0681734
0.071954
0.0766413
0.0826382
0.09064
0.10197
0.119521
0.151129
0.227526
0.602716
0.0313899
0.0314523
0.0315178
0.0315855
0.0316555
0.0317279
0.0318027
0.0318801
0.0319599
0.0320423
0.0321271
0.0322143
0.032304
0.0323959
0.0324902
0.0325867
0.0326854
0.0327862
0.0328892
0.0329943
0.0331014
0.0332106
0.0333219
0.0334352
0.0335506
0.033668
0.0337876
0.0339093
0.0340332
0.0341593
0.0342877
0.0344184
0.0345516
0.0346873
0.0348256
0.0349666
0.0351105
0.0352573
0.0354072
0.0355604
0.035717
0.0358771
0.036041
0.0362088
0.0363807
0.0365571
0.0367381
0.0369239
0.0371149
0.0373114
0.0375136
0.037722
0.0379369
0.0381587
0.0383878
0.0386247
0.03887
0.0391241
0.0393877
0.0396614
0.039946
0.0402422
0.0405509
0.0408731
0.0412098
0.0415622
0.0419316
0.0423194
0.0427273
0.043157
0.0436107
0.0440907
0.0445996
0.0451405
0.0457169
0.0463327
0.0469927
0.0477023
0.0484681
0.0492976
0.0502
0.0511863
0.0522699
0.0534675
0.0547996
0.0562922
0.0579788
0.0599032
0.0621236
0.0647199
0.0678042
0.0715403
0.0761775
0.0821168
0.0900511
0.101299
0.118746
0.150214
0.22642
0.601806
0.0317207
0.0317925
0.031866
0.0319406
0.0320164
0.0320938
0.0321727
0.0322534
0.0323358
0.0324202
0.0325063
0.0325944
0.0326844
0.0327763
0.0328701
0.0329657
0.0330632
0.0331626
0.0332638
0.0333668
0.0334717
0.0335783
0.0336869
0.0337973
0.0339095
0.0340237
0.0341398
0.0342579
0.034378
0.0345002
0.0346245
0.0347511
0.0348799
0.0350111
0.0351449
0.0352812
0.0354202
0.035562
0.0357068
0.0358546
0.0360058
0.0361603
0.0363185
0.0364805
0.0366464
0.0368166
0.0369912
0.0371706
0.0373549
0.0375444
0.0377396
0.0379407
0.0381481
0.0383621
0.0385833
0.038812
0.0390488
0.0392941
0.0395487
0.039813
0.0400879
0.0403741
0.0406725
0.0409839
0.0413095
0.0416502
0.0420076
0.0423828
0.0427777
0.0431938
0.0436333
0.0440985
0.0445919
0.0451165
0.0456759
0.0462739
0.0469152
0.0476051
0.0483501
0.0491576
0.0500368
0.0509984
0.0520558
0.0532253
0.0545272
0.0559873
0.0576385
0.0595242
0.0617017
0.0642499
0.0672794
0.0709518
0.0755128
0.0813575
0.0891683
0.100243
0.117419
0.148385
0.223316
0.592442
0.0321079
0.0321902
0.0322726
0.0323547
0.032437
0.0325197
0.0326031
0.0326873
0.0327725
0.0328588
0.0329463
0.0330351
0.0331252
0.0332166
0.0333095
0.0334038
0.0334996
0.0335968
0.0336956
0.0337958
0.0338976
0.0340009
0.0341058
0.0342124
0.0343206
0.0344305
0.0345421
0.0346554
0.0347707
0.0348878
0.0350069
0.035128
0.0352513
0.0353768
0.0355046
0.0356348
0.0357676
0.035903
0.0360412
0.0361823
0.0363265
0.036474
0.0366249
0.0367794
0.0369377
0.0371
0.0372665
0.0374376
0.0376134
0.0377943
0.0379805
0.0381723
0.0383702
0.0385745
0.0387857
0.0390041
0.0392302
0.0394646
0.0397078
0.0399605
0.0402234
0.0404971
0.0407826
0.0410807
0.0413925
0.041719
0.0420615
0.0424214
0.0428003
0.0431999
0.0436221
0.0440694
0.0445441
0.0450493
0.0455883
0.0461651
0.0467842
0.0474508
0.0481714
0.0489533
0.0498054
0.0507386
0.0517658
0.0529033
0.0541712
0.055595
0.0572072
0.0590508
0.0611826
0.0636806
0.0666545
0.0702644
0.0747536
0.0805138
0.088221
0.0991613
0.116146
0.146791
0.221008
0.587419
0.0324902
0.0325823
0.0326729
0.0327621
0.0328503
0.0329379
0.0330252
0.0331125
0.0331999
0.0332878
0.0333761
0.0334651
0.0335549
0.0336455
0.033737
0.0338295
0.033923
0.0340176
0.0341134
0.0342104
0.0343086
0.0344081
0.0345089
0.034611
0.0347146
0.0348196
0.0349262
0.0350343
0.0351441
0.0352556
0.0353688
0.035484
0.0356011
0.0357202
0.0358415
0.035965
0.0360909
0.0362192
0.0363502
0.036484
0.0366206
0.0367603
0.0369032
0.0370496
0.0371995
0.0373533
0.0375111
0.0376732
0.0378398
0.0380112
0.0381877
0.0383697
0.0385574
0.0387512
0.0389515
0.0391588
0.0393736
0.0395962
0.0398274
0.0400676
0.0403176
0.0405781
0.0408499
0.0411339
0.041431
0.0417424
0.0420692
0.0424129
0.0427749
0.043157
0.0435611
0.0439894
0.0444445
0.0449292
0.0454468
0.0460011
0.0465967
0.0472388
0.0479336
0.0486883
0.0495118
0.0504147
0.0514098
0.0525132
0.0537446
0.0551293
0.0566994
0.0584971
0.0605788
0.0630214
0.0659332
0.0694724
0.0738794
0.0795411
0.0871254
0.0979026
0.114649
0.144887
0.218152
0.580048
0.0328591
0.0329602
0.0330582
0.0331537
0.0332472
0.033339
0.0334297
0.0335195
0.0336087
0.0336975
0.0337862
0.0338749
0.0339639
0.0340531
0.0341428
0.0342331
0.0343239
0.0344156
0.0345079
0.0346012
0.0346954
0.0347906
0.0348868
0.0349842
0.0350827
0.0351825
0.0352836
0.0353861
0.03549
0.0355954
0.0357025
0.0358112
0.0359217
0.0360341
0.0361484
0.0362649
0.0363835
0.0365044
0.0366278
0.0367537
0.0368824
0.037014
0.0371486
0.0372864
0.0374276
0.0375725
0.0377211
0.0378738
0.0380309
0.0381925
0.0383589
0.0385305
0.0387076
0.0388905
0.0390797
0.0392755
0.0394784
0.0396889
0.0399075
0.0401348
0.0403715
0.0406182
0.0408758
0.0411451
0.0414271
0.0417227
0.0420333
0.0423601
0.0427046
0.0430684
0.0434536
0.0438622
0.0442967
0.0447599
0.0452551
0.045786
0.046357
0.0469733
0.0476409
0.048367
0.0491603
0.0500311
0.0509922
0.0520593
0.0532518
0.0545945
0.0561192
0.0578674
0.0598945
0.0622763
0.0651196
0.06858
0.0728945
0.078444
0.0858864
0.0964732
0.112939
0.142695
0.214855
0.572095
0.0332084
0.0333175
0.0334221
0.0335231
0.033621
0.0337165
0.0338098
0.0339015
0.0339918
0.0340811
0.0341697
0.0342576
0.0343453
0.0344328
0.0345202
0.0346078
0.0346957
0.0347839
0.0348725
0.0349617
0.0350516
0.0351422
0.0352335
0.0353258
0.035419
0.0355133
0.0356086
0.0357052
0.035803
0.0359021
0.0360027
0.0361048
0.0362086
0.036314
0.0364212
0.0365304
0.0366415
0.0367549
0.0368705
0.0369885
0.0371091
0.0372323
0.0373585
0.0374876
0.03762
0.0377558
0.0378952
0.0380385
0.0381858
0.0383375
0.0384937
0.0386549
0.0388213
0.0389932
0.0391711
0.0393553
0.0395462
0.0397444
0.0399503
0.0401646
0.0403878
0.0406207
0.0408639
0.0411183
0.0413849
0.0416646
0.0419587
0.0422684
0.0425951
0.0429406
0.0433065
0.0436952
0.0441088
0.0445503
0.0450228
0.04553
0.0460762
0.0466664
0.0473066
0.0480038
0.0487665
0.049605
0.0505318
0.0515622
0.0527155
0.054016
0.055495
0.0571932
0.0591652
0.0614856
0.0642595
0.0676398
0.0718599
0.0772944
0.0845907
0.0949799
0.111152
0.140398
0.211363
0.563083
0.0335344
0.0336503
0.0337605
0.033866
0.0339676
0.0340657
0.034161
0.0342539
0.0343447
0.0344339
0.0345217
0.0346084
0.0346943
0.0347795
0.0348643
0.0349489
0.0350333
0.0351177
0.0352023
0.0352872
0.0353724
0.0354582
0.0355444
0.0356314
0.0357191
0.0358076
0.0358971
0.0359876
0.0360792
0.0361719
0.036266
0.0363614
0.0364582
0.0365567
0.0366568
0.0367586
0.0368624
0.0369681
0.037076
0.0371861
0.0372986
0.0374137
0.0375314
0.0376521
0.0377757
0.0379026
0.0380329
0.0381668
0.0383046
0.0384464
0.0385927
0.0387436
0.0388994
0.0390605
0.0392272
0.0394
0.0395792
0.0397653
0.0399587
0.0401601
0.0403701
0.0405892
0.0408183
0.0410581
0.0413095
0.0415736
0.0418514
0.0421443
0.0424535
0.0427808
0.0431278
0.0434968
0.04389
0.0443101
0.0447603
0.0452442
0.0457659
0.0463305
0.0469438
0.0476127
0.0483455
0.0491524
0.0500455
0.0510401
0.052155
0.0534141
0.0548481
0.0564973
0.0584151
0.0606749
0.0633798
0.0666805
0.0708059
0.0761244
0.083272
0.0934583
0.109326
0.138039
0.207752
0.553851
0.0338346
0.033956
0.0340705
0.0341795
0.0342836
0.0343836
0.0344799
0.0345732
0.0346638
0.0347522
0.0348386
0.0349235
0.0350071
0.0350896
0.0351713
0.0352524
0.035333
0.0354134
0.0354936
0.0355738
0.0356542
0.0357348
0.0358158
0.0358973
0.0359793
0.0360621
0.0361455
0.0362299
0.0363152
0.0364016
0.0364891
0.0365778
0.0366679
0.0367594
0.0368525
0.0369472
0.0370437
0.037142
0.0372423
0.0373448
0.0374495
0.0375566
0.0376662
0.0377786
0.0378938
0.0380121
0.0381336
0.0382585
0.0383871
0.0385196
0.0386562
0.0387972
0.038943
0.0390937
0.0392498
0.0394116
0.0395795
0.0397539
0.0399354
0.0401245
0.0403217
0.0405277
0.0407432
0.0409689
0.0412058
0.0414548
0.041717
0.0419936
0.0422861
0.0425959
0.0429248
0.0432749
0.0436484
0.044048
0.0444768
0.0449383
0.0454366
0.0459767
0.0465642
0.047206
0.0479102
0.0486868
0.0495479
0.0505082
0.0515864
0.0528061
0.0541973
0.0557996
0.0576656
0.0598674
0.0625065
0.0657307
0.0697652
0.0749718
0.0819753
0.0919639
0.107533
0.135718
0.204177
0.54445
0.0341078
0.0342332
0.0343507
0.0344618
0.0345674
0.0346681
0.0347645
0.0348573
0.0349468
0.0350336
0.035118
0.0352003
0.035281
0.0353603
0.0354383
0.0355155
0.0355919
0.0356678
0.0357433
0.0358187
0.0358939
0.0359693
0.0360448
0.0361207
0.0361969
0.0362738
0.0363513
0.0364295
0.0365086
0.0365886
0.0366697
0.0367519
0.0368354
0.0369202
0.0370064
0.0370942
0.0371837
0.0372749
0.0373681
0.0374632
0.0375605
0.0376601
0.0377621
0.0378666
0.0379739
0.0380841
0.0381973
0.0383139
0.0384339
0.0385576
0.0386852
0.038817
0.0389533
0.0390943
0.0392404
0.0393919
0.0395493
0.0397129
0.0398832
0.0400607
0.040246
0.0404397
0.0406424
0.040855
0.0410782
0.0413131
0.0415606
0.0418221
0.0420987
0.0423921
0.0427039
0.0430362
0.0433912
0.0437716
0.0441802
0.0446206
0.045097
0.0456139
0.0461772
0.0467935
0.0474708
0.048219
0.0490498
0.049978
0.0510218
0.0522043
0.0535553
0.0551135
0.0569309
0.0590781
0.0616551
0.0648071
0.0687555
0.0738559
0.0807221
0.0905215
0.105804
0.133477
0.200711
0.535311
0.0343539
0.0344816
0.0346005
0.0347124
0.0348181
0.0349183
0.0350137
0.0351048
0.0351923
0.0352766
0.0353581
0.0354372
0.0355143
0.0355897
0.0356636
0.0357363
0.0358081
0.0358791
0.0359496
0.0360197
0.0360896
0.0361594
0.0362293
0.0362995
0.0363699
0.0364408
0.0365123
0.0365845
0.0366574
0.0367312
0.0368061
0.036882
0.036959
0.0370374
0.0371172
0.0371985
0.0372813
0.0373659
0.0374523
0.0375407
0.0376311
0.0377237
0.0378186
0.037916
0.038016
0.0381188
0.0382245
0.0383334
0.0384456
0.0385613
0.0386807
0.0388042
0.0389318
0.0390641
0.0392011
0.0393434
0.0394912
0.0396449
0.0398051
0.0399721
0.0401465
0.0403289
0.04052
0.0407206
0.0409313
0.0411532
0.0413873
0.0416347
0.0418968
0.0421751
0.0424712
0.0427871
0.0431251
0.0434875
0.0438775
0.0442985
0.0447544
0.04525
0.0457907
0.0463833
0.0470357
0.0477574
0.0485602
0.0494585
0.0504702
0.0516182
0.0529317
0.054449
0.056221
0.0583175
0.0608367
0.0639217
0.0677901
0.0727917
0.0795303
0.0891534
0.104167
0.13136
0.197434
0.52657
0.0345739
0.0347021
0.0348206
0.0349316
0.0350359
0.0351342
0.0352273
0.0353157
0.0354
0.0354808
0.0355585
0.0356335
0.0357063
0.035777
0.0358461
0.0359138
0.0359804
0.0360461
0.0361112
0.0361757
0.03624
0.0363041
0.0363682
0.0364324
0.036497
0.036562
0.0366275
0.0366937
0.0367606
0.0368284
0.0368972
0.0369671
0.0370381
0.0371105
0.0371842
0.0372594
0.0373361
0.0374146
0.0374949
0.037577
0.0376612
0.0377476
0.0378362
0.0379272
0.0380207
0.038117
0.0382161
0.0383182
0.0384235
0.0385322
0.0386445
0.0387606
0.0388808
0.0390053
0.0391344
0.0392685
0.0394079
0.039553
0.0397041
0.0398619
0.0400267
0.0401992
0.04038
0.0405698
0.0407694
0.0409798
0.0412018
0.0414367
0.0416857
0.0419504
0.0422323
0.0425333
0.0428557
0.043202
0.043575
0.0439781
0.0444153
0.0448913
0.0454114
0.0459822
0.0466115
0.0473088
0.0480856
0.0489561
0.0499381
0.051054
0.0523326
0.0538117
0.0555414
0.0575906
0.060056
0.0630785
0.0668725
0.0717826
0.0784031
0.0878635
0.10263
0.12938
0.194379
0.518433
0.0347695
0.0348959
0.0350123
0.0351206
0.0352218
0.0353167
0.0354059
0.0354903
0.0355703
0.0356464
0.0357193
0.0357892
0.0358567
0.035922
0.0359856
0.0360477
0.0361085
0.0361684
0.0362276
0.0362862
0.0363445
0.0364026
0.0364608
0.0365191
0.0365777
0.0366368
0.0366964
0.0367567
0.0368178
0.0368799
0.0369429
0.0370071
0.0370725
0.0371392
0.0372074
0.037277
0.0373483
0.0374213
0.0374961
0.0375729
0.0376517
0.0377326
0.0378157
0.0379013
0.0379893
0.03808
0.0381735
0.0382699
0.0383695
0.0384723
0.0385786
0.0386886
0.0388025
0.0389205
0.039043
0.0391703
0.0393026
0.0394404
0.039584
0.0397339
0.0398905
0.0400545
0.0402265
0.0404071
0.0405971
0.0407974
0.0410089
0.0412329
0.0414704
0.0417231
0.0419924
0.0422803
0.0425888
0.0429205
0.0432783
0.0436653
0.0440856
0.0445437
0.0450449
0.0455957
0.0462038
0.0468785
0.0476312
0.0484758
0.04943
0.0505158
0.0517616
0.0532046
0.0548944
0.0568988
0.0593132
0.0622766
0.0660004
0.0708245
0.0773348
0.0866449
0.101185
0.127532
0.191559
0.510975
0.0349434
0.0350658
0.0351778
0.0352815
0.0353777
0.0354675
0.0355514
0.0356301
0.0357044
0.0357746
0.0358414
0.0359053
0.0359665
0.0360255
0.0360828
0.0361384
0.0361929
0.0362464
0.0362992
0.0363515
0.0364035
0.0364554
0.0365074
0.0365596
0.0366122
0.0366654
0.0367192
0.0367738
0.0368293
0.0368858
0.0369435
0.0370024
0.0370626
0.0371243
0.0371874
0.0372522
0.0373187
0.037387
0.0374572
0.0375294
0.0376036
0.03768
0.0377588
0.0378399
0.0379235
0.0380098
0.0380988
0.0381908
0.0382858
0.038384
0.0384856
0.0385908
0.0386998
0.0388129
0.0389302
0.039052
0.0391788
0.0393108
0.0394483
0.0395919
0.039742
0.0398991
0.0400638
0.0402368
0.0404189
0.0406108
0.0408136
0.0410282
0.041256
0.0414984
0.0417568
0.0420332
0.0423297
0.0426486
0.0429928
0.0433655
0.0437706
0.0442125
0.0446965
0.045229
0.0458175
0.0464712
0.0472013
0.0480216
0.0489494
0.0500064
0.0512207
0.0526289
0.0542798
0.0562405
0.0586048
0.0615101
0.0651649
0.0699048
0.0763081
0.0854741
0.0998012
0.12578
0.188936
0.504235
0.0350981
0.0352141
0.0353194
0.0354162
0.0355056
0.0355883
0.0356651
0.0357367
0.0358037
0.0358667
0.0359262
0.0359827
0.0360366
0.0360884
0.0361384
0.0361869
0.0362343
0.0362808
0.0363267
0.0363722
0.0364175
0.0364629
0.0365086
0.0365546
0.0366012
0.0366484
0.0366966
0.0367457
0.0367958
0.0368472
0.0368999
0.036954
0.0370096
0.0370667
0.0371256
0.0371862
0.0372487
0.0373131
0.0373796
0.0374482
0.0375189
0.0375919
0.0376673
0.0377452
0.0378256
0.0379087
0.0379946
0.0380834
0.0381753
0.0382703
0.0383687
0.0384706
0.0385762
0.0386857
0.0387994
0.0389175
0.0390403
0.0391681
0.0393012
0.0394402
0.0395854
0.0397373
0.0398965
0.0400637
0.0402395
0.0404248
0.0406205
0.0408277
0.0410475
0.0412813
0.0415306
0.0417973
0.0420834
0.0423913
0.0427236
0.0430837
0.0434753
0.0439026
0.0443711
0.0448868
0.0454572
0.0460913
0.0468002
0.0475973
0.0484996
0.0495286
0.0507118
0.0520852
0.053697
0.055613
0.0579258
0.0607707
0.0643533
0.0690047
0.0752958
0.0843122
0.0984237
0.124045
0.186406
0.49814
0.0352386
0.0353454
0.0354415
0.0355292
0.0356095
0.0356831
0.0357508
0.0358133
0.0358714
0.0359255
0.0359762
0.0360241
0.0360695
0.0361129
0.0361546
0.0361951
0.0362346
0.0362734
0.0363118
0.03635
0.0363883
0.0364269
0.0364659
0.0365056
0.0365461
0.0365875
0.0366301
0.0366739
0.036719
0.0367655
0.0368137
0.0368635
0.036915
0.0369684
0.0370236
0.0370809
0.0371403
0.0372018
0.0372655
0.0373315
0.0373998
0.0374706
0.0375439
0.0376198
0.0376984
0.0377797
0.0378638
0.037951
0.0380411
0.0381345
0.0382312
0.0383314
0.0384352
0.0385429
0.0386546
0.0387705
0.0388911
0.0390164
0.039147
0.039283
0.0394251
0.0395736
0.0397291
0.0398922
0.0400636
0.0402441
0.0404345
0.040636
0.0408496
0.0410767
0.0413187
0.0415775
0.041855
0.0421536
0.0424759
0.042825
0.0432047
0.0436192
0.0440736
0.044574
0.0451277
0.0457435
0.0464321
0.047207
0.0480845
0.0490858
0.0502378
0.0515758
0.0531469
0.0550157
0.057273
0.0600515
0.0635531
0.0681031
0.0742632
0.0831028
0.0969596
0.122172
0.183709
0.492447
0.0353671
0.035462
0.0355463
0.0356224
0.0356912
0.0357535
0.0358101
0.0358617
0.0359091
0.0359527
0.0359931
0.0360309
0.0360666
0.0361004
0.0361329
0.0361643
0.0361951
0.0362255
0.0362558
0.0362862
0.0363171
0.0363485
0.0363807
0.036414
0.0364483
0.036484
0.0365212
0.0365599
0.0366002
0.0366424
0.0366865
0.0367326
0.0367808
0.0368311
0.0368836
0.0369385
0.0369957
0.0370553
0.0371174
0.037182
0.0372492
0.037319
0.0373915
0.0374668
0.0375449
0.0376259
0.0377099
0.0377968
0.037887
0.0379803
0.038077
0.0381771
0.0382809
0.0383884
0.0384999
0.0386155
0.0387355
0.0388602
0.0389899
0.0391249
0.0392657
0.0394126
0.0395662
0.039727
0.0398958
0.0400733
0.0402603
0.0404579
0.0406671
0.0408892
0.0411257
0.0413784
0.0416491
0.0419401
0.042254
0.0425939
0.0429633
0.0433666
0.0438085
0.0442952
0.0448336
0.0454325
0.0461022
0.0468558
0.0477094
0.0486835
0.0498043
0.0511062
0.052635
0.0544536
0.0566501
0.0593537
0.0627606
0.067187
0.0731797
0.0817807
0.0952725
0.119866
0.180179
0.486481
0.0355798
0.0356461
0.0357026
0.0357519
0.0357948
0.0358321
0.0358645
0.0358929
0.0359178
0.0359398
0.0359594
0.0359772
0.0359937
0.0360092
0.0360241
0.0360389
0.0360538
0.0360691
0.0360852
0.0361022
0.0361205
0.0361402
0.0361616
0.0361848
0.0362099
0.0362372
0.0362667
0.0362985
0.0363329
0.0363698
0.0364093
0.0364516
0.0364966
0.0365444
0.0365952
0.0366488
0.0367054
0.0367649
0.0368275
0.0368931
0.0369617
0.0370333
0.0371081
0.0371859
0.0372669
0.037351
0.0374383
0.0375288
0.0376225
0.0377196
0.0378201
0.037924
0.0380315
0.0381427
0.0382577
0.0383768
0.0385
0.0386277
0.03876
0.0388974
0.0390401
0.0391886
0.0393433
0.0395048
0.0396738
0.0398508
0.0400368
0.0402327
0.0404396
0.0406587
0.0408914
0.0411394
0.0414046
0.0416891
0.0419956
0.042327
0.0426868
0.0430791
0.0435088
0.0439816
0.0445046
0.045086
0.0457361
0.0464675
0.047296
0.0482413
0.0493291
0.0505925
0.0520759
0.0538399
0.0559696
0.0585891
0.0618866
0.0661646
0.071944
0.0802136
0.0931286
0.116517
0.173317
0.45804
0.0358624
0.0358522
0.0358366
0.0358178
0.0357965
0.0357732
0.0357486
0.0357231
0.0356974
0.0356718
0.0356468
0.0356229
0.0356004
0.0355797
0.0355611
0.0355449
0.0355314
0.0355209
0.0355136
0.0355098
0.0355095
0.035513
0.0355204
0.0355319
0.0355475
0.0355675
0.0355917
0.0356204
0.0356535
0.0356911
0.0357332
0.0357798
0.0358309
0.0358865
0.0359465
0.0360109
0.0360797
0.0361527
0.03623
0.0363114
0.0363969
0.0364864
0.0365798
0.0366771
0.0367782
0.0368829
0.0369913
0.0371033
0.0372188
0.0373378
0.0374602
0.037586
0.0377152
0.037848
0.0379842
0.038124
0.0382674
0.0384147
0.0385659
0.0387214
0.0388813
0.0390461
0.039216
0.0393916
0.0395733
0.0397619
0.0399581
0.0401627
0.0403768
0.0406014
0.040838
0.0410881
0.0413536
0.0416365
0.0419394
0.0422651
0.0426171
0.0429993
0.0434164
0.0438743
0.0443796
0.0449407
0.0455675
0.0462725
0.0470711
0.0479829
0.0490329
0.050254
0.0516897
0.0533998
0.055468
0.0580163
0.06123
0.0654064
0.0710574
0.0791537
0.0918089
0.114732
0.170392
0.450348
0.0361498
0.0360309
0.0359142
0.0358014
0.0356927
0.0355884
0.0354885
0.0353935
0.0353035
0.0352187
0.0351395
0.035066
0.0349983
0.0349368
0.0348817
0.0348329
0.0347909
0.0347556
0.0347272
0.0347058
0.0346914
0.0346843
0.0346843
0.0346916
0.0347061
0.0347278
0.0347567
0.0347928
0.034836
0.0348861
0.0349432
0.035007
0.0350775
0.0351545
0.0352379
0.0353274
0.0354229
0.0355242
0.0356311
0.0357435
0.035861
0.0359835
0.0361107
0.0362425
0.0363786
0.0365189
0.0366631
0.036811
0.0369624
0.0371172
0.0372753
0.0374364
0.0376004
0.0377673
0.0379369
0.0381094
0.0382845
0.0384624
0.0386431
0.0388267
0.0390135
0.0392036
0.0393974
0.0395952
0.0397974
0.0400047
0.0402177
0.0404371
0.040664
0.0408993
0.0411444
0.0414008
0.0416703
0.0419548
0.0422569
0.0425792
0.0429252
0.0432989
0.0437048
0.0441485
0.0446369
0.045178
0.0457817
0.0464604
0.0472293
0.0481077
0.0491205
0.0503
0.0516895
0.0533478
0.0553579
0.0578401
0.0609774
0.0650633
0.0706025
0.078551
0.0909883
0.113523
0.168209
0.443905
0.0364755
0.0362177
0.0359734
0.0357432
0.0355268
0.0353237
0.0351336
0.0349562
0.0347914
0.0346391
0.034499
0.0343712
0.0342554
0.0341517
0.0340599
0.0339801
0.0339122
0.033856
0.0338115
0.0337787
0.0337574
0.0337476
0.0337491
0.0337617
0.0337853
0.0338198
0.0338649
0.0339203
0.033986
0.0340615
0.0341467
0.0342413
0.0343449
0.0344572
0.0345778
0.0347065
0.0348429
0.0349865
0.035137
0.0352941
0.0354574
0.0356263
0.0358007
0.03598
0.0361639
0.0363521
0.036544
0.0367395
0.0369382
0.0371397
0.0373437
0.0375499
0.0377582
0.0379682
0.0381797
0.0383926
0.0386068
0.0388221
0.0390386
0.0392562
0.0394749
0.039695
0.0399166
0.04014
0.0403656
0.0405938
0.0408252
0.0410606
0.0413007
0.0415466
0.0417996
0.042061
0.0423325
0.0426161
0.0429142
0.0432295
0.0435653
0.0439254
0.0443145
0.0447381
0.0452028
0.0457166
0.0462893
0.0469331
0.0476631
0.0484984
0.0494635
0.0505905
0.051922
0.0535165
0.0554557
0.0578588
0.0609067
0.0648893
0.0703051
0.0780977
0.0903167
0.112483
0.166301
0.438468
0.0368333
0.0364118
0.0360185
0.0356529
0.0353135
0.0349992
0.0347088
0.0344414
0.0341963
0.0339727
0.03377
0.0335876
0.0334251
0.0332819
0.0331576
0.033052
0.0329645
0.0328948
0.0328427
0.0328076
0.0327893
0.0327874
0.0328016
0.0328314
0.0328764
0.0329363
0.0330106
0.0330988
0.0332005
0.0333152
0.0334424
0.0335815
0.033732
0.0338934
0.0340651
0.0342465
0.034437
0.0346361
0.0348431
0.0350575
0.0352786
0.0355058
0.0357386
0.0359764
0.0362186
0.0364646
0.0367138
0.0369659
0.0372201
0.0374762
0.0377334
0.0379916
0.0382501
0.0385087
0.0387671
0.0390248
0.0392817
0.0395375
0.039792
0.0400453
0.0402972
0.0405477
0.040797
0.0410452
0.0412926
0.0415396
0.0417867
0.0420345
0.0422839
0.0425356
0.0427909
0.0430512
0.043318
0.0435933
0.0438794
0.0441789
0.044495
0.0448316
0.0451932
0.0455851
0.0460139
0.0464875
0.0470156
0.0476101
0.0482859
0.0490619
0.0499622
0.0510184
0.0522726
0.0537822
0.055628
0.0579274
0.0608584
0.0647067
0.0699629
0.0775552
0.0894981
0.111212
0.164001
0.432122
0.037235
0.0366336
0.0360781
0.0355666
0.0350965
0.0346653
0.0342712
0.0339123
0.033587
0.033294
0.0330318
0.0327995
0.0325959
0.03242
0.0322711
0.0321483
0.0320508
0.0319779
0.0319289
0.031903
0.0318996
0.0319179
0.0319574
0.0320173
0.0320968
0.0321954
0.0323122
0.0324465
0.0325975
0.0327645
0.0329467
0.0331432
0.0333533
0.0335762
0.0338109
0.0340566
0.0343126
0.0345779
0.0348517
0.0351332
0.0354215
0.0357158
0.0360153
0.0363192
0.0366266
0.0369369
0.0372494
0.0375631
0.0378776
0.038192
0.0385059
0.0388185
0.0391293
0.0394378
0.0397434
0.0400459
0.0403447
0.0406395
0.04093
0.0412161
0.0414975
0.0417742
0.0420462
0.0423136
0.0425765
0.0428353
0.0430903
0.0433422
0.0435916
0.0438393
0.0440866
0.0443346
0.044585
0.0448395
0.0451005
0.0453705
0.0456527
0.0459508
0.0462691
0.0466131
0.0469892
0.047405
0.0478701
0.0483963
0.0489981
0.049694
0.0505078
0.0514705
0.0526232
0.0540223
0.055747
0.0579123
0.0606928
0.0643685
0.0694193
0.0767526
0.0883366
0.109461
0.160909
0.423191
0.0377305
0.0369413
0.0362184
0.0355581
0.0349563
0.0344093
0.033914
0.0334676
0.0330674
0.0327113
0.0323972
0.0321233
0.0318878
0.0316892
0.031526
0.031397
0.0313009
0.0312365
0.0312026
0.0311981
0.031222
0.0312731
0.0313503
0.0314527
0.0315792
0.0317286
0.0318999
0.032092
0.0323039
0.0325343
0.0327822
0.0330465
0.033326
0.0336196
0.0339262
0.0342445
0.0345736
0.0349122
0.0352593
0.0356137
0.0359745
0.0363404
0.0367105
0.0370837
0.0374591
0.0378356
0.0382123
0.0385883
0.0389628
0.0393347
0.0397035
0.0400682
0.0404282
0.0407828
0.0411314
0.0414733
0.0418081
0.0421353
0.0424544
0.0427652
0.0430674
0.0433607
0.0436452
0.0439207
0.0441874
0.0444455
0.0446953
0.0449374
0.0451724
0.045401
0.0456244
0.0458438
0.0460607
0.0462769
0.0464947
0.0467165
0.0469457
0.0471856
0.0474406
0.047716
0.0480181
0.0483545
0.0487346
0.0491697
0.0496742
0.0502662
0.0509688
0.0518123
0.0528369
0.0540974
0.0556709
0.0576694
0.0602629
0.0637236
0.0685191
0.0755335
0.0866819
0.107108
0.156993
0.411507
0.0384462
0.0374676
0.0365772
0.0357698
0.0350397
0.0343818
0.0337915
0.0332648
0.0327979
0.0323877
0.0320312
0.0317257
0.0314687
0.0312582
0.0310919
0.0309679
0.0308845
0.0308399
0.0308324
0.0308605
0.0309226
0.0310172
0.0311427
0.0312977
0.0314807
0.0316903
0.0319248
0.032183
0.0324633
0.0327642
0.0330843
0.033422
0.033776
0.0341448
0.0345269
0.0349209
0.0353254
0.035739
0.0361602
0.0365879
0.0370206
0.037457
0.0378958
0.0383357
0.0387756
0.0392143
0.0396505
0.0400833
0.0405114
0.040934
0.04135
0.0417585
0.0421586
0.0425495
0.0429304
0.0433006
0.0436595
0.0440064
0.0443409
0.0446625
0.0449708
0.0452654
0.045546
0.0458127
0.0460655
0.0463045
0.0465301
0.0467427
0.0469429
0.0471315
0.0473095
0.0474782
0.0476391
0.0477938
0.0479447
0.0480942
0.0482454
0.0484018
0.0485679
0.0487486
0.0489502
0.0491802
0.0494476
0.0497635
0.0501419
0.0506002
0.0511607
0.0518527
0.0527148
0.0537999
0.0551819
0.0569684
0.0593227
0.062506
0.0669673
0.0735547
0.0841045
0.103545
0.151193
0.39455
0.0396064
0.0384395
0.0373831
0.0364302
0.0355744
0.0348096
0.0341295
0.0335288
0.0330024
0.0325459
0.0321553
0.031827
0.0315576
0.0313442
0.0311839
0.031074
0.0310122
0.030996
0.0310232
0.0310918
0.0311994
0.0313442
0.0315242
0.0317373
0.0319816
0.0322553
0.0325563
0.0328829
0.0332332
0.0336052
0.0339973
0.0344075
0.0348341
0.0352753
0.0357294
0.0361947
0.0366695
0.0371522
0.0376412
0.0381349
0.0386317
0.0391303
0.0396287
0.0401254
0.040619
0.0411082
0.0415918
0.0420683
0.0425366
0.0429955
0.0434439
0.0438806
0.0443047
0.0447151
0.0451109
0.0454913
0.0458553
0.0462024
0.0465319
0.0468431
0.0471357
0.0474092
0.0476633
0.047898
0.0481131
0.0483089
0.0484855
0.0486434
0.0487832
0.0489056
0.0490117
0.0491027
0.0491801
0.0492457
0.0493017
0.0493506
0.0493955
0.04944
0.0494883
0.0495455
0.0496176
0.049712
0.0498373
0.0500045
0.0502267
0.0505208
0.0509081
0.0514163
0.0520821
0.0529556
0.0541067
0.0556369
0.0577004
0.0605434
0.064589
0.0706362
0.0804141
0.0985598
0.143229
0.371633
0.0415325
0.0401768
0.0389539
0.0378553
0.0368728
0.0360003
0.0352312
0.0345584
0.0339753
0.0334762
0.0330558
0.0327093
0.0324323
0.0322208
0.0320711
0.0319797
0.0319433
0.0319589
0.0320235
0.0321343
0.0322886
0.0324837
0.0327171
0.0329863
0.0332889
0.0336225
0.0339847
0.0343732
0.0347858
0.0352204
0.0356746
0.0361465
0.0366339
0.0371348
0.0376472
0.0381692
0.0386989
0.0392343
0.0397737
0.0403153
0.0408573
0.041398
0.0419357
0.0424688
0.0429957
0.0435148
0.0440247
0.0445238
0.0450109
0.0454844
0.045943
0.0463855
0.0468107
0.0472174
0.0476044
0.0479709
0.0483157
0.048638
0.0489371
0.0492123
0.0494629
0.0496886
0.0498889
0.0500637
0.0502129
0.0503366
0.050435
0.0505086
0.050558
0.0505839
0.0505876
0.0505702
0.0505333
0.0504789
0.0504092
0.0503268
0.0502349
0.050137
0.0500375
0.0499414
0.0498546
0.0497843
0.0497389
0.0497288
0.0497668
0.0498686
0.0500544
0.0503501
0.0507901
0.0514209
0.0523072
0.0535433
0.0552712
0.0577184
0.0612752
0.0666777
0.0755183
0.0920637
0.132995
0.342455
0.0444451
0.0429224
0.0415515
0.0403227
0.0392274
0.0382576
0.0374083
0.0366709
0.0360375
0.0355009
0.0350546
0.0346927
0.0344097
0.0342006
0.0340606
0.0339853
0.0339708
0.034013
0.0341083
0.0342533
0.0344445
0.0346787
0.0349529
0.035264
0.0356092
0.0359857
0.0363907
0.0368215
0.0372758
0.0377509
0.0382445
0.0387542
0.0392777
0.0398129
0.0403576
0.0409097
0.0414671
0.0420279
0.04259
0.0431517
0.043711
0.0442661
0.0448151
0.0453564
0.0458881
0.0464086
0.0469162
0.0474093
0.0478861
0.0483453
0.0487851
0.0492043
0.0496013
0.0499748
0.0503234
0.0506461
0.0509415
0.0512088
0.051447
0.0516552
0.0518328
0.0519792
0.052094
0.052177
0.052228
0.0522472
0.0522349
0.0521915
0.0521177
0.0520145
0.0518831
0.051725
0.0515418
0.0513357
0.0511091
0.0508647
0.0506059
0.0503364
0.0500606
0.0497835
0.0495111
0.0492504
0.0490095
0.0487985
0.0486293
0.0485168
0.0484798
0.0485421
0.0487351
0.0491012
0.0496994
0.0506146
0.0519752
0.053986
0.0569979
0.0616725
0.069439
0.0841234
0.120654
0.307665
0.048697
0.0470377
0.0455439
0.0442058
0.0430141
0.0419612
0.0410412
0.0402454
0.039565
0.0389916
0.0385177
0.0381362
0.0378406
0.037625
0.0374836
0.0374112
0.037403
0.0374543
0.0375606
0.037718
0.0379224
0.0381701
0.0384577
0.0387816
0.0391386
0.0395257
0.0399399
0.0403784
0.0408384
0.0413173
0.0418126
0.0423218
0.0428428
0.0433731
0.0439106
0.0444532
0.0449988
0.0455454
0.0460909
0.0466335
0.0471711
0.047702
0.0482241
0.0487357
0.0492348
0.0497196
0.0501883
0.050639
0.0510699
0.0514793
0.0518653
0.0522263
0.0525606
0.0528667
0.0531429
0.0533879
0.0536002
0.0537787
0.0539223
0.0540299
0.0541009
0.0541344
0.0541301
0.0540877
0.0540072
0.0538886
0.0537324
0.0535391
0.0533097
0.0530453
0.0527474
0.0524176
0.0520579
0.0516708
0.0512588
0.0508253
0.0503735
0.0499077
0.0494322
0.0489524
0.0484742
0.0480044
0.0475512
0.0471239
0.0467339
0.046395
0.0461242
0.0459433
0.0458805
0.0459733
0.0462741
0.0468575
0.0478364
0.0493899
0.0518248
0.0557182
0.0623157
0.0749466
0.106567
0.268422
0.0547468
0.0529836
0.0513936
0.0499666
0.0486943
0.0475693
0.0465862
0.0457338
0.0450027
0.0443838
0.0438689
0.0434501
0.0431202
0.0428726
0.0427008
0.042599
0.0425617
0.0425837
0.0426602
0.0427866
0.0429588
0.0431726
0.0434243
0.0437103
0.0440273
0.0443721
0.0447417
0.0451333
0.0455442
0.0459718
0.0464136
0.0468675
0.047331
0.047802
0.0482786
0.0487585
0.0492399
0.0497207
0.0501991
0.050673
0.0511406
0.0515999
0.0520489
0.0524858
0.0529084
0.0533147
0.0537028
0.0540705
0.0544159
0.0547368
0.0550312
0.0552971
0.0555325
0.0557355
0.0559043
0.056037
0.0561322
0.0561882
0.0562038
0.0561779
0.0561094
0.0559976
0.0558421
0.0556425
0.0553989
0.0551115
0.054781
0.0544081
0.053994
0.0535402
0.0530484
0.0525208
0.0519597
0.0513681
0.050749
0.0501059
0.0494428
0.0487641
0.0480745
0.0473796
0.0466854
0.0459987
0.0453274
0.0446804
0.0440685
0.043504
0.0430026
0.0425832
0.0422707
0.0420977
0.0421089
0.0423683
0.0429716
0.0440708
0.0459251
0.0490215
0.0544097
0.0648896
0.0913236
0.226584
0.0632058
0.0613579
0.059684
0.0581749
0.0568232
0.0556235
0.0545647
0.0536358
0.0528268
0.0521286
0.0515327
0.051031
0.050616
0.0502808
0.050019
0.0498244
0.0496916
0.0496153
0.0495906
0.049613
0.0496783
0.0497827
0.0499224
0.050094
0.0502945
0.0505208
0.0507702
0.05104
0.0513279
0.0516315
0.0519485
0.052277
0.0526149
0.0529602
0.0533111
0.0536657
0.0540221
0.0543784
0.0547329
0.0550835
0.0554284
0.0557656
0.056093
0.0564084
0.0567097
0.0569947
0.0572609
0.0575061
0.0577278
0.0579235
0.0580908
0.0582272
0.0583304
0.0583979
0.0584275
0.0584171
0.0583646
0.0582683
0.0581266
0.057938
0.0577016
0.0574165
0.0570821
0.0566984
0.0562654
0.0557836
0.055254
0.0546776
0.0540562
0.0533916
0.0526862
0.0519425
0.0511638
0.0503532
0.0495146
0.048652
0.0477699
0.0468732
0.0459671
0.0450572
0.04415
0.0432521
0.0423712
0.0415158
0.0406957
0.0399221
0.0392087
0.038572
0.0380328
0.0376186
0.0373664
0.0373289
0.0375844
0.0382568
0.039557
0.0418804
0.046078
0.0544148
0.0756473
0.184306
0.0748646
0.0729014
0.0711068
0.0694728
0.0679934
0.066665
0.0654678
0.0643916
0.0634272
0.0625658
0.0617995
0.0611207
0.0605226
0.0599988
0.0595434
0.0591509
0.0588163
0.058535
0.0583025
0.058115
0.0579688
0.0578603
0.0577866
0.0577446
0.0577317
0.0577453
0.057783
0.0578426
0.057922
0.0580193
0.0581326
0.0582599
0.0583997
0.05855
0.0587092
0.0588756
0.0590473
0.0592226
0.0593997
0.0595765
0.059751
0.059921
0.0600843
0.0602384
0.0603808
0.0605089
0.0606198
0.0607107
0.0607786
0.0608205
0.0608332
0.0608138
0.0607593
0.0606666
0.0605329
0.0603557
0.0601325
0.0598611
0.0595395
0.0591663
0.0587402
0.0582604
0.0577265
0.0571385
0.0564969
0.0558025
0.0550566
0.0542612
0.0534183
0.0525307
0.0516013
0.0506336
0.0496314
0.0485989
0.0475404
0.0464609
0.0453653
0.0442592
0.0431482
0.0420384
0.0409361
0.039848
0.0387816
0.0377448
0.0367462
0.035796
0.0349054
0.0340884
0.0333619
0.0327478
0.0322755
0.0319863
0.0319414
0.0322374
0.0330382
0.034651
0.037736
0.0440468
0.0603407
0.143894
0.0905394
0.0883263
0.0862745
0.0843772
0.0826304
0.0810189
0.0795266
0.0781446
0.0768651
0.0756807
0.0745847
0.073571
0.0726339
0.0717683
0.0709693
0.0702325
0.0695539
0.0689298
0.0683566
0.0678311
0.0673504
0.0669116
0.0665123
0.0661499
0.0658222
0.0655271
0.0652625
0.0650265
0.0648172
0.0646329
0.0644719
0.0643325
0.0642129
0.0641114
0.0640264
0.063956
0.0638984
0.0638517
0.0638137
0.0637822
0.0637548
0.0637291
0.0637022
0.0636713
0.0636331
0.0635844
0.0635216
0.0634412
0.0633393
0.0632121
0.0630558
0.0628663
0.06264
0.0623732
0.0620623
0.0617043
0.061296
0.0608351
0.0603193
0.059747
0.059117
0.0584287
0.0576819
0.0568772
0.0560154
0.0550983
0.0541278
0.0531066
0.0520379
0.0509251
0.0497725
0.0485842
0.0473652
0.0461205
0.0448554
0.0435756
0.0422868
0.0409949
0.0397061
0.0384266
0.0371629
0.0359215
0.0347092
0.0335331
0.032401
0.031321
0.0303024
0.0293561
0.028495
0.0277357
0.0270999
0.0266182
0.0263358
0.0263238
0.026703
0.0277001
0.0298024
0.034303
0.0461736
0.107427
0.11046
0.107713
0.105127
0.102695
0.100412
0.0982528
0.0962099
0.0942768
0.0924474
0.0907163
0.0890782
0.0875284
0.0860625
0.0846764
0.0833662
0.0821283
0.0809594
0.0798564
0.0788161
0.0778359
0.0769129
0.0760447
0.0752289
0.074463
0.0737449
0.0730724
0.0724435
0.0718561
0.0713082
0.070798
0.0703235
0.0698827
0.0694738
0.0690948
0.0687435
0.068418
0.0681159
0.0678347
0.0675721
0.0673251
0.0670908
0.066866
0.0666471
0.0664303
0.0662117
0.0659869
0.0657515
0.0655007
0.0652297
0.0649335
0.0646074
0.0642463
0.0638457
0.063401
0.0629082
0.0623634
0.0617633
0.0611053
0.0603872
0.0596074
0.0587652
0.0578604
0.0568936
0.055866
0.0547797
0.0536372
0.0524418
0.0511973
0.0499081
0.048579
0.0472152
0.0458223
0.0444062
0.0429729
0.0415288
0.0400801
0.0386331
0.0371943
0.0357699
0.0343663
0.0329894
0.0316455
0.0303405
0.0290804
0.0278713
0.0267197
0.0256322
0.0246167
0.0236821
0.0228396
0.0221042
0.0214965
0.0210475
0.0208059
0.0208555
0.0213539
0.0226415
0.0256227
0.0337751
0.076453
0.133131
0.129467
0.125988
0.122684
0.119534
0.116528
0.113662
0.110929
0.108324
0.105842
0.103478
0.101228
0.0990858
0.0970486
0.0951119
0.0932716
0.0915241
0.0898657
0.0882929
0.0868024
0.085391
0.0840555
0.0827929
0.0816004
0.0804751
0.0794143
0.0784154
0.0774756
0.0765926
0.0757637
0.0749865
0.0742584
0.0735768
0.0729393
0.0723431
0.0717853
0.0712631
0.0707732
0.0703122
0.0698765
0.0694622
0.0690648
0.0686799
0.0683024
0.067927
0.0675483
0.0671602
0.0667569
0.0663322
0.06588
0.0653941
0.0648689
0.0642986
0.0636783
0.0630033
0.0622696
0.061474
0.0606141
0.0596881
0.0586952
0.0576356
0.0565102
0.0553208
0.0540701
0.0527616
0.0513992
0.049988
0.0485332
0.0470407
0.0455168
0.0439681
0.0424013
0.0408233
0.0392412
0.0376618
0.0360919
0.0345382
0.033007
0.0315043
0.030036
0.0286074
0.0272237
0.0258895
0.0246093
0.0233873
0.0222276
0.0211345
0.0201123
0.0191663
0.0183029
0.0175307
0.0168623
0.0163164
0.015924
0.0157386
0.0158632
0.0165214
0.0183117
0.0235439
0.0517508
0.154303
0.149463
0.144861
0.140479
0.136301
0.13232
0.128527
0.124915
0.121477
0.118205
0.115094
0.112135
0.109324
0.106653
0.104117
0.101711
0.0994288
0.0972655
0.0952162
0.093276
0.0914406
0.0897054
0.0880662
0.0865191
0.08506
0.0836852
0.082391
0.0811739
0.0800304
0.078957
0.0779505
0.0770074
0.0761244
0.075298
0.0745246
0.0738006
0.073122
0.0724847
0.0718842
0.0713157
0.070774
0.0702534
0.069748
0.0692513
0.0687565
0.0682565
0.067744
0.0672115
0.0666517
0.0660573
0.0654212
0.064737
0.0639987
0.0632012
0.0623399
0.0614114
0.0604133
0.0593441
0.0582035
0.0569922
0.055712
0.0543657
0.052957
0.0514905
0.0499717
0.0484066
0.0468019
0.0451646
0.0435021
0.0418221
0.0401324
0.0384405
0.0367542
0.0350809
0.0334275
0.0318007
0.0302069
0.0286517
0.0271403
0.0256773
0.0242668
0.0229122
0.0216164
0.020382
0.0192108
0.0181045
0.0170646
0.0160925
0.0151898
0.0143589
0.0136033
0.0129286
0.0123445
0.0118678
0.0115291
0.0113891
0.0115824
0.0124741
0.0154816
0.0325844
0.167546
0.161731
0.156216
0.150982
0.146016
0.141303
0.136831
0.132589
0.128565
0.124749
0.12113
0.117701
0.114451
0.111372
0.108457
0.105697
0.103086
0.100617
0.0982835
0.0960792
0.0939984
0.0920357
0.0901856
0.0884433
0.086804
0.0852629
0.0838156
0.0824579
0.0811856
0.0799945
0.0788805
0.0778397
0.0768677
0.0759603
0.0751132
0.0743214
0.0735801
0.0728838
0.0722265
0.0716021
0.0710035
0.0704236
0.0698544
0.0692878
0.0687152
0.068128
0.0675174
0.0668748
0.066192
0.0654612
0.0646753
0.063828
0.0629141
0.0619294
0.0608709
0.0597368
0.0585266
0.0572412
0.0558825
0.0544537
0.0529593
0.0514044
0.0497951
0.0481385
0.0464421
0.0447138
0.0429619
0.041195
0.0394216
0.0376501
0.0358888
0.0341455
0.0324278
0.0307425
0.029096
0.027494
0.0259415
0.0244428
0.0230014
0.0216201
0.0203011
0.0190457
0.0178548
0.0167287
0.015667
0.0146691
0.0137342
0.0128611
0.0120489
0.0112968
0.0106045
0.00997299
0.00940503
0.00890704
0.00849241
0.00818938
0.00806297
0.00829245
0.00958353
0.0179792
)
;

boundaryField
{
    jetInlet
    {
        type            fixedValue;
        value           uniform 0.001;
    }
    returnOutlet
    {
        type            inletOutlet;
        inletValue      uniform 0.001;
        value           nonuniform List<scalar> 
35
(
3.15142
1.70456
1.65064
1.82595
2.09472
2.41074
2.74269
3.0634
3.3498
3.58529
3.76086
3.86514
0.001
0.001
0.001
0.001
0.001
0.001
0.001
0.001
0.001
0.001
0.001
0.001
0.001
0.001
0.162703
0.187265
0.158055
0.076456
0.0561685
0.0924176
0.174351
0.273389
0.342247
)
;
    }
    flatBed
    {
        type            epsilonWallFunction;
        blending        stepwise;
        value           nonuniform List<scalar> 
100
(
3.15142
3.22481
3.29388
3.35793
3.41618
3.46792
3.51263
3.55038
3.58086
3.5911
3.5785
3.54155
3.47971
3.39341
3.28395
3.15337
3.00433
2.83997
2.66376
2.47934
2.29042
2.10057
1.91319
1.73129
1.55748
1.3938
1.24174
1.10222
0.975633
0.861879
0.760503
0.670772
0.59178
0.52253
0.462006
0.409222
0.363249
0.323241
0.288433
0.258146
0.231781
0.208811
0.188778
0.17128
0.155973
0.14256
0.130787
0.120439
0.111336
0.103328
0.0962916
0.0901233
0.0847381
0.0800646
0.0760409
0.0726123
0.0697285
0.0673426
0.0654098
0.063888
0.0627372
0.0619204
0.0614036
0.0611565
0.0611519
0.061366
0.0617783
0.0623664
0.0630815
0.0639102
0.0648413
0.0658658
0.0669773
0.0681726
0.069452
0.0708212
0.072281
0.0737926
0.0753408
0.0769128
0.0784953
0.0800739
0.0816328
0.083154
0.0846165
0.0859962
0.0872648
0.0883883
0.0893263
0.0900299
0.0904396
0.0904825
0.0900686
0.089087
0.0874019
0.0848469
0.0812116
0.0762676
0.0701193
0.0650861
)
;
    }
    slope
    {
        type            epsilonWallFunction;
        blending        stepwise;
        value           nonuniform List<scalar> 
50
(
1.1215
0.568782
0.475264
0.492946
0.516697
0.533481
0.55234
0.565216
0.578141
0.586797
0.59436
0.59889
0.601881
0.602716
0.601806
0.592442
0.587419
0.580048
0.572095
0.563083
0.553851
0.54445
0.535311
0.52657
0.518433
0.510975
0.504235
0.49814
0.492447
0.486481
0.45804
0.450348
0.443905
0.438468
0.432122
0.423191
0.411507
0.39455
0.371633
0.342455
0.307665
0.268422
0.226584
0.184306
0.143894
0.107427
0.076453
0.0517508
0.0325844
0.0179792
)
;
    }
    top
    {
        type            symmetryPlane;
    }
    frontAndBack
    {
        type            empty;
    }
    defaultFaces
    {
        type            empty;
    }
}


// ************************************************************************* //
