/*--------------------------------*- C++ -*----------------------------------*\
| =========                 |                                                 |
| \\      /  F ield         | OpenFOAM: The Open Source CFD Toolbox           |
|  \\    /   O peration     | Version:  2206                                  |
|   \\  /    A nd           | Website:  www.openfoam.com                      |
|    \\/     M anipulation  |                                                 |
\*---------------------------------------------------------------------------*/
FoamFile
{
    version     2.0;
    format      ascii;
    arch        "LSB;label=32;scalar=64";
    class       volScalarField;
    location    "1500";
    object      k;
}
// * * * * * * * * * * * * * * * * * * * * * * * * * * * * * * * * * * * * * //

dimensions      [0 2 -2 0 0 0 0];

internalField   nonuniform List<scalar> 
10000
(
0.291354
0.295861
0.300071
0.303949
0.307455
0.310552
0.313216
0.315456
0.31726
0.317866
0.317122
0.314936
0.311261
0.306094
0.299477
0.291486
0.282229
0.271841
0.260478
0.248314
0.235535
0.222335
0.20891
0.195451
0.182141
0.169147
0.156611
0.144651
0.133353
0.122776
0.112951
0.103883
0.0955595
0.0879522
0.0810234
0.0747292
0.069023
0.0638578
0.0591878
0.0549691
0.0511602
0.0477223
0.0446195
0.0418184
0.0392887
0.0370031
0.0349371
0.0330695
0.0313819
0.0298589
0.0284877
0.027258
0.0261614
0.0251906
0.0243396
0.0236025
0.0229735
0.0224465
0.022015
0.0216722
0.0214111
0.0212249
0.0211066
0.0210499
0.0210488
0.0210978
0.0211922
0.0213264
0.0214891
0.0216769
0.0218869
0.0221168
0.0223649
0.0226302
0.0229124
0.0232126
0.0235305
0.0238575
0.02419
0.0245254
0.0248607
0.0251929
0.0255189
0.0258351
0.0261372
0.0264207
0.02668
0.0269087
0.0270989
0.0272412
0.027324
0.0273328
0.0272496
0.0270514
0.0267093
0.0261862
0.0254325
0.0243889
0.0230585
0.0219378
0.564082
0.571892
0.579614
0.587013
0.593996
0.600482
0.606297
0.611206
0.615023
0.617211
0.617342
0.615125
0.610351
0.602894
0.592715
0.579853
0.564422
0.546598
0.526612
0.504741
0.481299
0.456631
0.4311
0.405079
0.378942
0.353042
0.327705
0.303216
0.279806
0.257649
0.236866
0.217519
0.199626
0.183169
0.168099
0.154351
0.141846
0.1305
0.120231
0.110954
0.102589
0.0950591
0.0882913
0.082216
0.0767678
0.0718854
0.0675123
0.0635967
0.060092
0.0569572
0.0541565
0.0516596
0.0494409
0.0474794
0.0457572
0.044259
0.042971
0.0418804
0.0409744
0.0402399
0.0396637
0.0392323
0.0389324
0.038751
0.0386758
0.0386954
0.0387993
0.0389707
0.0392055
0.0394972
0.0398397
0.0402276
0.0406561
0.041121
0.0416186
0.0421455
0.0427008
0.0432835
0.0438856
0.0445029
0.0451313
0.0457668
0.046405
0.0470407
0.0476681
0.0482802
0.0488686
0.0494226
0.0499294
0.0503722
0.0507297
0.0509739
0.0510674
0.0509593
0.0505768
0.0498153
0.0485263
0.0464877
0.0432732
0.0380609
0.753643
0.761438
0.769737
0.778026
0.786116
0.793939
0.801304
0.807911
0.81339
0.817225
0.818701
0.817339
0.812785
0.804811
0.793315
0.778307
0.7599
0.73829
0.713744
0.686584
0.657179
0.625937
0.593292
0.559702
0.525633
0.491543
0.457868
0.425005
0.393294
0.363009
0.334351
0.307452
0.282377
0.259138
0.237704
0.218013
0.199984
0.183526
0.168543
0.15494
0.142623
0.131503
0.12149
0.1125
0.104451
0.0972608
0.0908532
0.0851535
0.0800918
0.0756031
0.0716284
0.0681149
0.0650163
0.0622926
0.0599096
0.0578379
0.0560524
0.0545306
0.0532522
0.052198
0.0513498
0.0506896
0.0502
0.0498641
0.0496658
0.0495899
0.0496214
0.0497432
0.0499473
0.0502249
0.050568
0.0509694
0.0514229
0.0519228
0.0524642
0.0530424
0.0536531
0.054298
0.0549689
0.0556601
0.0563663
0.0570825
0.0578032
0.0585221
0.0592317
0.059923
0.0605849
0.0612031
0.0617598
0.0622317
0.0625883
0.062789
0.0627795
0.0624853
0.0618033
0.0605913
0.0586589
0.0557442
0.0514404
0.045242
0.913249
0.92085
0.929546
0.938813
0.948391
0.958172
0.967894
0.97714
0.985389
0.992001
0.995977
0.996629
0.993454
0.986135
0.974527
0.958639
0.938603
0.914652
0.887091
0.856278
0.822616
0.786542
0.748522
0.709052
0.668648
0.627833
0.587125
0.547013
0.507938
0.470273
0.434312
0.400265
0.368263
0.338365
0.310572
0.284841
0.261101
0.239266
0.219241
0.200933
0.184248
0.169098
0.155396
0.143054
0.131987
0.122104
0.113317
0.105532
0.0986601
0.0926103
0.0872973
0.0826412
0.0785689
0.0750154
0.0719237
0.0692445
0.0669357
0.0649612
0.0632895
0.061893
0.0607466
0.0598274
0.0591138
0.0585855
0.0582233
0.0580096
0.0579226
0.0579483
0.0580744
0.0582902
0.0585859
0.0589528
0.0593831
0.0598702
0.0604077
0.0609901
0.0616123
0.0622713
0.0629649
0.0636846
0.0644238
0.0651765
0.065936
0.0666948
0.0674439
0.0681725
0.0688671
0.0695109
0.0700822
0.0705533
0.0708883
0.0710401
0.0709471
0.0705278
0.0696746
0.0682475
0.0660707
0.0629195
0.0584634
0.0523288
1.05981
1.0676
1.07704
1.08784
1.09973
1.11252
1.1258
1.13895
1.15121
1.16176
1.16928
1.17286
1.17185
1.16586
1.15474
1.13856
1.11749
1.09186
1.06202
1.02839
0.991398
0.951489
0.909135
0.864829
0.819094
0.772481
0.725553
0.678868
0.632951
0.588274
0.545226
0.504107
0.465125
0.428398
0.393973
0.361838
0.331941
0.304205
0.278548
0.254884
0.233132
0.213218
0.195068
0.178611
0.163774
0.150477
0.138632
0.128143
0.118907
0.110815
0.103753
0.0976113
0.0922842
0.0876736
0.0836911
0.0802594
0.0773115
0.0747906
0.0726485
0.0708441
0.0693421
0.0681119
0.0671258
0.0663591
0.0657891
0.0653948
0.0651514
0.0650428
0.0650548
0.0651745
0.0653905
0.0656924
0.0660711
0.0665184
0.0670268
0.0675896
0.0682007
0.0688541
0.0695498
0.0702785
0.0710324
0.071804
0.0725855
0.073368
0.0741415
0.0748934
0.0756087
0.0762685
0.0768491
0.0773206
0.0776448
0.0777734
0.0776444
0.0771793
0.0762781
0.0748164
0.0726436
0.0695735
0.065345
0.0596811
1.19535
1.20387
1.21463
1.2277
1.24292
1.25993
1.2781
1.2965
1.31405
1.32958
1.3415
1.34862
1.35017
1.34577
1.33531
1.31896
1.29704
1.26997
1.23823
1.2023
1.16265
1.11973
1.07399
1.02588
0.975879
0.924522
0.872369
0.820008
0.768025
0.71697
0.667326
0.619485
0.573737
0.530274
0.489196
0.450529
0.414247
0.38029
0.348587
0.319066
0.291663
0.266323
0.242999
0.221647
0.202225
0.184682
0.168958
0.154974
0.142635
0.131827
0.122422
0.114283
0.10727
0.101247
0.0960847
0.0916689
0.0878976
0.0846838
0.0819539
0.0796467
0.0777109
0.0761035
0.0747877
0.073732
0.0729082
0.0722916
0.0718534
0.0715752
0.0714404
0.0714342
0.0715431
0.0717551
0.0720595
0.0724464
0.0729071
0.0734334
0.074018
0.0746537
0.0753372
0.0760626
0.0768199
0.0776001
0.0783943
0.0791923
0.0799829
0.0807526
0.081485
0.0821602
0.0827537
0.083235
0.0835661
0.0836998
0.0835774
0.0831257
0.0822544
0.0808533
0.0787898
0.0759018
0.0719667
0.0667391
1.31646
1.32642
1.33931
1.35569
1.37556
1.39831
1.42291
1.44803
1.47218
1.49366
1.51057
1.52152
1.52569
1.52273
1.51271
1.49597
1.47302
1.44448
1.41098
1.37309
1.33134
1.28618
1.23803
1.18725
1.13425
1.07947
1.0234
0.966625
0.909739
0.853348
0.798011
0.744203
0.692303
0.64258
0.595197
0.550229
0.507679
0.467506
0.429655
0.394068
0.360698
0.329513
0.300493
0.273628
0.248918
0.226358
0.205934
0.187611
0.171332
0.157006
0.144514
0.13371
0.124431
0.116504
0.109757
0.104029
0.0991721
0.0950579
0.0915768
0.0886375
0.0861646
0.0840964
0.082382
0.0809789
0.0798513
0.0789676
0.078295
0.0778115
0.077498
0.077337
0.0773131
0.0774123
0.0776218
0.0779302
0.0783269
0.0788025
0.0793481
0.0799553
0.0806165
0.0813293
0.0820819
0.0828638
0.0836648
0.0844737
0.0852782
0.086064
0.0868141
0.0875081
0.0881213
0.0886238
0.0889787
0.0891412
0.0890561
0.0886561
0.0878594
0.0865668
0.0846595
0.0819943
0.0783826
0.0736202
1.41731
1.42962
1.44589
1.46719
1.49361
1.52407
1.55697
1.59046
1.62252
1.65068
1.67283
1.68744
1.69377
1.69166
1.68145
1.66376
1.63936
1.60911
1.57382
1.5342
1.49087
1.44427
1.39476
1.34261
1.28807
1.23145
1.17313
1.11358
1.05337
0.993118
0.933425
0.874841
0.817823
0.762722
0.709775
0.65911
0.610765
0.564727
0.520957
0.479416
0.440077
0.402926
0.367971
0.335236
0.304762
0.276597
0.250785
0.227356
0.206313
0.187624
0.171211
0.156953
0.14469
0.134228
0.125361
0.117878
0.111577
0.106278
0.101822
0.0980759
0.094929
0.0922921
0.0900927
0.0882724
0.0867835
0.0855818
0.0846313
0.0839049
0.0833795
0.0830347
0.0828523
0.0828159
0.0829106
0.0831231
0.0834408
0.0838524
0.0843474
0.0849157
0.0855478
0.08624
0.0869813
0.0877597
0.0885635
0.0893806
0.0901978
0.0910001
0.0917701
0.0924874
0.0931276
0.0936616
0.0940541
0.0942626
0.0942357
0.0939114
0.0932146
0.0920553
0.0903264
0.0879002
0.0846146
0.0802915
1.49082
1.50689
1.52859
1.55743
1.5933
1.63418
1.67763
1.72115
1.76212
1.7971
1.82393
1.84122
1.84851
1.84606
1.83458
1.81505
1.78858
1.75626
1.71913
1.67804
1.63368
1.58651
1.53682
1.48476
1.43039
1.37382
1.31523
1.25495
1.19342
1.13122
1.06896
1.00724
0.946565
0.887383
0.83001
0.77463
0.721324
0.670108
0.620971
0.573901
0.528895
0.485961
0.44513
0.406458
0.370025
0.335928
0.30427
0.27515
0.248651
0.224819
0.203655
0.1851
0.169036
0.155286
0.143628
0.133818
0.125601
0.118736
0.113004
0.108215
0.104212
0.100864
0.0980689
0.0957433
0.0938221
0.0922444
0.0909671
0.0899561
0.0891832
0.0886237
0.088256
0.0880609
0.0880209
0.08812
0.0883437
0.0886786
0.0891123
0.089633
0.0902301
0.0908933
0.0916175
0.092388
0.0931917
0.0940153
0.0948448
0.0956647
0.0964573
0.0972023
0.0978758
0.0984497
0.0988901
0.0991571
0.0992025
0.0989687
0.0983869
0.0973749
0.0958359
0.0936557
0.0906945
0.0867978
1.52888
1.55126
1.58227
1.6232
1.67296
1.7279
1.78437
1.83919
1.88888
1.9293
1.95872
1.97632
1.98229
1.97749
1.96313
1.94061
1.91134
1.87665
1.83774
1.79561
1.75098
1.70433
1.65588
1.60561
1.5534
1.49909
1.44261
1.38403
1.32363
1.26187
1.19932
1.13656
1.07415
1.01262
0.952375
0.893658
0.836592
0.781228
0.727593
0.675725
0.625655
0.577415
0.531058
0.486673
0.444376
0.404306
0.36662
0.331484
0.299058
0.269479
0.242843
0.219191
0.198487
0.180616
0.165388
0.152552
0.14182
0.132894
0.125487
0.119342
0.114239
0.109992
0.106456
0.103512
0.10107
0.0990452
0.0973832
0.09604
0.0949796
0.0941718
0.0935903
0.0932122
0.0930166
0.0929848
0.0930994
0.0933449
0.0937063
0.0941703
0.0947237
0.0953541
0.0960562
0.0968149
0.0976159
0.0984446
0.0992862
0.100125
0.100942
0.101719
0.10243
0.10305
0.103546
0.10388
0.104007
0.103874
0.103416
0.102559
0.101215
0.0992815
0.096636
0.0931408
1.52052
1.55563
1.604
1.66501
1.73523
1.80858
1.88006
1.94582
2.00084
2.04239
2.06976
2.08334
2.08434
2.07434
2.05509
2.02833
1.99567
1.9586
1.91839
1.87605
1.83235
1.78773
1.74231
1.69592
1.64821
1.59875
1.54716
1.49319
1.43686
1.37843
1.31837
1.25721
1.19545
1.13376
1.07266
1.01242
0.953193
0.895078
0.838139
0.782518
0.728296
0.675526
0.624282
0.574694
0.526919
0.48113
0.437528
0.396339
0.357793
0.322113
0.289496
0.260094
0.233989
0.211174
0.19154
0.174881
0.160914
0.149307
0.139714
0.131802
0.125276
0.119883
0.115415
0.111707
0.10863
0.106069
0.103952
0.10222
0.100826
0.0997317
0.0989051
0.0983177
0.0979445
0.0977632
0.0977534
0.0978964
0.098175
0.0985732
0.099076
0.0996691
0.100343
0.101086
0.101882
0.102714
0.103568
0.104425
0.10527
0.10608
0.106833
0.107504
0.10806
0.108467
0.108681
0.108653
0.108325
0.107627
0.106479
0.104789
0.102449
0.0993356
1.44343
1.51458
1.59723
1.69127
1.78989
1.88486
1.9702
2.04067
2.0921
2.12604
2.14365
2.14699
2.13836
2.11998
2.09393
2.06208
2.02608
1.98734
1.94704
1.90612
1.86525
1.82481
1.7848
1.7449
1.70453
1.66298
1.61953
1.57357
1.52477
1.47313
1.41892
1.36257
1.30435
1.2452
1.18576
1.12628
1.06694
1.00789
0.949192
0.891215
0.834109
0.777922
0.722737
0.668756
0.616196
0.565244
0.516138
0.469165
0.424613
0.382776
0.343944
0.308378
0.276292
0.247817
0.222975
0.201662
0.183655
0.168634
0.156221
0.14602
0.137655
0.130788
0.125139
0.120478
0.116616
0.113405
0.110744
0.108554
0.106773
0.105349
0.104242
0.103416
0.102842
0.102491
0.102341
0.102368
0.102552
0.102876
0.103321
0.103871
0.104512
0.105236
0.106023
0.106857
0.107722
0.108599
0.10947
0.110316
0.111113
0.111837
0.112457
0.112939
0.113244
0.113325
0.113128
0.112589
0.111635
0.110184
0.108137
0.105383
1.26996
1.43798
1.58471
1.72599
1.85603
1.96667
2.05195
2.10918
2.14267
2.15688
2.15561
2.14233
2.12
2.09102
2.05743
2.02088
1.98276
1.9442
1.90614
1.86928
1.83414
1.80093
1.76955
1.73949
1.70995
1.67994
1.64839
1.61429
1.57692
1.53595
1.49142
1.44361
1.39289
1.3399
1.28524
1.22932
1.17244
1.11477
1.05624
0.997737
0.939473
0.881411
0.823594
0.766381
0.710098
0.654887
0.601009
0.548851
0.498734
0.451009
0.406051
0.364212
0.325829
0.291188
0.260472
0.23373
0.210861
0.191619
0.175646
0.162515
0.151782
0.143023
0.135867
0.130004
0.125162
0.121155
0.117839
0.115107
0.112871
0.111066
0.109638
0.108541
0.107739
0.107198
0.106889
0.106786
0.106866
0.107105
0.107484
0.107985
0.10859
0.109289
0.110065
0.110899
0.111772
0.112668
0.113566
0.114448
0.115289
0.116067
0.116752
0.117311
0.117707
0.117897
0.117831
0.117449
0.116685
0.115464
0.113698
0.111285
1.08577
1.40338
1.63019
1.81039
1.94838
2.0389
2.08702
2.10402
2.10046
2.08293
2.05621
2.02367
1.9877
1.94999
1.91185
1.87431
1.8382
1.8042
1.77288
1.74465
1.71981
1.69841
1.6802
1.66454
1.65038
1.63647
1.62137
1.60366
1.58219
1.55626
1.52566
1.49046
1.45097
1.40772
1.36131
1.31223
1.26087
1.20755
1.15255
1.09637
1.03932
0.981524
0.922861
0.864049
0.805629
0.747519
0.68998
0.633638
0.578779
0.525791
0.475156
0.427283
0.382613
0.34159
0.30457
0.271788
0.243313
0.219039
0.1987
0.181897
0.168155
0.156977
0.147896
0.140501
0.134431
0.129439
0.125328
0.121946
0.119176
0.116928
0.11513
0.113725
0.112665
0.11191
0.111424
0.111176
0.111138
0.111283
0.111588
0.112033
0.112597
0.113267
0.114027
0.114857
0.115738
0.11665
0.117574
0.11849
0.119376
0.120207
0.120955
0.121591
0.122078
0.122375
0.122437
0.122208
0.121628
0.120628
0.119129
0.117039
1.19482
1.57337
1.78199
1.88593
1.92255
1.91752
1.89087
1.85505
1.81636
1.77763
1.74003
1.70399
1.66969
1.63737
1.60735
1.58007
1.55598
1.53552
1.51909
1.50701
1.49947
1.49651
1.49782
1.50265
1.50977
1.51761
1.52437
1.52813
1.5273
1.52097
1.50871
1.49042
1.46622
1.43654
1.40216
1.36364
1.32145
1.27601
1.22773
1.17704
1.12431
1.06981
1.01372
0.956452
0.898343
0.839375
0.779797
0.720894
0.662635
0.605417
0.549986
0.496728
0.446148
0.398882
0.355449
0.316284
0.281649
0.251629
0.226123
0.204846
0.187358
0.173124
0.161602
0.15224
0.144621
0.138404
0.133318
0.129153
0.125749
0.122981
0.120757
0.118999
0.117648
0.116652
0.115968
0.115559
0.115389
0.115429
0.115652
0.116033
0.116551
0.117185
0.117926
0.118749
0.119634
0.12056
0.121507
0.122455
0.123383
0.124265
0.125075
0.125785
0.126359
0.126761
0.126945
0.126864
0.12646
0.125671
0.124425
0.122639
0.0456112
0.123546
0.232148
0.359865
0.494103
0.622948
0.738395
0.835693
0.913084
0.971234
1.01247
1.03999
1.05725
1.06753
1.07374
1.07831
1.08323
1.09003
1.0999
1.11376
1.13224
1.15572
1.18411
1.21668
1.25207
1.28848
1.32366
1.35468
1.37918
1.39723
1.40873
1.41359
1.41185
1.40359
1.38901
1.36846
1.34241
1.31135
1.27575
1.23612
1.19291
1.1465
1.09725
1.04554
0.991715
0.936031
0.87881
0.820507
0.761133
0.700646
0.641271
0.583044
0.526461
0.472563
0.421986
0.375425
0.333355
0.296099
0.263827
0.236473
0.213752
0.195139
0.179999
0.167748
0.157857
0.149859
0.143373
0.138101
0.133811
0.130331
0.127527
0.125297
0.123559
0.122246
0.121304
0.120684
0.120345
0.120249
0.120365
0.120662
0.121116
0.121702
0.122408
0.123211
0.124089
0.12502
0.125984
0.126958
0.127921
0.12885
0.129718
0.130498
0.131157
0.13166
0.131967
0.132031
0.131801
0.13122
0.130224
0.12874
0.00655627
0.00799265
0.0106254
0.0145888
0.0201448
0.0292664
0.0424183
0.0596579
0.0806775
0.104925
0.131753
0.160559
0.190888
0.222496
0.255385
0.289806
0.326252
0.365433
0.40824
0.455674
0.508725
0.568043
0.632753
0.699084
0.76606
0.832526
0.897366
0.960157
1.02051
1.07652
1.12675
1.17016
1.20604
1.23396
1.25366
1.26511
1.26852
1.26424
1.25276
1.23462
1.21038
1.18058
1.14576
1.10644
1.06309
1.01617
0.96611
0.913344
0.858194
0.801043
0.742627
0.68323
0.623143
0.564697
0.508049
0.454048
0.403716
0.357824
0.316972
0.281451
0.251241
0.226085
0.205503
0.188867
0.17551
0.164806
0.156215
0.149301
0.143725
0.139227
0.135613
0.132733
0.130471
0.128737
0.127455
0.126561
0.126003
0.125734
0.125714
0.125906
0.126279
0.126806
0.127461
0.128234
0.129096
0.130025
0.131
0.131997
0.132994
0.13397
0.134898
0.135753
0.136503
0.137116
0.137555
0.137778
0.13774
0.13739
0.136671
0.135518
0.00600902
0.00604381
0.00610106
0.00616603
0.00621935
0.00629515
0.00641254
0.00660078
0.00690141
0.00737
0.00807669
0.00910583
0.0105562
0.0125444
0.0152127
0.0187434
0.0233805
0.0294627
0.037468
0.0480361
0.0617738
0.0796754
0.103657
0.137925
0.183746
0.241777
0.311745
0.392322
0.481084
0.574468
0.668399
0.758987
0.84307
0.918445
0.983791
1.03847
1.0823
1.11543
1.13822
1.15117
1.15488
1.15003
1.13727
1.11731
1.0908
1.05838
1.02067
0.978246
0.93163
0.881376
0.828077
0.772242
0.714452
0.655599
0.595942
0.537235
0.480898
0.427698
0.378767
0.334845
0.29645
0.263749
0.236554
0.214373
0.196528
0.182279
0.17093
0.16188
0.15465
0.148865
0.144242
0.140566
0.137673
0.135437
0.133754
0.132541
0.13173
0.13126
0.131081
0.131149
0.131426
0.131879
0.132478
0.133208
0.134044
0.134961
0.135936
0.136946
0.137969
0.138982
0.13996
0.140878
0.141709
0.142421
0.14298
0.14335
0.14349
0.143353
0.14289
0.142044
0.00599312
0.00598544
0.0059791
0.00597593
0.00597866
0.00599086
0.00601488
0.006052
0.00610268
0.00616708
0.00624547
0.0063386
0.0064479
0.00657562
0.00672502
0.00690072
0.00710937
0.00736033
0.00766885
0.00809528
0.00899049
0.0107074
0.0138262
0.0193221
0.0285708
0.0433521
0.0657585
0.0979886
0.141996
0.198998
0.268985
0.3504
0.44017
0.534159
0.627904
0.717337
0.799263
0.8715
0.932784
0.982566
1.0208
1.04779
1.06404
1.07019
1.06697
1.05511
1.03538
1.00851
0.975205
0.936169
0.892092
0.843632
0.791476
0.736358
0.67896
0.620244
0.560994
0.502563
0.447219
0.395771
0.349357
0.308656
0.273971
0.245168
0.221746
0.202979
0.188069
0.176258
0.1669
0.159477
0.153588
0.148929
0.145268
0.142428
0.14027
0.138683
0.137575
0.136871
0.136508
0.13643
0.136594
0.136958
0.13749
0.138162
0.138958
0.13985
0.140812
0.141823
0.142857
0.143894
0.144909
0.145878
0.146775
0.147571
0.148235
0.148734
0.149031
0.149085
0.148853
0.148285
0.00599093
0.00598144
0.00597287
0.00596619
0.00596226
0.00596197
0.00596642
0.00597714
0.00599613
0.00602586
0.00606909
0.00612864
0.00620724
0.00630741
0.00643125
0.00658034
0.00675586
0.00695892
0.00718973
0.00744762
0.00773842
0.00808091
0.00853437
0.0092542
0.01056
0.0130085
0.0174721
0.0252109
0.0379024
0.0575803
0.0864401
0.126486
0.17905
0.244293
0.320876
0.40597
0.49567
0.585669
0.671946
0.751231
0.821189
0.880371
0.92806
0.964083
0.988652
1.00224
1.00546
0.999048
0.983763
0.960399
0.92975
0.8926
0.849735
0.801947
0.750033
0.694867
0.637353
0.578579
0.519696
0.462369
0.409011
0.360619
0.318115
0.281927
0.251942
0.227643
0.208257
0.192929
0.180855
0.17135
0.163868
0.157985
0.153382
0.149811
0.147085
0.145053
0.143597
0.142619
0.142039
0.14179
0.141818
0.142074
0.14252
0.143121
0.14386
0.14471
0.145645
0.14664
0.147671
0.148716
0.149751
0.150754
0.1517
0.152562
0.153312
0.153919
0.154351
0.154572
0.154543
0.15422
0.00599068
0.00598078
0.00597109
0.00596246
0.00595611
0.00595359
0.00595667
0.00596724
0.00598717
0.00601829
0.00606238
0.00612119
0.00619655
0.00629034
0.00640445
0.00654077
0.00670111
0.00688734
0.00710126
0.00734391
0.00761509
0.00791302
0.00823495
0.00858303
0.00898294
0.00952393
0.0104168
0.0120571
0.0150927
0.0204973
0.0296247
0.0442084
0.0662585
0.0978211
0.140594
0.195456
0.262046
0.33856
0.421909
0.5082
0.593375
0.673783
0.746519
0.809535
0.861575
0.90204
0.930827
0.948188
0.954618
0.950775
0.937413
0.915339
0.885393
0.848428
0.805315
0.756956
0.704296
0.648382
0.590373
0.531637
0.473542
0.418592
0.368665
0.324879
0.287664
0.256932
0.232134
0.212445
0.196956
0.184826
0.175341
0.167934
0.162168
0.157707
0.154295
0.151733
0.149864
0.148562
0.147727
0.147275
0.147139
0.147263
0.147602
0.148117
0.148776
0.149565
0.150452
0.151412
0.152421
0.153455
0.154493
0.155511
0.156486
0.157394
0.158208
0.158901
0.159444
0.159805
0.15995
0.159842
0.00599081
0.00598109
0.00597159
0.00596291
0.0059559
0.00595156
0.00595104
0.00595564
0.00596683
0.00598628
0.00601586
0.00605765
0.00611391
0.00618701
0.00627952
0.00639409
0.00653337
0.00669987
0.00689581
0.00712304
0.0073828
0.00767527
0.00799875
0.00834896
0.00871939
0.00910633
0.0095255
0.0100473
0.0108493
0.0122726
0.0148813
0.0195277
0.0274081
0.0400762
0.059375
0.0872478
0.125416
0.174958
0.235889
0.306906
0.385419
0.467915
0.550517
0.629538
0.701877
0.765207
0.817977
0.859322
0.888925
0.906884
0.913597
0.909662
0.895815
0.872874
0.841714
0.803256
0.758467
0.708391
0.654173
0.597114
0.538678
0.480655
0.424473
0.373639
0.329049
0.291285
0.260257
0.235354
0.215684
0.200296
0.188317
0.179017
0.171816
0.166266
0.162023
0.158823
0.15646
0.154772
0.153632
0.152937
0.152603
0.152566
0.15277
0.153172
0.153733
0.154436
0.155253
0.156156
0.157121
0.158124
0.159142
0.160154
0.161137
0.162068
0.162923
0.163679
0.164307
0.164781
0.16507
0.165143
0.00599115
0.00598175
0.00597271
0.00596449
0.00595782
0.00595357
0.00595282
0.0059568
0.00596694
0.0059848
0.00601212
0.00605077
0.00610276
0.0061702
0.00625531
0.00636033
0.00648756
0.00663932
0.00681795
0.00702575
0.00726487
0.00753709
0.00784339
0.00818327
0.0085537
0.00894823
0.00935763
0.00977613
0.0102197
0.0107622
0.0115844
0.0130264
0.0156419
0.0202561
0.0280164
0.040403
0.0591643
0.0861423
0.122973
0.170696
0.229358
0.297764
0.373495
0.453224
0.533221
0.609881
0.680107
0.741513
0.792461
0.831987
0.859691
0.875606
0.880083
0.873702
0.857198
0.831414
0.797283
0.755822
0.708153
0.655534
0.599397
0.541391
0.48329
0.427183
0.375687
0.330763
0.29297
0.26212
0.237509
0.218183
0.20315
0.19152
0.182555
0.175672
0.170418
0.166447
0.163489
0.161338
0.159831
0.158841
0.158268
0.158031
0.158067
0.158326
0.158765
0.159352
0.160071
0.160892
0.161787
0.162734
0.163709
0.164691
0.165658
0.166589
0.167462
0.168254
0.168941
0.1695
0.169903
0.170124
0.00599165
0.00598262
0.00597404
0.0059663
0.00595994
0.00595563
0.00595419
0.0059566
0.00596399
0.00597773
0.00599936
0.00603067
0.00607364
0.00613046
0.00620347
0.00629513
0.00640798
0.00654461
0.00670754
0.00689927
0.00712216
0.00737835
0.00766963
0.00799716
0.0083609
0.00875872
0.00918513
0.00963034
0.0100823
0.0105358
0.0110156
0.0116148
0.0125433
0.0141763
0.017105
0.0221899
0.0306017
0.0438198
0.0635539
0.0915565
0.129322
0.177704
0.236559
0.304535
0.379133
0.457038
0.534604
0.608342
0.67527
0.733095
0.780241
0.815784
0.839348
0.85098
0.851046
0.840145
0.819049
0.788669
0.750055
0.704405
0.653097
0.597721
0.540093
0.482283
0.426494
0.374904
0.33027
0.293019
0.262831
0.238904
0.220224
0.205777
0.194666
0.186159
0.179674
0.174766
0.171087
0.168374
0.166421
0.165071
0.164202
0.163717
0.163543
0.163619
0.163898
0.164342
0.164932
0.165639
0.166437
0.1673
0.168206
0.169133
0.170059
0.170965
0.171829
0.172631
0.173351
0.173965
0.174452
0.174789
0.00599232
0.00598367
0.00597557
0.00596832
0.00596232
0.0059581
0.00595637
0.005958
0.00596402
0.00597571
0.00599456
0.00602229
0.00606082
0.00611229
0.00617895
0.00626319
0.00636746
0.00649423
0.006646
0.00682525
0.00703442
0.00727584
0.00755167
0.00786377
0.00821351
0.0086013
0.00902576
0.00948245
0.00996244
0.0104522
0.0109382
0.0114215
0.0119466
0.0126438
0.0137762
0.0157853
0.0193399
0.0253832
0.0351607
0.0501969
0.0721868
0.102779
0.143254
0.19415
0.254951
0.323957
0.398426
0.474953
0.549947
0.620076
0.682558
0.735299
0.776893
0.806554
0.824002
0.829358
0.823051
0.80575
0.778333
0.74188
0.69768
0.647261
0.592409
0.535174
0.477804
0.422625
0.371699
0.328029
0.291891
0.262829
0.239943
0.222171
0.208491
0.19802
0.190041
0.18399
0.17943
0.176027
0.173525
0.17173
0.170492
0.169697
0.169257
0.169103
0.16918
0.169445
0.169865
0.170424
0.171092
0.171841
0.172648
0.173492
0.17435
0.175203
0.176032
0.176818
0.177541
0.178183
0.178723
0.179143
0.00599313
0.00598495
0.00597736
0.00597055
0.00596479
0.00596051
0.00595827
0.00595878
0.00596295
0.00597189
0.00598701
0.00600994
0.00604257
0.00608703
0.00614562
0.00622078
0.00631504
0.00643098
0.00657122
0.00673839
0.00693509
0.00716382
0.00742693
0.00772655
0.00806448
0.00844205
0.00885976
0.00931655
0.0098086
0.0103277
0.0108602
0.0113892
0.0119035
0.0124202
0.01302
0.0138921
0.0153794
0.018022
0.0226039
0.0301918
0.0421416
0.0600411
0.0855571
0.120174
0.164848
0.21965
0.283533
0.354316
0.428938
0.503886
0.575661
0.641151
0.697853
0.743946
0.778261
0.800191
0.8096
0.806731
0.79215
0.766715
0.731567
0.688135
0.638148
0.583622
0.526824
0.470183
0.416101
0.366762
0.3247
0.290224
0.2627
0.241134
0.224447
0.211636
0.201849
0.1944
0.188753
0.184494
0.181306
0.178951
0.177248
0.176061
0.175283
0.174836
0.174655
0.174691
0.174903
0.175274
0.175774
0.176375
0.177052
0.177781
0.178543
0.179316
0.180082
0.180823
0.181522
0.182162
0.182725
0.183196
0.0059941
0.00598657
0.0059797
0.00597347
0.00596811
0.00596412
0.00596207
0.00596269
0.00596684
0.00597562
0.00599038
0.00601269
0.00604436
0.0060874
0.00614395
0.00621623
0.00630652
0.00641709
0.00655031
0.0067086
0.00689442
0.00711025
0.00735854
0.00764166
0.00796187
0.00832123
0.00872144
0.00916352
0.0096471
0.0101693
0.0107228
0.0112946
0.0118663
0.0124204
0.0129577
0.0135271
0.0142681
0.0154552
0.0175408
0.021199
0.0273667
0.0372663
0.0523797
0.0743402
0.104721
0.144722
0.194813
0.254434
0.321876
0.394425
0.468719
0.541208
0.608566
0.667976
0.71726
0.754893
0.779957
0.792064
0.791298
0.778169
0.753581
0.718813
0.675505
0.625628
0.571441
0.515419
0.460116
0.407962
0.36097
0.32121
0.288868
0.263162
0.24306
0.227504
0.215542
0.206378
0.199375
0.194035
0.189974
0.186904
0.184606
0.182915
0.181708
0.180888
0.180381
0.18013
0.180087
0.180218
0.180507
0.180921
0.181433
0.182017
0.18265
0.183314
0.183988
0.184656
0.185302
0.185911
0.186466
0.186957
0.00599619
0.00599221
0.00599098
0.00599264
0.00599777
0.00600703
0.00602104
0.0060403
0.00606532
0.00609661
0.00613461
0.00617977
0.00623248
0.00629318
0.0063624
0.00644082
0.00652933
0.00662922
0.00674236
0.00687128
0.00701911
0.00718954
0.00738672
0.00761511
0.00787919
0.00818331
0.00853143
0.00892688
0.00937188
0.00986695
0.0104097
0.0109934
0.0116048
0.0122246
0.0128312
0.0134148
0.0140032
0.014701
0.0157337
0.0174919
0.0205732
0.025824
0.034369
0.0476037
0.0671171
0.0945166
0.131146
0.177737
0.234074
0.298813
0.369534
0.443032
0.515752
0.584207
0.645311
0.696555
0.736091
0.762732
0.775923
0.775699
0.762637
0.737804
0.702707
0.65924
0.609616
0.556299
0.501879
0.448902
0.399622
0.355754
0.318811
0.288842
0.265004
0.246296
0.231731
0.220445
0.211726
0.204996
0.199803
0.195802
0.19273
0.190389
0.188629
0.187335
0.186416
0.185804
0.185442
0.185286
0.185315
0.1855
0.185808
0.186212
0.186686
0.18721
0.187763
0.18833
0.188894
0.189442
0.18996
0.190438
0.00607394
0.00622546
0.00646529
0.00680077
0.00722954
0.00774612
0.00834321
0.00901
0.00973112
0.0104866
0.0112524
0.0120011
0.0127037
0.0133311
0.0138567
0.0142585
0.0145207
0.0146358
0.0146049
0.0144376
0.0141518
0.0137719
0.0133275
0.0128509
0.0123749
0.0119314
0.0115493
0.0112537
0.0110648
0.0109974
0.0110607
0.0112569
0.0115802
0.0120148
0.0125345
0.0131064
0.0137022
0.0143225
0.0150344
0.0160183
0.017614
0.0203637
0.0250512
0.0327342
0.0447461
0.0626386
0.0880305
0.122351
0.166498
0.220492
0.283242
0.352533
0.425257
0.497805
0.566512
0.628028
0.679586
0.719146
0.74544
0.757951
0.756851
0.742918
0.71745
0.682179
0.639194
0.590855
0.539682
0.4882
0.438742
0.393228
0.352992
0.318964
0.291208
0.26895
0.251267
0.237318
0.226383
0.217828
0.211137
0.205905
0.201816
0.198628
0.196157
0.194259
0.192823
0.191762
0.191008
0.190508
0.190221
0.19013
0.190195
0.190383
0.190665
0.191018
0.191421
0.191856
0.19231
0.192769
0.193221
0.193657
0.0141232
0.021963
0.0307431
0.0402868
0.0500472
0.0596856
0.0689814
0.0777141
0.0856587
0.0926089
0.0983874
0.10285
0.105892
0.107452
0.107521
0.106146
0.103422
0.0994962
0.0945412
0.0887545
0.08235
0.0755468
0.0685584
0.0615852
0.054806
0.0483722
0.0424045
0.0369917
0.0321923
0.028037
0.0245322
0.0216639
0.0194016
0.0177008
0.016505
0.0157477
0.0153564
0.0152618
0.0154173
0.0158308
0.0166104
0.0180201
0.020532
0.0248685
0.0320334
0.0433167
0.060246
0.0844494
0.117409
0.160114
0.212691
0.274121
0.342184
0.413676
0.484849
0.551921
0.611518
0.660958
0.69837
0.722704
0.733655
0.731577
0.717389
0.692484
0.658653
0.617996
0.572817
0.525487
0.478272
0.433149
0.39165
0.354801
0.323047
0.296835
0.275361
0.257964
0.244089
0.233088
0.224386
0.217508
0.212075
0.207785
0.204401
0.201741
0.19966
0.198047
0.196814
0.195895
0.195237
0.194822
0.194604
0.194539
0.194596
0.194747
0.194969
0.195246
0.19556
0.195901
0.196258
0.196624
0.0225747
0.0304889
0.039622
0.0505263
0.0626086
0.0753409
0.0884723
0.101839
0.115254
0.128519
0.141448
0.153865
0.1656
0.176487
0.186372
0.195126
0.202712
0.20811
0.211168
0.21187
0.210264
0.206468
0.200667
0.193096
0.184042
0.173829
0.162778
0.151202
0.139398
0.12763
0.116123
0.105059
0.0945851
0.0848069
0.0757983
0.067602
0.0602343
0.0536894
0.0479469
0.0429809
0.0387755
0.0353467
0.0327722
0.0312274
0.031024
0.0326477
0.0367875
0.0443435
0.0563944
0.0741089
0.0985956
0.130703
0.170806
0.218618
0.273091
0.33241
0.394119
0.455329
0.513015
0.564313
0.606794
0.638662
0.658866
0.667114
0.663831
0.650048
0.627265
0.597293
0.562088
0.523607
0.4837
0.444046
0.406106
0.371088
0.339817
0.312698
0.290521
0.272563
0.258119
0.24657
0.23736
0.23001
0.224131
0.219413
0.215616
0.212551
0.210071
0.208062
0.206433
0.205112
0.204063
0.203264
0.202669
0.202238
0.201939
0.20175
0.201653
0.201632
0.201677
0.201781
0.018127
0.0170867
0.0161116
0.0150788
0.0141677
0.0134632
0.0129569
0.0126435
0.0125218
0.0125894
0.0128423
0.0132773
0.0138932
0.0146896
0.0156659
0.016802
0.0181317
0.0222614
0.028845
0.0372777
0.0470119
0.0575726
0.0685652
0.0796541
0.0899728
0.098576
0.105225
0.109786
0.112248
0.112753
0.111522
0.108817
0.104919
0.1001
0.0946165
0.0886991
0.082552
0.0763512
0.070245
0.0643557
0.0587847
0.0536202
0.04895
0.0448798
0.0415562
0.0391954
0.038114
0.0387583
0.0417255
0.047765
0.0577505
0.0726135
0.0932377
0.120323
0.154235
0.194862
0.241507
0.292849
0.346976
0.401537
0.453958
0.501714
0.542595
0.574907
0.597597
0.610281
0.613193
0.607075
0.593038
0.572419
0.546657
0.517211
0.485507
0.452913
0.420702
0.389991
0.361695
0.336384
0.314272
0.295708
0.280396
0.267822
0.257525
0.249086
0.242146
0.236408
0.231633
0.227631
0.22425
0.22137
0.218894
0.216744
0.214888
0.21331
0.211971
0.210838
0.209889
0.209103
0.208467
0.20797
0.0183218
0.0167231
0.0153439
0.0141236
0.0130135
0.0120412
0.0111915
0.0104392
0.00976584
0.00916116
0.00861846
0.0081328
0.00770073
0.00732061
0.00699349
0.00672586
0.00652889
0.00642192
0.00641855
0.00653232
0.00678389
0.00720272
0.0078191
0.00867945
0.010931
0.0159732
0.0233527
0.0324946
0.0427867
0.0526899
0.0614417
0.0685556
0.0738244
0.077255
0.0789871
0.0792275
0.0782079
0.0761626
0.0733161
0.0698777
0.0660381
0.06197
0.0578304
0.0537672
0.0499302
0.0464867
0.0436418
0.0416625
0.0409035
0.0418284
0.0450233
0.0511915
0.0611248
0.0756456
0.0955191
0.121339
0.153397
0.191553
0.235129
0.282869
0.332979
0.383281
0.431437
0.475218
0.512732
0.542592
0.563989
0.576674
0.580888
0.577255
0.566669
0.550203
0.529036
0.504396
0.477519
0.449598
0.421736
0.394885
0.369795
0.346983
0.326693
0.308979
0.293988
0.281351
0.270716
0.261754
0.254169
0.247712
0.242179
0.2374
0.233242
0.229595
0.226374
0.223507
0.220967
0.218737
0.216786
0.21509
0.213631
0.212395
0.0179225
0.0164208
0.0150442
0.0137958
0.0126826
0.0117115
0.0108604
0.010113
0.00945733
0.00888502
0.00839028
0.00796916
0.00761892
0.00733741
0.00712252
0.00697182
0.00688264
0.00685266
0.0068798
0.00696113
0.00709154
0.00726303
0.00746637
0.00769741
0.0079615
0.00828178
0.00871487
0.00936707
0.0104075
0.0132783
0.0184924
0.0258254
0.0341453
0.0423716
0.0496509
0.0555002
0.0597575
0.0624646
0.0637678
0.0638588
0.0629435
0.0612266
0.0589044
0.0561629
0.0531795
0.0501296
0.0471975
0.0445918
0.0425646
0.0414332
0.0416012
0.0435736
0.0479619
0.055472
0.0668699
0.0829205
0.104297
0.131464
0.164545
0.20319
0.246496
0.293002
0.340798
0.387733
0.431668
0.470712
0.503397
0.528756
0.546325
0.556096
0.558428
0.553964
0.54355
0.528168
0.508879
0.486771
0.462913
0.438311
0.413858
0.390297
0.368191
0.347903
0.329619
0.313329
0.299204
0.287003
0.276476
0.267376
0.259481
0.252596
0.24656
0.241237
0.236518
0.232314
0.228552
0.225175
0.22216
0.219488
0.217139
0.215096
0.0178619
0.0163579
0.0149466
0.0137015
0.0126164
0.0116859
0.0108897
0.0102172
0.00966388
0.00922967
0.00891588
0.00872308
0.00864931
0.00868924
0.00883395
0.00907143
0.00938738
0.00976622
0.010192
0.0106492
0.0111234
0.0116022
0.0120764
0.0125415
0.0129989
0.0134514
0.0138943
0.0143085
0.0146589
0.0148921
0.0150446
0.0154171
0.0170019
0.0206379
0.0262615
0.0329967
0.0397252
0.0455924
0.0501611
0.0533201
0.0551428
0.0557879
0.0554461
0.0543149
0.0525881
0.0504533
0.0480958
0.0457067
0.0434964
0.0417111
0.0406527
0.040698
0.0423155
0.0460738
0.0526372
0.0627425
0.0771499
0.0965639
0.12152
0.152243
0.188505
0.229517
0.273925
0.319913
0.365422
0.408408
0.447067
0.479995
0.506251
0.525356
0.537243
0.542185
0.540718
0.53357
0.521597
0.50573
0.486927
0.46613
0.444225
0.42201
0.400164
0.379222
0.359568
0.341436
0.324933
0.310058
0.296921
0.285347
0.275157
0.266173
0.25823
0.251184
0.244912
0.239311
0.234296
0.229797
0.225759
0.22214
0.218917
0.216074
0.0176373
0.0161838
0.0148034
0.0136012
0.0126088
0.0118408
0.0113054
0.0110216
0.0110022
0.0112456
0.0117345
0.0124373
0.0133123
0.0143122
0.015389
0.016498
0.0175998
0.0186623
0.0196605
0.0205765
0.0213978
0.0221173
0.0227315
0.0232406
0.0236481
0.0239623
0.0241979
0.0243742
0.0245258
0.0247294
0.0249845
0.0251983
0.0252256
0.0250214
0.0251945
0.0267107
0.0301039
0.0349216
0.0400786
0.0446167
0.0480371
0.050218
0.0512427
0.0512798
0.0505227
0.0491643
0.0473906
0.0453838
0.0433314
0.0414394
0.0399494
0.0391576
0.039434
0.0412388
0.0451325
0.0517742
0.0619018
0.076285
0.0956426
0.120517
0.151114
0.18714
0.227706
0.271348
0.316191
0.360204
0.401456
0.438321
0.469587
0.494485
0.512667
0.524142
0.52921
0.528389
0.522354
0.511879
0.497793
0.480938
0.462136
0.442158
0.421696
0.401344
0.381581
0.362766
0.34514
0.328837
0.313904
0.300357
0.288227
0.277386
0.267703
0.259049
0.251305
0.244365
0.238138
0.232548
0.227531
0.223035
0.219018
0.215449
0.0174639
0.0161051
0.0148755
0.0140547
0.0137981
0.0141726
0.0151732
0.0167406
0.0187607
0.0210886
0.0235773
0.0260964
0.0285407
0.0308319
0.0329166
0.0347622
0.0363521
0.0376822
0.0387569
0.0395872
0.0401885
0.0405801
0.0407854
0.0408329
0.0407553
0.040608
0.0405044
0.0404211
0.0403202
0.0401236
0.0397931
0.0393149
0.0386555
0.0377571
0.0365923
0.0353281
0.0345505
0.0351736
0.0376319
0.0412341
0.0447593
0.0473811
0.0488509
0.0492559
0.0488007
0.0477018
0.0461543
0.0443311
0.0423961
0.0405199
0.0388978
0.0377683
0.037432
0.0382709
0.0407645
0.0454988
0.0531642
0.0645317
0.0803947
0.101462
0.128194
0.160607
0.198115
0.239493
0.283013
0.326693
0.368585
0.406989
0.440588
0.468491
0.490207
0.505602
0.514829
0.518261
0.516434
0.509993
0.499649
0.48614
0.470206
0.452555
0.433847
0.414671
0.395532
0.376839
0.358907
0.341955
0.326122
0.311474
0.298019
0.285741
0.27465
0.264648
0.255635
0.247518
0.240214
0.233643
0.22774
0.222448
0.217722
0.213522
0.0173995
0.0170299
0.0177795
0.0201443
0.0240249
0.0289122
0.0342544
0.0396214
0.0447078
0.0493236
0.0533714
0.056817
0.0596655
0.0619445
0.0636935
0.0649575
0.0657832
0.066217
0.0663044
0.066091
0.0656234
0.0649529
0.0641426
0.0633019
0.0624266
0.0614542
0.0602849
0.0589427
0.0574527
0.0558391
0.054121
0.0523092
0.0504033
0.0483949
0.0462828
0.0441138
0.0420648
0.0405754
0.0403793
0.0419598
0.0446683
0.0471133
0.0484222
0.0485275
0.0477283
0.0463504
0.0446329
0.0427412
0.0408045
0.0389492
0.0373234
0.0361175
0.0355824
0.036047
0.0379365
0.041787
0.0482534
0.0580995
0.0721565
0.0912242
0.115896
0.146332
0.182055
0.221912
0.264211
0.307009
0.348399
0.386722
0.420697
0.449445
0.472464
0.489577
0.500872
0.506642
0.50733
0.503484
0.495716
0.484674
0.471011
0.455367
0.438345
0.420499
0.402316
0.384212
0.366524
0.349512
0.333362
0.318196
0.30408
0.291037
0.279057
0.268095
0.258104
0.249062
0.240892
0.233521
0.226885
0.220928
0.215602
0.210867
0.0232138
0.0314446
0.0418194
0.0529146
0.0634563
0.0726812
0.0803992
0.0866682
0.09162
0.0954049
0.0981694
0.100048
0.101159
0.101608
0.101486
0.100873
0.0998401
0.0984518
0.0967681
0.0948504
0.09277
0.0906206
0.0883331
0.0858134
0.0830765
0.0801722
0.0771457
0.074039
0.0708901
0.0677313
0.0645877
0.0614769
0.0584104
0.0553976
0.0524583
0.0496425
0.0470645
0.0449743
0.0438483
0.044297
0.0462899
0.0483753
0.0489969
0.048058
0.0462361
0.0442188
0.0422314
0.0402799
0.0384034
0.0366728
0.0351948
0.0341248
0.0337065
0.0342358
0.0361128
0.0398563
0.0461158
0.0556704
0.0693899
0.0881229
0.112484
0.142586
0.177844
0.216987
0.258283
0.299838
0.339868
0.376862
0.409681
0.437575
0.460122
0.47718
0.488829
0.495326
0.497061
0.494514
0.488221
0.478752
0.466683
0.452581
0.436986
0.4204
0.403273
0.385998
0.368904
0.352256
0.336258
0.321056
0.306748
0.293388
0.280996
0.269567
0.259078
0.249492
0.240765
0.232846
0.225684
0.219231
0.213444
0.208297
0.0738241
0.0962502
0.112142
0.123898
0.132571
0.138793
0.143044
0.145698
0.147045
0.147318
0.146701
0.14535
0.143394
0.14094
0.138073
0.134864
0.131373
0.127656
0.123779
0.119806
0.11568
0.111332
0.106846
0.102281
0.0976893
0.0931175
0.088604
0.0841805
0.079872
0.0756974
0.0716694
0.0677954
0.0640782
0.0605191
0.0571285
0.0539471
0.0512381
0.0492117
0.0481018
0.0478596
0.0479558
0.0476393
0.046473
0.0446231
0.0425216
0.0405123
0.0386692
0.036959
0.0353945
0.0340334
0.0329788
0.0323901
0.0325035
0.033623
0.0361565
0.0406349
0.0477244
0.0582193
0.0729836
0.092804
0.118147
0.148899
0.184256
0.222823
0.262899
0.302767
0.340905
0.375766
0.406196
0.431885
0.452592
0.46825
0.478958
0.484955
0.4866
0.484325
0.47861
0.46996
0.458884
0.44588
0.431424
0.415959
0.399886
0.383558
0.367278
0.351295
0.33581
0.320972
0.306889
0.293633
0.281243
0.269732
0.259096
0.249316
0.240364
0.232205
0.224802
0.218118
0.212115
0.206758
0.177495
0.191374
0.199037
0.203065
0.204617
0.20432
0.202603
0.199805
0.196185
0.191943
0.187226
0.182147
0.176828
0.171347
0.165731
0.160018
0.154256
0.148492
0.142694
0.136821
0.130937
0.12508
0.119285
0.113578
0.107982
0.102508
0.0971573
0.0919266
0.0868037
0.0817731
0.0768201
0.0719409
0.0671577
0.0625387
0.0582119
0.0543527
0.0511331
0.0486002
0.0466758
0.0451792
0.0438562
0.0424618
0.0408855
0.0392012
0.0375582
0.0360602
0.0347243
0.03355
0.0325766
0.0318872
0.031613
0.0319441
0.0331431
0.0355535
0.0396234
0.0459187
0.0551196
0.0679816
0.0852353
0.107408
0.134607
0.166362
0.201639
0.239015
0.276931
0.313893
0.348581
0.379882
0.407073
0.429854
0.448081
0.461729
0.470814
0.475513
0.476305
0.473603
0.467843
0.459479
0.448961
0.436726
0.423186
0.408723
0.393685
0.378378
0.363068
0.347976
0.333283
0.31913
0.305622
0.292833
0.280812
0.269581
0.25915
0.249511
0.240648
0.232539
0.225156
0.218471
0.212456
0.20708
0.273124
0.271861
0.26811
0.262497
0.255734
0.248319
0.240583
0.232735
0.224893
0.217113
0.209414
0.201805
0.194301
0.186907
0.179608
0.172341
0.165113
0.157898
0.150707
0.143537
0.136388
0.129258
0.122144
0.115047
0.107968
0.100923
0.093943
0.0870778
0.0803975
0.0739905
0.0679554
0.0623897
0.0573769
0.0529757
0.049214
0.0460866
0.0435509
0.0415249
0.0398981
0.0385468
0.0373524
0.0362286
0.0351457
0.0341295
0.0332275
0.0324802
0.0319197
0.0315951
0.031592
0.0320389
0.0331149
0.0350597
0.0381849
0.0428828
0.0496336
0.0589969
0.0715755
0.0879401
0.108507
0.133388
0.162271
0.194392
0.228632
0.263694
0.29828
0.331214
0.36152
0.388462
0.411591
0.430697
0.445705
0.456634
0.463589
0.466785
0.466458
0.462967
0.456813
0.448429
0.438222
0.426569
0.413824
0.400308
0.386313
0.372097
0.357882
0.343857
0.330177
0.316964
0.304314
0.292295
0.280953
0.270317
0.260399
0.251201
0.242714
0.234923
0.22781
0.221353
0.215529
0.210317
0.291955
0.28681
0.278471
0.268479
0.257824
0.247052
0.236442
0.226103
0.216044
0.206217
0.196552
0.186963
0.177452
0.168112
0.158977
0.150065
0.141327
0.132754
0.124361
0.116172
0.108216
0.100524
0.0931322
0.0860798
0.0794057
0.0731472
0.0673379
0.0620056
0.0571702
0.0528428
0.0490245
0.045706
0.0428677
0.0404808
0.038508
0.0369048
0.0356209
0.0346029
0.0337979
0.0331596
0.032654
0.0322662
0.0320035
0.0318941
0.0319808
0.0323184
0.0329795
0.0340644
0.03571
0.0380955
0.0414488
0.0460519
0.0522428
0.0604119
0.0709858
0.0843939
0.10101
0.121075
0.144602
0.171312
0.20061
0.231637
0.263381
0.294801
0.32493
0.352946
0.378208
0.40027
0.418875
0.433915
0.445381
0.453343
0.457934
0.459341
0.457751
0.453385
0.446726
0.438229
0.428257
0.417139
0.405168
0.392609
0.379701
0.366652
0.353643
0.340827
0.32833
0.316253
0.304677
0.293659
0.28324
0.273447
0.264293
0.255781
0.247907
0.240661
0.23403
0.227995
0.22254
0.217647
0.229097
0.219854
0.207815
0.195253
0.18294
0.171212
0.160194
0.149914
0.140358
0.131496
0.12329
0.115699
0.108627
0.10195
0.0956331
0.0896621
0.0840224
0.0787036
0.0736972
0.0689979
0.064603
0.0605108
0.0567204
0.0532309
0.0500405
0.0471467
0.0445456
0.0422317
0.0401981
0.0384363
0.0369359
0.0356856
0.0346727
0.0338837
0.0333053
0.0329242
0.032729
0.0327111
0.0328667
0.0331993
0.0337216
0.0344586
0.0354491
0.0367472
0.0384235
0.0405676
0.0432927
0.0467391
0.0510785
0.0565147
0.0632837
0.0716486
0.0818902
0.094288
0.109092
0.126482
0.146526
0.169125
0.193992
0.220641
0.248421
0.276576
0.304328
0.330942
0.355779
0.378327
0.398214
0.415201
0.429169
0.440093
0.448017
0.453038
0.455284
0.454897
0.451986
0.446733
0.439627
0.431081
0.42141
0.410885
0.399745
0.388203
0.376445
0.364637
0.352919
0.34141
0.330209
0.319395
0.30903
0.29916
0.289817
0.281023
0.272789
0.265118
0.258005
0.251444
0.245423
0.239927
0.234941
0.23045
0.113957
0.108274
0.102263
0.0966427
0.0914891
0.0867504
0.0823866
0.0783592
0.0746333
0.0711776
0.0679651
0.0649733
0.0621813
0.0595714
0.0571301
0.0548472
0.0527153
0.0507293
0.048886
0.0471833
0.0456205
0.0441974
0.0429147
0.0417738
0.0407761
0.0399237
0.0392191
0.0386649
0.0382645
0.0380214
0.0379402
0.0380262
0.038286
0.0387276
0.0393614
0.0402002
0.0412607
0.0425639
0.0441368
0.0460134
0.0482366
0.0508593
0.0539463
0.0575755
0.0618393
0.0668457
0.0727191
0.0795994
0.0876407
0.0970062
0.107861
0.120362
0.13464
0.150785
0.16882
0.188681
0.210198
0.233085
0.256948
0.281304
0.305617
0.32934
0.351957
0.373014
0.392141
0.40906
0.423588
0.435626
0.445148
0.452185
0.456807
0.459106
0.459176
0.457083
0.452831
0.446797
0.439399
0.430945
0.421687
0.41184
0.401591
0.391103
0.38052
0.369964
0.359542
0.349341
0.339436
0.329883
0.320728
0.312005
0.303737
0.295938
0.288616
0.281772
0.275401
0.269495
0.264045
0.259038
0.25446
0.250297
0.0934162
0.090777
0.0880618
0.0854878
0.083068
0.0807957
0.0786632
0.0766631
0.0747891
0.0730361
0.0713998
0.0698771
0.0684662
0.0671658
0.0659758
0.0648965
0.0639291
0.0630754
0.0623379
0.0617201
0.0612258
0.0608601
0.0606286
0.0605379
0.0605958
0.0608107
0.0611925
0.0617522
0.0625021
0.0634563
0.0646306
0.0660426
0.0677123
0.0696625
0.0719186
0.0745097
0.0774685
0.0808324
0.0846434
0.0889491
0.093803
0.0992649
0.105401
0.112283
0.119989
0.128601
0.138201
0.148872
0.160686
0.173707
0.187974
0.2035
0.220255
0.238164
0.257093
0.276851
0.297187
0.317798
0.338342
0.358462
0.3778
0.396023
0.41284
0.42801
0.441355
0.452755
0.462146
0.469516
0.474891
0.478324
0.479877
0.479596
0.477493
0.473534
0.468013
0.461282
0.453609
0.445219
0.4363
0.427014
0.417497
0.407871
0.398239
0.388689
0.379296
0.370122
0.361219
0.352626
0.344375
0.336487
0.328977
0.321855
0.315124
0.308782
0.302826
0.297248
0.292039
0.287189
0.282686
0.27852
0.164592
0.162939
0.161119
0.159322
0.157576
0.15589
0.154268
0.152718
0.151244
0.149854
0.148553
0.147348
0.146248
0.145259
0.144389
0.143648
0.143044
0.142586
0.142286
0.142153
0.1422
0.142438
0.142882
0.143545
0.144443
0.145592
0.147011
0.148716
0.15073
0.153073
0.155769
0.158842
0.162317
0.166223
0.170587
0.175441
0.180816
0.186745
0.193261
0.200398
0.20819
0.21667
0.225869
0.235815
0.246532
0.258035
0.27033
0.283413
0.297261
0.311832
0.327063
0.342865
0.359119
0.375682
0.39238
0.409019
0.425386
0.441258
0.456414
0.47064
0.483744
0.495559
0.505952
0.514825
0.522119
0.527805
0.531889
0.534397
0.53537
0.534846
0.532843
0.529308
0.524274
0.518007
0.51076
0.502746
0.494145
0.485115
0.475786
0.466271
0.456667
0.447056
0.43751
0.428089
0.418843
0.409813
0.401034
0.392531
0.384324
0.376427
0.368848
0.361594
0.354664
0.348058
0.341771
0.335797
0.330131
0.324763
0.319685
0.31489
0.298505
0.298972
0.299551
0.300168
0.300809
0.301475
0.302173
0.302908
0.303689
0.304524
0.305424
0.306396
0.307453
0.308607
0.309868
0.31125
0.312768
0.314435
0.316266
0.318279
0.320491
0.322918
0.325579
0.328494
0.331683
0.335166
0.338965
0.343099
0.347591
0.352462
0.357732
0.363422
0.369551
0.376137
0.383194
0.390737
0.398776
0.407317
0.416363
0.425911
0.435953
0.446475
0.457455
0.468862
0.480658
0.492794
0.505211
0.517838
0.530591
0.543378
0.556093
0.56862
0.580834
0.592604
0.603796
0.614275
0.623912
0.632586
0.640186
0.646619
0.651811
0.655707
0.658273
0.659495
0.659379
0.657946
0.655227
0.651258
0.646072
0.639689
0.63202
0.62329
0.613736
0.603517
0.592789
0.581687
0.570333
0.558828
0.54726
0.535703
0.52422
0.512866
0.501685
0.490715
0.479989
0.469529
0.459357
0.449487
0.43993
0.430692
0.421777
0.413187
0.404919
0.396971
0.389338
0.382016
0.374997
0.368275
0.361844
0.355698
0.439647
0.442745
0.446646
0.450807
0.4551
0.459498
0.464
0.46861
0.473336
0.478185
0.483164
0.488285
0.493554
0.498984
0.504583
0.510364
0.516337
0.522515
0.528909
0.535533
0.542399
0.549519
0.556906
0.564574
0.572532
0.580793
0.589366
0.59826
0.607481
0.617033
0.626919
0.637135
0.647677
0.658533
0.669688
0.681121
0.692805
0.704704
0.716779
0.728979
0.741248
0.753522
0.76573
0.77779
0.78962
0.801125
0.81221
0.822774
0.832715
0.84193
0.850316
0.857776
0.864218
0.869554
0.873711
0.876624
0.878242
0.878527
0.877456
0.875019
0.871222
0.866081
0.859624
0.851887
0.842913
0.832744
0.821424
0.808994
0.795502
0.780881
0.765624
0.749965
0.734015
0.717884
0.701679
0.68549
0.669395
0.653461
0.637745
0.622291
0.607139
0.59232
0.577859
0.563776
0.550084
0.536796
0.523917
0.511451
0.4994
0.487762
0.476533
0.465709
0.455283
0.445248
0.435596
0.426319
0.417407
0.408853
0.400646
0.39278
0.529262
0.534139
0.5404
0.547153
0.554169
0.561395
0.568822
0.576455
0.584302
0.592372
0.600674
0.609217
0.618013
0.627071
0.636402
0.646015
0.655922
0.666133
0.676657
0.687503
0.69868
0.710195
0.722055
0.734262
0.746821
0.759731
0.772988
0.786587
0.800516
0.814761
0.829301
0.844109
0.859154
0.874394
0.889783
0.905265
0.920776
0.936242
0.951583
0.966708
0.98152
0.995914
1.00978
1.023
1.03545
1.04702
1.05759
1.06703
1.07525
1.08212
1.08757
1.09151
1.09386
1.09459
1.09366
1.09105
1.08675
1.08078
1.07318
1.06397
1.05322
1.04099
1.02734
1.01233
0.996023
0.978484
0.959762
0.939918
0.918947
0.897325
0.875542
0.85374
0.832014
0.81046
0.789163
0.768192
0.747606
0.727451
0.707766
0.68858
0.669916
0.651788
0.634208
0.617183
0.600713
0.584799
0.569437
0.55462
0.540341
0.526589
0.513355
0.500627
0.488392
0.476637
0.46535
0.454516
0.444123
0.434157
0.424606
0.415458
0.02436
0.024377
0.0243886
0.0243958
0.024399
0.0243984
0.0243944
0.0243871
0.0243768
0.0243637
0.0243477
0.0243292
0.0243081
0.0242845
0.0242584
0.02423
0.0241992
0.024166
0.0241304
0.0240923
0.0240519
0.0240089
0.0239633
0.0239152
0.0238644
0.0238108
0.0237544
0.0236952
0.0236329
0.0235676
0.0234991
0.0234273
0.0233522
0.0232737
0.0231916
0.023106
0.0230166
0.0229235
0.0228264
0.0227254
0.0226204
0.0225113
0.022398
0.0222804
0.0221585
0.0220323
0.0219016
0.0217664
0.0216267
0.0214824
0.0213336
0.0211801
0.0210219
0.020859
0.0206914
0.0205191
0.0203421
0.0201604
0.0199738
0.0197826
0.0195865
0.0193858
0.0191802
0.0189699
0.0187548
0.018535
0.0183103
0.0180809
0.0178465
0.0176074
0.0173632
0.0171141
0.0168599
0.0166006
0.0163359
0.0160658
0.01579
0.0155084
0.0152206
0.0149264
0.0146254
0.0143171
0.0140009
0.0136761
0.0133421
0.0129976
0.0126416
0.0122725
0.0118883
0.0114867
0.0110643
0.0106168
0.0101385
0.00962077
0.00905119
0.00840996
0.00766345
0.00674928
0.0055483
0.0041142
0.0293592
0.0291439
0.0289378
0.0287403
0.0285511
0.0283695
0.0281952
0.0280277
0.0278665
0.027711
0.0275609
0.0274157
0.0272749
0.0271381
0.0270049
0.0268747
0.0267474
0.0266223
0.0264992
0.0263777
0.0262575
0.0261383
0.0260197
0.0259015
0.0257834
0.0256651
0.0255464
0.0254271
0.0253069
0.0251857
0.0250632
0.0249394
0.024814
0.0246869
0.024558
0.0244271
0.0242941
0.0241589
0.0240215
0.0238816
0.0237393
0.0235945
0.023447
0.0232968
0.023144
0.0229883
0.0228299
0.0226686
0.0225043
0.0223372
0.0221671
0.021994
0.0218179
0.0216388
0.0214566
0.0212714
0.0210831
0.0208917
0.0206973
0.0204997
0.020299
0.0200952
0.0198882
0.019678
0.0194646
0.0192479
0.019028
0.0188047
0.0185779
0.0183477
0.0181139
0.0178763
0.0176349
0.0173895
0.0171399
0.0168859
0.0166272
0.0163634
0.0160942
0.0158192
0.0155377
0.0152492
0.0149529
0.0146478
0.014333
0.014007
0.0136682
0.0133146
0.0129438
0.0125525
0.0121368
0.0116912
0.0112085
0.0106784
0.0100859
0.00940752
0.00860352
0.00759972
0.00624896
0.00460404
0.0366817
0.0363471
0.0360385
0.0357523
0.0354866
0.0352393
0.0350088
0.0347934
0.0345915
0.0344016
0.0342223
0.0340523
0.0338905
0.0337356
0.0335868
0.0334431
0.0333036
0.0331676
0.0330343
0.0329032
0.0327737
0.0326451
0.0325172
0.0323894
0.0322614
0.0321328
0.0320034
0.0318728
0.0317409
0.0316074
0.0314722
0.031335
0.0311958
0.0310545
0.0309109
0.0307649
0.0306165
0.0304656
0.0303122
0.0301562
0.0299977
0.0298365
0.0296728
0.0295064
0.0293374
0.0291658
0.0289916
0.0288147
0.0286353
0.0284534
0.0282688
0.0280818
0.0278921
0.0277
0.0275052
0.027308
0.0271082
0.0269057
0.0267007
0.026493
0.0262826
0.0260695
0.0258535
0.0256345
0.0254124
0.0251872
0.0249586
0.0247264
0.0244905
0.0242505
0.0240063
0.0237574
0.0235036
0.0232444
0.0229794
0.022708
0.0224296
0.0221436
0.0218491
0.0215454
0.0212313
0.0209057
0.0205673
0.0202145
0.0198454
0.019458
0.0190495
0.0186169
0.0181564
0.017663
0.0171307
0.0165516
0.0159146
0.0152048
0.0143996
0.0134638
0.012336
0.0108948
0.00885332
0.00565498
0.0448643
0.0444619
0.0440917
0.0437487
0.0434304
0.0431345
0.0428587
0.0426012
0.0423598
0.0421329
0.0419188
0.0417161
0.0415233
0.0413392
0.0411626
0.0409925
0.0408279
0.040668
0.0405119
0.0403591
0.0402088
0.0400605
0.0399137
0.039768
0.0396228
0.0394779
0.039333
0.0391877
0.0390418
0.0388951
0.0387473
0.0385983
0.038448
0.0382961
0.0381426
0.0379874
0.0378303
0.0376713
0.0375103
0.0373472
0.0371819
0.0370144
0.0368447
0.0366726
0.0364982
0.0363213
0.0361419
0.03596
0.0357755
0.0355883
0.0353983
0.0352055
0.0350098
0.0348112
0.0346094
0.0344044
0.0341961
0.0339844
0.033769
0.0335499
0.0333269
0.0330997
0.0328682
0.0326321
0.0323911
0.0321451
0.0318936
0.0316363
0.0313729
0.0311029
0.030826
0.0305415
0.0302489
0.0299476
0.029637
0.0293163
0.0289846
0.028641
0.0282845
0.0279138
0.0275277
0.0271245
0.0267025
0.0262596
0.0257936
0.0253014
0.0247799
0.0242249
0.0236315
0.0229934
0.0223028
0.0215492
0.0207188
0.0197918
0.0187391
0.0175148
0.0160391
0.0141531
0.0114773
0.00722025
0.0531485
0.0527011
0.0522898
0.0519089
0.0515559
0.0512281
0.0509232
0.0506391
0.0503735
0.0501246
0.0498905
0.0496696
0.0494604
0.0492614
0.0490714
0.0488892
0.0487136
0.0485438
0.0483788
0.0482178
0.0480602
0.0479052
0.0477523
0.0476009
0.0474505
0.0473008
0.0471513
0.0470016
0.0468516
0.0467008
0.046549
0.046396
0.0462415
0.0460855
0.0459276
0.0457678
0.0456058
0.0454417
0.0452751
0.045106
0.0449343
0.0447599
0.0445826
0.0444023
0.044219
0.0440326
0.0438428
0.0436497
0.043453
0.0432527
0.0430486
0.0428407
0.0426287
0.0424125
0.042192
0.0419669
0.0417372
0.0415025
0.0412627
0.0410176
0.0407669
0.0405103
0.0402476
0.0399785
0.0397025
0.0394193
0.0391286
0.0388299
0.0385227
0.0382065
0.0378808
0.0375449
0.0371981
0.0368397
0.0364688
0.0360846
0.035686
0.0352719
0.0348409
0.0343917
0.0339226
0.0334317
0.0329168
0.0323756
0.031805
0.0312016
0.0305614
0.0298794
0.0291496
0.0283643
0.0275138
0.0265856
0.0255624
0.0244202
0.0231232
0.021615
0.0197971
0.017473
0.0141661
0.00879286
0.0609832
0.0605066
0.0600691
0.0596648
0.0592907
0.0589442
0.0586227
0.0583239
0.0580455
0.0577854
0.0575416
0.0573125
0.0570962
0.0568912
0.0566962
0.0565098
0.0563309
0.0561584
0.0559913
0.0558286
0.0556697
0.0555137
0.05536
0.055208
0.0550571
0.0549068
0.0547568
0.0546064
0.0544555
0.0543037
0.0541505
0.0539959
0.0538395
0.053681
0.0535203
0.0533571
0.0531913
0.0530226
0.052851
0.0526761
0.052498
0.0523164
0.0521312
0.0519422
0.0517493
0.0515523
0.0513511
0.0511456
0.0509355
0.0507208
0.0505011
0.0502765
0.0500467
0.0498114
0.0495705
0.0493238
0.0490711
0.048812
0.0485463
0.0482738
0.0479941
0.0477069
0.0474119
0.0471086
0.0467967
0.0464757
0.0461452
0.0458045
0.0454533
0.0450907
0.0447163
0.0443291
0.0439285
0.0435135
0.0430831
0.0426363
0.0421718
0.0416882
0.0411842
0.0406579
0.0401074
0.0395305
0.0389247
0.038287
0.0376139
0.0369015
0.0361449
0.0353382
0.0344743
0.0335442
0.0325363
0.0314357
0.030222
0.0288667
0.0273273
0.0255366
0.0233776
0.0206156
0.0166804
0.0102583
0.0685581
0.068067
0.0676165
0.0672004
0.0668157
0.0664597
0.0661298
0.0658237
0.065539
0.0652735
0.0650252
0.0647922
0.0645728
0.0643654
0.0641685
0.0639807
0.0638007
0.0636274
0.0634598
0.0632969
0.0631378
0.0629817
0.0628279
0.0626757
0.0625246
0.0623739
0.0622232
0.062072
0.0619199
0.0617666
0.0616116
0.0614547
0.0612955
0.0611338
0.0609693
0.0608019
0.0606311
0.0604569
0.0602791
0.0600974
0.0599116
0.0597216
0.0595273
0.0593283
0.0591245
0.0589158
0.058702
0.0584829
0.0582583
0.0580279
0.0577917
0.0575493
0.0573006
0.0570453
0.0567832
0.0565141
0.0562375
0.0559534
0.0556612
0.0553608
0.0550517
0.0547336
0.0544061
0.0540686
0.0537208
0.0533621
0.052992
0.0526099
0.0522151
0.0518068
0.0513844
0.050947
0.0504936
0.0500232
0.0495348
0.0490269
0.0484984
0.0479475
0.0473726
0.0467717
0.0461426
0.0454827
0.0447892
0.0440586
0.0432871
0.04247
0.0416018
0.0406757
0.0396836
0.0386152
0.0374572
0.0361925
0.0347978
0.0332401
0.0314708
0.0294126
0.0269305
0.0237534
0.0192168
0.0117286
0.0758289
0.0753334
0.074879
0.0744594
0.0740718
0.0737134
0.0733815
0.0730738
0.072788
0.0725217
0.072273
0.0720399
0.0718207
0.0716136
0.0714173
0.0712302
0.071051
0.0708786
0.0707119
0.0705498
0.0703915
0.0702361
0.0700828
0.069931
0.0697799
0.0696291
0.0694779
0.0693259
0.0691727
0.0690178
0.0688608
0.0687014
0.0685393
0.0683741
0.0682056
0.0680334
0.0678575
0.0676774
0.067493
0.067304
0.0671103
0.0669116
0.0667077
0.0664984
0.0662835
0.0660628
0.0658361
0.0656031
0.0653637
0.0651175
0.0648645
0.0646043
0.0643367
0.0640613
0.063778
0.0634864
0.0631862
0.0628771
0.0625587
0.0622306
0.0618924
0.0615438
0.0611841
0.0608129
0.0604297
0.0600339
0.0596249
0.0592019
0.0587643
0.0583112
0.0578417
0.057355
0.0568498
0.0563252
0.0557798
0.0552122
0.0546209
0.054004
0.0533597
0.0526857
0.0519796
0.0512384
0.050459
0.0496375
0.0487696
0.0478499
0.0468723
0.0458292
0.0447113
0.0435072
0.0422018
0.0407758
0.0392028
0.0374458
0.0354495
0.0331266
0.030324
0.026734
0.0216
0.0130975
0.082864
0.0823724
0.0819216
0.0815053
0.0811208
0.0807652
0.0804361
0.0801311
0.0798477
0.0795839
0.0793376
0.0791069
0.0788899
0.0786851
0.0784908
0.0783057
0.0781284
0.0779577
0.0777926
0.0776319
0.0774747
0.0773202
0.0771675
0.077016
0.076865
0.0767139
0.076562
0.0764089
0.0762542
0.0760973
0.0759379
0.0757756
0.07561
0.0754408
0.0752677
0.0750904
0.0749086
0.0747221
0.0745306
0.0743338
0.0741316
0.0739236
0.0737097
0.0734895
0.073263
0.0730298
0.0727897
0.0725424
0.0722878
0.0720255
0.0717552
0.0714768
0.0711899
0.0708942
0.0705894
0.0702752
0.0699511
0.0696169
0.069272
0.0689162
0.0685489
0.0681696
0.0677779
0.0673731
0.0669546
0.0665219
0.0660741
0.0656106
0.0651305
0.064633
0.064117
0.0635815
0.0630253
0.0624472
0.0618457
0.0612193
0.0605663
0.0598847
0.0591724
0.0584269
0.0576455
0.0568251
0.055962
0.0550521
0.0540905
0.0530714
0.051988
0.0508319
0.0495929
0.0482582
0.0468114
0.045231
0.0434878
0.0415408
0.0393289
0.036755
0.0336492
0.0296688
0.0239663
0.0144494
0.0896716
0.0891902
0.0887488
0.0883412
0.0879645
0.0876162
0.0872938
0.0869949
0.0867173
0.0864588
0.0862173
0.0859911
0.0857783
0.0855773
0.0853865
0.0852046
0.0850301
0.0848619
0.0846989
0.08454
0.0843844
0.084231
0.0840791
0.0839279
0.0837768
0.0836252
0.0834724
0.083318
0.0831614
0.0830021
0.0828398
0.0826741
0.0825045
0.0823308
0.0821525
0.0819695
0.0817813
0.0815877
0.0813884
0.0811832
0.0809717
0.0807538
0.0805291
0.0802974
0.0800585
0.0798121
0.0795579
0.0792957
0.0790251
0.078746
0.0784579
0.0781606
0.0778538
0.0775371
0.0772102
0.0768726
0.0765241
0.0761641
0.0757923
0.0754082
0.0750112
0.0746008
0.0741765
0.0737376
0.0732834
0.0728133
0.0723265
0.0718222
0.0712994
0.0707571
0.0701944
0.06961
0.0690027
0.068371
0.0677136
0.0670285
0.066314
0.065568
0.0647881
0.0639716
0.0631157
0.0622167
0.0612709
0.0602736
0.0592196
0.0581025
0.0569149
0.0556477
0.0542897
0.052827
0.0512415
0.0495099
0.0476002
0.0454673
0.0430444
0.0402248
0.0368217
0.0324578
0.0261976
0.0157132
0.0962809
0.0958152
0.0953881
0.0949935
0.0946287
0.0942912
0.0939787
0.0936889
0.0934195
0.0931684
0.0929338
0.0927138
0.0925066
0.0923106
0.0921243
0.0919463
0.0917754
0.0916102
0.0914497
0.0912929
0.0911388
0.0909865
0.0908352
0.0906843
0.0905329
0.0903804
0.0902263
0.09007
0.089911
0.0897488
0.089583
0.0894132
0.0892389
0.0890599
0.0888757
0.0886861
0.0884907
0.0882892
0.0880813
0.0878668
0.0876452
0.0874165
0.0871802
0.0869361
0.086684
0.0864235
0.0861543
0.0858762
0.0855888
0.0852919
0.0849851
0.084668
0.0843404
0.0840018
0.0836519
0.0832903
0.0829164
0.0825299
0.0821303
0.0817171
0.0812897
0.0808475
0.0803899
0.0799162
0.0794257
0.0789177
0.0783913
0.0778455
0.0772795
0.0766922
0.0760824
0.0754488
0.0747901
0.0741048
0.0733913
0.0726476
0.0718718
0.0710616
0.0702145
0.0693277
0.0683978
0.0674213
0.0663939
0.0653106
0.0641659
0.0629529
0.0616636
0.0602881
0.0588145
0.0572277
0.0555084
0.0536312
0.0515616
0.0492509
0.0466268
0.0435737
0.039889
0.0351626
0.0283729
0.0169385
0.1027
0.102254
0.101845
0.101467
0.101118
0.100794
0.100495
0.100216
0.0999572
0.0997156
0.0994895
0.0992771
0.0990767
0.0988868
0.0987059
0.0985326
0.0983656
0.0982039
0.0980462
0.0978916
0.0977391
0.0975878
0.0974371
0.097286
0.0971339
0.0969802
0.0968243
0.0966656
0.0965036
0.0963379
0.0961679
0.0959933
0.0958136
0.0956285
0.0954376
0.0952405
0.095037
0.0948267
0.0946093
0.0943845
0.0941519
0.0939114
0.0936625
0.093405
0.0931386
0.092863
0.0925778
0.0922828
0.0919776
0.0916618
0.0913352
0.0909974
0.0906479
0.0902864
0.0899124
0.0895256
0.0891254
0.0887114
0.0882829
0.0878396
0.0873807
0.0869056
0.0864138
0.0859043
0.0853766
0.0848296
0.0842626
0.0836746
0.0830645
0.0824312
0.0817735
0.08109
0.0803792
0.0796396
0.0788693
0.0780665
0.077229
0.0763543
0.0754398
0.0744824
0.0734786
0.0724247
0.071316
0.0701473
0.0689126
0.0676047
0.0662149
0.0647329
0.0631457
0.0614374
0.0595871
0.0575679
0.0553427
0.0528594
0.0500403
0.0467612
0.0428042
0.0377271
0.0304258
0.0180863
0.108938
0.108517
0.10813
0.107772
0.107441
0.107134
0.106849
0.106584
0.106337
0.106107
0.10589
0.105687
0.105494
0.105311
0.105136
0.104968
0.104806
0.104648
0.104493
0.104341
0.10419
0.104039
0.103889
0.103737
0.103584
0.103429
0.10327
0.103109
0.102943
0.102773
0.102598
0.102418
0.102232
0.10204
0.101842
0.101636
0.101424
0.101204
0.100976
0.100739
0.100495
0.100241
0.0999788
0.0997068
0.099425
0.0991331
0.0988308
0.0985177
0.0981935
0.0978578
0.0975102
0.0971503
0.0967778
0.0963922
0.095993
0.0955798
0.095152
0.0947092
0.0942507
0.093776
0.0932845
0.0927754
0.0922481
0.0917017
0.0911355
0.0905485
0.0899399
0.0893085
0.0886533
0.0879731
0.0872665
0.0865322
0.0857685
0.0849738
0.0841462
0.0832837
0.0823839
0.0814444
0.0804622
0.0794341
0.0783566
0.0772255
0.076036
0.0747827
0.073459
0.0720575
0.070569
0.0689825
0.0672844
0.0654577
0.0634805
0.061324
0.0589491
0.0563004
0.0532952
0.0498014
0.0455866
0.0401786
0.0323938
0.0191813
0.114998
0.114604
0.114242
0.113907
0.113597
0.113308
0.11304
0.112791
0.112558
0.11234
0.112135
0.111941
0.111757
0.111582
0.111413
0.111251
0.111093
0.110939
0.110787
0.110637
0.110487
0.110338
0.110187
0.110035
0.10988
0.109722
0.109561
0.109396
0.109226
0.109051
0.10887
0.108683
0.10849
0.108291
0.108083
0.107869
0.107646
0.107415
0.107176
0.106927
0.106669
0.106402
0.106125
0.105837
0.105539
0.105229
0.104909
0.104576
0.104232
0.103875
0.103505
0.103122
0.102725
0.102314
0.101889
0.101448
0.100991
0.100519
0.100029
0.0995218
0.0989965
0.0984522
0.0978883
0.0973039
0.0966982
0.0960702
0.0954189
0.0947432
0.0940419
0.0933138
0.0925575
0.0917715
0.0909542
0.0901037
0.0892181
0.0882953
0.0873328
0.086328
0.0852778
0.084179
0.0830276
0.0818194
0.0805494
0.0792117
0.0777998
0.0763055
0.0747194
0.0730299
0.0712227
0.0692799
0.0671786
0.0648885
0.0623683
0.0595597
0.0563754
0.0526759
0.0482153
0.0424928
0.0342493
0.0202076
0.12088
0.120517
0.120183
0.119873
0.119585
0.119318
0.119069
0.118836
0.118618
0.118414
0.11822
0.118037
0.117863
0.117695
0.117534
0.117377
0.117224
0.117074
0.116925
0.116777
0.116629
0.116479
0.116328
0.116174
0.116018
0.115857
0.115693
0.115523
0.115348
0.115167
0.11498
0.114786
0.114585
0.114377
0.11416
0.113935
0.113701
0.113459
0.113207
0.112945
0.112673
0.11239
0.112097
0.111793
0.111477
0.111149
0.110809
0.110456
0.110091
0.109711
0.109318
0.108911
0.108489
0.108051
0.107598
0.107129
0.106642
0.106138
0.105616
0.105076
0.104515
0.103935
0.103333
0.10271
0.102064
0.101393
0.100698
0.0999773
0.099229
0.0984521
0.0976452
0.0968066
0.0959348
0.0950277
0.0940834
0.0930995
0.0920736
0.0910029
0.0898842
0.0887141
0.0874886
0.0862031
0.0848524
0.0834306
0.0819306
0.0803441
0.0786612
0.0768697
0.0749549
0.0728979
0.0706749
0.0682542
0.0655926
0.0626289
0.0592718
0.0553749
0.0506795
0.0446588
0.0359831
0.0211701
0.127273
0.126942
0.126637
0.126353
0.126089
0.125842
0.125612
0.125396
0.125192
0.125
0.124818
0.124644
0.124478
0.124317
0.12416
0.124008
0.123857
0.123708
0.123559
0.12341
0.12326
0.123108
0.122953
0.122795
0.122632
0.122465
0.122293
0.122115
0.121931
0.12174
0.121542
0.121337
0.121123
0.120901
0.12067
0.12043
0.12018
0.11992
0.11965
0.119369
0.119078
0.118774
0.118459
0.118132
0.117793
0.11744
0.117074
0.116695
0.116301
0.115893
0.11547
0.115031
0.114576
0.114105
0.113617
0.113111
0.112587
0.112045
0.111483
0.1109
0.110297
0.109672
0.109024
0.108353
0.107657
0.106936
0.106189
0.105413
0.104608
0.103773
0.102906
0.102005
0.101069
0.100096
0.0990826
0.0980276
0.0969281
0.0957813
0.0945838
0.093332
0.0920219
0.0906486
0.0892069
0.0876904
0.0860919
0.0844028
0.0826126
0.0807089
0.0786762
0.076495
0.0741403
0.071579
0.0687662
0.065638
0.0620989
0.0579957
0.0530579
0.0467334
0.0376269
0.0220608
0.134341
0.134053
0.133787
0.133538
0.133306
0.133088
0.132884
0.132691
0.132509
0.132335
0.132169
0.13201
0.131855
0.131705
0.131557
0.131411
0.131266
0.131121
0.130976
0.130828
0.130678
0.130525
0.130368
0.130206
0.13004
0.129867
0.129689
0.129503
0.129311
0.12911
0.128902
0.128685
0.128458
0.128223
0.127978
0.127722
0.127456
0.127179
0.12689
0.12659
0.126278
0.125953
0.125616
0.125265
0.124901
0.124522
0.12413
0.123722
0.123299
0.12286
0.122406
0.121934
0.121445
0.120939
0.120414
0.11987
0.119306
0.118723
0.118118
0.117492
0.116843
0.116171
0.115474
0.114753
0.114005
0.11323
0.112427
0.111594
0.11073
0.109833
0.108902
0.107936
0.106932
0.105888
0.104802
0.103672
0.102495
0.101268
0.099987
0.0986489
0.0972494
0.0957833
0.0942452
0.0926285
0.0909256
0.0891275
0.0872233
0.0852
0.0830414
0.080727
0.0782308
0.075518
0.0725413
0.0692338
0.0654948
0.061163
0.055953
0.0492811
0.039667
0.0231604
0.14113
0.140888
0.140664
0.140453
0.140255
0.140069
0.139892
0.139725
0.139564
0.139411
0.139262
0.139118
0.138977
0.138837
0.138699
0.138561
0.138423
0.138282
0.13814
0.137994
0.137844
0.13769
0.137531
0.137366
0.137195
0.137017
0.136832
0.136639
0.136438
0.136228
0.136009
0.13578
0.135541
0.135292
0.135031
0.13476
0.134477
0.134182
0.133875
0.133555
0.133222
0.132876
0.132515
0.132141
0.131751
0.131347
0.130927
0.130491
0.130038
0.129569
0.129082
0.128577
0.128054
0.127512
0.12695
0.126367
0.125764
0.125139
0.124492
0.123821
0.123126
0.122407
0.121661
0.120889
0.120089
0.11926
0.118401
0.11751
0.116586
0.115627
0.114633
0.1136
0.112528
0.111414
0.110255
0.109049
0.107794
0.106486
0.105122
0.103697
0.102208
0.100649
0.099014
0.0972969
0.0954894
0.0935822
0.0915641
0.0894215
0.0871374
0.0846908
0.0820542
0.0791916
0.0760536
0.0725702
0.0686362
0.0640828
0.0586107
0.0516072
0.0415143
0.024149
0.147606
0.147411
0.147229
0.147057
0.146895
0.14674
0.146592
0.146449
0.146312
0.146178
0.146047
0.145918
0.14579
0.145662
0.145533
0.145403
0.14527
0.145133
0.144993
0.144849
0.144699
0.144544
0.144382
0.144213
0.144037
0.143853
0.143661
0.143459
0.143249
0.143028
0.142797
0.142556
0.142304
0.14204
0.141764
0.141477
0.141176
0.140863
0.140537
0.140196
0.139842
0.139473
0.139089
0.13869
0.138275
0.137844
0.137396
0.136931
0.136449
0.135948
0.135429
0.134891
0.134333
0.133754
0.133155
0.132534
0.131891
0.131224
0.130534
0.129819
0.129079
0.128312
0.127518
0.126696
0.125843
0.12496
0.124045
0.123097
0.122114
0.121094
0.120037
0.118939
0.117799
0.116615
0.115385
0.114105
0.112774
0.111387
0.10994
0.108431
0.106855
0.105205
0.103477
0.101662
0.0997539
0.0977419
0.0956146
0.093358
0.0909547
0.0883826
0.0856135
0.0826101
0.0793211
0.0756739
0.0715591
0.0668012
0.0610884
0.0537814
0.0432496
0.0250717
0.153749
0.153601
0.153462
0.153328
0.1532
0.153076
0.152956
0.152839
0.152723
0.152609
0.152495
0.152381
0.152265
0.152147
0.152026
0.151903
0.151775
0.151642
0.151504
0.151359
0.151209
0.151051
0.150886
0.150712
0.15053
0.150339
0.150139
0.149928
0.149707
0.149475
0.149232
0.148978
0.148712
0.148433
0.148141
0.147836
0.147518
0.147186
0.14684
0.146479
0.146103
0.145711
0.145304
0.14488
0.144439
0.143981
0.143506
0.143012
0.1425
0.141968
0.141417
0.140846
0.140253
0.139639
0.139003
0.138344
0.137662
0.136955
0.136223
0.135464
0.134679
0.133866
0.133024
0.132153
0.13125
0.130314
0.129345
0.128341
0.1273
0.126221
0.125102
0.123941
0.122737
0.121486
0.120186
0.118835
0.11743
0.115967
0.114442
0.112852
0.111192
0.109456
0.107638
0.105732
0.103728
0.101616
0.0993859
0.0970217
0.0945059
0.0918159
0.0889225
0.085787
0.0823566
0.0785559
0.074272
0.0693226
0.0633844
0.0557928
0.0448489
0.0259144
0.15955
0.159448
0.159349
0.159253
0.159158
0.159064
0.15897
0.158877
0.158782
0.158686
0.158587
0.158486
0.158381
0.158273
0.158159
0.158041
0.157917
0.157786
0.157649
0.157504
0.157351
0.15719
0.15702
0.156841
0.156652
0.156453
0.156244
0.156023
0.155791
0.155548
0.155292
0.155024
0.154743
0.154448
0.154141
0.153819
0.153482
0.153131
0.152765
0.152383
0.151986
0.151571
0.151141
0.150692
0.150227
0.149743
0.14924
0.148718
0.148177
0.147616
0.147033
0.14643
0.145804
0.145156
0.144484
0.143788
0.143068
0.142322
0.141549
0.14075
0.139922
0.139064
0.138177
0.137258
0.136306
0.135321
0.1343
0.133243
0.132148
0.131012
0.129835
0.128615
0.127348
0.126034
0.124669
0.12325
0.121775
0.120241
0.118643
0.116977
0.115238
0.113421
0.11152
0.109527
0.107434
0.10523
0.102904
0.10044
0.0978194
0.0950201
0.0920114
0.0887537
0.0851925
0.0812502
0.07681
0.0716838
0.0655372
0.0576822
0.0463554
0.026702
0.165006
0.164946
0.164886
0.164825
0.164761
0.164694
0.164625
0.164553
0.164477
0.164397
0.164312
0.164222
0.164127
0.164026
0.163918
0.163803
0.163681
0.163551
0.163413
0.163266
0.16311
0.162945
0.162769
0.162583
0.162387
0.162179
0.16196
0.161728
0.161485
0.161229
0.16096
0.160678
0.160382
0.160072
0.159748
0.159409
0.159054
0.158685
0.158299
0.157897
0.157478
0.157042
0.156589
0.156117
0.155627
0.155118
0.154589
0.154041
0.153472
0.152882
0.15227
0.151636
0.150979
0.150298
0.149593
0.148863
0.148107
0.147324
0.146514
0.145676
0.144807
0.143909
0.142979
0.142016
0.141019
0.139987
0.138918
0.137812
0.136665
0.135477
0.134246
0.13297
0.131646
0.130273
0.128847
0.127367
0.125828
0.124227
0.122561
0.120825
0.119014
0.117122
0.115144
0.113072
0.110897
0.108608
0.106193
0.103637
0.100921
0.0980212
0.0949066
0.0915365
0.0878547
0.0837815
0.0791967
0.0739063
0.0675653
0.0594633
0.0477748
0.0274378
0.170116
0.170096
0.170071
0.170041
0.170005
0.169963
0.169915
0.169862
0.169802
0.169735
0.169662
0.169581
0.169493
0.169397
0.169293
0.16918
0.169058
0.168928
0.168787
0.168637
0.168476
0.168304
0.168122
0.167928
0.167723
0.167505
0.167275
0.167033
0.166777
0.166509
0.166226
0.16593
0.165619
0.165293
0.164953
0.164597
0.164225
0.163837
0.163432
0.163011
0.162572
0.162115
0.16164
0.161147
0.160634
0.160101
0.159549
0.158976
0.158381
0.157764
0.157125
0.156463
0.155778
0.155067
0.154332
0.15357
0.152782
0.151966
0.151121
0.150247
0.149342
0.148406
0.147437
0.146435
0.145397
0.144323
0.143211
0.142059
0.140867
0.139631
0.138351
0.137025
0.135649
0.134223
0.132742
0.131205
0.129608
0.127947
0.12622
0.12442
0.122544
0.120585
0.118538
0.116393
0.114144
0.111778
0.109283
0.106644
0.103841
0.10085
0.0976393
0.0941667
0.0903749
0.0861818
0.0814639
0.0760218
0.0695003
0.061167
0.0491366
0.028138
0.174885
0.1749
0.174906
0.174902
0.17489
0.174869
0.174839
0.174801
0.174754
0.174698
0.174633
0.174558
0.174474
0.174381
0.174278
0.174165
0.174042
0.173908
0.173763
0.173607
0.17344
0.173261
0.17307
0.172867
0.172652
0.172424
0.172183
0.171928
0.17166
0.171378
0.171082
0.170771
0.170445
0.170105
0.169748
0.169376
0.168987
0.168582
0.16816
0.16772
0.167263
0.166787
0.166293
0.165779
0.165245
0.164692
0.164118
0.163522
0.162905
0.162265
0.161602
0.160915
0.160204
0.159467
0.158705
0.157916
0.157099
0.156253
0.155379
0.154474
0.153537
0.152568
0.151566
0.150528
0.149454
0.148343
0.147193
0.146002
0.144769
0.143492
0.14217
0.140799
0.139378
0.137905
0.136376
0.134789
0.133141
0.131427
0.129645
0.127789
0.125855
0.123837
0.121728
0.11952
0.117204
0.11477
0.112204
0.10949
0.106609
0.103536
0.100238
0.0966727
0.0927808
0.0884781
0.0836378
0.0780551
0.0713647
0.0628129
0.0504551
0.0288106
0.17932
0.179364
0.179395
0.179414
0.17942
0.179416
0.179399
0.179372
0.179334
0.179284
0.179224
0.179152
0.17907
0.178976
0.178871
0.178755
0.178627
0.178488
0.178336
0.178173
0.177998
0.17781
0.177609
0.177396
0.17717
0.17693
0.176677
0.17641
0.176129
0.175833
0.175523
0.175198
0.174858
0.174503
0.174131
0.173744
0.17334
0.172919
0.17248
0.172024
0.17155
0.171057
0.170546
0.170014
0.169463
0.168891
0.168298
0.167684
0.167047
0.166387
0.165704
0.164997
0.164264
0.163506
0.162721
0.161909
0.161069
0.160199
0.1593
0.158369
0.157406
0.15641
0.155379
0.154313
0.153209
0.152067
0.150885
0.149661
0.148395
0.147083
0.145724
0.144316
0.142857
0.141343
0.139773
0.138144
0.136452
0.134694
0.132865
0.130961
0.128977
0.126907
0.124744
0.12248
0.120106
0.117612
0.114983
0.112203
0.109253
0.106107
0.102731
0.0990821
0.0950995
0.0906968
0.085744
0.0800309
0.0731824
0.0644236
0.0517504
0.0294666
0.183429
0.183495
0.183546
0.183581
0.183601
0.183607
0.1836
0.183578
0.183544
0.183497
0.183437
0.183365
0.18328
0.183182
0.183072
0.18295
0.182815
0.182667
0.182507
0.182334
0.182149
0.18195
0.181738
0.181513
0.181274
0.181022
0.180756
0.180476
0.180182
0.179873
0.179549
0.179211
0.178857
0.178488
0.178102
0.177701
0.177283
0.176847
0.176395
0.175925
0.175437
0.17493
0.174404
0.173858
0.173292
0.172706
0.172098
0.171469
0.170817
0.170142
0.169443
0.168719
0.167971
0.167196
0.166394
0.165564
0.164706
0.163818
0.1629
0.16195
0.160967
0.15995
0.158897
0.157809
0.156682
0.155516
0.154309
0.15306
0.151766
0.150427
0.149039
0.147602
0.146111
0.144566
0.142963
0.141299
0.139571
0.137775
0.135907
0.133963
0.131936
0.129823
0.127614
0.125303
0.122879
0.120332
0.117649
0.114811
0.1118
0.108588
0.105143
0.101418
0.0973532
0.092859
0.0878024
0.081968
0.0749707
0.0660144
0.0530352
0.0301128
0.187224
0.187306
0.187369
0.187413
0.187441
0.187452
0.187447
0.187427
0.187392
0.187342
0.187278
0.1872
0.187109
0.187003
0.186885
0.186753
0.186607
0.186449
0.186277
0.186092
0.185894
0.185682
0.185457
0.185219
0.184967
0.184701
0.184422
0.184128
0.183821
0.183499
0.183162
0.18281
0.182444
0.182062
0.181664
0.18125
0.18082
0.180373
0.179909
0.179428
0.178928
0.17841
0.177874
0.177317
0.176741
0.176144
0.175527
0.174887
0.174225
0.173539
0.17283
0.172097
0.171337
0.170552
0.169739
0.168899
0.168029
0.16713
0.166199
0.165236
0.16424
0.163209
0.162143
0.161039
0.159897
0.158714
0.15749
0.156223
0.154911
0.153551
0.152143
0.150683
0.14917
0.1476
0.145972
0.144281
0.142525
0.1407
0.138801
0.136824
0.134763
0.132613
0.130366
0.128015
0.125549
0.122957
0.120226
0.117338
0.114272
0.111002
0.107494
0.103701
0.09956
0.0949812
0.089828
0.0838797
0.0767418
0.0675967
0.0543197
0.0307549
0.190717
0.190806
0.190874
0.190921
0.190949
0.190958
0.19095
0.190925
0.190883
0.190826
0.190752
0.190664
0.190561
0.190444
0.190313
0.190167
0.190008
0.189836
0.189649
0.18945
0.189237
0.18901
0.188771
0.188518
0.188251
0.187971
0.187678
0.187371
0.18705
0.186715
0.186366
0.186002
0.185624
0.185231
0.184823
0.184399
0.183959
0.183503
0.183031
0.182542
0.182035
0.18151
0.180967
0.180404
0.179822
0.17922
0.178597
0.177953
0.177286
0.176597
0.175884
0.175146
0.174383
0.173593
0.172777
0.171932
0.171058
0.170154
0.169219
0.168251
0.167249
0.166213
0.16514
0.164029
0.162879
0.161689
0.160456
0.159179
0.157856
0.156485
0.155063
0.15359
0.152062
0.150476
0.14883
0.14712
0.145344
0.143497
0.141574
0.139572
0.137485
0.135305
0.133028
0.130643
0.128141
0.12551
0.122737
0.119804
0.11669
0.113367
0.109801
0.105944
0.101732
0.0970732
0.0918282
0.0857714
0.0784989
0.0691726
0.0556059
0.0313937
0.193926
0.194014
0.194078
0.19412
0.194141
0.194141
0.194123
0.194085
0.194031
0.193959
0.193871
0.193768
0.193648
0.193514
0.193366
0.193203
0.193026
0.192836
0.192632
0.192415
0.192185
0.191941
0.191685
0.191416
0.191134
0.190839
0.190531
0.19021
0.189876
0.189529
0.189168
0.188794
0.188406
0.188004
0.187587
0.187156
0.18671
0.186248
0.185771
0.185278
0.184768
0.18424
0.183695
0.183132
0.18255
0.181948
0.181326
0.180683
0.180019
0.179332
0.178621
0.177886
0.177127
0.176341
0.175528
0.174687
0.173817
0.172916
0.171984
0.17102
0.170021
0.168987
0.167916
0.166807
0.165658
0.164467
0.163234
0.161955
0.16063
0.159255
0.157829
0.15635
0.154815
0.153221
0.151566
0.149845
0.148056
0.146194
0.144255
0.142235
0.140127
0.137925
0.135622
0.13321
0.130677
0.128013
0.125203
0.122229
0.11907
0.115697
0.112076
0.108157
0.103876
0.0991387
0.0938029
0.0876388
0.0802342
0.0707316
0.0568844
0.0320223
0.196862
0.196941
0.196993
0.197021
0.197026
0.19701
0.196974
0.196918
0.196844
0.196752
0.196643
0.196518
0.196378
0.196222
0.196051
0.195867
0.195669
0.195457
0.195233
0.194995
0.194745
0.194483
0.194208
0.193921
0.193622
0.193312
0.192989
0.192654
0.192308
0.191949
0.191578
0.191195
0.190799
0.19039
0.189968
0.189533
0.189084
0.188621
0.188143
0.18765
0.187142
0.186617
0.186076
0.185518
0.184942
0.184347
0.183732
0.183098
0.182442
0.181765
0.181065
0.180341
0.179592
0.178818
0.178017
0.177188
0.17633
0.175442
0.174522
0.173569
0.172581
0.171558
0.170498
0.169399
0.16826
0.167078
0.165852
0.164581
0.163261
0.161892
0.16047
0.158993
0.157459
0.155864
0.154207
0.152482
0.150687
0.148818
0.146869
0.144837
0.142715
0.140496
0.138173
0.135738
0.133179
0.130486
0.127642
0.12463
0.121428
0.118007
0.11433
0.110349
0.105997
0.101177
0.0957453
0.0894672
0.081923
0.0722386
0.058115
0.032613
0.201933
0.201953
0.201944
0.20191
0.201852
0.201772
0.201671
0.20155
0.201411
0.201254
0.20108
0.200891
0.200687
0.200469
0.200237
0.199993
0.199736
0.199468
0.199188
0.198897
0.198596
0.198285
0.197964
0.197634
0.197294
0.196945
0.196586
0.196219
0.195842
0.195456
0.19506
0.194656
0.194241
0.193816
0.193382
0.192936
0.19248
0.192012
0.191532
0.19104
0.190534
0.190015
0.189481
0.188932
0.188367
0.187785
0.187185
0.186567
0.185929
0.18527
0.18459
0.183887
0.183159
0.182406
0.181627
0.18082
0.179984
0.179117
0.178218
0.177285
0.176317
0.175313
0.17427
0.173187
0.172061
0.170892
0.169677
0.168414
0.1671
0.165734
0.164313
0.162835
0.161295
0.159693
0.158023
0.156283
0.154469
0.152576
0.150601
0.148536
0.146377
0.144116
0.141747
0.139259
0.136641
0.133882
0.130966
0.127875
0.124584
0.121065
0.11728
0.113179
0.108692
0.103721
0.0981154
0.0916348
0.0838471
0.0738553
0.0593074
0.0331035
0.207739
0.207588
0.207412
0.207216
0.207001
0.206768
0.20652
0.206256
0.20598
0.205691
0.205391
0.205082
0.204763
0.204437
0.204104
0.203764
0.203419
0.20307
0.202717
0.20236
0.202001
0.201639
0.201275
0.200909
0.200543
0.200174
0.199805
0.199435
0.199064
0.198692
0.198318
0.197943
0.197567
0.197187
0.196806
0.196421
0.196032
0.195638
0.19524
0.194835
0.194423
0.194004
0.193575
0.193137
0.192687
0.192225
0.191749
0.191258
0.190751
0.190226
0.189682
0.189117
0.18853
0.187918
0.187281
0.186617
0.185923
0.185198
0.184441
0.183648
0.182819
0.181951
0.181042
0.18009
0.179093
0.178048
0.176953
0.175806
0.174604
0.173345
0.172024
0.170641
0.16919
0.16767
0.166076
0.164405
0.162651
0.160811
0.15888
0.156851
0.154718
0.152473
0.150109
0.147615
0.14498
0.142191
0.139231
0.136079
0.132712
0.129098
0.125196
0.120951
0.116291
0.111107
0.10524
0.0984291
0.090206
0.0795953
0.0640127
0.0353126
0.211673
0.211268
0.21085
0.210424
0.20999
0.209549
0.209103
0.208654
0.208202
0.207749
0.207296
0.206844
0.206395
0.205949
0.205507
0.20507
0.20464
0.204216
0.203801
0.203394
0.202995
0.202607
0.202228
0.201859
0.201501
0.201153
0.200816
0.200489
0.200173
0.199867
0.199571
0.199283
0.199005
0.198734
0.19847
0.198213
0.19796
0.197712
0.197467
0.197223
0.19698
0.196735
0.196488
0.196237
0.195979
0.195713
0.195438
0.195151
0.194851
0.194535
0.194202
0.193849
0.193474
0.193075
0.19265
0.192196
0.191712
0.191194
0.19064
0.190049
0.189417
0.188741
0.18802
0.187251
0.18643
0.185556
0.184625
0.183634
0.182581
0.181462
0.180274
0.179014
0.177678
0.176262
0.174762
0.173175
0.171494
0.169715
0.167832
0.16584
0.16373
0.161496
0.159128
0.156615
0.153946
0.151105
0.148076
0.144837
0.141362
0.137617
0.133558
0.12913
0.12425
0.118807
0.112629
0.105435
0.0967233
0.0854407
0.0687688
0.0374417
0.213818
0.213091
0.21237
0.211658
0.210955
0.210263
0.209583
0.208915
0.208261
0.207623
0.207
0.206394
0.205807
0.205239
0.204691
0.204164
0.203659
0.203177
0.202719
0.202284
0.201874
0.20149
0.20113
0.200796
0.200487
0.200203
0.199945
0.199711
0.199502
0.199316
0.199153
0.199011
0.198891
0.19879
0.198707
0.198641
0.19859
0.198553
0.198527
0.198511
0.198502
0.198499
0.198499
0.198499
0.198499
0.198494
0.198482
0.198462
0.198429
0.198382
0.198317
0.198233
0.198125
0.197992
0.197829
0.197636
0.197407
0.197141
0.196834
0.196484
0.196086
0.19564
0.19514
0.194584
0.193969
0.193291
0.192548
0.191735
0.19085
0.189889
0.188847
0.187722
0.186509
0.185205
0.183804
0.182301
0.180693
0.178972
0.177134
0.175171
0.173077
0.170841
0.168456
0.16591
0.16319
0.160281
0.157164
0.153818
0.150213
0.146316
0.14208
0.137445
0.132327
0.126604
0.120096
0.112505
0.103294
0.0913333
0.0735654
0.0395043
0.214221
0.213129
0.212066
0.211035
0.210037
0.209072
0.20814
0.207242
0.206379
0.205552
0.204762
0.204009
0.203295
0.20262
0.201984
0.20139
0.200837
0.200326
0.199857
0.199432
0.19905
0.198711
0.198415
0.198162
0.197952
0.197785
0.197658
0.197573
0.197527
0.197519
0.197549
0.197614
0.197712
0.197842
0.198002
0.198189
0.198401
0.198635
0.198889
0.19916
0.199445
0.199741
0.200045
0.200354
0.200665
0.200973
0.201276
0.201571
0.201853
0.20212
0.202368
0.202594
0.202793
0.202962
0.203098
0.203197
0.203255
0.203269
0.203235
0.20315
0.20301
0.202811
0.20255
0.202222
0.201825
0.201355
0.200807
0.200178
0.199465
0.198662
0.197766
0.196773
0.195679
0.194478
0.193166
0.191738
0.190189
0.188511
0.186701
0.184749
0.182648
0.18039
0.177965
0.175361
0.172564
0.169559
0.166327
0.162844
0.159081
0.155003
0.150561
0.145691
0.140306
0.13428
0.127421
0.119415
0.109695
0.0970579
0.0782134
0.0414002
0.213056
0.211584
0.210171
0.208818
0.207524
0.206289
0.205114
0.203998
0.202942
0.201946
0.201011
0.200137
0.199325
0.198574
0.197887
0.197262
0.196701
0.196204
0.19577
0.1954
0.195094
0.194851
0.194671
0.194553
0.194496
0.194499
0.19456
0.194679
0.194853
0.19508
0.195358
0.195685
0.196057
0.196473
0.196928
0.197421
0.197947
0.198503
0.199085
0.19969
0.200314
0.200953
0.201602
0.202258
0.202917
0.203574
0.204225
0.204866
0.205492
0.2061
0.206684
0.207241
0.207767
0.208256
0.208705
0.20911
0.209466
0.209769
0.210015
0.210199
0.210317
0.210366
0.210341
0.210238
0.210052
0.20978
0.209416
0.208958
0.208401
0.20774
0.206971
0.206089
0.20509
0.203968
0.202719
0.201337
0.199816
0.198151
0.196335
0.19436
0.192219
0.189902
0.187399
0.184698
0.181787
0.178647
0.175261
0.171603
0.167645
0.163348
0.158664
0.153526
0.147844
0.141485
0.134252
0.125818
0.115588
0.102291
0.0824289
0.0430141
0.210651
0.208814
0.207068
0.205413
0.203848
0.202371
0.200983
0.199682
0.198468
0.197341
0.196301
0.195348
0.194482
0.193702
0.19301
0.192404
0.191884
0.191451
0.191104
0.190842
0.190664
0.19057
0.190558
0.190627
0.190775
0.191
0.1913
0.191673
0.192115
0.192624
0.193196
0.193828
0.194517
0.195259
0.196049
0.196883
0.197757
0.198666
0.199606
0.200573
0.20156
0.202564
0.203578
0.2046
0.205622
0.206641
0.20765
0.208646
0.209622
0.210575
0.211497
0.212386
0.213235
0.21404
0.214796
0.215498
0.21614
0.216719
0.217229
0.217665
0.218023
0.218299
0.218486
0.218582
0.21858
0.218477
0.218268
0.217948
0.217512
0.216957
0.216276
0.215466
0.214521
0.213436
0.212206
0.210826
0.209288
0.207588
0.205719
0.203673
0.201443
0.199019
0.196391
0.193547
0.190474
0.187155
0.18357
0.179696
0.175502
0.17095
0.165991
0.160556
0.154554
0.14785
0.140239
0.131381
0.12066
0.106751
0.0859747
0.0443115
0.207581
0.205404
0.203358
0.201439
0.199642
0.197966
0.196409
0.19497
0.193647
0.192438
0.191345
0.190364
0.189496
0.18874
0.188095
0.187561
0.187136
0.186819
0.186609
0.186505
0.186505
0.186607
0.18681
0.18711
0.187505
0.187992
0.188568
0.189229
0.189972
0.190792
0.191686
0.192648
0.193674
0.19476
0.195899
0.197088
0.19832
0.199589
0.200892
0.202221
0.203571
0.204936
0.206311
0.207689
0.209065
0.210432
0.211786
0.213119
0.214427
0.215702
0.216941
0.218136
0.219282
0.220374
0.221406
0.222372
0.223268
0.224086
0.224823
0.225473
0.22603
0.226489
0.226845
0.227093
0.227228
0.227245
0.227138
0.226904
0.226537
0.226033
0.225385
0.22459
0.223643
0.222537
0.221269
0.219832
0.21822
0.216428
0.214448
0.212274
0.209898
0.207311
0.204503
0.201462
0.198174
0.194625
0.190794
0.186657
0.182186
0.177342
0.172074
0.166317
0.159977
0.152917
0.144928
0.135668
0.124502
0.110068
0.0885569
0.0450736
0.204673
0.202187
0.199872
0.197726
0.19574
0.193911
0.192234
0.190705
0.189324
0.188087
0.186991
0.186036
0.185218
0.184537
0.18399
0.183576
0.183292
0.183137
0.183107
0.183201
0.183416
0.183748
0.184196
0.184754
0.185419
0.186188
0.187056
0.188018
0.18907
0.190206
0.191421
0.19271
0.194067
0.195486
0.196961
0.198487
0.200057
0.201664
0.203303
0.204968
0.206651
0.208347
0.210047
0.211746
0.213436
0.215112
0.216767
0.218393
0.219986
0.221538
0.223043
0.224495
0.225888
0.227214
0.228468
0.229644
0.230735
0.231737
0.232641
0.233444
0.234138
0.234719
0.23518
0.235516
0.235722
0.235793
0.235723
0.235506
0.235139
0.234615
0.23393
0.233079
0.232056
0.230858
0.229477
0.22791
0.226151
0.224193
0.222031
0.219658
0.217067
0.214248
0.211194
0.207893
0.204333
0.200497
0.196369
0.191925
0.187137
0.181967
0.176367
0.170271
0.163587
0.156179
0.14784
0.138224
0.126694
0.111873
0.0898783
0.0451798
0.202908
0.200159
0.197619
0.195284
0.193149
0.191207
0.189454
0.187883
0.186489
0.185269
0.184218
0.183333
0.18261
0.182046
0.181636
0.181378
0.181268
0.181303
0.181479
0.181792
0.182237
0.182812
0.18351
0.184328
0.18526
0.186301
0.187446
0.18869
0.190026
0.191449
0.192952
0.19453
0.196175
0.197882
0.199645
0.201455
0.203307
0.205194
0.207108
0.209044
0.210994
0.212951
0.214908
0.216858
0.218794
0.220708
0.222594
0.224445
0.226254
0.228012
0.229715
0.231353
0.232921
0.234411
0.235816
0.23713
0.238345
0.239455
0.240453
0.241334
0.242089
0.242714
0.243202
0.243547
0.243743
0.243785
0.243667
0.243384
0.242931
0.242302
0.241492
0.240498
0.239313
0.237933
0.236354
0.234571
0.232579
0.230372
0.227946
0.225294
0.222411
0.219288
0.215919
0.212293
0.208399
0.204224
0.199751
0.194959
0.189821
0.184302
0.178357
0.171921
0.164906
0.15718
0.14854
0.138645
0.126866
0.111835
0.0896727
0.0445167
0.20314
0.200212
0.197526
0.195075
0.192853
0.190858
0.189082
0.18752
0.186164
0.185006
0.184041
0.183263
0.182666
0.182244
0.181993
0.181906
0.18198
0.182207
0.182584
0.183104
0.183763
0.184554
0.185472
0.186512
0.187667
0.188931
0.190299
0.191763
0.193319
0.194958
0.196675
0.198464
0.200317
0.202228
0.204191
0.206198
0.208243
0.210319
0.212418
0.214535
0.216661
0.218789
0.220912
0.223024
0.225115
0.227179
0.229208
0.231195
0.233131
0.235009
0.236821
0.23856
0.240216
0.241783
0.243252
0.244617
0.245868
0.246999
0.248003
0.248871
0.249598
0.250175
0.250597
0.250857
0.250949
0.250866
0.250604
0.250157
0.249519
0.248686
0.247654
0.246417
0.244972
0.243314
0.24144
0.239346
0.237029
0.234483
0.231706
0.228692
0.225438
0.221937
0.218184
0.214171
0.209888
0.205325
0.200467
0.195296
0.189789
0.183913
0.177625
0.170868
0.163556
0.155565
0.1467
0.136632
0.124752
0.109729
0.0877679
0.0430317
0.206424
0.203418
0.200674
0.198187
0.195951
0.193961
0.192215
0.190705
0.18942
0.188352
0.187491
0.186831
0.186363
0.18608
0.185973
0.186037
0.186264
0.186647
0.187179
0.187854
0.188666
0.189607
0.190671
0.191852
0.193144
0.194539
0.196031
0.197615
0.199284
0.201031
0.20285
0.204736
0.206681
0.208679
0.210724
0.21281
0.214929
0.217076
0.219243
0.221424
0.223611
0.225797
0.227975
0.230137
0.232276
0.234383
0.23645
0.238469
0.240431
0.242328
0.24415
0.24589
0.247538
0.249084
0.250522
0.25184
0.253031
0.254087
0.254998
0.255757
0.256355
0.256786
0.257041
0.257114
0.256999
0.256689
0.256179
0.255462
0.254536
0.253394
0.252034
0.250451
0.248642
0.246605
0.244337
0.241836
0.239099
0.236124
0.23291
0.229454
0.225754
0.221806
0.217607
0.213152
0.208436
0.203448
0.198179
0.192614
0.186733
0.180508
0.173902
0.166861
0.159308
0.151128
0.142136
0.132025
0.120217
0.105446
0.084083
0.0407094
0.213926
0.210945
0.208233
0.205785
0.203596
0.201663
0.199985
0.198549
0.197345
0.196361
0.195588
0.195015
0.194634
0.194435
0.19441
0.194549
0.194846
0.195291
0.195878
0.196599
0.197448
0.198417
0.199499
0.200689
0.201979
0.203364
0.204838
0.206396
0.20803
0.209736
0.211509
0.213342
0.21523
0.217168
0.219149
0.221169
0.223221
0.225299
0.227397
0.229509
0.231626
0.233743
0.235852
0.237944
0.240013
0.242048
0.244042
0.245985
0.247867
0.249679
0.25141
0.253052
0.254592
0.256021
0.257329
0.258506
0.25954
0.260423
0.261144
0.261695
0.262066
0.262249
0.262236
0.26202
0.261594
0.260952
0.260088
0.258998
0.257676
0.256121
0.254328
0.252295
0.250022
0.247506
0.244748
0.241746
0.238502
0.235015
0.231287
0.227317
0.223106
0.218655
0.213962
0.209027
0.203847
0.198416
0.192729
0.186774
0.180536
0.173993
0.167113
0.159849
0.152132
0.143858
0.13486
0.124854
0.113305
0.0990409
0.0786747
0.0376071
0.226971
0.224079
0.221449
0.219075
0.216956
0.215089
0.213464
0.21207
0.210894
0.209925
0.209153
0.208568
0.208159
0.207918
0.207835
0.207903
0.208112
0.208457
0.208928
0.20952
0.210226
0.21104
0.211956
0.212969
0.214072
0.215262
0.216532
0.21788
0.219299
0.220786
0.222336
0.223944
0.225607
0.227321
0.229079
0.230878
0.232713
0.234577
0.236466
0.238373
0.240291
0.242214
0.244133
0.246041
0.247928
0.249785
0.251603
0.253371
0.255077
0.25671
0.25826
0.259713
0.261058
0.262282
0.263373
0.264319
0.265108
0.265729
0.26617
0.26642
0.26647
0.266311
0.265933
0.265329
0.264493
0.263418
0.262099
0.260533
0.258715
0.256645
0.254321
0.251743
0.24891
0.245826
0.242491
0.238908
0.235081
0.231013
0.226708
0.222171
0.217405
0.212414
0.207202
0.20177
0.196121
0.190253
0.184165
0.17785
0.171298
0.164491
0.157405
0.149999
0.142216
0.133963
0.125091
0.115345
0.104246
0.0907327
0.0717319
0.0338381
0.246996
0.244145
0.241532
0.239155
0.237011
0.235101
0.233401
0.2319
0.230588
0.229454
0.228491
0.227688
0.227037
0.226532
0.226165
0.225929
0.225817
0.225824
0.225944
0.226172
0.226503
0.226933
0.227457
0.228071
0.228772
0.229556
0.230419
0.231359
0.232372
0.233455
0.234606
0.235821
0.237096
0.23843
0.239817
0.241254
0.242737
0.244261
0.24582
0.247409
0.249021
0.250648
0.252282
0.253914
0.255535
0.257133
0.258697
0.260214
0.261672
0.263058
0.264356
0.265552
0.266632
0.267581
0.268385
0.269028
0.269497
0.269778
0.269858
0.269726
0.26937
0.26878
0.267947
0.266863
0.265523
0.26392
0.262052
0.259915
0.257508
0.254832
0.251887
0.248677
0.245205
0.241476
0.237495
0.233268
0.228803
0.224108
0.21919
0.214057
0.208718
0.20318
0.197452
0.191539
0.185447
0.17918
0.17274
0.166125
0.159329
0.152341
0.145142
0.137699
0.129964
0.121857
0.113251
0.103922
0.0934514
0.0809073
0.0635829
0.0295822
0.275101
0.272027
0.269163
0.266506
0.264056
0.261796
0.259708
0.257783
0.256014
0.254394
0.252918
0.25158
0.250374
0.249296
0.248342
0.247506
0.246786
0.246177
0.245677
0.245283
0.24499
0.244798
0.244703
0.244704
0.244797
0.244981
0.245254
0.245614
0.246059
0.246588
0.247198
0.247887
0.248653
0.249493
0.250404
0.251383
0.252426
0.253528
0.254685
0.255888
0.257132
0.258408
0.259706
0.261016
0.262327
0.263625
0.264896
0.266126
0.267298
0.268396
0.269403
0.2703
0.271071
0.271696
0.272159
0.272442
0.272529
0.272404
0.272053
0.271463
0.270621
0.269517
0.268143
0.266492
0.264558
0.262338
0.259831
0.257036
0.253955
0.250592
0.246952
0.24304
0.238866
0.234437
0.229764
0.224857
0.219728
0.21439
0.208854
0.203133
0.19724
0.191187
0.184984
0.178644
0.172175
0.165584
0.158877
0.152057
0.145121
0.138063
0.130869
0.123513
0.115955
0.10813
0.0999293
0.091165
0.08148
0.0700834
0.0546679
0.0250678
0.310784
0.306969
0.303346
0.299909
0.296659
0.293562
0.290616
0.287817
0.285162
0.282648
0.280272
0.278031
0.275924
0.273948
0.272101
0.270382
0.268787
0.267317
0.265968
0.26474
0.263631
0.262639
0.261764
0.261003
0.260355
0.25982
0.259395
0.25908
0.258873
0.258773
0.258779
0.258888
0.259099
0.259408
0.259814
0.260313
0.2609
0.26157
0.262318
0.263135
0.264014
0.264944
0.265914
0.26691
0.267919
0.268924
0.269907
0.270851
0.271734
0.272538
0.273239
0.273817
0.27425
0.274516
0.274595
0.274468
0.274114
0.273517
0.272662
0.271535
0.270125
0.268421
0.266417
0.264107
0.26149
0.258565
0.255334
0.251801
0.247971
0.243854
0.239459
0.234798
0.229882
0.224727
0.219347
0.213759
0.207977
0.202021
0.195905
0.189648
0.183265
0.176772
0.170185
0.163516
0.156777
0.14998
0.14313
0.136235
0.129293
0.122302
0.115251
0.108121
0.100879
0.093472
0.0858105
0.0777412
0.0689715
0.0588525
0.0454898
0.0205497
0.35022
0.345043
0.340073
0.335306
0.330715
0.326297
0.322052
0.317977
0.314072
0.310336
0.306766
0.303361
0.30012
0.297041
0.294123
0.291364
0.288762
0.286316
0.284025
0.281886
0.279899
0.278061
0.276372
0.274829
0.273432
0.272179
0.271068
0.270098
0.269269
0.268577
0.268022
0.2676
0.267311
0.267151
0.267116
0.267202
0.267405
0.267716
0.268129
0.268635
0.269222
0.269877
0.270586
0.271331
0.272095
0.272856
0.273593
0.274282
0.274898
0.275415
0.275809
0.276051
0.276119
0.275985
0.275628
0.275026
0.274158
0.273008
0.27156
0.269801
0.267724
0.26532
0.262586
0.259522
0.256129
0.252413
0.24838
0.24404
0.239406
0.23449
0.22931
0.223883
0.218226
0.21236
0.206306
0.200082
0.193712
0.187216
0.180613
0.173926
0.167171
0.160368
0.153533
0.146681
0.139825
0.132975
0.126141
0.119328
0.112536
0.105765
0.0990049
0.0922411
0.0854473
0.0785809
0.0715721
0.0642997
0.0565345
0.0477676
0.0365111
0.0162742
0.385544
0.378653
0.372028
0.365655
0.35952
0.353621
0.347955
0.342519
0.33731
0.332325
0.327562
0.323016
0.318684
0.314564
0.310653
0.306946
0.303442
0.300136
0.297027
0.294112
0.291387
0.28885
0.286499
0.284331
0.282345
0.280536
0.278905
0.277447
0.276161
0.275045
0.274097
0.273312
0.272688
0.272221
0.271907
0.271739
0.271709
0.271811
0.272032
0.27236
0.272781
0.273278
0.27383
0.274416
0.275011
0.27559
0.276124
0.276584
0.27694
0.277161
0.277217
0.277078
0.276716
0.276105
0.275221
0.274041
0.272548
0.270727
0.268565
0.266055
0.263191
0.259973
0.256403
0.252487
0.248233
0.243653
0.238763
0.233578
0.228117
0.222402
0.216455
0.210298
0.203957
0.197456
0.190819
0.184072
0.177238
0.170341
0.163404
0.156447
0.149491
0.142554
0.13565
0.128795
0.122
0.115275
0.108625
0.102055
0.0955652
0.0891528
0.0828104
0.0765251
0.0702759
0.0640304
0.0577358
0.0513026
0.0445614
0.0371405
0.0279502
0.0122684
0.406814
0.398551
0.390628
0.383029
0.375745
0.368768
0.362089
0.355702
0.3496
0.343775
0.338222
0.332934
0.327905
0.32313
0.318603
0.31432
0.310275
0.306465
0.302885
0.29953
0.296398
0.293484
0.290786
0.2883
0.286022
0.283951
0.282084
0.280417
0.278949
0.277675
0.276593
0.275699
0.274988
0.274455
0.274092
0.273892
0.273845
0.273936
0.274153
0.274475
0.274884
0.275355
0.275862
0.276375
0.276864
0.277296
0.277636
0.27785
0.277902
0.277759
0.277388
0.276758
0.275842
0.274615
0.273056
0.271147
0.268876
0.266233
0.263213
0.259816
0.256045
0.251907
0.247414
0.24258
0.237421
0.231958
0.226214
0.220212
0.213978
0.207539
0.200924
0.194159
0.187274
0.180295
0.173251
0.166166
0.159066
0.151974
0.144911
0.137897
0.130949
0.124083
0.11731
0.110643
0.104087
0.0976506
0.0913356
0.0851431
0.0790719
0.0731175
0.0672729
0.0615269
0.0558635
0.0502588
0.0446767
0.039057
0.0332864
0.0271146
0.0198199
0.00846129
)
;

boundaryField
{
    jetInlet
    {
        type            fixedValue;
        value           uniform 0.006;
    }
    returnOutlet
    {
        type            inletOutlet;
        inletValue      uniform 0.006;
        value           nonuniform List<scalar> 
35
(
0.291354
0.564082
0.753643
0.913249
1.05981
1.19535
1.31646
1.41731
1.49082
1.52888
1.52052
1.44343
0.006
0.006
0.006
0.006
0.006
0.006
0.006
0.006
0.006
0.006
0.006
0.006
0.006
0.006
0.273124
0.291955
0.229097
0.113957
0.0934162
0.164592
0.298505
0.439647
0.529262
)
;
    }
    flatBed
    {
        type            kqRWallFunction;
        value           nonuniform List<scalar> 
100
(
0.291354
0.295861
0.300071
0.303949
0.307455
0.310552
0.313216
0.315456
0.31726
0.317866
0.317122
0.314936
0.311261
0.306094
0.299477
0.291486
0.282229
0.271841
0.260478
0.248314
0.235535
0.222335
0.20891
0.195451
0.182141
0.169147
0.156611
0.144651
0.133353
0.122776
0.112951
0.103883
0.0955595
0.0879522
0.0810234
0.0747292
0.069023
0.0638578
0.0591878
0.0549691
0.0511602
0.0477223
0.0446195
0.0418184
0.0392887
0.0370031
0.0349371
0.0330695
0.0313819
0.0298589
0.0284877
0.027258
0.0261614
0.0251906
0.0243396
0.0236025
0.0229735
0.0224465
0.022015
0.0216722
0.0214111
0.0212249
0.0211066
0.0210499
0.0210488
0.0210978
0.0211922
0.0213264
0.0214891
0.0216769
0.0218869
0.0221168
0.0223649
0.0226302
0.0229124
0.0232126
0.0235305
0.0238575
0.02419
0.0245254
0.0248607
0.0251929
0.0255189
0.0258351
0.0261372
0.0264207
0.02668
0.0269087
0.0270989
0.0272412
0.027324
0.0273328
0.0272496
0.0270514
0.0267093
0.0261862
0.0254325
0.0243889
0.0230585
0.0219378
)
;
    }
    slope
    {
        type            kqRWallFunction;
        value           nonuniform List<scalar> 
50
(
0.0041142
0.00460404
0.00565498
0.00722025
0.00879286
0.0102583
0.0117286
0.0130975
0.0144494
0.0157132
0.0169385
0.0180863
0.0191813
0.0202076
0.0211701
0.0220608
0.0231604
0.024149
0.0250717
0.0259144
0.026702
0.0274378
0.028138
0.0288106
0.0294666
0.0301128
0.0307549
0.0313937
0.0320223
0.032613
0.0331035
0.0353126
0.0374417
0.0395043
0.0414002
0.0430141
0.0443115
0.0450736
0.0451798
0.0445167
0.0430317
0.0407094
0.0376071
0.0338381
0.0295822
0.0250678
0.0205497
0.0162742
0.0122684
0.00846129
)
;
    }
    top
    {
        type            symmetryPlane;
    }
    frontAndBack
    {
        type            empty;
    }
    defaultFaces
    {
        type            empty;
    }
}


// ************************************************************************* //
