/*--------------------------------*- C++ -*----------------------------------*\
| =========                 |                                                 |
| \\      /  F ield         | OpenFOAM: The Open Source CFD Toolbox           |
|  \\    /   O peration     | Version:  2206                                  |
|   \\  /    A nd           | Website:  www.openfoam.com                      |
|    \\/     M anipulation  |                                                 |
\*---------------------------------------------------------------------------*/
FoamFile
{
    version     2.0;
    format      ascii;
    arch        "LSB;label=32;scalar=64";
    class       volScalarField;
    location    "1500";
    object      p;
}
// * * * * * * * * * * * * * * * * * * * * * * * * * * * * * * * * * * * * * //

dimensions      [0 2 -2 0 0 0 0];

internalField   nonuniform List<scalar> 
10000
(
-0.0975265
-0.147463
-0.185314
-0.203642
-0.199708
-0.169524
-0.109412
-0.0163696
0.112187
0.277394
0.477977
0.710947
0.97198
1.25584
1.55683
1.86911
2.18706
2.50547
2.8197
3.12582
3.42057
3.70146
3.96668
4.21508
4.44608
4.65964
4.8561
5.03617
5.20078
5.35103
5.4881
5.6132
5.7275
5.83213
5.9281
6.01633
6.09764
6.17273
6.2422
6.30655
6.36621
6.42154
6.47284
6.52036
6.56431
6.6049
6.64228
6.67662
6.70807
6.73675
6.76282
6.78641
6.80766
6.8267
6.84368
6.85873
6.872
6.88361
6.8937
6.90241
6.90985
6.91616
6.92145
6.92584
6.92945
6.93239
6.93478
6.93672
6.93832
6.93969
6.94092
6.94213
6.94341
6.94485
6.94656
6.94863
6.95116
6.95422
6.95792
6.96235
6.96759
6.97372
6.98082
6.98896
6.99821
7.00864
7.02029
7.0332
7.04739
7.06286
7.07959
7.09748
7.1164
7.13616
7.15634
7.17599
7.19379
7.20992
7.22561
7.22755
-0.0933953
-0.137496
-0.176237
-0.199287
-0.201661
-0.178699
-0.126289
-0.0412017
0.0794305
0.237172
0.430956
0.657908
0.913819
1.19354
1.49143
1.80167
2.11864
2.43708
2.75228
3.06021
3.3575
3.64151
3.91029
4.16253
4.39752
4.61507
4.81542
4.99918
5.16722
5.32058
5.46044
5.58801
5.70448
5.811
5.90862
5.9983
6.08089
6.15712
6.22763
6.29294
6.35351
6.4097
6.46182
6.51015
6.5549
6.59627
6.63442
6.66952
6.70171
6.73112
6.75789
6.78215
6.80404
6.82367
6.8412
6.85675
6.87046
6.88246
6.89289
6.90189
6.90957
6.91607
6.92151
6.92602
6.92971
6.9327
6.93511
6.93706
6.93864
6.93996
6.94114
6.94226
6.94343
6.94474
6.9463
6.94819
6.95051
6.95335
6.95679
6.96093
6.96584
6.9716
6.97829
6.98597
6.9947
7.00455
7.01554
7.02771
7.04106
7.05559
7.07124
7.08792
7.10548
7.12371
7.14221
7.1602
7.17665
7.19185
7.20656
7.20752
-0.0948331
-0.133048
-0.173375
-0.20244
-0.212528
-0.197994
-0.154078
-0.0771612
0.0357957
0.18681
0.375152
0.597836
0.850579
1.12816
1.42485
1.73478
2.05223
2.37188
2.68896
2.99932
3.29951
3.58679
3.85909
4.115
4.35369
4.57487
4.7787
4.96571
5.13673
5.29279
5.43504
5.5647
5.68299
5.79109
5.89008
5.98096
6.06461
6.14179
6.21316
6.27928
6.3406
6.39751
6.45035
6.49938
6.54483
6.5869
6.62576
6.66158
6.6945
6.72465
6.75216
6.77716
6.79977
6.82011
6.83831
6.85449
6.86877
6.88129
6.89218
6.90156
6.90956
6.91632
6.92197
6.92662
6.93041
6.93346
6.93589
6.93781
6.93935
6.9406
6.94167
6.94266
6.94368
6.94482
6.94617
6.94784
6.9499
6.95245
6.95558
6.95937
6.9639
6.96924
6.97546
6.98263
6.99081
7.00004
7.01035
7.02178
7.03432
7.04796
7.06264
7.07826
7.09468
7.11169
7.12892
7.14578
7.16157
7.1767
7.19114
7.19441
-0.101414
-0.14048
-0.185547
-0.222849
-0.242122
-0.236629
-0.20087
-0.130807
-0.0232777
0.124142
0.31092
0.533649
0.7877
1.06755
1.36719
1.68056
2.00176
2.32534
2.64641
2.96076
3.26486
3.5559
3.83174
4.09093
4.33259
4.55641
4.76252
4.95147
5.12408
5.28143
5.42471
5.55518
5.67409
5.78267
5.88205
5.97326
6.05719
6.13464
6.20628
6.27267
6.33427
6.39147
6.4446
6.49394
6.5397
6.58209
6.62128
6.65743
6.6907
6.7212
6.74909
6.77448
6.79749
6.81825
6.83687
6.85346
6.86815
6.88104
6.89227
6.90194
6.91019
6.91715
6.92293
6.92768
6.93151
6.93455
6.93694
6.9388
6.94022
6.94134
6.94225
6.94305
6.94386
6.94477
6.94587
6.94726
6.94902
6.95125
6.95402
6.95743
6.96155
6.96644
6.97218
6.97883
6.98645
6.99506
7.00472
7.01543
7.02719
7.03999
7.05376
7.06842
7.0838
7.09969
7.11577
7.13146
7.14615
7.16
7.1728
7.17419
-0.108925
-0.155463
-0.209476
-0.257698
-0.287833
-0.292143
-0.264442
-0.200303
-0.0964906
0.0497211
0.2378
0.463679
0.722193
1.00736
1.3128
1.63216
1.95933
2.2887
2.61527
2.93476
3.24357
3.53885
3.81844
4.08085
4.3252
4.55119
4.75898
4.94914
5.12258
5.28041
5.42392
5.55442
5.67324
5.78166
5.88085
5.97188
6.05567
6.13304
6.20466
6.27108
6.33277
6.39011
6.44342
6.49295
6.53892
6.58152
6.6209
6.65722
6.69063
6.72127
6.74926
6.77475
6.79787
6.81873
6.83747
6.85419
6.86901
6.88205
6.89341
6.90321
6.91157
6.91861
6.92443
6.92918
6.93298
6.93595
6.93824
6.93996
6.94123
6.94216
6.94285
6.94342
6.94397
6.94461
6.94541
6.94649
6.94793
6.94981
6.95221
6.95521
6.9589
6.96334
6.96859
6.97472
6.98177
6.98977
6.99877
7.00876
7.01975
7.03171
7.04457
7.05823
7.07253
7.08726
7.10209
7.11652
7.12996
7.14243
7.15358
7.15484
-0.115369
-0.174947
-0.242162
-0.304034
-0.346707
-0.361618
-0.342013
-0.283141
-0.181616
-0.0346065
0.156999
0.38832
0.653531
0.946108
1.25926
1.58629
1.92088
2.25726
2.59033
2.91573
3.22982
3.52972
3.81325
4.07892
4.32586
4.55378
4.76289
4.95385
5.12763
5.28545
5.42867
5.5587
5.67696
5.78478
5.8834
5.97392
6.05729
6.13434
6.20575
6.27206
6.33375
6.39118
6.44464
6.49438
6.54059
6.58344
6.62306
6.6596
6.69319
6.72394
6.752
6.7775
6.80059
6.82139
6.84004
6.85668
6.87142
6.88439
6.8957
6.90545
6.91375
6.92073
6.92648
6.93114
6.93481
6.93765
6.93977
6.9413
6.94234
6.94303
6.94346
6.94375
6.944
6.94432
6.9448
6.94553
6.9466
6.9481
6.9501
6.95268
6.95592
6.95988
6.96463
6.97021
6.97668
6.98405
6.99237
7.00163
7.01182
7.02291
7.03481
7.04744
7.06062
7.07412
7.08765
7.10073
7.11278
7.12367
7.13311
7.13364
-0.120003
-0.197674
-0.282001
-0.359773
-0.416145
-0.441972
-0.430128
-0.375634
-0.274689
-0.124674
0.0725881
0.311342
0.585046
0.886614
1.20882
1.54467
1.88763
2.23178
2.57194
2.90369
3.22336
3.52805
3.81556
4.08441
4.33374
4.56331
4.77339
4.96473
5.13839
5.29572
5.43818
5.56731
5.68458
5.79141
5.8891
5.9788
6.06149
6.13799
6.20898
6.27502
6.33656
6.39397
6.44751
6.49742
6.54386
6.58699
6.62691
6.66374
6.69758
6.72853
6.75672
6.78226
6.80531
6.826
6.84448
6.8609
6.87541
6.88813
6.89919
6.90872
6.9168
6.92357
6.92912
6.93356
6.93702
6.93963
6.94151
6.94278
6.94355
6.94394
6.94406
6.94402
6.94393
6.9439
6.94401
6.94436
6.94504
6.94613
6.94771
6.94984
6.9526
6.95607
6.96029
6.96531
6.97117
6.9779
6.98551
6.99402
7.00338
7.01358
7.02451
7.03608
7.04812
7.0604
7.07263
7.08438
7.09512
7.10463
7.11268
7.11333
-0.122579
-0.223298
-0.328151
-0.423187
-0.49348
-0.529701
-0.524608
-0.473114
-0.370525
-0.214935
-0.00992561
0.237963
0.521505
0.833092
1.16513
1.51034
1.86204
2.2142
2.56158
2.89972
3.22493
3.53429
3.8256
4.09736
4.34875
4.57958
4.7902
4.98145
5.15452
5.31089
5.45215
5.57995
5.69585
5.80136
5.89783
5.98645
6.06821
6.14396
6.21435
6.27994
6.34118
6.39841
6.45191
6.50188
6.54848
6.59184
6.63205
6.66919
6.70333
6.73456
6.76295
6.78862
6.81169
6.8323
6.8506
6.86676
6.88093
6.89329
6.90396
6.91309
6.9208
6.92719
6.93239
6.9365
6.93963
6.94192
6.94348
6.94442
6.94485
6.94489
6.94465
6.94424
6.94377
6.94334
6.94305
6.94299
6.94325
6.94391
6.94504
6.9467
6.94897
6.95192
6.95559
6.96003
6.96527
6.97133
6.97823
6.98596
6.99449
7.00378
7.01374
7.02426
7.03516
7.04625
7.05722
7.06769
7.07717
7.0854
7.09223
7.09274
-0.123083
-0.252189
-0.380247
-0.492452
-0.575508
-0.620458
-0.620225
-0.569645
-0.46257
-0.298571
-0.0839447
0.174283
0.468358
0.790265
1.13213
1.48653
1.84666
2.20645
2.56064
2.90474
3.23506
3.54865
3.84331
4.11752
4.3705
4.60209
4.81274
5.00339
5.17539
5.33035
5.47001
5.59613
5.71036
5.81429
5.90932
5.99669
6.07738
6.15223
6.22189
6.28689
6.34768
6.4046
6.45791
6.50781
6.55445
6.59794
6.63835
6.67575
6.71018
6.7417
6.77036
6.79623
6.81941
6.84001
6.85818
6.87408
6.8879
6.89981
6.90999
6.9186
6.92578
6.93166
6.93636
6.93999
6.94267
6.94454
6.94568
6.94621
6.94624
6.94587
6.94521
6.94439
6.9435
6.94265
6.94193
6.94143
6.94124
6.94145
6.94211
6.94329
6.94505
6.94746
6.95056
6.95441
6.95901
6.9644
6.97058
6.97753
6.98522
6.99361
7.0026
7.01208
7.02189
7.03182
7.0416
7.05088
7.05922
7.06635
7.0722
7.07291
-0.120839
-0.28496
-0.438034
-0.565044
-0.657774
-0.708372
-0.710107
-0.657278
-0.542339
-0.367365
-0.141932
0.126938
0.431247
0.762772
1.11353
1.47604
1.84349
2.20984
2.56982
2.91896
3.25355
3.57062
3.86794
4.14397
4.39793
4.62973
4.83987
5.02944
5.19991
5.35308
5.49083
5.61504
5.7274
5.82958
5.92308
6.00914
6.08872
6.16265
6.23152
6.29586
6.35612
6.41263
6.46564
6.51534
6.56187
6.60535
6.64584
6.68339
6.71804
6.7498
6.77872
6.80482
6.82816
6.84883
6.86695
6.88266
6.89615
6.90761
6.91725
6.92524
6.93178
6.93701
6.94107
6.94408
6.94619
6.94752
6.94815
6.94818
6.94772
6.94688
6.94577
6.94449
6.94314
6.94183
6.94065
6.93969
6.93903
6.93876
6.93894
6.93962
6.94086
6.94272
6.94525
6.94849
6.95246
6.95717
6.96262
6.96879
6.97565
6.98315
6.9912
6.99967
7.00843
7.01726
7.02593
7.03412
7.04142
7.04759
7.05259
7.05337
-0.114981
-0.321291
-0.499978
-0.636089
-0.732868
-0.78461
-0.784756
-0.724761
-0.59827
-0.411525
-0.175663
0.102655
0.415481
0.754616
1.11214
1.48066
1.85345
2.22452
2.58866
2.94141
3.27903
3.59854
3.89761
4.1747
4.429
4.66043
4.86959
5.05767
5.2263
5.37745
5.51316
5.63541
5.74587
5.8463
5.93833
6.02316
6.10174
6.17484
6.24299
6.30668
6.36639
6.42247
6.47512
6.52452
6.57083
6.61417
6.6546
6.69216
6.7269
6.75881
6.7879
6.81421
6.83773
6.85851
6.87665
6.89225
6.90547
6.91653
6.92562
6.93296
6.93878
6.94325
6.94654
6.94881
6.95022
6.95089
6.95089
6.95033
6.94932
6.94794
6.94631
6.94452
6.94268
6.94088
6.93922
6.93778
6.93663
6.93587
6.93555
6.93572
6.93643
6.93774
6.93969
6.94232
6.94565
6.94968
6.95441
6.95982
6.96587
6.9725
6.97963
6.98714
6.9949
7.00271
7.01034
7.01753
7.02391
7.02925
7.03355
7.03453
-0.125496
-0.364264
-0.559755
-0.693446
-0.786488
-0.835277
-0.831443
-0.759214
-0.617964
-0.421954
-0.178162
0.106797
0.425061
0.768626
1.12978
1.50131
1.87665
2.24992
2.61596
2.97034
3.3093
3.62978
3.92939
4.20651
4.46029
4.6907
4.89839
5.08465
5.2513
5.40048
5.53434
5.65498
5.76402
5.86305
5.95389
6.0378
6.11566
6.18822
6.25584
6.31895
6.37819
6.43389
6.48622
6.53527
6.58129
6.62442
6.66467
6.7021
6.73678
6.7687
6.79787
6.82429
6.84795
6.86885
6.88704
6.90258
6.91563
6.92634
6.93494
6.94164
6.94671
6.95035
6.95278
6.95419
6.95479
6.95468
6.95395
6.9527
6.95104
6.94905
6.94684
6.94451
6.94213
6.93982
6.93764
6.9357
6.93406
6.93279
6.93196
6.93162
6.9318
6.93255
6.93392
6.93595
6.93864
6.942
6.94602
6.95068
6.95594
6.96174
6.96799
6.97459
6.9814
6.98825
6.99494
7.00122
7.00677
7.01138
7.01508
7.01618
-0.155446
-0.441757
-0.606224
-0.715153
-0.798556
-0.84226
-0.827671
-0.741404
-0.590924
-0.389683
-0.142507
0.14435
0.463325
0.806736
1.16717
1.53769
1.91189
2.28406
2.64911
3.00262
3.34078
3.66044
3.9591
4.23503
4.48738
4.71614
4.92198
5.10629
5.27107
5.4186
5.55108
5.67052
5.77865
5.87708
5.96754
6.0512
6.12892
6.20152
6.26905
6.33182
6.39078
6.44636
6.49852
6.54726
6.59298
6.6359
6.67593
6.71313
6.74765
6.77945
6.80855
6.835
6.85871
6.87968
6.89791
6.91344
6.92636
6.93682
6.945
6.95112
6.95545
6.95824
6.95974
6.96024
6.95994
6.95893
6.95734
6.9553
6.9529
6.95023
6.94738
6.94444
6.9415
6.93864
6.93593
6.93347
6.93131
6.92954
6.92819
6.92734
6.92699
6.92719
6.92798
6.92941
6.93147
6.93418
6.93751
6.94144
6.94594
6.95093
6.95635
6.96209
6.96802
6.97398
6.9798
6.98525
6.99007
6.99404
6.99722
6.99846
-0.19363
-0.517119
-0.593835
-0.660196
-0.737942
-0.778236
-0.748825
-0.655296
-0.506744
-0.308707
-0.0656983
0.216012
0.529171
0.866435
1.22071
1.5853
1.95405
2.32135
2.68218
3.0321
3.36724
3.68428
3.98055
4.25424
4.5045
4.73128
4.93527
5.11785
5.28125
5.42792
5.55991
5.67903
5.78691
5.88549
5.97654
6.06088
6.13923
6.21226
6.28026
6.34359
6.40299
6.45898
6.51131
6.55985
6.60539
6.64829
6.68813
6.72501
6.75931
6.79089
6.81983
6.84621
6.86991
6.89087
6.9091
6.9246
6.93745
6.94773
6.95558
6.9612
6.96485
6.96681
6.96738
6.96692
6.96562
6.96362
6.96108
6.95814
6.95491
6.95148
6.94793
6.94434
6.94078
6.93735
6.93409
6.9311
6.92842
6.92613
6.92427
6.92289
6.92203
6.92168
6.92191
6.92274
6.92419
6.92626
6.92892
6.93215
6.93591
6.94015
6.94478
6.9497
6.95481
6.95996
6.96498
6.96968
6.97383
6.97724
6.97996
6.98129
-0.0527564
-0.451007
-0.509732
-0.557519
-0.619479
-0.645053
-0.616199
-0.529149
-0.388094
-0.197921
0.0360976
0.30773
0.610176
0.936577
1.28027
1.63491
1.99458
2.35383
2.70771
3.05175
3.38195
3.69487
3.98761
4.25828
4.50611
4.73091
4.93311
5.11406
5.27659
5.42352
5.55637
5.67654
5.78556
5.88603
5.97952
6.0662
6.14659
6.22128
6.29068
6.35525
6.41553
6.47194
6.52451
6.57337
6.61918
6.66211
6.70145
6.7377
6.77171
6.80306
6.8317
6.85799
6.88161
6.90245
6.92059
6.93598
6.94873
6.95885
6.96644
6.97163
6.97467
6.97586
6.97559
6.97419
6.97183
6.96875
6.96517
6.96124
6.95708
6.95281
6.94848
6.94419
6.93999
6.93595
6.93213
6.92859
6.92539
6.92257
6.9202
6.91831
6.91693
6.91606
6.91573
6.91599
6.91685
6.91829
6.92031
6.92287
6.92593
6.92943
6.93331
6.93747
6.94181
6.94619
6.95047
6.95448
6.95803
6.96092
6.96324
6.96461
0.773138
0.37973
0.148963
-0.0133308
-0.153748
-0.247103
-0.279299
-0.248217
-0.157293
-0.0113741
0.184
0.422314
0.696306
0.998505
1.32163
1.65882
2.00374
2.35063
2.69429
3.03001
3.35359
3.66135
3.95021
4.21847
4.46561
4.69073
4.89323
5.0745
5.23934
5.39096
5.52983
5.65712
5.77432
5.8818
5.97989
6.06998
6.15314
6.2301
6.30144
6.36764
6.42918
6.48642
6.53959
6.58893
6.63484
6.67751
6.71691
6.7537
6.78831
6.8193
6.84693
6.87259
6.89562
6.91581
6.9335
6.94863
6.96124
6.97125
6.97863
6.98346
6.986
6.9866
6.98555
6.98307
6.97948
6.97512
6.97025
6.96508
6.95978
6.95444
6.94915
6.94398
6.93898
6.93421
6.9297
6.92552
6.92169
6.91828
6.91531
6.91283
6.91087
6.9094
6.90845
6.90807
6.90826
6.90901
6.91031
6.91212
6.91441
6.91712
6.92018
6.92351
6.92701
6.93057
6.93407
6.93735
6.94025
6.9426
6.9445
6.94575
0.269577
0.0785014
-0.0854492
-0.176649
-0.224006
-0.233993
-0.202768
-0.128154
-0.0113913
0.144818
0.337247
0.562114
0.815086
1.0915
1.38655
1.69545
2.01349
2.33607
2.65868
2.9768
3.28573
3.58051
3.85652
4.11452
4.35659
4.58238
4.79274
4.98893
5.16963
5.33376
5.48313
5.61951
5.74422
5.85813
5.96228
6.05793
6.14605
6.22741
6.30264
6.37227
6.43676
6.49649
6.55174
6.60281
6.65
6.69355
6.73362
6.77056
6.80457
6.8353
6.86339
6.8893
6.91176
6.9313
6.94898
6.96402
6.97636
6.98606
6.99312
6.9977
6.99986
6.99977
6.99768
6.99393
6.98892
6.98303
6.97659
6.96989
6.96312
6.95644
6.94993
6.94366
6.93768
6.93201
6.92668
6.92174
6.9172
6.9131
6.90947
6.90633
6.9037
6.90161
6.90001
6.89892
6.89839
6.8984
6.89893
6.89995
6.90142
6.9033
6.90551
6.90799
6.91064
6.91338
6.91609
6.91864
6.9209
6.92273
6.92421
6.92547
0.163648
0.121521
0.0576889
0.0113714
-0.0137919
-0.0183541
0.0036263
0.0580466
0.147497
0.272063
0.430379
0.619996
0.837584
1.0792
1.3406
1.61746
1.90552
2.20066
2.49897
2.79682
3.0915
3.38128
3.66549
3.94038
4.20056
4.44414
4.67042
4.87888
5.06902
5.2417
5.39902
5.54303
5.6754
5.79742
5.91011
6.01433
6.11069
6.19976
6.28202
6.35797
6.42805
6.49267
6.55215
6.60684
6.65705
6.70304
6.74508
6.78343
6.81832
6.84984
6.87834
6.90405
6.92676
6.94716
6.96479
6.9791
6.99098
7.00043
7.00722
7.01149
7.01319
7.01246
7.00952
7.0047
6.99841
6.99106
6.98308
6.97481
6.96652
6.95841
6.9506
6.94317
6.93615
6.92956
6.92341
6.9177
6.91246
6.9077
6.90343
6.89966
6.89642
6.89372
6.8915
6.88977
6.88856
6.88788
6.8877
6.88798
6.8887
6.88981
6.89124
6.89294
6.89483
6.89682
6.89882
6.90072
6.90241
6.90375
6.90484
6.90603
0.0969132
0.0753715
0.0348166
0.000718518
-0.013823
-0.00487489
0.0309966
0.0967223
0.193317
0.320052
0.475143
0.656137
0.860095
1.08374
1.32361
1.57624
1.83831
2.10676
2.37895
2.65285
2.92648
3.19735
3.46323
3.7213
3.96976
4.20817
4.43612
4.65282
4.85723
5.04855
5.22641
5.39081
5.54214
5.6812
5.80911
5.92703
6.03598
6.13674
6.22987
6.31582
6.39497
6.4677
6.53436
6.5953
6.65088
6.70143
6.74726
6.78869
6.826
6.85943
6.88928
6.91582
6.93916
6.95968
6.97732
6.99233
7.00474
7.01381
7.02008
7.02401
7.02527
7.02406
7.02049
7.01483
7.00747
6.99884
6.98942
6.97963
6.96983
6.96028
6.95114
6.9425
6.93442
6.92689
6.9199
6.91345
6.90752
6.90212
6.89724
6.89288
6.88905
6.88575
6.88297
6.88067
6.87883
6.8775
6.87665
6.87626
6.87629
6.87669
6.87741
6.87841
6.8796
6.88091
6.88227
6.88359
6.88477
6.88568
6.88642
6.88755
0.0622916
0.0555538
0.0429418
0.0362165
0.0441477
0.0702169
0.116597
0.185304
0.277572
0.393598
0.532732
0.693689
0.874677
1.07351
1.2878
1.51496
1.75239
1.99757
2.248
2.50112
2.75446
3.00613
3.2545
3.49797
3.73522
3.9653
4.18759
4.4017
4.6073
4.80417
4.99206
5.17065
5.33948
5.49805
5.64604
5.78347
5.91068
6.02822
6.13674
6.23682
6.32895
6.4135
6.49085
6.56133
6.62531
6.68316
6.73524
6.78193
6.8236
6.86058
6.89324
6.9219
6.94683
6.96836
6.98666
7.002
7.0145
7.02425
7.03123
7.03489
7.03566
7.03406
7.03002
7.02371
7.01552
7.00585
6.99518
6.98402
6.97279
6.96183
6.95138
6.94155
6.9324
6.92394
6.91613
6.90895
6.90237
6.89636
6.8909
6.88599
6.88161
6.87777
6.87446
6.87161
6.86921
6.86729
6.86583
6.86482
6.86421
6.86396
6.86404
6.86439
6.86495
6.86566
6.86644
6.86723
6.86794
6.86845
6.86885
6.86987
0.0358639
0.0347496
0.0337054
0.0381423
0.053702
0.0840423
0.131633
0.198425
0.285672
0.393761
0.522302
0.670298
0.836296
1.01853
1.21504
1.4237
1.64223
1.86827
2.09951
2.33388
2.56948
2.80469
3.0381
3.26849
3.49483
3.71631
3.93229
4.14227
4.34593
4.54314
4.73391
4.91822
5.09592
5.26667
5.42991
5.585
5.73131
5.86835
5.99592
6.11407
6.22305
6.3232
6.41487
6.4984
6.57414
6.64244
6.7037
6.75834
6.80678
6.84945
6.88679
6.91922
6.94713
6.9709
6.99085
7.0073
7.0205
7.03065
7.03792
7.04245
7.04386
7.04203
7.03762
7.03079
7.022
7.01154
6.99988
6.98754
6.97505
6.96281
6.95112
6.94016
6.93001
6.92065
6.91207
6.9042
6.897
6.89042
6.88444
6.87901
6.87414
6.86979
6.86597
6.86265
6.85976
6.85728
6.85526
6.85368
6.85249
6.85165
6.85114
6.85091
6.85089
6.85104
6.8513
6.85161
6.8519
6.85203
6.85212
6.85301
0.0107191
0.0129081
0.0192304
0.0323853
0.0556988
0.0919123
0.142935
0.21012
0.294336
0.395904
0.514629
0.649879
0.800672
0.965731
1.14351
1.33231
1.53039
1.73597
1.94733
2.16278
2.38076
2.59979
2.81855
3.03582
3.25066
3.46244
3.67078
3.87533
4.07575
4.27175
4.46315
4.64994
4.83211
5.00955
5.18195
5.34882
5.50948
5.66311
5.80886
5.94598
6.07394
6.19249
6.30159
6.4014
6.49213
6.57408
6.64762
6.71313
6.77108
6.82194
6.86622
6.90443
6.93707
6.96462
6.98754
7.00622
7.02106
7.03235
7.04037
7.04537
7.04736
7.0468
7.04276
7.0355
7.02636
7.01537
7.00298
6.98974
6.97622
6.96289
6.95013
6.93816
6.9271
6.91694
6.90765
6.89917
6.89141
6.88433
6.87786
6.87198
6.86666
6.86186
6.85758
6.85381
6.85045
6.84749
6.84497
6.84286
6.84114
6.83977
6.83872
6.83794
6.8374
6.83705
6.83683
6.8367
6.83659
6.83638
6.83616
6.8369
-0.0179835
-0.0140987
-0.00391179
0.0138201
0.0408129
0.0788702
0.129433
0.19358
0.272066
0.365278
0.473219
0.59554
0.731592
0.880466
1.04105
1.21207
1.39218
1.57997
1.77398
1.9728
2.17507
2.37953
2.58503
2.79055
2.99522
3.19836
3.39951
3.5984
3.79489
3.98883
4.17998
4.36812
4.55312
4.73488
4.91329
5.08806
5.25872
5.42457
5.58476
5.73828
5.88412
6.02136
6.1493
6.26749
6.37578
6.47417
6.56285
6.64212
6.71238
6.77409
6.8278
6.87408
6.9135
6.94667
6.97414
6.99647
7.01414
7.0276
7.03724
7.0434
7.0463
7.04632
7.0433
7.0372
7.02812
7.01685
7.00398
6.99014
6.97587
6.96172
6.94812
6.93534
6.92354
6.91272
6.90284
6.89384
6.88561
6.87809
6.87121
6.86492
6.85919
6.85399
6.84929
6.84509
6.84134
6.83797
6.83497
6.83238
6.83017
6.8283
6.82676
6.8255
6.82448
6.82366
6.823
6.82246
6.82198
6.82145
6.82095
6.82152
-0.0526175
-0.047813
-0.0354941
-0.0151514
0.0139329
0.052778
0.102342
0.163426
0.236631
0.322299
0.420501
0.531054
0.653551
0.787385
0.931781
1.08583
1.24853
1.4188
1.59552
1.77759
1.96394
2.15353
2.34543
2.53878
2.73283
2.92695
3.12062
3.31351
3.50538
3.69614
3.88575
4.07403
4.26075
4.44561
4.62841
4.80895
4.98693
5.16186
5.33304
5.49958
5.6604
5.81434
5.96023
6.09706
6.22404
6.34066
6.44671
6.54219
6.62733
6.70248
6.76813
6.82486
6.87329
6.91412
6.948
6.9756
6.99755
7.01444
7.02678
7.03503
7.03957
7.04075
7.03876
7.0338
7.02612
7.0154
7.0024
6.98824
6.97358
6.95894
6.9448
6.93149
6.91917
6.90789
6.89759
6.88819
6.87959
6.87172
6.86449
6.85786
6.85178
6.84622
6.84115
6.83657
6.83244
6.82868
6.82527
6.82224
6.81958
6.81727
6.81527
6.81355
6.81209
6.81085
6.80978
6.80886
6.80804
6.80721
6.80644
6.80683
-0.0945098
-0.0892847
-0.0759393
-0.0542996
-0.0244041
0.0139506
0.0612095
0.117951
0.184687
0.261759
0.349334
0.447428
0.555898
0.674451
0.802646
0.93992
1.0856
1.23894
1.39909
1.56522
1.73645
1.91198
2.09103
2.27286
2.45683
2.64235
2.82894
3.01618
3.20376
3.39148
3.57922
3.76694
3.95452
4.14171
4.32814
4.51348
4.6974
4.87958
5.0595
5.23646
5.40951
5.57753
5.73924
5.89332
6.03851
6.17377
6.29832
6.41168
6.51371
6.60452
6.68441
6.75389
6.81358
6.86417
6.90644
6.94113
6.969
6.99078
7.00711
7.01859
7.02573
7.02898
7.02868
7.02514
7.01869
7.00962
6.99765
6.98359
6.96892
6.95419
6.9399
6.92639
6.91387
6.90237
6.89186
6.88223
6.8734
6.86527
6.85778
6.85086
6.84447
6.83859
6.83319
6.82825
6.82375
6.81966
6.8159
6.81246
6.80938
6.80665
6.80423
6.80209
6.80022
6.79858
6.79714
6.79587
6.79473
6.79361
6.79258
6.79277
-0.144267
-0.138997
-0.125273
-0.102792
-0.0724339
-0.0350048
0.00953752
0.0617315
0.122051
0.190792
0.268167
0.354326
0.449334
0.553145
0.665604
0.786456
0.915341
1.0518
1.19528
1.34517
1.50088
1.6618
1.82737
1.99703
2.17027
2.34659
2.52554
2.70668
2.88964
3.07412
3.25986
3.44671
3.63455
3.82324
4.01253
4.20201
4.39123
4.57974
4.76713
4.95286
5.13617
5.31608
5.49139
5.66073
5.82264
5.97571
6.11867
6.25054
6.37065
6.4787
6.57469
6.65893
6.73192
6.79433
6.84695
6.89061
6.92616
6.95444
6.97624
6.99228
7.0032
7.00958
7.01188
7.01053
7.0059
6.9984
6.98824
6.97566
6.96154
6.94716
6.93316
6.9199
6.90754
6.89614
6.88566
6.87602
6.86709
6.85882
6.85113
6.84398
6.83734
6.83117
6.82546
6.8202
6.81536
6.81094
6.80684
6.80304
6.79957
6.79645
6.79363
6.79111
6.78885
6.78685
6.78505
6.78345
6.78201
6.78063
6.77936
6.77937
-0.202021
-0.197411
-0.183917
-0.160191
-0.12912
-0.0933082
-0.0528101
-0.00670631
0.0456016
0.104443
0.17016
0.24312
0.323634
0.411931
0.508153
0.612352
0.724469
0.844309
0.971535
1.10573
1.24648
1.39339
1.54604
1.70403
1.86695
2.03439
2.20594
2.38115
2.55963
2.741
2.9249
3.11106
3.29923
3.48923
3.68088
3.87391
4.06788
4.26229
4.4566
4.65028
4.84273
5.03312
5.2204
5.40326
5.58022
5.7497
5.91018
6.06022
6.19868
6.32477
6.43808
6.53857
6.62655
6.70257
6.76737
6.82182
6.86682
6.90331
6.93217
6.95425
6.97032
6.98106
6.98708
6.98889
6.98698
6.98178
6.97373
6.96332
6.95101
6.93769
6.92451
6.91197
6.90021
6.88927
6.87911
6.86966
6.8608
6.85248
6.84467
6.83733
6.83046
6.82402
6.81802
6.81244
6.80728
6.80251
6.79811
6.79401
6.79017
6.78666
6.78347
6.78058
6.77796
6.77561
6.77349
6.77158
6.76985
6.76821
6.76669
6.76647
-0.267001
-0.265058
-0.252316
-0.224914
-0.190654
-0.154658
-0.116442
-0.0746395
-0.0288099
0.0212575
0.0760114
0.136034
0.201893
0.27411
0.353169
0.439493
0.533395
0.634996
0.744163
0.860695
0.984459
1.11534
1.2532
1.39784
1.54902
1.70645
1.86974
2.03844
2.21208
2.39019
2.57228
2.75794
2.94675
3.13839
3.33258
3.52905
3.72749
3.92747
4.12841
4.3297
4.53072
4.73074
4.92883
5.12383
5.31433
5.49876
5.67545
5.84272
5.99906
6.14322
6.27433
6.39196
6.49612
6.58717
6.66574
6.73266
6.78886
6.83529
6.87292
6.90268
6.92543
6.94197
6.95301
6.9592
6.9611
6.95924
6.95414
6.94639
6.93663
6.92553
6.91388
6.90261
6.89194
6.88184
6.87233
6.86332
6.85468
6.84643
6.83854
6.83104
6.82394
6.81723
6.81094
6.80505
6.79956
6.79446
6.78975
6.78532
6.78115
6.77727
6.77371
6.77045
6.76749
6.7648
6.76236
6.76015
6.75815
6.75626
6.75455
6.75421
-0.337103
-0.347666
-0.33247
-0.297214
-0.263052
-0.233084
-0.202479
-0.16915
-0.133232
-0.0946587
-0.0528014
-0.00689523
0.0437852
0.0999673
0.16242
0.231925
0.309188
0.3946
0.487918
0.588945
0.697714
0.814284
0.938663
1.07084
1.21077
1.3583
1.51313
1.67488
1.84311
2.01738
2.19719
2.38202
2.57139
2.76482
2.96189
3.16221
3.36541
3.57115
3.77898
3.98835
4.19854
4.4087
4.61781
4.82475
5.02822
5.22673
5.41862
5.60212
5.7755
5.93717
6.0859
6.22086
6.34171
6.44854
6.54182
6.62228
6.69083
6.74845
6.79617
6.83499
6.86585
6.88964
6.90716
6.91913
6.92619
6.92894
6.92798
6.92393
6.91749
6.90939
6.90042
6.89112
6.88213
6.87334
6.86498
6.85683
6.84868
6.84064
6.83278
6.82514
6.81781
6.81082
6.80422
6.798
6.79219
6.78675
6.7817
6.77698
6.77249
6.7682
6.76425
6.76063
6.75731
6.75427
6.75151
6.74899
6.7467
6.74455
6.74257
6.74188
-0.390996
-0.468703
-0.426935
-0.351215
-0.302107
-0.271019
-0.242663
-0.214154
-0.186628
-0.159867
-0.132618
-0.103633
-0.0718353
-0.0361494
0.00459609
0.051667
0.106361
0.169662
0.240925
0.32035
0.408615
0.506185
0.613347
0.730374
0.857494
0.994633
1.14131
1.29688
1.46072
1.63215
1.8105
1.99507
2.18523
2.38041
2.58006
2.7837
2.99086
3.20116
3.41426
3.62982
3.84737
4.06613
4.28504
4.50288
4.71831
4.92984
5.13577
5.33422
5.5232
5.70081
5.8654
6.01583
6.15153
6.27259
6.37958
6.47339
6.55506
6.6256
6.68594
6.73696
6.77943
6.81409
6.84164
6.86274
6.87804
6.88816
6.89376
6.89554
6.89424
6.89062
6.88541
6.87941
6.87266
6.86544
6.85861
6.85163
6.84396
6.83605
6.82808
6.82018
6.81249
6.80511
6.7981
6.79149
6.78529
6.77951
6.77412
6.7691
6.76429
6.75975
6.75562
6.75184
6.74839
6.74524
6.74237
6.73977
6.73742
6.73523
6.73326
6.73254
-0.429875
-0.857117
-0.792474
-0.664749
-0.608004
-0.584785
-0.563182
-0.541138
-0.522813
-0.508776
-0.4976
-0.487865
-0.478309
-0.467394
-0.452958
-0.431836
-0.398883
-0.356374
-0.310001
-0.259868
-0.204431
-0.142681
-0.0737921
0.00344224
0.0909528
0.190435
0.302568
0.427893
0.566714
0.718882
0.88377
1.06053
1.24835
1.44645
1.65407
1.8704
2.09461
2.32572
2.56269
2.80431
3.04932
3.29648
3.54455
3.79231
4.03855
4.28199
4.52133
4.75524
4.98238
5.20145
5.41114
5.61014
5.79713
5.97074
6.12975
6.27311
6.40018
6.51081
6.60534
6.68455
6.74957
6.80178
6.84261
6.87354
6.89597
6.91123
6.92049
6.92484
6.92521
6.9224
6.91705
6.90968
6.90069
6.89061
6.87953
6.86685
6.85337
6.8408
6.82919
6.81824
6.80793
6.79831
6.78937
6.78111
6.77349
6.76648
6.76005
6.75416
6.74881
6.74385
6.73913
6.73474
6.73082
6.72731
6.72416
6.72133
6.71878
6.71647
6.71436
6.71262
-0.220538
-0.441427
-0.418469
-0.365976
-0.346034
-0.339608
-0.332248
-0.323529
-0.315683
-0.309405
-0.30467
-0.301623
-0.300721
-0.302705
-0.308693
-0.320418
-0.341183
-0.366128
-0.384251
-0.392323
-0.391116
-0.380837
-0.359982
-0.324989
-0.274446
-0.21356
-0.14698
-0.0742806
0.00675376
0.0994574
0.205586
0.326432
0.463053
0.615901
0.784833
0.969346
1.16875
1.38222
1.60882
1.84748
2.09704
2.35624
2.62369
2.89793
3.17737
3.46031
3.74495
4.02929
4.31118
4.58824
4.85792
5.11756
5.36448
5.59618
5.81042
6.00543
6.18001
6.33359
6.4662
6.57849
6.67162
6.74708
6.80665
6.85218
6.88556
6.90859
6.92297
6.93026
6.93187
6.92905
6.92289
6.91426
6.90386
6.8922
6.87959
6.86626
6.85271
6.83907
6.82492
6.81056
6.79707
6.78472
6.77325
6.76263
6.75286
6.74391
6.73574
6.72829
6.72154
6.71544
6.70999
6.705
6.70021
6.69575
6.69175
6.68815
6.68493
6.68204
6.67943
6.67714
-0.230808
-0.470014
-0.465155
-0.424708
-0.411918
-0.410435
-0.406974
-0.401158
-0.395144
-0.389625
-0.384458
-0.379452
-0.37447
-0.369354
-0.363892
-0.357826
-0.350856
-0.342514
-0.333191
-0.323971
-0.316113
-0.310957
-0.310192
-0.316656
-0.330227
-0.342747
-0.344726
-0.331995
-0.301329
-0.254851
-0.198384
-0.133281
-0.0571612
0.032565
0.137993
0.260674
0.401546
0.56095
0.738754
0.93448
1.14737
1.37639
1.62029
1.87755
2.14647
2.42515
2.71151
3.00334
3.29828
3.59384
3.88747
4.17651
4.45834
4.73035
4.99007
5.23523
5.46386
5.67435
5.86556
6.03683
6.18806
6.31963
6.43236
6.52744
6.60631
6.67053
6.72171
6.76147
6.79131
6.81267
6.82685
6.83502
6.83823
6.83739
6.83329
6.82664
6.81804
6.80799
6.79692
6.78545
6.77383
6.76183
6.74998
6.73909
6.72897
6.71958
6.71093
6.70301
6.69578
6.68921
6.68326
6.6779
6.67314
6.6688
6.66464
6.66082
6.65748
6.65455
6.65196
6.64978
-0.194634
-0.39227
-0.383783
-0.347868
-0.337669
-0.33833
-0.337784
-0.335398
-0.332921
-0.330895
-0.329189
-0.327698
-0.326427
-0.325397
-0.324608
-0.324027
-0.323562
-0.323016
-0.322054
-0.320283
-0.3174
-0.313247
-0.307773
-0.300983
-0.292795
-0.283593
-0.275045
-0.269635
-0.271044
-0.277045
-0.278126
-0.265798
-0.237378
-0.19492
-0.139777
-0.0710986
0.0131613
0.115087
0.236285
0.377763
0.539957
0.722789
0.925729
1.14783
1.38777
1.64389
1.91422
2.19655
2.48846
2.78736
3.09054
3.39518
3.69843
3.99739
4.28919
4.57103
4.84026
5.09446
5.33154
5.54984
5.74819
5.92595
6.08309
6.22005
6.33776
6.43744
6.52057
6.58872
6.64352
6.68656
6.71937
6.74338
6.7599
6.77013
6.77517
6.77596
6.77337
6.76814
6.76093
6.7523
6.74273
6.73267
6.72261
6.71236
6.7022
6.6928
6.68405
6.67593
6.66846
6.66162
6.6554
6.64976
6.64469
6.64018
6.63622
6.63263
6.62923
6.6262
6.62359
6.62137
-0.185472
-0.375321
-0.370698
-0.340209
-0.334047
-0.338012
-0.340566
-0.341072
-0.341175
-0.341359
-0.341457
-0.341321
-0.340899
-0.340158
-0.339049
-0.33752
-0.335526
-0.333039
-0.330055
-0.326615
-0.322796
-0.318702
-0.31443
-0.310047
-0.305536
-0.300747
-0.295421
-0.289291
-0.28212
-0.273389
-0.264118
-0.257241
-0.252956
-0.246467
-0.231789
-0.204595
-0.163234
-0.106925
-0.0340562
0.0576187
0.17014
0.304919
0.462678
0.643496
0.846845
1.07164
1.3163
1.57882
1.85683
2.14768
2.4485
2.75625
3.06781
3.37999
3.68956
3.99337
4.28832
4.57149
4.84021
5.09215
5.3254
5.53859
5.73092
5.90217
6.05271
6.18334
6.29524
6.3898
6.46859
6.53319
6.58519
6.62612
6.65744
6.68051
6.69656
6.70675
6.7121
6.71354
6.71188
6.70786
6.70208
6.69508
6.6873
6.67911
6.67093
6.66269
6.65462
6.64715
6.64019
6.63375
6.62785
6.62249
6.61765
6.61334
6.60954
6.60624
6.60343
6.60091
6.59859
6.59659
-0.167728
-0.338564
-0.333784
-0.306373
-0.301552
-0.306281
-0.310053
-0.312258
-0.314325
-0.316618
-0.318915
-0.321035
-0.322898
-0.324458
-0.325662
-0.326462
-0.326812
-0.326671
-0.325996
-0.324754
-0.322917
-0.32047
-0.317417
-0.313781
-0.309605
-0.304952
-0.299916
-0.294586
-0.289027
-0.283229
-0.277076
-0.270234
-0.261952
-0.252056
-0.241447
-0.23011
-0.215
-0.19124
-0.154566
-0.101914
-0.030546
0.0621969
0.178498
0.319758
0.486522
0.678516
0.89472
1.13346
1.39253
1.66931
1.96084
2.26395
2.57531
2.89151
3.20908
3.5246
3.83468
4.13606
4.42566
4.7007
4.95874
5.19782
5.41655
5.61416
5.79049
5.94595
6.0814
6.19802
6.29723
6.38054
6.44954
6.50577
6.55075
6.58591
6.6126
6.63207
6.64546
6.65382
6.65808
6.65909
6.65757
6.65415
6.64937
6.64366
6.6374
6.63088
6.62439
6.61795
6.61176
6.60605
6.60075
6.59589
6.59149
6.58755
6.58408
6.58109
6.5786
6.5766
6.57494
6.57329
-0.152294
-0.307933
-0.305159
-0.282806
-0.281637
-0.289467
-0.296612
-0.302451
-0.308171
-0.313981
-0.319612
-0.324863
-0.329634
-0.333853
-0.337451
-0.340366
-0.342551
-0.343976
-0.344622
-0.344492
-0.343597
-0.341962
-0.339617
-0.336594
-0.332892
-0.328489
-0.323514
-0.318154
-0.312465
-0.306455
-0.300161
-0.293657
-0.286938
-0.279713
-0.271223
-0.260655
-0.2477
-0.231898
-0.210929
-0.180552
-0.135931
-0.072561
0.0133536
0.12466
0.263099
0.429269
0.622701
0.842018
1.08513
1.34938
1.63175
1.92893
2.23744
2.55368
2.87404
3.19491
3.51272
3.82402
4.12551
4.41414
4.68715
4.94224
5.17764
5.39222
5.58549
5.75759
5.90915
6.04117
6.15493
6.25187
6.33349
6.40133
6.45689
6.50162
6.5369
6.56404
6.58422
6.59855
6.60804
6.61359
6.61599
6.61595
6.61405
6.61081
6.60662
6.60183
6.59672
6.59152
6.58645
6.58151
6.57682
6.57256
6.56874
6.56531
6.5623
6.55974
6.55763
6.55602
6.55484
6.55384
-0.129639
-0.263952
-0.264168
-0.249055
-0.25291
-0.264437
-0.275274
-0.285096
-0.294885
-0.304698
-0.314221
-0.323211
-0.331513
-0.339004
-0.345584
-0.351179
-0.355738
-0.359233
-0.361654
-0.363001
-0.363276
-0.362484
-0.360586
-0.357786
-0.354456
-0.350744
-0.346526
-0.341703
-0.336349
-0.330568
-0.324424
-0.317953
-0.311157
-0.303982
-0.296245
-0.287527
-0.277112
-0.264116
-0.247454
-0.225064
-0.193049
-0.145872
-0.07765
0.0163353
0.139055
0.291848
0.474109
0.684274
0.920068
1.17866
1.45683
1.75114
2.05814
2.37408
2.69522
3.01788
3.33845
3.65345
3.95952
4.25353
4.53265
4.79445
5.03706
5.25923
5.46036
5.64048
5.8001
5.94012
6.06172
6.16623
6.25511
6.32982
6.39183
6.44254
6.48333
6.51548
6.5402
6.55861
6.57173
6.58048
6.5857
6.58809
6.5883
6.58685
6.5842
6.58071
6.57668
6.57235
6.5679
6.5635
6.55934
6.55548
6.55189
6.54865
6.54584
6.5435
6.54166
6.54033
6.53946
6.53872
-0.0993648
-0.211439
-0.21841
-0.21456
-0.226174
-0.243516
-0.260421
-0.276593
-0.292374
-0.30755
-0.321801
-0.334919
-0.346775
-0.357284
-0.36639
-0.374065
-0.380298
-0.385091
-0.388437
-0.390318
-0.390711
-0.390134
-0.389173
-0.387632
-0.385174
-0.381784
-0.377594
-0.372702
-0.367197
-0.361161
-0.354671
-0.347788
-0.340554
-0.332977
-0.325005
-0.316467
-0.306867
-0.295438
-0.280791
-0.260416
-0.230125
-0.184003
-0.11557
-0.0197493
0.106116
0.262724
0.449208
0.663651
0.903455
1.16554
1.44653
1.74288
2.05099
2.36712
2.68765
3.00898
3.32764
3.64022
3.94353
4.23456
4.51066
4.76958
5.00965
5.22978
5.42951
5.60894
5.76862
5.90931
6.0319
6.13771
6.22812
6.30454
6.36835
6.4209
6.46351
6.49742
6.52381
6.54376
6.55829
6.5683
6.57462
6.57797
6.57897
6.57818
6.57605
6.57296
6.56922
6.56511
6.5608
6.55647
6.55225
6.54822
6.54448
6.54114
6.53823
6.53579
6.53385
6.53244
6.53148
6.53063
-0.0605104
-0.146977
-0.167434
-0.181108
-0.2029
-0.227002
-0.250104
-0.27189
-0.292399
-0.311494
-0.329027
-0.344902
-0.359045
-0.371414
-0.381997
-0.390791
-0.397767
-0.402879
-0.40615
-0.408345
-0.410194
-0.411195
-0.410852
-0.409292
-0.406681
-0.403151
-0.398821
-0.393802
-0.388198
-0.382099
-0.375571
-0.368646
-0.361281
-0.353306
-0.344375
-0.334174
-0.32201
-0.306826
-0.28745
-0.261454
-0.223829
-0.167402
-0.0853432
0.026689
0.170055
0.343621
0.545549
0.773493
1.02463
1.29583
1.58379
1.88514
2.19611
2.51308
2.83255
3.15105
3.46523
3.77187
4.06791
4.35058
4.6175
4.86676
5.09701
5.3075
5.49803
5.66885
5.82069
5.95461
6.07154
6.17258
6.25908
6.33239
6.39377
6.44424
6.48505
6.51741
6.54244
6.56121
6.57467
6.58371
6.58911
6.59159
6.59175
6.59012
6.58717
6.58326
6.57872
6.5738
6.56871
6.56362
6.55866
6.55395
6.54956
6.54556
6.54201
6.53895
6.53642
6.53445
6.533
6.53173
-0.0244161
-0.0761836
-0.115971
-0.148252
-0.179139
-0.20867
-0.236272
-0.261844
-0.285405
-0.306954
-0.326477
-0.344013
-0.359571
-0.373071
-0.38442
-0.393542
-0.400417
-0.405955
-0.411069
-0.415127
-0.41751
-0.418372
-0.417888
-0.416195
-0.413396
-0.409572
-0.404781
-0.399053
-0.392381
-0.384709
-0.375919
-0.365818
-0.35413
-0.34051
-0.324559
-0.305835
-0.283763
-0.256969
-0.222689
-0.176507
-0.112891
-0.0264055
0.0869408
0.229027
0.399751
0.597521
0.8202
1.06524
1.32974
1.6106
1.90461
2.20849
2.51878
2.83212
3.14523
3.45493
3.7581
4.05181
4.33335
4.60033
4.85078
5.0832
5.29667
5.49078
5.6656
5.82154
5.95934
6.08008
6.18507
6.27545
6.35242
6.41724
6.47135
6.51582
6.55154
6.57931
6.60014
6.61507
6.62501
6.63081
6.63322
6.63291
6.63046
6.62639
6.62113
6.61504
6.60843
6.60154
6.5946
6.58776
6.58116
6.57491
6.56908
6.56375
6.55898
6.55479
6.55124
6.54836
6.54609
6.54408
-0.0216673
-0.0587774
-0.0942033
-0.127608
-0.1592
-0.189104
-0.217297
-0.243696
-0.268187
-0.290638
-0.3109
-0.328848
-0.344363
-0.35721
-0.3673
-0.375893
-0.384135
-0.391153
-0.396103
-0.399067
-0.40019
-0.399572
-0.397274
-0.393334
-0.38777
-0.380582
-0.371746
-0.361216
-0.348918
-0.334747
-0.318545
-0.300071
-0.278931
-0.254468
-0.225619
-0.190792
-0.147852
-0.0941757
-0.0267678
0.0575918
0.162067
0.289284
0.440837
0.617065
0.817165
1.03948
1.2819
1.54194
1.81686
2.10376
2.39961
2.70132
3.00573
3.30977
3.61044
3.90485
4.19027
4.46416
4.72428
4.96875
5.19612
5.40543
5.59618
5.76834
5.92223
6.05849
6.17794
6.28162
6.3707
6.44634
6.50967
6.56186
6.6041
6.63778
6.66427
6.68439
6.69828
6.70679
6.71083
6.7112
6.70858
6.70361
6.69682
6.6887
6.67964
6.66999
6.66003
6.65002
6.64014
6.63054
6.62137
6.61272
6.60466
6.59727
6.59059
6.58465
6.57951
6.57518
6.57159
6.56841
-0.0273838
-0.0612832
-0.0884243
-0.116063
-0.143254
-0.169232
-0.193668
-0.216281
-0.236768
-0.254773
-0.26998
-0.282788
-0.294444
-0.305748
-0.316573
-0.325663
-0.332081
-0.33604
-0.337681
-0.337094
-0.334334
-0.329436
-0.322408
-0.313233
-0.301853
-0.288164
-0.271993
-0.253085
-0.231069
-0.205442
-0.175535
-0.140501
-0.0993045
-0.0507261
0.0066353
0.0743535
0.154162
0.24791
0.35747
0.484608
0.630797
0.797001
0.983495
1.18981
1.4148
1.65678
1.9137
2.18322
2.46277
2.74967
3.04112
3.33428
3.62631
3.91447
4.1961
4.46871
4.73002
4.97801
5.21097
5.4276
5.62699
5.80866
5.97252
6.11885
6.24819
6.3613
6.4591
6.54262
6.61298
6.67128
6.71865
6.75617
6.78492
6.8059
6.82032
6.82967
6.83421
6.83413
6.83023
6.82325
6.81384
6.80255
6.78988
6.77627
6.76208
6.74763
6.73318
6.71896
6.70513
6.69186
6.67925
6.6674
6.65638
6.64624
6.63703
6.62878
6.62151
6.61526
6.60993
6.60517
-0.024293
-0.0444699
-0.0599011
-0.0761921
-0.0927869
-0.109572
-0.126349
-0.142911
-0.159098
-0.174864
-0.190152
-0.204264
-0.215945
-0.224719
-0.230831
-0.23438
-0.235343
-0.233683
-0.229332
-0.222198
-0.212166
-0.199086
-0.182771
-0.162989
-0.13945
-0.111805
-0.0796344
-0.0424444
0.000343946
0.0493981
0.105483
0.169462
0.242298
0.325042
0.418814
0.524767
0.644048
0.777732
0.926758
1.09184
1.27336
1.47131
1.68521
1.9141
2.15662
2.41104
2.67534
2.94732
3.22458
3.50465
3.78499
4.06308
4.33643
4.60269
4.85963
5.10524
5.33775
5.55568
5.7579
5.94362
6.11242
6.26423
6.39928
6.51805
6.62124
6.70969
6.78436
6.84625
6.89644
6.93598
6.96593
6.98733
7.00114
7.00831
7.01009
7.00754
7.00116
6.991
6.97775
6.9621
6.94462
6.92582
6.90614
6.88596
6.86563
6.84542
6.82557
6.80629
6.78774
6.77004
6.7533
6.7376
6.72301
6.70957
6.69732
6.68626
6.67643
6.66784
6.66042
6.65375
-0.0157629
-0.0269447
-0.0381427
-0.0503188
-0.0626021
-0.0743385
-0.0852049
-0.0948913
-0.103133
-0.109737
-0.114571
-0.117499
-0.118312
-0.116767
-0.112628
-0.105655
-0.0956147
-0.0822812
-0.0654281
-0.0448201
-0.0202019
0.00870629
0.0422185
0.080686
0.124505
0.17412
0.230028
0.292776
0.362966
0.44125
0.528319
0.624899
0.73173
0.849551
0.979071
1.12094
1.27571
1.44378
1.62539
1.82051
2.02884
2.2498
2.48244
2.72554
2.97758
3.23681
3.50128
3.76889
4.03747
4.30478
4.56858
4.8267
5.07706
5.31771
5.54692
5.76314
5.96514
6.15193
6.32286
6.47759
6.61606
6.73849
6.84531
6.93715
7.01479
7.07909
7.13102
7.17157
7.20174
7.22255
7.23501
7.24005
7.23856
7.23152
7.22055
7.20628
7.18839
7.16747
7.14424
7.11929
7.09312
7.06619
7.03889
7.01157
6.98453
6.95802
6.93227
6.90744
6.88369
6.86112
6.83984
6.81991
6.80137
6.78428
6.76864
6.75448
6.7418
6.7306
6.72082
6.712
-0.00506878
-0.00735404
-0.00964703
-0.011904
-0.0138127
-0.0150904
-0.015456
-0.014624
-0.0123024
-0.00819365
-0.00198799
0.00662745
0.0179568
0.0322853
0.0498895
0.0710444
0.0960317
0.125141
0.158676
0.196953
0.240311
0.289107
0.343723
0.404564
0.472061
0.546667
0.628859
0.71913
0.817986
0.925936
1.04348
1.17111
1.30926
1.45831
1.61858
1.79027
1.97344
2.16799
2.37366
2.58995
2.81615
3.05132
3.29429
3.54368
3.79792
4.05528
4.31394
4.57195
4.82735
5.0782
5.32258
5.55867
5.78478
5.99939
6.20118
6.38908
6.56224
6.7201
6.86236
6.98897
7.10011
7.19616
7.27769
7.34539
7.40007
7.4426
7.47391
7.49498
7.50678
7.51027
7.50637
7.49594
7.48006
7.46067
7.43812
7.41199
7.38288
7.35153
7.31854
7.28443
7.24967
7.21466
7.17976
7.14529
7.11152
7.07867
7.04695
7.01651
6.98748
6.95997
6.93405
6.90978
6.8872
6.86635
6.84722
6.82984
6.81419
6.80028
6.78803
6.77698
0.00469178
0.0124896
0.0203505
0.0286395
0.0376316
0.0476246
0.0589202
0.0718163
0.0866114
0.103603
0.123094
0.145394
0.17082
0.199693
0.232343
0.269102
0.310311
0.356318
0.407478
0.464155
0.526724
0.595567
0.671076
0.75365
0.843692
0.941606
1.04779
1.16263
1.2865
1.41974
1.56264
1.71544
1.87831
2.05135
2.23454
2.42773
2.63066
2.84289
3.06384
3.29274
3.52865
3.77046
4.01689
4.26653
4.51782
4.76912
5.01874
5.26492
5.50595
5.74013
5.96585
6.18161
6.38605
6.57801
6.7565
6.92075
7.07024
7.20465
7.32389
7.42808
7.51753
7.59269
7.65418
7.7027
7.73906
7.76412
7.77879
7.78401
7.78069
7.76969
7.75197
7.72929
7.70332
7.67375
7.6404
7.60399
7.56529
7.52493
7.48345
7.44133
7.39899
7.35683
7.31518
7.27433
7.23452
7.19597
7.15885
7.12332
7.08949
7.05744
7.02726
6.99899
6.97267
6.94831
6.92592
6.9055
6.88704
6.87053
6.85589
6.84269
0.0141707
0.0324358
0.0501056
0.0685929
0.0879825
0.108546
0.130608
0.154493
0.18053
0.209048
0.240385
0.27488
0.312877
0.354724
0.400774
0.451383
0.506914
0.567731
0.634205
0.706707
0.785611
0.871288
0.964108
1.06443
1.17261
1.28896
1.41381
1.54743
1.69005
1.84187
2.003
2.17349
2.35333
2.54238
2.74041
2.94707
3.16186
3.38418
3.61326
3.8482
4.08796
4.33136
4.57711
4.82382
5.07002
5.31416
5.55469
5.79005
6.0187
6.23918
6.45012
6.65024
6.83845
7.0138
7.17551
7.32303
7.45597
7.57417
7.67761
7.7665
7.84117
7.9021
7.94989
7.98523
8.00889
8.02173
8.02461
8.01839
8.00386
7.98215
7.95613
7.92684
7.89297
7.85483
7.81331
7.76922
7.72321
7.67587
7.62772
7.57923
7.53083
7.48288
7.4357
7.38957
7.34473
7.30139
7.25972
7.21986
7.18191
7.14597
7.1121
7.08035
7.05075
7.02331
6.99804
6.97492
6.95394
6.9351
6.9183
6.90318
0.0214312
0.0466466
0.0703418
0.0954801
0.121874
0.149699
0.17927
0.210905
0.244922
0.28165
0.32142
0.364574
0.411457
0.462419
0.517817
0.578011
0.643363
0.714237
0.790996
0.874001
0.963609
1.06017
1.16401
1.27545
1.3948
1.52232
1.65824
1.80277
1.95604
2.11814
2.28909
2.46882
2.65719
2.85395
3.05876
3.27116
3.49056
3.71628
3.94749
4.18326
4.42253
4.66413
4.90683
5.14928
5.39011
5.62788
5.86117
6.08854
6.30863
6.52011
6.72175
6.91245
7.09122
7.25724
7.40985
7.54855
7.67302
7.78313
7.87887
7.96044
8.02814
8.08243
8.12384
8.15303
8.17072
8.17771
8.17476
8.16258
8.14233
8.11769
8.08956
8.05602
8.01744
7.97482
7.92903
7.88079
7.83074
7.77947
7.7275
7.67531
7.6233
7.57187
7.52131
7.47192
7.42394
7.37757
7.33297
7.2903
7.24966
7.21115
7.17482
7.14073
7.1089
7.07935
7.05208
7.02707
7.00432
6.98379
6.96542
6.94894
0.0260806
0.0551364
0.0819527
0.110605
0.140698
0.172345
0.205859
0.241558
0.279763
0.320801
0.36501
0.412732
0.464318
0.520122
0.580505
0.64583
0.716461
0.792762
0.875098
0.963824
1.05929
1.16184
1.27179
1.38944
1.51508
1.64893
1.79122
1.94209
2.10166
2.26995
2.44694
2.63252
2.82649
3.02855
3.2383
3.45523
3.67872
3.90802
4.1423
4.38058
4.62178
4.86475
5.10823
5.3509
5.5914
5.82832
6.06027
6.28586
6.50375
6.71267
6.91143
7.09898
7.27438
7.43683
7.5857
7.72053
7.84101
7.94701
8.03855
8.11581
8.1791
8.22886
8.26561
8.29001
8.30278
8.30467
8.29632
8.2787
8.25505
8.22764
8.19517
8.15688
8.11373
8.06672
8.01666
7.96426
7.91018
7.85502
7.79931
7.74353
7.68809
7.63337
7.5797
7.52734
7.47654
7.42751
7.3804
7.33536
7.2925
7.25189
7.21361
7.17768
7.14415
7.113
7.08425
7.05786
7.03382
7.01208
6.99258
6.97521
7.19942
7.19837
7.19823
7.19827
7.19825
7.19821
7.19817
7.19815
7.19813
7.19811
7.19809
7.19808
7.19808
7.19808
7.19808
7.19808
7.19809
7.1981
7.19811
7.19813
7.19815
7.19817
7.19819
7.19822
7.19825
7.19827
7.19831
7.19834
7.19837
7.1984
7.19844
7.19847
7.19851
7.19854
7.19857
7.19861
7.19864
7.19867
7.19871
7.19874
7.19877
7.19879
7.19882
7.19884
7.19886
7.19888
7.1989
7.19892
7.19893
7.19894
7.19894
7.19895
7.19895
7.19894
7.19894
7.19893
7.19891
7.19889
7.19887
7.19885
7.19882
7.19879
7.19875
7.19871
7.19866
7.19862
7.19856
7.19851
7.19845
7.19838
7.19832
7.19825
7.19817
7.19809
7.19801
7.19793
7.19784
7.19775
7.19766
7.19757
7.19747
7.19737
7.19727
7.19716
7.19706
7.19696
7.19685
7.19674
7.19664
7.19653
7.19642
7.19632
7.19622
7.19612
7.19602
7.19592
7.19584
7.19576
7.19568
7.19561
7.18429
7.18334
7.18333
7.1835
7.18361
7.18371
7.1838
7.1839
7.18399
7.18409
7.18418
7.18428
7.18437
7.18446
7.18455
7.18464
7.18473
7.18481
7.18489
7.18497
7.18505
7.18512
7.18519
7.18526
7.18532
7.18538
7.18544
7.18549
7.18554
7.18558
7.18562
7.18565
7.18568
7.1857
7.18572
7.18573
7.18573
7.18573
7.18572
7.18571
7.18569
7.18566
7.18562
7.18558
7.18553
7.18547
7.18541
7.18534
7.18526
7.18517
7.18508
7.18498
7.18487
7.18475
7.18463
7.1845
7.18436
7.18421
7.18406
7.1839
7.18373
7.18355
7.18337
7.18318
7.18298
7.18278
7.18257
7.18235
7.18213
7.1819
7.18166
7.18142
7.18117
7.18092
7.18066
7.1804
7.18013
7.17986
7.17958
7.1793
7.17901
7.17873
7.17843
7.17814
7.17784
7.17754
7.17724
7.17693
7.17663
7.17632
7.17602
7.17571
7.1754
7.1751
7.1748
7.1745
7.17421
7.17392
7.17361
7.17334
7.1899
7.18941
7.18913
7.18893
7.18873
7.18853
7.18834
7.18816
7.18798
7.1878
7.18762
7.18744
7.18727
7.18709
7.18692
7.18674
7.18656
7.18637
7.18618
7.18599
7.18579
7.18559
7.18538
7.18516
7.18494
7.18471
7.18447
7.18422
7.18396
7.1837
7.18343
7.18314
7.18285
7.18255
7.18224
7.18192
7.1816
7.18126
7.18091
7.18055
7.18019
7.17981
7.17942
7.17903
7.17862
7.17821
7.17779
7.17735
7.17691
7.17647
7.17601
7.17554
7.17507
7.17459
7.1741
7.1736
7.1731
7.17259
7.17207
7.17155
7.17102
7.17048
7.16994
7.1694
7.16884
7.16829
7.16773
7.16716
7.16659
7.16602
7.16544
7.16486
7.16428
7.16369
7.1631
7.16251
7.16191
7.16132
7.16072
7.16012
7.15951
7.15891
7.1583
7.1577
7.15709
7.15648
7.15587
7.15526
7.15465
7.15404
7.15343
7.15282
7.1522
7.15159
7.15099
7.15038
7.14979
7.14918
7.14849
7.14786
7.16202
7.16097
7.16045
7.16007
7.15968
7.15928
7.15889
7.1585
7.15812
7.15774
7.15736
7.15699
7.15661
7.15624
7.15586
7.15548
7.1551
7.15472
7.15433
7.15394
7.15355
7.15315
7.15275
7.15234
7.15192
7.1515
7.15107
7.15064
7.1502
7.14975
7.14929
7.14883
7.14836
7.14788
7.14739
7.1469
7.1464
7.14589
7.14537
7.14485
7.14431
7.14377
7.14323
7.14267
7.14211
7.14154
7.14096
7.14037
7.13978
7.13918
7.13858
7.13796
7.13735
7.13672
7.13609
7.13545
7.1348
7.13415
7.13349
7.13283
7.13216
7.13149
7.13081
7.13012
7.12943
7.12873
7.12803
7.12732
7.12661
7.12589
7.12517
7.12444
7.12371
7.12298
7.12223
7.12149
7.12074
7.11998
7.11922
7.11846
7.11769
7.11692
7.11614
7.11536
7.11458
7.11379
7.113
7.1122
7.1114
7.11059
7.10978
7.10897
7.10816
7.10734
7.10652
7.10571
7.10491
7.10408
7.10314
7.10228
7.14753
7.14669
7.14616
7.14572
7.14529
7.14486
7.14443
7.144
7.14358
7.14316
7.14274
7.14231
7.14189
7.14146
7.14104
7.1406
7.14017
7.13972
7.13928
7.13882
7.13836
7.13789
7.13742
7.13693
7.13644
7.13594
7.13543
7.13491
7.13438
7.13385
7.1333
7.13274
7.13217
7.1316
7.13101
7.13041
7.1298
7.12919
7.12856
7.12792
7.12727
7.12662
7.12595
7.12527
7.12459
7.12389
7.12319
7.12247
7.12175
7.12102
7.12027
7.11952
7.11877
7.118
7.11722
7.11644
7.11565
7.11485
7.11404
7.11322
7.1124
7.11157
7.11073
7.10988
7.10903
7.10817
7.1073
7.10643
7.10555
7.10466
7.10377
7.10287
7.10196
7.10105
7.10013
7.0992
7.09827
7.09734
7.09639
7.09545
7.09449
7.09353
7.09257
7.0916
7.09062
7.08964
7.08865
7.08766
7.08666
7.08566
7.08466
7.08365
7.08263
7.08162
7.0806
7.07959
7.07859
7.07755
7.0764
7.07533
7.12448
7.12333
7.12258
7.12194
7.12131
7.12068
7.12006
7.11944
7.11882
7.11821
7.11761
7.117
7.1164
7.11579
7.11519
7.11458
7.11397
7.11335
7.11274
7.11211
7.11148
7.11085
7.11021
7.10956
7.10891
7.10824
7.10757
7.10689
7.1062
7.10551
7.1048
7.10409
7.10336
7.10263
7.10189
7.10114
7.10038
7.09961
7.09883
7.09804
7.09724
7.09643
7.09561
7.09478
7.09395
7.0931
7.09225
7.09138
7.09051
7.08963
7.08874
7.08784
7.08693
7.08601
7.08509
7.08416
7.08322
7.08227
7.08131
7.08034
7.07937
7.07839
7.0774
7.0764
7.0754
7.07438
7.07336
7.07234
7.0713
7.07026
7.06921
7.06816
7.06709
7.06602
7.06495
7.06386
7.06277
7.06168
7.06057
7.05946
7.05834
7.05722
7.05608
7.05494
7.0538
7.05265
7.05149
7.05032
7.04915
7.04797
7.04679
7.0456
7.04441
7.04321
7.042
7.0408
7.03962
7.0384
7.03702
7.03573
7.1066
7.10556
7.10477
7.10407
7.10339
7.10271
7.10204
7.10137
7.10071
7.10005
7.09939
7.09873
7.09807
7.09741
7.09675
7.09609
7.09542
7.09474
7.09406
7.09338
7.09269
7.09199
7.09128
7.09056
7.08984
7.0891
7.08836
7.08761
7.08684
7.08607
7.08529
7.08449
7.08369
7.08287
7.08205
7.08121
7.08036
7.0795
7.07863
7.07775
7.07686
7.07596
7.07505
7.07412
7.07319
7.07224
7.07129
7.07032
7.06934
7.06836
7.06736
7.06635
7.06534
7.06431
7.06327
7.06223
7.06117
7.06011
7.05903
7.05795
7.05686
7.05576
7.05465
7.05353
7.0524
7.05126
7.05012
7.04897
7.0478
7.04664
7.04546
7.04427
7.04308
7.04188
7.04067
7.03945
7.03822
7.03699
7.03575
7.0345
7.03324
7.03198
7.03071
7.02943
7.02815
7.02685
7.02555
7.02425
7.02293
7.02161
7.02028
7.01895
7.01761
7.01627
7.01492
7.01358
7.01225
7.01089
7.00937
7.00794
7.08586
7.08466
7.08371
7.08285
7.08202
7.08119
7.08036
7.07954
7.07873
7.07793
7.07713
7.07633
7.07553
7.07473
7.07393
7.07312
7.07232
7.07151
7.0707
7.06988
7.06905
7.06822
7.06739
7.06654
7.06569
7.06482
7.06395
7.06307
7.06219
7.06129
7.06038
7.05946
7.05853
7.05759
7.05664
7.05568
7.05471
7.05373
7.05274
7.05174
7.05073
7.0497
7.04867
7.04763
7.04657
7.04551
7.04443
7.04335
7.04225
7.04115
7.04003
7.03891
7.03777
7.03663
7.03547
7.03431
7.03313
7.03195
7.03076
7.02956
7.02835
7.02713
7.0259
7.02466
7.02342
7.02217
7.0209
7.01963
7.01835
7.01707
7.01577
7.01447
7.01315
7.01183
7.0105
7.00917
7.00782
7.00647
7.00511
7.00374
7.00236
7.00098
6.99958
6.99818
6.99677
6.99536
6.99393
6.9925
6.99106
6.98961
6.98815
6.98669
6.98522
6.98374
6.98226
6.98079
6.97933
6.97783
6.97616
6.97456
7.06743
7.0663
7.06529
7.06437
7.06347
7.06258
7.0617
7.06082
7.05995
7.05908
7.05822
7.05736
7.0565
7.05564
7.05477
7.05391
7.05304
7.05216
7.05129
7.0504
7.04951
7.04861
7.0477
7.04679
7.04587
7.04494
7.04399
7.04304
7.04208
7.04111
7.04013
7.03914
7.03813
7.03712
7.03609
7.03506
7.03401
7.03295
7.03188
7.0308
7.0297
7.0286
7.02748
7.02636
7.02522
7.02407
7.02291
7.02174
7.02056
7.01937
7.01817
7.01695
7.01573
7.0145
7.01325
7.012
7.01074
7.00946
7.00818
7.00689
7.00558
7.00427
7.00295
7.00162
7.00028
6.99893
6.99758
6.99621
6.99483
6.99345
6.99206
6.99066
6.98925
6.98783
6.9864
6.98497
6.98352
6.98207
6.98061
6.97915
6.97767
6.97618
6.97469
6.97319
6.97168
6.97016
6.96864
6.9671
6.96556
6.96402
6.96246
6.9609
6.95933
6.95775
6.95617
6.9546
6.95304
6.95145
6.94969
6.948
7.04825
7.04705
7.04592
7.04488
7.04387
7.04286
7.04187
7.04088
7.0399
7.03892
7.03795
7.03698
7.03602
7.03505
7.03408
7.03311
7.03214
7.03117
7.03019
7.0292
7.02821
7.02721
7.02621
7.02519
7.02417
7.02315
7.02211
7.02106
7.02
7.01894
7.01786
7.01677
7.01568
7.01457
7.01345
7.01232
7.01118
7.01003
7.00887
7.0077
7.00651
7.00532
7.00411
7.0029
7.00167
7.00043
6.99919
6.99793
6.99666
6.99538
6.99409
6.99279
6.99148
6.99016
6.98883
6.98749
6.98614
6.98478
6.98341
6.98203
6.98064
6.97925
6.97784
6.97643
6.97501
6.97357
6.97213
6.97069
6.96923
6.96776
6.96629
6.96481
6.96332
6.96182
6.96031
6.95879
6.95727
6.95574
6.9542
6.95265
6.9511
6.94954
6.94797
6.94639
6.9448
6.9432
6.9416
6.93999
6.93837
6.93674
6.93511
6.93346
6.93182
6.93016
6.9285
6.92685
6.92521
6.92354
6.92169
6.91989
7.03028
7.02911
7.02792
7.02681
7.02573
7.02467
7.02361
7.02256
7.02151
7.02048
7.01944
7.01841
7.01738
7.01634
7.01531
7.01428
7.01324
7.0122
7.01115
7.0101
7.00905
7.00798
7.00691
7.00583
7.00475
7.00365
7.00255
7.00143
7.00031
6.99917
6.99803
6.99688
6.99571
6.99454
6.99335
6.99215
6.99095
6.98973
6.9885
6.98726
6.98601
6.98474
6.98347
6.98219
6.98089
6.97958
6.97827
6.97694
6.9756
6.97426
6.9729
6.97153
6.97016
6.96877
6.96737
6.96597
6.96455
6.96312
6.96169
6.96025
6.9588
6.95734
6.95587
6.95439
6.9529
6.95141
6.94991
6.9484
6.94688
6.94535
6.94382
6.94227
6.94072
6.93916
6.9376
6.93603
6.93444
6.93286
6.93126
6.92965
6.92804
6.92642
6.92479
6.92316
6.92151
6.91986
6.9182
6.91653
6.91486
6.91318
6.91148
6.90979
6.90808
6.90637
6.90466
6.90295
6.90126
6.89954
6.89766
6.89581
7.01239
7.01119
7.00991
7.00871
7.00755
7.0064
7.00526
7.00413
7.00301
7.00189
7.00077
6.99966
6.99855
6.99744
6.99633
6.99522
6.99411
6.99299
6.99187
6.99075
6.98962
6.98848
6.98734
6.98619
6.98504
6.98387
6.9827
6.98152
6.98032
6.97912
6.97791
6.97669
6.97546
6.97423
6.97298
6.97172
6.97045
6.96916
6.96787
6.96657
6.96526
6.96394
6.9626
6.96126
6.95991
6.95855
6.95717
6.95579
6.9544
6.95299
6.95158
6.95016
6.94873
6.94729
6.94584
6.94438
6.94291
6.94143
6.93994
6.93845
6.93695
6.93544
6.93391
6.93239
6.93085
6.92931
6.92775
6.92619
6.92462
6.92305
6.92146
6.91987
6.91827
6.91667
6.91505
6.91343
6.9118
6.91016
6.90852
6.90686
6.9052
6.90354
6.90186
6.90018
6.89849
6.89679
6.89509
6.89337
6.89165
6.88993
6.88819
6.88645
6.8847
6.88295
6.8812
6.87945
6.87772
6.87597
6.87405
6.87215
6.99524
6.99405
6.99271
6.99145
6.99023
6.98902
6.98782
6.98663
6.98544
6.98426
6.98309
6.98192
6.98075
6.97958
6.97841
6.97724
6.97606
6.97489
6.97371
6.97252
6.97133
6.97013
6.96893
6.96772
6.96651
6.96528
6.96405
6.96281
6.96156
6.9603
6.95903
6.95775
6.95646
6.95517
6.95386
6.95254
6.95121
6.94988
6.94853
6.94717
6.9458
6.94442
6.94304
6.94164
6.94023
6.93881
6.93739
6.93595
6.9345
6.93305
6.93158
6.93011
6.92862
6.92713
6.92563
6.92412
6.92261
6.92108
6.91955
6.91801
6.91646
6.91491
6.91334
6.91177
6.91019
6.90861
6.90702
6.90542
6.90382
6.90221
6.90059
6.89897
6.89734
6.89571
6.89407
6.89242
6.89077
6.88912
6.88745
6.88579
6.88411
6.88243
6.88075
6.87906
6.87736
6.87566
6.87395
6.87224
6.87052
6.8688
6.86707
6.86533
6.86359
6.86184
6.86009
6.85834
6.85662
6.85487
6.85297
6.85106
6.97849
6.97729
6.97589
6.97456
6.97328
6.97201
6.97075
6.9695
6.96826
6.96702
6.96579
6.96457
6.96334
6.96212
6.9609
6.95967
6.95845
6.95722
6.95599
6.95476
6.95352
6.95228
6.95103
6.94978
6.94851
6.94725
6.94597
6.94469
6.9434
6.9421
6.94079
6.93947
6.93815
6.93681
6.93547
6.93411
6.93275
6.93138
6.93
6.92861
6.92721
6.9258
6.92439
6.92296
6.92153
6.92008
6.91863
6.91717
6.9157
6.91422
6.91274
6.91124
6.90974
6.90823
6.90672
6.90519
6.90366
6.90212
6.90058
6.89903
6.89747
6.89591
6.89433
6.89276
6.89118
6.88959
6.88799
6.88639
6.88479
6.88317
6.88156
6.87993
6.8783
6.87667
6.87503
6.87338
6.87173
6.87007
6.8684
6.86673
6.86505
6.86337
6.86167
6.85997
6.85826
6.85655
6.85482
6.85308
6.85134
6.84958
6.84782
6.84604
6.84426
6.84247
6.84067
6.83887
6.83708
6.83527
6.8333
6.83133
6.96226
6.96107
6.95962
6.95824
6.95691
6.9556
6.95429
6.95299
6.9517
6.95041
6.94913
6.94785
6.94657
6.9453
6.94402
6.94275
6.94147
6.94019
6.93891
6.93762
6.93633
6.93504
6.93374
6.93243
6.93112
6.9298
6.92848
6.92714
6.9258
6.92446
6.9231
6.92173
6.92036
6.91898
6.91759
6.91619
6.91479
6.91337
6.91195
6.91051
6.90907
6.90762
6.90617
6.9047
6.90322
6.90174
6.90025
6.89875
6.89725
6.89573
6.89421
6.89268
6.89114
6.8896
6.88805
6.88649
6.88493
6.88336
6.88178
6.8802
6.87861
6.87702
6.87542
6.87381
6.8722
6.87058
6.86896
6.86733
6.86569
6.86405
6.86241
6.86076
6.8591
6.85744
6.85577
6.85409
6.85241
6.85072
6.84903
6.84733
6.84562
6.84391
6.84219
6.84046
6.83873
6.83699
6.83524
6.83349
6.83173
6.82996
6.82818
6.8264
6.82462
6.82283
6.82103
6.81924
6.81748
6.81569
6.81376
6.81182
6.94363
6.94239
6.94086
6.93939
6.93799
6.9366
6.93521
6.93384
6.93247
6.9311
6.92974
6.92839
6.92703
6.92568
6.92433
6.92298
6.92162
6.92027
6.91891
6.91756
6.91619
6.91483
6.91346
6.91208
6.9107
6.90931
6.90792
6.90652
6.90512
6.9037
6.90229
6.90086
6.89943
6.89799
6.89654
6.89508
6.89362
6.89215
6.89068
6.88919
6.8877
6.8862
6.8847
6.88318
6.88167
6.88014
6.87861
6.87707
6.87553
6.87398
6.87242
6.87086
6.86929
6.86772
6.86614
6.86456
6.86298
6.86138
6.85979
6.85819
6.85659
6.85498
6.85337
6.85176
6.85014
6.84852
6.8469
6.84527
6.84364
6.84201
6.84038
6.83874
6.83711
6.83547
6.83383
6.83218
6.83054
6.82889
6.82724
6.82559
6.82394
6.82229
6.82064
6.81899
6.81733
6.81568
6.81402
6.81236
6.8107
6.80905
6.80739
6.80573
6.80408
6.80243
6.80078
6.79914
6.79753
6.7959
6.79414
6.79243
6.92383
6.92264
6.92108
6.91958
6.91815
6.91673
6.91532
6.91391
6.91251
6.91112
6.90973
6.90835
6.90697
6.90559
6.90421
6.90284
6.90146
6.90009
6.89871
6.89733
6.89595
6.89456
6.89317
6.89178
6.89038
6.88898
6.88757
6.88616
6.88475
6.88332
6.8819
6.88046
6.87902
6.87758
6.87612
6.87467
6.8732
6.87173
6.87026
6.86877
6.86729
6.86579
6.86429
6.86279
6.86128
6.85976
6.85824
6.85672
6.85519
6.85365
6.85212
6.85057
6.84903
6.84748
6.84592
6.84437
6.84281
6.84124
6.83968
6.83811
6.83654
6.83497
6.8334
6.83182
6.83025
6.82867
6.82709
6.82551
6.82393
6.82235
6.82077
6.81919
6.81761
6.81603
6.81445
6.81287
6.81129
6.80971
6.80813
6.80655
6.80498
6.8034
6.80182
6.80024
6.79867
6.79709
6.79551
6.79393
6.79236
6.79078
6.7892
6.78762
6.78604
6.78446
6.78288
6.78131
6.77976
6.77819
6.77651
6.77489
6.90458
6.90337
6.90175
6.90021
6.89872
6.89725
6.89579
6.89433
6.89288
6.89144
6.89001
6.88857
6.88715
6.88572
6.8843
6.88288
6.88146
6.88004
6.87862
6.8772
6.87578
6.87436
6.87293
6.87151
6.87008
6.86864
6.86721
6.86577
6.86432
6.86288
6.86143
6.85997
6.85851
6.85705
6.85558
6.85411
6.85263
6.85115
6.84966
6.84818
6.84668
6.84519
6.84369
6.84219
6.84068
6.83917
6.83766
6.83615
6.83463
6.83311
6.83159
6.83007
6.82854
6.82702
6.82549
6.82397
6.82244
6.82092
6.81939
6.81787
6.81634
6.81482
6.81329
6.81177
6.81025
6.80873
6.80722
6.8057
6.80419
6.80268
6.80118
6.79967
6.79817
6.79667
6.79518
6.79368
6.79219
6.79071
6.78922
6.78774
6.78626
6.78478
6.7833
6.78182
6.78035
6.77888
6.7774
6.77593
6.77446
6.77298
6.77151
6.77003
6.76856
6.76708
6.7656
6.76413
6.76268
6.7612
6.75963
6.7581
6.88636
6.88518
6.88354
6.88198
6.88047
6.87899
6.87751
6.87603
6.87457
6.87311
6.87166
6.87021
6.86877
6.86733
6.8659
6.86447
6.86304
6.86161
6.86018
6.85875
6.85733
6.8559
6.85447
6.85304
6.85161
6.85018
6.84875
6.84732
6.84588
6.84444
6.843
6.84155
6.84011
6.83866
6.83721
6.83575
6.8343
6.83284
6.83138
6.82992
6.82845
6.82699
6.82552
6.82405
6.82258
6.82111
6.81964
6.81817
6.81669
6.81522
6.81375
6.81228
6.81081
6.80934
6.80787
6.8064
6.80493
6.80347
6.80201
6.80055
6.79909
6.79764
6.79619
6.79474
6.7933
6.79186
6.79042
6.78899
6.78756
6.78613
6.78471
6.7833
6.78189
6.78048
6.77908
6.77768
6.77628
6.77489
6.7735
6.77212
6.77074
6.76936
6.76798
6.76661
6.76524
6.76387
6.7625
6.76114
6.75977
6.7584
6.75704
6.75567
6.7543
6.75294
6.75157
6.75021
6.74886
6.74751
6.74607
6.74469
6.86882
6.86763
6.86598
6.86438
6.86286
6.86135
6.85985
6.85836
6.85687
6.85539
6.85392
6.85246
6.851
6.84954
6.84809
6.84665
6.84521
6.84377
6.84233
6.84089
6.83946
6.83803
6.8366
6.83517
6.83374
6.83231
6.83088
6.82945
6.82802
6.8266
6.82517
6.82374
6.8223
6.82087
6.81944
6.81801
6.81658
6.81515
6.81372
6.81229
6.81085
6.80942
6.80799
6.80657
6.80514
6.80371
6.80229
6.80086
6.79944
6.79803
6.79661
6.7952
6.79379
6.79238
6.79098
6.78958
6.78818
6.78679
6.78541
6.78403
6.78265
6.78128
6.77992
6.77856
6.7772
6.77586
6.77452
6.77318
6.77185
6.77053
6.76921
6.76791
6.7666
6.7653
6.76401
6.76273
6.76145
6.76018
6.75891
6.75765
6.75639
6.75514
6.75389
6.75264
6.7514
6.75016
6.74893
6.74769
6.74646
6.74523
6.744
6.74277
6.74154
6.74031
6.73908
6.73786
6.73665
6.73543
6.73414
6.73291
6.8521
6.85092
6.84927
6.84768
6.84615
6.84464
6.84313
6.84164
6.84015
6.83867
6.8372
6.83574
6.83428
6.83283
6.83138
6.82994
6.82851
6.82708
6.82565
6.82423
6.82281
6.82139
6.81998
6.81857
6.81716
6.81576
6.81435
6.81295
6.81155
6.81015
6.80876
6.80736
6.80597
6.80458
6.80319
6.8018
6.80041
6.79903
6.79765
6.79627
6.79489
6.79352
6.79214
6.79078
6.78941
6.78805
6.78669
6.78534
6.78399
6.78265
6.78131
6.77997
6.77864
6.77732
6.776
6.77469
6.77338
6.77208
6.77079
6.76951
6.76823
6.76696
6.7657
6.76444
6.76319
6.76195
6.76072
6.7595
6.75828
6.75707
6.75587
6.75468
6.7535
6.75232
6.75115
6.74999
6.74884
6.74769
6.74656
6.74542
6.7443
6.74318
6.74206
6.74095
6.73985
6.73875
6.73765
6.73655
6.73546
6.73437
6.73329
6.7322
6.73112
6.73003
6.72895
6.72787
6.72681
6.72573
6.72461
6.72356
6.83607
6.83491
6.83326
6.83166
6.83014
6.82863
6.82713
6.82563
6.82415
6.82267
6.82121
6.81975
6.8183
6.81686
6.81542
6.814
6.81257
6.81116
6.80975
6.80834
6.80694
6.80555
6.80416
6.80277
6.80139
6.80002
6.79864
6.79728
6.79591
6.79455
6.79319
6.79184
6.79049
6.78915
6.78781
6.78647
6.78514
6.78381
6.78249
6.78117
6.77986
6.77855
6.77725
6.77595
6.77466
6.77337
6.77209
6.77082
6.76955
6.76829
6.76704
6.76579
6.76455
6.76332
6.7621
6.76089
6.75968
6.75849
6.7573
6.75612
6.75496
6.7538
6.75265
6.75151
6.75038
6.74926
6.74815
6.74705
6.74596
6.74488
6.74381
6.74276
6.74171
6.74067
6.73964
6.73862
6.7376
6.7366
6.73561
6.73462
6.73364
6.73267
6.73171
6.73075
6.7298
6.72886
6.72792
6.72698
6.72605
6.72512
6.72419
6.72327
6.72235
6.72143
6.72051
6.71959
6.71869
6.71777
6.71683
6.71597
6.82075
6.81959
6.81795
6.81637
6.81486
6.81336
6.81187
6.81039
6.80892
6.80746
6.80601
6.80457
6.80314
6.80172
6.80031
6.7989
6.79751
6.79612
6.79474
6.79337
6.792
6.79065
6.7893
6.78795
6.78662
6.78528
6.78396
6.78264
6.78133
6.78002
6.77872
6.77743
6.77614
6.77486
6.77359
6.77232
6.77106
6.76981
6.76856
6.76732
6.76608
6.76486
6.76364
6.76243
6.76122
6.76003
6.75884
6.75766
6.75649
6.75533
6.75418
6.75304
6.75191
6.75079
6.74968
6.74858
6.74749
6.74641
6.74534
6.74428
6.74324
6.74221
6.74118
6.74017
6.73917
6.73819
6.73721
6.73625
6.7353
6.73436
6.73343
6.73252
6.73161
6.73072
6.72984
6.72897
6.72811
6.72726
6.72642
6.72559
6.72477
6.72395
6.72315
6.72235
6.72156
6.72078
6.72001
6.71923
6.71847
6.71771
6.71695
6.71619
6.71544
6.71469
6.71394
6.7132
6.71246
6.71171
6.71096
6.7103
6.80611
6.80497
6.80336
6.8018
6.80031
6.79883
6.79736
6.79591
6.79446
6.79303
6.7916
6.79019
6.78879
6.7874
6.78601
6.78464
6.78328
6.78193
6.78059
6.77926
6.77793
6.77662
6.77531
6.77402
6.77273
6.77145
6.77018
6.76892
6.76767
6.76642
6.76519
6.76396
6.76274
6.76153
6.76033
6.75914
6.75796
6.75678
6.75562
6.75446
6.75332
6.75218
6.75106
6.74994
6.74884
6.74774
6.74666
6.74559
6.74453
6.74348
6.74244
6.74141
6.7404
6.7394
6.73841
6.73743
6.73646
6.73551
6.73458
6.73365
6.73274
6.73184
6.73096
6.73009
6.72923
6.72839
6.72756
6.72674
6.72594
6.72515
6.72437
6.72361
6.72286
6.72213
6.7214
6.72069
6.71999
6.71931
6.71863
6.71797
6.71731
6.71667
6.71604
6.71541
6.7148
6.71419
6.71359
6.71299
6.71241
6.71182
6.71124
6.71067
6.7101
6.70953
6.70897
6.7084
6.70784
6.70727
6.70672
6.70629
6.79204
6.79091
6.78931
6.78777
6.7863
6.78484
6.78339
6.78196
6.78054
6.77914
6.77774
6.77636
6.775
6.77364
6.7723
6.77098
6.76966
6.76836
6.76707
6.76579
6.76453
6.76327
6.76203
6.7608
6.75958
6.75837
6.75717
6.75598
6.75481
6.75364
6.75249
6.75135
6.75022
6.7491
6.74799
6.74689
6.7458
6.74473
6.74366
6.74261
6.74157
6.74054
6.73953
6.73852
6.73753
6.73655
6.73559
6.73463
6.73369
6.73277
6.73186
6.73096
6.73007
6.7292
6.72834
6.7275
6.72667
6.72586
6.72506
6.72428
6.72351
6.72276
6.72203
6.7213
6.7206
6.71991
6.71923
6.71857
6.71793
6.7173
6.71669
6.71609
6.71551
6.71494
6.71438
6.71384
6.71331
6.7128
6.7123
6.71181
6.71133
6.71087
6.71041
6.70997
6.70953
6.70911
6.70869
6.70828
6.70788
6.70749
6.7071
6.70671
6.70633
6.70595
6.70558
6.70521
6.70484
6.70446
6.70411
6.70391
6.7787
6.77761
6.77607
6.77458
6.77315
6.77174
6.77033
6.76894
6.76757
6.76621
6.76486
6.76352
6.7622
6.7609
6.7596
6.75833
6.75706
6.75581
6.75458
6.75335
6.75215
6.75095
6.74977
6.7486
6.74745
6.74631
6.74518
6.74407
6.74297
6.74189
6.74082
6.73976
6.73871
6.73768
6.73667
6.73566
6.73467
6.7337
6.73274
6.73179
6.73086
6.72994
6.72904
6.72815
6.72728
6.72642
6.72557
6.72475
6.72394
6.72314
6.72236
6.7216
6.72085
6.72012
6.7194
6.71871
6.71802
6.71736
6.71671
6.71608
6.71547
6.71488
6.7143
6.71374
6.71319
6.71266
6.71215
6.71166
6.71118
6.71072
6.71028
6.70985
6.70944
6.70905
6.70867
6.7083
6.70795
6.70762
6.70729
6.70699
6.70669
6.70641
6.70614
6.70588
6.70564
6.7054
6.70517
6.70496
6.70475
6.70455
6.70436
6.70417
6.70399
6.70381
6.70364
6.70348
6.7033
6.70312
6.70299
6.70304
6.76566
6.76453
6.76298
6.7615
6.76008
6.75869
6.7573
6.75594
6.7546
6.75328
6.75197
6.75069
6.74942
6.74817
6.74694
6.74573
6.74453
6.74336
6.7422
6.74106
6.73993
6.73882
6.73773
6.73666
6.73561
6.73457
6.73354
6.73254
6.73155
6.73057
6.72961
6.72867
6.72774
6.72683
6.72594
6.72506
6.7242
6.72335
6.72252
6.72171
6.72091
6.72013
6.71936
6.71861
6.71788
6.71716
6.71646
6.71578
6.71511
6.71447
6.71383
6.71322
6.71262
6.71204
6.71148
6.71094
6.71041
6.70991
6.70942
6.70895
6.70849
6.70806
6.70764
6.70725
6.70687
6.70651
6.70616
6.70584
6.70554
6.70525
6.70498
6.70473
6.7045
6.70428
6.70408
6.7039
6.70374
6.70359
6.70346
6.70335
6.70325
6.70316
6.70309
6.70304
6.70299
6.70296
6.70294
6.70293
6.70294
6.70295
6.70297
6.70299
6.70303
6.70306
6.70311
6.70315
6.70319
6.70322
6.70332
6.70364
6.75373
6.75275
6.75131
6.74992
6.74858
6.74726
6.74595
6.74465
6.74337
6.74211
6.74087
6.73964
6.73843
6.73724
6.73606
6.73491
6.73377
6.73265
6.73155
6.73048
6.72941
6.72837
6.72735
6.72635
6.72536
6.72439
6.72345
6.72252
6.72161
6.72072
6.71984
6.71899
6.71815
6.71734
6.71654
6.71576
6.715
6.71426
6.71353
6.71283
6.71214
6.71148
6.71083
6.7102
6.7096
6.70901
6.70844
6.70789
6.70736
6.70685
6.70637
6.7059
6.70545
6.70502
6.70462
6.70423
6.70387
6.70352
6.7032
6.7029
6.70261
6.70235
6.70211
6.70189
6.7017
6.70152
6.70136
6.70123
6.70111
6.70101
6.70094
6.70088
6.70084
6.70083
6.70082
6.70084
6.70088
6.70093
6.701
6.70108
6.70118
6.7013
6.70143
6.70157
6.70173
6.70189
6.70208
6.70227
6.70247
6.70269
6.70291
6.70314
6.70339
6.70364
6.7039
6.70417
6.70443
6.70469
6.70503
6.70564
6.74077
6.73961
6.73813
6.73673
6.73539
6.73408
6.73279
6.73153
6.7303
6.7291
6.72792
6.72677
6.72565
6.72455
6.72347
6.72242
6.7214
6.7204
6.71942
6.71847
6.71754
6.71663
6.71575
6.71489
6.71406
6.71324
6.71245
6.71168
6.71093
6.7102
6.7095
6.70881
6.70815
6.7075
6.70688
6.70628
6.70569
6.70513
6.70459
6.70406
6.70356
6.70308
6.70261
6.70217
6.70174
6.70134
6.70096
6.70059
6.70025
6.69992
6.69962
6.69933
6.69907
6.69882
6.6986
6.69839
6.69821
6.69804
6.6979
6.69777
6.69767
6.69759
6.69753
6.69748
6.69746
6.69746
6.69748
6.69752
6.69758
6.69766
6.69776
6.69788
6.69802
6.69818
6.69836
6.69856
6.69878
6.69902
6.69927
6.69955
6.69985
6.70016
6.7005
6.70085
6.70123
6.70162
6.70203
6.70246
6.70291
6.70337
6.70385
6.70435
6.70486
6.70539
6.70593
6.70648
6.70703
6.70755
6.70819
6.70915
6.73199
6.73104
6.72968
6.72836
6.7271
6.72586
6.72465
6.72345
6.72227
6.72111
6.71998
6.71887
6.71778
6.71672
6.71568
6.71466
6.71367
6.7127
6.71176
6.71084
6.70994
6.70907
6.70822
6.7074
6.7066
6.70582
6.70507
6.70434
6.70364
6.70295
6.7023
6.70166
6.70105
6.70046
6.6999
6.69936
6.69884
6.69835
6.69788
6.69743
6.69701
6.69661
6.69624
6.69589
6.69556
6.69525
6.69497
6.69472
6.69449
6.69428
6.6941
6.69394
6.69381
6.6937
6.69361
6.69356
6.69352
6.69351
6.69353
6.69357
6.69364
6.69373
6.69385
6.694
6.69417
6.69436
6.69458
6.69483
6.6951
6.69539
6.69571
6.69606
6.69643
6.69682
6.69724
6.69768
6.69815
6.69864
6.69915
6.69968
6.70024
6.70082
6.70141
6.70203
6.70266
6.70331
6.70398
6.70467
6.70536
6.70607
6.70679
6.70752
6.70826
6.709
6.70975
6.71049
6.71121
6.71189
6.71274
6.71407
6.71202
6.71193
6.71082
6.70961
6.70848
6.70739
6.70632
6.70528
6.70425
6.70324
6.70226
6.70131
6.70038
6.69947
6.69859
6.69773
6.6969
6.6961
6.69532
6.69457
6.69384
6.69315
6.69248
6.69183
6.69121
6.69062
6.69006
6.68952
6.68901
6.68853
6.68808
6.68766
6.68726
6.68689
6.68655
6.68623
6.68595
6.68569
6.68546
6.68526
6.68509
6.68495
6.68484
6.68475
6.6847
6.68468
6.68468
6.68472
6.68478
6.68488
6.68501
6.68516
6.68535
6.68557
6.68582
6.6861
6.6864
6.68675
6.68712
6.68752
6.68795
6.68841
6.68891
6.68943
6.68998
6.69057
6.69118
6.69183
6.6925
6.6932
6.69393
6.69469
6.69548
6.69629
6.69713
6.698
6.69889
6.69981
6.70076
6.70173
6.70272
6.70374
6.70478
6.70584
6.70693
6.70803
6.70916
6.7103
6.71147
6.71265
6.71385
6.71507
6.7163
6.71754
6.71881
6.72007
6.72131
6.72258
6.72415
6.72589
6.67616
6.67601
6.67499
6.6739
6.67289
6.67195
6.67104
6.67018
6.66936
6.66858
6.66784
6.66715
6.66651
6.6659
6.66535
6.66483
6.66436
6.66393
6.66355
6.66321
6.66292
6.66267
6.66246
6.6623
6.66218
6.6621
6.66206
6.66207
6.66212
6.66221
6.66234
6.66251
6.66273
6.66298
6.66328
6.66361
6.66399
6.6644
6.66486
6.66535
6.66589
6.66646
6.66707
6.66772
6.66841
6.66914
6.6699
6.67071
6.67155
6.67243
6.67335
6.6743
6.67529
6.67632
6.67739
6.67849
6.67963
6.68081
6.68202
6.68327
6.68455
6.68587
6.68723
6.68862
6.69005
6.69151
6.693
6.69453
6.69609
6.69769
6.69931
6.70098
6.70267
6.7044
6.70615
6.70794
6.70977
6.71162
6.7135
6.71542
6.71736
6.71934
6.72134
6.72338
6.72545
6.72754
6.72967
6.73182
6.73401
6.73622
6.73846
6.74073
6.74303
6.74536
6.74771
6.75007
6.7524
6.75481
6.75765
6.76063
6.64909
6.64909
6.64831
6.64747
6.64672
6.64605
6.64543
6.64486
6.64436
6.64391
6.64352
6.64318
6.64291
6.64269
6.64253
6.64243
6.64238
6.6424
6.64247
6.64259
6.64278
6.64302
6.64331
6.64366
6.64407
6.64453
6.64505
6.64562
6.64624
6.64691
6.64764
6.64842
6.64925
6.65013
6.65106
6.65205
6.65308
6.65416
6.65529
6.65647
6.6577
6.65897
6.66029
6.66166
6.66308
6.66454
6.66605
6.66761
6.66921
6.67086
6.67255
6.67429
6.67607
6.67789
6.67976
6.68168
6.68363
6.68563
6.68767
6.68976
6.69189
6.69406
6.69627
6.69852
6.70081
6.70315
6.70552
6.70794
6.71039
6.71289
6.71543
6.718
6.72062
6.72328
6.72597
6.72871
6.73149
6.7343
6.73716
6.74006
6.74299
6.74597
6.749
6.75206
6.75517
6.75832
6.76151
6.76475
6.76803
6.77136
6.77474
6.77816
6.78163
6.78514
6.7887
6.79227
6.79582
6.7995
6.80375
6.80807
6.62059
6.62062
6.61999
6.61933
6.61879
6.61834
6.61798
6.61769
6.61748
6.61735
6.6173
6.61734
6.61745
6.61764
6.61791
6.61826
6.61869
6.6192
6.61978
6.62045
6.62118
6.622
6.62289
6.62385
6.62489
6.62599
6.62717
6.62843
6.62975
6.63114
6.63259
6.63412
6.63571
6.63737
6.63909
6.64088
6.64273
6.64464
6.64662
6.64865
6.65075
6.65291
6.65512
6.65739
6.65972
6.66211
6.66455
6.66705
6.66961
6.67222
6.67488
6.67759
6.68036
6.68318
6.68605
6.68897
6.69195
6.69497
6.69804
6.70116
6.70432
6.70754
6.7108
6.71411
6.71747
6.72087
6.72432
6.72781
6.73135
6.73493
6.73856
6.74223
6.74595
6.74972
6.75353
6.75739
6.76129
6.76524
6.76924
6.77328
6.77738
6.78153
6.78572
6.78998
6.79428
6.79864
6.80306
6.80753
6.81207
6.81667
6.82133
6.82606
6.83085
6.83571
6.84063
6.84558
6.85051
6.85564
6.86147
6.86723
6.59602
6.5962
6.59583
6.59545
6.59521
6.59508
6.59506
6.59514
6.59533
6.59561
6.596
6.5965
6.59709
6.59779
6.59859
6.59949
6.60049
6.60159
6.60279
6.60409
6.60548
6.60697
6.60855
6.61023
6.61199
6.61385
6.6158
6.61784
6.61996
6.62217
6.62446
6.62683
6.62929
6.63183
6.63445
6.63714
6.63991
6.64276
6.64568
6.64867
6.65173
6.65487
6.65807
6.66135
6.66468
6.66809
6.67156
6.67509
6.67869
6.68234
6.68606
6.68984
6.69367
6.69756
6.70151
6.70551
6.70957
6.71368
6.71784
6.72205
6.72631
6.73063
6.73499
6.7394
6.74386
6.74837
6.75292
6.75752
6.76217
6.76687
6.77161
6.7764
6.78124
6.78613
6.79106
6.79604
6.80108
6.80616
6.8113
6.8165
6.82174
6.82705
6.83242
6.83785
6.84335
6.84891
6.85455
6.86026
6.86604
6.87191
6.87786
6.8839
6.89003
6.89625
6.90255
6.9089
6.91525
6.92186
6.92931
6.93645
6.57278
6.57305
6.57289
6.57277
6.5728
6.57298
6.5733
6.57374
6.57432
6.57504
6.57588
6.57686
6.57796
6.5792
6.58057
6.58206
6.58369
6.58544
6.58731
6.58931
6.59143
6.59367
6.59603
6.5985
6.60109
6.6038
6.60661
6.60954
6.61257
6.61571
6.61895
6.6223
6.62574
6.62928
6.63292
6.63665
6.64047
6.64438
6.64838
6.65247
6.65664
6.66089
6.66522
6.66962
6.6741
6.67866
6.68329
6.68798
6.69275
6.69758
6.70248
6.70743
6.71245
6.71753
6.72266
6.72785
6.73309
6.73839
6.74373
6.74913
6.75458
6.76007
6.76561
6.77119
6.77682
6.78249
6.78821
6.79397
6.79977
6.80562
6.81151
6.81744
6.82342
6.82944
6.83551
6.84162
6.84779
6.854
6.86027
6.8666
6.87298
6.87942
6.88592
6.8925
6.89914
6.90587
6.91267
6.91956
6.92654
6.93362
6.94079
6.94808
6.95547
6.96298
6.9706
6.97828
6.98598
6.99402
7.00296
7.01127
6.55377
6.5542
6.55425
6.55439
6.55472
6.55523
6.55591
6.55676
6.55777
6.55895
6.5603
6.56181
6.56349
6.56533
6.56733
6.56949
6.57181
6.57429
6.57692
6.57971
6.58265
6.58573
6.58897
6.59234
6.59586
6.59952
6.60331
6.60724
6.61129
6.61547
6.61978
6.62421
6.62875
6.63342
6.63819
6.64307
6.64805
6.65314
6.65833
6.66361
6.66899
6.67446
6.68001
6.68565
6.69136
6.69715
6.70302
6.70896
6.71496
6.72103
6.72716
6.73335
6.73959
6.74589
6.75224
6.75864
6.76509
6.77158
6.77811
6.78468
6.79129
6.79793
6.80461
6.81133
6.81808
6.82485
6.83167
6.83851
6.84538
6.85228
6.85922
6.86619
6.87319
6.88022
6.8873
6.89441
6.90156
6.90874
6.91598
6.92326
6.9306
6.93799
6.94545
6.95298
6.96057
6.96825
6.97602
6.98388
6.99184
6.99991
7.00809
7.0164
7.02484
7.03342
7.04213
7.05091
7.05975
7.06899
7.07917
7.0883
6.53897
6.53977
6.54012
6.54048
6.54105
6.54184
6.54285
6.54407
6.5455
6.54713
6.54897
6.55101
6.55326
6.55572
6.55837
6.56123
6.56428
6.56752
6.57096
6.57459
6.5784
6.5824
6.58657
6.59092
6.59545
6.60014
6.60499
6.61
6.61517
6.62049
6.62596
6.63156
6.63731
6.64318
6.64919
6.65531
6.66156
6.66791
6.67438
6.68094
6.68761
6.69437
6.70121
6.70814
6.71515
6.72222
6.72937
6.73658
6.74385
6.75117
6.75854
6.76596
6.77343
6.78093
6.78847
6.79605
6.80365
6.81128
6.81893
6.82661
6.8343
6.84201
6.84973
6.85746
6.86521
6.87297
6.88073
6.88852
6.89631
6.90411
6.91192
6.91975
6.92759
6.93545
6.94332
6.95122
6.95914
6.96708
6.97506
6.98307
6.99113
6.99923
7.00739
7.0156
7.02389
7.03224
7.04069
7.04922
7.05786
7.06662
7.0755
7.08451
7.09366
7.10297
7.11242
7.12196
7.13158
7.14167
7.15265
7.1621
6.53086
6.53177
6.53245
6.53316
6.53397
6.53499
6.53627
6.53782
6.53963
6.5417
6.54402
6.5466
6.54944
6.55252
6.55585
6.55943
6.56325
6.56731
6.57161
6.57613
6.58088
6.58585
6.59104
6.59643
6.60203
6.60783
6.61383
6.62
6.62636
6.63289
6.63959
6.64645
6.65346
6.66061
6.6679
6.67533
6.68287
6.69054
6.69831
6.70619
6.71416
6.72221
6.73034
6.73855
6.74683
6.75516
6.76355
6.77198
6.78046
6.78898
6.79752
6.80609
6.81468
6.82328
6.8319
6.84052
6.84914
6.85776
6.86638
6.87499
6.88359
6.89217
6.90074
6.9093
6.91784
6.92636
6.93486
6.94335
6.95181
6.96026
6.96868
6.9771
6.9855
6.99389
7.00227
7.01064
7.01902
7.02739
7.03578
7.04418
7.05261
7.06106
7.06955
7.07808
7.08667
7.09532
7.10404
7.11285
7.12176
7.13078
7.13992
7.1492
7.15863
7.16821
7.17794
7.18777
7.19771
7.20815
7.21935
7.22859
6.53179
6.53262
6.53326
6.53405
6.53505
6.53622
6.53765
6.53941
6.5415
6.54391
6.54663
6.54968
6.55303
6.5567
6.56067
6.56494
6.56951
6.57437
6.57952
6.58494
6.59063
6.59659
6.6028
6.60927
6.61597
6.6229
6.63006
6.63743
6.645
6.65276
6.66071
6.66883
6.67712
6.68556
6.69414
6.70285
6.71169
6.72064
6.72969
6.73883
6.74805
6.75735
6.76671
6.77613
6.78559
6.79509
6.80462
6.81416
6.82373
6.83329
6.84286
6.85242
6.86196
6.87148
6.88098
6.89045
6.89988
6.90927
6.91862
6.92792
6.93717
6.94637
6.95552
6.96462
6.97365
6.98263
6.99156
7.00043
7.00924
7.018
7.0267
7.03536
7.04397
7.05254
7.06106
7.06956
7.07802
7.08645
7.09487
7.10328
7.11168
7.12009
7.12851
7.13696
7.14544
7.15396
7.16254
7.1712
7.17993
7.18877
7.19772
7.20679
7.21601
7.22537
7.23488
7.24448
7.25421
7.26444
7.27525
7.28371
6.54362
6.54407
6.5444
6.54498
6.54588
6.54703
6.54847
6.5503
6.55255
6.55519
6.55822
6.56165
6.56545
6.56964
6.5742
6.57912
6.5844
6.59003
6.59601
6.60231
6.60894
6.61588
6.62311
6.63064
6.63844
6.6465
6.65481
6.66336
6.67213
6.68112
6.69029
6.69965
6.70918
6.71885
6.72867
6.73861
6.74867
6.75882
6.76905
6.77936
6.78972
6.80013
6.81057
6.82104
6.83152
6.84199
6.85246
6.86291
6.87333
6.88371
6.89405
6.90433
6.91455
6.92471
6.93479
6.9448
6.95473
6.96457
6.97432
6.98398
6.99355
7.00302
7.01239
7.02167
7.03084
7.03992
7.0489
7.05778
7.06657
7.07527
7.08388
7.0924
7.10084
7.10921
7.1175
7.12572
7.13388
7.14199
7.15005
7.15807
7.16606
7.17403
7.18198
7.18994
7.19791
7.20589
7.21392
7.22199
7.23013
7.23834
7.24665
7.25507
7.2636
7.27227
7.28106
7.28993
7.29893
7.3084
7.31822
7.32546
6.56704
6.56677
6.56653
6.56663
6.56715
6.56808
6.56942
6.57122
6.57352
6.5763
6.57956
6.58329
6.58749
6.59214
6.59724
6.60277
6.60873
6.61509
6.62186
6.62902
6.63654
6.64442
6.65264
6.66118
6.67002
6.67916
6.68856
6.69821
6.7081
6.7182
6.7285
6.73897
6.7496
6.76038
6.77127
6.78227
6.79336
6.80451
6.81572
6.82697
6.83823
6.84951
6.86077
6.87202
6.88323
6.89439
6.90549
6.91653
6.92749
6.93836
6.94913
6.9598
6.97035
6.98079
6.99111
7.0013
7.01135
7.02128
7.03106
7.04071
7.05021
7.05957
7.06879
7.07787
7.08681
7.09561
7.10427
7.1128
7.1212
7.12947
7.13762
7.14565
7.15356
7.16136
7.16907
7.17667
7.18419
7.19162
7.19898
7.20628
7.21351
7.22071
7.22786
7.23499
7.24211
7.24923
7.25635
7.2635
7.27069
7.27794
7.28524
7.29263
7.30011
7.30769
7.31536
7.32308
7.33092
7.33915
7.3475
7.35323
6.6025
6.60118
6.60008
6.59944
6.59934
6.59979
6.60082
6.60247
6.6047
6.60751
6.61089
6.61484
6.61933
6.62436
6.6299
6.63596
6.64251
6.64953
6.657
6.66491
6.67323
6.68194
6.69103
6.70046
6.71022
6.72029
6.73063
6.74123
6.75206
6.7631
6.77433
6.78572
6.79724
6.80888
6.82062
6.83243
6.84429
6.85618
6.86808
6.87998
6.89185
6.90368
6.91545
6.92715
6.93876
6.95027
6.96166
6.97293
6.98407
6.99506
7.0059
7.01659
7.02711
7.03745
7.04763
7.05762
7.06743
7.07706
7.08651
7.09577
7.10485
7.11375
7.12246
7.131
7.13935
7.14754
7.15555
7.1634
7.17108
7.17861
7.18599
7.19323
7.20032
7.20728
7.21412
7.22083
7.22744
7.23394
7.24035
7.24668
7.25292
7.25911
7.26523
7.27131
7.27735
7.28337
7.28938
7.29539
7.30141
7.30745
7.31353
7.31966
7.32583
7.33207
7.33836
7.34467
7.35106
7.35773
7.3643
7.36844
6.64945
6.64676
6.64452
6.6429
6.64197
6.64182
6.64245
6.6438
6.64585
6.64857
6.65196
6.65601
6.66069
6.66598
6.67187
6.67834
6.68535
6.69289
6.70094
6.70946
6.71843
6.72782
6.7376
6.74775
6.75823
6.76902
6.78009
6.79141
6.80294
6.81467
6.82656
6.83859
6.85072
6.86294
6.87521
6.88751
6.89982
6.91212
6.92438
6.93657
6.9487
6.96072
6.97263
6.98441
6.99605
7.00752
7.01883
7.02996
7.04089
7.05163
7.06216
7.07248
7.08259
7.09247
7.10214
7.11157
7.12079
7.12978
7.13855
7.14709
7.15542
7.16353
7.17143
7.17912
7.18661
7.1939
7.201
7.20791
7.21464
7.22119
7.22758
7.23381
7.23989
7.24582
7.25162
7.25728
7.26282
7.26825
7.27358
7.2788
7.28395
7.28901
7.294
7.29894
7.30382
7.30866
7.31348
7.31827
7.32305
7.32782
7.3326
7.33739
7.34219
7.34701
7.35183
7.35663
7.36146
7.36644
7.37116
7.37382
6.70582
6.70151
6.69789
6.69508
6.69316
6.69224
6.6923
6.6932
6.69488
6.69735
6.70059
6.70457
6.70926
6.71464
6.72069
6.72738
6.73466
6.74252
6.75093
6.75984
6.76922
6.77905
6.78928
6.79989
6.81083
6.82208
6.83359
6.84534
6.85729
6.86941
6.88167
6.89402
6.90645
6.91893
6.93142
6.94389
6.95632
6.96869
6.98097
6.99314
7.00517
7.01705
7.02877
7.04029
7.05162
7.06273
7.07362
7.08427
7.09468
7.10485
7.11476
7.12441
7.1338
7.14293
7.1518
7.16041
7.16876
7.17686
7.18471
7.19231
7.19967
7.2068
7.21369
7.22037
7.22683
7.23308
7.23913
7.24498
7.25065
7.25614
7.26146
7.26662
7.27163
7.27649
7.28121
7.2858
7.29027
7.29463
7.29888
7.30303
7.3071
7.31108
7.31499
7.31884
7.32262
7.32636
7.33004
7.33369
7.33731
7.3409
7.34446
7.348
7.35152
7.355
7.35844
7.36182
7.36516
7.36853
7.37154
7.37299
6.76877
6.76267
6.7575
6.75338
6.75043
6.74868
6.74798
6.74822
6.74937
6.75141
6.75432
6.75806
6.7626
6.76791
6.77395
6.78068
6.78806
6.79606
6.80463
6.81374
6.82334
6.8334
6.84387
6.85472
6.86589
6.87736
6.88908
6.90101
6.91312
6.92536
6.93771
6.95012
6.96257
6.97501
6.98742
6.99977
7.01203
7.02417
7.03617
7.048
7.05965
7.07109
7.08231
7.09328
7.10401
7.11447
7.12466
7.13456
7.14418
7.15351
7.16255
7.17129
7.17974
7.18789
7.19577
7.20335
7.21066
7.2177
7.22447
7.23099
7.23725
7.24328
7.24907
7.25464
7.25999
7.26514
7.27009
7.27486
7.27945
7.28386
7.28812
7.29223
7.2962
7.30003
7.30373
7.30732
7.3108
7.31417
7.31745
7.32065
7.32376
7.3268
7.32976
7.33267
7.33551
7.3383
7.34104
7.34372
7.34636
7.34895
7.35149
7.35398
7.35641
7.35877
7.36104
7.36322
7.36531
7.36731
7.36893
7.36954
6.83243
6.82447
6.81768
6.81217
6.80806
6.80526
6.80357
6.80294
6.80334
6.80474
6.8071
6.81038
6.81455
6.81955
6.82534
6.83188
6.83912
6.84701
6.85552
6.86458
6.87416
6.88421
6.89467
6.90551
6.91668
6.92814
6.93983
6.95172
6.96377
6.97592
6.98815
7.00041
7.01267
7.02489
7.03704
7.04908
7.06098
7.07273
7.08428
7.09561
7.10671
7.11756
7.12813
7.13842
7.14841
7.15808
7.16745
7.17649
7.18521
7.1936
7.20168
7.20943
7.21687
7.224
7.23083
7.23736
7.24361
7.24958
7.25529
7.26075
7.26597
7.27095
7.27571
7.28026
7.28462
7.28879
7.29278
7.2966
7.30027
7.30379
7.30717
7.31042
7.31355
7.31657
7.31949
7.3223
7.32503
7.32767
7.33023
7.33271
7.33512
7.33747
7.33975
7.34197
7.34413
7.34622
7.34826
7.35024
7.35215
7.354
7.35577
7.35747
7.35907
7.36058
7.36197
7.36324
7.36439
7.36538
7.36603
7.36616
6.89099
6.88118
6.8728
6.86598
6.86067
6.85669
6.85395
6.85243
6.85209
6.85287
6.85472
6.8576
6.86145
6.86621
6.87184
6.87827
6.88545
6.89333
6.90184
6.91095
6.92058
6.93068
6.9412
6.95209
6.9633
6.97477
6.98645
6.9983
7.01027
7.02231
7.03438
7.04644
7.05845
7.07036
7.08215
7.09379
7.10523
7.11645
7.12743
7.13815
7.14857
7.1587
7.1685
7.17797
7.1871
7.19589
7.20433
7.21242
7.22017
7.22757
7.23463
7.24136
7.24777
7.25387
7.25967
7.26518
7.27041
7.27538
7.2801
7.28458
7.28884
7.29288
7.29673
7.30039
7.30388
7.3072
7.31037
7.31339
7.31629
7.31906
7.32172
7.32427
7.32672
7.32909
7.33137
7.33357
7.33569
7.33775
7.33975
7.34168
7.34355
7.34536
7.34712
7.34882
7.35045
7.35203
7.35354
7.35498
7.35635
7.35764
7.35883
7.35994
7.36094
7.36183
7.3626
7.36324
7.36375
7.36411
7.36424
7.36418
6.93517
6.92376
6.91399
6.90588
6.89935
6.89428
6.89059
6.88824
6.88718
6.88733
6.88865
6.89106
6.89451
6.89894
6.90428
6.91046
6.91744
6.92515
6.93351
6.94249
6.95201
6.96201
6.97244
6.98324
6.99435
7.00572
7.0173
7.02903
7.04087
7.05276
7.06465
7.07652
7.0883
7.09996
7.11147
7.12279
7.13388
7.14471
7.15526
7.16551
7.17543
7.18501
7.19424
7.20309
7.21158
7.21969
7.22742
7.23478
7.24177
7.24841
7.25469
7.26064
7.26626
7.27157
7.27659
7.28133
7.2858
7.29003
7.29402
7.29781
7.30139
7.30478
7.30801
7.31108
7.314
7.31679
7.31947
7.32203
7.32449
7.32686
7.32915
7.33136
7.33349
7.33557
7.33758
7.33953
7.34143
7.34327
7.34505
7.34678
7.34845
7.35005
7.35159
7.35306
7.35446
7.35577
7.357
7.35813
7.35917
7.3601
7.36093
7.36164
7.36225
7.36274
7.36312
7.3634
7.36358
7.36365
7.36363
7.36357
6.96024
6.9475
6.93663
6.92759
6.92027
6.9146
6.9105
6.9079
6.90673
6.90691
6.90837
6.91103
6.91481
6.91965
6.92546
6.93218
6.93972
6.94802
6.95701
6.9666
6.97673
6.98734
6.99835
7.0097
7.02133
7.03317
7.04516
7.05724
7.06937
7.08148
7.09352
7.10546
7.11724
7.12882
7.14016
7.15123
7.162
7.17244
7.18253
7.19224
7.20157
7.21051
7.21904
7.22717
7.23489
7.24221
7.24914
7.2557
7.26188
7.26771
7.27321
7.27838
7.28326
7.28785
7.29217
7.29625
7.3001
7.30374
7.30719
7.31045
7.31355
7.3165
7.31931
7.32199
7.32456
7.32702
7.32938
7.33165
7.33384
7.33595
7.33798
7.33994
7.34184
7.34366
7.34542
7.34712
7.34874
7.3503
7.35178
7.35319
7.35452
7.35577
7.35693
7.358
7.35898
7.35986
7.36065
7.36134
7.36193
7.36242
7.36283
7.36315
7.36339
7.36356
7.36367
7.36373
7.36375
7.36375
7.36373
7.36373
)
;

boundaryField
{
    jetInlet
    {
        type            zeroGradient;
    }
    returnOutlet
    {
        type            fixedValue;
        value           uniform 0;
    }
    flatBed
    {
        type            zeroGradient;
    }
    slope
    {
        type            zeroGradient;
    }
    top
    {
        type            symmetryPlane;
    }
    frontAndBack
    {
        type            empty;
    }
    defaultFaces
    {
        type            empty;
    }
}


// ************************************************************************* //
