/*--------------------------------*- C++ -*----------------------------------*\
| =========                 |                                                 |
| \\      /  F ield         | OpenFOAM: The Open Source CFD Toolbox           |
|  \\    /   O peration     | Version:  2206                                  |
|   \\  /    A nd           | Website:  www.openfoam.com                      |
|    \\/     M anipulation  |                                                 |
\*---------------------------------------------------------------------------*/
FoamFile
{
    version     2.0;
    format      ascii;
    arch        "LSB;label=32;scalar=64";
    class       volScalarField;
    location    "300";
    object      p;
}
// * * * * * * * * * * * * * * * * * * * * * * * * * * * * * * * * * * * * * //

dimensions      [0 2 -2 0 0 0 0];

internalField   nonuniform List<scalar> 
10000
(
-0.0938792
-0.108609
-0.0997826
-0.0474075
0.0583041
0.226236
0.461059
0.760202
1.11407
1.50889
1.9289
2.3585
2.78369
3.19305
3.57812
3.93344
4.25619
4.54578
4.80325
5.03078
5.23115
5.40738
5.56241
5.69896
5.81943
5.92585
6.01996
6.10319
6.17675
6.24166
6.29879
6.34888
6.39257
6.43042
6.4629
6.49043
6.51339
6.53212
6.54697
6.5583
6.56649
6.57193
6.57504
6.57622
6.57591
6.57447
6.5723
6.56972
6.56703
6.56445
6.56211
6.56002
6.55812
6.5563
6.55449
6.55261
6.55064
6.54855
6.54634
6.54402
6.54161
6.53911
6.53655
6.53393
6.53129
6.52863
6.52597
6.52335
6.52079
6.51831
6.51593
6.51369
6.51161
6.50972
6.50806
6.50664
6.5055
6.50467
6.50419
6.50407
6.50435
6.50507
6.50626
6.50794
6.51016
6.51294
6.51632
6.52032
6.52496
6.53024
6.53612
6.5425
6.54918
6.55589
6.56214
6.56646
6.56543
6.55507
6.53771
6.52319
-0.0917201
-0.103342
-0.100954
-0.0573238
0.0384771
0.196139
0.421216
0.711907
1.0589
1.44869
1.86568
2.29425
2.72026
3.13202
3.52073
3.8805
4.20813
4.50267
4.76489
4.99678
5.20101
5.38057
5.53844
5.67738
5.79986
5.90799
6.00355
6.08804
6.1627
6.22859
6.28661
6.33751
6.38197
6.42055
6.45375
6.48202
6.50573
6.52523
6.54089
6.55304
6.56204
6.56827
6.57212
6.574
6.57428
6.57336
6.57158
6.56929
6.56679
6.5643
6.56198
6.55989
6.55799
6.55619
6.5544
6.55255
6.5506
6.54852
6.54633
6.54402
6.54161
6.53912
6.53655
6.53394
6.53129
6.52862
6.52596
6.52334
6.52077
6.51828
6.51589
6.51363
6.51154
6.50963
6.50794
6.50649
6.50532
6.50446
6.50394
6.50378
6.50401
6.50467
6.50579
6.5074
6.50953
6.5122
6.51545
6.5193
6.52376
6.52881
6.53441
6.54044
6.54671
6.55292
6.55856
6.56232
6.56134
6.55219
6.53601
6.52002
-0.0939553
-0.101568
-0.107554
-0.0746445
0.00987399
0.156778
0.37271
0.656616
0.998946
1.38606
1.80217
2.23145
2.65953
3.07445
3.46712
3.83135
4.16364
4.46275
4.72928
4.96507
5.17274
5.35527
5.51566
5.65674
5.78103
5.8907
5.98758
6.0732
6.14884
6.21559
6.27435
6.32592
6.37098
6.41013
6.44389
6.47273
6.49705
6.51722
6.5336
6.54653
6.55636
6.56345
6.56816
6.57087
6.57194
6.57174
6.57061
6.56885
6.56673
6.56447
6.56224
6.56014
6.55818
6.55633
6.55451
6.55265
6.5507
6.54862
6.54643
6.54411
6.5417
6.5392
6.53663
6.534
6.53134
6.52866
6.52598
6.52334
6.52075
6.51824
6.51584
6.51357
6.51145
6.50952
6.5078
6.50632
6.50512
6.50422
6.50366
6.50347
6.50366
6.50428
6.50534
6.50689
6.50894
6.51154
6.51469
6.51841
6.52271
6.52757
6.53293
6.53868
6.54465
6.55055
6.55593
6.55983
6.56077
6.55701
6.54681
6.53704
-0.10203
-0.112178
-0.129331
-0.108623
-0.0350493
0.103389
0.314377
0.597184
0.941192
1.33189
1.75275
2.18733
2.62086
3.04109
3.4387
3.80735
4.14344
4.44572
4.7148
4.95259
5.16179
5.34549
5.50679
5.64858
5.77345
5.88359
5.98086
6.0668
6.14271
6.20965
6.26856
6.32024
6.36539
6.40463
6.43851
6.4675
6.49204
6.51249
6.52922
6.54258
6.55289
6.5605
6.56575
6.56901
6.57063
6.57094
6.57026
6.56888
6.56706
6.56498
6.56282
6.56069
6.55865
6.5567
6.5548
6.55288
6.55089
6.5488
6.54659
6.54427
6.54184
6.53932
6.53673
6.53407
6.53139
6.52868
6.52598
6.52331
6.52069
6.51816
6.51572
6.51342
6.51127
6.5093
6.50754
6.50603
6.50478
6.50382
6.5032
6.50294
6.50307
6.50362
6.50461
6.50607
6.50802
6.51049
6.5135
6.51706
6.52115
6.52576
6.53083
6.53625
6.54188
6.54747
6.55266
6.55689
6.56
6.5623
6.56195
6.56468
-0.111886
-0.13231
-0.164419
-0.157871
-0.0953672
0.0363425
0.245769
0.531956
0.882542
1.28162
1.71149
2.15492
2.59659
3.02393
3.42744
3.80073
4.14026
4.44488
4.71538
4.95388
5.16331
5.34693
5.508
5.64952
5.77413
5.88406
5.98115
6.06694
6.14271
6.20951
6.26825
6.31975
6.3647
6.40375
6.43745
6.46631
6.49076
6.5112
6.52798
6.54144
6.55191
6.55971
6.56518
6.56867
6.57052
6.57104
6.57057
6.56937
6.56768
6.56571
6.56359
6.56143
6.55932
6.55727
6.55527
6.55327
6.55122
6.54909
6.54684
6.54449
6.54204
6.53949
6.53686
6.53418
6.53146
6.52871
6.52598
6.52327
6.52062
6.51804
6.51556
6.51321
6.51102
6.509
6.5072
6.50563
6.50432
6.50331
6.50261
6.50227
6.50231
6.50277
6.50366
6.505
6.50683
6.50915
6.51199
6.51534
6.5192
6.52352
6.52826
6.5333
6.53852
6.5437
6.54852
6.55263
6.55633
6.56075
6.56563
6.57313
-0.121287
-0.159395
-0.21049
-0.220203
-0.169178
-0.042795
0.167892
0.460918
0.821693
1.23253
1.67439
2.12908
2.58071
3.01639
3.42651
3.80468
4.14747
4.45395
4.72517
4.96358
5.1724
5.35515
5.51527
5.6559
5.77974
5.88902
5.98559
6.07096
6.14637
6.21285
6.27128
6.32246
6.36709
6.40582
6.43921
6.46779
6.49201
6.51226
6.52892
6.5423
6.55272
6.5605
6.56598
6.56947
6.57132
6.57186
6.5714
6.57022
6.56855
6.56658
6.56445
6.56227
6.56009
6.55796
6.55586
6.55376
6.55164
6.54945
6.54716
6.54476
6.54227
6.53968
6.53702
6.53429
6.53152
6.52874
6.52595
6.5232
6.52049
6.51786
6.51533
6.51292
6.51067
6.5086
6.50673
6.50509
6.50372
6.50263
6.50185
6.50142
6.50136
6.50171
6.50248
6.5037
6.50539
6.50756
6.51022
6.51337
6.517
6.52107
6.52553
6.53029
6.53524
6.54023
6.54503
6.54946
6.55396
6.55977
6.56691
6.57536
-0.12926
-0.192305
-0.265979
-0.293515
-0.253997
-0.131093
0.0839533
0.387048
0.761069
1.18634
1.64235
2.10997
2.57276
3.01755
3.43464
3.81769
4.16346
4.47129
4.74259
4.9802
5.1877
5.3689
5.52748
5.66672
5.78936
5.89766
5.99342
6.07812
6.15297
6.21894
6.2769
6.32762
6.3718
6.41008
6.44304
6.47122
6.49509
6.51504
6.53145
6.54463
6.55488
6.56251
6.56784
6.57118
6.57289
6.57329
6.57271
6.57141
6.56964
6.56759
6.56539
6.56314
6.5609
6.55868
6.5565
6.55432
6.55212
6.54986
6.54752
6.54507
6.54253
6.5399
6.53718
6.5344
6.53158
6.52874
6.5259
6.52308
6.52032
6.51762
6.51503
6.51255
6.51023
6.50808
6.50614
6.50443
6.50297
6.50179
6.50093
6.5004
6.50023
6.50046
6.50111
6.50219
6.50373
6.50573
6.5082
6.51114
6.51453
6.51834
6.52252
6.52698
6.53165
6.5364
6.54109
6.54565
6.55057
6.557
6.56478
6.57194
-0.13541
-0.230659
-0.329571
-0.375394
-0.346579
-0.224416
-0.00134075
0.314941
0.704752
1.14637
1.61791
2.09937
2.57383
3.02793
3.45192
3.83956
4.18782
4.49637
4.76704
5.00313
5.20863
5.38769
5.54423
5.68166
5.80278
5.90981
6.00451
6.08833
6.16242
6.2277
6.28501
6.3351
6.37865
6.41632
6.44869
6.47632
6.49969
6.51922
6.53527
6.54815
6.55814
6.56553
6.57061
6.5737
6.57515
6.57529
6.57447
6.57295
6.57099
6.56878
6.56644
6.56407
6.56173
6.55942
6.55716
6.5549
6.55263
6.5503
6.5479
6.5454
6.5428
6.5401
6.53733
6.53449
6.5316
6.5287
6.52579
6.52291
6.52007
6.5173
6.51463
6.51208
6.50968
6.50745
6.50542
6.50362
6.50207
6.5008
6.49984
6.4992
6.49892
6.49903
6.49954
6.50048
6.50186
6.50369
6.50597
6.50871
6.51187
6.51544
6.51936
6.52357
6.52799
6.53255
6.53714
6.54176
6.54687
6.55347
6.5611
6.56685
-0.139745
-0.274524
-0.399771
-0.462625
-0.442443
-0.317076
-0.081752
0.250461
0.657777
1.11664
1.604
2.09921
2.58505
3.048
3.47833
3.8699
4.21993
4.52845
4.79773
5.0316
5.23449
5.41089
5.56497
5.7003
5.81968
5.92526
6.01874
6.10152
6.17471
6.23915
6.29565
6.34494
6.38769
6.42457
6.45617
6.48305
6.50574
6.52468
6.54022
6.55268
6.56232
6.56939
6.57416
6.57693
6.57804
6.57784
6.57666
6.57483
6.5726
6.57014
6.5676
6.56507
6.5626
6.56018
6.55782
6.55549
6.55315
6.55076
6.54829
6.54573
6.54307
6.54031
6.53746
6.53455
6.53159
6.52861
6.52562
6.52266
6.51974
6.51689
6.51414
6.51151
6.50902
6.5067
6.50458
6.50268
6.50103
6.49966
6.49858
6.49784
6.49744
6.49741
6.49779
6.49858
6.4998
6.50145
6.50355
6.50608
6.50902
6.51236
6.51603
6.52
6.5242
6.52856
6.53303
6.53761
6.5427
6.54909
6.55606
6.56011
-0.142538
-0.323966
-0.474271
-0.550456
-0.535084
-0.401274
-0.149378
0.200503
0.625598
1.10107
1.60316
2.11088
2.60684
3.07751
3.51313
3.90768
4.25859
4.56625
4.83339
5.06441
5.26418
5.43752
5.58889
5.72197
5.83953
5.94361
6.03581
6.1175
6.18975
6.25327
6.30885
6.35722
6.39901
6.43492
6.46555
6.49149
6.5133
6.53142
6.54627
6.55815
6.56731
6.57398
6.57839
6.58079
6.5815
6.58089
6.5793
6.57707
6.57447
6.57171
6.56891
6.56617
6.56352
6.56098
6.55851
6.55609
6.55368
6.55122
6.54869
6.54606
6.54332
6.54049
6.53757
6.53458
6.53153
6.52847
6.52539
6.52234
6.51933
6.51639
6.51355
6.51082
6.50823
6.50582
6.5036
6.5016
6.49984
6.49836
6.49717
6.4963
6.49578
6.49562
6.49585
6.49649
6.49754
6.49902
6.50093
6.50326
6.50598
6.50909
6.51254
6.51627
6.52025
6.52443
6.52876
6.53324
6.5382
6.54424
6.55042
6.55303
-0.146244
-0.377869
-0.548097
-0.630677
-0.613967
-0.466422
-0.194864
0.172441
0.613418
1.1029
1.61695
2.13457
2.63841
3.11493
3.55437
3.9507
4.30153
4.60756
4.87197
5.09974
5.29612
5.46624
5.61485
5.74573
5.8616
5.96427
6.05523
6.13589
6.20724
6.26982
6.32444
6.37183
6.41257
6.44741
6.47692
6.50173
6.52244
6.53954
6.55347
6.56457
6.57309
6.57922
6.58317
6.58516
6.58545
6.58438
6.58232
6.57963
6.57661
6.57348
6.57037
6.56738
6.56453
6.56183
6.55924
6.55673
6.55423
6.5517
6.5491
6.54639
6.54358
6.54066
6.53765
6.53457
6.53144
6.52827
6.5251
6.52195
6.51885
6.51581
6.51286
6.51003
6.50734
6.50482
6.50249
6.50038
6.49851
6.49691
6.49561
6.49461
6.49395
6.49365
6.49374
6.49422
6.4951
6.4964
6.49812
6.50024
6.50276
6.50565
6.50887
6.51239
6.51616
6.52014
6.52431
6.52864
6.53339
6.53899
6.54438
6.54574
-0.163871
-0.433018
-0.610013
-0.688644
-0.661908
-0.499512
-0.209292
0.172652
0.62553
1.12465
1.6464
2.17005
2.67843
3.15807
3.59913
3.99558
4.34511
4.64867
4.9099
5.13436
5.32777
5.49508
5.64122
5.77024
5.88478
5.98631
6.07616
6.15593
6.22653
6.28824
6.34196
6.38841
6.42812
6.46186
6.49019
6.51376
6.53322
6.5491
6.56189
6.57198
6.57964
6.58507
6.58845
6.58995
6.58979
6.58826
6.58571
6.58251
6.57901
6.57545
6.572
6.56872
6.56564
6.56275
6.56003
6.55741
6.55482
6.55221
6.54952
6.54673
6.54383
6.54082
6.53771
6.53453
6.53129
6.52802
6.52475
6.52149
6.51828
6.51513
6.51207
6.50913
6.50633
6.5037
6.50125
6.49903
6.49704
6.49531
6.49388
6.49275
6.49195
6.4915
6.49143
6.49175
6.49247
6.49359
6.49511
6.49703
6.49934
6.50201
6.50501
6.50831
6.51188
6.51567
6.51965
6.5238
6.5283
6.53348
6.53815
6.53862
-0.172779
-0.491375
-0.644824
-0.708651
-0.663419
-0.482275
-0.181751
0.208129
0.666192
1.16842
1.69179
2.21613
2.72459
3.20376
3.64368
4.03819
4.38507
4.68541
4.94317
5.16441
5.35529
5.52065
5.66515
5.79302
5.9069
6.00792
6.09714
6.1764
6.24668
6.30778
6.36075
6.40646
6.44521
6.47795
6.50512
6.52742
6.54557
6.56009
6.57156
6.58042
6.58699
6.5915
6.59414
6.59504
6.59438
6.59237
6.58934
6.58564
6.58164
6.57762
6.57377
6.57018
6.56685
6.56377
6.56089
6.55814
6.55545
6.55274
6.54996
6.54708
6.54408
6.54097
6.53775
6.53446
6.53111
6.52773
6.52434
6.52097
6.51764
6.51437
6.5112
6.50814
6.50522
6.50246
6.49989
6.49754
6.49543
6.49357
6.492
6.49073
6.48979
6.48918
6.48895
6.4891
6.48963
6.49057
6.49189
6.49361
6.49571
6.49816
6.50095
6.50404
6.50739
6.51098
6.51477
6.51872
6.52296
6.52773
6.53181
6.53176
-0.164977
-0.527572
-0.623029
-0.659746
-0.597399
-0.406087
-0.105502
0.281919
0.735336
1.23172
1.74896
2.26753
2.77096
3.24578
3.68174
4.0725
4.41579
4.71263
4.96713
5.18585
5.3751
5.53943
5.68334
5.81118
5.92524
6.02666
6.11667
6.19668
6.26754
6.32859
6.38113
6.42629
6.46409
6.49581
6.52171
6.54262
6.55939
6.57247
6.58246
6.58993
6.5952
6.59853
6.60021
6.60033
6.59906
6.59655
6.59305
6.58888
6.58439
6.5799
6.57564
6.57171
6.56813
6.56485
6.56181
6.55893
6.55612
6.55331
6.55042
6.54743
6.54432
6.54109
6.53776
6.53435
6.53088
6.52738
6.52386
6.52037
6.51691
6.51352
6.51022
6.50703
6.50398
6.5011
6.4984
6.49592
6.49367
6.49167
6.48996
6.48854
6.48744
6.48668
6.48627
6.48624
6.4866
6.48734
6.48846
6.48998
6.49186
6.4941
6.49666
6.49953
6.50268
6.50606
6.50965
6.51339
6.51738
6.52179
6.52541
6.52517
-0.00168874
-0.448112
-0.519989
-0.526715
-0.46117
-0.280602
0.00740331
0.38148
0.82035
1.30214
1.80589
2.31278
2.80665
3.27385
3.7037
4.08959
4.42909
4.72268
4.97456
5.19227
5.38199
5.54739
5.69315
5.82359
5.94042
6.04448
6.13641
6.21726
6.28827
6.34951
6.40244
6.44725
6.48416
6.51492
6.53955
6.55918
6.57467
6.58611
6.59452
6.60053
6.60435
6.60635
6.60687
6.60601
6.60395
6.60081
6.59679
6.59215
6.5872
6.58226
6.57759
6.57331
6.56946
6.56598
6.56279
6.55977
6.55684
6.55391
6.55091
6.5478
6.54457
6.54122
6.53777
6.53422
6.53062
6.52698
6.52334
6.51971
6.51612
6.51259
6.50915
6.50583
6.50265
6.49963
6.49679
6.49416
6.49177
6.48963
6.48776
6.48619
6.48493
6.484
6.48341
6.4832
6.48336
6.4839
6.48482
6.48612
6.48778
6.48979
6.49214
6.49478
6.4977
6.50087
6.50424
6.50775
6.51149
6.51557
6.51882
6.51869
0.647784
0.182718
-0.0391959
-0.135137
-0.138273
-0.0246937
0.20321
0.525663
0.920675
1.36619
1.84087
2.32529
2.80243
3.25765
3.67933
4.06061
4.3985
4.69195
4.94589
5.16904
5.36647
5.54126
5.69633
5.83325
5.95408
6.06088
6.15487
6.23727
6.30916
6.37112
6.42426
6.46908
6.50651
6.53709
6.56042
6.5785
6.59229
6.60209
6.60905
6.61324
6.61508
6.61557
6.61482
6.61285
6.60989
6.60606
6.60149
6.5964
6.59102
6.58563
6.58049
6.57577
6.57153
6.56774
6.56429
6.56107
6.55796
6.55487
6.55171
6.54845
6.54506
6.54155
6.53794
6.53423
6.53047
6.52666
6.52284
6.51904
6.51528
6.51158
6.50797
6.50447
6.50111
6.49791
6.49489
6.49208
6.4895
6.48717
6.4851
6.48333
6.48186
6.48071
6.4799
6.47945
6.47937
6.47966
6.48032
6.48136
6.48275
6.48449
6.48655
6.48892
6.49157
6.49446
6.49755
6.50079
6.50424
6.50795
6.51087
6.51106
0.311124
0.0656494
-0.0893219
-0.116417
-0.0548319
0.0926878
0.325737
0.633216
1.00015
1.41103
1.85043
2.3033
2.75491
3.18989
3.59643
3.96959
4.30744
4.6109
4.88229
5.12198
5.33222
5.51743
5.68093
5.82508
5.95219
6.06426
6.16272
6.2488
6.32357
6.38781
6.44248
6.48832
6.5262
6.55675
6.58075
6.59918
6.61165
6.61962
6.62463
6.62714
6.62774
6.6268
6.62436
6.6212
6.61731
6.6127
6.60749
6.60184
6.59595
6.59004
6.58436
6.5791
6.57436
6.57014
6.56635
6.56285
6.55951
6.55621
6.55286
6.54941
6.54583
6.54213
6.53832
6.53442
6.53044
6.52643
6.5224
6.51838
6.5144
6.51048
6.50664
6.50292
6.49933
6.4959
6.49266
6.48961
6.48679
6.48421
6.4819
6.47988
6.47815
6.47673
6.47564
6.47489
6.47451
6.4745
6.47485
6.47556
6.47663
6.47804
6.47978
6.48182
6.48414
6.48672
6.48949
6.49241
6.49554
6.49889
6.50158
6.5021
0.213676
0.134464
0.0628002
0.0596888
0.122102
0.249506
0.445309
0.705706
1.02105
1.37947
1.76837
2.17536
2.58941
3.00209
3.40591
3.79111
4.14903
4.47538
4.76759
5.02502
5.25049
5.44878
5.62415
5.77972
5.9177
6.03966
6.14682
6.24035
6.32134
6.39071
6.44948
6.49852
6.53874
6.57097
6.59609
6.61502
6.62874
6.6372
6.64108
6.6423
6.641
6.63836
6.63475
6.63018
6.62486
6.61922
6.61314
6.60681
6.60034
6.59393
6.58781
6.58212
6.57698
6.5724
6.56831
6.56458
6.56103
6.55755
6.55401
6.55037
6.54661
6.5427
6.53868
6.53455
6.53035
6.52611
6.52185
6.51759
6.51337
6.50922
6.50514
6.50118
6.49735
6.49368
6.49019
6.48689
6.48382
6.48099
6.47842
6.47612
6.47412
6.47243
6.47104
6.46999
6.4693
6.46897
6.46899
6.46938
6.47011
6.47119
6.47259
6.47429
6.47628
6.47853
6.48098
6.48359
6.4864
6.48942
6.49196
6.49271
0.163413
0.131311
0.0953035
0.10467
0.172983
0.300832
0.488227
0.731286
1.02181
1.34965
1.70428
2.07595
2.45617
2.83747
3.21229
3.57384
3.91786
4.24204
4.54416
4.82196
5.07393
5.29983
5.50065
5.67841
5.83555
5.97424
6.09611
6.20245
6.29441
6.37306
6.43953
6.49488
6.54017
6.57639
6.60455
6.62564
6.64073
6.65026
6.65617
6.65736
6.65463
6.65057
6.64527
6.63916
6.63265
6.62553
6.61835
6.61122
6.60409
6.59719
6.59067
6.58467
6.57926
6.57443
6.57011
6.56619
6.56248
6.55884
6.55515
6.55133
6.54737
6.54325
6.539
6.53464
6.5302
6.52572
6.5212
6.5167
6.51223
6.50782
6.50349
6.49927
6.49519
6.49126
6.48751
6.48395
6.48061
6.47751
6.47466
6.47209
6.4698
6.46781
6.46614
6.46478
6.46376
6.4631
6.46279
6.46284
6.46323
6.46396
6.46502
6.46639
6.46804
6.46996
6.47209
6.47439
6.4769
6.47962
6.482
6.48293
0.134419
0.125981
0.122889
0.153786
0.23182
0.358735
0.533973
0.754976
1.01641
1.3111
1.63124
1.969
2.31655
2.66697
3.01438
3.35372
3.68114
3.99425
4.29167
4.57255
4.83611
5.08133
5.30682
5.51137
5.69463
5.85724
6.00045
6.12564
6.2341
6.32704
6.40569
6.47128
6.52506
6.56825
6.60201
6.62751
6.64587
6.65791
6.66528
6.66836
6.66706
6.66213
6.65564
6.64807
6.63986
6.63153
6.62328
6.61497
6.6071
6.59965
6.59279
6.58658
6.58103
6.57609
6.57167
6.56762
6.5638
6.56005
6.55622
6.55225
6.5481
6.54377
6.53928
6.53468
6.52998
6.52523
6.52046
6.51569
6.51095
6.50627
6.50168
6.4972
6.49284
6.48864
6.48462
6.48079
6.47717
6.47379
6.47066
6.46779
6.46521
6.46292
6.46093
6.45926
6.45791
6.45692
6.45627
6.45597
6.45602
6.45641
6.45712
6.45815
6.45947
6.46105
6.46287
6.46487
6.46708
6.46952
6.47175
6.47276
0.110017
0.112624
0.127118
0.169008
0.248571
0.369087
0.530829
0.732212
0.969525
1.23732
1.52913
1.83814
2.1578
2.48216
2.80609
3.12551
3.4373
3.73921
4.02973
4.30803
4.57381
4.82676
5.06607
5.29022
5.49731
5.68565
5.85435
6.00344
6.1336
6.24589
6.34151
6.42176
6.48801
6.54166
6.58411
6.6167
6.64071
6.65726
6.66774
6.6731
6.67397
6.67109
6.66451
6.65596
6.64653
6.63685
6.62718
6.61795
6.60915
6.60112
6.59395
6.58762
6.58209
6.57723
6.57286
6.56881
6.56494
6.56111
6.55719
6.55309
6.54876
6.54422
6.5395
6.53464
6.52968
6.52465
6.5196
6.51455
6.50953
6.50458
6.4997
6.49494
6.49031
6.48583
6.48153
6.47742
6.47351
6.46984
6.46641
6.46325
6.46036
6.45776
6.45546
6.45347
6.4518
6.45046
6.44946
6.44882
6.44852
6.44856
6.44892
6.44961
6.45059
6.45185
6.45336
6.45507
6.457
6.45917
6.46123
6.46229
0.0828944
0.0911225
0.115686
0.164975
0.245885
0.361526
0.512347
0.697121
0.913007
1.15582
1.42055
1.70185
1.9945
2.29358
2.5947
2.89417
3.18931
3.4784
3.76018
4.03364
4.2982
4.55364
4.79958
5.03509
5.25853
5.46773
5.66039
5.83469
5.98967
6.12528
6.24216
6.34135
6.42417
6.4921
6.54666
6.58938
6.62175
6.64511
6.66088
6.67023
6.67414
6.67368
6.66953
6.66155
6.65141
6.6407
6.62996
6.6196
6.61006
6.60151
6.59398
6.58761
6.58224
6.57765
6.57355
6.56968
6.56586
6.56201
6.55801
6.5538
6.54932
6.54458
6.53962
6.53449
6.52925
6.52394
6.5186
6.51326
6.50795
6.50271
6.49755
6.4925
6.48759
6.48282
6.47823
6.47383
6.46964
6.46567
6.46194
6.45847
6.45527
6.45236
6.44974
6.44743
6.44542
6.44374
6.4424
6.44141
6.44075
6.44044
6.44046
6.4408
6.44145
6.44239
6.4436
6.44503
6.44669
6.4486
6.45048
6.45156
0.0491351
0.0601015
0.0897519
0.142487
0.22225
0.331292
0.470124
0.638022
0.833069
1.05226
1.29184
1.54766
1.81551
2.09133
2.37138
2.65247
2.93211
3.20862
3.48102
3.74858
4.01056
4.26638
4.51566
4.75786
4.99186
5.21588
5.42756
5.62428
5.8037
5.96422
6.10516
6.22676
6.32985
6.41572
6.48588
6.54197
6.58561
6.61837
6.64179
6.65722
6.6659
6.669
6.66762
6.66241
6.65336
6.6422
6.63077
6.61971
6.60948
6.60039
6.59272
6.58639
6.58133
6.57722
6.57362
6.57014
6.56653
6.56271
6.55866
6.55434
6.54972
6.54478
6.53959
6.5342
6.52868
6.52308
6.51744
6.5118
6.5062
6.50067
6.49522
6.48988
6.48468
6.47962
6.47474
6.47004
6.46556
6.46129
6.45726
6.45348
6.44997
6.44674
6.4438
6.44116
6.43883
6.43681
6.43512
6.43377
6.43276
6.4321
6.43177
6.43177
6.43209
6.43272
6.43362
6.43477
6.43617
6.43783
6.43953
6.44062
0.0068412
0.0189244
0.0506525
0.104328
0.181613
0.283575
0.41064
0.562565
0.738179
0.935376
1.15141
1.38316
1.62736
1.88074
2.14025
2.40321
2.66742
2.93126
3.19368
3.45411
3.71203
3.96677
4.21761
4.46392
4.70494
4.93939
5.16529
5.3801
5.58097
5.76525
5.93089
6.07681
6.20291
6.30984
6.39883
6.47142
6.52931
6.57419
6.60776
6.63156
6.64701
6.65544
6.65808
6.6561
6.65006
6.64035
6.62883
6.61744
6.60688
6.59757
6.58983
6.58381
6.57927
6.57584
6.57296
6.5701
6.56689
6.5632
6.55911
6.55467
6.5499
6.54478
6.53936
6.53372
6.52791
6.52202
6.51608
6.51015
6.50425
6.49842
6.49268
6.48706
6.48156
6.47622
6.47105
6.46606
6.46128
6.45671
6.45238
6.4483
6.44447
6.44092
6.43766
6.43469
6.43203
6.42968
6.42764
6.42594
6.42458
6.42356
6.42288
6.42254
6.42253
6.42284
6.42345
6.42433
6.42547
6.4269
6.42842
6.42952
-0.0447687
-0.0326503
-0.000763718
0.0523491
0.12627
0.220545
0.33549
0.471441
0.627914
0.803607
0.996713
1.2051
1.42636
1.65798
1.89753
2.14278
2.39187
2.64328
2.89587
3.14892
3.40199
3.65459
3.90594
4.15511
4.40127
4.64343
4.88014
5.10922
5.32793
5.53323
5.72221
5.89258
6.04301
6.17317
6.2836
6.3755
6.45042
6.51012
6.55639
6.59092
6.61531
6.63104
6.63947
6.64194
6.63961
6.6331
6.62329
6.61221
6.60176
6.59262
6.58518
6.57966
6.57593
6.57345
6.57152
6.56951
6.56689
6.56347
6.55937
6.55479
6.54982
6.54451
6.53887
6.53298
6.5269
6.52072
6.5145
6.50827
6.50209
6.49597
6.48994
6.48403
6.47825
6.47263
6.46717
6.46189
6.45682
6.45195
6.44732
6.44293
6.4388
6.43493
6.43135
6.42805
6.42506
6.42237
6.41999
6.41794
6.41622
6.41485
6.41383
6.41315
6.41281
6.4128
6.41312
6.41373
6.41463
6.41582
6.41716
6.41829
-0.105718
-0.0946164
-0.0638454
-0.0116888
0.0586399
0.144753
0.247243
0.367278
0.504984
0.659703
0.830472
1.01605
1.21484
1.42499
1.64462
1.87204
2.10573
2.34439
2.5869
2.83235
3.08013
3.32976
3.58065
3.83181
4.08214
4.33057
4.57595
4.81658
5.05005
5.27339
5.48335
5.67688
5.85154
6.00588
6.13949
6.25289
6.34728
6.42428
6.4857
6.53333
6.5689
6.59401
6.61017
6.61881
6.62134
6.61899
6.61251
6.60338
6.59372
6.58525
6.57856
6.5739
6.57122
6.57002
6.56932
6.56834
6.5665
6.56348
6.55943
6.55467
6.54946
6.54391
6.53804
6.53191
6.52558
6.51914
6.51264
6.50613
6.49967
6.49327
6.48697
6.48079
6.47473
6.46883
6.4631
6.45754
6.45218
6.44703
6.4421
6.43741
6.43297
6.42879
6.42489
6.42127
6.41794
6.41492
6.41221
6.4098
6.40773
6.40601
6.40463
6.40361
6.40294
6.40263
6.40265
6.40299
6.40365
6.40462
6.4058
6.40696
-0.175354
-0.167147
-0.138411
-0.0860698
-0.0188487
0.0583336
0.147275
0.250423
0.368522
0.501593
0.649595
0.812224
0.988621
1.17747
1.37741
1.58718
1.80564
2.03167
2.2642
2.50221
2.74484
2.99138
3.24127
3.49368
3.74752
4.00151
4.25446
4.50497
4.75106
4.99
5.21856
5.4333
5.6311
5.80947
5.967
6.1033
6.21901
6.31543
6.39424
6.45726
6.50625
6.5429
6.5688
6.58552
6.59459
6.59752
6.5956
6.58989
6.58247
6.57537
6.56995
6.5666
6.56532
6.56565
6.56639
6.56667
6.56572
6.56322
6.55928
6.55433
6.54881
6.54295
6.53682
6.53046
6.5239
6.51721
6.51045
6.5037
6.49697
6.49032
6.48376
6.47732
6.47101
6.46484
6.45884
6.45302
6.44738
6.44195
6.43673
6.43175
6.42701
6.42252
6.4183
6.41436
6.41071
6.40736
6.40431
6.40156
6.39914
6.39705
6.39533
6.39396
6.39297
6.39234
6.39207
6.39215
6.39258
6.39333
6.39434
6.39556
-0.251846
-0.25113
-0.224501
-0.168865
-0.103454
-0.0348846
0.0411786
0.128177
0.227
0.33826
0.462967
0.601875
0.754865
0.921127
1.0999
1.29054
1.49243
1.70477
1.92658
2.15673
2.39415
2.63778
2.88677
3.14024
3.39724
3.65647
3.91659
4.17618
4.43356
4.68631
4.93143
5.16542
5.38475
5.58623
5.76752
5.92732
6.06553
6.18297
6.28107
6.36153
6.42608
6.4764
6.51413
6.54091
6.55839
6.56823
6.57201
6.57122
6.56729
6.56273
6.55924
6.55769
6.5583
6.56052
6.56281
6.56446
6.56455
6.56265
6.55886
6.55372
6.54781
6.54157
6.53514
6.52853
6.52175
6.51486
6.50788
6.50091
6.49396
6.48708
6.48028
6.47361
6.46705
6.46065
6.4544
6.44832
6.44242
6.43673
6.43123
6.42597
6.42093
6.41614
6.41161
6.40736
6.40338
6.39971
6.39633
6.39324
6.39046
6.38802
6.38593
6.38422
6.3829
6.38195
6.3814
6.38122
6.38141
6.38195
6.38281
6.38409
-0.331502
-0.353272
-0.320973
-0.255803
-0.196377
-0.14273
-0.0839619
-0.0160141
0.0614876
0.149757
0.250921
0.366897
0.497856
0.643036
0.801985
0.974615
1.16063
1.35967
1.57077
1.79293
2.02491
2.26565
2.5138
2.76844
3.02843
3.29283
3.56022
3.82927
4.09793
4.36405
4.62466
4.87657
5.11597
5.33937
5.54358
5.72662
5.88755
6.02667
6.14504
6.24418
6.32578
6.39145
6.44293
6.48176
6.50976
6.52851
6.5399
6.54541
6.54685
6.54591
6.54526
6.54597
6.54921
6.55401
6.55817
6.56126
6.56251
6.56125
6.55776
6.55247
6.54624
6.53955
6.5328
6.52592
6.51898
6.51189
6.50477
6.4976
6.49049
6.48341
6.47644
6.46955
6.46281
6.45618
6.44972
6.4434
6.43728
6.43132
6.42558
6.42004
6.41473
6.40965
6.40483
6.40027
6.39599
6.39199
6.38828
6.38487
6.38174
6.37892
6.37648
6.37442
6.37276
6.3715
6.37066
6.37022
6.37019
6.37052
6.37124
6.37257
-0.393476
-0.498237
-0.433099
-0.329634
-0.265896
-0.223801
-0.180878
-0.132631
-0.0791681
-0.018289
0.0539778
0.141394
0.244688
0.363027
0.497137
0.647725
0.815374
0.999954
1.20042
1.41512
1.64263
1.88114
2.12914
2.38504
2.64782
2.91628
3.18962
3.46646
3.74519
4.0233
4.29817
4.56642
4.82438
5.06791
5.2933
5.49767
5.67962
5.83916
5.9774
6.09602
6.19658
6.28064
6.34938
6.40427
6.44654
6.47796
6.50003
6.51473
6.52363
6.52876
6.53205
6.5356
6.54166
6.54943
6.55488
6.5591
6.56104
6.56029
6.55689
6.55152
6.54485
6.53772
6.53046
6.52327
6.51604
6.50881
6.50149
6.4942
6.48689
6.47967
6.4725
6.46545
6.45849
6.45169
6.445
6.43848
6.43211
6.42593
6.41993
6.41413
6.40854
6.40318
6.39806
6.3932
6.3886
6.38428
6.38025
6.37651
6.37303
6.36986
6.36709
6.36471
6.36274
6.36119
6.36007
6.35939
6.35913
6.35926
6.35983
6.36117
-0.440803
-0.878244
-0.787121
-0.640516
-0.580652
-0.559753
-0.540842
-0.520951
-0.502331
-0.4812
-0.447766
-0.396146
-0.33074
-0.255007
-0.167431
-0.0657
0.053261
0.193183
0.354752
0.538683
0.744675
0.971271
1.21606
1.47705
1.75208
2.03921
2.33592
2.63985
2.94831
3.25894
3.569
3.87588
4.17664
4.46857
4.7489
5.01509
5.26459
5.49476
5.70315
5.88759
6.04699
6.18104
6.29087
6.37803
6.44513
6.49464
6.52965
6.55278
6.56703
6.57474
6.57871
6.58175
6.58409
6.58124
6.57598
6.57323
6.5708
6.56681
6.56113
6.55384
6.54562
6.53697
6.52844
6.52014
6.51217
6.50432
6.4966
6.48887
6.4812
6.47352
6.46592
6.45837
6.45093
6.44358
6.43635
6.42924
6.42227
6.41544
6.40877
6.40227
6.39595
6.38983
6.38393
6.37825
6.37283
6.36767
6.36281
6.35825
6.35401
6.35006
6.34643
6.34323
6.34052
6.33827
6.33651
6.33523
6.33442
6.33407
6.33433
6.33546
-0.250127
-0.500794
-0.460591
-0.392334
-0.367184
-0.358957
-0.350551
-0.342781
-0.339745
-0.344385
-0.361689
-0.390051
-0.41363
-0.418805
-0.404149
-0.367889
-0.305827
-0.22363
-0.129099
-0.0204967
0.107923
0.258887
0.434182
0.635262
0.861727
1.11238
1.38507
1.67785
1.98817
2.31366
2.65127
2.99799
3.35005
3.7034
4.05318
4.39412
4.72059
5.02708
5.30885
5.56207
5.78459
5.9754
6.13523
6.26545
6.36873
6.44772
6.50585
6.54612
6.57199
6.58631
6.59227
6.59244
6.58946
6.58574
6.58451
6.58164
6.57547
6.56936
6.5637
6.55674
6.54827
6.5385
6.52824
6.51796
6.50813
6.49873
6.48977
6.48104
6.4725
6.46401
6.45561
6.44725
6.43897
6.43075
6.42262
6.41457
6.40662
6.39877
6.39104
6.38344
6.37598
6.36868
6.36157
6.35466
6.34798
6.34156
6.33543
6.32963
6.32419
6.31913
6.3144
6.30991
6.30585
6.30237
6.2995
6.29724
6.2956
6.29459
6.29446
6.29557
-0.2438
-0.500015
-0.488057
-0.440163
-0.424571
-0.421407
-0.416189
-0.408853
-0.401529
-0.394208
-0.385881
-0.374933
-0.361144
-0.346972
-0.33656
-0.335507
-0.346856
-0.358398
-0.350121
-0.311555
-0.246725
-0.164082
-0.0635199
0.059264
0.207611
0.383846
0.588717
0.822197
1.08279
1.36864
1.67692
2.00461
2.3478
2.70231
3.06321
3.42534
3.78317
4.13113
4.464
4.77691
5.06604
5.32821
5.56172
5.76558
5.94034
6.08693
6.20757
6.30442
6.38049
6.43838
6.48123
6.51153
6.53209
6.54491
6.55208
6.5545
6.55488
6.55241
6.54631
6.53895
6.53144
6.52298
6.51357
6.50343
6.4932
6.48321
6.47374
6.46469
6.45603
6.44752
6.43914
6.43077
6.42244
6.41408
6.40575
6.39741
6.38909
6.38079
6.37253
6.36432
6.35616
6.34809
6.34012
6.33229
6.32462
6.31714
6.30991
6.30296
6.29633
6.29008
6.28426
6.27889
6.2738
6.269
6.26479
6.26134
6.25864
6.25673
6.25592
6.25654
-0.211851
-0.430771
-0.416493
-0.374393
-0.36343
-0.364484
-0.363771
-0.361131
-0.358737
-0.357009
-0.35567
-0.354294
-0.352423
-0.349281
-0.344208
-0.336587
-0.325754
-0.311387
-0.297887
-0.292649
-0.29243
-0.280805
-0.246303
-0.186868
-0.104528
0.00143685
0.133892
0.296048
0.489389
0.714397
0.969898
1.25406
1.56377
1.89543
2.2445
2.60606
2.97459
3.34432
3.7094
4.06394
4.40262
4.72046
5.0137
5.27919
5.51543
5.72153
5.89821
6.04646
6.16857
6.26668
6.34381
6.40254
6.44598
6.47659
6.49707
6.50938
6.51572
6.51732
6.51634
6.51255
6.50597
6.49844
6.49063
6.48213
6.4731
6.46377
6.4546
6.44574
6.4373
6.42914
6.42118
6.41325
6.40531
6.39729
6.38919
6.38098
6.37269
6.36431
6.35584
6.34731
6.33873
6.33012
6.3215
6.31292
6.30439
6.29597
6.2877
6.27965
6.27185
6.26439
6.25732
6.25074
6.24468
6.23908
6.23372
6.22885
6.22487
6.22187
6.22015
6.21994
-0.196094
-0.400519
-0.391537
-0.357864
-0.353289
-0.3595
-0.363455
-0.36494
-0.365867
-0.366433
-0.36624
-0.364921
-0.362401
-0.358631
-0.353843
-0.34823
-0.342061
-0.335117
-0.326982
-0.316562
-0.302393
-0.286689
-0.272011
-0.25433
-0.224783
-0.174756
-0.100176
0.00129041
0.132209
0.29575
0.493553
0.726026
0.991664
1.28804
1.61132
1.95697
2.31955
2.69313
3.07141
3.44787
3.81624
4.17037
4.50509
4.8157
5.09906
5.35268
5.57584
5.76832
5.93147
6.06679
6.17693
6.26431
6.3321
6.38293
6.41985
6.4452
6.46154
6.47066
6.47457
6.47444
6.47215
6.46763
6.46126
6.45442
6.44737
6.43991
6.43222
6.42445
6.41688
6.40953
6.40239
6.3953
6.38821
6.38099
6.37362
6.36603
6.35824
6.35023
6.34201
6.33358
6.32497
6.31618
6.30725
6.29822
6.2891
6.27996
6.27084
6.26182
6.25294
6.2443
6.23595
6.22802
6.22059
6.21378
6.20766
6.20197
6.19655
6.19194
6.18879
6.18715
-0.175877
-0.359474
-0.352183
-0.324214
-0.323593
-0.333109
-0.340709
-0.346152
-0.351092
-0.355634
-0.359425
-0.362156
-0.363745
-0.364017
-0.362939
-0.360374
-0.35639
-0.350954
-0.344302
-0.336507
-0.32772
-0.317464
-0.30436
-0.287181
-0.266286
-0.240252
-0.203615
-0.148219
-0.0673697
0.0441156
0.189813
0.372458
0.592735
0.849893
1.14119
1.4628
1.80958
2.17567
2.5546
2.93949
3.32351
3.69976
4.06209
4.40468
4.7231
5.01356
5.27404
5.50316
5.70131
5.86921
6.00902
6.1228
6.21361
6.2841
6.33746
6.37627
6.40341
6.42104
6.43146
6.43627
6.43719
6.43524
6.43197
6.42734
6.42169
6.41587
6.41007
6.40406
6.39798
6.39189
6.38587
6.37986
6.37381
6.36762
6.36123
6.35456
6.34759
6.34028
6.33264
6.32467
6.31635
6.30773
6.2988
6.28962
6.28019
6.2706
6.26087
6.25109
6.24129
6.2316
6.22208
6.21285
6.20401
6.19569
6.18803
6.18115
6.17501
6.1693
6.16436
6.1606
-0.153053
-0.316305
-0.314282
-0.295994
-0.302695
-0.31803
-0.331402
-0.342783
-0.353448
-0.363249
-0.371775
-0.378686
-0.383898
-0.387259
-0.388802
-0.388452
-0.386303
-0.382301
-0.376745
-0.36999
-0.362247
-0.3533
-0.343113
-0.330854
-0.315293
-0.294736
-0.267709
-0.230858
-0.178337
-0.10223
0.00462863
0.148016
0.330999
0.554616
0.817359
1.11616
1.44625
1.80193
2.17665
2.56336
2.95486
3.34379
3.72339
4.08708
4.42959
4.74615
5.03381
5.29024
5.51502
5.7082
5.87143
6.00643
6.11605
6.20286
6.2701
6.32046
6.35699
6.38208
6.39828
6.40747
6.41159
6.41195
6.40995
6.40638
6.40235
6.3979
6.39303
6.38809
6.38339
6.37876
6.37409
6.36931
6.36443
6.35937
6.35406
6.34843
6.34244
6.33605
6.32922
6.32195
6.31422
6.30605
6.29743
6.28841
6.27898
6.26923
6.25917
6.24889
6.23843
6.2279
6.21737
6.20697
6.19678
6.18697
6.17765
6.16901
6.16121
6.15449
6.14867
6.14285
-0.122866
-0.264286
-0.270569
-0.265135
-0.280499
-0.302187
-0.322089
-0.340104
-0.356826
-0.371915
-0.38504
-0.395929
-0.404546
-0.410773
-0.414656
-0.416082
-0.415119
-0.41238
-0.408588
-0.403319
-0.396527
-0.388188
-0.378447
-0.367004
-0.353458
-0.336583
-0.314756
-0.285259
-0.244372
-0.185792
-0.101532
0.0169377
0.175541
0.377188
0.621331
0.905305
1.22446
1.5731
1.94463
2.33182
2.72724
3.12331
3.51298
3.88931
4.24656
4.57946
4.88446
5.15864
5.40102
5.61116
5.79031
5.93988
6.06254
6.1607
6.23759
6.29591
6.33881
6.36878
6.38856
6.40019
6.40582
6.40699
6.40522
6.40154
6.39694
6.39192
6.3871
6.38266
6.37847
6.37428
6.37016
6.36615
6.36219
6.35812
6.35381
6.34917
6.34412
6.33862
6.33263
6.32613
6.31908
6.3115
6.30335
6.29468
6.28547
6.27581
6.26567
6.25518
6.24433
6.23326
6.22201
6.21072
6.19945
6.18838
6.17762
6.16734
6.15769
6.14897
6.14139
6.1343
-0.0873281
-0.206701
-0.227686
-0.240426
-0.266208
-0.294908
-0.321424
-0.345455
-0.367193
-0.386376
-0.402859
-0.416482
-0.427269
-0.435102
-0.440021
-0.442269
-0.443014
-0.442246
-0.439379
-0.434373
-0.427538
-0.418899
-0.408614
-0.396483
-0.382349
-0.365448
-0.344621
-0.31753
-0.280653
-0.227861
-0.150984
-0.0404637
0.110906
0.306736
0.546539
0.827434
1.14452
1.49201
1.86426
2.25336
2.65168
3.05161
3.44613
3.82831
4.19236
4.53289
4.84615
5.12892
5.37996
5.59855
5.78571
5.9426
6.07173
6.17538
6.2567
6.31837
6.36356
6.39481
6.41495
6.42615
6.43068
6.43021
6.42643
6.4205
6.41355
6.40628
6.39931
6.39289
6.38718
6.38211
6.37767
6.37364
6.36984
6.36606
6.36219
6.35812
6.35372
6.34894
6.34368
6.3379
6.33154
6.32461
6.31704
6.30888
6.30008
6.29071
6.28075
6.2703
6.25934
6.24801
6.23632
6.22442
6.21237
6.20033
6.18839
6.17675
6.16552
6.155
6.14532
6.1359
-0.0500958
-0.142971
-0.185865
-0.2182
-0.253278
-0.287698
-0.319204
-0.347465
-0.37257
-0.3944
-0.412963
-0.428153
-0.439966
-0.448322
-0.454082
-0.458165
-0.460265
-0.459682
-0.456686
-0.451406
-0.444123
-0.434812
-0.423601
-0.410225
-0.394458
-0.375521
-0.352324
-0.322394
-0.281949
-0.224214
-0.140334
-0.020539
0.14183
0.34948
0.600945
0.892593
1.21897
1.57426
1.95199
2.3442
2.74375
3.14346
3.53672
3.91708
4.27929
4.61853
4.93103
5.21337
5.46426
5.68294
5.87025
6.02717
6.15608
6.25912
6.33937
6.3994
6.44238
6.47086
6.48769
6.4951
6.49543
6.49046
6.48197
6.47123
6.45948
6.44752
6.43607
6.42552
6.41616
6.40804
6.40114
6.39524
6.39012
6.38552
6.38121
6.37701
6.37275
6.36828
6.36348
6.35825
6.35249
6.34616
6.33919
6.33159
6.3233
6.31438
6.30477
6.29457
6.28375
6.27243
6.26061
6.24844
6.23594
6.22329
6.21056
6.19793
6.18552
6.17357
6.16217
6.15081
-0.0294233
-0.0903894
-0.145638
-0.192153
-0.234516
-0.273346
-0.308376
-0.339451
-0.366697
-0.39009
-0.4097
-0.425383
-0.437282
-0.44643
-0.453658
-0.458198
-0.459793
-0.458558
-0.454818
-0.448597
-0.440068
-0.429074
-0.415559
-0.399006
-0.378842
-0.353808
-0.322483
-0.282139
-0.228585
-0.154496
-0.0507105
0.0917241
0.277753
0.508355
0.780928
1.09122
1.43376
1.80281
2.18998
2.5876
2.98914
3.38778
3.77732
4.15169
4.506
4.83669
5.14054
5.41377
5.65602
5.86722
6.04766
6.19797
6.32049
6.41724
6.49118
6.5448
6.5812
6.6029
6.61276
6.613
6.60602
6.59363
6.57769
6.55952
6.54045
6.52134
6.50302
6.48596
6.47054
6.4569
6.44509
6.43498
6.4264
6.41907
6.41271
6.40705
6.40179
6.39674
6.39167
6.38644
6.38088
6.37491
6.36838
6.36129
6.35352
6.3451
6.33596
6.32616
6.31566
6.30457
6.29287
6.28069
6.26805
6.25512
6.24195
6.22872
6.21553
6.20262
6.19003
6.1774
-0.0339716
-0.0824706
-0.130552
-0.176006
-0.217726
-0.255694
-0.290037
-0.32064
-0.347512
-0.370467
-0.389364
-0.404168
-0.416189
-0.425885
-0.432491
-0.435654
-0.435597
-0.432307
-0.425889
-0.416159
-0.403066
-0.386203
-0.36524
-0.339384
-0.307799
-0.268899
-0.22059
-0.15909
-0.0791502
0.0264692
0.164969
0.342306
0.560921
0.820385
1.1175
1.44773
1.80549
2.18468
2.57759
2.97725
3.37731
3.77115
4.153
4.51718
4.85922
5.17538
5.46322
5.7203
5.94661
6.14318
6.31096
6.44971
6.5614
6.64752
6.71092
6.75411
6.78018
6.79161
6.79125
6.7813
6.7642
6.74175
6.71585
6.68787
6.65918
6.6307
6.60331
6.57753
6.55384
6.53242
6.51339
6.49671
6.48226
6.46981
6.45912
6.44989
6.44181
6.4346
6.42794
6.42161
6.41537
6.40906
6.40248
6.39556
6.38812
6.38016
6.37153
6.36228
6.35231
6.34171
6.33042
6.31857
6.30614
6.29331
6.2801
6.26671
6.25321
6.23985
6.22665
6.21337
-0.0332518
-0.0787496
-0.119391
-0.159271
-0.197033
-0.231886
-0.263515
-0.29148
-0.315466
-0.335025
-0.350333
-0.36299
-0.373357
-0.379927
-0.382494
-0.381048
-0.375695
-0.366269
-0.352745
-0.334793
-0.312177
-0.284238
-0.250287
-0.208976
-0.158676
-0.0967504
-0.0200527
0.0757324
0.195194
0.343489
0.524773
0.742088
0.995949
1.28503
1.60594
1.95419
2.32434
2.71033
3.10536
3.50295
3.897
4.2813
4.65056
4.99957
5.32442
5.6216
5.88925
6.12574
6.33124
6.5061
6.65237
6.77199
6.86801
6.94083
6.99099
7.0208
7.03361
7.03201
7.01885
6.99631
6.9668
6.93216
6.89428
6.85456
6.81439
6.77472
6.73648
6.70023
6.66646
6.63545
6.60734
6.58215
6.55979
6.54011
6.52288
6.50786
6.49473
6.48323
6.47303
6.46388
6.45544
6.44753
6.43984
6.43225
6.4245
6.41652
6.40812
6.39928
6.38987
6.37991
6.3693
6.35814
6.34636
6.33412
6.32141
6.30843
6.29523
6.28205
6.26895
6.25575
-0.0292028
-0.0666231
-0.100549
-0.133096
-0.163442
-0.190905
-0.215038
-0.235285
-0.251795
-0.266048
-0.27897
-0.28861
-0.293707
-0.29426
-0.290323
-0.281664
-0.26817
-0.249418
-0.225071
-0.194389
-0.156651
-0.110615
-0.0549857
0.012176
0.0929012
0.189943
0.306072
0.444683
0.608821
0.801629
1.02509
1.28035
1.5667
1.88218
2.22329
2.58562
2.96395
3.35247
3.74512
4.13583
4.51896
4.88883
5.24071
5.56996
5.87331
6.14778
6.39204
6.60493
6.78692
6.93845
7.06147
7.15763
7.23057
7.28405
7.3187
7.33338
7.33091
7.31424
7.28638
7.24952
7.20601
7.15767
7.10639
7.05359
7.00066
6.94857
6.89825
6.85031
6.80526
6.76341
6.72494
6.6899
6.65824
6.62985
6.60452
6.58203
6.56209
6.54445
6.5288
6.51488
6.50237
6.49106
6.48063
6.47091
6.46161
6.45259
6.4436
6.43456
6.42526
6.41568
6.40567
6.39527
6.38437
6.37309
6.36137
6.34938
6.33716
6.32491
6.31268
6.30038
-0.0185959
-0.0437876
-0.0684185
-0.0919517
-0.113869
-0.133528
-0.15069
-0.165643
-0.178714
-0.188429
-0.193738
-0.194446
-0.190315
-0.18089
-0.165872
-0.144698
-0.116939
-0.0818345
-0.0387307
0.0134376
0.0756524
0.149387
0.236038
0.337547
0.455728
0.592917
0.751148
0.932789
1.13956
1.37311
1.63393
1.92191
2.23548
2.57223
2.92855
3.30013
3.68199
4.06869
4.45475
4.83453
5.20294
5.55479
5.88599
6.19245
6.47156
6.72085
6.9395
7.12678
7.28347
7.41028
7.50925
7.582
7.63149
7.66191
7.67721
7.67534
7.6565
7.62355
7.57985
7.52766
7.46928
7.40644
7.34105
7.27449
7.20817
7.14306
7.08009
7.01988
6.96297
6.90967
6.86021
6.81465
6.77298
6.73509
6.70082
6.66995
6.64221
6.61736
6.59509
6.57514
6.5572
6.54104
6.52635
6.51295
6.50056
6.48903
6.4781
6.46765
6.45746
6.44746
6.43744
6.4274
6.41718
6.40683
6.39625
6.38556
6.37475
6.36397
6.35325
6.34253
-0.0076433
-0.0257979
-0.0432032
-0.0590409
-0.0730296
-0.0846467
-0.0934967
-0.0986819
-0.099804
-0.0967143
-0.089125
-0.0763595
-0.0579236
-0.0331112
-0.00140168
0.038012
0.0857734
0.142876
0.210155
0.28885
0.38003
0.485208
0.605675
0.743166
0.899091
1.07522
1.27283
1.49335
1.73745
2.00564
2.29741
2.61176
2.94657
3.29907
3.66561
4.04195
4.42343
4.80494
5.18151
5.54792
5.89963
6.23196
6.54137
6.82432
7.07876
7.30269
7.4957
7.65739
7.78881
7.8909
7.96581
8.01531
8.04223
8.05025
8.04513
8.02587
7.99029
7.94078
7.881
7.81335
7.74006
7.66276
7.58332
7.5031
7.42352
7.34552
7.27004
7.1977
7.12905
7.06441
7.00403
6.94797
6.89626
6.84881
6.80545
6.766
6.7302
6.69781
6.66852
6.64208
6.61816
6.59653
6.57688
6.55902
6.54265
6.52762
6.51368
6.50071
6.48849
6.47695
6.46589
6.45529
6.44496
6.43493
6.42506
6.4154
6.40587
6.39657
6.38748
6.37851
-0.000252822
-0.00524461
-0.0102402
-0.0141612
-0.0166364
-0.0170976
-0.0151067
-0.00980614
-7.78599e-05
0.0151712
0.0361104
0.0631897
0.0969797
0.138365
0.188017
0.246913
0.315819
0.395863
0.487932
0.593313
0.71301
0.848436
1.00064
1.17107
1.36065
1.57064
1.80161
2.05426
2.32847
2.62397
2.93956
3.27367
3.62381
3.98699
4.35957
4.7374
5.11609
5.49084
5.85711
6.21008
6.54569
6.85972
7.14911
7.41076
7.64306
7.84433
8.01449
8.15334
8.26214
8.34191
8.3949
8.42295
8.429
8.4169
8.3931
8.35711
8.30547
8.24019
8.16521
8.08302
7.99578
7.90502
7.81255
7.71973
7.62794
7.53811
7.45118
7.36775
7.28837
7.21337
7.14299
7.07733
7.01641
6.96015
6.90841
6.86101
6.81769
6.77823
6.7423
6.70968
6.68002
6.6531
6.62858
6.60628
6.58588
6.56723
6.55005
6.53423
6.51954
6.50591
6.49313
6.48119
6.46991
6.45931
6.44925
6.43976
6.43074
6.42225
6.41424
6.4066
-0.00205969
0.00593107
0.0147939
0.0240445
0.0345809
0.0471552
0.0622872
0.0807394
0.103162
0.130647
0.164221
0.204853
0.253074
0.309825
0.375866
0.452283
0.539907
0.639929
0.753241
0.88111
1.02444
1.18451
1.36213
1.55844
1.77401
2.00963
2.26538
2.54144
2.83713
3.15169
3.48348
3.83057
4.19029
4.55952
4.93466
5.31168
5.68642
6.05435
6.41126
6.75267
7.07491
7.37411
7.64757
7.89252
8.10761
8.29138
8.44392
8.56512
8.65632
8.71857
8.75413
8.76488
8.75387
8.72573
8.68722
8.63744
8.57232
8.49389
8.40622
8.31193
8.21308
8.11115
8.00789
7.90463
7.80275
7.70316
7.60678
7.51419
7.42595
7.34238
7.26374
7.19012
7.12154
7.05795
6.9992
6.94512
6.89547
6.85001
6.80845
6.77054
6.73593
6.70442
6.67565
6.64942
6.62543
6.6035
6.58335
6.56487
6.54781
6.5321
6.51752
6.50406
6.49155
6.48
6.46927
6.45941
6.45031
6.44204
6.43453
6.42771
-0.00628611
0.00889556
0.0275512
0.046094
0.0658871
0.0878706
0.11266
0.141098
0.173856
0.211859
0.25591
0.307158
0.366455
0.434818
0.513035
0.602223
0.703225
0.81723
0.945095
1.08803
1.24683
1.42263
1.61609
1.82811
2.05903
2.30933
2.57884
2.86739
3.17406
3.49783
3.83688
4.18914
4.55191
4.9221
5.29621
5.67035
6.0406
6.40264
6.75253
7.08605
7.39976
7.69001
7.95432
8.19005
8.39595
8.57062
8.71414
8.82639
8.90862
8.96182
8.98815
8.98944
8.96878
8.93117
8.88379
8.82557
8.75208
8.66524
8.56934
8.46715
8.36074
8.25157
8.14135
8.03138
7.923
7.81713
7.71464
7.61613
7.52214
7.43298
7.34891
7.27002
7.19635
7.12784
7.06436
7.00574
6.95174
6.90216
6.85667
6.81505
6.77695
6.74216
6.71033
6.68126
6.65463
6.63028
6.60791
6.58741
6.56852
6.55118
6.53517
6.52048
6.50693
6.49455
6.48321
6.47296
6.46369
6.45549
6.44832
6.44213
-0.00917384
0.0100487
0.034268
0.05794
0.0827053
0.109699
0.13951
0.173103
0.211127
0.25463
0.304318
0.361354
0.42652
0.501027
0.585622
0.68156
0.789605
0.911062
1.04667
1.19774
1.3649
1.54936
1.75156
1.97244
2.2121
2.47103
2.74878
3.04518
3.35908
3.68942
4.03423
4.39143
4.75823
5.13154
5.5079
5.88343
6.25427
6.61612
6.9652
7.29721
7.60895
7.89663
8.15801
8.39027
8.59239
8.76275
8.90165
9.0087
9.08538
9.13243
9.15223
9.14642
9.11833
9.07243
9.01738
8.95274
8.8731
8.77969
8.67719
8.56851
8.45597
8.34089
8.22511
8.10981
7.99643
7.88577
7.7788
7.67601
7.578
7.48501
7.39734
7.31504
7.23815
7.1666
7.10025
7.03892
6.98237
6.93039
6.88264
6.83889
6.7988
6.76214
6.72855
6.69784
6.66967
6.6439
6.6202
6.59849
6.57848
6.56016
6.54325
6.52781
6.51362
6.50075
6.48905
6.47861
6.4693
6.46124
6.4544
6.4488
6.51671
6.51712
6.51883
6.52061
6.52234
6.52412
6.52598
6.52793
6.52997
6.5321
6.53434
6.53669
6.53915
6.54174
6.54446
6.54732
6.55034
6.55353
6.5569
6.56049
6.56432
6.56843
6.57287
6.57768
6.58286
6.58841
6.5943
6.60046
6.60686
6.61343
6.62015
6.62695
6.63377
6.64053
6.64718
6.65362
6.65981
6.66568
6.6712
6.67634
6.68109
6.68543
6.6894
6.69299
6.69623
6.69914
6.70174
6.70405
6.70609
6.70788
6.70945
6.71081
6.71197
6.71296
6.71379
6.71448
6.71504
6.7155
6.71586
6.71613
6.71633
6.71647
6.71656
6.71661
6.71663
6.71662
6.7166
6.71656
6.71653
6.71649
6.71646
6.71644
6.71642
6.71641
6.71641
6.71642
6.71644
6.71646
6.71649
6.71652
6.71655
6.71659
6.71662
6.71666
6.7167
6.71674
6.71678
6.71682
6.71685
6.71689
6.71692
6.71696
6.717
6.71703
6.71707
6.71712
6.71716
6.71723
6.71735
6.71751
6.51072
6.51467
6.52385
6.53364
6.54344
6.55361
6.56423
6.57524
6.58658
6.59813
6.60985
6.62154
6.63311
6.64425
6.65484
6.66451
6.67317
6.68054
6.68668
6.69156
6.69545
6.69853
6.7011
6.70334
6.70542
6.7074
6.70935
6.71127
6.71317
6.71506
6.71693
6.71878
6.72061
6.72242
6.72419
6.72593
6.72763
6.72928
6.73086
6.73239
6.73386
6.73527
6.73662
6.73792
6.73917
6.74036
6.74151
6.74261
6.74366
6.74467
6.74563
6.74656
6.74746
6.74832
6.74915
6.74995
6.75072
6.75146
6.75217
6.75286
6.75351
6.75413
6.75473
6.7553
6.75584
6.75635
6.75683
6.75729
6.75772
6.75812
6.75849
6.75884
6.75915
6.75943
6.75969
6.75991
6.7601
6.76026
6.76039
6.76048
6.76054
6.76057
6.76055
6.7605
6.76041
6.76028
6.76012
6.75991
6.75967
6.7594
6.75911
6.7588
6.75848
6.75817
6.75787
6.75758
6.7573
6.75703
6.7567
6.75635
6.56329
6.5664
6.57002
6.57364
6.57733
6.58112
6.58499
6.58894
6.59296
6.59702
6.60111
6.60523
6.60935
6.61345
6.61753
6.62156
6.62554
6.62944
6.63328
6.63703
6.64068
6.64421
6.64763
6.65089
6.65402
6.65699
6.65983
6.66253
6.66511
6.66756
6.66989
6.67211
6.67421
6.6762
6.67808
6.67985
6.68153
6.68311
6.68463
6.68606
6.68743
6.68872
6.68995
6.69111
6.6922
6.69324
6.69421
6.69513
6.69599
6.69681
6.69757
6.69828
6.69896
6.69958
6.70017
6.70071
6.70122
6.7017
6.70214
6.70254
6.70291
6.70325
6.70357
6.70385
6.7041
6.70432
6.70452
6.70468
6.70481
6.70491
6.70497
6.705
6.705
6.70495
6.70486
6.70473
6.70455
6.70433
6.70406
6.70373
6.70337
6.70295
6.70249
6.70199
6.70146
6.70089
6.70032
6.69973
6.69915
6.69858
6.69803
6.69748
6.69694
6.69639
6.69584
6.69529
6.69474
6.69416
6.69346
6.69268
6.60533
6.60934
6.61328
6.61716
6.62106
6.62497
6.62888
6.63277
6.63664
6.64044
6.64419
6.64786
6.65144
6.65491
6.65827
6.6615
6.66461
6.66757
6.6704
6.67308
6.67562
6.67803
6.68032
6.68248
6.68454
6.68648
6.68832
6.69005
6.6917
6.69324
6.6947
6.69607
6.69737
6.69858
6.69973
6.7008
6.70182
6.70276
6.70366
6.70449
6.70527
6.706
6.70669
6.70732
6.70792
6.70847
6.70899
6.70946
6.70991
6.71032
6.7107
6.71105
6.71137
6.71166
6.71193
6.71216
6.71238
6.71256
6.71272
6.71284
6.71295
6.71301
6.71304
6.71304
6.713
6.7129
6.71277
6.71258
6.71235
6.71204
6.71169
6.71126
6.71077
6.71021
6.7096
6.70891
6.70817
6.70738
6.70654
6.70566
6.70475
6.70382
6.70286
6.70189
6.70092
6.69994
6.69897
6.698
6.69704
6.69608
6.69514
6.69419
6.69326
6.69234
6.69143
6.69053
6.68966
6.68878
6.68779
6.68671
6.59179
6.59431
6.59689
6.5994
6.60189
6.60435
6.6068
6.60922
6.61161
6.61395
6.61625
6.6185
6.62071
6.62285
6.62495
6.62697
6.62895
6.63085
6.6327
6.63448
6.63621
6.63788
6.63949
6.64103
6.64252
6.64395
6.64532
6.64663
6.64788
6.64907
6.65022
6.6513
6.65234
6.65332
6.65426
6.65514
6.65598
6.65677
6.65753
6.65823
6.6589
6.65952
6.66011
6.66065
6.66117
6.66165
6.66209
6.6625
6.66288
6.66322
6.66353
6.6638
6.66405
6.66426
6.66444
6.66457
6.66468
6.66474
6.66476
6.66473
6.66467
6.66455
6.66438
6.66415
6.66387
6.66352
6.66312
6.66265
6.66214
6.66156
6.66094
6.66027
6.65958
6.65884
6.65809
6.6573
6.65651
6.65569
6.65486
6.65401
6.65316
6.6523
6.65143
6.65056
6.6497
6.64883
6.64796
6.6471
6.64624
6.64538
6.64453
6.64367
6.6428
6.64193
6.64105
6.64016
6.63928
6.63837
6.63727
6.63597
6.59242
6.59522
6.59808
6.60083
6.60353
6.60618
6.6088
6.61136
6.61389
6.61635
6.61877
6.62111
6.62341
6.62563
6.62779
6.62987
6.6319
6.63384
6.63573
6.63753
6.63927
6.64092
6.64252
6.64403
6.64548
6.64685
6.64816
6.6494
6.65057
6.65168
6.65273
6.6537
6.65463
6.65549
6.6563
6.65705
6.65775
6.65839
6.65899
6.65954
6.66004
6.66049
6.66091
6.66127
6.6616
6.66188
6.66214
6.66234
6.66251
6.66264
6.66273
6.66278
6.6628
6.66277
6.6627
6.66258
6.66243
6.66222
6.66196
6.66165
6.66128
6.66085
6.66037
6.65982
6.65922
6.65856
6.65786
6.6571
6.65631
6.65548
6.65463
6.65374
6.65283
6.6519
6.65095
6.64998
6.649
6.64802
6.64702
6.64602
6.64502
6.64402
6.64301
6.64201
6.64101
6.64002
6.63903
6.63804
6.63706
6.63609
6.63513
6.63418
6.63325
6.63232
6.63141
6.63051
6.62964
6.6288
6.62787
6.62678
6.58134
6.58338
6.5856
6.58774
6.58985
6.59191
6.59396
6.59596
6.59793
6.59985
6.60174
6.60357
6.60536
6.6071
6.60879
6.61042
6.612
6.61352
6.615
6.6164
6.61776
6.61906
6.62031
6.62149
6.62262
6.62369
6.62472
6.62569
6.62661
6.62747
6.62829
6.62906
6.62979
6.63046
6.6311
6.63168
6.63223
6.63274
6.63321
6.63364
6.63404
6.6344
6.63473
6.63501
6.63527
6.63549
6.63569
6.63584
6.63597
6.63605
6.6361
6.6361
6.63608
6.63599
6.63588
6.6357
6.63548
6.63519
6.63486
6.63446
6.63402
6.63351
6.63296
6.63236
6.63171
6.63103
6.63031
6.62956
6.62879
6.62798
6.62716
6.62632
6.62546
6.62459
6.62371
6.62282
6.62192
6.62102
6.62011
6.6192
6.61829
6.61737
6.61646
6.61554
6.61463
6.61371
6.6128
6.61188
6.61097
6.61006
6.60916
6.60825
6.60735
6.60645
6.60555
6.60464
6.60374
6.60283
6.60179
6.60047
6.57491
6.57703
6.57938
6.58162
6.58381
6.58596
6.58808
6.59014
6.59217
6.59414
6.59608
6.59795
6.59978
6.60155
6.60327
6.60492
6.60653
6.60806
6.60955
6.61097
6.61234
6.61364
6.6149
6.61608
6.61721
6.61828
6.61931
6.62026
6.62118
6.62203
6.62284
6.62359
6.6243
6.62495
6.62556
6.62612
6.62665
6.62712
6.62756
6.62794
6.6283
6.6286
6.62888
6.6291
6.62929
6.62943
6.62954
6.62959
6.62961
6.62956
6.62948
6.62934
6.62915
6.62889
6.62859
6.62821
6.62779
6.6273
6.62677
6.62617
6.62553
6.62483
6.6241
6.62331
6.6225
6.62165
6.62078
6.61987
6.61895
6.618
6.61704
6.61605
6.61506
6.61406
6.61305
6.61202
6.611
6.60996
6.60892
6.60787
6.60682
6.60576
6.60471
6.60364
6.60258
6.60152
6.60046
6.59939
6.59833
6.59727
6.59622
6.59518
6.59415
6.59312
6.59211
6.59111
6.59014
6.58919
6.58817
6.58688
6.56519
6.56706
6.56925
6.57135
6.57338
6.57537
6.57733
6.57923
6.5811
6.58292
6.58469
6.58641
6.58809
6.5897
6.59127
6.59277
6.59422
6.59561
6.59696
6.59824
6.59947
6.60063
6.60175
6.6028
6.60381
6.60476
6.60566
6.6065
6.6073
6.60804
6.60874
6.60938
6.60999
6.61054
6.61106
6.61153
6.61196
6.61234
6.61269
6.61298
6.61324
6.61345
6.61363
6.61375
6.61384
6.61387
6.61386
6.61378
6.61367
6.61349
6.61326
6.61297
6.61263
6.61223
6.61177
6.61125
6.61069
6.61007
6.60941
6.6087
6.60795
6.60716
6.60634
6.60549
6.60461
6.60371
6.60279
6.60185
6.6009
6.59993
6.59896
6.59797
6.59698
6.59598
6.59498
6.59396
6.59295
6.59193
6.59091
6.58988
6.58885
6.58782
6.58679
6.58576
6.58473
6.5837
6.58267
6.58164
6.58061
6.57958
6.57856
6.57754
6.57653
6.57553
6.57453
6.57354
6.57256
6.5716
6.57055
6.56915
6.55723
6.55921
6.56159
6.56383
6.56599
6.56808
6.57013
6.57211
6.57405
6.57592
6.57774
6.57949
6.5812
6.58282
6.5844
6.58591
6.58736
6.58874
6.59008
6.59134
6.59255
6.59368
6.59477
6.59579
6.59677
6.59767
6.59854
6.59933
6.60009
6.60078
6.60143
6.60202
6.60257
6.60306
6.60352
6.60391
6.60427
6.60456
6.60482
6.60502
6.60518
6.60527
6.60533
6.60532
6.60526
6.60514
6.60498
6.60474
6.60446
6.60411
6.60372
6.60326
6.60275
6.60219
6.60158
6.60091
6.60021
6.59945
6.59867
6.59784
6.59699
6.5961
6.5952
6.59426
6.59331
6.59234
6.59135
6.59035
6.58934
6.58831
6.58728
6.58624
6.58519
6.58413
6.58306
6.58199
6.58091
6.57983
6.57874
6.57765
6.57655
6.57545
6.57436
6.57325
6.57215
6.57105
6.56995
6.56884
6.56775
6.56665
6.56556
6.56448
6.5634
6.56234
6.56128
6.56025
6.55923
6.55825
6.55721
6.55584
6.54885
6.55083
6.55329
6.5556
6.5578
6.55991
6.56198
6.56395
6.56588
6.56772
6.5695
6.57121
6.57285
6.57442
6.57593
6.57736
6.57874
6.58003
6.58128
6.58244
6.58356
6.5846
6.58559
6.58651
6.58738
6.58819
6.58894
6.58963
6.59028
6.59086
6.5914
6.59187
6.59231
6.59268
6.59301
6.59327
6.5935
6.59366
6.59378
6.59384
6.59385
6.5938
6.59371
6.59355
6.59334
6.59307
6.59276
6.59238
6.59196
6.59147
6.59095
6.59037
6.58975
6.58908
6.58837
6.58762
6.58685
6.58603
6.58519
6.58431
6.58342
6.5825
6.58156
6.5806
6.57963
6.57864
6.57764
6.57663
6.57561
6.57458
6.57354
6.57249
6.57144
6.57038
6.56932
6.56824
6.56717
6.5661
6.56502
6.56394
6.56286
6.56177
6.56069
6.55961
6.55853
6.55745
6.55638
6.5553
6.55423
6.55317
6.55211
6.55106
6.55002
6.54898
6.54796
6.54695
6.54596
6.545
6.54399
6.54263
6.54142
6.54352
6.54613
6.54855
6.55083
6.55302
6.55513
6.55714
6.55908
6.56092
6.5627
6.56438
6.56599
6.56752
6.56898
6.57036
6.57168
6.57291
6.57408
6.57518
6.57622
6.57718
6.57809
6.57892
6.57971
6.58043
6.5811
6.5817
6.58225
6.58274
6.58318
6.58355
6.58388
6.58415
6.58437
6.58453
6.58464
6.58469
6.5847
6.58464
6.58453
6.58436
6.58415
6.58387
6.58356
6.58317
6.58275
6.58227
6.58176
6.58118
6.58057
6.57992
6.57923
6.57849
6.57773
6.57693
6.5761
6.57524
6.57437
6.57346
6.57254
6.57159
6.57063
6.56965
6.56866
6.56765
6.56663
6.5656
6.56456
6.56351
6.56245
6.56139
6.56032
6.55924
6.55816
6.55708
6.55599
6.5549
6.55382
6.55272
6.55163
6.55054
6.54945
6.54837
6.54728
6.5462
6.54512
6.54405
6.54299
6.54193
6.54088
6.53984
6.5388
6.53778
6.53678
6.53579
6.53482
6.5339
6.53294
6.53166
6.53431
6.53645
6.53908
6.5415
6.54378
6.54595
6.54802
6.54999
6.55188
6.55366
6.55536
6.55697
6.5585
6.55994
6.56131
6.56259
6.5638
6.56494
6.56601
6.567
6.56794
6.5688
6.5696
6.57034
6.57102
6.57163
6.5722
6.57269
6.57314
6.57352
6.57386
6.57413
6.57435
6.57451
6.57463
6.57468
6.57468
6.57462
6.57452
6.57436
6.57416
6.57389
6.57358
6.57322
6.57282
6.57236
6.57186
6.57131
6.57073
6.5701
6.56945
6.56875
6.56802
6.56725
6.56646
6.56564
6.5648
6.56393
6.56304
6.56212
6.5612
6.56025
6.55929
6.55831
6.55733
6.55632
6.55532
6.5543
6.55327
6.55224
6.5512
6.55016
6.54911
6.54806
6.54702
6.54596
6.54491
6.54386
6.54281
6.54176
6.54072
6.53968
6.53864
6.53761
6.53658
6.53556
6.53454
6.53353
6.53253
6.53154
6.53055
6.52958
6.52861
6.52765
6.52671
6.52578
6.52488
6.52401
6.5231
6.52193
6.52772
6.52985
6.53242
6.53478
6.537
6.5391
6.54111
6.543
6.54481
6.54651
6.54814
6.54966
6.55111
6.55246
6.55375
6.55495
6.55609
6.55715
6.55814
6.55906
6.55993
6.56071
6.56145
6.56211
6.56272
6.56327
6.56376
6.56419
6.56456
6.56487
6.56514
6.56534
6.56549
6.56559
6.56563
6.56561
6.56555
6.56543
6.56527
6.56505
6.56479
6.56447
6.56411
6.5637
6.56325
6.56276
6.56223
6.56165
6.56104
6.56039
6.55972
6.559
6.55827
6.5575
6.55671
6.55588
6.55504
6.55418
6.5533
6.5524
6.55148
6.55055
6.54961
6.54864
6.54768
6.5467
6.54572
6.54472
6.54372
6.54271
6.54171
6.54069
6.53968
6.53866
6.53765
6.53663
6.53561
6.5346
6.53358
6.53257
6.53157
6.53056
6.52956
6.52857
6.52758
6.52659
6.52562
6.52465
6.52368
6.52273
6.52178
6.52084
6.51992
6.519
6.5181
6.51721
6.51635
6.51552
6.51466
6.51363
6.5212
6.52325
6.52566
6.52787
6.52996
6.53194
6.53383
6.53561
6.53731
6.5389
6.54042
6.54184
6.5432
6.54446
6.54566
6.54677
6.54783
6.5488
6.54971
6.55055
6.55134
6.55205
6.55271
6.55329
6.55383
6.5543
6.55472
6.55507
6.55538
6.55561
6.55581
6.55594
6.55602
6.55605
6.55603
6.55595
6.55582
6.55564
6.55543
6.55515
6.55484
6.55448
6.55408
6.55363
6.55315
6.55263
6.55207
6.55148
6.55086
6.5502
6.54952
6.5488
6.54806
6.5473
6.54652
6.5457
6.54488
6.54403
6.54318
6.5423
6.54141
6.54051
6.5396
6.53867
6.53775
6.5368
6.53586
6.53491
6.53396
6.533
6.53204
6.53108
6.53012
6.52916
6.5282
6.52724
6.52629
6.52533
6.52438
6.52344
6.5225
6.52157
6.52064
6.51972
6.51881
6.5179
6.51701
6.51612
6.51524
6.51438
6.51352
6.51268
6.51186
6.51104
6.51025
6.50947
6.50873
6.50802
6.50726
6.50649
6.51335
6.51522
6.51739
6.5194
6.5213
6.52311
6.52485
6.52649
6.52806
6.52953
6.53094
6.53226
6.53352
6.53469
6.5358
6.53683
6.53781
6.5387
6.53954
6.54031
6.54102
6.54166
6.54225
6.54277
6.54324
6.54364
6.54399
6.54428
6.54452
6.5447
6.54483
6.54491
6.54494
6.54491
6.54484
6.54471
6.54455
6.54433
6.54408
6.54377
6.54343
6.54304
6.54263
6.54217
6.54168
6.54115
6.5406
6.54001
6.5394
6.53875
6.53809
6.5374
6.53669
6.53596
6.53521
6.53444
6.53367
6.53287
6.53206
6.53124
6.53041
6.52957
6.52873
6.52787
6.52701
6.52615
6.52528
6.52441
6.52354
6.52267
6.5218
6.52093
6.52006
6.5192
6.51834
6.51748
6.51664
6.51579
6.51496
6.51413
6.51331
6.5125
6.51171
6.51092
6.51015
6.50939
6.50864
6.50791
6.5072
6.50651
6.50583
6.50518
6.50455
6.50393
6.50335
6.50279
6.50227
6.50177
6.50125
6.50091
6.50422
6.50591
6.50785
6.50965
6.51138
6.51302
6.51461
6.51612
6.51757
6.51893
6.52024
6.52147
6.52264
6.52373
6.52477
6.52573
6.52664
6.52747
6.52826
6.52897
6.52963
6.53022
6.53077
6.53124
6.53167
6.53204
6.53236
6.53261
6.53283
6.53298
6.53309
6.53314
6.53315
6.53311
6.53303
6.5329
6.53273
6.53252
6.53227
6.53197
6.53165
6.53129
6.53089
6.53046
6.53001
6.52952
6.52901
6.52847
6.52791
6.52733
6.52673
6.5261
6.52546
6.52481
6.52414
6.52345
6.52276
6.52206
6.52135
6.52062
6.5199
6.51917
6.51843
6.51769
6.51696
6.51622
6.51548
6.51474
6.51401
6.51328
6.51255
6.51183
6.51112
6.51042
6.50973
6.50904
6.50837
6.5077
6.50706
6.50642
6.5058
6.5052
6.50461
6.50404
6.50349
6.50296
6.50245
6.50196
6.5015
6.50105
6.50063
6.50024
6.49987
6.49952
6.49921
6.49893
6.49868
6.49846
6.49819
6.49832
6.49463
6.49615
6.49788
6.49951
6.50107
6.50257
6.50403
6.50541
6.50675
6.50801
6.50923
6.51037
6.51147
6.51249
6.51347
6.51437
6.51522
6.51601
6.51675
6.51742
6.51804
6.5186
6.51911
6.51956
6.51996
6.5203
6.52061
6.52085
6.52105
6.52119
6.5213
6.52135
6.52137
6.52133
6.52127
6.52115
6.52101
6.52082
6.5206
6.52034
6.52006
6.51974
6.5194
6.51903
6.51863
6.51821
6.51777
6.51731
6.51683
6.51634
6.51583
6.5153
6.51477
6.51422
6.51367
6.5131
6.51254
6.51196
6.51139
6.51081
6.51023
6.50965
6.50908
6.5085
6.50793
6.50737
6.50681
6.50626
6.50572
6.50519
6.50467
6.50416
6.50366
6.50318
6.50271
6.50225
6.50182
6.5014
6.501
6.50061
6.50025
6.4999
6.49958
6.49928
6.49901
6.49875
6.49852
6.49832
6.49814
6.49799
6.49787
6.49777
6.49771
6.49767
6.49766
6.49769
6.49776
6.49784
6.49784
6.49851
6.48466
6.48605
6.48763
6.48912
6.49057
6.49196
6.49331
6.4946
6.49586
6.49705
6.49819
6.49927
6.50031
6.50129
6.50222
6.50308
6.5039
6.50465
6.50537
6.50601
6.50662
6.50716
6.50767
6.50811
6.50852
6.50886
6.50917
6.50943
6.50965
6.50981
6.50994
6.51003
6.51008
6.51009
6.51007
6.51
6.50991
6.50979
6.50964
6.50945
6.50925
6.50901
6.50876
6.50848
6.50818
6.50787
6.50754
6.50719
6.50684
6.50647
6.50609
6.50571
6.50532
6.50492
6.50452
6.50412
6.50372
6.50332
6.50293
6.50253
6.50215
6.50176
6.50139
6.50102
6.50067
6.50032
6.5
6.49967
6.49937
6.49908
6.49881
6.49855
6.49831
6.49809
6.49789
6.49771
6.49755
6.49741
6.4973
6.4972
6.49714
6.49709
6.49707
6.49708
6.49712
6.49718
6.49727
6.49738
6.49753
6.49771
6.49792
6.49816
6.49844
6.49874
6.49908
6.49946
6.49989
6.50031
6.50063
6.50192
6.47435
6.47564
6.47711
6.47849
6.47984
6.48114
6.48242
6.48363
6.48482
6.48595
6.48705
6.48808
6.48908
6.49002
6.49092
6.49175
6.49256
6.4933
6.494
6.49464
6.49525
6.4958
6.49631
6.49677
6.4972
6.49757
6.4979
6.49819
6.49845
6.49866
6.49884
6.49898
6.49909
6.49917
6.49922
6.49923
6.49922
6.49918
6.49913
6.49904
6.49895
6.49882
6.49869
6.49853
6.49837
6.49819
6.49801
6.49781
6.49761
6.4974
6.4972
6.49699
6.49678
6.49657
6.49637
6.49616
6.49597
6.49579
6.49561
6.49544
6.49529
6.49515
6.49502
6.49491
6.49481
6.49473
6.49467
6.49462
6.4946
6.4946
6.49462
6.49466
6.49473
6.49482
6.49493
6.49507
6.49523
6.49542
6.49564
6.49588
6.49616
6.49646
6.49679
6.49715
6.49754
6.49796
6.49842
6.4989
6.49943
6.49998
6.50057
6.5012
6.50187
6.50257
6.50331
6.5041
6.50494
6.50575
6.50644
6.50843
6.46374
6.46496
6.46634
6.46764
6.46892
6.47016
6.47137
6.47254
6.47368
6.47477
6.47583
6.47683
6.4778
6.47872
6.47961
6.48044
6.48124
6.48198
6.48269
6.48335
6.48398
6.48456
6.4851
6.4856
6.48606
6.48648
6.48687
6.48722
6.48754
6.48782
6.48808
6.4883
6.48851
6.48867
6.48883
6.48895
6.48906
6.48914
6.48921
6.48926
6.4893
6.48933
6.48935
6.48935
6.48936
6.48936
6.48935
6.48934
6.48934
6.48934
6.48934
6.48934
6.48936
6.48938
6.48941
6.48945
6.48951
6.48958
6.48967
6.48977
6.48989
6.49003
6.49019
6.49037
6.49057
6.4908
6.49105
6.49132
6.49163
6.49195
6.49231
6.49269
6.4931
6.49354
6.49401
6.4945
6.49503
6.49559
6.49619
6.49681
6.49746
6.49815
6.49888
6.49963
6.50043
6.50125
6.50212
6.50302
6.50396
6.50493
6.50595
6.50701
6.50812
6.50926
6.51045
6.51168
6.51298
6.51424
6.51532
6.51808
6.45292
6.45408
6.45539
6.45664
6.45786
6.45905
6.46022
6.46134
6.46245
6.46351
6.46454
6.46553
6.46649
6.46741
6.4683
6.46914
6.46995
6.47071
6.47145
6.47214
6.47281
6.47343
6.47402
6.47458
6.47511
6.4756
6.47606
6.4765
6.47691
6.47729
6.47765
6.47798
6.4783
6.47859
6.47888
6.47914
6.47939
6.47962
6.47985
6.48007
6.48029
6.48049
6.4807
6.4809
6.48111
6.48131
6.48152
6.48174
6.48197
6.4822
6.48245
6.48271
6.48298
6.48327
6.48358
6.4839
6.48425
6.48461
6.485
6.48541
6.48585
6.48631
6.4868
6.48731
6.48786
6.48843
6.48904
6.48967
6.49034
6.49104
6.49177
6.49253
6.49333
6.49416
6.49503
6.49593
6.49687
6.49784
6.49885
6.49989
6.50098
6.5021
6.50326
6.50445
6.50569
6.50696
6.50828
6.50964
6.51104
6.51248
6.51397
6.51551
6.51709
6.51872
6.5204
6.52214
6.52393
6.52568
6.5272
6.5308
6.44191
6.44302
6.44427
6.44547
6.44665
6.4478
6.44893
6.45003
6.45111
6.45216
6.45318
6.45417
6.45514
6.45606
6.45696
6.45783
6.45867
6.45947
6.46025
6.46099
6.46171
6.4624
6.46306
6.46369
6.46431
6.46489
6.46546
6.466
6.46653
6.46703
6.46752
6.46799
6.46845
6.4689
6.46934
6.46977
6.4702
6.47062
6.47104
6.47146
6.47188
6.4723
6.47273
6.47316
6.47361
6.47406
6.47454
6.47501
6.47551
6.47602
6.47656
6.47711
6.47769
6.47828
6.47891
6.47955
6.48023
6.48093
6.48167
6.48243
6.48323
6.48405
6.48491
6.4858
6.48674
6.4877
6.4887
6.48973
6.49081
6.49192
6.49307
6.49425
6.49548
6.49674
6.49805
6.49939
6.50078
6.5022
6.50367
6.50518
6.50673
6.50832
6.50995
6.51163
6.51335
6.51511
6.51692
6.51878
6.52068
6.52263
6.52463
6.52669
6.52879
6.53095
6.53316
6.53543
6.53777
6.54004
6.54204
6.54654
6.43076
6.43183
6.43303
6.43418
6.43533
6.43644
6.43755
6.43863
6.4397
6.44074
6.44176
6.44275
6.44373
6.44468
6.44561
6.44651
6.44739
6.44825
6.44909
6.4499
6.45069
6.45146
6.45222
6.45295
6.45367
6.45437
6.45506
6.45574
6.4564
6.45706
6.45771
6.45834
6.45898
6.45961
6.46025
6.46088
6.46152
6.46215
6.4628
6.46345
6.46412
6.46479
6.46549
6.46619
6.46692
6.46765
6.46842
6.4692
6.47001
6.47084
6.4717
6.47258
6.4735
6.47444
6.47543
6.47643
6.47748
6.47856
6.47968
6.48083
6.48202
6.48325
6.48452
6.48583
6.48718
6.48857
6.49001
6.49148
6.493
6.49456
6.49617
6.49782
6.49952
6.50125
6.50304
6.50486
6.50673
6.50865
6.51061
6.51262
6.51468
6.51677
6.51892
6.52112
6.52336
6.52565
6.52799
6.53038
6.53282
6.53532
6.53787
6.54048
6.54314
6.54586
6.54865
6.5515
6.55443
6.55726
6.55976
6.56522
6.4195
6.42052
6.42167
6.42278
6.42389
6.42498
6.42606
6.42713
6.42819
6.42923
6.43026
6.43127
6.43227
6.43325
6.43423
6.43518
6.43612
6.43704
6.43796
6.43885
6.43975
6.44062
6.44149
6.44234
6.44319
6.44403
6.44487
6.4457
6.44654
6.44737
6.4482
6.44904
6.44988
6.45073
6.45158
6.45245
6.45333
6.45422
6.45513
6.45605
6.45699
6.45795
6.45894
6.45995
6.46099
6.46205
6.46315
6.46427
6.46543
6.46661
6.46784
6.46909
6.47039
6.47172
6.4731
6.47451
6.47597
6.47746
6.47901
6.48059
6.48222
6.48389
6.48562
6.48738
6.4892
6.49106
6.49297
6.49493
6.49694
6.49899
6.50109
6.50324
6.50545
6.50769
6.50999
6.51234
6.51474
6.51718
6.51967
6.52222
6.52481
6.52745
6.53015
6.53289
6.53569
6.53854
6.54145
6.5444
6.54742
6.5505
6.55364
6.55684
6.5601
6.56342
6.56681
6.57028
6.57382
6.57725
6.58026
6.58673
6.40815
6.40912
6.41022
6.41128
6.41235
6.41341
6.41447
6.41552
6.41658
6.41762
6.41866
6.41969
6.42073
6.42175
6.42277
6.42378
6.4248
6.4258
6.42681
6.42781
6.42881
6.4298
6.4308
6.4318
6.43281
6.43381
6.43482
6.43584
6.43687
6.43791
6.43896
6.44002
6.4411
6.44219
6.44331
6.44444
6.4456
6.44677
6.44798
6.44921
6.45048
6.45176
6.45309
6.45445
6.45584
6.45727
6.45874
6.46024
6.46179
6.46338
6.46501
6.46668
6.46841
6.47017
6.47199
6.47385
6.47576
6.47772
6.47973
6.48179
6.4839
6.48606
6.48828
6.49054
6.49286
6.49523
6.49765
6.50012
6.50265
6.50522
6.50786
6.51054
6.51328
6.51606
6.5189
6.52179
6.52474
6.52774
6.53079
6.5339
6.53706
6.54028
6.54355
6.54688
6.55027
6.55371
6.55722
6.56079
6.56442
6.56811
6.57186
6.57568
6.57957
6.58352
6.58753
6.59162
6.5958
6.59981
6.60333
6.61089
6.39674
6.39766
6.39869
6.3997
6.40073
6.40176
6.4028
6.40385
6.40491
6.40596
6.40703
6.4081
6.40918
6.41026
6.41135
6.41244
6.41355
6.41465
6.41577
6.41689
6.41803
6.41918
6.42034
6.4215
6.42269
6.42389
6.42511
6.42634
6.4276
6.42887
6.43018
6.4315
6.43285
6.43422
6.43563
6.43707
6.43854
6.44004
6.44158
6.44316
6.44477
6.44642
6.44812
6.44986
6.45165
6.45347
6.45535
6.45727
6.45925
6.46126
6.46334
6.46546
6.46764
6.46986
6.47215
6.47448
6.47688
6.47932
6.48183
6.48438
6.487
6.48967
6.4924
6.49518
6.49802
6.50092
6.50387
6.50688
6.50996
6.51308
6.51627
6.51952
6.52282
6.52618
6.52961
6.53309
6.53663
6.54023
6.54389
6.54761
6.55139
6.55523
6.55913
6.56308
6.5671
6.57117
6.57531
6.5795
6.58375
6.58807
6.59244
6.59687
6.60137
6.60593
6.61057
6.61529
6.62011
6.62474
6.62881
6.63763
6.38527
6.38612
6.38707
6.38802
6.38899
6.38997
6.39098
6.392
6.39305
6.3941
6.39518
6.39627
6.39739
6.39851
6.39966
6.40083
6.40202
6.40322
6.40446
6.4057
6.40698
6.40827
6.4096
6.41095
6.41232
6.41373
6.41516
6.41663
6.41813
6.41966
6.42123
6.42283
6.42448
6.42616
6.42789
6.42966
6.43148
6.43333
6.43524
6.43719
6.4392
6.44126
6.44337
6.44553
6.44775
6.45002
6.45236
6.45474
6.45719
6.4597
6.46227
6.46489
6.46758
6.47033
6.47314
6.47601
6.47895
6.48195
6.48501
6.48813
6.49132
6.49457
6.49789
6.50127
6.50471
6.50821
6.51178
6.51541
6.51911
6.52286
6.52668
6.53056
6.5345
6.53849
6.54256
6.54667
6.55084
6.55507
6.55936
6.56369
6.56809
6.57253
6.57702
6.58157
6.58617
6.59082
6.59553
6.6003
6.60513
6.61003
6.615
6.62006
6.62521
6.63045
6.6358
6.64129
6.64693
6.65233
6.65716
6.66757
6.37372
6.37449
6.37537
6.37627
6.37721
6.37818
6.37919
6.38023
6.38131
6.38241
6.38356
6.38473
6.38594
6.38718
6.38846
6.38977
6.39112
6.3925
6.39392
6.39537
6.39687
6.39839
6.39997
6.40157
6.40323
6.40492
6.40666
6.40843
6.41026
6.41213
6.41405
6.41601
6.41803
6.4201
6.42222
6.42439
6.42662
6.4289
6.43124
6.43363
6.43608
6.43859
6.44117
6.4438
6.44649
6.44925
6.45207
6.45495
6.4579
6.4609
6.46398
6.46712
6.47033
6.47359
6.47693
6.48033
6.48379
6.48732
6.49092
6.49457
6.4983
6.50209
6.50594
6.50985
6.51383
6.51787
6.52197
6.52613
6.53036
6.53464
6.53898
6.54338
6.54783
6.55234
6.55692
6.56154
6.56623
6.57097
6.57577
6.58063
6.58556
6.59055
6.59561
6.60075
6.60596
6.61126
6.61666
6.62215
6.62775
6.63347
6.63932
6.64529
6.65141
6.65766
6.66408
6.67068
6.67741
6.68377
6.68967
6.70203
6.36238
6.36308
6.36382
6.3646
6.36542
6.36628
6.36719
6.36814
6.36914
6.37017
6.37126
6.37239
6.37357
6.37479
6.37607
6.37739
6.37876
6.38018
6.38166
6.38318
6.38476
6.38639
6.38808
6.38982
6.39162
6.39348
6.3954
6.39738
6.39943
6.40153
6.4037
6.40593
6.40824
6.4106
6.41305
6.41555
6.41814
6.42079
6.42351
6.42631
6.42919
6.43213
6.43516
6.43826
6.44144
6.4447
6.44804
6.45145
6.45494
6.45851
6.46216
6.46588
6.46969
6.47356
6.47753
6.48156
6.48567
6.48986
6.49413
6.49846
6.50288
6.50736
6.51193
6.51656
6.52127
6.52604
6.53089
6.53581
6.5408
6.54586
6.55099
6.55619
6.56146
6.5668
6.57221
6.5777
6.58326
6.58889
6.5946
6.60039
6.60627
6.61222
6.61826
6.62439
6.63062
6.63693
6.64334
6.64985
6.65645
6.66315
6.66995
6.67684
6.68382
6.69088
6.69804
6.7053
6.71251
6.71915
6.72595
6.74038
6.3361
6.33661
6.33704
6.3375
6.33805
6.33867
6.33937
6.34013
6.34097
6.34188
6.34288
6.34395
6.3451
6.34633
6.34765
6.34904
6.35053
6.35209
6.35376
6.3555
6.35734
6.35927
6.3613
6.36341
6.36564
6.36795
6.37038
6.37289
6.37552
6.37825
6.38109
6.38403
6.38709
6.39025
6.39353
6.39691
6.40042
6.40402
6.40776
6.41159
6.41556
6.41962
6.42382
6.42812
6.43254
6.43707
6.44173
6.44649
6.45137
6.45636
6.46147
6.46668
6.47201
6.47744
6.483
6.48864
6.49441
6.50027
6.50624
6.51231
6.51849
6.52475
6.53113
6.53759
6.54415
6.5508
6.55755
6.56438
6.5713
6.5783
6.58539
6.59255
6.5998
6.60712
6.61452
6.62198
6.62951
6.63711
6.64477
6.65249
6.66027
6.66809
6.67597
6.6839
6.69187
6.69988
6.70793
6.71602
6.72414
6.73229
6.74048
6.74869
6.75693
6.7652
6.77351
6.78183
6.78999
6.79799
6.80706
6.81885
6.29608
6.29615
6.29603
6.29606
6.29627
6.29664
6.29717
6.29786
6.29872
6.29974
6.30093
6.30228
6.30381
6.30549
6.30736
6.30938
6.31159
6.31396
6.31652
6.31923
6.32214
6.3252
6.32845
6.33186
6.33547
6.33923
6.34318
6.34728
6.35158
6.35604
6.36068
6.36547
6.37046
6.37559
6.38091
6.38638
6.39202
6.39782
6.40379
6.4099
6.41618
6.4226
6.42919
6.43591
6.44279
6.4498
6.45696
6.46424
6.47167
6.47921
6.4869
6.49469
6.50261
6.51064
6.51879
6.52704
6.5354
6.54385
6.55241
6.56104
6.56978
6.57859
6.58749
6.59646
6.6055
6.61461
6.62378
6.63301
6.6423
6.65163
6.66101
6.67043
6.67989
6.68938
6.69891
6.70846
6.71803
6.72762
6.73723
6.74685
6.75648
6.76611
6.77576
6.7854
6.79506
6.80471
6.81438
6.82405
6.83373
6.84342
6.85313
6.86287
6.87263
6.88244
6.89229
6.90216
6.9119
6.92153
6.93227
6.94574
6.25648
6.25581
6.25483
6.25411
6.25371
6.25357
6.25371
6.25411
6.2548
6.25574
6.25698
6.25848
6.26028
6.26234
6.2647
6.26732
6.27024
6.27342
6.2769
6.28064
6.28467
6.28897
6.29355
6.29839
6.30352
6.3089
6.31456
6.32046
6.32664
6.33305
6.33974
6.34665
6.35382
6.36121
6.36885
6.3767
6.38479
6.39307
6.40159
6.41029
6.41921
6.4283
6.4376
6.44706
6.4567
6.4665
6.47647
6.48658
6.49685
6.50725
6.51779
6.52844
6.53922
6.5501
6.56109
6.57217
6.58336
6.59461
6.60595
6.61734
6.62881
6.64032
6.6519
6.6635
6.67515
6.68682
6.69852
6.71023
6.72196
6.73369
6.74542
6.75714
6.76886
6.78056
6.79224
6.80389
6.81552
6.82711
6.83868
6.8502
6.86168
6.87312
6.88451
6.89586
6.90716
6.91842
6.92964
6.94081
6.95195
6.96306
6.97414
6.9852
6.99626
7.00732
7.01839
7.02945
7.04036
7.0512
7.06318
7.07749
6.2191
6.21753
6.21556
6.214
6.2129
6.21221
6.21193
6.21206
6.21261
6.21358
6.21498
6.21678
6.21903
6.22168
6.22477
6.22827
6.2322
6.23653
6.24129
6.24644
6.25201
6.25796
6.26433
6.27106
6.27819
6.28567
6.29354
6.30175
6.31032
6.31922
6.32846
6.33801
6.34788
6.35804
6.36851
6.37923
6.39024
6.40149
6.413
6.42473
6.4367
6.44886
6.46124
6.47378
6.48652
6.49941
6.51246
6.52563
6.53895
6.55237
6.56591
6.57953
6.59324
6.60702
6.62087
6.63475
6.64869
6.66265
6.67664
6.69063
6.70463
6.71861
6.73259
6.74654
6.76047
6.77434
6.78818
6.80196
6.81569
6.82935
6.84294
6.85645
6.86989
6.88324
6.8965
6.90966
6.92273
6.9357
6.94856
6.96132
6.97396
6.98649
6.99891
7.01121
7.02341
7.03549
7.04746
7.05932
7.07108
7.08275
7.09433
7.10583
7.11726
7.12865
7.14001
7.15131
7.16244
7.17354
7.18572
7.19961
6.18506
6.18236
6.1792
6.1766
6.17464
6.17324
6.17242
6.17217
6.17252
6.17346
6.175
6.17712
6.17985
6.18316
6.18708
6.19156
6.19665
6.20229
6.20852
6.21529
6.22262
6.23048
6.23888
6.24778
6.2572
6.26709
6.27747
6.28829
6.29957
6.31126
6.32337
6.33586
6.34874
6.36195
6.37552
6.38938
6.40357
6.41802
6.43275
6.4477
6.4629
6.47828
6.49387
6.50961
6.52552
6.54154
6.5577
6.57394
6.59028
6.60667
6.62312
6.63959
6.6561
6.6726
6.6891
6.70557
6.72201
6.7384
6.75474
6.771
6.78719
6.80328
6.81928
6.83517
6.85096
6.86661
6.88215
6.89754
6.91279
6.92789
6.94284
6.95762
6.97224
6.9867
7.00098
7.01509
7.02902
7.04277
7.05634
7.06971
7.0829
7.0959
7.1087
7.12131
7.13373
7.14596
7.158
7.16986
7.18154
7.19304
7.20439
7.21559
7.22665
7.2376
7.24846
7.25921
7.26977
7.28032
7.29183
7.30435
6.15688
6.15291
6.14847
6.14474
6.14181
6.13963
6.13821
6.13754
6.13767
6.13858
6.1403
6.1428
6.14611
6.1502
6.15509
6.16075
6.16719
6.17437
6.18231
6.19096
6.20035
6.21041
6.22117
6.23255
6.24459
6.25721
6.27043
6.28419
6.2985
6.31329
6.32858
6.34429
6.36044
6.37696
6.39387
6.4111
6.42865
6.44645
6.46453
6.48282
6.50132
6.51997
6.53878
6.5577
6.57672
6.5958
6.61494
6.63409
6.65325
6.67239
6.6915
6.71054
6.72952
6.7484
6.76719
6.78584
6.80437
6.82275
6.84098
6.85903
6.8769
6.89457
6.91204
6.92931
6.94636
6.96319
6.97978
6.99614
7.01226
7.02813
7.04376
7.05912
7.07423
7.08907
7.10364
7.11795
7.13199
7.14576
7.15925
7.17247
7.18542
7.19809
7.21049
7.22261
7.23447
7.24606
7.25739
7.26846
7.27929
7.28987
7.30023
7.31037
7.32032
7.3301
7.33973
7.34921
7.35849
7.36778
7.37784
7.38829
6.137
6.13149
6.12566
6.12071
6.11671
6.11365
6.11153
6.11038
6.11023
6.11108
6.11295
6.11583
6.11975
6.12466
6.13059
6.1375
6.1454
6.15425
6.16405
6.17474
6.18635
6.19878
6.21207
6.22613
6.24098
6.25652
6.27278
6.28965
6.30716
6.3252
6.34381
6.36287
6.3824
6.40231
6.42261
6.44321
6.46413
6.48526
6.50663
6.52814
6.54981
6.57156
6.59339
6.61524
6.63712
6.65895
6.68074
6.70245
6.72406
6.74554
6.76687
6.78803
6.809
6.82976
6.8503
6.8706
6.89065
6.91043
6.92994
6.94915
6.96807
6.98667
7.00496
7.02293
7.04056
7.05786
7.07482
7.09143
7.10769
7.1236
7.13916
7.15436
7.16921
7.1837
7.19784
7.21162
7.22504
7.23811
7.25084
7.26321
7.27524
7.28693
7.29827
7.30929
7.31997
7.33033
7.34037
7.3501
7.35953
7.36867
7.37754
7.38614
7.39451
7.40267
7.41064
7.41842
7.42601
7.43361
7.44175
7.44982
6.12749
6.12062
6.11325
6.10695
6.10184
6.09783
6.09496
6.09325
6.09275
6.09348
6.09547
6.0987
6.10321
6.10896
6.11597
6.12419
6.13364
6.14424
6.15602
6.16889
6.18286
6.19784
6.21383
6.23074
6.24855
6.26716
6.28657
6.30666
6.32745
6.34881
6.37075
6.39315
6.41602
6.43925
6.46284
6.48668
6.51077
6.53503
6.55944
6.58391
6.60844
6.63295
6.65743
6.68182
6.70612
6.73025
6.75423
6.77798
6.80152
6.82479
6.84778
6.87046
6.89282
6.91484
6.9365
6.95778
6.97868
6.99918
7.01926
7.03893
7.05817
7.07697
7.09534
7.11326
7.13074
7.14777
7.16435
7.18049
7.19617
7.21141
7.22621
7.24057
7.25448
7.26797
7.28102
7.29365
7.30586
7.31765
7.32904
7.34003
7.35062
7.36082
7.37064
7.38009
7.38917
7.3979
7.40627
7.41432
7.42203
7.42944
7.43654
7.44337
7.44995
7.45629
7.46242
7.46836
7.47412
7.47988
7.48598
7.49173
6.12804
6.1212
6.11337
6.10589
6.09956
6.09454
6.09084
6.08849
6.08757
6.0881
6.09014
6.09368
6.09875
6.10532
6.11341
6.12295
6.13397
6.14636
6.16015
6.17522
6.19158
6.2091
6.22778
6.24747
6.26819
6.28978
6.31224
6.33543
6.35935
6.38385
6.40894
6.43447
6.46044
6.48671
6.51329
6.54004
6.56697
6.59396
6.621
6.648
6.67495
6.70175
6.72841
6.75484
6.78103
6.80692
6.83249
6.8577
6.88254
6.90695
6.93094
6.95446
6.97752
7.00008
7.02213
7.04367
7.06468
7.08515
7.10509
7.12447
7.14331
7.1616
7.17934
7.19653
7.21317
7.22927
7.24484
7.25987
7.27437
7.28835
7.30182
7.31479
7.32726
7.33924
7.35075
7.36179
7.37236
7.3825
7.39219
7.40146
7.41031
7.41875
7.4268
7.43447
7.44176
7.4487
7.45528
7.46154
7.46747
7.47309
7.47842
7.48349
7.4883
7.49288
7.49727
7.50147
7.50551
7.50953
7.51374
7.51747
6.14145
6.13357
6.12545
6.11779
6.11053
6.10427
6.09953
6.09641
6.09496
6.0952
6.09721
6.10097
6.10654
6.11386
6.12297
6.13378
6.1463
6.16042
6.17614
6.19333
6.21198
6.23192
6.25316
6.27552
6.29901
6.32345
6.34883
6.37498
6.40186
6.42934
6.45736
6.48579
6.5146
6.54364
6.57289
6.60222
6.6316
6.66093
6.69017
6.71922
6.74806
6.77661
6.80484
6.83268
6.86011
6.88707
6.91355
6.9395
6.96491
6.98973
7.01397
7.03758
7.06058
7.08294
7.10465
7.12571
7.14612
7.16587
7.18496
7.2034
7.22118
7.23832
7.25482
7.27069
7.28594
7.30058
7.31461
7.32806
7.34093
7.35323
7.36498
7.3762
7.38689
7.39707
7.40676
7.41597
7.42471
7.433
7.44085
7.44828
7.4553
7.46192
7.46817
7.47405
7.47958
7.48478
7.48965
7.49421
7.49848
7.50248
7.50621
7.50971
7.51298
7.51605
7.51894
7.52167
7.52428
7.52686
7.5295
7.5317
6.16687
6.15785
6.14868
6.1404
6.13307
6.12638
6.12075
6.11686
6.11485
6.11476
6.11666
6.12055
6.12651
6.13449
6.14451
6.15649
6.17043
6.1862
6.20379
6.22304
6.24392
6.26626
6.29002
6.31501
6.3412
6.36838
6.39652
6.42542
6.45504
6.48519
6.51583
6.54679
6.57801
6.60936
6.64079
6.67215
6.70341
6.73445
6.76524
6.79567
6.82571
6.85527
6.88435
6.91285
6.94076
6.96804
6.99466
7.02058
7.0458
7.07029
7.09403
7.11702
7.13925
7.16071
7.18141
7.20134
7.22052
7.23894
7.25661
7.27355
7.28977
7.30527
7.32008
7.33421
7.34767
7.36049
7.37267
7.38424
7.39522
7.40562
7.41546
7.42477
7.43355
7.44183
7.44964
7.45698
7.46387
7.47034
7.47639
7.48206
7.48735
7.49228
7.49687
7.50114
7.50509
7.50876
7.51215
7.51527
7.51815
7.52079
7.52323
7.52546
7.52751
7.5294
7.53115
7.53278
7.53431
7.53581
7.5373
7.53845
6.20204
6.19211
6.18215
6.17301
6.16508
6.15835
6.15259
6.14818
6.14576
6.14546
6.14737
6.15151
6.15795
6.16666
6.17766
6.19086
6.20625
6.22368
6.24312
6.26439
6.28744
6.31206
6.33819
6.36561
6.39426
6.42391
6.45448
6.48578
6.51772
6.55012
6.58288
6.61585
6.64894
6.68201
6.71498
6.74772
6.78018
6.81224
6.84386
6.87493
6.90542
6.93526
6.96442
6.99283
7.02048
7.04732
7.07334
7.09852
7.12285
7.1463
7.16889
7.19061
7.21146
7.23145
7.25058
7.26886
7.28632
7.30296
7.3188
7.33386
7.34816
7.36172
7.37456
7.3867
7.39818
7.409
7.4192
7.42879
7.43781
7.44627
7.45419
7.46161
7.46853
7.475
7.48102
7.48662
7.49181
7.49663
7.50108
7.50519
7.50898
7.51246
7.51566
7.51858
7.52125
7.52368
7.52589
7.52789
7.5297
7.53133
7.53279
7.53411
7.53529
7.53636
7.53732
7.53819
7.539
7.53978
7.54052
7.54104
6.24415
6.23369
6.22332
6.21371
6.20525
6.19823
6.1926
6.18831
6.18583
6.18558
6.18773
6.19229
6.19937
6.20893
6.221
6.23547
6.25234
6.27142
6.29268
6.31589
6.34099
6.36773
6.39603
6.42564
6.45645
6.48823
6.52087
6.55415
6.58795
6.62207
6.65642
6.6908
6.72513
6.75925
6.79309
6.82651
6.85944
6.89178
6.92348
6.95444
6.98464
7.014
7.0425
7.0701
7.09677
7.1225
7.14727
7.17107
7.19391
7.21577
7.23667
7.25661
7.27562
7.2937
7.31087
7.32716
7.34258
7.35717
7.37094
7.38392
7.39614
7.40763
7.41841
7.42852
7.43798
7.44682
7.45507
7.46275
7.4699
7.47653
7.48268
7.48837
7.49363
7.49848
7.50293
7.50703
7.51078
7.51421
7.51734
7.52018
7.52276
7.5251
7.52721
7.5291
7.5308
7.53232
7.53367
7.53487
7.53592
7.53685
7.53767
7.53838
7.539
7.53954
7.54001
7.54043
7.5408
7.54116
7.54147
7.54166
6.2892
6.27877
6.26851
6.25896
6.2505
6.24346
6.2381
6.2343
6.23225
6.23246
6.23519
6.24049
6.24846
6.25909
6.2724
6.28828
6.3067
6.32749
6.35054
6.37564
6.40267
6.43138
6.46162
6.49314
6.52579
6.55932
6.59359
6.62834
6.66347
6.69874
6.73405
6.7692
6.80409
6.83857
6.87256
6.90592
6.93859
6.97048
7.00153
7.03167
7.06087
7.08908
7.11627
7.14243
7.16754
7.19159
7.21458
7.23651
7.2574
7.27726
7.2961
7.31395
7.33082
7.34675
7.36176
7.37588
7.38915
7.40159
7.41323
7.42411
7.43427
7.44373
7.45253
7.46069
7.46826
7.47527
7.48173
7.4877
7.49318
7.49822
7.50283
7.50705
7.5109
7.5144
7.51758
7.52046
7.52307
7.52541
7.52751
7.5294
7.53107
7.53257
7.53389
7.53505
7.53607
7.53697
7.53774
7.53841
7.53898
7.53947
7.53989
7.54024
7.54053
7.54078
7.54099
7.54116
7.54131
7.54145
7.54156
7.5416
6.33247
6.32281
6.31333
6.30452
6.29675
6.29032
6.28557
6.28268
6.28172
6.28292
6.28664
6.29301
6.30218
6.31412
6.32887
6.34631
6.36639
6.38891
6.41376
6.44068
6.46951
6.49999
6.53193
6.56505
6.59918
6.63403
6.66945
6.70518
6.74108
6.77691
6.81256
6.84783
6.88263
6.9168
6.95027
6.98291
7.01467
7.04546
7.07525
7.10398
7.13162
7.15815
7.18355
7.20781
7.23093
7.25293
7.27381
7.29358
7.31228
7.32992
7.34653
7.36215
7.3768
7.39052
7.40335
7.41532
7.42647
7.43683
7.44645
7.45536
7.4636
7.4712
7.47821
7.48465
7.49055
7.49596
7.5009
7.5054
7.50949
7.51321
7.51657
7.5196
7.52234
7.52479
7.52698
7.52894
7.53068
7.53222
7.53359
7.53478
7.53583
7.53674
7.53753
7.53821
7.53879
7.53929
7.53971
7.54006
7.54035
7.54059
7.54079
7.54095
7.54108
7.54118
7.54126
7.54132
7.54138
7.54142
7.54145
7.54145
6.36991
6.36152
6.35335
6.34591
6.33952
6.33447
6.33107
6.32964
6.33027
6.33309
6.33843
6.34645
6.3573
6.37097
6.38749
6.40674
6.42865
6.45301
6.47967
6.50836
6.53888
6.57094
6.60434
6.63875
6.67398
6.70974
6.74585
6.78204
6.81816
6.85398
6.88938
6.92419
6.95829
6.99156
7.02393
7.05529
7.0856
7.11479
7.14284
7.16971
7.19539
7.21986
7.24314
7.26522
7.28612
7.30586
7.32447
7.34197
7.35839
7.37377
7.38815
7.40157
7.41405
7.42566
7.43641
7.44637
7.45557
7.46404
7.47184
7.479
7.48555
7.49154
7.49701
7.50198
7.50649
7.51058
7.51427
7.5176
7.52058
7.52326
7.52565
7.52778
7.52967
7.53134
7.53281
7.53411
7.53524
7.53622
7.53707
7.53781
7.53844
7.53897
7.53943
7.53981
7.54013
7.54039
7.54061
7.54078
7.54093
7.54104
7.54113
7.54119
7.54125
7.54129
7.54132
7.54134
7.54136
7.54137
7.54137
7.54137
6.39926
6.39204
6.38524
6.3794
6.37475
6.37153
6.37002
6.37051
6.37321
6.3782
6.38571
6.39587
6.40883
6.42458
6.44316
6.46443
6.48831
6.51456
6.54303
6.57341
6.6055
6.63895
6.67354
6.70894
6.74494
6.78122
6.81761
6.85383
6.88972
6.92509
6.9598
6.9937
7.0267
7.05867
7.08958
7.11933
7.14789
7.17523
7.20133
7.22617
7.24976
7.2721
7.29321
7.3131
7.33181
7.34936
7.3658
7.38115
7.39545
7.40875
7.4211
7.43253
7.44308
7.45282
7.46177
7.46999
7.47751
7.48439
7.49065
7.49635
7.50151
7.50619
7.51041
7.5142
7.51761
7.52066
7.52338
7.5258
7.52795
7.52985
7.53152
7.53299
7.53427
7.53538
7.53635
7.53718
7.5379
7.53851
7.53903
7.53947
7.53983
7.54014
7.54039
7.5406
7.54077
7.54091
7.54101
7.5411
7.54117
7.54122
7.54126
7.54129
7.54131
7.54132
7.54134
7.54134
7.54135
7.54135
7.54135
7.54135
6.42114
6.4146
6.40879
6.40435
6.40143
6.40016
6.4008
6.4036
6.40877
6.41639
6.42658
6.43943
6.45506
6.47345
6.49458
6.51832
6.54454
6.573
6.60349
6.63571
6.66939
6.70421
6.7399
6.77613
6.81268
6.84923
6.88559
6.92152
6.95688
6.99146
7.02516
7.05784
7.08944
7.11985
7.14906
7.17699
7.20364
7.22897
7.25301
7.27574
7.29719
7.31737
7.33631
7.35405
7.37062
7.38605
7.4004
7.41371
7.42602
7.43739
7.44785
7.45746
7.46627
7.47432
7.48166
7.48834
7.4944
7.49989
7.50483
7.50929
7.51329
7.51687
7.52006
7.52291
7.52543
7.52766
7.52962
7.53134
7.53285
7.53417
7.53531
7.53629
7.53714
7.53786
7.53848
7.539
7.53945
7.53981
7.54012
7.54037
7.54058
7.54075
7.54089
7.541
7.54108
7.54115
7.5412
7.54124
7.54127
7.5413
7.54131
7.54133
7.54134
7.54134
7.54135
7.54135
7.54135
7.54135
7.54136
7.54136
6.43599
6.42961
6.42423
6.42071
6.41907
6.41934
6.42171
6.42639
6.43357
6.4433
6.45567
6.47072
6.48854
6.50909
6.53232
6.55807
6.58619
6.61641
6.64851
6.68215
6.71706
6.75287
6.78932
6.82607
6.86287
6.89944
6.93559
6.97109
7.0058
7.03955
7.07227
7.10383
7.13418
7.16325
7.19103
7.21747
7.24258
7.26635
7.28879
7.30991
7.32975
7.34833
7.36568
7.38185
7.39687
7.4108
7.42367
7.43553
7.44645
7.45646
7.46561
7.47396
7.48156
7.48846
7.4947
7.50033
7.50539
7.50993
7.51399
7.51761
7.52082
7.52367
7.52618
7.52839
7.53032
7.53201
7.53348
7.53475
7.53584
7.53678
7.53758
7.53826
7.53883
7.53931
7.53971
7.54004
7.54031
7.54054
7.54072
7.54086
7.54098
7.54107
7.54114
7.5412
7.54124
7.54127
7.5413
7.54131
7.54133
7.54134
7.54134
7.54135
7.54135
7.54135
7.54136
7.54136
7.54136
7.54136
7.54136
7.54136
6.443
6.43658
6.43137
6.42863
6.42822
6.43011
6.43446
6.44143
6.45118
6.46371
6.47911
6.49736
6.51851
6.54241
6.56901
6.59803
6.62931
6.66248
6.6973
6.73335
6.77036
6.80792
6.84578
6.88355
6.92106
6.958
6.99422
7.02949
7.06374
7.0968
7.12862
7.15909
7.1882
7.21588
7.24215
7.26696
7.29036
7.31233
7.33291
7.35212
7.37001
7.3866
7.40197
7.41614
7.42918
7.44113
7.45207
7.46204
7.4711
7.47931
7.48674
7.49342
7.49942
7.5048
7.50959
7.51385
7.51763
7.52097
7.5239
7.52647
7.52872
7.53068
7.53237
7.53383
7.53509
7.53616
7.53708
7.53785
7.5385
7.53904
7.5395
7.53987
7.54018
7.54043
7.54063
7.5408
7.54093
7.54103
7.54111
7.54117
7.54122
7.54126
7.54129
7.54131
7.54132
7.54133
7.54134
7.54135
7.54135
7.54136
7.54136
7.54136
7.54136
7.54136
7.54136
7.54136
7.54136
7.54136
7.54136
7.54136
)
;

boundaryField
{
    jetInlet
    {
        type            zeroGradient;
    }
    returnOutlet
    {
        type            fixedValue;
        value           uniform 0;
    }
    flatBed
    {
        type            zeroGradient;
    }
    slope
    {
        type            zeroGradient;
    }
    top
    {
        type            symmetryPlane;
    }
    frontAndBack
    {
        type            empty;
    }
    defaultFaces
    {
        type            empty;
    }
}


// ************************************************************************* //
