/*--------------------------------*- C++ -*----------------------------------*\
| =========                 |                                                 |
| \\      /  F ield         | OpenFOAM: The Open Source CFD Toolbox           |
|  \\    /   O peration     | Version:  2206                                  |
|   \\  /    A nd           | Website:  www.openfoam.com                      |
|    \\/     M anipulation  |                                                 |
\*---------------------------------------------------------------------------*/
FoamFile
{
    version     2.0;
    format      ascii;
    arch        "LSB;label=32;scalar=64";
    class       volScalarField;
    location    "900";
    object      epsilon;
}
// * * * * * * * * * * * * * * * * * * * * * * * * * * * * * * * * * * * * * //

dimensions      [0 2 -3 0 0 0 0];

internalField   nonuniform List<scalar> 
10000
(
3.17891
3.2439
3.30408
3.35893
3.40767
3.44961
3.48428
3.51185
3.5284
3.52353
3.49496
3.44144
3.36274
3.2596
3.13364
2.98724
2.8234
2.64558
2.45752
2.26314
2.06632
1.8708
1.68
1.49695
1.32414
1.16345
1.01614
0.88287
0.76373
0.658349
0.566001
0.485716
0.416386
0.356848
0.305951
0.262601
0.225786
0.19459
0.168196
0.145881
0.127018
0.111063
0.0975497
0.0860853
0.0763405
0.0680437
0.0609733
0.0549503
0.0498309
0.0454987
0.0418578
0.0388266
0.0363328
0.0343107
0.0326994
0.0314426
0.0304896
0.0297961
0.0293241
0.0290423
0.0289253
0.028953
0.0291095
0.0293826
0.0297628
0.0302426
0.0308097
0.0314361
0.0321167
0.0328474
0.033625
0.0344474
0.0353133
0.036223
0.0371783
0.0381829
0.0392435
0.0403699
0.0415475
0.0427573
0.043995
0.0452569
0.046539
0.0478373
0.0491468
0.0504623
0.0517773
0.0530837
0.0543717
0.0556282
0.0568363
0.0579732
0.0590083
0.0599016
0.0606046
0.0610633
0.061223
0.0610945
0.0611455
0.0640271
1.7078
1.71899
1.72652
1.73128
1.73266
1.73093
1.72637
1.71933
1.70847
1.68994
1.66276
1.62637
1.58053
1.52536
1.46135
1.38931
1.31033
1.22575
1.13709
1.04595
0.953972
0.862749
0.773786
0.688424
0.607786
0.532748
0.463908
0.401593
0.345871
0.296593
0.253436
0.215957
0.18364
0.155941
0.132317
0.112252
0.0952704
0.0809416
0.0688838
0.0587617
0.0502832
0.0431959
0.0372828
0.0323588
0.0282668
0.0248749
0.0220727
0.0197683
0.017886
0.0163626
0.0151454
0.0141893
0.0134559
0.0129112
0.0125256
0.0122731
0.0121314
0.0120817
0.0121085
0.0121993
0.0123442
0.0125351
0.0127659
0.0130317
0.0133286
0.0136536
0.0140047
0.0143707
0.0147505
0.0151438
0.0155507
0.015972
0.0164089
0.0168633
0.0173379
0.0178359
0.0183616
0.0189203
0.0195076
0.0201226
0.0207679
0.0214465
0.0221624
0.0229201
0.0237247
0.0245825
0.0255009
0.0264888
0.0275566
0.0287171
0.0299859
0.0313824
0.032931
0.0346635
0.036622
0.0388707
0.0415501
0.0449809
0.0494753
0.0538811
1.66291
1.67277
1.68066
1.68728
1.6925
1.69658
1.69945
1.70064
1.69927
1.69196
1.67698
1.65313
1.6196
1.57606
1.5226
1.4598
1.38857
1.31014
1.22595
1.13759
1.04672
0.955003
0.864051
0.775366
0.69028
0.609907
0.535107
0.466463
0.404279
0.348604
0.299273
0.25595
0.218187
0.185476
0.157284
0.13309
0.112406
0.0947852
0.0798287
0.0671831
0.0565373
0.0476171
0.0401815
0.0340176
0.0289375
0.0247761
0.0213887
0.01865
0.0164521
0.0147036
0.0133273
0.0122591
0.0114453
0.0108413
0.0104099
0.0101201
0.00994565
0.00986505
0.00986047
0.00991746
0.0100245
0.0101725
0.0103544
0.0105646
0.0107989
0.0110543
0.0113269
0.0116134
0.011913
0.0122256
0.0125514
0.0128914
0.0132467
0.0136191
0.0140105
0.0144234
0.0148605
0.0153246
0.0158168
0.0163382
0.0168922
0.0174829
0.0181144
0.018792
0.0195212
0.0203086
0.0211619
0.0220897
0.0231025
0.0242125
0.0254342
0.0267857
0.0282897
0.0299748
0.0318783
0.0340512
0.0365776
0.0395992
0.0431867
0.0466938
1.85453
1.86905
1.88423
1.90038
1.91727
1.93492
1.95283
1.96991
1.9848
1.99377
1.99375
1.98261
1.95891
1.92193
1.87161
1.80853
1.73375
1.64873
1.55518
1.45499
1.35012
1.24254
1.13421
1.02698
0.922583
0.822526
0.728076
0.640196
0.559522
0.486367
0.420747
0.362434
0.311015
0.26596
0.226681
0.192577
0.163071
0.137632
0.115778
0.0970846
0.0811744
0.0677125
0.0563995
0.0469646
0.039161
0.0327626
0.0275626
0.0233738
0.0200285
0.0173798
0.0153013
0.0136861
0.0124458
0.0115079
0.0108136
0.0103153
0.00997437
0.00975943
0.00964509
0.0096108
0.00964016
0.00972021
0.00984089
0.00999445
0.010175
0.010378
0.0105991
0.0108361
0.0110878
0.0113535
0.0116333
0.0119274
0.0122368
0.0125625
0.0129059
0.0132687
0.0136526
0.0140597
0.014492
0.0149499
0.015436
0.0159529
0.0165034
0.0170906
0.0177176
0.0183878
0.0191047
0.0198717
0.0206926
0.0215706
0.022509
0.0235104
0.0245765
0.0257076
0.0269013
0.0281523
0.0294563
0.0308159
0.0322176
0.0336517
2.1443
2.16666
2.19308
2.2237
2.25808
2.2958
2.33563
2.37561
2.41323
2.44407
2.46322
2.46738
2.45439
2.4232
2.37378
2.30694
2.22416
2.12737
2.01879
1.90076
1.77567
1.64588
1.51371
1.38139
1.25104
1.12461
1.00381
0.89005
0.784376
0.687445
0.59953
0.520562
0.450198
0.387902
0.333022
0.284858
0.24272
0.205962
0.173997
0.146308
0.122437
0.10198
0.0845732
0.0698883
0.0576185
0.0474744
0.0391809
0.0324766
0.0271164
0.0228752
0.0195519
0.0169711
0.0149851
0.0134717
0.0123322
0.0114879
0.0108766
0.0104487
0.0101654
0.00999567
0.00991497
0.00990408
0.00994804
0.0100354
0.0101574
0.0103066
0.0104783
0.0106694
0.0108777
0.011102
0.0113414
0.0115958
0.0118652
0.0121503
0.0124516
0.0127702
0.0131072
0.0134637
0.0138411
0.0142398
0.0146605
0.0151046
0.0155731
0.0160671
0.0165872
0.017134
0.0177074
0.0183071
0.0189316
0.0195787
0.0202448
0.0209248
0.0216119
0.0222977
0.0229724
0.023628
0.0242668
0.0249152
0.0256455
0.0266931
2.48426
2.51725
2.55867
2.60878
2.66707
2.73235
2.80229
2.87353
2.94199
3.00161
3.0453
3.06831
3.06773
3.04233
2.99238
2.91928
2.82525
2.71301
2.58552
2.44577
2.29665
2.14096
1.98131
1.82027
1.66024
1.50355
1.35233
1.20842
1.07334
0.948158
0.833473
0.729456
0.635897
0.552295
0.477958
0.412091
0.353884
0.302564
0.257428
0.217854
0.183297
0.15328
0.127382
0.105223
0.0864507
0.0707269
0.0577212
0.0471062
0.0385594
0.0317678
0.0264366
0.0222971
0.0191132
0.0166849
0.0148482
0.0134717
0.0124522
0.0117094
0.0111811
0.0108191
0.0105859
0.0104526
0.0103968
0.0104012
0.0104519
0.0105388
0.0106553
0.0107966
0.0109593
0.0111408
0.0113396
0.0115547
0.0117856
0.012032
0.012294
0.012572
0.0128664
0.0131778
0.0135066
0.0138535
0.0142179
0.0146
0.0149997
0.0154167
0.0158504
0.0162997
0.0167631
0.0172382
0.0177219
0.0182101
0.0186976
0.0191781
0.0196446
0.0200893
0.0205058
0.0208917
0.0212561
0.0216278
0.0220648
0.0227265
2.84099
2.88749
2.94811
3.02374
3.11397
3.21637
3.32686
3.44008
3.54965
3.64649
3.72092
3.76653
3.77981
3.75974
3.70731
3.62502
3.51627
3.38495
3.23505
3.0704
2.89452
2.7106
2.52153
2.33
2.13861
1.94985
1.76616
1.58976
1.42261
1.26622
1.1216
0.989233
0.869124
0.760877
0.663802
0.577036
0.499658
0.430775
0.369567
0.315305
0.267355
0.225169
0.188269
0.156237
0.128688
0.105258
0.0855845
0.0693002
0.0560262
0.0453742
0.0369555
0.0303945
0.0253429
0.0214923
0.0185809
0.0163948
0.0147646
0.0135589
0.0126772
0.0120431
0.0115984
0.0112986
0.01111
0.0110071
0.010968
0.010979
0.0110302
0.0111142
0.0112259
0.0113611
0.0115173
0.0116923
0.011885
0.0120944
0.0123199
0.0125614
0.0128188
0.013092
0.0133811
0.0136861
0.0140068
0.0143423
0.0146917
0.015054
0.0154281
0.0158123
0.0162044
0.0166016
0.0170004
0.0173966
0.0177851
0.01816
0.0185151
0.0188442
0.0191423
0.0194081
0.0196479
0.0198797
0.020135
0.0204987
3.18498
3.24824
3.3334
3.44275
3.57583
3.72805
3.89264
4.06145
4.22483
4.36833
4.47943
4.55017
4.57703
4.55992
4.50135
4.40552
4.27758
4.12298
3.94704
3.7546
3.54989
3.33649
3.11742
2.89535
2.67279
2.45219
2.23605
2.02682
1.82681
1.63796
1.46173
1.29898
1.15003
1.01467
0.892277
0.781971
0.682748
0.593617
0.513663
0.442069
0.378117
0.321192
0.270768
0.226394
0.187668
0.154215
0.125667
0.101649
0.0817579
0.0655647
0.0526118
0.0424272
0.034544
0.028523
0.0239726
0.0205602
0.0180158
0.0161279
0.0147343
0.0137131
0.0129728
0.0124449
0.0120779
0.0118331
0.0116786
0.0115946
0.0115662
0.0115825
0.0116355
0.0117193
0.0118294
0.0119627
0.012117
0.0122906
0.0124824
0.0126914
0.0129171
0.0131592
0.0134171
0.0136906
0.0139794
0.0142825
0.0145985
0.0149258
0.0152631
0.0156083
0.0159591
0.0163126
0.0166653
0.017013
0.0173506
0.0176727
0.0179731
0.0182459
0.0184854
0.0186883
0.018856
0.0189958
0.0191203
0.01927
3.49075
3.57524
3.69312
3.84877
4.04073
4.2602
4.49634
4.73716
4.96816
5.16622
5.31641
5.41037
5.44593
5.42528
5.3535
5.2373
5.08409
4.9012
4.69544
4.47272
4.23797
3.99506
3.74701
3.49622
3.2448
2.99489
2.74872
2.50872
2.27735
2.05691
1.84928
1.65575
1.47702
1.31325
1.16393
1.02821
0.905066
0.793454
0.692421
0.601103
0.518722
0.444611
0.37821
0.319051
0.266724
0.220857
0.181094
0.147075
0.118413
0.094675
0.075381
0.0600001
0.0479691
0.0387192
0.0317092
0.0264543
0.0225439
0.0196474
0.0175082
0.0159325
0.0147762
0.0139332
0.0133249
0.0128898
0.0125845
0.0123792
0.0122519
0.0121863
0.0121704
0.0121954
0.0122547
0.0123435
0.0124583
0.0125965
0.0127562
0.0129359
0.0131345
0.0133511
0.0135849
0.0138354
0.0141018
0.0143836
0.0146788
0.0149856
0.0153021
0.0156264
0.0159557
0.0162872
0.0166171
0.0169412
0.0172544
0.0175511
0.0178249
0.0180693
0.0182778
0.0184451
0.0185683
0.0186483
0.0186876
0.0187041
3.7396
3.85349
4.01978
4.24388
4.51988
4.8311
5.16062
5.49138
5.79924
6.05132
6.23262
6.33742
6.36752
6.32934
6.23181
6.08485
5.89838
5.6816
5.44263
5.18826
4.92387
4.65344
4.37971
4.10454
3.82935
3.55555
3.28478
3.01906
2.76076
2.51235
2.27603
2.05347
1.84591
1.65402
1.47752
1.31562
1.16733
1.03166
0.907707
0.794666
0.69173
0.598204
0.51353
0.437253
0.368969
0.30832
0.254977
0.208614
0.168876
0.13537
0.107637
0.0851445
0.0672818
0.0533854
0.0427737
0.0347927
0.0288562
0.0244705
0.0212413
0.0188665
0.0171205
0.015838
0.0148987
0.0142079
0.0137036
0.0133416
0.0130893
0.0129227
0.0128241
0.0127805
0.0127822
0.0128221
0.012895
0.012997
0.0131252
0.0132774
0.0134518
0.0136471
0.0138619
0.0140954
0.0143464
0.0146143
0.0148974
0.0151933
0.0154998
0.0158145
0.0161346
0.0164568
0.0167775
0.0170921
0.0173953
0.0176812
0.0179431
0.018174
0.0183666
0.0185139
0.0186107
0.0186534
0.0186391
0.0185729
3.92072
4.08591
4.33638
4.67155
5.07249
5.50894
5.95621
6.39067
6.76332
7.04564
7.22751
7.31141
7.30675
7.2262
7.08337
6.89144
6.66239
6.40662
6.13284
5.84806
5.55757
5.26499
4.97244
4.6809
4.39076
4.10236
3.81632
3.53385
3.25684
2.9877
2.72873
2.48179
2.24876
2.03129
1.82922
1.64192
1.46851
1.30811
1.16012
1.02396
0.898827
0.784015
0.679035
0.583524
0.497093
0.419411
0.350204
0.289186
0.236049
0.190457
0.152014
0.120237
0.0945364
0.0742155
0.0584985
0.0465792
0.0376814
0.0311119
0.026291
0.0227606
0.0201736
0.0182743
0.016877
0.0158391
0.0150695
0.0145024
0.0140899
0.0137968
0.0135971
0.0134716
0.0134064
0.0133912
0.0134182
0.0134818
0.0135779
0.0137031
0.0138548
0.0140311
0.0142301
0.0144505
0.0146908
0.0149495
0.0152261
0.0155172
0.0158201
0.0161322
0.0164504
0.0167711
0.0170904
0.0174034
0.0177048
0.0179883
0.018247
0.0184734
0.0186596
0.0187978
0.018881
0.0189033
0.0188587
0.0187454
4.0204
4.32531
4.74436
5.27097
5.85791
6.45642
7.03347
7.54356
7.91954
8.16067
8.27454
8.27809
8.1909
8.03212
7.81906
7.5666
7.2871
6.99057
6.68489
6.37607
6.06839
5.76446
5.4653
5.17065
4.87954
4.59092
4.30404
4.01885
3.73632
3.45838
3.18725
2.92438
2.67234
2.43486
2.21142
2.00162
1.80486
1.62036
1.44824
1.28853
1.14033
1.00294
0.876051
0.759578
0.653123
0.556384
0.469221
0.391391
0.322629
0.262675
0.211213
0.167853
0.132086
0.103263
0.0805862
0.0631549
0.0500279
0.0403009
0.0331699
0.0279693
0.0241789
0.0214099
0.0193728
0.0178592
0.0167323
0.0158945
0.0152745
0.0148208
0.0144954
0.0142706
0.0141261
0.014047
0.0140224
0.014044
0.0141057
0.014203
0.0143323
0.0144905
0.0146754
0.0148849
0.015117
0.0153698
0.0156427
0.0159326
0.0162359
0.0165497
0.0168703
0.017194
0.0175165
0.0178329
0.0181374
0.0184237
0.0186846
0.0189123
0.0190988
0.0192354
0.0193143
0.019328
0.0192689
0.019131
4.18354
4.82463
5.58766
6.42176
7.24395
7.98973
8.61505
9.03862
9.26748
9.33315
9.27003
9.1103
8.88116
8.60456
8.2976
7.97336
7.64162
7.30957
6.98238
6.66359
6.35535
6.05843
5.7722
5.49472
5.22334
4.95532
4.68823
4.4204
4.15145
3.88245
3.61532
3.35214
3.09543
2.84787
2.61059
2.38406
2.16819
1.96202
1.76715
1.58503
1.41422
1.25392
1.10422
0.965786
0.838024
0.720592
0.61375
0.517266
0.430886
0.354472
0.287792
0.230565
0.182427
0.14284
0.111074
0.0862157
0.0672308
0.053037
0.0425971
0.0349954
0.0294823
0.0254816
0.0225443
0.0203739
0.0187632
0.017565
0.016674
0.0160142
0.0155307
0.0151835
0.0149434
0.014789
0.0147047
0.0146788
0.0147029
0.0147703
0.014876
0.015016
0.0151871
0.0153866
0.0156119
0.0158607
0.016131
0.0164213
0.0167273
0.017045
0.0173707
0.0177001
0.0180288
0.0183514
0.0186622
0.0189546
0.0192214
0.0194546
0.0196459
0.0197866
0.0198679
0.0198817
0.0198194
0.0196729
5.07518
6.60898
7.91152
9.02996
9.91337
10.5179
10.7713
10.7528
10.5582
10.2525
9.88286
9.48161
9.0697
8.66053
8.2625
7.88076
7.51834
7.17686
6.85696
6.55852
6.28079
6.02225
5.78029
5.55114
5.33026
5.11301
4.89495
4.67244
4.44339
4.20764
3.96642
3.72172
3.47634
3.2332
2.99434
2.7612
2.53477
2.31576
2.10544
1.90491
1.71413
1.53229
1.36001
1.20012
1.05093
0.911824
0.784302
0.667932
0.562352
0.467745
0.383929
0.310726
0.24799
0.195353
0.152226
0.117773
0.090967
0.0706366
0.0555528
0.04454
0.0365704
0.0308131
0.0266102
0.0235294
0.0212593
0.0195788
0.0183312
0.0174052
0.0167209
0.016221
0.0158638
0.0156191
0.0154646
0.0153842
0.0153656
0.0153999
0.0154801
0.0156007
0.0157574
0.0159466
0.0161651
0.0164101
0.0166787
0.0169702
0.0172797
0.0176027
0.0179348
0.0182715
0.018608
0.0189388
0.0192579
0.0195587
0.0198339
0.0200754
0.0202749
0.0204235
0.0205121
0.020532
0.0204743
0.0203299
11.2539
13.1977
14.0319
14.1169
13.6955
12.9423
12.0848
11.2421
10.4643
9.76628
9.14648
8.59674
8.1075
7.67035
7.27865
6.92749
6.61315
6.33268
6.08353
5.86329
5.66948
5.49925
5.34885
5.21325
5.08628
4.9613
4.83148
4.69074
4.53514
4.36332
4.17579
3.97429
3.76174
3.54192
3.31811
3.09295
2.86866
2.64719
2.43039
2.21983
2.01645
1.82073
1.63349
1.45586
1.28743
1.12679
0.979217
0.842985
0.717289
0.603433
0.501118
0.410178
0.330888
0.263079
0.206365
0.160045
0.123215
0.0947456
0.0733232
0.057559
0.0461303
0.0378598
0.0318714
0.0275246
0.0243524
0.0220232
0.0203043
0.019032
0.0180909
0.0173988
0.0168968
0.0165423
0.0163041
0.0161596
0.016092
0.0160888
0.0161404
0.0162396
0.0163806
0.0165587
0.0167698
0.0170104
0.0172774
0.0175694
0.0178826
0.0182112
0.0185504
0.0188952
0.0192404
0.0195805
0.0199092
0.0202199
0.0205052
0.020757
0.020967
0.0211262
0.0212256
0.0212561
0.0212086
0.0210739
0.306356
0.846128
1.5559
2.34657
3.12417
3.81315
4.37194
4.78444
5.05423
5.19838
5.24108
5.2084
5.12475
5.01104
4.88406
4.75654
4.63764
4.53358
4.44826
4.38381
4.34101
4.31931
4.31644
4.32818
4.3476
4.36615
4.37395
4.35825
4.31349
4.24125
4.14292
4.02043
3.87594
3.71216
3.53287
3.34185
3.14269
2.93864
2.73261
2.52708
2.32399
2.12485
1.93107
1.74381
1.56368
1.3911
1.22729
1.0716
0.922188
0.786084
0.661771
0.548733
0.448523
0.361096
0.286396
0.223861
0.172847
0.13244
0.101396
0.0782059
0.0611517
0.0487721
0.0398694
0.033474
0.028861
0.0255116
0.0230629
0.0212631
0.0199367
0.0189608
0.0182481
0.0177362
0.0173801
0.0171468
0.0170123
0.0169587
0.0169725
0.0170436
0.0171641
0.0173275
0.0175286
0.017763
0.0180266
0.0183159
0.0186301
0.0189623
0.0193068
0.0196581
0.0200107
0.0203587
0.0206959
0.0210153
0.0213096
0.0215708
0.0217906
0.0219601
0.0220702
0.022112
0.0220764
0.0219545
0.00527574
0.0153355
0.0311975
0.0511586
0.077482
0.118703
0.175445
0.246523
0.329418
0.420977
0.518106
0.618289
0.719902
0.822344
0.926047
1.03241
1.14372
1.26301
1.39396
1.54059
1.7069
1.89553
2.10243
2.31303
2.52193
2.7224
2.90774
3.07488
3.21832
3.3305
3.40719
3.44703
3.4508
3.42043
3.35863
3.26882
3.1549
3.02099
2.87121
2.70946
2.53925
2.36368
2.18551
2.00705
1.83021
1.65657
1.48752
1.32382
1.16604
1.01604
0.874074
0.738676
0.616801
0.506741
0.408861
0.324322
0.25309
0.194821
0.148544
0.112863
0.0861911
0.0667354
0.0527758
0.0428361
0.0357595
0.0306963
0.027047
0.0243975
0.0224634
0.0210486
0.0200163
0.0192704
0.0187422
0.018382
0.0181538
0.0180312
0.0179945
0.0180289
0.0181232
0.0182684
0.0184575
0.0186845
0.0189441
0.0192313
0.0195448
0.0198798
0.0202297
0.0205883
0.0209495
0.0213074
0.0216553
0.0219865
0.0222937
0.0225689
0.022804
0.0229903
0.023119
0.0231811
0.0231677
0.0230701
0.00104074
0.00118537
0.00142612
0.00168784
0.00191315
0.00224644
0.00274319
0.00348347
0.00458062
0.00618315
0.00846901
0.0116377
0.015909
0.0215338
0.0288213
0.0381822
0.0501912
0.0656778
0.0858546
0.112415
0.146917
0.192144
0.254913
0.349414
0.47989
0.648716
0.855192
1.09491
1.35881
1.63315
1.90175
2.14884
2.36172
2.53214
2.65634
2.73425
2.7683
2.76249
2.72163
2.65082
2.55513
2.43937
2.308
2.16505
2.01405
1.85807
1.69973
1.54112
1.38412
1.23047
1.08138
0.937763
0.80164
0.672819
0.554109
0.448664
0.356192
0.277706
0.213015
0.161515
0.121933
0.0924895
0.0711563
0.0559627
0.0452249
0.0376342
0.0322394
0.028376
0.0255893
0.0235694
0.0221037
0.0210452
0.0202901
0.0197649
0.0194165
0.0192062
0.0191057
0.0190939
0.0191551
0.019277
0.0194501
0.0196666
0.0199199
0.0202042
0.0205142
0.0208497
0.0212031
0.0215676
0.0219365
0.0223036
0.0226621
0.0230052
0.0233256
0.0236155
0.023867
0.0240716
0.0242205
0.024305
0.0243163
0.0242458
0.000997922
0.000997274
0.000999044
0.00100276
0.00100848
0.00101834
0.00103364
0.00105574
0.00108621
0.00112718
0.00118152
0.00125297
0.00134639
0.0014679
0.00162551
0.00183019
0.00209775
0.00245017
0.00291934
0.00363997
0.00567364
0.00991775
0.0178218
0.0319383
0.0559498
0.0947084
0.154012
0.240039
0.358312
0.512205
0.701362
0.92053
1.15943
1.40408
1.63921
1.85095
2.02878
2.16636
2.26123
2.31408
2.32767
2.30606
2.25396
2.17623
2.07763
1.9626
1.83518
1.69892
1.55697
1.41209
1.26653
1.12232
0.981352
0.845002
0.715024
0.592733
0.479782
0.381182
0.296593
0.226758
0.171164
0.128564
0.0970395
0.0743411
0.0582831
0.0470085
0.0390873
0.0334906
0.0295063
0.0266507
0.0245961
0.0231188
0.022064
0.0213231
0.0208191
0.0204963
0.0203144
0.0202439
0.0202628
0.0203545
0.0205063
0.020708
0.0209514
0.0212294
0.0215355
0.0218678
0.0222218
0.0225896
0.0229641
0.0233386
0.0237063
0.0240601
0.0243929
0.0246971
0.0249646
0.0251874
0.0253569
0.0254646
0.0255019
0.0254608
0.000996999
0.000993959
0.000991224
0.000989049
0.000987652
0.000987294
0.000988293
0.000991088
0.000996263
0.00100454
0.00101674
0.00103377
0.00105657
0.00108612
0.0011234
0.00116939
0.00122513
0.00129401
0.00138478
0.00150938
0.00171602
0.00211522
0.00293475
0.00462997
0.00804356
0.0146
0.0265091
0.0469528
0.0801708
0.131299
0.205836
0.308681
0.442811
0.607885
0.799257
1.00794
1.22175
1.42739
1.61269
1.76824
1.88812
1.96978
2.01347
2.02141
1.99712
1.94479
1.86885
1.77369
1.66346
1.54199
1.41267
1.27853
1.14223
1.00607
0.872203
0.742536
0.619018
0.503734
0.399149
0.309958
0.236093
0.177419
0.13269
0.0997942
0.0762689
0.059737
0.0482006
0.0401405
0.034476
0.0304659
0.0276102
0.0255714
0.0241196
0.0230962
0.02239
0.0219219
0.0216354
0.0214893
0.0214535
0.0215056
0.0216288
0.02181
0.0220389
0.0223068
0.0226066
0.0229317
0.0232821
0.0236496
0.0240266
0.0244058
0.0247801
0.0251426
0.025486
0.0258029
0.0260854
0.0263257
0.0265155
0.0266465
0.0267103
0.0266995
0.000996945
0.000993781
0.000990699
0.00098793
0.000985797
0.000984705
0.000985119
0.000987534
0.000992446
0.00100035
0.00101174
0.00102712
0.00104704
0.0010721
0.00110296
0.00114033
0.00118501
0.00123796
0.00130057
0.0013749
0.00146552
0.00158432
0.00176089
0.00206497
0.00264982
0.0038266
0.00617795
0.0107083
0.0190131
0.0334486
0.057259
0.0945605
0.150053
0.228378
0.333125
0.465626
0.623872
0.802001
0.990725
1.17871
1.35447
1.50807
1.63228
1.72289
1.77847
1.79985
1.78943
1.75065
1.68746
1.60401
1.50433
1.39225
1.27127
1.14455
1.01494
0.885006
0.7572
0.633931
0.517702
0.410844
0.317754
0.240912
0.18027
0.134327
0.100792
0.0769925
0.0603829
0.0488595
0.0408493
0.0352471
0.0313022
0.0285104
0.0265328
0.0251388
0.0241692
0.0235129
0.0230909
0.0228468
0.0227396
0.0227395
0.0228242
0.022977
0.0231847
0.0234369
0.023725
0.0240411
0.0243822
0.0247446
0.0251197
0.0254998
0.0258775
0.0262457
0.0265972
0.0269246
0.0272203
0.0274767
0.0276859
0.0278397
0.0279302
0.0279505
0.000996982
0.000993865
0.00099083
0.00098804
0.000985718
0.000984127
0.000983569
0.000984386
0.000986967
0.000991754
0.000999249
0.00101002
0.00102469
0.00104396
0.00106856
0.00109934
0.0011372
0.00118306
0.00123788
0.00130268
0.00137869
0.00146794
0.00157478
0.0017102
0.00190138
0.00221143
0.0027762
0.00386662
0.0059826
0.00997635
0.0171934
0.0296175
0.0499899
0.0818216
0.129192
0.196252
0.286415
0.401329
0.539884
0.697618
0.866882
1.03786
1.20011
1.34417
1.46271
1.551
1.60692
1.63058
1.62373
1.58928
1.53081
1.45216
1.35722
1.24974
1.1332
1.01085
0.885706
0.760669
0.638611
0.522446
0.415473
0.319712
0.241406
0.17985
0.133607
0.100172
0.0766463
0.0603408
0.0490892
0.0413026
0.0358801
0.0320797
0.0294058
0.0275254
0.0262127
0.0253117
0.0247136
0.0243416
0.0241407
0.0240712
0.0241039
0.0242173
0.0243948
0.0246237
0.0248935
0.0251955
0.025522
0.0258733
0.0262411
0.0266172
0.0269939
0.027364
0.0277202
0.0280551
0.0283616
0.0286321
0.0288591
0.0290348
0.0291512
0.0292025
0.000997071
0.000994035
0.000991112
0.000988433
0.000986183
0.000984598
0.000983959
0.00098459
0.000986865
0.0009912
0.000998058
0.00100795
0.00102143
0.00103911
0.00106165
0.00108973
0.00112413
0.00116564
0.00121514
0.00127359
0.00134201
0.00142153
0.00151357
0.00162052
0.00174765
0.00190788
0.00213214
0.00248949
0.00312331
0.00431001
0.00654429
0.0106475
0.0178901
0.0301168
0.0498471
0.0802765
0.125086
0.187986
0.271992
0.378507
0.506435
0.651662
0.807206
0.964109
1.11281
1.24457
1.3525
1.43207
1.48115
1.49968
1.48919
1.45235
1.39251
1.31332
1.21854
1.11181
0.99667
0.876499
0.75461
0.63432
0.519043
0.412041
0.316913
0.237825
0.17638
0.130786
0.0981856
0.0754499
0.0597932
0.0490383
0.0416214
0.0364728
0.0328774
0.0303589
0.0285981
0.0273784
0.0265506
0.026011
0.0256861
0.0255236
0.0254857
0.0255446
0.0256795
0.0258745
0.026117
0.0263967
0.0267049
0.0270368
0.0273903
0.0277562
0.0281265
0.0284935
0.02885
0.0291889
0.0295028
0.0297847
0.0300272
0.0302228
0.0303641
0.0304456
0.0009972
0.000994254
0.000991447
0.000988881
0.000986699
0.000985078
0.000984233
0.000984423
0.000985952
0.000989175
0.000994509
0.00100243
0.00101349
0.0010283
0.00104751
0.00107188
0.00110218
0.00113927
0.00118405
0.00123747
0.00130053
0.00137427
0.00145976
0.00155824
0.00167136
0.00180225
0.00195813
0.0021563
0.00243651
0.00288371
0.00366667
0.0050977
0.00771472
0.0123811
0.0203959
0.0336037
0.0544706
0.0860518
0.131767
0.194932
0.278048
0.38195
0.505042
0.642926
0.788668
0.933722
1.06921
1.18719
1.28152
1.34828
1.38573
1.39405
1.37487
1.33082
1.26517
1.1815
1.08351
0.974888
0.859327
0.740517
0.622206
0.508211
0.402489
0.308801
0.230345
0.170256
0.126293
0.09521
0.0737099
0.0589823
0.0488966
0.0419534
0.0371398
0.0337828
0.0314354
0.0297985
0.0286692
0.027908
0.0274179
0.0271302
0.026996
0.0269796
0.0270547
0.0272015
0.0274045
0.0276514
0.0279322
0.0282377
0.0285687
0.0289169
0.0292738
0.0296317
0.0299833
0.0303212
0.0306384
0.030928
0.031183
0.0313961
0.0315601
0.0316702
0.00099737
0.000994523
0.000991834
0.000989384
0.00098728
0.000985665
0.000984724
0.000984686
0.000985827
0.000988485
0.000993057
0.001
0.00100985
0.00102319
0.00104066
0.00106295
0.00109082
0.00112507
0.00116656
0.00121621
0.00127499
0.00134394
0.00142413
0.00151669
0.00162279
0.0017439
0.00188227
0.00204261
0.00223587
0.00248744
0.00285271
0.00344427
0.00447535
0.00632294
0.00960947
0.0152976
0.0247923
0.0400349
0.0635444
0.0983283
0.147594
0.214227
0.300063
0.405094
0.526853
0.660264
0.798112
0.93206
1.05387
1.1565
1.23476
1.28559
1.30792
1.30237
1.27085
1.21612
1.14151
1.05066
0.947401
0.835676
0.719553
0.603235
0.491055
0.387312
0.295951
0.219642
0.16222
0.120755
0.0917458
0.0718149
0.0582039
0.0488866
0.0424643
0.0380023
0.0348824
0.0326951
0.031166
0.0301092
0.0293966
0.0289389
0.0286725
0.0285519
0.0285436
0.0286225
0.0287695
0.0289697
0.029211
0.0294835
0.0297803
0.030101
0.0304362
0.0307776
0.0311175
0.0314487
0.0317641
0.0320569
0.0323203
0.0325476
0.0327316
0.0328681
0.000997581
0.000994848
0.000992284
0.000989941
0.00098789
0.000986244
0.000985154
0.00098481
0.000985453
0.000987383
0.000990972
0.00099666
0.00100496
0.00101645
0.00103178
0.00105165
0.00107681
0.00110808
0.00114632
0.00119247
0.00124753
0.00131254
0.00138859
0.00147682
0.00157835
0.00169439
0.00182626
0.00197581
0.00214646
0.00234587
0.00259174
0.00292328
0.00342153
0.00424277
0.00566852
0.00817332
0.0125071
0.0197871
0.0315925
0.0500346
0.0777444
0.117701
0.172851
0.24551
0.336615
0.445026
0.56712
0.696939
0.826909
0.948942
1.05556
1.14078
1.20052
1.23272
1.23711
1.21487
1.16827
1.10036
1.01473
0.91534
0.806432
0.692494
0.578196
0.468278
0.367325
0.279285
0.207028
0.153251
0.114963
0.0884091
0.0702248
0.0577934
0.0492477
0.0433206
0.0391724
0.0362486
0.0341816
0.0327241
0.0317079
0.0310164
0.0305674
0.0303021
0.0301776
0.0301618
0.0302307
0.0303654
0.0305513
0.0307763
0.03103
0.0313123
0.0316157
0.0319317
0.0322521
0.0325694
0.0328767
0.0331672
0.0334343
0.0336715
0.0338718
0.0340316
0.000997833
0.000995268
0.000992894
0.000990723
0.00098883
0.000987357
0.000986483
0.000986419
0.000987422
0.000989808
0.000993957
0.00100031
0.00100937
0.00102169
0.00103785
0.00105849
0.00108426
0.00111585
0.00115401
0.00119954
0.00125333
0.00131632
0.00138953
0.00147406
0.00157106
0.00168173
0.00180737
0.0019494
0.00210961
0.00229092
0.00249932
0.0027483
0.00306776
0.00352019
0.00422765
0.00541298
0.00745742
0.0109732
0.0168872
0.0265305
0.0417198
0.0647841
0.0984693
0.145656
0.208866
0.28958
0.387526
0.500141
0.622487
0.747741
0.868136
0.976068
1.06504
1.13028
1.16889
1.17986
1.16372
1.12234
1.05857
0.97602
0.878893
0.771816
0.659722
0.54771
0.440862
0.343917
0.260783
0.193788
0.144582
0.1099
0.085919
0.0694446
0.0580923
0.0502018
0.0446598
0.0407295
0.037922
0.0359101
0.034472
0.0334549
0.0327513
0.0322844
0.0319983
0.0318514
0.0318124
0.0318574
0.0319676
0.0321283
0.0323278
0.0325568
0.032816
0.0330958
0.0333873
0.0336827
0.0339746
0.0342562
0.0345211
0.0347631
0.0349753
0.0351547
0.000998535
0.000997494
0.000998051
0.00100074
0.00100624
0.00101523
0.00102837
0.00104624
0.00106931
0.00109789
0.00113204
0.00117159
0.00121609
0.00126486
0.00131703
0.00137166
0.00142779
0.00148466
0.00154177
0.00159908
0.00165695
0.00171626
0.00177834
0.00184492
0.00191805
0.00200004
0.00209334
0.00220048
0.00232404
0.00246678
0.00263214
0.00282581
0.00305927
0.00335713
0.0037708
0.00440131
0.00543475
0.00719266
0.0101972
0.0152482
0.0235082
0.0365861
0.0565848
0.0860526
0.127769
0.184326
0.257511
0.3476
0.45276
0.568816
0.689568
0.807584
0.915247
1.00573
1.07368
1.11559
1.1298
1.11645
1.07718
1.01486
0.933346
0.837217
0.731527
0.62162
0.512921
0.410667
0.319484
0.242767
0.182041
0.137831
0.106707
0.0850375
0.0699546
0.0593817
0.0518984
0.0465496
0.0426924
0.0398931
0.0378567
0.0363792
0.0353174
0.0345687
0.0340582
0.0337308
0.0335446
0.0334679
0.0334763
0.0335508
0.0336763
0.0338407
0.0340415
0.0342729
0.034525
0.0347891
0.0350572
0.0353224
0.0355784
0.035819
0.0360377
0.0362315
0.00104368
0.00114995
0.0013442
0.00165101
0.00208683
0.00266186
0.00338052
0.00423903
0.00522313
0.00630709
0.00745413
0.008618
0.00974593
0.0107827
0.0116754
0.0123787
0.0128586
0.0130958
0.0130871
0.0128446
0.0123944
0.0117731
0.0110245
0.0101948
0.00932931
0.00846942
0.00765027
0.00689972
0.00623806
0.00567845
0.00522794
0.00488906
0.0046623
0.00455037
0.00456563
0.00474304
0.00516126
0.00597488
0.00746009
0.0100746
0.0145296
0.0218713
0.0335631
0.0515443
0.0782085
0.116234
0.168217
0.236104
0.3205
0.420037
0.531054
0.647773
0.762976
0.868994
0.958711
1.02636
1.06804
1.08186
1.0679
1.02796
0.965228
0.883932
0.789013
0.685835
0.579944
0.476801
0.381428
0.297892
0.22873
0.174544
0.134867
0.106552
0.0864324
0.0720741
0.0617744
0.054345
0.0489462
0.044996
0.0420924
0.039955
0.0383855
0.0372421
0.0364213
0.035847
0.0354619
0.0352228
0.0350967
0.0350583
0.0350881
0.0351714
0.0352975
0.0354669
0.0356683
0.0358911
0.0361265
0.0363671
0.0366067
0.036839
0.0370581
0.0372616
0.00701498
0.015022
0.0262192
0.0406736
0.0576294
0.0763678
0.0962387
0.116504
0.136344
0.154931
0.171484
0.18531
0.195844
0.202686
0.205635
0.2047
0.200086
0.192189
0.181508
0.168634
0.154204
0.138857
0.123194
0.107748
0.0929621
0.0791748
0.0666212
0.055439
0.0456809
0.0373302
0.030318
0.0245395
0.0198692
0.0161739
0.0133252
0.0112111
0.00975065
0.00891391
0.00875294
0.00944665
0.01136
0.0151122
0.0216497
0.032323
0.0489483
0.0738023
0.109481
0.158562
0.223064
0.303745
0.39943
0.50661
0.619543
0.73092
0.832926
0.918371
0.981588
1.01895
1.02899
1.01224
0.970901
0.908427
0.829198
0.738178
0.640648
0.541945
0.447135
0.360591
0.285499
0.223466
0.174464
0.137494
0.110333
0.0903382
0.0757165
0.065092
0.0573472
0.0516701
0.0474881
0.0443956
0.0421049
0.0404101
0.0391626
0.0382538
0.037603
0.03715
0.036849
0.0366653
0.0365725
0.0365511
0.0365875
0.0366802
0.0368187
0.0369893
0.0371819
0.0373887
0.0376031
0.0378193
0.0380318
0.0382389
0.0812552
0.10945
0.141204
0.179747
0.222205
0.266076
0.310297
0.354244
0.397184
0.438359
0.477087
0.512758
0.544804
0.572694
0.59595
0.614301
0.627261
0.631837
0.628188
0.616702
0.598002
0.572946
0.542588
0.508056
0.470659
0.431624
0.39207
0.352984
0.315185
0.279299
0.245769
0.214878
0.186769
0.161476
0.13895
0.119078
0.101708
0.0866698
0.0737966
0.0629474
0.0540369
0.0470713
0.0421958
0.0397497
0.0403258
0.0448229
0.0544732
0.0708171
0.0955988
0.130553
0.177083
0.235872
0.306493
0.387139
0.474541
0.564137
0.650494
0.727912
0.791095
0.835782
0.859187
0.860223
0.83949
0.799085
0.742289
0.673199
0.596322
0.516174
0.436922
0.362107
0.294478
0.235917
0.1873
0.148427
0.118956
0.0975871
0.0820734
0.0707758
0.0625219
0.0564541
0.0519627
0.0486176
0.0461148
0.0442373
0.0428282
0.0417726
0.0409854
0.0404025
0.0399757
0.0396681
0.0394515
0.0393045
0.0392202
0.0391983
0.0392287
0.0392996
0.039402
0.0395284
0.0396724
0.0398307
0.0242832
0.0214487
0.019022
0.0167839
0.0150147
0.0137924
0.0130516
0.0127444
0.0128372
0.0133002
0.0141048
0.0152268
0.0166472
0.0183519
0.0203253
0.0225544
0.0268749
0.040717
0.0607258
0.0844406
0.110227
0.136882
0.1635
0.189281
0.210888
0.227197
0.237843
0.242796
0.242425
0.23747
0.228789
0.217263
0.203721
0.188895
0.173405
0.157763
0.142381
0.127576
0.113591
0.100604
0.0887468
0.0781342
0.0688873
0.0611725
0.0552433
0.0514891
0.0504823
0.0530148
0.0601096
0.0729889
0.0929845
0.121378
0.159181
0.206869
0.264122
0.329614
0.400919
0.474574
0.546348
0.611674
0.666196
0.706295
0.729507
0.734746
0.722325
0.693798
0.651676
0.599072
0.539351
0.475836
0.411614
0.349427
0.291611
0.239994
0.195808
0.15947
0.130541
0.108228
0.0917429
0.0795233
0.0704289
0.0636228
0.0584943
0.0546026
0.0516304
0.0493474
0.0475851
0.0462192
0.0451564
0.0443267
0.0436763
0.0431642
0.0427589
0.0424357
0.0421876
0.0420162
0.0419146
0.0418756
0.0418926
0.0419612
0.0250317
0.0209986
0.0178008
0.0151879
0.0129942
0.0111954
0.00971628
0.00848357
0.0074448
0.00656503
0.00581819
0.00518365
0.00464491
0.00418948
0.00380918
0.0035016
0.00327187
0.00314482
0.00313672
0.00326599
0.00355802
0.00404717
0.00476718
0.00590696
0.0134849
0.0269759
0.0445397
0.0648636
0.0859581
0.104754
0.119982
0.130953
0.137638
0.140417
0.139865
0.13661
0.131257
0.12436
0.11641
0.107831
0.0989864
0.0901828
0.0816863
0.0737404
0.0665913
0.0605204
0.0558813
0.0531401
0.0529107
0.0559772
0.0632906
0.0759298
0.0950167
0.121581
0.156381
0.199685
0.25106
0.30919
0.371799
0.435732
0.497227
0.552342
0.597457
0.629726
0.647382
0.649853
0.637693
0.612375
0.576025
0.531146
0.4804
0.426439
0.371802
0.318814
0.269477
0.225323
0.187289
0.155674
0.130192
0.110052
0.0946835
0.0830437
0.0741882
0.0674123
0.0621914
0.0581384
0.0549689
0.0524726
0.0504939
0.048916
0.0476514
0.0466338
0.045813
0.0451503
0.0446165
0.0441885
0.0438586
0.0436258
0.0434842
0.0434294
0.0219238
0.0185224
0.0156944
0.0133436
0.0114041
0.0098226
0.00852181
0.00744399
0.00654554
0.00579336
0.00516159
0.00462994
0.00418221
0.00380539
0.00348879
0.00322366
0.0030029
0.00282125
0.00267447
0.00255848
0.00246848
0.00239915
0.00234637
0.00231166
0.00231703
0.00239764
0.00261488
0.00312584
0.00556567
0.0133841
0.0260944
0.0417977
0.0577433
0.0719959
0.0833445
0.0913636
0.0961622
0.098112
0.0976787
0.0953404
0.0915503
0.0867221
0.0812253
0.0753903
0.0695189
0.0639019
0.0588436
0.0546915
0.0518694
0.0509096
0.0524762
0.0573732
0.0665272
0.0809373
0.101584
0.129297
0.164571
0.207366
0.256898
0.31151
0.368669
0.425158
0.477448
0.522162
0.556511
0.578601
0.58756
0.583502
0.567368
0.540716
0.505516
0.463961
0.418333
0.370884
0.323735
0.278764
0.237487
0.200952
0.169677
0.14367
0.122554
0.10566
0.0924479
0.0822054
0.0742277
0.0679779
0.0630481
0.0591316
0.0559984
0.0534756
0.0514329
0.0497721
0.0484184
0.0473151
0.0464188
0.0456963
0.0451221
0.0446766
0.0443522
0.044145
0.0213999
0.0180542
0.0152355
0.0129444
0.0110837
0.00957794
0.00834761
0.00733575
0.00650048
0.00581118
0.00524447
0.00478177
0.00440759
0.00410861
0.00387294
0.00368998
0.00355017
0.00344506
0.00336722
0.00331032
0.0032691
0.00323956
0.00321915
0.00320748
0.00320595
0.0032151
0.0032314
0.00324768
0.00326166
0.00330601
0.00356797
0.00533209
0.0110235
0.0209639
0.0335404
0.0464256
0.0577173
0.0664172
0.0722919
0.075541
0.0765451
0.0757338
0.0735269
0.0703124
0.0664411
0.0622338
0.0579946
0.0540326
0.0506873
0.0483586
0.0475351
0.0488174
0.0529297
0.0607116
0.073084
0.0909798
0.11523
0.146401
0.184588
0.229199
0.278797
0.331089
0.383118
0.43163
0.47353
0.506282
0.528169
0.538387
0.536986
0.524736
0.502947
0.473295
0.437674
0.398067
0.356443
0.314665
0.274384
0.236947
0.203312
0.174003
0.149134
0.12848
0.111606
0.0979454
0.0870646
0.0784343
0.071556
0.066044
0.0615997
0.0579944
0.0550536
0.0526437
0.0506629
0.0490333
0.0476953
0.0466033
0.0457223
0.0450255
0.0444922
0.0441072
0.0199017
0.0168344
0.0142204
0.0120968
0.0103991
0.00905259
0.00798639
0.00715519
0.00652335
0.0060597
0.00573547
0.00552389
0.0054
0.0053412
0.0053276
0.00534249
0.00537233
0.00540669
0.00543787
0.00546053
0.00547115
0.00546767
0.00544912
0.00541551
0.00536773
0.00530812
0.00524099
0.00517228
0.00511083
0.00507146
0.00506471
0.00510064
0.00531331
0.00645548
0.00998616
0.0172035
0.0275703
0.0388322
0.04879
0.0562984
0.0611361
0.0635688
0.0640356
0.0629951
0.0608667
0.0580191
0.0547775
0.0514428
0.0483145
0.045719
0.0440381
0.0437365
0.045384
0.049667
0.0573837
0.0694157
0.0866641
0.109937
0.139778
0.176239
0.218651
0.265479
0.314368
0.362403
0.406537
0.444022
0.472743
0.491383
0.499445
0.497159
0.485339
0.465223
0.438334
0.406349
0.371002
0.333991
0.296899
0.261111
0.227736
0.197553
0.170989
0.14815
0.128882
0.112858
0.0996659
0.088857
0.0800785
0.0729689
0.0671821
0.0624495
0.0585605
0.0553507
0.0526923
0.0504863
0.0486566
0.0471443
0.0459041
0.0449012
0.0441092
0.0435068
0.01878
0.0159362
0.0134941
0.0116025
0.0102358
0.0093174
0.00876649
0.00851374
0.00848726
0.00861687
0.00884053
0.00910782
0.00938015
0.00963
0.00983916
0.00999698
0.0100984
0.0101427
0.0101317
0.0100694
0.00996112
0.00981291
0.00963206
0.00942717
0.00920717
0.00898827
0.00880043
0.00863907
0.00849761
0.00836251
0.00822252
0.0080864
0.00798066
0.00799754
0.0084198
0.00996631
0.0139337
0.0213631
0.0313044
0.0411438
0.0488231
0.0536912
0.056005
0.056335
0.0552537
0.0532387
0.0506682
0.0478498
0.0450566
0.0425627
0.0406754
0.0397645
0.0402886
0.0428144
0.0480266
0.0567216
0.0697762
0.0880735
0.112365
0.143056
0.179941
0.22198
0.267253
0.313154
0.356794
0.395442
0.426882
0.449609
0.462873
0.466611
0.461331
0.447963
0.427734
0.40205
0.3724
0.340277
0.307112
0.274198
0.242635
0.21327
0.186677
0.163152
0.142748
0.12533
0.110641
0.098359
0.0881482
0.0796793
0.0726475
0.066838
0.0620266
0.0580244
0.0546831
0.0518867
0.0495452
0.047588
0.0459598
0.0446176
0.0435283
0.0426654
0.0173366
0.0151603
0.0135999
0.0129487
0.0130964
0.0137549
0.0146686
0.0156604
0.0166065
0.0174294
0.0180892
0.0185719
0.0188793
0.0190223
0.0190166
0.0188798
0.0186303
0.0182859
0.0178638
0.0173808
0.0168532
0.0162978
0.0157365
0.0152141
0.0147181
0.0142288
0.0137171
0.0131875
0.012646
0.0121005
0.011561
0.011041
0.0105639
0.01018
0.0100048
0.0103038
0.0116598
0.0151618
0.0219471
0.0313798
0.0405812
0.0471034
0.0504375
0.0512454
0.050397
0.0485777
0.0462442
0.0437022
0.0411837
0.0389049
0.037108
0.036091
0.036233
0.0380161
0.0420406
0.049031
0.0598233
0.0753158
0.096352
0.123508
0.156798
0.19541
0.237625
0.281016
0.322856
0.360553
0.391994
0.415724
0.430975
0.437598
0.435955
0.426791
0.411122
0.390134
0.365096
0.337299
0.307991
0.278322
0.249298
0.221733
0.196225
0.173151
0.152681
0.13481
0.119409
0.106266
0.0951262
0.085727
0.0778145
0.0711606
0.0655622
0.0608441
0.0568595
0.0534861
0.0506369
0.0482339
0.0462113
0.0445178
0.0431133
0.041966
0.0199488
0.0212959
0.0234001
0.0260275
0.0286359
0.0308152
0.0324613
0.0335984
0.0342809
0.0345709
0.0345285
0.0342084
0.0336585
0.0329211
0.0320333
0.0310281
0.0299346
0.0287793
0.0275866
0.0263825
0.0252023
0.024067
0.0229471
0.0217986
0.0206348
0.0194698
0.0183174
0.0171914
0.0161046
0.0150694
0.0140987
0.0132088
0.0124247
0.0117926
0.0114046
0.0114461
0.0122885
0.0146676
0.0197774
0.0282875
0.0379894
0.0448326
0.0474685
0.047266
0.0456526
0.0435321
0.0412648
0.0389706
0.0367841
0.0348353
0.0333412
0.0325526
0.032797
0.0345074
0.0382366
0.0446694
0.0546214
0.0689995
0.0886825
0.114279
0.145799
0.182383
0.222284
0.263141
0.302409
0.33775
0.367306
0.389845
0.404748
0.411921
0.411688
0.404693
0.391807
0.374045
0.352491
0.328246
0.302375
0.27587
0.249604
0.224304
0.200526
0.178652
0.158896
0.141329
0.125905
0.112499
0.100934
0.0910102
0.0825249
0.0752827
0.0691056
0.0638354
0.0593355
0.0554902
0.0522034
0.0493953
0.0470001
0.0449645
0.0432452
0.041807
0.0524165
0.0571663
0.0594438
0.0607574
0.0613693
0.0613646
0.0608411
0.0598907
0.0585917
0.0570107
0.0552043
0.0532219
0.0511067
0.0488969
0.0466273
0.0443307
0.0420363
0.0397735
0.0375801
0.0354656
0.0333867
0.0313238
0.0293035
0.0273462
0.0254694
0.0236883
0.0220156
0.0204623
0.0190379
0.0177532
0.0166222
0.0156668
0.0149258
0.0144728
0.0144613
0.0152292
0.0173017
0.0212257
0.0270424
0.0336434
0.0391363
0.0420593
0.0424417
0.0413073
0.039534
0.0376174
0.0357274
0.0339154
0.0322682
0.0309029
0.0300079
0.0298211
0.0306566
0.0329315
0.0371822
0.0440782
0.0544189
0.0690814
0.0888725
0.11426
0.145052
0.180208
0.217927
0.255988
0.292162
0.324479
0.350934
0.370715
0.383637
0.389744
0.389373
0.383101
0.371689
0.356011
0.336995
0.315573
0.292643
0.269033
0.245477
0.222589
0.200851
0.180607
0.162072
0.145344
0.130426
0.117251
0.105704
0.0956402
0.0869052
0.0793429
0.0728056
0.0671576
0.0622781
0.0580618
0.0544183
0.0512711
0.0485562
0.0462203
0.04422
0.0425194
0.109832
0.107889
0.105143
0.102182
0.0990395
0.0956652
0.0920585
0.0882682
0.0843556
0.0803763
0.0763757
0.0723897
0.0684441
0.064557
0.0607475
0.0570968
0.053662
0.0504476
0.0473753
0.0444147
0.0415845
0.038896
0.0363597
0.0339859
0.0317818
0.0297531
0.0279055
0.0262466
0.0247883
0.0235514
0.0225699
0.021898
0.0216162
0.0218314
0.0226588
0.024176
0.0263603
0.0290281
0.0318233
0.0342431
0.0357733
0.0361515
0.0355547
0.0344108
0.0330712
0.0317321
0.030474
0.0293529
0.0284615
0.0279343
0.0279653
0.0288081
0.0307957
0.0343619
0.0400536
0.048533
0.0605476
0.0768376
0.0979536
0.124004
0.154437
0.187999
0.222922
0.257237
0.289067
0.316784
0.339107
0.355505
0.365883
0.370354
0.36912
0.362667
0.35185
0.337469
0.320303
0.301131
0.280695
0.259675
0.238665
0.218163
0.198563
0.180154
0.163123
0.147571
0.133523
0.120946
0.109767
0.0998867
0.0911902
0.0835585
0.0768747
0.071028
0.0659171
0.061451
0.0575498
0.0541444
0.0511755
0.048593
0.0463553
0.0444279
0.152585
0.150799
0.146437
0.140517
0.133884
0.127035
0.120251
0.11368
0.107384
0.101377
0.0956571
0.0902287
0.0851035
0.0802937
0.0757887
0.0715398
0.067474
0.0635499
0.0597874
0.0561888
0.0527546
0.0494844
0.0463765
0.0434307
0.0406511
0.0380484
0.0356413
0.0334566
0.0315275
0.029891
0.0285818
0.027627
0.0270406
0.0268197
0.0269419
0.0273604
0.0279958
0.0287282
0.029404
0.0298593
0.0299693
0.0297086
0.0291697
0.0285011
0.0278286
0.0272396
0.0268037
0.0266058
0.0267681
0.0274583
0.0289002
0.0313822
0.0352698
0.0410145
0.0491497
0.0602633
0.0749295
0.0935868
0.11637
0.14295
0.172459
0.203574
0.234717
0.264296
0.290887
0.313356
0.330954
0.34339
0.35066
0.352924
0.350461
0.343723
0.333213
0.31962
0.303809
0.286451
0.268143
0.249422
0.23075
0.212514
0.19502
0.178494
0.163089
0.14889
0.135928
0.12419
0.113629
0.104177
0.0957525
0.0882663
0.081629
0.075754
0.0705596
0.0659709
0.0619206
0.058349
0.0552042
0.0524412
0.0500222
0.0479159
0.18206
0.177215
0.169567
0.160719
0.151628
0.142764
0.13433
0.126382
0.118897
0.111814
0.10506
0.0985553
0.0923249
0.0863642
0.0806584
0.0752047
0.0700078
0.0650685
0.0603896
0.0559756
0.0518312
0.0479629
0.0443793
0.0410897
0.038103
0.0354265
0.0330649
0.0310196
0.0292882
0.0278642
0.0267366
0.0258894
0.0253014
0.0249453
0.0247872
0.0247854
0.0248904
0.0250472
0.0252018
0.0253111
0.0253569
0.0253555
0.0253565
0.0254266
0.0256374
0.0260658
0.0268047
0.0279758
0.0297389
0.0322984
0.0359097
0.0408822
0.0475792
0.0564062
0.0677827
0.0820886
0.0995831
0.120303
0.143968
0.169931
0.197218
0.224638
0.25095
0.275005
0.295859
0.31283
0.325535
0.333867
0.337908
0.33786
0.334017
0.326763
0.316497
0.303531
0.288796
0.27296
0.256498
0.239817
0.223263
0.207121
0.191617
0.176919
0.163141
0.15035
0.138572
0.127803
0.118013
0.109155
0.101171
0.0939963
0.087564
0.0818079
0.0766646
0.0720743
0.0679827
0.0643402
0.061103
0.0582328
0.0556963
0.0534666
0.155469
0.147129
0.136834
0.126538
0.116795
0.107771
0.0994996
0.0919545
0.0850852
0.078834
0.0731421
0.0679552
0.0631679
0.058733
0.0546267
0.0508297
0.0473235
0.0440919
0.0411212
0.0384006
0.0359212
0.0336757
0.0316572
0.0298595
0.0282762
0.0269007
0.025726
0.0247447
0.0239486
0.0233291
0.0228764
0.0225804
0.0224295
0.0224116
0.0225138
0.022723
0.0230273
0.0234176
0.0238906
0.0244527
0.0251234
0.0259376
0.026946
0.0282137
0.029821
0.0318666
0.0344726
0.0377892
0.041998
0.0473121
0.0539738
0.0622468
0.0724004
0.0846832
0.0992845
0.116284
0.135598
0.156934
0.179771
0.203384
0.226912
0.249449
0.270144
0.288275
0.303303
0.314885
0.322879
0.327306
0.328305
0.326096
0.320946
0.313148
0.302949
0.290461
0.27671
0.262244
0.247429
0.232569
0.217912
0.203663
0.189981
0.176982
0.164748
0.153325
0.142734
0.132972
0.124018
0.11584
0.108397
0.101641
0.0955234
0.0899942
0.085005
0.0805096
0.0764648
0.0728311
0.0695726
0.0666574
0.0640576
0.0617504
0.0748432
0.0703869
0.0658518
0.0616735
0.0578663
0.0544027
0.0512482
0.0483694
0.0457363
0.0433227
0.0411069
0.0390704
0.0371954
0.0354682
0.0338776
0.0324151
0.0310743
0.0298506
0.0287406
0.0277417
0.0268524
0.0260718
0.0253992
0.0248349
0.0243793
0.0240331
0.0237976
0.0236744
0.0236657
0.0237741
0.0240029
0.0243563
0.0248392
0.0254584
0.0262223
0.027142
0.028232
0.0295118
0.0310071
0.0327515
0.0347882
0.0371713
0.039967
0.0432547
0.047128
0.0516957
0.0570821
0.0634263
0.0708779
0.0795919
0.0897175
0.101385
0.114684
0.129642
0.146201
0.164186
0.1833
0.203116
0.223102
0.242654
0.261154
0.278021
0.292757
0.304982
0.314447
0.321035
0.324749
0.325685
0.324005
0.319907
0.313591
0.305209
0.294746
0.282747
0.269937
0.256719
0.243369
0.230107
0.217109
0.204515
0.192432
0.180938
0.170086
0.159907
0.150413
0.141601
0.133456
0.125953
0.119063
0.112752
0.106982
0.101716
0.0969183
0.0925527
0.0885857
0.084986
0.0817249
0.0787765
0.0761175
0.0737293
0.0516856
0.0500166
0.0483675
0.0468315
0.0454077
0.0440893
0.0428695
0.0417423
0.0407026
0.0397461
0.0388698
0.0380713
0.0373492
0.0367029
0.0361323
0.035638
0.0352212
0.0348837
0.0346281
0.0344573
0.0343752
0.0343863
0.0344958
0.0347098
0.0350354
0.0354805
0.0360541
0.0367664
0.0376289
0.0386548
0.0398586
0.0412571
0.0428689
0.0447154
0.0468207
0.0492122
0.0519211
0.0549829
0.0584379
0.0623318
0.0667161
0.0716482
0.0771914
0.0834142
0.0903892
0.0981909
0.106893
0.116563
0.127257
0.139012
0.151833
0.16569
0.1805
0.19612
0.212344
0.228901
0.245457
0.261638
0.277047
0.29129
0.304008
0.314897
0.323727
0.330349
0.334701
0.336796
0.336712
0.334569
0.330509
0.324661
0.317095
0.30769
0.296909
0.285303
0.273252
0.26103
0.248838
0.23683
0.225127
0.21382
0.202978
0.192651
0.18287
0.173653
0.165005
0.156922
0.14939
0.142392
0.135903
0.129899
0.124352
0.119233
0.114515
0.110169
0.106171
0.102496
0.0991197
0.0960224
0.093185
0.0905925
0.0828304
0.0820808
0.0813103
0.0805814
0.0799017
0.0792746
0.0787026
0.078189
0.0777372
0.0773511
0.0770348
0.0767931
0.0766308
0.0765534
0.0765669
0.0766776
0.0768928
0.0772201
0.0776681
0.0782459
0.0789637
0.0798327
0.0808647
0.0820731
0.083472
0.0850771
0.086905
0.088974
0.0913037
0.0939149
0.0968302
0.100073
0.10367
0.107646
0.11203
0.11685
0.122137
0.12792
0.134229
0.141093
0.148542
0.156601
0.165291
0.174629
0.184625
0.195276
0.206567
0.218467
0.230923
0.243858
0.257169
0.270721
0.284351
0.297866
0.311051
0.32367
0.335482
0.346249
0.35575
0.36379
0.370217
0.374921
0.377844
0.378976
0.378355
0.376053
0.372165
0.366786
0.359983
0.351768
0.341944
0.331126
0.319662
0.307816
0.295821
0.283855
0.272052
0.260514
0.249318
0.238521
0.228164
0.218274
0.208868
0.199954
0.191531
0.183591
0.176123
0.169111
0.162536
0.156379
0.150616
0.145227
0.140189
0.135481
0.131082
0.126973
0.123136
0.119552
0.116209
0.113093
0.162588
0.163489
0.16455
0.165668
0.166828
0.168033
0.169289
0.170602
0.171978
0.173426
0.174952
0.176567
0.17828
0.180101
0.182042
0.184113
0.186328
0.188701
0.191245
0.193977
0.196911
0.200066
0.203459
0.207108
0.211033
0.215253
0.219789
0.224661
0.22989
0.235494
0.241493
0.247905
0.254746
0.262029
0.269765
0.277961
0.286617
0.295733
0.305296
0.315291
0.325691
0.336464
0.347563
0.358934
0.37051
0.382211
0.393945
0.405605
0.417075
0.428225
0.438916
0.449001
0.458331
0.466755
0.474129
0.48032
0.485209
0.488697
0.490712
0.491208
0.490165
0.487596
0.483537
0.478048
0.471202
0.46308
0.453755
0.443275
0.431567
0.418731
0.405298
0.39153
0.377608
0.363695
0.349927
0.33641
0.323224
0.31043
0.298069
0.286173
0.27476
0.263842
0.253422
0.243496
0.234059
0.225098
0.2166
0.208548
0.200925
0.193711
0.186887
0.180433
0.174331
0.16856
0.163104
0.157944
0.153065
0.148452
0.14409
0.139971
0.265283
0.26866
0.272729
0.277018
0.281443
0.285995
0.290678
0.295498
0.300465
0.305587
0.310875
0.316337
0.321987
0.327834
0.333892
0.340174
0.346693
0.353462
0.360497
0.367813
0.375423
0.383343
0.391588
0.400172
0.409107
0.418407
0.428081
0.438136
0.44858
0.459411
0.470629
0.482224
0.494182
0.506483
0.519097
0.531987
0.545105
0.558394
0.571786
0.585202
0.598553
0.611736
0.624643
0.637153
0.64914
0.660469
0.671004
0.680609
0.689147
0.696487
0.702509
0.707101
0.71017
0.711637
0.711447
0.709563
0.705974
0.70069
0.69374
0.685176
0.675063
0.66348
0.650513
0.636248
0.620766
0.604138
0.586434
0.567586
0.548037
0.52841
0.508877
0.489561
0.470576
0.452018
0.433961
0.416462
0.399561
0.383284
0.367648
0.352658
0.338314
0.324609
0.311534
0.299072
0.287207
0.275918
0.265184
0.254984
0.245295
0.236093
0.227356
0.219062
0.211188
0.203713
0.196618
0.189882
0.183487
0.177417
0.171656
0.166192
0.339266
0.344605
0.351164
0.358143
0.365387
0.372872
0.380602
0.388586
0.396837
0.405366
0.414186
0.42331
0.432752
0.442526
0.452647
0.463129
0.473986
0.485233
0.496884
0.508952
0.521449
0.534388
0.547777
0.561623
0.575931
0.590701
0.60593
0.621609
0.637724
0.654253
0.671167
0.688426
0.705983
0.723777
0.741737
0.759779
0.777806
0.795706
0.813357
0.830621
0.847351
0.863389
0.878569
0.892721
0.905672
0.917249
0.927288
0.935631
0.942135
0.946677
0.94915
0.949476
0.947602
0.943501
0.937178
0.928662
0.918008
0.905295
0.890618
0.874086
0.855816
0.835927
0.814533
0.791733
0.767613
0.742255
0.715686
0.688197
0.660973
0.634243
0.608096
0.582628
0.557921
0.534036
0.511013
0.488881
0.467653
0.447331
0.427909
0.409374
0.391707
0.374886
0.358883
0.343671
0.329219
0.315496
0.302471
0.290112
0.278388
0.267268
0.256721
0.246719
0.237235
0.22824
0.21971
0.21162
0.203947
0.19667
0.189768
0.183224
0.101166
0.101689
0.102254
0.102871
0.103542
0.104271
0.105058
0.105906
0.106815
0.107784
0.108813
0.109901
0.111047
0.112249
0.113506
0.114816
0.116177
0.117587
0.119044
0.120546
0.122091
0.123677
0.125301
0.126961
0.128656
0.130382
0.132137
0.133921
0.135729
0.13756
0.139412
0.141282
0.143169
0.145069
0.146981
0.148902
0.15083
0.152763
0.154697
0.15663
0.15856
0.160485
0.162401
0.164305
0.166196
0.16807
0.169925
0.171757
0.173564
0.175342
0.17709
0.178804
0.180481
0.182118
0.183714
0.185264
0.186767
0.188221
0.189622
0.190969
0.192261
0.193496
0.194672
0.195789
0.196846
0.197844
0.198783
0.199665
0.20049
0.201263
0.201987
0.202665
0.203305
0.203913
0.204497
0.205069
0.205641
0.206228
0.206848
0.207524
0.20828
0.209148
0.210167
0.211384
0.212858
0.214661
0.216887
0.219656
0.22313
0.227526
0.233148
0.240436
0.250056
0.263069
0.281295
0.308154
0.351018
0.429383
0.616445
1.44709
0.0526261
0.052626
0.0526236
0.052627
0.0526423
0.0526752
0.0527308
0.0528138
0.0529283
0.0530782
0.0532666
0.0534964
0.0537701
0.05409
0.0544576
0.0548747
0.0553424
0.0558618
0.0564336
0.0570585
0.0577369
0.0584691
0.0592552
0.0600954
0.0609896
0.0619377
0.0629395
0.0639947
0.0651031
0.0662642
0.0674775
0.0687426
0.0700588
0.0714254
0.0728416
0.0743066
0.0758194
0.0773786
0.0789831
0.0806312
0.0823212
0.0840512
0.0858188
0.0876216
0.0894566
0.0913206
0.0932101
0.0951209
0.0970487
0.0989885
0.100935
0.102883
0.104825
0.106754
0.108665
0.110548
0.112395
0.1142
0.115951
0.117641
0.11926
0.1208
0.12225
0.123603
0.124848
0.125979
0.126988
0.127867
0.128611
0.129215
0.129675
0.129989
0.130156
0.130178
0.130056
0.129795
0.129402
0.128886
0.128259
0.127533
0.126727
0.12586
0.124957
0.124046
0.12316
0.122341
0.121636
0.121105
0.120824
0.120889
0.121433
0.122636
0.124769
0.128252
0.133798
0.142737
0.157929
0.186966
0.258966
0.608575
0.0442151
0.044137
0.0440724
0.0440354
0.0440345
0.0440751
0.0441608
0.0442931
0.0444728
0.0446994
0.0449721
0.0452894
0.0456496
0.0460509
0.0464913
0.0469688
0.0474816
0.0480275
0.0486047
0.0492113
0.0498455
0.0505052
0.0511889
0.0518944
0.05262
0.0533636
0.0541233
0.0548968
0.0556819
0.0564762
0.0572771
0.058082
0.0588878
0.0596915
0.06049
0.0612797
0.062057
0.0628182
0.0635594
0.0642765
0.0649655
0.0656222
0.0662422
0.0668216
0.067356
0.0678416
0.0682744
0.0686507
0.0689671
0.0692207
0.0694085
0.0695284
0.0695784
0.0695572
0.0694639
0.0692983
0.0690607
0.0687519
0.0683733
0.067927
0.0674155
0.0668419
0.0662097
0.0655228
0.0647856
0.0640026
0.0631785
0.0623185
0.0614273
0.0605101
0.0595716
0.0586167
0.0576499
0.0566753
0.055697
0.0547186
0.0537435
0.0527749
0.0518156
0.0508686
0.0499367
0.0490232
0.0481317
0.0472667
0.0464339
0.045641
0.044898
0.0442187
0.0436221
0.0431351
0.0427963
0.0426629
0.0428232
0.0434216
0.0447112
0.0471841
0.0519459
0.0621033
0.0903057
0.239209
0.0350451
0.0351444
0.0352519
0.0353761
0.03552
0.0356838
0.0358669
0.0360678
0.0362843
0.0365146
0.0367563
0.0370075
0.0372662
0.0375307
0.0377992
0.0380704
0.0383427
0.0386149
0.0388857
0.039154
0.0394186
0.0396785
0.0399326
0.04018
0.0404196
0.0406504
0.0408714
0.0410818
0.0412806
0.0414667
0.0416394
0.0417976
0.0419406
0.0420674
0.0421772
0.0422692
0.0423427
0.0423969
0.0424311
0.0424448
0.0424374
0.0424084
0.0423573
0.0422839
0.0421878
0.0420689
0.0419271
0.0417624
0.0415749
0.0413648
0.0411324
0.0408781
0.0406024
0.0403058
0.0399892
0.0396532
0.0392988
0.038927
0.0385388
0.0381355
0.0377182
0.0372883
0.0368472
0.0363963
0.0359374
0.0354719
0.0350015
0.0345282
0.0340536
0.0335798
0.0331088
0.0326428
0.0321839
0.0317347
0.0312977
0.0308755
0.0304713
0.0300883
0.0297301
0.0294007
0.0291047
0.0288473
0.0286347
0.0284739
0.0283735
0.0283441
0.0283989
0.0285545
0.0288332
0.0292648
0.029891
0.0307726
0.0320023
0.0337301
0.0362169
0.0399642
0.0460799
0.0575913
0.0863163
0.223546
0.0282099
0.0283269
0.0284467
0.0285733
0.0287076
0.0288496
0.0289986
0.0291535
0.0293132
0.0294764
0.0296418
0.0298084
0.029975
0.0301407
0.0303046
0.0304658
0.0306235
0.0307772
0.030926
0.0310695
0.0312069
0.0313378
0.0314616
0.0315778
0.031686
0.0317857
0.0318764
0.0319578
0.0320296
0.0320912
0.0321425
0.0321831
0.0322127
0.0322312
0.0322384
0.032234
0.0322181
0.0321905
0.0321512
0.0321002
0.0320377
0.0319638
0.0318785
0.0317822
0.0316752
0.0315577
0.0314302
0.031293
0.0311467
0.0309918
0.0308289
0.0306586
0.0304815
0.0302985
0.0301103
0.0299176
0.0297213
0.0295224
0.0293216
0.02912
0.0289185
0.0287182
0.0285201
0.0283252
0.0281347
0.0279498
0.0277716
0.0276013
0.0274402
0.0272897
0.0271511
0.0270259
0.0269156
0.026822
0.0267468
0.0266919
0.0266597
0.0266524
0.0266729
0.0267243
0.0268102
0.026935
0.0271038
0.027323
0.0276002
0.0279455
0.0283712
0.0288938
0.0295353
0.030326
0.0313089
0.0325469
0.0341371
0.0362369
0.0391217
0.0433214
0.0500067
0.062373
0.0928709
0.237772
0.0235877
0.023668
0.0237543
0.0238474
0.023947
0.0240525
0.0241631
0.0242777
0.0243953
0.0245149
0.0246358
0.0247569
0.0248777
0.0249975
0.0251157
0.0252318
0.0253454
0.025456
0.0255634
0.0256672
0.0257671
0.025863
0.0259545
0.0260415
0.0261239
0.0262014
0.026274
0.0263415
0.0264039
0.0264611
0.026513
0.0265597
0.0266011
0.0266372
0.0266681
0.0266939
0.0267146
0.0267303
0.0267412
0.0267475
0.0267492
0.0267467
0.02674
0.0267295
0.0267155
0.0266981
0.0266778
0.0266548
0.0266295
0.0266023
0.0265735
0.0265436
0.026513
0.0264821
0.0264514
0.0264213
0.0263924
0.0263652
0.0263402
0.026318
0.0262991
0.0262842
0.0262739
0.0262687
0.0262695
0.0262769
0.0262918
0.0263148
0.026347
0.0263892
0.0264425
0.0265079
0.0265868
0.0266805
0.0267906
0.0269188
0.0270671
0.0272377
0.0274335
0.0276575
0.0279135
0.028206
0.0285405
0.0289237
0.0293639
0.0298719
0.0304614
0.0311502
0.0319626
0.0329316
0.0341044
0.0355498
0.0373739
0.0397488
0.0429747
0.047629
0.0549845
0.0685053
0.101629
0.257592
0.0208544
0.0208983
0.0209551
0.0210226
0.0210997
0.0211849
0.0212769
0.0213742
0.0214759
0.0215808
0.0216879
0.0217966
0.0219062
0.0220161
0.0221258
0.0222349
0.0223431
0.0224501
0.0225557
0.0226596
0.0227616
0.0228618
0.0229598
0.0230558
0.0231494
0.0232408
0.0233299
0.0234166
0.0235009
0.0235828
0.0236624
0.0237397
0.0238147
0.0238875
0.023958
0.0240265
0.024093
0.0241576
0.0242205
0.0242816
0.0243412
0.0243995
0.0244566
0.0245126
0.0245678
0.0246223
0.0246764
0.0247303
0.0247842
0.0248383
0.024893
0.0249486
0.0250052
0.0250632
0.0251229
0.0251847
0.0252489
0.0253159
0.0253861
0.0254598
0.0255376
0.0256198
0.0257071
0.0257998
0.0258987
0.0260043
0.0261173
0.0262384
0.0263685
0.0265083
0.026659
0.0268216
0.0269974
0.0271876
0.027394
0.0276183
0.0278626
0.0281294
0.0284215
0.0287423
0.0290957
0.0294866
0.029921
0.030406
0.0309507
0.0315666
0.0322685
0.0330756
0.0340141
0.0351195
0.0364424
0.0380573
0.0400781
0.0426901
0.0462165
0.051279
0.0592496
0.0738678
0.109678
0.279342
0.0193231
0.01934
0.0193752
0.0194251
0.0194875
0.0195604
0.0196419
0.0197305
0.0198249
0.0199237
0.0200261
0.0201311
0.0202381
0.0203466
0.020456
0.0205661
0.0206763
0.0207866
0.0208967
0.0210063
0.0211155
0.0212241
0.021332
0.0214391
0.0215455
0.021651
0.0217557
0.0218596
0.0219626
0.0220648
0.0221663
0.022267
0.022367
0.0224663
0.0225651
0.0226634
0.0227613
0.0228589
0.0229562
0.0230533
0.0231505
0.0232478
0.0233453
0.0234432
0.0235416
0.0236408
0.0237407
0.0238418
0.023944
0.0240477
0.024153
0.0242602
0.0243695
0.0244811
0.0245954
0.0247126
0.024833
0.024957
0.0250849
0.025217
0.0253538
0.0254957
0.0256432
0.0257967
0.0259569
0.0261243
0.0262996
0.0264836
0.026677
0.0268808
0.027096
0.0273237
0.0275651
0.0278218
0.0280954
0.0283879
0.0287014
0.0290385
0.0294023
0.0297963
0.0302249
0.0306932
0.0312075
0.0317755
0.032407
0.0331142
0.033913
0.0348239
0.0358749
0.0371042
0.0385656
0.0403389
0.0425457
0.045384
0.049199
0.0546548
0.0632166
0.078878
0.117175
0.298601
0.0185874
0.0185847
0.0186039
0.0186405
0.0186917
0.0187551
0.0188287
0.0189107
0.0189995
0.0190939
0.0191928
0.0192952
0.0194005
0.0195081
0.0196175
0.0197282
0.0198401
0.0199528
0.0200661
0.0201798
0.0202939
0.0204083
0.0205228
0.0206375
0.0207523
0.0208671
0.0209821
0.0210971
0.0212122
0.0213275
0.0214429
0.0215585
0.0216744
0.0217906
0.0219072
0.0220242
0.0221417
0.0222599
0.0223787
0.0224984
0.0226189
0.0227405
0.0228632
0.0229872
0.0231126
0.0232395
0.0233681
0.0234986
0.0236312
0.0237659
0.0239031
0.024043
0.0241856
0.0243314
0.0244806
0.0246333
0.02479
0.024951
0.0251165
0.0252869
0.0254627
0.0256443
0.0258321
0.0260267
0.0262286
0.0264385
0.026657
0.0268849
0.027123
0.0273723
0.0276338
0.0279088
0.0281985
0.0285046
0.0288287
0.0291728
0.0295394
0.0299312
0.0303514
0.0308037
0.0312927
0.031824
0.0324041
0.0330413
0.0337459
0.0345308
0.0354128
0.0364139
0.0375634
0.0389018
0.0404863
0.0424009
0.0447745
0.0478164
0.0518915
0.0577022
0.0667994
0.0834174
0.12408
0.318095
0.0183625
0.0183457
0.0183528
0.0183788
0.0184208
0.0184761
0.0185426
0.0186183
0.0187017
0.0187913
0.0188862
0.0189853
0.0190878
0.0191933
0.0193012
0.019411
0.0195225
0.0196354
0.0197495
0.0198646
0.0199807
0.0200976
0.0202153
0.0203336
0.0204527
0.0205725
0.020693
0.0208142
0.020936
0.0210587
0.0211821
0.0213064
0.0214316
0.0215577
0.0216848
0.0218131
0.0219425
0.0220731
0.0222052
0.0223386
0.0224736
0.0226103
0.0227488
0.0228892
0.0230317
0.0231763
0.0233233
0.0234728
0.023625
0.02378
0.0239382
0.0240996
0.0242645
0.0244331
0.0246058
0.0247827
0.0249643
0.0251507
0.0253424
0.0255397
0.0257431
0.0259529
0.0261698
0.0263941
0.0266266
0.0268678
0.0271185
0.0273794
0.0276515
0.0279357
0.0282332
0.0285452
0.0288731
0.0292185
0.0295834
0.0299698
0.0303803
0.0308176
0.0312853
0.0317873
0.0323284
0.0329145
0.0335526
0.0342513
0.0350217
0.0358773
0.0368359
0.0379206
0.0391626
0.0406043
0.0423064
0.0443571
0.0468926
0.0501332
0.0544632
0.0606223
0.0702434
0.0877868
0.13068
0.335858
0.0184875
0.0184606
0.0184585
0.0184759
0.01851
0.0185581
0.018618
0.0186876
0.0187654
0.0188499
0.0189402
0.0190351
0.019134
0.0192362
0.0193413
0.0194487
0.0195583
0.0196696
0.0197825
0.019897
0.0200127
0.0201297
0.0202479
0.0203672
0.0204876
0.0206092
0.0207318
0.0208556
0.0209806
0.0211067
0.0212341
0.0213628
0.0214928
0.0216242
0.0217571
0.0218916
0.0220277
0.0221656
0.0223053
0.022447
0.0225907
0.0227365
0.0228847
0.0230353
0.0231884
0.0233443
0.023503
0.0236648
0.0238298
0.0239982
0.0241703
0.0243462
0.0245261
0.0247104
0.0248993
0.0250931
0.0252921
0.0254966
0.0257071
0.0259238
0.0261472
0.0263779
0.0266163
0.0268629
0.0271184
0.0273836
0.027659
0.0279456
0.0282443
0.0285561
0.0288822
0.029224
0.0295828
0.0299606
0.0303591
0.0307806
0.0312279
0.0317038
0.032212
0.0327568
0.0333431
0.0339771
0.0346663
0.0354197
0.0362488
0.037168
0.038196
0.039357
0.0406838
0.0422209
0.0440319
0.0462095
0.0488961
0.0523228
0.056892
0.0633778
0.0734902
0.0919035
0.136924
0.353438
0.0188533
0.0188193
0.0188102
0.0188209
0.0188484
0.0188902
0.0189439
0.0190078
0.0190801
0.0191595
0.0192448
0.0193352
0.0194299
0.0195282
0.0196296
0.0197337
0.0198401
0.0199488
0.0200593
0.0201715
0.0202854
0.0204009
0.0205178
0.0206361
0.0207559
0.0208771
0.0209997
0.0211237
0.0212493
0.0213763
0.0215049
0.0216351
0.0217671
0.0219007
0.0220362
0.0221737
0.0223131
0.0224546
0.0225984
0.0227445
0.022893
0.0230441
0.0231979
0.0233545
0.0235141
0.0236769
0.0238429
0.0240125
0.0241858
0.0243629
0.0245442
0.0247298
0.02492
0.0251151
0.0253152
0.0255209
0.0257322
0.0259498
0.0261738
0.0264048
0.0266431
0.0268893
0.027144
0.0274076
0.0276809
0.0279646
0.0282594
0.0285663
0.0288862
0.0292203
0.0295697
0.0299359
0.0303204
0.030725
0.0311518
0.0316032
0.0320818
0.032591
0.0331345
0.0337166
0.0343429
0.0350195
0.0357545
0.0365573
0.0374399
0.0384175
0.0395097
0.0407418
0.0421481
0.0437756
0.0456904
0.0479898
0.0508227
0.0544305
0.0592339
0.0660413
0.0766381
0.0959054
0.142983
0.37005
0.0193928
0.0193542
0.01934
0.0193455
0.0193676
0.0194039
0.0194522
0.0195108
0.0195779
0.0196522
0.0197327
0.0198185
0.0199087
0.0200027
0.0201
0.0202003
0.0203031
0.0204083
0.0205156
0.0206248
0.0207359
0.0208487
0.0209632
0.0210794
0.0211972
0.0213166
0.0214377
0.0215604
0.0216849
0.021811
0.021939
0.0220689
0.0222006
0.0223344
0.0224703
0.0226084
0.0227487
0.0228915
0.0230367
0.0231846
0.0233352
0.0234887
0.0236452
0.0238049
0.023968
0.0241345
0.0243048
0.0244789
0.024657
0.0248395
0.0250265
0.0252183
0.0254151
0.0256173
0.025825
0.0260387
0.0262587
0.0264854
0.0267191
0.0269603
0.0272096
0.0274673
0.0277342
0.0280107
0.0282977
0.0285958
0.0289058
0.0292288
0.0295658
0.0299178
0.0302863
0.0306726
0.0310784
0.0315057
0.0319564
0.0324333
0.0329391
0.0334771
0.0340514
0.0346666
0.0353282
0.036043
0.0368191
0.0376665
0.0385978
0.0396289
0.04078
0.0420778
0.043558
0.0452695
0.0472815
0.0496952
0.0526661
0.0564455
0.0614716
0.068586
0.0796473
0.0997376
0.148812
0.386355
0.0200585
0.0200172
0.0199996
0.0200011
0.020019
0.0200508
0.0200945
0.0201483
0.0202107
0.0202803
0.0203562
0.0204374
0.0205232
0.0206129
0.0207061
0.0208023
0.0209012
0.0210026
0.0211062
0.021212
0.0213197
0.0214293
0.0215407
0.0216539
0.0217689
0.0218856
0.0220042
0.0221245
0.0222468
0.0223709
0.022497
0.0226251
0.0227554
0.0228878
0.0230226
0.0231597
0.0232993
0.0234415
0.0235864
0.0237342
0.023885
0.0240389
0.0241961
0.0243568
0.0245211
0.0246892
0.0248612
0.0250375
0.0252182
0.0254036
0.0255938
0.0257892
0.0259901
0.0261966
0.0264093
0.0266283
0.0268541
0.0270871
0.0273277
0.0275763
0.0278335
0.0280999
0.0283759
0.0286624
0.02896
0.0292694
0.0295917
0.0299277
0.0302785
0.0306454
0.0310297
0.0314329
0.0318568
0.0323033
0.0327747
0.0332737
0.0338031
0.0343665
0.034968
0.0356124
0.0363056
0.0370545
0.0378676
0.0387554
0.0397309
0.0408105
0.0420154
0.0433732
0.0449211
0.0467097
0.048811
0.0513302
0.0544282
0.0583662
0.0635987
0.0709987
0.0824942
0.10336
0.154342
0.402122
0.0208187
0.0207764
0.0207569
0.0207558
0.0207705
0.0207987
0.0208386
0.0208883
0.0209466
0.021012
0.0210837
0.0211607
0.0212423
0.0213278
0.0214169
0.0215091
0.0216041
0.0217016
0.0218015
0.0219035
0.0220076
0.0221136
0.0222216
0.0223314
0.0224431
0.0225566
0.022672
0.0227894
0.0229087
0.02303
0.0231534
0.0232789
0.0234067
0.0235368
0.0236693
0.0238044
0.0239421
0.0240826
0.0242259
0.0243723
0.0245219
0.0246747
0.0248311
0.0249912
0.0251551
0.0253231
0.0254953
0.025672
0.0258533
0.0260397
0.0262312
0.0264282
0.0266311
0.02684
0.0270553
0.0272775
0.0275069
0.0277438
0.0279889
0.0282425
0.0285052
0.0287776
0.0290604
0.0293541
0.0296595
0.0299776
0.0303092
0.0306553
0.031017
0.0313957
0.0317927
0.0322097
0.0326484
0.0331109
0.0335996
0.0341171
0.0346666
0.0352517
0.0358767
0.0365466
0.0372674
0.0380464
0.0388924
0.0398161
0.0408312
0.0419546
0.0432082
0.0446206
0.0462302
0.0480895
0.0502727
0.0528886
0.0561034
0.060187
0.0656086
0.0732707
0.0851665
0.106757
0.159577
0.417538
0.0217212
0.0216783
0.0216573
0.0216538
0.0216655
0.0216902
0.0217263
0.0217721
0.0218261
0.0218873
0.0219545
0.0220271
0.0221043
0.0221855
0.0222702
0.022358
0.0224487
0.022542
0.0226376
0.0227354
0.0228354
0.0229373
0.0230412
0.023147
0.0232548
0.0233644
0.023476
0.0235895
0.0237051
0.0238228
0.0239425
0.0240646
0.0241889
0.0243156
0.0244449
0.0245767
0.0247114
0.0248489
0.0249894
0.0251331
0.0252801
0.0254305
0.0255847
0.0257426
0.0259047
0.0260709
0.0262416
0.026417
0.0265974
0.0267829
0.0269739
0.0271707
0.0273736
0.0275829
0.027799
0.0280223
0.0282531
0.0284919
0.0287393
0.0289957
0.0292616
0.0295378
0.0298248
0.0301233
0.0304343
0.0307585
0.0310969
0.0314506
0.0318207
0.0322086
0.0326158
0.0330439
0.0334949
0.0339708
0.0344741
0.0350076
0.0355745
0.0361787
0.0368246
0.0375174
0.0382633
0.0390698
0.0399461
0.0409033
0.0419553
0.0431198
0.0444193
0.0458834
0.0475513
0.0494772
0.0517372
0.0544429
0.0577648
0.061979
0.0675653
0.0754451
0.0876522
0.109754
0.163725
0.427808
0.0228661
0.0228251
0.0228044
0.0228001
0.0228101
0.0228324
0.0228655
0.0229079
0.0229582
0.0230155
0.0230787
0.023147
0.0232199
0.0232967
0.0233771
0.0234605
0.0235467
0.0236355
0.0237267
0.0238201
0.0239156
0.0240131
0.0241125
0.0242139
0.0243172
0.0244224
0.0245295
0.0246387
0.0247499
0.0248631
0.0249786
0.0250963
0.0252163
0.0253388
0.0254639
0.0255917
0.0257223
0.0258558
0.0259925
0.0261324
0.0262757
0.0264227
0.0265734
0.0267282
0.0268871
0.0270505
0.0272185
0.0273915
0.0275696
0.0277532
0.0279426
0.028138
0.0283399
0.0285485
0.0287643
0.0289877
0.0292191
0.029459
0.029708
0.0299665
0.0302351
0.0305147
0.0308057
0.0311091
0.0314256
0.0317563
0.0321021
0.0324641
0.0328437
0.0332422
0.0336613
0.0341027
0.0345683
0.0350605
0.0355819
0.0361354
0.0367245
0.0373532
0.0380261
0.0387488
0.0395278
0.040371
0.041288
0.0422906
0.0433934
0.0446148
0.0459784
0.0475153
0.0492665
0.0512886
0.053661
0.0565003
0.0599841
0.0643998
0.0702469
0.0784827
0.0912192
0.114235
0.170357
0.445841
0.0240729
0.0240353
0.0240163
0.0240125
0.0240219
0.0240429
0.024074
0.0241139
0.0241613
0.0242153
0.024275
0.0243397
0.0244088
0.0244817
0.024558
0.0246373
0.0247194
0.024804
0.0248908
0.0249799
0.025071
0.025164
0.025259
0.0253559
0.0254546
0.0255552
0.0256578
0.0257622
0.0258687
0.0259773
0.026088
0.026201
0.0263163
0.026434
0.0265543
0.0266773
0.0268032
0.026932
0.027064
0.0271993
0.0273381
0.0274806
0.0276269
0.0277774
0.0279322
0.0280915
0.0282556
0.0284249
0.0285995
0.0287797
0.028966
0.0291586
0.0293579
0.0295642
0.0297781
0.0299999
0.0302301
0.0304693
0.030718
0.0309767
0.0312461
0.031527
0.0318201
0.0321261
0.0324461
0.032781
0.0331319
0.0335
0.0338867
0.0342935
0.034722
0.035174
0.0356519
0.0361578
0.0366946
0.0372654
0.0378738
0.0385241
0.0392211
0.0399707
0.0407797
0.0416565
0.0426111
0.0436558
0.044806
0.0460809
0.0475052
0.0491114
0.0509424
0.0530572
0.0555387
0.0585083
0.062151
0.0667657
0.0728714
0.0814622
0.0947283
0.118658
0.176903
0.462942
0.0253197
0.0252867
0.0252706
0.0252684
0.0252784
0.025299
0.025329
0.0253672
0.0254126
0.0254641
0.025521
0.0255827
0.0256486
0.0257181
0.0257908
0.0258665
0.0259448
0.0260256
0.0261085
0.0261935
0.0262806
0.0263694
0.0264602
0.0265527
0.0266471
0.0267433
0.0268413
0.0269412
0.027043
0.0271469
0.0272528
0.027361
0.0274714
0.0275842
0.0276996
0.0278176
0.0279385
0.0280623
0.0281892
0.0283195
0.0284533
0.0285907
0.0287321
0.0288777
0.0290276
0.0291822
0.0293416
0.0295063
0.0296764
0.0298524
0.0300345
0.0302232
0.0304187
0.0306216
0.0308322
0.0310511
0.0312787
0.0315156
0.0317624
0.0320196
0.0322881
0.0325685
0.0328616
0.0331684
0.0334897
0.0338266
0.0341803
0.0345521
0.0349434
0.0353557
0.0357909
0.0362509
0.0367379
0.0372544
0.0378034
0.0383881
0.0390124
0.0396806
0.040398
0.0411706
0.0420056
0.0429117
0.0438994
0.0449817
0.0461745
0.0474979
0.0489779
0.0506481
0.0525533
0.0547548
0.0573391
0.0604321
0.064226
0.069031
0.0753848
0.0843166
0.0980921
0.122902
0.183211
0.480188
0.0265905
0.0265633
0.0265513
0.0265518
0.0265633
0.0265846
0.0266145
0.0266519
0.0266959
0.0267458
0.0268007
0.02686
0.0269233
0.02699
0.0270598
0.0271325
0.0272076
0.027285
0.0273645
0.027446
0.0275293
0.0276145
0.0277014
0.02779
0.0278804
0.0279725
0.0280663
0.0281619
0.0282594
0.0283588
0.0284602
0.0285637
0.0286694
0.0287774
0.0288879
0.029001
0.0291169
0.0292357
0.0293575
0.0294826
0.0296112
0.0297435
0.0298797
0.03002
0.0301647
0.0303141
0.0304684
0.030628
0.0307931
0.0309641
0.0311414
0.0313253
0.0315162
0.0317147
0.0319211
0.0321359
0.0323597
0.0325931
0.0328366
0.033091
0.033357
0.0336353
0.0339268
0.0342324
0.0345531
0.0348901
0.0352445
0.0356177
0.0360112
0.0364267
0.036866
0.0373311
0.0378245
0.0383488
0.0389069
0.0395025
0.0401393
0.0408222
0.0415564
0.0423484
0.0432057
0.0441374
0.0451545
0.0462704
0.0475019
0.04887
0.0504015
0.0521316
0.0541071
0.0563916
0.0590749
0.062288
0.0662302
0.0712231
0.0778238
0.0870969
0.101384
0.127078
0.189439
0.496781
0.0278734
0.027853
0.027846
0.0278501
0.0278641
0.0278869
0.0279175
0.0279549
0.0279984
0.0280473
0.0281008
0.0281585
0.0282199
0.0282845
0.028352
0.0284221
0.0284946
0.0285693
0.0286459
0.0287244
0.0288047
0.0288867
0.0289703
0.0290555
0.0291424
0.0292308
0.0293209
0.0294127
0.0295063
0.0296016
0.0296989
0.0297981
0.0298995
0.0300031
0.0301091
0.0302176
0.0303287
0.0304426
0.0305596
0.0306797
0.0308033
0.0309304
0.0310614
0.0311965
0.031336
0.03148
0.031629
0.0317832
0.031943
0.0321087
0.0322807
0.0324594
0.0326452
0.0328386
0.03304
0.03325
0.0334692
0.0336981
0.0339374
0.0341877
0.0344499
0.0347248
0.0350132
0.0353162
0.0356347
0.0359699
0.0363232
0.0366959
0.0370896
0.037506
0.0379471
0.0384151
0.0389123
0.0394416
0.0400061
0.0406095
0.0412559
0.0419502
0.042698
0.0435059
0.0443819
0.0453354
0.0463779
0.0475234
0.0487893
0.0501975
0.0517761
0.0535614
0.0556021
0.0579643
0.0607413
0.0640686
0.068153
0.073327
0.0801665
0.0897712
0.104557
0.131112
0.195473
0.513128
0.0291567
0.0291439
0.0291428
0.0291513
0.0291686
0.0291936
0.0292257
0.0292639
0.0293076
0.0293561
0.029409
0.0294657
0.0295258
0.0295889
0.0296547
0.029723
0.0297935
0.029866
0.0299404
0.0300166
0.0300944
0.0301737
0.0302547
0.0303371
0.030421
0.0305065
0.0305935
0.0306821
0.0307723
0.0308642
0.0309579
0.0310535
0.0311511
0.0312508
0.0313528
0.0314571
0.031564
0.0316736
0.031786
0.0319016
0.0320205
0.0321428
0.0322689
0.032399
0.0325334
0.0326723
0.0328161
0.0329651
0.0331195
0.0332799
0.0334465
0.0336197
0.0338001
0.0339881
0.0341842
0.0343889
0.0346028
0.0348266
0.0350609
0.0353065
0.035564
0.0358345
0.0361187
0.0364178
0.0367328
0.0370649
0.0374155
0.037786
0.0381781
0.0385936
0.0390345
0.039503
0.0400018
0.0405337
0.0411021
0.0417106
0.0423636
0.0430663
0.0438244
0.0446449
0.045536
0.0465076
0.0475715
0.0487425
0.0500385
0.0514824
0.0531032
0.0549389
0.0570397
0.0594743
0.0623394
0.0657753
0.0699959
0.075345
0.0824173
0.0923472
0.107624
0.13503
0.201359
0.528959
0.03043
0.0304254
0.0304308
0.0304445
0.0304657
0.0304937
0.0305278
0.0305674
0.0306119
0.0306608
0.0307135
0.0307698
0.0308293
0.0308915
0.0309562
0.0310232
0.0310923
0.0311633
0.0312361
0.0313105
0.0313865
0.031464
0.0315429
0.0316232
0.031705
0.0317881
0.0318727
0.0319588
0.0320464
0.0321356
0.0322265
0.0323192
0.0324137
0.0325103
0.0326089
0.0327098
0.0328132
0.0329191
0.0330277
0.0331394
0.0332541
0.0333723
0.0334941
0.0336197
0.0337495
0.0338838
0.0340227
0.0341668
0.0343162
0.0344714
0.0346328
0.0348008
0.0349759
0.0351585
0.0353491
0.0355484
0.0357569
0.0359753
0.0362042
0.0364444
0.0366967
0.0369621
0.0372414
0.0375357
0.0378462
0.038174
0.0385207
0.0388877
0.0392767
0.0396896
0.0401285
0.0405958
0.0410941
0.0416263
0.0421961
0.0428071
0.0434641
0.0441721
0.0449374
0.0457671
0.0466697
0.0476555
0.0487368
0.0499289
0.0512504
0.052725
0.0543828
0.0562631
0.058418
0.0609187
0.063865
0.0674021
0.071751
0.0772666
0.0845622
0.0948063
0.11056
0.138796
0.207045
0.54439
0.0316834
0.0316875
0.0316999
0.0317192
0.0317448
0.0317762
0.0318129
0.0318544
0.0319002
0.0319499
0.0320032
0.0320596
0.0321189
0.0321807
0.032245
0.0323113
0.0323796
0.0324498
0.0325215
0.0325949
0.0326697
0.032746
0.0328237
0.0329026
0.032983
0.0330647
0.0331477
0.0332321
0.033318
0.0334054
0.0334943
0.033585
0.0336774
0.0337716
0.0338679
0.0339663
0.0340669
0.0341701
0.0342758
0.0343844
0.0344959
0.0346107
0.034729
0.034851
0.034977
0.0351072
0.0352421
0.0353818
0.0355268
0.0356775
0.0358342
0.0359974
0.0361675
0.036345
0.0365305
0.0367245
0.0369276
0.0371406
0.037364
0.0375988
0.0378456
0.0381055
0.0383794
0.0386684
0.0389736
0.0392965
0.0396383
0.0400007
0.0403854
0.0407944
0.0412298
0.0416941
0.04219
0.0427206
0.0432895
0.0439007
0.0445589
0.0452695
0.0460388
0.0468743
0.0477848
0.0487809
0.0498754
0.0510839
0.052426
0.0539259
0.055615
0.0575337
0.0597361
0.0622956
0.0653154
0.0689454
0.0734136
0.0790859
0.0865941
0.0971407
0.113358
0.142406
0.212531
0.559316
0.0329081
0.0329212
0.0329409
0.032966
0.0329964
0.0330315
0.0330712
0.0331149
0.0331623
0.0332133
0.0332674
0.0333243
0.0333839
0.0334459
0.0335101
0.0335763
0.0336444
0.0337142
0.0337857
0.0338586
0.033933
0.0340088
0.034086
0.0341644
0.0342442
0.0343253
0.0344076
0.0344913
0.0345764
0.034663
0.034751
0.0348406
0.0349319
0.035025
0.0351199
0.0352169
0.035316
0.0354175
0.0355214
0.035628
0.0357374
0.0358499
0.0359657
0.0360851
0.0362083
0.0363356
0.0364673
0.0366037
0.0367452
0.0368921
0.0370449
0.037204
0.0373699
0.0375429
0.0377238
0.0379131
0.0381113
0.0383191
0.0385374
0.0387668
0.0390082
0.0392626
0.0395309
0.0398143
0.040114
0.0404312
0.0407676
0.0411246
0.041504
0.041908
0.0423386
0.0427985
0.0432904
0.0438175
0.0443835
0.0449926
0.0456496
0.0463599
0.0471303
0.0479683
0.048883
0.0498854
0.0509886
0.0522088
0.0535661
0.0550857
0.0567996
0.0587499
0.060992
0.0636019
0.0666858
0.0703984
0.0749745
0.0807908
0.0884975
0.0993303
0.115992
0.145825
0.217777
0.573753
0.034096
0.0341179
0.0341448
0.0341759
0.0342111
0.0342501
0.0342928
0.0343389
0.0343883
0.0344407
0.0344959
0.0345538
0.034614
0.0346765
0.0347411
0.0348077
0.0348761
0.0349462
0.0350179
0.0350911
0.0351658
0.0352419
0.0353193
0.0353981
0.0354782
0.0355596
0.0356423
0.0357263
0.0358116
0.0358984
0.0359867
0.0360764
0.0361678
0.0362609
0.0363558
0.0364526
0.0365514
0.0366525
0.0367559
0.0368618
0.0369704
0.037082
0.0371966
0.0373147
0.0374363
0.0375619
0.0376917
0.0378259
0.0379651
0.0381094
0.0382594
0.0384155
0.038578
0.0387476
0.0389247
0.03911
0.039304
0.0395074
0.039721
0.0399455
0.0401819
0.040431
0.0406939
0.0409717
0.0412657
0.0415771
0.0419076
0.0422587
0.0426323
0.0430303
0.0434552
0.0439095
0.044396
0.0449181
0.0454794
0.0460843
0.0467376
0.0474452
0.0482136
0.0490508
0.0499661
0.0509707
0.0520782
0.0533051
0.054672
0.0562049
0.0579368
0.0599108
0.062184
0.0648345
0.0679716
0.0717543
0.0764241
0.0823684
0.090255
0.101353
0.118434
0.149021
0.222749
0.587639
0.0352407
0.0352712
0.035305
0.0353418
0.0353816
0.0354243
0.03547
0.0355185
0.0355698
0.0356237
0.0356801
0.0357389
0.0358
0.0358633
0.0359286
0.0359959
0.036065
0.0361358
0.0362083
0.0362824
0.036358
0.0364351
0.0365136
0.0365935
0.0366748
0.0367575
0.0368415
0.0369268
0.0370136
0.0371018
0.0371914
0.0372826
0.0373754
0.0374698
0.037566
0.037664
0.037764
0.0378661
0.0379705
0.0380772
0.0381865
0.0382986
0.0384136
0.0385318
0.0386535
0.0387788
0.0389081
0.0390417
0.0391799
0.0393231
0.0394716
0.0396259
0.0397864
0.0399537
0.0401282
0.0403106
0.0405014
0.0407013
0.0409111
0.0411315
0.0413634
0.0416079
0.0418658
0.0421384
0.0424269
0.0427326
0.0430571
0.0434021
0.0437694
0.0441611
0.0445795
0.0450273
0.0455073
0.0460229
0.046578
0.0471768
0.0478244
0.0485267
0.0492905
0.0501238
0.0510361
0.0520389
0.053146
0.0543745
0.0557453
0.0572849
0.0590272
0.0610163
0.0633107
0.0659903
0.0691673
0.0730047
0.0777502
0.0838009
0.0918418
0.103174
0.120638
0.151932
0.227372
0.600934
0.0363355
0.0363737
0.0364139
0.0364559
0.0364999
0.036546
0.0365944
0.036645
0.036698
0.0367533
0.0368109
0.0368707
0.0369328
0.0369969
0.0370632
0.0371314
0.0372016
0.0372736
0.0373474
0.0374229
0.0375
0.0375788
0.0376592
0.0377411
0.0378245
0.0379093
0.0379957
0.0380835
0.0381729
0.0382637
0.038356
0.0384499
0.0385455
0.0386427
0.0387417
0.0388425
0.0389452
0.0390499
0.0391569
0.0392661
0.0393778
0.0394921
0.0396092
0.0397293
0.0398526
0.0399794
0.04011
0.0402446
0.0403835
0.0405271
0.0406758
0.0408299
0.0409899
0.0411563
0.0413297
0.0415104
0.0416993
0.0418969
0.042104
0.0423213
0.0425498
0.0427904
0.0430441
0.043312
0.0435955
0.0438958
0.0442146
0.0445535
0.0449145
0.0452995
0.0457109
0.0461515
0.0466242
0.0471323
0.0476798
0.048271
0.0489111
0.0496059
0.0503625
0.0511889
0.0520949
0.053092
0.0541944
0.0554193
0.0567881
0.0583277
0.0600725
0.0620674
0.0643722
0.0670681
0.0702696
0.0741428
0.0789407
0.0850691
0.0932278
0.104747
0.122531
0.154453
0.231496
0.613519
0.0373801
0.0374251
0.0374705
0.0375167
0.0375639
0.0376124
0.0376626
0.0377146
0.0377687
0.0378248
0.0378831
0.0379436
0.0380063
0.0380712
0.0381382
0.0382074
0.0382787
0.0383521
0.0384274
0.0385046
0.0385838
0.0386648
0.0387476
0.0388321
0.0389184
0.0390064
0.039096
0.0391874
0.0392803
0.0393749
0.0394712
0.0395692
0.0396689
0.0397704
0.0398736
0.0399788
0.0400858
0.0401949
0.0403062
0.0404196
0.0405355
0.0406538
0.0407748
0.0408987
0.0410256
0.0411558
0.0412894
0.0414269
0.0415684
0.0417143
0.0418649
0.0420207
0.042182
0.0423492
0.042523
0.0427038
0.0428923
0.0430891
0.0432948
0.0435104
0.0437366
0.0439744
0.0442249
0.0444891
0.0447683
0.0450639
0.0453775
0.0457107
0.0460655
0.0464439
0.0468483
0.0472814
0.0477461
0.048246
0.048785
0.0493673
0.0499983
0.050684
0.0514312
0.0522482
0.0531449
0.0541329
0.0552266
0.0564431
0.0578043
0.0593373
0.0610768
0.0630683
0.0653719
0.0680701
0.0712784
0.0751652
0.0799865
0.0861538
0.0943774
0.106009
0.124004
0.156383
0.234774
0.625128
0.0383681
0.0384184
0.0384678
0.0385169
0.0385661
0.0386161
0.0386672
0.0387198
0.0387742
0.0388305
0.0388889
0.0389496
0.0390126
0.0390779
0.0391456
0.0392157
0.0392881
0.0393628
0.0394399
0.0395192
0.0396007
0.0396844
0.0397702
0.0398581
0.039948
0.0400399
0.0401338
0.0402296
0.0403274
0.040427
0.0405286
0.040632
0.0407373
0.0408445
0.0409537
0.0410648
0.041178
0.0412932
0.0414106
0.0415302
0.0416522
0.0417765
0.0419035
0.0420331
0.0421656
0.0423012
0.0424401
0.0425825
0.0427287
0.0428789
0.0430335
0.0431929
0.0433574
0.0435275
0.0437036
0.0438863
0.0440761
0.0442737
0.0444798
0.0446951
0.0449204
0.0451568
0.0454053
0.0456668
0.0459428
0.0462346
0.0465437
0.0468717
0.0472207
0.0475928
0.0479902
0.0484158
0.0488724
0.0493636
0.0498933
0.0504659
0.0510867
0.0517616
0.0524977
0.0533033
0.0541882
0.0551642
0.0562455
0.0574497
0.0587984
0.060319
0.0620462
0.0640256
0.0663175
0.0690044
0.072202
0.0760789
0.0808913
0.0870513
0.0952704
0.106904
0.124922
0.15741
0.23645
0.635035
0.0399588
0.0400035
0.0400459
0.0400871
0.0401279
0.0401691
0.0402113
0.0402549
0.0403004
0.0403481
0.0403983
0.0404512
0.0405069
0.0405656
0.0406274
0.0406922
0.0407601
0.0408311
0.0409052
0.0409824
0.0410625
0.0411456
0.0412316
0.0413204
0.0414119
0.0415062
0.0416031
0.0417025
0.0418045
0.0419089
0.0420158
0.0421249
0.0422365
0.0423503
0.0424663
0.0425846
0.0427052
0.042828
0.0429531
0.0430804
0.0432101
0.0433422
0.0434767
0.0436138
0.0437535
0.043896
0.0440415
0.0441901
0.044342
0.0444974
0.0446568
0.0448202
0.0449881
0.0451609
0.0453389
0.0455227
0.0457128
0.0459098
0.0461143
0.046327
0.0465489
0.0467807
0.0470234
0.0472783
0.0475464
0.0478291
0.048128
0.0484448
0.0487813
0.0491396
0.0495221
0.0499315
0.0503709
0.0508435
0.0513535
0.0519052
0.0525039
0.0531556
0.0538674
0.0546474
0.0555057
0.0564539
0.0575063
0.0586804
0.0599979
0.061486
0.0631794
0.0651233
0.0673778
0.0700247
0.0731788
0.0770066
0.0817611
0.0878475
0.0959637
0.107433
0.125142
0.156897
0.233449
0.614592
0.0420484
0.0420819
0.0421123
0.0421415
0.0421703
0.0421999
0.0422309
0.0422642
0.0423005
0.0423401
0.0423837
0.0424316
0.042484
0.0425413
0.0426036
0.042671
0.0427436
0.0428215
0.0429046
0.042993
0.0430867
0.0431855
0.0432894
0.0433983
0.043512
0.0436306
0.0437537
0.0438814
0.0440135
0.0441497
0.0442901
0.0444344
0.0445825
0.0447342
0.0448894
0.045048
0.0452098
0.0453747
0.0455426
0.0457133
0.0458867
0.0460628
0.0462416
0.0464228
0.0466065
0.0467926
0.0469812
0.0471723
0.047366
0.0475622
0.0477612
0.047963
0.0481679
0.0483762
0.0485881
0.0488039
0.0490241
0.0492491
0.0494795
0.0497159
0.0499589
0.0502095
0.0504685
0.050737
0.0510161
0.0513071
0.0516115
0.051931
0.0522675
0.052623
0.053
0.0534013
0.0538299
0.0542893
0.0547837
0.0553177
0.0558966
0.0565269
0.0572157
0.0579718
0.0588055
0.0597291
0.0607575
0.0619092
0.0632067
0.0646787
0.0663615
0.0683028
0.0705655
0.0732355
0.0764334
0.0803341
0.085203
0.0914655
0.0998529
0.111751
0.130177
0.16328
0.243142
0.643162
0.0434486
0.0434555
0.043461
0.0434671
0.0434749
0.0434852
0.0434992
0.0435176
0.0435413
0.0435708
0.0436068
0.0436498
0.0437001
0.0437581
0.0438242
0.0438984
0.0439809
0.0440718
0.0441712
0.044279
0.0443953
0.0445198
0.0446526
0.0447935
0.0449424
0.045099
0.0452631
0.0454346
0.0456132
0.0457986
0.0459906
0.0461888
0.0463931
0.0466031
0.0468185
0.0470389
0.0472642
0.047494
0.0477279
0.0479657
0.048207
0.0484516
0.0486992
0.0489495
0.0492023
0.0494572
0.0497141
0.0499728
0.0502332
0.050495
0.0507582
0.0510227
0.0512885
0.0515556
0.0518241
0.0520942
0.052366
0.0526398
0.052916
0.053195
0.0534775
0.0537639
0.0540551
0.0543521
0.0546557
0.0549673
0.0552883
0.0556201
0.0559647
0.0563242
0.0567008
0.0570974
0.057517
0.0579633
0.0584404
0.058953
0.0595066
0.0601078
0.060764
0.0614841
0.0622788
0.0631608
0.0641455
0.0652518
0.0665031
0.0679289
0.0695667
0.0714656
0.0736906
0.0763304
0.0795092
0.0834076
0.0882992
0.0946224
0.103131
0.115251
0.134082
0.167983
0.249808
0.660362
0.04407
0.044032
0.0439966
0.0439657
0.0439403
0.0439212
0.0439094
0.0439058
0.043911
0.0439259
0.043951
0.0439869
0.0440341
0.0440929
0.0441637
0.0442467
0.0443421
0.04445
0.0445705
0.0447035
0.0448491
0.0450071
0.0451774
0.0453598
0.0455541
0.04576
0.0459773
0.0462055
0.0464445
0.0466937
0.0469527
0.0472212
0.0474987
0.0477847
0.0480787
0.0483802
0.0486888
0.0490037
0.0493246
0.0496509
0.049982
0.0503174
0.0506565
0.0509988
0.0513437
0.0516908
0.0520394
0.0523893
0.0527398
0.0530905
0.0534412
0.0537913
0.0541406
0.0544889
0.0548359
0.0551814
0.0555255
0.0558682
0.0562094
0.0565495
0.0568887
0.0572275
0.0575663
0.057906
0.0582472
0.0585911
0.0589389
0.059292
0.0596521
0.0600212
0.0604016
0.0607959
0.0612072
0.061639
0.0620954
0.0625812
0.0631021
0.0636643
0.0642757
0.0649452
0.0656836
0.0665038
0.0674214
0.0684557
0.0696304
0.0709754
0.072529
0.0743409
0.0764772
0.0790279
0.0821194
0.0859349
0.0907526
0.0970177
0.105496
0.117634
0.136577
0.170791
0.253565
0.67148
0.0439142
0.0438118
0.0437189
0.0436368
0.0435662
0.0435077
0.043462
0.0434297
0.0434114
0.0434079
0.0434195
0.043447
0.0434906
0.0435508
0.0436279
0.0437222
0.0438338
0.0439628
0.0441093
0.0442733
0.0444546
0.0446533
0.0448691
0.0451018
0.045351
0.0456165
0.0458978
0.0461945
0.0465062
0.0468323
0.0471722
0.0475254
0.0478912
0.048269
0.048658
0.0490575
0.0494668
0.049885
0.0503114
0.0507452
0.0511854
0.0516313
0.0520819
0.0525365
0.0529942
0.0534541
0.0539154
0.0543772
0.0548387
0.0552991
0.0557578
0.0562139
0.0566669
0.057116
0.0575608
0.0580006
0.0584352
0.0588642
0.0592873
0.0597045
0.0601156
0.0605208
0.0609203
0.0613146
0.0617042
0.06209
0.0624728
0.062854
0.0632349
0.0636175
0.0640039
0.0643964
0.0647982
0.0652126
0.0656437
0.0660962
0.0665757
0.0670885
0.0676423
0.0682463
0.0689111
0.0696498
0.0704781
0.0714152
0.0724851
0.0737177
0.0751515
0.0768363
0.0788384
0.0812481
0.0841919
0.0878535
0.0925115
0.0986118
0.106921
0.118887
0.137653
0.171674
0.254179
0.672584
0.043172
0.0429842
0.0428158
0.0426672
0.0425385
0.0424296
0.0423408
0.0422724
0.0422248
0.0421982
0.0421931
0.0422097
0.0422486
0.0423098
0.0423937
0.0425004
0.0426301
0.0427829
0.0429587
0.0431576
0.0433793
0.0436238
0.0438908
0.04418
0.0444909
0.0448233
0.0451765
0.0455501
0.0459435
0.0463558
0.0467866
0.0472348
0.0476998
0.0481806
0.0486763
0.049186
0.0497085
0.0502428
0.0507879
0.0513426
0.0519057
0.0524761
0.0530526
0.0536339
0.0542188
0.0548061
0.0553945
0.0559829
0.0565699
0.0571545
0.0577354
0.0583115
0.0588818
0.0594451
0.0600005
0.060547
0.0610839
0.0616104
0.0621259
0.0626297
0.0631215
0.0636011
0.0640683
0.0645231
0.0649659
0.0653971
0.0658174
0.0662277
0.0666294
0.0670239
0.0674132
0.0677996
0.0681858
0.0685753
0.0689719
0.0693802
0.0698057
0.0702547
0.070735
0.0712554
0.0718267
0.072462
0.0731767
0.0739902
0.0749262
0.0760146
0.0772935
0.0788125
0.0806374
0.0828578
0.0855982
0.0890405
0.0934603
0.0992987
0.107313
0.118936
0.13727
0.170656
0.25186
0.665326
0.0421526
0.0418499
0.0415824
0.041348
0.0411446
0.0409715
0.040828
0.0407138
0.0406287
0.0405725
0.0405454
0.0405474
0.0405784
0.0406387
0.0407282
0.040847
0.0409951
0.0411725
0.041379
0.0416147
0.0418792
0.0421723
0.0424936
0.0428428
0.0432194
0.0436229
0.0440526
0.0445078
0.0449878
0.0454918
0.0460188
0.0465679
0.047138
0.0477279
0.0483366
0.0489628
0.0496051
0.0502623
0.0509328
0.0516153
0.0523082
0.05301
0.0537192
0.0544341
0.0551531
0.0558745
0.0565968
0.0573182
0.0580372
0.058752
0.059461
0.0601627
0.0608554
0.0615378
0.0622082
0.0628653
0.0635077
0.0641342
0.0647438
0.0653354
0.0659081
0.0664614
0.0669946
0.0675074
0.0679998
0.0684719
0.0689239
0.0693566
0.0697709
0.0701682
0.0705501
0.0709188
0.0712768
0.0716271
0.0719737
0.0723209
0.0726742
0.0730399
0.0734256
0.0738402
0.0742942
0.0748007
0.075375
0.0760361
0.0768074
0.0777183
0.0788063
0.0801198
0.0817233
0.0837041
0.0861848
0.0893431
0.0934483
0.0989312
0.106532
0.117649
0.135309
0.167646
0.246568
0.648821
0.0412488
0.0408009
0.0404052
0.0400591
0.0397598
0.0395041
0.0392902
0.0391168
0.0389829
0.0388878
0.0388307
0.0388114
0.0388294
0.0388845
0.0389763
0.0391047
0.0392693
0.0394701
0.0397066
0.0399787
0.0402858
0.0406277
0.0410039
0.0414137
0.0418567
0.042332
0.0428389
0.0433766
0.0439442
0.0445404
0.0451644
0.0458148
0.0464903
0.0471896
0.0479112
0.0486537
0.0494154
0.0501946
0.0509896
0.0517987
0.05262
0.0534515
0.0542914
0.0551376
0.0559882
0.056841
0.0576941
0.0585452
0.0593923
0.0602334
0.0610663
0.061889
0.0626995
0.0634957
0.0642752
0.0650359
0.0657762
0.0664944
0.0671889
0.0678583
0.0685012
0.0691166
0.0697034
0.070261
0.0707887
0.0712864
0.071754
0.0721918
0.0726005
0.0729812
0.0733352
0.0736645
0.0739714
0.0742591
0.0745311
0.0747918
0.0750465
0.0753014
0.075564
0.0758431
0.0761491
0.0764947
0.0768951
0.0773688
0.0779388
0.0786336
0.0794896
0.0805537
0.081888
0.0835769
0.0857381
0.0885426
0.0922487
0.0972701
0.104317
0.114729
0.131409
0.162145
0.237464
0.621891
0.0408686
0.0402488
0.039699
0.0392156
0.0387952
0.0384349
0.0381316
0.0378826
0.037686
0.03754
0.0374432
0.0373942
0.0373921
0.037436
0.0375252
0.0376589
0.0378365
0.0380575
0.0383213
0.0386272
0.0389748
0.0393633
0.039792
0.0402601
0.040767
0.0413116
0.041893
0.0425102
0.0431618
0.0438464
0.0445627
0.0453091
0.0460842
0.0468862
0.0477136
0.0485645
0.049437
0.0503291
0.0512389
0.0521642
0.0531028
0.0540525
0.055011
0.0559759
0.0569448
0.0579152
0.0588846
0.0598504
0.0608102
0.0617613
0.062701
0.0636269
0.0645362
0.0654265
0.0662951
0.0671397
0.067958
0.0687475
0.0695064
0.0702324
0.0709238
0.0715789
0.0721964
0.0727748
0.0733134
0.0738113
0.0742683
0.0746843
0.0750596
0.0753951
0.0756919
0.0759517
0.0761768
0.0763701
0.0765352
0.0766764
0.0767988
0.0769087
0.0770134
0.0771216
0.0772438
0.0773923
0.077582
0.0778309
0.0781614
0.0786007
0.0791839
0.0799557
0.0809751
0.0823221
0.084108
0.0864939
0.0897232
0.0941849
0.100546
0.110067
0.125471
0.154066
0.224455
0.584137
0.0413661
0.0405599
0.0398417
0.0392069
0.0386513
0.0381714
0.0377645
0.0374275
0.037157
0.0369502
0.0368046
0.0367182
0.036689
0.0367156
0.0367965
0.0369305
0.0371164
0.0373531
0.0376396
0.0379749
0.038358
0.0387877
0.0392631
0.0397829
0.0403461
0.0409514
0.0415975
0.0422829
0.0430062
0.0437657
0.04456
0.0453871
0.0462455
0.0471331
0.048048
0.0489881
0.0499514
0.0509357
0.0519385
0.0529577
0.0539907
0.0550349
0.0560879
0.0571468
0.0582089
0.0592714
0.0603314
0.0613859
0.0624318
0.0634662
0.0644859
0.0654878
0.0664688
0.0674258
0.0683558
0.0692557
0.0701225
0.0709536
0.0717461
0.0724974
0.0732053
0.0738674
0.0744818
0.0750469
0.0755612
0.0760236
0.0764335
0.0767904
0.0770944
0.0773462
0.0775468
0.0776977
0.0778013
0.0778602
0.0778782
0.0778595
0.0778095
0.0777343
0.0776414
0.0775394
0.0774388
0.0773517
0.0772928
0.0772794
0.0773331
0.0774799
0.077753
0.0781945
0.0788596
0.0798228
0.081187
0.0831013
0.0857899
0.0896109
0.0951776
0.103646
0.117517
0.143489
0.207745
0.536368
0.0430759
0.0420805
0.0411899
0.0403987
0.039702
0.0390959
0.0385773
0.0381444
0.0377928
0.0375184
0.0373178
0.0371879
0.037126
0.0371296
0.0371966
0.037325
0.037513
0.0377587
0.0380605
0.0384169
0.0388262
0.0392869
0.0397975
0.0403564
0.0409619
0.0416124
0.0423063
0.0430419
0.0438172
0.0446307
0.0454802
0.046364
0.04728
0.0482261
0.0492003
0.0502003
0.0512238
0.0522685
0.0533319
0.0544116
0.0555048
0.0566089
0.057721
0.0588382
0.0599575
0.0610756
0.0621893
0.0632954
0.0643903
0.0654705
0.0665325
0.0675726
0.0685871
0.0695723
0.0705247
0.0714405
0.0723163
0.0731485
0.0739338
0.074669
0.0753512
0.0759777
0.0765459
0.0770537
0.0774994
0.0778814
0.0781987
0.0784508
0.0786376
0.0787595
0.0788176
0.0788135
0.0787494
0.0786285
0.0784544
0.0782316
0.0779658
0.0776633
0.0773317
0.0769799
0.0766184
0.0762592
0.0759166
0.0756077
0.0753529
0.0751771
0.075111
0.075194
0.0754766
0.0760268
0.0769382
0.0783451
0.0804495
0.0835728
0.0882644
0.0955594
0.107693
0.130645
0.18775
0.479904
0.0463937
0.0452184
0.0441625
0.0432198
0.0423852
0.0416548
0.0410257
0.040496
0.0400611
0.039716
0.0394563
0.0392779
0.0391772
0.0391508
0.0391957
0.039309
0.0394881
0.0397305
0.0400337
0.0403955
0.0408136
0.041286
0.0418104
0.0423848
0.0430072
0.0436756
0.0443878
0.0451419
0.0459359
0.0467677
0.0476354
0.0485368
0.0494699
0.0504325
0.0514226
0.0524378
0.053476
0.0545348
0.0556117
0.0567043
0.0578097
0.0589253
0.0600481
0.0611751
0.0623029
0.0634283
0.0645476
0.0656572
0.0667532
0.0678316
0.0688883
0.0699192
0.0709198
0.071886
0.0728133
0.0736975
0.0745343
0.0753196
0.0760494
0.0767198
0.0773273
0.0778686
0.0783408
0.0787413
0.0790678
0.0793187
0.0794928
0.0795894
0.0796083
0.0795502
0.0794162
0.0792082
0.0789286
0.078581
0.0781694
0.0776989
0.0771753
0.0766057
0.0759979
0.0753613
0.0747064
0.0740454
0.0733925
0.0727641
0.0721798
0.0716629
0.071242
0.0709528
0.0708411
0.0709674
0.0714146
0.0723009
0.0738032
0.0762018
0.0799754
0.0860232
0.096285
0.115944
0.165166
0.416963
0.0518113
0.0504772
0.0492733
0.0481933
0.0472323
0.0463865
0.045654
0.0450329
0.0445163
0.0440985
0.0437742
0.0435387
0.0433873
0.043316
0.0433209
0.0433981
0.0435444
0.0437564
0.044031
0.0443653
0.0447564
0.0452018
0.0456987
0.0462448
0.0468376
0.0474749
0.0481544
0.0488741
0.0496317
0.0504254
0.051253
0.0521126
0.0530023
0.0539201
0.0548641
0.0558323
0.0568225
0.0578327
0.0588606
0.0599038
0.0609597
0.0620257
0.0630989
0.0641761
0.0652539
0.0663289
0.067397
0.0684543
0.0694965
0.070519
0.0715171
0.072486
0.0734206
0.0743159
0.0751667
0.0759679
0.0767145
0.0774016
0.0780243
0.0785783
0.0790594
0.0794636
0.0797876
0.0800284
0.0801837
0.0802514
0.0802305
0.0801203
0.079921
0.0796333
0.0792588
0.0788
0.0782599
0.0776426
0.0769529
0.0761965
0.0753802
0.0745116
0.0735992
0.0726529
0.0716836
0.0707037
0.0697273
0.0687703
0.0678514
0.0669923
0.0662191
0.0655637
0.0650665
0.0647802
0.0647761
0.0651551
0.0660674
0.0677496
0.0706048
0.0753887
0.0837286
0.0999642
0.140927
0.3504
0.0599935
0.0585214
0.057186
0.0559813
0.0549027
0.0539479
0.0531166
0.0524
0.0517913
0.0512843
0.0508731
0.0505523
0.0503168
0.0501617
0.0500825
0.0500752
0.0501356
0.0502601
0.0504452
0.0506877
0.0509844
0.0513325
0.0517292
0.0521721
0.0526587
0.0531868
0.0537543
0.0543592
0.0549996
0.0556738
0.0563801
0.0571169
0.0578826
0.0586756
0.0594945
0.0603375
0.061203
0.0620892
0.0629943
0.0639161
0.0648524
0.0658006
0.0667579
0.067721
0.0686866
0.0696507
0.0706093
0.0715576
0.0724909
0.0734039
0.074291
0.0751467
0.0759648
0.0767393
0.0774642
0.0781334
0.0787407
0.0792805
0.0797471
0.0801353
0.0804403
0.0806577
0.0807838
0.0808154
0.0807499
0.0805856
0.0803215
0.0799573
0.0794938
0.0789323
0.0782752
0.0775257
0.076688
0.075767
0.0747686
0.0736997
0.0725679
0.0713817
0.0701508
0.0688855
0.0675974
0.0662992
0.0650048
0.0637298
0.0624917
0.0613105
0.0602095
0.0592167
0.0583669
0.0577044
0.0572884
0.0572022
0.0575681
0.0585787
0.0605603
0.0641238
0.0705817
0.083427
0.116159
0.283565
0.07186
0.070236
0.0687499
0.0673962
0.066171
0.0650731
0.0641046
0.0632462
0.0624909
0.0618323
0.0612644
0.0607819
0.0603795
0.0600524
0.0597964
0.0596072
0.0594812
0.0594147
0.0594045
0.0594477
0.0595414
0.0596831
0.0598704
0.0601012
0.0603734
0.0606853
0.0610351
0.0614213
0.0618427
0.0622978
0.0627855
0.0633047
0.0638543
0.0644334
0.0650408
0.0656755
0.0663362
0.0670217
0.0677304
0.0684606
0.0692101
0.0699766
0.0707572
0.0715486
0.0723471
0.0731485
0.0739478
0.0747399
0.0755188
0.0762785
0.0770122
0.077713
0.0783736
0.0789868
0.0795452
0.0800414
0.0804684
0.0808192
0.0810874
0.081267
0.0813526
0.0813396
0.0812239
0.0810025
0.080673
0.0802342
0.0796855
0.0790277
0.0782623
0.0773919
0.07642
0.0753511
0.0741907
0.0729453
0.0716222
0.0702294
0.068776
0.0672717
0.0657271
0.0641535
0.062563
0.0609685
0.0593838
0.0578239
0.0563051
0.0548453
0.0534649
0.0521878
0.0510425
0.050065
0.0493025
0.0488203
0.0487138
0.0491324
0.0503284
0.0527734
0.0574791
0.0671322
0.0920806
0.219938
0.0884922
0.086604
0.0848523
0.0832321
0.0817417
0.0803832
0.0791334
0.0779843
0.0769298
0.0759639
0.0750815
0.0742776
0.073548
0.0728887
0.072296
0.0717668
0.0712979
0.0708866
0.0705304
0.0702271
0.0699744
0.0697706
0.0696138
0.0695026
0.0694355
0.0694112
0.0694285
0.0694866
0.0695845
0.0697213
0.0698964
0.0701092
0.0703589
0.0706451
0.0709671
0.0713243
0.0717156
0.0721403
0.072597
0.0730841
0.0735995
0.0741408
0.074705
0.0752882
0.0758861
0.0764937
0.0771052
0.077714
0.0783129
0.0788943
0.0794499
0.0799711
0.080449
0.0808746
0.081239
0.0815334
0.0817495
0.0818794
0.0819157
0.0818519
0.0816824
0.0814025
0.0810083
0.0804974
0.0798681
0.0791202
0.0782544
0.0772728
0.0761784
0.0749756
0.0736695
0.0722667
0.0707742
0.0692004
0.0675543
0.0658456
0.0640848
0.062283
0.0604518
0.0586032
0.0567498
0.0549046
0.0530809
0.0512929
0.0495551
0.0478833
0.0462945
0.0448081
0.0434463
0.0422368
0.0412149
0.0404288
0.0399487
0.039884
0.0404191
0.0418991
0.0450641
0.0518775
0.0698836
0.162752
0.110461
0.108027
0.105732
0.103572
0.101546
0.0996406
0.0978376
0.0961323
0.0945198
0.092996
0.0915571
0.0901996
0.0889202
0.0877163
0.086585
0.0855241
0.0845312
0.0836044
0.0827418
0.0819414
0.0812018
0.0805215
0.0798989
0.0793329
0.0788222
0.0783658
0.0779627
0.0776121
0.0773132
0.0770653
0.0768679
0.0767203
0.0766222
0.0765732
0.0765726
0.07662
0.0767146
0.0768554
0.0770413
0.0772703
0.0775403
0.0778482
0.0781905
0.0785623
0.0789584
0.0793721
0.079796
0.0802219
0.0806404
0.0810419
0.0814157
0.0817511
0.0820373
0.0822631
0.0824181
0.082492
0.0824753
0.0823593
0.0821362
0.0817996
0.0813439
0.0807652
0.0800607
0.0792292
0.0782706
0.0771864
0.0759795
0.0746539
0.0732151
0.0716695
0.0700248
0.0682896
0.0664734
0.0645865
0.0626399
0.0606449
0.0586135
0.0565579
0.0544905
0.0524239
0.0503707
0.0483434
0.0463546
0.0444167
0.0425424
0.0407445
0.0390364
0.0374324
0.0359488
0.0346047
0.0334245
0.0324409
0.0317016
0.0312809
0.0313052
0.0320115
0.0339104
0.0383584
0.0505685
0.114478
0.136348
0.132941
0.129699
0.126614
0.123678
0.120869
0.118183
0.115616
0.113164
0.110823
0.108591
0.106463
0.104437
0.10251
0.10068
0.0989432
0.0972977
0.0957411
0.094271
0.0928854
0.0915822
0.0903594
0.0892152
0.0881478
0.0871557
0.0862373
0.0853912
0.0846163
0.0839113
0.0832753
0.0827074
0.0822068
0.0817728
0.0814048
0.081102
0.0808637
0.0806889
0.0805763
0.0805242
0.0805303
0.0805915
0.0807038
0.0808622
0.0810603
0.0812909
0.081545
0.0818129
0.0820835
0.0823448
0.0825842
0.0827885
0.0829444
0.0830388
0.0830588
0.0829924
0.0828284
0.0825569
0.082169
0.0816578
0.0810174
0.080244
0.0793353
0.0782907
0.0771113
0.0757998
0.0743604
0.0727988
0.0711221
0.0693385
0.0674574
0.0654893
0.0634451
0.0613368
0.0591766
0.0569773
0.0547517
0.0525128
0.0502734
0.0480461
0.0458434
0.043677
0.0415583
0.0394983
0.037507
0.0355944
0.0337698
0.0320423
0.0304213
0.0289168
0.0275402
0.026306
0.0252337
0.0243522
0.0237076
0.0233798
0.0235207
0.0244612
0.0270863
0.0348113
0.0764787
0.161223
0.156523
0.152045
0.147774
0.14369
0.139786
0.136057
0.132496
0.129098
0.125858
0.12277
0.11983
0.117033
0.114374
0.111849
0.109453
0.107182
0.105033
0.103001
0.101083
0.0992758
0.0975758
0.09598
0.0944854
0.0930894
0.0917895
0.0905832
0.0894685
0.0884434
0.0875063
0.0866556
0.0858899
0.085208
0.0846089
0.0840915
0.0836545
0.0832964
0.0830155
0.0828091
0.0826739
0.0826055
0.0825981
0.0826444
0.0827358
0.0828617
0.0830102
0.083168
0.0833205
0.0834525
0.0835481
0.0835914
0.0835669
0.0834597
0.0832561
0.0829436
0.0825114
0.0819505
0.0812538
0.0804162
0.0794347
0.0783083
0.0770379
0.0756265
0.0740788
0.0724011
0.0706014
0.0686889
0.0666742
0.0645687
0.0623848
0.0601355
0.0578343
0.055495
0.0531314
0.0507573
0.0483862
0.0460311
0.0437046
0.0414185
0.0391837
0.0370105
0.0349078
0.0328838
0.0309455
0.0290993
0.0273502
0.0257031
0.0241619
0.0227309
0.0214147
0.0202193
0.0191535
0.0182317
0.0174782
0.0169377
0.0166984
0.0169568
0.0182463
0.0226403
0.0476349
0.177104
0.171304
0.165792
0.160551
0.155563
0.15082
0.146308
0.142019
0.137943
0.134071
0.130393
0.126903
0.123592
0.120453
0.117479
0.114665
0.112003
0.109489
0.107117
0.104881
0.102777
0.100801
0.0989486
0.0972154
0.0955982
0.0940938
0.0926993
0.0914119
0.0902295
0.08915
0.0881717
0.0872931
0.0865128
0.0858295
0.0852418
0.084748
0.0843458
0.0840321
0.0838026
0.0836517
0.083572
0.0835544
0.0835877
0.0836588
0.0837528
0.0838535
0.0839432
0.0840038
0.0840169
0.0839645
0.0838293
0.0835954
0.0832483
0.0827757
0.0821673
0.081415
0.0805132
0.0794588
0.0782508
0.0768907
0.0753821
0.0737306
0.0719438
0.0700306
0.0680018
0.0658693
0.0636459
0.0613454
0.0589822
0.0565709
0.0541265
0.0516638
0.0491974
0.0467415
0.0443094
0.0419141
0.0395671
0.0372794
0.0350603
0.0329183
0.0308603
0.0288922
0.0270183
0.025242
0.0235653
0.0219894
0.0205145
0.0191402
0.0178658
0.0166905
0.0156142
0.0146378
0.0137651
0.0130047
0.0123753
0.0119173
0.0117245
0.0120574
0.0139434
0.0261767
)
;

boundaryField
{
    jetInlet
    {
        type            fixedValue;
        value           uniform 0.001;
    }
    returnOutlet
    {
        type            inletOutlet;
        inletValue      uniform 0.001;
        value           nonuniform List<scalar> 
35
(
3.17891
1.7078
1.66291
1.85453
2.1443
2.48426
2.84099
3.18498
3.49075
3.7396
3.92072
4.0204
0.001
0.001
0.001
0.001
0.001
0.001
0.001
0.001
0.001
0.001
0.001
0.001
0.001
0.001
0.152585
0.18206
0.155469
0.0748432
0.0516856
0.0828304
0.162588
0.265283
0.339266
)
;
    }
    flatBed
    {
        type            epsilonWallFunction;
        blending        stepwise;
        value           nonuniform List<scalar> 
100
(
3.17891
3.2439
3.30408
3.35893
3.40767
3.44961
3.48428
3.51185
3.5284
3.52353
3.49496
3.44144
3.36274
3.2596
3.13364
2.98724
2.8234
2.64558
2.45752
2.26314
2.06632
1.8708
1.68
1.49695
1.32414
1.16345
1.01614
0.88287
0.76373
0.658349
0.566001
0.485716
0.416386
0.356848
0.305951
0.262601
0.225786
0.19459
0.168196
0.145881
0.127018
0.111063
0.0975497
0.0860853
0.0763405
0.0680437
0.0609733
0.0549503
0.0498309
0.0454987
0.0418578
0.0388266
0.0363328
0.0343107
0.0326994
0.0314426
0.0304896
0.0297961
0.0293241
0.0290423
0.0289253
0.028953
0.0291095
0.0293826
0.0297628
0.0302426
0.0308097
0.0314361
0.0321167
0.0328474
0.033625
0.0344474
0.0353133
0.036223
0.0371783
0.0381829
0.0392435
0.0403699
0.0415475
0.0427573
0.043995
0.0452569
0.046539
0.0478373
0.0491468
0.0504623
0.0517773
0.0530837
0.0543717
0.0556282
0.0568363
0.0579732
0.0590083
0.0599016
0.0606046
0.0610633
0.061223
0.0610945
0.0611455
0.0640271
)
;
    }
    slope
    {
        type            epsilonWallFunction;
        blending        stepwise;
        value           nonuniform List<scalar> 
50
(
1.44709
0.608575
0.239209
0.223546
0.237772
0.257592
0.279342
0.298601
0.318095
0.335858
0.353438
0.37005
0.386355
0.402122
0.417538
0.427808
0.445841
0.462942
0.480188
0.496781
0.513128
0.528959
0.54439
0.559316
0.573753
0.587639
0.600934
0.613519
0.625128
0.635035
0.614592
0.643162
0.660362
0.67148
0.672584
0.665326
0.648821
0.621891
0.584137
0.536368
0.479904
0.416963
0.3504
0.283565
0.219938
0.162752
0.114478
0.0764787
0.0476349
0.0261767
)
;
    }
    top
    {
        type            symmetryPlane;
    }
    frontAndBack
    {
        type            empty;
    }
    defaultFaces
    {
        type            empty;
    }
}


// ************************************************************************* //
