/*--------------------------------*- C++ -*----------------------------------*\
| =========                 |                                                 |
| \\      /  F ield         | OpenFOAM: The Open Source CFD Toolbox           |
|  \\    /   O peration     | Version:  2206                                  |
|   \\  /    A nd           | Website:  www.openfoam.com                      |
|    \\/     M anipulation  |                                                 |
\*---------------------------------------------------------------------------*/
FoamFile
{
    version     2.0;
    format      ascii;
    arch        "LSB;label=32;scalar=64";
    class       volScalarField;
    location    "900";
    object      k;
}
// * * * * * * * * * * * * * * * * * * * * * * * * * * * * * * * * * * * * * //

dimensions      [0 2 -2 0 0 0 0];

internalField   nonuniform List<scalar> 
10000
(
0.293046
0.297028
0.300692
0.304012
0.306948
0.309463
0.311535
0.313178
0.314163
0.313877
0.31218
0.308988
0.304263
0.298012
0.290288
0.281179
0.270805
0.259316
0.246882
0.23369
0.219941
0.205843
0.191603
0.177424
0.163497
0.149991
0.137052
0.124795
0.113303
0.102629
0.0927964
0.0838034
0.0756295
0.0682398
0.0615893
0.0556277
0.0503015
0.0455567
0.0413399
0.0375995
0.0342858
0.0313524
0.0287561
0.0264576
0.0244223
0.02262
0.0210253
0.0196174
0.0183796
0.0172985
0.0163628
0.0155628
0.0148888
0.0143307
0.0138778
0.0135193
0.0132442
0.013042
0.0129033
0.01282
0.012785
0.0127926
0.0128382
0.012918
0.0130287
0.0131679
0.0133317
0.0135114
0.0137054
0.0139122
0.0141306
0.0143598
0.0145991
0.0148485
0.0151081
0.0153788
0.015662
0.01596
0.0162685
0.0165824
0.0169005
0.0172217
0.017545
0.0178693
0.0181934
0.0185161
0.0188358
0.0191507
0.0194585
0.0197564
0.0200407
0.0203062
0.0205463
0.0207521
0.0209131
0.0210173
0.0210526
0.0210215
0.0210313
0.0216851
0.566621
0.573451
0.58012
0.586461
0.592381
0.597787
0.602489
0.606245
0.608857
0.609661
0.60829
0.604462
0.597975
0.588716
0.576659
0.561863
0.544461
0.524652
0.502694
0.47889
0.453581
0.427141
0.399961
0.372439
0.344968
0.31792
0.291631
0.26639
0.242425
0.219906
0.198939
0.179576
0.161819
0.145637
0.130967
0.11773
0.105838
0.0951948
0.0857052
0.0772731
0.0698043
0.0632071
0.0573928
0.0522769
0.0477796
0.0438278
0.0403556
0.0373053
0.0346285
0.0322854
0.0302443
0.0284803
0.0269731
0.025705
0.0246589
0.0238165
0.0231587
0.0226652
0.0223155
0.0220902
0.0219715
0.0219437
0.0219934
0.0221096
0.022283
0.022506
0.022767
0.0230644
0.0233946
0.0237547
0.0241423
0.0245555
0.0249928
0.0254532
0.0259358
0.0264403
0.0269663
0.0275139
0.0280858
0.0286778
0.0292886
0.0299177
0.0305648
0.0312294
0.0319109
0.0326084
0.0333208
0.0340462
0.0347823
0.0355255
0.0362706
0.0370104
0.0377347
0.0384294
0.0390739
0.0396437
0.0401319
0.040585
0.0409038
0.0398466
0.758805
0.76542
0.772386
0.779345
0.786132
0.792663
0.798721
0.803974
0.808179
0.810467
0.810238
0.807026
0.800485
0.790402
0.776689
0.75938
0.73861
0.714602
0.687651
0.658109
0.626376
0.592891
0.558123
0.522558
0.486692
0.451007
0.415958
0.381952
0.349331
0.318365
0.289243
0.262084
0.236935
0.21379
0.192604
0.173299
0.155784
0.139958
0.125716
0.112955
0.101571
0.0914631
0.0825276
0.0746626
0.0677664
0.0617386
0.0564824
0.0519066
0.0479276
0.0444716
0.041475
0.0388853
0.0366598
0.0347639
0.0331691
0.0318505
0.0307844
0.0299471
0.0293146
0.0288625
0.0285673
0.0284067
0.0283608
0.0284121
0.0285455
0.0287464
0.0290015
0.0293058
0.0296533
0.0300391
0.0304591
0.0309102
0.0313899
0.0318961
0.0324274
0.0329825
0.0335602
0.0341596
0.0347831
0.0354282
0.0360909
0.0367694
0.0374615
0.0381653
0.0388777
0.0395954
0.0403138
0.0410268
0.0417268
0.0424037
0.0430446
0.0436324
0.0441451
0.0445538
0.0448196
0.0448901
0.0447038
0.0441862
0.0431137
0.0406158
0.922292
0.92859
0.935758
0.94351
0.95164
0.960025
0.968373
0.976229
0.983087
0.988071
0.990236
0.988901
0.983573
0.973951
0.959913
0.941494
0.918853
0.89225
0.862017
0.828543
0.792258
0.75363
0.713158
0.671369
0.628811
0.586039
0.543593
0.501981
0.461653
0.42298
0.386249
0.351653
0.319305
0.289243
0.261446
0.235858
0.212393
0.190958
0.171454
0.153787
0.137863
0.12359
0.110877
0.0996268
0.0897362
0.081096
0.0735905
0.0671009
0.061509
0.0567016
0.0525749
0.0490369
0.0460094
0.0434279
0.0412402
0.0394042
0.0378851
0.0366523
0.0356775
0.0349332
0.0343925
0.0340292
0.0338186
0.0337383
0.0337685
0.0338844
0.034075
0.0343303
0.0346411
0.0350002
0.0354013
0.0358395
0.0363108
0.0368119
0.03734
0.0378928
0.0384682
0.039064
0.0396781
0.0403135
0.0409623
0.0416198
0.0422817
0.042943
0.043598
0.0442393
0.0448579
0.0454424
0.0459786
0.0464486
0.0468299
0.0470937
0.0472039
0.047114
0.0467637
0.0460757
0.0449546
0.043285
0.0408942
0.0375423
1.07385
1.08024
1.08799
1.09711
1.10742
1.11873
1.13058
1.1423
1.15308
1.16192
1.16752
1.16896
1.16561
1.15712
1.14337
1.12444
1.10057
1.07208
1.03937
1.00287
0.963045
0.92036
0.875312
0.828424
0.780253
0.73138
0.682398
0.633892
0.586403
0.540407
0.496291
0.454339
0.41474
0.377587
0.342902
0.310651
0.280763
0.253153
0.227736
0.204427
0.183154
0.163849
0.146447
0.130883
0.117078
0.104944
0.0943723
0.0852374
0.0774
0.0707127
0.0650279
0.0602056
0.056119
0.0526587
0.0497336
0.0472703
0.0452101
0.0435058
0.0421185
0.0410138
0.0401602
0.039528
0.0390887
0.0388155
0.0386836
0.0386632
0.0387407
0.0389022
0.0391354
0.0394301
0.0397775
0.0401705
0.0406031
0.0410704
0.0415679
0.0420919
0.042639
0.0432054
0.0437877
0.0443876
0.0449979
0.0456105
0.0462186
0.0468149
0.0473908
0.0479361
0.0484385
0.0488829
0.049251
0.0495209
0.0496655
0.0496523
0.0494422
0.0489887
0.0482373
0.0471278
0.0456019
0.0436148
0.0411482
0.0383123
1.21505
1.22211
1.23103
1.24227
1.25579
1.27122
1.28788
1.30477
1.32072
1.33442
1.34423
1.349
1.34798
1.34082
1.32747
1.30814
1.28318
1.25306
1.21827
1.17931
1.13667
1.09082
1.04221
0.991329
0.93868
0.884821
0.830351
0.775888
0.722045
0.669387
0.618398
0.569461
0.522848
0.478724
0.437159
0.39815
0.361646
0.327572
0.295849
0.266407
0.23919
0.214155
0.191274
0.170522
0.151871
0.135278
0.12068
0.10798
0.0970516
0.0877366
0.0798582
0.0732303
0.067671
0.0630126
0.0591088
0.0558377
0.0531007
0.0508202
0.0489352
0.0473967
0.0461636
0.0451998
0.0444728
0.0439525
0.0436012
0.0433948
0.0433138
0.0433406
0.0434595
0.0436571
0.0439219
0.0442441
0.0446155
0.0450291
0.0454787
0.0459591
0.0464651
0.0469922
0.0475355
0.0480904
0.0486573
0.0492237
0.0497804
0.0503181
0.0508265
0.0512937
0.0517056
0.0520457
0.0522945
0.0524289
0.0524219
0.0522422
0.0518543
0.0512181
0.0502911
0.0490322
0.04741
0.045412
0.0430503
0.040441
1.34196
1.35043
1.36139
1.37582
1.39386
1.41493
1.43792
1.46143
1.48382
1.50326
1.51782
1.52612
1.52739
1.52136
1.50814
1.48813
1.46191
1.43011
1.39338
1.35234
1.3075
1.25932
1.20821
1.15455
1.09876
1.0413
0.982717
0.923609
0.864615
0.806363
0.749424
0.694274
0.641278
0.590679
0.542608
0.497103
0.454136
0.413645
0.375559
0.339818
0.306379
0.275221
0.246343
0.219765
0.195511
0.173606
0.154052
0.136823
0.121844
0.108994
0.0981028
0.0889621
0.0813447
0.0750213
0.0697779
0.0654265
0.0618101
0.0588028
0.0563063
0.0542445
0.0525577
0.0511977
0.0501237
0.0493
0.0486807
0.0482413
0.0479586
0.0478118
0.0477817
0.0478518
0.0480076
0.0482365
0.0485278
0.0488722
0.0492616
0.0496889
0.0501474
0.0506309
0.0511332
0.0516479
0.0521759
0.0527048
0.0532232
0.0537202
0.0541842
0.0546025
0.0549603
0.0552404
0.0554234
0.0554864
0.0554036
0.0551459
0.0546809
0.0539738
0.0529888
0.051693
0.0500623
0.0480854
0.045763
0.0431615
1.44814
1.45903
1.47333
1.49261
1.51715
1.54586
1.57707
1.60883
1.63893
1.66479
1.68425
1.69584
1.69887
1.69331
1.67956
1.6583
1.63037
1.59667
1.55802
1.51517
1.46869
1.41905
1.36657
1.31152
1.25415
1.19478
1.13381
1.07177
1.00925
0.94691
0.88538
0.825217
0.766876
0.710691
0.656862
0.605476
0.556535
0.509999
0.465811
0.423921
0.384298
0.346936
0.311856
0.279113
0.24878
0.220943
0.195684
0.173063
0.153097
0.135746
0.120899
0.108376
0.0979386
0.0893148
0.0822235
0.0763991
0.0716078
0.0676551
0.0643862
0.0616814
0.0594493
0.0576195
0.0561363
0.0549523
0.0540152
0.0532969
0.0527708
0.0524126
0.0522
0.0521133
0.0521349
0.0522494
0.0524433
0.0527049
0.0530239
0.0533912
0.0537985
0.0542381
0.0547027
0.055185
0.0556784
0.0561804
0.0566752
0.0571501
0.0575926
0.0579889
0.0583238
0.05858
0.0587379
0.0587752
0.0586666
0.0583841
0.0578971
0.0571726
0.0561773
0.0548791
0.0532522
0.0512781
0.0489419
0.0462672
1.52595
1.54073
1.56055
1.58743
1.62145
1.6606
1.70232
1.74402
1.78278
1.8151
1.83883
1.85265
1.85623
1.84993
1.83456
1.81117
1.78094
1.74502
1.70444
1.66009
1.61261
1.56247
1.5099
1.45502
1.39789
1.33859
1.27733
1.21446
1.15049
1.08602
1.02171
0.958179
0.895959
0.835483
0.777027
0.720732
0.666643
0.614747
0.565014
0.517416
0.471936
0.428581
0.387392
0.348448
0.311861
0.27777
0.246324
0.217671
0.191936
0.169189
0.149429
0.132562
0.118399
0.10667
0.0970555
0.0892169
0.0828335
0.0776229
0.0733518
0.0698362
0.0669353
0.0645435
0.0625809
0.0609711
0.0596631
0.0586196
0.0578087
0.0572022
0.0567743
0.0565021
0.056365
0.0563444
0.0564241
0.0565898
0.0568288
0.0571297
0.0574824
0.0578775
0.0583061
0.0587594
0.0592285
0.0597128
0.0601964
0.0606645
0.0611033
0.0614981
0.0618332
0.0620907
0.0622508
0.062291
0.0621864
0.061909
0.0614286
0.0607128
0.059728
0.0584414
0.0568234
0.0548492
0.0524938
0.0497554
1.56673
1.58808
1.61746
1.65665
1.70474
1.75803
1.81281
1.86577
1.91279
1.95012
1.97596
1.98963
1.99147
1.98246
1.96392
1.93732
1.90414
1.86578
1.82343
1.77808
1.73046
1.681
1.62986
1.57698
1.52219
1.46529
1.40622
1.34507
1.28217
1.21802
1.15324
1.08845
1.02427
0.961235
0.899697
0.839852
0.781789
0.725537
0.671115
0.618535
0.567802
0.518938
0.472004
0.427106
0.384385
0.344016
0.306205
0.271174
0.239144
0.210303
0.184786
0.162635
0.143775
0.12801
0.115035
0.104476
0.095935
0.0890315
0.0834339
0.0788704
0.0751286
0.0720482
0.0695101
0.0674038
0.0656659
0.0642478
0.0631096
0.0622176
0.0615419
0.0610559
0.0607357
0.0605597
0.0605086
0.0605652
0.0607142
0.0609421
0.0612363
0.0615857
0.0619796
0.0624079
0.0628603
0.0633315
0.0638121
0.0642842
0.064732
0.0651396
0.0654903
0.0657657
0.0659453
0.0660062
0.0659232
0.0656682
0.0652107
0.064518
0.0635562
0.0622908
0.0606896
0.0587227
0.0563587
0.0535793
1.55896
1.59349
1.64074
1.70048
1.76934
1.84114
1.91094
1.97461
2.02635
2.06428
2.0876
2.09685
2.09339
2.07893
2.05533
2.0244
1.98784
1.94715
1.90362
1.85826
1.8118
1.76464
1.71685
1.66817
1.61819
1.56642
1.51245
1.45603
1.39723
1.33637
1.27396
1.21056
1.14681
1.08344
1.02083
0.959218
0.898745
0.839483
0.781541
0.725012
0.669921
0.616308
0.564262
0.513929
0.46547
0.41909
0.375039
0.333594
0.295051
0.259703
0.227817
0.199594
0.175122
0.154347
0.137062
0.122923
0.111495
0.102315
0.0949456
0.0890038
0.084181
0.0802387
0.076997
0.0743003
0.0720606
0.070211
0.0686992
0.0674829
0.0665264
0.0657982
0.0652708
0.0649189
0.0647203
0.0646545
0.0647034
0.0648507
0.0650816
0.0653828
0.0657417
0.0661465
0.0665857
0.0670479
0.0675309
0.0680138
0.0684787
0.0689084
0.0692849
0.0695887
0.0697987
0.0698914
0.069841
0.0696192
0.069195
0.0685355
0.0676061
0.0663714
0.064797
0.0628498
0.0604951
0.0577045
1.4796
1.55122
1.63368
1.72717
1.82484
1.91824
2.00166
2.0689
2.11671
2.1465
2.15967
2.15843
2.1452
2.12233
2.09199
2.05611
2.0164
1.97428
1.93096
1.88735
1.8441
1.80152
1.75957
1.71783
1.67563
1.63218
1.58669
1.53855
1.48744
1.43343
1.37684
1.318
1.2576
1.19666
1.13549
1.07438
1.01351
0.95297
0.893028
0.833943
0.775733
0.718439
0.662198
0.607239
0.553729
0.501888
0.452018
0.404437
0.359486
0.317543
0.278985
0.244162
0.213345
0.186674
0.16411
0.145429
0.130238
0.118041
0.108307
0.100537
0.0943025
0.0892612
0.0851373
0.0817229
0.0788884
0.0765377
0.0745987
0.0730155
0.071743
0.0707436
0.0699846
0.0694366
0.0690737
0.068872
0.0688101
0.0688689
0.0690309
0.0692802
0.0696022
0.0699829
0.070409
0.0708666
0.0713537
0.0718508
0.0723377
0.0727952
0.0732037
0.0735426
0.07379
0.0739216
0.0739111
0.0737297
0.0733462
0.0727274
0.0718384
0.0706431
0.0691057
0.067191
0.0648621
0.0620847
1.30033
1.4711
1.61902
1.7605
1.88977
1.99849
2.08058
2.13366
2.16294
2.17266
2.16682
2.14902
2.12226
2.08907
2.05152
2.01134
1.96994
1.92847
1.88787
1.84884
1.81184
1.77705
1.74428
1.71293
1.68211
1.65072
1.6176
1.58169
1.5423
1.49913
1.4523
1.40211
1.34912
1.29405
1.23742
1.17962
1.1209
1.06125
1.00124
0.941475
0.881832
0.822313
0.763129
0.704721
0.647194
0.590743
0.535796
0.48268
0.431758
0.383473
0.338284
0.296664
0.25906
0.225816
0.197116
0.172932
0.153011
0.136909
0.124063
0.113872
0.105778
0.0993125
0.0940607
0.0897555
0.086203
0.0832623
0.0808304
0.0788304
0.0772033
0.0759017
0.0748858
0.0741212
0.0735772
0.0732261
0.0730429
0.0730049
0.0730917
0.0732846
0.0735666
0.0739217
0.074335
0.0747918
0.075279
0.0757908
0.0763017
0.0767899
0.0772341
0.0776123
0.0779014
0.0780766
0.0781109
0.0779751
0.0776378
0.0770657
0.0762237
0.0750754
0.0735843
0.0717139
0.0694266
0.0666845
1.11015
1.43181
1.66027
1.84042
1.97637
2.0633
2.10693
2.11977
2.11204
2.09032
2.05949
2.02297
1.98318
1.94189
1.90046
1.85995
1.82124
1.78501
1.75182
1.72208
1.69605
1.67373
1.6548
1.6385
1.62371
1.60903
1.59292
1.57387
1.55074
1.52289
1.49016
1.45268
1.41088
1.3654
1.31683
1.26564
1.21223
1.15689
1.10007
1.0422
0.983434
0.923692
0.863255
0.803126
0.743106
0.683261
0.624375
0.566717
0.510609
0.456603
0.405197
0.356947
0.312465
0.27229
0.236838
0.20632
0.180714
0.159738
0.14289
0.129531
0.11899
0.110646
0.103942
0.0985131
0.0940778
0.0904307
0.0874226
0.0849452
0.0829181
0.0812795
0.0799799
0.0789773
0.0782353
0.0777213
0.077406
0.077263
0.0772681
0.0773997
0.0776378
0.0779642
0.0783616
0.0788135
0.0793034
0.0798288
0.0803638
0.0808838
0.0813653
0.0817849
0.0821184
0.0823401
0.0824225
0.082336
0.0820491
0.0815283
0.0807387
0.0796438
0.0782067
0.0763906
0.0741577
0.0714685
1.21488
1.59333
1.80048
1.90174
1.93488
1.92637
1.89663
1.85792
1.81634
1.77466
1.73406
1.69503
1.65784
1.62279
1.59031
1.56086
1.53494
1.513
1.49545
1.48257
1.47455
1.47136
1.47264
1.47752
1.48467
1.49238
1.4987
1.5016
1.49953
1.49162
1.47748
1.45706
1.43057
1.39862
1.36199
1.32123
1.27682
1.2292
1.17883
1.12614
1.07141
1.01486
0.956776
0.897613
0.837408
0.775867
0.714837
0.6542
0.594089
0.535411
0.478628
0.424306
0.373255
0.326178
0.283709
0.246296
0.214194
0.187391
0.165573
0.148166
0.134446
0.123613
0.115019
0.108152
0.102614
0.0981064
0.0944141
0.0913827
0.0889005
0.0868846
0.0852709
0.0840073
0.0830496
0.0823591
0.0819013
0.081645
0.0815622
0.0816275
0.0818178
0.0821118
0.0824901
0.0829341
0.0834261
0.0839608
0.084518
0.0850691
0.0855881
0.0860499
0.086429
0.0866989
0.0868314
0.0867967
0.0865632
0.0860973
0.0853642
0.0843276
0.0829508
0.081197
0.0790289
0.0764077
0.0468968
0.126922
0.237947
0.367821
0.502929
0.631334
0.745093
0.839701
0.91374
0.968233
1.00581
1.02987
1.04402
1.0516
1.05554
1.05827
1.06174
1.06748
1.07664
1.09009
1.10848
1.13213
1.16089
1.19395
1.22986
1.26663
1.30183
1.3321
1.3557
1.37262
1.38272
1.38593
1.3823
1.37193
1.35511
1.33224
1.30382
1.27037
1.23243
1.1905
1.145
1.09631
1.04482
0.990883
0.93476
0.876669
0.817122
0.756088
0.693108
0.63084
0.569359
0.509055
0.451215
0.396649
0.346236
0.300631
0.260426
0.225992
0.197363
0.174192
0.155714
0.141126
0.129675
0.120657
0.113495
0.107748
0.103094
0.0993015
0.0962078
0.0936942
0.0916726
0.0900742
0.0888426
0.0879297
0.0872933
0.0868958
0.0867036
0.0866862
0.0868162
0.0870687
0.0874208
0.0878513
0.0883403
0.0888692
0.089436
0.0900072
0.0905538
0.0910485
0.0914643
0.0917734
0.0919472
0.0919552
0.0917656
0.0913449
0.0906584
0.0896699
0.0883431
0.0866415
0.0845291
0.0819696
0.00657815
0.00805218
0.0106994
0.0145798
0.0203658
0.0297615
0.0431685
0.0605635
0.0815592
0.105541
0.131825
0.159802
0.189031
0.219304
0.250666
0.283424
0.318125
0.355546
0.396646
0.442508
0.494216
0.552494
0.616309
0.682028
0.748667
0.815017
0.879918
0.943142
1.00364
1.05943
1.10902
1.15137
1.18581
1.21191
1.22947
1.23854
1.23937
1.2324
1.21816
1.19723
1.1702
1.13763
1.10006
1.05801
1.01193
0.962264
0.909434
0.853726
0.795429
0.735325
0.673758
0.61046
0.548463
0.487877
0.429613
0.375107
0.325375
0.281299
0.24337
0.211667
0.185946
0.165551
0.149608
0.137202
0.127511
0.119875
0.113793
0.108907
0.10496
0.101771
0.0992105
0.0971794
0.0956009
0.0944115
0.0935571
0.0929907
0.0926703
0.0925587
0.0926226
0.092832
0.0931595
0.0935799
0.094069
0.094603
0.0951763
0.0957677
0.0963449
0.096878
0.0973384
0.0976973
0.0979253
0.0979917
0.0978647
0.0975112
0.0968967
0.095986
0.0947431
0.0931322
0.0911182
0.0886656
0.00600939
0.00604557
0.00610331
0.00616542
0.0062221
0.00630208
0.00642495
0.00662025
0.00692922
0.00740593
0.00811735
0.00914249
0.0105728
0.0125157
0.0151025
0.0185036
0.0229499
0.0287655
0.0364142
0.0465331
0.0597079
0.0769358
0.100364
0.134144
0.179575
0.237337
0.307161
0.387729
0.476486
0.569719
0.663209
0.752961
0.835769
0.909424
0.972632
1.0248
1.06581
1.09586
1.11539
1.12497
1.12526
1.11694
1.10073
1.07734
1.04743
1.01164
0.970546
0.924679
0.874564
0.820789
0.763838
0.704183
0.642802
0.579959
0.517187
0.456586
0.399006
0.345977
0.298558
0.257575
0.223356
0.195683
0.173856
0.156899
0.143788
0.133614
0.12565
0.119354
0.114337
0.110324
0.10712
0.104584
0.102608
0.101106
0.100009
0.0992552
0.0987935
0.0985781
0.0985684
0.0987286
0.0990264
0.0994324
0.0999195
0.100462
0.101036
0.101642
0.102246
0.102815
0.103319
0.103728
0.104013
0.104141
0.104081
0.103801
0.103267
0.102443
0.101295
0.099786
0.0978823
0.095549
0.00599289
0.00598527
0.00597923
0.00597679
0.00598118
0.00599608
0.00602396
0.00606613
0.00612308
0.00619495
0.00628204
0.00638514
0.0065057
0.00664594
0.00680899
0.00699927
0.00722309
0.00748933
0.0078121
0.0082409
0.00913291
0.0108383
0.0139463
0.0194519
0.028764
0.0437057
0.0664175
0.0991377
0.143822
0.201625
0.272401
0.354389
0.444296
0.537806
0.630362
0.717899
0.797292
0.866465
0.92427
0.970265
1.0045
1.02735
1.0394
1.04133
1.03389
1.01785
0.993959
0.962926
0.925459
0.882243
0.833917
0.781136
0.724635
0.665071
0.603372
0.540461
0.477544
0.417707
0.361972
0.311948
0.26865
0.232556
0.203475
0.18065
0.163015
0.149458
0.138999
0.130864
0.124481
0.119441
0.115456
0.11232
0.109881
0.108023
0.106652
0.10569
0.105073
0.104743
0.104652
0.104757
0.10502
0.105407
0.105888
0.106434
0.107016
0.107628
0.108252
0.108851
0.109395
0.109851
0.110189
0.110378
0.110387
0.110182
0.109729
0.108996
0.107946
0.106545
0.104759
0.102553
0.00599078
0.0059813
0.00597289
0.00596665
0.00596353
0.00596456
0.00597102
0.00598468
0.00600782
0.00604319
0.0060938
0.00616273
0.00625293
0.00636711
0.00650759
0.00667601
0.0068736
0.00710137
0.00735938
0.00764614
0.00796655
0.00833813
0.00882029
0.00957409
0.0109348
0.0134878
0.0181489
0.0262369
0.0394953
0.0600176
0.0900253
0.131483
0.18559
0.252279
0.329916
0.415389
0.504586
0.593125
0.677026
0.753145
0.819308
0.874226
0.917324
0.948549
0.968201
0.976812
0.975049
0.963649
0.943388
0.915051
0.879404
0.837218
0.789272
0.736338
0.679273
0.619
0.556624
0.493517
0.431456
0.373738
0.321721
0.27673
0.239356
0.209385
0.185991
0.168018
0.154276
0.143734
0.135588
0.12925
0.1243
0.120439
0.117453
0.115181
0.113497
0.112302
0.111511
0.111054
0.110873
0.110916
0.111138
0.111502
0.111972
0.112518
0.11311
0.113721
0.114355
0.114976
0.115552
0.116049
0.116436
0.116682
0.116755
0.116622
0.116252
0.115609
0.11466
0.11337
0.111705
0.109633
0.00599057
0.00598066
0.00597107
0.00596277
0.00595712
0.00595584
0.00596089
0.00597434
0.00599825
0.00603464
0.00608547
0.00615273
0.00623842
0.00634463
0.00647354
0.00662723
0.00680771
0.00701701
0.00725709
0.00752905
0.0078324
0.00816464
0.00852183
0.008905
0.00934085
0.00992595
0.0108894
0.0126593
0.0159335
0.0217522
0.0315484
0.0471322
0.0705625
0.103871
0.148642
0.205529
0.27385
0.351452
0.434952
0.520293
0.603401
0.680726
0.749538
0.807978
0.854972
0.890071
0.913287
0.924957
0.925631
0.915998
0.896814
0.868887
0.833042
0.790121
0.741005
0.686631
0.628061
0.56654
0.50358
0.440883
0.381478
0.328
0.281945
0.24387
0.213524
0.189989
0.172013
0.158345
0.147923
0.139929
0.133769
0.129019
0.125375
0.122614
0.120568
0.119105
0.118117
0.117519
0.117236
0.117208
0.117382
0.117716
0.118169
0.118707
0.1193
0.119917
0.120548
0.12118
0.121777
0.122306
0.122734
0.12303
0.123162
0.123098
0.122807
0.122253
0.121405
0.120228
0.118688
0.116755
0.00599072
0.00598101
0.00597162
0.00596323
0.00595679
0.00595343
0.00595442
0.00596122
0.00597549
0.00599908
0.00603407
0.00608278
0.00614768
0.00623142
0.00633676
0.00646665
0.00662402
0.00681164
0.00703196
0.007287
0.00757806
0.0079052
0.00826621
0.00865576
0.00906582
0.0094916
0.00995079
0.0105235
0.0114093
0.0129868
0.0158758
0.0210027
0.0296512
0.0434618
0.0643368
0.0942155
0.134714
0.18668
0.249791
0.322356
0.401442
0.483314
0.564032
0.639989
0.708252
0.7667
0.813982
0.849404
0.872789
0.884334
0.884498
0.873918
0.853341
0.82359
0.785542
0.74014
0.688425
0.631578
0.571001
0.508368
0.445822
0.385225
0.331018
0.284481
0.246275
0.216068
0.192811
0.175159
0.161816
0.151709
0.144024
0.138169
0.133722
0.130376
0.127903
0.126128
0.124914
0.124152
0.123752
0.12364
0.123757
0.12405
0.124477
0.125001
0.125586
0.126204
0.126825
0.127455
0.128061
0.128609
0.129068
0.129404
0.129588
0.129587
0.12937
0.128903
0.128154
0.12709
0.125677
0.123887
0.00599109
0.00598172
0.0059728
0.00596488
0.00595874
0.0059554
0.00595602
0.00596201
0.00597493
0.00599652
0.00602871
0.00607357
0.00613333
0.00621034
0.00630704
0.00642593
0.00656955
0.00674048
0.00694129
0.00717454
0.00744261
0.00774745
0.00809002
0.0084695
0.00888204
0.00931969
0.00977139
0.0102307
0.0107177
0.0113198
0.0122458
0.0138805
0.0168409
0.0220349
0.0307052
0.0444241
0.0650007
0.0942669
0.13374
0.184206
0.245348
0.315552
0.392026
0.471198
0.549261
0.62268
0.688526
0.744626
0.789553
0.822528
0.843296
0.851993
0.849042
0.83506
0.810809
0.777161
0.735105
0.685765
0.630456
0.570745
0.508524
0.445938
0.385639
0.331015
0.284561
0.246818
0.217264
0.194689
0.177668
0.164885
0.155276
0.148043
0.142607
0.138549
0.135564
0.133419
0.131939
0.130984
0.130444
0.130232
0.130275
0.130515
0.130904
0.1314
0.131966
0.132572
0.133187
0.133795
0.134394
0.134948
0.135424
0.13579
0.136015
0.136068
0.135918
0.135532
0.13488
0.133928
0.132643
0.130998
0.00599163
0.00598264
0.0059742
0.00596676
0.00596091
0.00595741
0.00595718
0.00596132
0.0059711
0.00598805
0.00601389
0.0060506
0.00610041
0.00616571
0.0062491
0.00635328
0.00648107
0.0066353
0.00681877
0.00703425
0.00728433
0.00757138
0.00789735
0.00826343
0.00866938
0.00911236
0.00958549
0.0100769
0.0105727
0.0110684
0.0115967
0.0122708
0.0133369
0.0152245
0.0185991
0.0244141
0.033943
0.0487585
0.0706213
0.101251
0.141986
0.193385
0.254896
0.32472
0.399978
0.477113
0.552415
0.622478
0.6845
0.736407
0.776835
0.805046
0.820808
0.82427
0.815874
0.796275
0.766313
0.727
0.679548
0.625413
0.566351
0.504461
0.442256
0.382526
0.32817
0.282504
0.245856
0.217449
0.195929
0.179815
0.1678
0.158847
0.152186
0.147256
0.143646
0.141055
0.139253
0.138065
0.137354
0.137015
0.136963
0.137131
0.137463
0.137914
0.138446
0.139023
0.139617
0.140197
0.140772
0.141315
0.141792
0.142172
0.142426
0.142523
0.142431
0.142119
0.141558
0.140714
0.139555
0.138056
0.00599234
0.00598376
0.00597582
0.00596887
0.00596335
0.00595988
0.00595924
0.0059624
0.00597055
0.00598509
0.0060077
0.00604029
0.006085
0.00614418
0.00622033
0.00631609
0.00643415
0.00657725
0.00674815
0.0069496
0.00718431
0.00745486
0.00776364
0.00811269
0.00850345
0.00893617
0.00940891
0.00991595
0.0104462
0.0109837
0.0115136
0.0120412
0.0126252
0.0134255
0.0147527
0.0171156
0.0212704
0.0282649
0.0394533
0.0564469
0.0809679
0.114587
0.158368
0.212487
0.275968
0.346645
0.421407
0.496644
0.568738
0.634472
0.691261
0.73723
0.771185
0.792514
0.801077
0.797107
0.781133
0.753945
0.716585
0.670365
0.616915
0.558224
0.496681
0.435031
0.376231
0.32293
0.278839
0.243884
0.21707
0.196922
0.181944
0.17086
0.162681
0.156671
0.152294
0.149152
0.146951
0.145472
0.144545
0.144041
0.143862
0.143929
0.144179
0.144562
0.145036
0.145566
0.146119
0.146668
0.147194
0.147703
0.148162
0.148541
0.148808
0.148934
0.148888
0.148642
0.148164
0.147423
0.146387
0.145032
0.00599322
0.00598512
0.00597771
0.0059712
0.0059659
0.0059623
0.00596102
0.00596288
0.0059689
0.00598034
0.00599876
0.006026
0.00606416
0.00611559
0.00618285
0.00626862
0.00637568
0.00650688
0.00666512
0.00685331
0.00707432
0.00733093
0.00762573
0.00796105
0.00833888
0.00876061
0.00922662
0.00973532
0.0102817
0.0108554
0.0114399
0.0120158
0.0125737
0.0131406
0.0138216
0.0148484
0.0166257
0.019777
0.0251897
0.0340457
0.0478095
0.0681359
0.0966732
0.134756
0.183032
0.241131
0.307496
0.379481
0.4537
0.526499
0.59441
0.654472
0.704393
0.742571
0.768035
0.780354
0.779547
0.766019
0.740526
0.704174
0.658428
0.605148
0.546601
0.485447
0.424662
0.367287
0.316127
0.274277
0.241546
0.21669
0.198153
0.184463
0.174408
0.167056
0.161718
0.157883
0.155176
0.153321
0.152109
0.151386
0.151032
0.150956
0.151088
0.15137
0.151758
0.152212
0.152699
0.15319
0.153658
0.154112
0.154531
0.154886
0.155148
0.155287
0.155274
0.15508
0.154675
0.154029
0.153111
0.151896
0.00599426
0.00598685
0.00598017
0.00597423
0.00596931
0.00596591
0.00596472
0.00596652
0.00597231
0.00598331
0.00600104
0.00602726
0.006064
0.00611346
0.00617803
0.00626015
0.00636234
0.00648714
0.00663716
0.00681512
0.00702377
0.00726589
0.00754422
0.0078614
0.00821995
0.00862213
0.00906977
0.00956383
0.0101035
0.0106846
0.0112977
0.0119267
0.0125498
0.0131494
0.0137331
0.0143704
0.0152392
0.0166727
0.0192038
0.0236087
0.0309438
0.0425533
0.0600135
0.0849817
0.118934
0.162815
0.216675
0.279426
0.348828
0.42174
0.494552
0.563659
0.625826
0.678419
0.719473
0.747685
0.76235
0.763304
0.750876
0.725861
0.689507
0.643515
0.590026
0.531602
0.471173
0.411895
0.356869
0.308656
0.269747
0.239669
0.217001
0.200186
0.187825
0.178794
0.172233
0.167505
0.164135
0.161779
0.160182
0.159154
0.158555
0.158278
0.15824
0.158378
0.158639
0.158982
0.159372
0.159778
0.160175
0.160542
0.160893
0.161201
0.161437
0.16157
0.161573
0.161417
0.161073
0.160512
0.159702
0.158623
0.00599643
0.00599259
0.00599157
0.0059935
0.00599897
0.00600867
0.00602324
0.00604323
0.00606923
0.00610181
0.00614152
0.00618892
0.00624456
0.00630909
0.00638323
0.00646793
0.00656439
0.00667429
0.00679995
0.00694439
0.00711126
0.00730476
0.00752954
0.00779044
0.00809228
0.00843963
0.00883657
0.00928638
0.00979101
0.0103503
0.0109605
0.0116123
0.0122892
0.0129679
0.0136252
0.0142561
0.014906
0.0157148
0.016965
0.0191266
0.0228999
0.029254
0.0394453
0.0549835
0.0775134
0.108586
0.149328
0.200075
0.260075
0.327401
0.399122
0.47169
0.541399
0.604789
0.658914
0.701483
0.730906
0.746284
0.747382
0.734584
0.708853
0.671686
0.625073
0.571452
0.513658
0.45481
0.398105
0.346449
0.301988
0.266507
0.239263
0.218792
0.203617
0.192462
0.184313
0.178394
0.174125
0.171079
0.168942
0.167485
0.166538
0.165975
0.165697
0.16563
0.165714
0.165902
0.166154
0.166437
0.166725
0.166992
0.167247
0.167481
0.167666
0.167773
0.167772
0.167637
0.167338
0.166849
0.166138
0.165185
0.0060742
0.00622592
0.00646589
0.00680108
0.00722874
0.0077429
0.00833566
0.00899543
0.00970605
0.0104467
0.0111927
0.011916
0.0125876
0.0131789
0.0136643
0.0140232
0.0142425
0.0143171
0.014251
0.0140568
0.013755
0.0133724
0.0129401
0.0124912
0.0120591
0.0116752
0.0113675
0.0111598
0.0110709
0.011114
0.0112958
0.0116157
0.0120631
0.0126168
0.0132438
0.0139065
0.0145785
0.0152757
0.0160999
0.0172896
0.0192667
0.0226791
0.0284387
0.0377436
0.0520574
0.0730104
0.102195
0.14085
0.189496
0.247601
0.313445
0.384221
0.456378
0.526071
0.5896
0.643756
0.686037
0.714744
0.729
0.728702
0.714451
0.687469
0.649521
0.60285
0.550108
0.494264
0.438438
0.385624
0.338309
0.298106
0.266087
0.241454
0.22285
0.208954
0.198667
0.191103
0.185567
0.181537
0.178627
0.176557
0.175115
0.174146
0.173532
0.173181
0.173022
0.172998
0.173063
0.173181
0.173322
0.173463
0.173588
0.17372
0.173831
0.173889
0.173864
0.173731
0.173461
0.173028
0.172404
0.171569
0.0141263
0.0219815
0.0307667
0.0402973
0.0500229
0.0596008
0.0688046
0.0774086
0.0851842
0.091923
0.097448
0.101618
0.104333
0.105543
0.105252
0.10352
0.10046
0.0962342
0.0910276
0.0850499
0.078524
0.0716738
0.0647148
0.0578452
0.0512381
0.0450363
0.0393498
0.0342563
0.0298029
0.0260097
0.0228736
0.0203725
0.018469
0.0171117
0.0162377
0.0157739
0.0156426
0.015774
0.016132
0.016754
0.0178055
0.0196378
0.0228386
0.0282695
0.0370878
0.0507301
0.0708231
0.0989883
0.136531
0.184052
0.241085
0.305906
0.375621
0.446522
0.514619
0.576145
0.627943
0.667675
0.693873
0.705907
0.703899
0.688639
0.661494
0.624343
0.579503
0.529641
0.477637
0.426365
0.378398
0.335702
0.299433
0.270121
0.247272
0.229685
0.216366
0.20642
0.199033
0.193565
0.189534
0.186581
0.184437
0.182902
0.181823
0.181087
0.180602
0.180298
0.180119
0.180021
0.179968
0.179935
0.179907
0.179906
0.179918
0.179904
0.179834
0.179681
0.17942
0.179026
0.178473
0.177746
0.0226076
0.0306975
0.0400084
0.0510865
0.0633249
0.0761803
0.0893927
0.102793
0.116191
0.129387
0.142192
0.154427
0.16592
0.176506
0.186031
0.194386
0.201359
0.205998
0.208249
0.208119
0.205686
0.201097
0.194567
0.186353
0.176781
0.166182
0.154884
0.143204
0.131431
0.119817
0.10857
0.0978579
0.0878082
0.0785116
0.0700256
0.0623783
0.0555727
0.0495917
0.0444065
0.039988
0.0363264
0.0334576
0.0314979
0.0306835
0.0314106
0.0342728
0.0400831
0.0498644
0.0647882
0.0860471
0.114666
0.151271
0.195871
0.247697
0.305141
0.365831
0.426827
0.484914
0.536937
0.580128
0.612353
0.632266
0.639369
0.633974
0.61712
0.59044
0.556004
0.516147
0.473291
0.429798
0.387841
0.349278
0.315456
0.287016
0.264321
0.246991
0.23385
0.223927
0.21646
0.210839
0.206602
0.203402
0.200979
0.19914
0.197736
0.196654
0.195803
0.195114
0.19453
0.194004
0.1935
0.192987
0.192477
0.192
0.191539
0.191064
0.190547
0.189963
0.189289
0.188509
0.0180597
0.0170726
0.0161367
0.0151254
0.0142309
0.0135442
0.0130578
0.0127676
0.0126735
0.0127735
0.0130639
0.013542
0.0142066
0.015057
0.0160882
0.0172841
0.0191562
0.0240357
0.0312542
0.0401782
0.0502544
0.0610123
0.0720778
0.0831092
0.0927533
0.100512
0.106188
0.109709
0.111143
0.110695
0.108624
0.105218
0.100765
0.0955387
0.0897868
0.0837306
0.0775619
0.0714432
0.0655085
0.0598668
0.054608
0.0498143
0.0455753
0.0420107
0.0392969
0.0376992
0.0376044
0.0395492
0.0442333
0.0525073
0.0653211
0.0836295
0.108257
0.139735
0.178136
0.222934
0.272917
0.326205
0.380366
0.432649
0.480282
0.520776
0.552178
0.57323
0.583431
0.582999
0.572775
0.554073
0.528525
0.497943
0.464205
0.429176
0.394632
0.362146
0.332959
0.307813
0.286871
0.269958
0.256813
0.246621
0.238722
0.232589
0.227807
0.224054
0.221087
0.218717
0.2168
0.215222
0.213893
0.212741
0.211708
0.210743
0.209807
0.208863
0.207927
0.207043
0.206208
0.205409
0.204631
0.203862
0.0182559
0.0166643
0.0152993
0.0140909
0.0129884
0.012022
0.011177
0.010428
0.0097564
0.00915192
0.00860795
0.00811964
0.00768356
0.00729853
0.00696687
0.00669734
0.00650367
0.00640586
0.00641445
0.00654203
0.00681115
0.00725624
0.00790461
0.00883619
0.0122786
0.0184987
0.0268859
0.0368065
0.0472655
0.0567999
0.0647992
0.0709262
0.0751221
0.0775031
0.0782752
0.0776793
0.0759621
0.0733614
0.0700991
0.0663777
0.0623793
0.058267
0.0541901
0.0502934
0.0467309
0.043686
0.0413948
0.0401738
0.0404456
0.0427592
0.0477942
0.0563426
0.0692599
0.087381
0.111403
0.141743
0.178384
0.220744
0.267597
0.317099
0.366932
0.414552
0.45749
0.493631
0.521418
0.539949
0.548979
0.548846
0.540362
0.524683
0.503204
0.477469
0.44909
0.419669
0.390695
0.363434
0.338815
0.317367
0.299224
0.28416
0.272016
0.262313
0.254547
0.248309
0.243265
0.239154
0.235768
0.232948
0.230569
0.228531
0.226759
0.225189
0.223774
0.222471
0.22125
0.220081
0.218984
0.217995
0.217114
0.216337
0.0178422
0.0163507
0.014986
0.0137455
0.0126364
0.0116674
0.0108168
0.0100679
0.00940805
0.00882821
0.00832146
0.00788278
0.00750837
0.00719536
0.00694119
0.00674359
0.00660062
0.00651133
0.00647496
0.00648962
0.0065507
0.00665105
0.00678439
0.0069528
0.00716894
0.0074672
0.00792459
0.00866549
0.0103199
0.0144498
0.021146
0.029579
0.0383111
0.0462842
0.0528472
0.0577488
0.0610004
0.0627467
0.063188
0.0625416
0.0610243
0.0588428
0.0561913
0.0532518
0.0501993
0.0472118
0.0444849
0.0422505
0.0408
0.040508
0.0418523
0.0454255
0.0519305
0.0621534
0.0769058
0.0969345
0.122796
0.154704
0.192377
0.234922
0.280816
0.328009
0.374152
0.416895
0.454161
0.484351
0.506452
0.520038
0.525222
0.522554
0.512929
0.49749
0.477545
0.454487
0.429718
0.404558
0.380161
0.357428
0.336956
0.319025
0.303653
0.290639
0.279823
0.270909
0.263545
0.257434
0.25233
0.248034
0.244388
0.241268
0.238575
0.236233
0.234182
0.232374
0.230771
0.229344
0.228068
0.226922
0.225929
0.22511
0.017783
0.0162863
0.014885
0.0136467
0.0125636
0.0116308
0.0108262
0.0101362
0.00955251
0.00907176
0.00869267
0.0084145
0.00823535
0.0081515
0.00815684
0.00824315
0.00840034
0.00861723
0.00888196
0.00918281
0.00950863
0.00984993
0.0102
0.0105572
0.0109246
0.0113034
0.0116841
0.0120414
0.0123305
0.0125243
0.0127718
0.0137668
0.0167148
0.0220887
0.029096
0.0364233
0.0429832
0.0481956
0.0518939
0.0541441
0.0551155
0.055014
0.054052
0.0524352
0.05036
0.0480149
0.0455894
0.0432857
0.0413358
0.0400228
0.0397019
0.0408212
0.0439356
0.0497079
0.0588917
0.0722859
0.090654
0.114603
0.144427
0.17993
0.220306
0.264104
0.309349
0.35379
0.395195
0.431623
0.461595
0.484181
0.498986
0.506094
0.505983
0.499437
0.487457
0.471187
0.451839
0.430622
0.40867
0.386978
0.366342
0.347321
0.330233
0.31518
0.302106
0.290833
0.281238
0.273113
0.266213
0.260334
0.255299
0.250967
0.247221
0.24397
0.241143
0.238684
0.236547
0.2347
0.233116
0.231773
0.230654
0.229754
0.0175588
0.0161093
0.0147347
0.0135279
0.0125108
0.0116887
0.0110592
0.0106324
0.0104167
0.0104129
0.0106112
0.0109918
0.0115261
0.0121804
0.0129184
0.013705
0.0145082
0.0153006
0.0160602
0.01677
0.0174178
0.0179955
0.0184984
0.0189252
0.019278
0.0195638
0.019796
0.0199924
0.0201787
0.0203982
0.0206542
0.0208344
0.0208431
0.0209793
0.0223012
0.0257078
0.0309806
0.0369012
0.0422532
0.0463789
0.0491082
0.0505319
0.0508446
0.0502665
0.0490131
0.0472865
0.045278
0.0431772
0.0411854
0.0395337
0.0385031
0.0384464
0.0398083
0.04314
0.0491027
0.0584523
0.0719953
0.0905029
0.114575
0.144459
0.179859
0.219817
0.262735
0.306565
0.349097
0.388265
0.422368
0.450193
0.471042
0.484695
0.491339
0.491485
0.485884
0.475454
0.46121
0.444201
0.425458
0.405934
0.386458
0.367699
0.35014
0.334078
0.319647
0.306849
0.295602
0.285757
0.277208
0.269813
0.263403
0.257835
0.25299
0.248768
0.245086
0.24188
0.239101
0.236709
0.234676
0.232978
0.2316
0.230527
0.0173917
0.0160132
0.0147282
0.013763
0.0132332
0.0131944
0.0136569
0.014596
0.0159417
0.0175929
0.019437
0.0213668
0.0232897
0.0251321
0.0268396
0.0283757
0.0297184
0.0308573
0.0317912
0.0325252
0.0330697
0.0334396
0.0336541
0.0337387
0.0337225
0.0336622
0.0336574
0.0336923
0.0337405
0.0337447
0.0336435
0.0334099
0.0329856
0.0322961
0.0313856
0.0307188
0.0313227
0.0340022
0.0382433
0.0426066
0.0459955
0.0480451
0.0488395
0.0486217
0.0476495
0.0461513
0.0443229
0.0423402
0.0403767
0.0386228
0.0373062
0.0367133
0.037211
0.0392662
0.0434597
0.0504886
0.0611458
0.0762624
0.0965939
0.122639
0.154418
0.191288
0.231905
0.274379
0.316573
0.356412
0.392139
0.422444
0.446502
0.463943
0.474791
0.479382
0.478288
0.472248
0.462107
0.448759
0.433105
0.416005
0.398245
0.380501
0.363313
0.347077
0.332047
0.318352
0.306022
0.295015
0.285247
0.276605
0.268966
0.26225
0.256352
0.25117
0.246618
0.242629
0.239148
0.236133
0.233554
0.231383
0.229606
0.228205
0.0172411
0.0164914
0.0165029
0.0177789
0.0203585
0.023926
0.0280679
0.0324178
0.0366829
0.0406583
0.0442203
0.0473072
0.0498992
0.0520037
0.0536444
0.0548541
0.0556704
0.0561329
0.0562819
0.0561593
0.0558089
0.0552792
0.0546368
0.0540095
0.0533603
0.0526285
0.0517272
0.050675
0.0494931
0.048203
0.0468217
0.0453572
0.0438051
0.0421553
0.0404208
0.0387154
0.0374112
0.0372889
0.0391293
0.0425185
0.0458416
0.0478813
0.0484479
0.0478815
0.0465838
0.0448593
0.0429121
0.0408901
0.0389246
0.0371596
0.0357756
0.0350091
0.0351733
0.0366787
0.0400519
0.045947
0.0551405
0.0684904
0.0868339
0.110797
0.14054
0.175534
0.214511
0.25564
0.296841
0.336113
0.371765
0.402538
0.427627
0.446645
0.459555
0.466604
0.468251
0.465107
0.457877
0.447323
0.434218
0.41932
0.403335
0.386895
0.370535
0.354679
0.339636
0.325609
0.312706
0.300958
0.290345
0.28081
0.272275
0.264658
0.257872
0.251837
0.246476
0.241725
0.23754
0.233882
0.230715
0.22801
0.225749
0.223915
0.020568
0.026047
0.0338549
0.0429553
0.0521275
0.0604818
0.0676723
0.0736415
0.0784436
0.0821795
0.0849644
0.086912
0.0881282
0.0887091
0.088741
0.0883019
0.0874619
0.0862864
0.0848383
0.0831854
0.0814174
0.0795852
0.077617
0.0754044
0.0729924
0.0704267
0.0677504
0.0650046
0.0622269
0.0594499
0.0567002
0.0539975
0.0513564
0.0487939
0.0463479
0.0441135
0.0423079
0.0413884
0.0420736
0.0446434
0.0477077
0.0491886
0.0486634
0.046986
0.0448623
0.0427017
0.0406088
0.0385966
0.0367261
0.0350805
0.0338284
0.0331764
0.0334069
0.0349048
0.0381757
0.0438633
0.052752
0.065731
0.0836794
0.107238
0.136516
0.170871
0.208935
0.248853
0.288634
0.326434
0.360736
0.39045
0.414903
0.433778
0.447054
0.454946
0.457847
0.456277
0.450838
0.442178
0.430962
0.417843
0.403441
0.38832
0.372976
0.357816
0.343161
0.329242
0.316208
0.30414
0.293064
0.282966
0.273805
0.265526
0.258064
0.251356
0.245339
0.239958
0.235165
0.23092
0.227191
0.223952
0.221184
0.218871
0.0583262
0.0788367
0.0943909
0.106339
0.115368
0.121978
0.126614
0.129641
0.13135
0.131975
0.131704
0.13069
0.129059
0.126917
0.124355
0.12145
0.118272
0.114886
0.111369
0.107741
0.103928
0.0999058
0.0957517
0.0915262
0.0872828
0.0830699
0.0789286
0.0748936
0.0709935
0.067252
0.0636881
0.0603174
0.0571535
0.0542123
0.0515295
0.0491939
0.0475359
0.0468712
0.0472126
0.0479866
0.0482804
0.0474719
0.0456905
0.0434866
0.0412585
0.0391925
0.0373039
0.0355759
0.0340477
0.0328037
0.032
0.031845
0.0326252
0.0347311
0.038678
0.0451226
0.0548604
0.0687708
0.0876675
0.112039
0.141768
0.175997
0.21325
0.251741
0.289696
0.32557
0.357656
0.38513
0.407681
0.425138
0.437531
0.445062
0.448081
0.447046
0.442479
0.434939
0.424996
0.413211
0.400117
0.386206
0.371913
0.35761
0.343596
0.330102
0.317289
0.305263
0.294078
0.283749
0.274265
0.265595
0.257697
0.250522
0.244023
0.238154
0.232872
0.228143
0.223936
0.220229
0.217005
0.214249
0.152603
0.169533
0.178979
0.184212
0.186679
0.187133
0.186065
0.183844
0.180752
0.177001
0.172749
0.168113
0.163178
0.158003
0.152636
0.147186
0.141724
0.136264
0.130743
0.125161
0.119577
0.114034
0.108569
0.103213
0.0979882
0.0929079
0.0879764
0.0831901
0.0785386
0.0740085
0.0695909
0.0652944
0.061165
0.057304
0.0538627
0.0509916
0.048776
0.0471523
0.0459246
0.0448143
0.0435408
0.0419617
0.0401605
0.0383336
0.0366215
0.0350834
0.033727
0.0325706
0.0316802
0.0311711
0.0312198
0.0320663
0.034034
0.037552
0.0431697
0.0515582
0.0634771
0.0796762
0.100712
0.126714
0.157208
0.191121
0.226974
0.263151
0.298127
0.330569
0.359361
0.38392
0.403998
0.419513
0.430472
0.436934
0.439316
0.438097
0.433743
0.426745
0.417595
0.406773
0.394734
0.381895
0.368629
0.355256
0.342042
0.329196
0.316876
0.305188
0.294201
0.283947
0.274434
0.26565
0.25757
0.250161
0.24339
0.23722
0.231617
0.226552
0.221999
0.217937
0.214351
0.211232
0.256718
0.255848
0.252594
0.24751
0.241259
0.234315
0.227001
0.219527
0.212016
0.204528
0.197091
0.189731
0.18247
0.175321
0.168257
0.161245
0.15427
0.147314
0.140392
0.133505
0.126652
0.119833
0.113047
0.106294
0.0995821
0.0929343
0.0863897
0.0800085
0.0738703
0.0680689
0.0627003
0.0578495
0.0535773
0.0499142
0.0468578
0.0443715
0.0423821
0.0407797
0.0394329
0.0382124
0.0370206
0.0358225
0.0346509
0.0335687
0.0326285
0.0318694
0.0313339
0.0310917
0.0312556
0.031988
0.0335108
0.0361145
0.0401719
0.0461463
0.0545869
0.0660978
0.0812663
0.100539
0.124061
0.151544
0.182221
0.214948
0.248393
0.281229
0.31227
0.340545
0.365351
0.386308
0.403257
0.416163
0.425085
0.430185
0.431708
0.429951
0.425408
0.418575
0.409894
0.399778
0.388607
0.376729
0.364453
0.352046
0.339733
0.327694
0.316067
0.304954
0.294423
0.284512
0.27524
0.266608
0.258603
0.251207
0.244395
0.238141
0.232419
0.227206
0.222478
0.218221
0.214419
0.211066
0.281579
0.276641
0.268521
0.258727
0.248251
0.237645
0.227186
0.216983
0.207044
0.197324
0.187749
0.178232
0.168876
0.159732
0.150818
0.142125
0.13362
0.125302
0.117187
0.109297
0.101662
0.0943131
0.0872865
0.0806207
0.0743536
0.0685201
0.0631502
0.0582665
0.0538829
0.0500033
0.0466206
0.0437172
0.0412653
0.0392278
0.03756
0.0362107
0.035124
0.0342426
0.0335146
0.0329002
0.0323794
0.0319574
0.031662
0.0315362
0.0316325
0.0320171
0.0327787
0.0340393
0.0359624
0.0387591
0.0426944
0.0480906
0.0553261
0.0648232
0.0770173
0.0923023
0.110949
0.133011
0.158241
0.186061
0.215611
0.245864
0.275759
0.304318
0.330719
0.354334
0.374748
0.391744
0.405247
0.415279
0.421934
0.425374
0.425794
0.423341
0.418425
0.411572
0.403193
0.39364
0.383231
0.372248
0.360942
0.349527
0.338186
0.327068
0.316287
0.305932
0.296064
0.286721
0.277927
0.269688
0.262001
0.254855
0.248235
0.242122
0.236497
0.231342
0.226639
0.222373
0.218532
0.21511
0.222662
0.213438
0.201442
0.188976
0.176831
0.16531
0.154522
0.144488
0.135189
0.126588
0.118642
0.111306
0.104417
0.0979107
0.0917665
0.0859689
0.0805035
0.0753594
0.0705284
0.0660056
0.0617885
0.0578755
0.0542655
0.0509569
0.0479475
0.0452334
0.0428096
0.0406689
0.0388026
0.0372001
0.0358491
0.0347358
0.0338451
0.0331617
0.03267
0.0323555
0.0322061
0.0322137
0.0323772
0.0327044
0.0332153
0.0339436
0.0349378
0.0362619
0.037997
0.0402458
0.043137
0.0468294
0.0515148
0.0574187
0.0647967
0.0739272
0.0850948
0.0985634
0.114538
0.133117
0.154241
0.177653
0.202891
0.229312
0.256159
0.282642
0.308016
0.331639
0.353003
0.371746
0.38765
0.400619
0.410647
0.417793
0.422165
0.423891
0.423087
0.419786
0.414432
0.407524
0.399411
0.390388
0.380712
0.370609
0.360275
0.34988
0.339567
0.329452
0.319628
0.310166
0.301118
0.292519
0.28439
0.27674
0.269571
0.262877
0.256648
0.250872
0.245534
0.24062
0.236115
0.232008
0.228287
0.224944
0.109804
0.104291
0.0984803
0.093036
0.0880188
0.083407
0.0791633
0.0752489
0.0716285
0.0682711
0.0651502
0.0622436
0.0595298
0.0569927
0.0546197
0.0524016
0.0503317
0.0484057
0.0466206
0.0449748
0.0434675
0.0420989
0.0408696
0.0397806
0.0388333
0.0380293
0.0373705
0.0368592
0.0364978
0.0362893
0.0362373
0.0363465
0.0366225
0.0370729
0.0377075
0.0385393
0.0395852
0.0408676
0.0424156
0.0442663
0.0464669
0.0490757
0.0521638
0.0558164
0.0601342
0.0652343
0.0712507
0.0783331
0.0866432
0.0963489
0.107614
0.120585
0.135369
0.152017
0.170493
0.190657
0.21225
0.234898
0.258127
0.281402
0.304172
0.325912
0.346163
0.364553
0.380808
0.394749
0.40629
0.415414
0.422158
0.426597
0.428812
0.428862
0.426705
0.422521
0.416786
0.409873
0.402063
0.393588
0.384652
0.375429
0.366067
0.356697
0.347427
0.338344
0.32952
0.321011
0.312855
0.305081
0.297708
0.290743
0.28419
0.278046
0.272303
0.266952
0.261983
0.257384
0.253143
0.249249
0.245692
0.242464
0.0837624
0.0813308
0.0788601
0.0765287
0.0743434
0.0722967
0.0703804
0.0685872
0.0669108
0.065346
0.0638887
0.062536
0.0612859
0.0601374
0.0590903
0.058145
0.0573027
0.0565654
0.0559357
0.0554168
0.055013
0.0547291
0.0545709
0.0545449
0.0546587
0.0549208
0.0553409
0.0559297
0.0566995
0.0576641
0.0588391
0.060242
0.0618929
0.0638145
0.0660325
0.0685765
0.0714802
0.074782
0.0785256
0.0827611
0.0875445
0.092939
0.0990142
0.105846
0.113517
0.122111
0.131713
0.142406
0.15426
0.16733
0.181645
0.197195
0.213927
0.231731
0.250434
0.269804
0.289549
0.309335
0.328804
0.347595
0.36537
0.381831
0.396735
0.409898
0.421203
0.430588
0.438044
0.443597
0.447294
0.449181
0.449271
0.447455
0.443848
0.438822
0.432704
0.42575
0.418173
0.410148
0.401824
0.393332
0.384781
0.376265
0.367862
0.359636
0.35164
0.343912
0.336482
0.329372
0.322594
0.316155
0.310057
0.304298
0.298872
0.293774
0.288994
0.284523
0.280352
0.276471
0.272871
0.269545
0.144365
0.142756
0.141018
0.139318
0.137676
0.136101
0.134596
0.133166
0.131818
0.130555
0.129384
0.128311
0.127343
0.126486
0.125747
0.125134
0.124656
0.12432
0.124137
0.124117
0.12427
0.124608
0.125144
0.125892
0.126865
0.128081
0.129556
0.131309
0.133358
0.135727
0.138436
0.141511
0.144977
0.148862
0.153195
0.158006
0.163328
0.169194
0.175639
0.182698
0.190405
0.198796
0.207902
0.217752
0.228371
0.239772
0.251961
0.264928
0.278645
0.293062
0.308105
0.323671
0.339629
0.355817
0.372049
0.388117
0.403801
0.418877
0.433129
0.446358
0.458394
0.469098
0.478368
0.486141
0.492389
0.497114
0.500337
0.502088
0.502379
0.501192
0.498372
0.494097
0.488672
0.48232
0.475252
0.467646
0.459651
0.45139
0.442971
0.434482
0.426002
0.417594
0.409313
0.401204
0.393301
0.385632
0.378217
0.37107
0.364201
0.357614
0.351311
0.345289
0.339545
0.334073
0.328868
0.323923
0.31923
0.314783
0.310575
0.3066
0.273092
0.273378
0.273736
0.274124
0.274535
0.274972
0.275443
0.275953
0.276512
0.277128
0.277811
0.278571
0.279418
0.280366
0.281425
0.28261
0.283933
0.28541
0.287056
0.288888
0.290922
0.293175
0.295668
0.298418
0.301446
0.304772
0.308416
0.312401
0.316746
0.321474
0.326604
0.332157
0.338151
0.344605
0.351533
0.358948
0.36686
0.375277
0.384199
0.393625
0.403546
0.413947
0.424805
0.43609
0.447761
0.459768
0.47205
0.484532
0.49713
0.509746
0.522269
0.534582
0.546556
0.558059
0.568956
0.579114
0.588409
0.596726
0.603965
0.610045
0.614906
0.618507
0.620828
0.62187
0.621647
0.620179
0.617492
0.613598
0.608431
0.601971
0.594479
0.586168
0.577198
0.567723
0.557879
0.547783
0.537534
0.527216
0.516899
0.506644
0.496501
0.486513
0.476714
0.467131
0.457788
0.4487
0.43988
0.431335
0.423071
0.415089
0.407389
0.399968
0.392822
0.385947
0.379338
0.372988
0.366892
0.361044
0.355438
0.350072
0.416732
0.419692
0.423372
0.427279
0.431304
0.435427
0.439647
0.443971
0.448405
0.452958
0.457638
0.462454
0.467415
0.472534
0.477819
0.483283
0.488938
0.494795
0.500868
0.50717
0.513713
0.520512
0.527579
0.534927
0.542569
0.550516
0.558777
0.567363
0.57628
0.585531
0.59512
0.605042
0.615293
0.625861
0.63673
0.647879
0.659279
0.670895
0.682685
0.694598
0.706578
0.718559
0.73047
0.74223
0.753754
0.764951
0.775725
0.785977
0.795606
0.804512
0.812596
0.819765
0.825929
0.83101
0.834937
0.837652
0.839111
0.839282
0.838146
0.8357
0.831949
0.826911
0.820611
0.813076
0.804334
0.794414
0.783352
0.771094
0.75786
0.744029
0.729758
0.715165
0.700368
0.685471
0.670565
0.655728
0.641025
0.626509
0.612226
0.598212
0.584498
0.571107
0.558056
0.545361
0.533029
0.521067
0.509477
0.49826
0.487413
0.476933
0.466815
0.457052
0.447637
0.438562
0.42982
0.421403
0.413303
0.405512
0.398023
0.390832
0.510476
0.515336
0.521507
0.528135
0.535014
0.542097
0.54938
0.556867
0.564568
0.572492
0.580648
0.589045
0.597695
0.606609
0.615795
0.625266
0.635032
0.645102
0.655488
0.666198
0.677241
0.688624
0.700353
0.712433
0.724865
0.737648
0.75078
0.764253
0.778055
0.792169
0.806575
0.821242
0.836138
0.851218
0.866434
0.881726
0.897028
0.912265
0.927352
0.942196
0.956699
0.970753
0.984247
0.997066
1.00909
1.0202
1.03029
1.03923
1.04693
1.05328
1.05821
1.06164
1.06351
1.06378
1.06242
1.05943
1.05481
1.04857
1.04075
1.03139
1.02053
1.00822
0.994509
0.979439
0.963044
0.945366
0.926418
0.906365
0.885926
0.865314
0.844634
0.823999
0.803508
0.783246
0.763282
0.743676
0.724473
0.705709
0.687415
0.66961
0.65231
0.635524
0.619259
0.603515
0.588292
0.573584
0.559385
0.545686
0.532479
0.519752
0.507494
0.495692
0.484335
0.473409
0.462902
0.452801
0.443096
0.433773
0.424822
0.416235
0.0268968
0.0269412
0.0269834
0.0270246
0.0270658
0.0271078
0.0271511
0.0271965
0.0272441
0.0272943
0.0273472
0.027403
0.0274618
0.0275234
0.0275879
0.0276551
0.0277249
0.0277971
0.0278715
0.0279479
0.028026
0.0281057
0.0281866
0.0282685
0.028351
0.028434
0.028517
0.0285999
0.0286823
0.0287638
0.0288443
0.0289233
0.0290005
0.0290757
0.0291485
0.0292186
0.0292857
0.0293493
0.0294093
0.0294652
0.0295168
0.0295636
0.0296053
0.0296416
0.0296721
0.0296965
0.0297144
0.0297255
0.0297293
0.0297256
0.0297139
0.0296939
0.0296652
0.0296274
0.0295803
0.0295234
0.0294563
0.0293788
0.0292904
0.0291907
0.0290796
0.0289565
0.0288213
0.0286734
0.0285127
0.0283387
0.0281512
0.0279499
0.0277344
0.0275044
0.0272597
0.0269998
0.0267246
0.0264336
0.0261266
0.0258031
0.0254628
0.0251054
0.0247302
0.0243369
0.0239248
0.0234932
0.0230414
0.0225683
0.0220727
0.0215533
0.0210082
0.0204351
0.0198311
0.0191923
0.0185137
0.0177883
0.0170063
0.0161535
0.0152078
0.0141331
0.0128636
0.0112611
0.00896146
0.00487212
0.0327069
0.0325231
0.0323358
0.0321479
0.0319613
0.0317781
0.0316
0.0314286
0.0312654
0.0311115
0.030968
0.0308359
0.0307159
0.0306087
0.0305147
0.0304342
0.0303676
0.0303149
0.0302762
0.0302515
0.0302407
0.0302435
0.0302598
0.0302891
0.0303313
0.0303858
0.0304523
0.0305303
0.0306194
0.030719
0.0308286
0.0309477
0.0310757
0.0312121
0.0313563
0.0315076
0.0316655
0.0318292
0.0319982
0.0321716
0.0323489
0.0325292
0.0327117
0.0328956
0.0330801
0.0332643
0.0334471
0.0336276
0.0338048
0.0339775
0.0341445
0.0343046
0.0344566
0.0345992
0.0347308
0.0348502
0.0349558
0.0350462
0.0351197
0.0351748
0.0352099
0.0352235
0.035214
0.0351798
0.0351195
0.0350316
0.0349146
0.0347674
0.0345887
0.0343775
0.0341326
0.0338534
0.0335391
0.0331892
0.0328031
0.0323808
0.0319219
0.0314266
0.030895
0.0303273
0.0297238
0.029085
0.0284111
0.0277027
0.0269598
0.0261827
0.0253711
0.0245243
0.023641
0.0227187
0.0217539
0.0207406
0.0196701
0.0185285
0.0172936
0.0159278
0.0143614
0.0124446
0.00976189
0.00479756
0.0332521
0.0329666
0.0326886
0.0324242
0.0321768
0.0319487
0.0317414
0.0315555
0.0313911
0.0312482
0.0311261
0.0310241
0.0309413
0.0308766
0.0308291
0.0307975
0.0307807
0.0307776
0.0307871
0.0308082
0.0308397
0.0308806
0.03093
0.0309868
0.0310501
0.031119
0.0311925
0.0312698
0.0313498
0.0314317
0.0315146
0.0315974
0.0316793
0.0317592
0.0318361
0.031909
0.0319769
0.0320387
0.0320933
0.0321397
0.0321766
0.0322031
0.0322179
0.0322201
0.0322085
0.0321822
0.0321401
0.0320812
0.0320048
0.0319099
0.0317958
0.031662
0.0315079
0.031333
0.0311371
0.0309199
0.0306813
0.0304216
0.0301407
0.0298391
0.0295171
0.0291754
0.0288144
0.0284351
0.0280381
0.0276243
0.0271947
0.0267501
0.0262915
0.0258198
0.0253359
0.0248405
0.0243344
0.0238182
0.0232924
0.0227574
0.0222135
0.0216607
0.021099
0.0205281
0.0199477
0.0193574
0.0187564
0.0181441
0.0175194
0.0168814
0.0162289
0.0155603
0.0148742
0.0141683
0.0134401
0.0126861
0.0119013
0.0110785
0.0102065
0.00926653
0.00822471
0.00701321
0.005482
0.00357779
0.0333156
0.0331076
0.0329269
0.0327733
0.0326453
0.0325408
0.0324575
0.0323928
0.0323444
0.0323099
0.0322872
0.0322743
0.0322696
0.0322714
0.0322783
0.0322891
0.0323026
0.0323179
0.0323341
0.0323502
0.0323656
0.0323796
0.0323916
0.0324009
0.0324069
0.0324092
0.0324073
0.0324006
0.0323886
0.032371
0.0323473
0.0323169
0.0322796
0.032235
0.0321825
0.0321219
0.0320527
0.0319747
0.0318874
0.0317906
0.0316839
0.0315671
0.0314399
0.031302
0.0311532
0.0309934
0.0308222
0.0306397
0.0304456
0.0302399
0.0300224
0.0297931
0.0295521
0.0292993
0.0290348
0.0287585
0.0284708
0.0281715
0.027861
0.0275394
0.0272068
0.0268636
0.0265099
0.0261461
0.0257724
0.0253891
0.0249967
0.0245953
0.0241854
0.0237673
0.0233413
0.0229079
0.0224674
0.0220201
0.0215664
0.0211066
0.0206409
0.0201697
0.019693
0.0192111
0.018724
0.0182317
0.017734
0.0172306
0.016721
0.0162044
0.0156798
0.0151457
0.0146001
0.0140403
0.0134627
0.0128623
0.012232
0.0115619
0.0108369
0.0100331
0.00910902
0.0079836
0.0064722
0.00426401
0.0354907
0.0353198
0.0351835
0.0350768
0.0349957
0.0349362
0.0348949
0.0348684
0.0348538
0.0348486
0.0348506
0.0348579
0.0348689
0.034882
0.0348961
0.0349101
0.0349231
0.0349342
0.0349426
0.0349478
0.0349491
0.034946
0.034938
0.0349246
0.0349055
0.0348801
0.0348481
0.0348092
0.034763
0.0347092
0.0346475
0.0345777
0.0344994
0.0344124
0.0343164
0.0342114
0.0340971
0.0339733
0.0338399
0.0336967
0.0335438
0.0333809
0.0332082
0.0330254
0.0328328
0.0326302
0.0324177
0.0321955
0.0319635
0.031722
0.0314712
0.0312111
0.0309419
0.030664
0.0303774
0.0300826
0.0297797
0.029469
0.0291507
0.0288253
0.028493
0.0281541
0.0278089
0.0274576
0.0271007
0.0267383
0.0263707
0.0259982
0.0256209
0.0252391
0.024853
0.0244625
0.0240679
0.0236691
0.0232661
0.0228587
0.0224468
0.0220301
0.0216083
0.0211808
0.020747
0.0203061
0.0198573
0.0193993
0.0189307
0.0184498
0.0179544
0.0174421
0.0169095
0.0163527
0.0157664
0.015144
0.0144763
0.0137508
0.0129489
0.0120419
0.0109804
0.00966861
0.00788976
0.00524511
0.037874
0.0376836
0.0375326
0.0374134
0.0373211
0.0372509
0.0371987
0.037161
0.0371345
0.0371166
0.037105
0.0370977
0.0370931
0.0370898
0.0370865
0.0370822
0.0370761
0.0370675
0.0370556
0.03704
0.0370201
0.0369955
0.0369659
0.0369308
0.0368901
0.0368434
0.0367905
0.0367313
0.0366654
0.0365927
0.0365132
0.0364266
0.0363328
0.0362318
0.0361234
0.0360076
0.0358844
0.0357537
0.0356155
0.0354698
0.0353167
0.035156
0.034988
0.0348126
0.0346298
0.0344399
0.0342429
0.0340388
0.0338277
0.0336099
0.0333854
0.0331543
0.0329168
0.032673
0.0324231
0.0321671
0.0319052
0.0316375
0.0313641
0.0310852
0.0308009
0.0305111
0.030216
0.0299157
0.0296101
0.0292993
0.0289832
0.0286617
0.0283349
0.0280024
0.0276643
0.0273202
0.0269698
0.0266129
0.0262491
0.0258778
0.0254986
0.0251107
0.0247134
0.024306
0.0238872
0.0234561
0.0230111
0.0225507
0.022073
0.0215758
0.0210563
0.0205114
0.019937
0.0193282
0.0186788
0.0179805
0.0172224
0.0163892
0.0154587
0.0143961
0.013142
0.0115817
0.00945767
0.0063184
0.0405091
0.040276
0.0400897
0.0399408
0.0398231
0.0397313
0.0396606
0.0396068
0.0395663
0.0395362
0.0395138
0.039497
0.039484
0.0394732
0.0394633
0.0394532
0.0394421
0.0394292
0.0394138
0.0393954
0.0393735
0.0393477
0.0393177
0.0392832
0.0392439
0.0391997
0.0391502
0.0390954
0.0390351
0.0389693
0.0388977
0.0388204
0.0387371
0.038648
0.0385529
0.0384517
0.0383446
0.0382314
0.0381121
0.0379867
0.0378553
0.0377178
0.0375743
0.0374248
0.0372693
0.0371078
0.0369404
0.0367671
0.036588
0.036403
0.0362122
0.0360157
0.0358134
0.0356053
0.0353916
0.0351721
0.0349468
0.0347159
0.0344791
0.0342365
0.033988
0.0337335
0.033473
0.0332062
0.0329331
0.0326535
0.0323672
0.0320738
0.0317732
0.0314651
0.031149
0.0308246
0.0304914
0.0301489
0.0297964
0.0294334
0.029059
0.0286725
0.0282727
0.0278586
0.027429
0.0269823
0.026517
0.026031
0.025522
0.0249875
0.0244242
0.0238282
0.0231948
0.0225183
0.0217911
0.0210036
0.0201429
0.019191
0.0181217
0.016894
0.0154383
0.0136201
0.0111368
0.0074506
0.0435029
0.0432229
0.042998
0.042817
0.0426728
0.0425592
0.0424707
0.0424026
0.0423508
0.0423118
0.0422828
0.0422614
0.0422454
0.0422331
0.042223
0.0422141
0.0422052
0.0421955
0.0421844
0.0421711
0.0421553
0.0421365
0.0421144
0.0420886
0.0420588
0.042025
0.0419868
0.0419442
0.0418969
0.0418449
0.0417881
0.0417263
0.0416596
0.0415877
0.0415107
0.0414286
0.0413412
0.0412485
0.0411505
0.0410472
0.0409385
0.0408244
0.040705
0.04058
0.0404496
0.0403137
0.0401722
0.0400252
0.0398725
0.0397142
0.0395503
0.0393805
0.039205
0.0390236
0.0388362
0.0386427
0.0384431
0.0382372
0.0380248
0.0378059
0.0375803
0.0373477
0.037108
0.0368609
0.0366062
0.0363435
0.0360726
0.0357931
0.0355045
0.0352065
0.0348986
0.0345801
0.0342506
0.0339093
0.0335555
0.0331883
0.0328069
0.0324101
0.0319968
0.0315657
0.0311152
0.0306437
0.030149
0.029629
0.029081
0.0285017
0.0278875
0.0272339
0.0265353
0.0257849
0.0249741
0.0240914
0.0231219
0.0220446
0.0208287
0.0194266
0.0177571
0.0156635
0.0127949
0.00856562
0.0469229
0.0465985
0.0463367
0.0461249
0.0459552
0.0458207
0.0457153
0.0456338
0.0455717
0.045525
0.0454907
0.0454658
0.0454482
0.0454359
0.0454272
0.0454208
0.0454156
0.0454107
0.0454052
0.0453985
0.0453901
0.0453794
0.045366
0.0453498
0.0453302
0.0453072
0.0452805
0.0452498
0.0452152
0.0451764
0.0451333
0.0450857
0.0450337
0.0449771
0.0449158
0.0448498
0.0447789
0.0447032
0.0446225
0.0445368
0.0444461
0.0443502
0.0442491
0.0441427
0.044031
0.0439138
0.0437912
0.043663
0.0435291
0.0433895
0.043244
0.0430925
0.042935
0.0427711
0.0426009
0.0424242
0.0422407
0.0420504
0.0418529
0.0416481
0.0414358
0.0412156
0.0409872
0.0407504
0.0405048
0.04025
0.0399857
0.0397112
0.0394263
0.0391302
0.0388225
0.0385024
0.0381692
0.0378222
0.0374604
0.0370828
0.0366884
0.0362759
0.035844
0.035391
0.0349153
0.0344148
0.0338872
0.03333
0.0327399
0.0321134
0.0314461
0.030733
0.0299675
0.029142
0.0282463
0.0272677
0.0261887
0.0249854
0.0236225
0.0220456
0.0201616
0.0177911
0.0145308
0.00970943
0.0507245
0.0503602
0.0500648
0.0498246
0.0496311
0.0494767
0.049355
0.0492604
0.0491878
0.0491332
0.0490929
0.049064
0.049044
0.0490307
0.0490223
0.0490174
0.0490147
0.0490131
0.0490118
0.04901
0.0490072
0.0490027
0.0489962
0.0489872
0.0489755
0.0489608
0.0489428
0.0489213
0.0488963
0.0488673
0.0488345
0.0487976
0.0487564
0.048711
0.0486612
0.0486068
0.0485479
0.0484842
0.0484158
0.0483425
0.0482643
0.048181
0.0480925
0.0479989
0.0478998
0.0477953
0.0476852
0.0475695
0.0474479
0.0473204
0.0471867
0.0470468
0.0469005
0.0467475
0.0465878
0.0464211
0.0462471
0.0460656
0.0458764
0.0456792
0.0454737
0.0452595
0.0450363
0.0448037
0.0445613
0.0443086
0.0440451
0.0437703
0.0434837
0.0431845
0.042872
0.0425456
0.0422043
0.0418472
0.0414733
0.0410815
0.0406704
0.0402387
0.0397848
0.039307
0.0388031
0.0382709
0.0377079
0.0371109
0.0364765
0.0358005
0.0350781
0.0343032
0.0334688
0.0325659
0.0315832
0.0305061
0.0293147
0.0279819
0.0264677
0.0247101
0.0226034
0.0199434
0.0162708
0.0108404
0.0548659
0.0544669
0.0541417
0.0538759
0.0536603
0.0534874
0.05335
0.0532423
0.0531591
0.0530958
0.0530488
0.0530148
0.0529911
0.0529753
0.0529656
0.0529604
0.0529582
0.0529579
0.0529586
0.0529594
0.0529597
0.0529589
0.0529565
0.0529521
0.0529453
0.0529359
0.0529235
0.0529079
0.0528889
0.0528664
0.0528402
0.05281
0.0527759
0.0527376
0.0526951
0.0526481
0.0525967
0.0525407
0.05248
0.0524145
0.052344
0.0522684
0.0521878
0.0521018
0.0520104
0.0519134
0.0518108
0.0517023
0.0515879
0.0514672
0.0513403
0.0512067
0.0510665
0.0509193
0.0507649
0.0506031
0.0504336
0.0502561
0.0500703
0.0498758
0.0496724
0.0494596
0.049237
0.0490042
0.0487606
0.0485058
0.0482392
0.0479602
0.047668
0.047362
0.0470413
0.0467051
0.0463525
0.0459822
0.0455933
0.0451844
0.044754
0.0443006
0.0438225
0.0433175
0.0427834
0.0422177
0.0416173
0.040979
0.0402987
0.0395718
0.0387929
0.0379552
0.0370507
0.0360695
0.0349988
0.0338221
0.0325175
0.0310542
0.0293876
0.027448
0.0251166
0.022164
0.0180704
0.0119877
0.0592905
0.0588618
0.0585109
0.0582224
0.0579872
0.0577971
0.0576451
0.0575249
0.0574311
0.0573591
0.0573047
0.0572648
0.0572363
0.0572168
0.0572044
0.0571972
0.0571938
0.057193
0.0571938
0.0571952
0.0571965
0.057197
0.0571964
0.057194
0.0571896
0.0571827
0.0571731
0.0571605
0.0571447
0.0571255
0.0571027
0.0570762
0.0570457
0.0570112
0.0569725
0.0569295
0.056882
0.0568299
0.0567731
0.0567115
0.056645
0.0565734
0.0564965
0.0564143
0.0563265
0.0562331
0.0561338
0.0560286
0.0559172
0.0557994
0.055675
0.0555438
0.0554056
0.0552601
0.055107
0.0549461
0.0547771
0.0545996
0.0544133
0.0542179
0.0540128
0.0537977
0.053572
0.0533354
0.0530872
0.0528269
0.0525537
0.0522671
0.0519662
0.0516503
0.0513184
0.0509695
0.0506026
0.0502164
0.0498098
0.0493812
0.0489291
0.0484516
0.0479468
0.0474125
0.046846
0.0462447
0.0456051
0.0449235
0.0441955
0.043416
0.0425788
0.0416766
0.0407004
0.0396391
0.0384787
0.0372007
0.0357807
0.0341847
0.0323627
0.0302373
0.027676
0.0244223
0.0198928
0.0131318
0.0639554
0.0635021
0.0631293
0.0628213
0.0625689
0.0623637
0.0621984
0.0620665
0.0619626
0.0618819
0.0618201
0.0617738
0.06174
0.0617161
0.0617
0.0616898
0.061684
0.0616813
0.0616806
0.061681
0.0616816
0.0616818
0.061681
0.0616787
0.0616745
0.0616681
0.061659
0.0616471
0.0616321
0.0616137
0.0615919
0.0615663
0.0615368
0.0615033
0.0614655
0.0614235
0.061377
0.0613258
0.06127
0.0612092
0.0611434
0.0610724
0.0609961
0.0609143
0.0608269
0.0607336
0.0606344
0.0605289
0.0604171
0.0602987
0.0601734
0.0600411
0.0599015
0.0597542
0.0595991
0.0594357
0.0592638
0.059083
0.0588929
0.058693
0.058483
0.0582624
0.0580306
0.057787
0.0575311
0.0572622
0.0569796
0.0566826
0.0563702
0.0560416
0.0556958
0.0553317
0.0549481
0.0545438
0.0541171
0.0536667
0.0531907
0.0526871
0.0521538
0.0515883
0.0509879
0.0503492
0.0496689
0.0489426
0.0481655
0.047332
0.0464353
0.0454674
0.0444183
0.0432759
0.0420245
0.0406442
0.0391078
0.0373777
0.0353992
0.0330866
0.0302933
0.026735
0.0217611
0.014286
0.0688196
0.0683464
0.0679556
0.0676314
0.0673644
0.067146
0.066969
0.0668268
0.0667137
0.0666248
0.0665559
0.0665033
0.0664641
0.0664354
0.0664151
0.0664013
0.0663924
0.066387
0.0663839
0.0663821
0.0663808
0.0663794
0.0663771
0.0663734
0.066368
0.0663604
0.0663502
0.0663372
0.0663212
0.0663017
0.0662788
0.0662521
0.0662215
0.0661868
0.0661478
0.0661045
0.0660566
0.066004
0.0659465
0.0658841
0.0658165
0.0657436
0.0656652
0.0655812
0.0654914
0.0653956
0.0652936
0.0651852
0.0650703
0.0649485
0.0648196
0.0646834
0.0645395
0.0643878
0.0642278
0.0640592
0.0638817
0.0636949
0.0634983
0.0632915
0.063074
0.0628452
0.0626047
0.0623518
0.0620857
0.0618059
0.0615116
0.0612018
0.0608757
0.0605323
0.0601705
0.0597891
0.0593868
0.0589622
0.0585137
0.0580395
0.0575377
0.0570063
0.0564427
0.0558443
0.055208
0.0545304
0.0538075
0.0530348
0.0522069
0.0513177
0.0503598
0.0493243
0.0482005
0.046975
0.0456308
0.0441459
0.0424909
0.0406245
0.0384869
0.035984
0.0329552
0.0290876
0.0236606
0.0154433
0.0738517
0.0733634
0.0729587
0.0726215
0.0723426
0.0721133
0.0719264
0.0717753
0.0716542
0.0715581
0.0714827
0.0714244
0.07138
0.0713467
0.0713222
0.0713047
0.0712923
0.0712838
0.0712778
0.0712733
0.0712695
0.0712656
0.0712609
0.071255
0.0712473
0.0712374
0.071225
0.0712097
0.0711912
0.0711694
0.0711439
0.0711146
0.0710813
0.0710438
0.0710019
0.0709556
0.0709045
0.0708486
0.0707876
0.0707216
0.0706502
0.0705733
0.0704909
0.0704025
0.0703082
0.0702077
0.0701008
0.0699873
0.0698669
0.0697395
0.0696047
0.0694622
0.0693119
0.0691533
0.0689861
0.0688099
0.0686245
0.0684292
0.0682237
0.0680076
0.0677801
0.0675409
0.0672892
0.0670245
0.066746
0.0664529
0.0661443
0.0658195
0.0654773
0.0651167
0.0647365
0.0643354
0.0639121
0.0634648
0.0629921
0.0624918
0.0619621
0.0614004
0.0608043
0.0601707
0.0594964
0.0587775
0.0580099
0.0571886
0.0563077
0.0553607
0.0543394
0.0532342
0.0520335
0.0507227
0.0492834
0.0476916
0.0459154
0.0439099
0.0416098
0.038913
0.035644
0.0314606
0.025571
0.0166071
0.0795185
0.0790114
0.0785895
0.0782366
0.0779431
0.0777006
0.0775015
0.0773392
0.0772078
0.0771024
0.0770184
0.0769521
0.0769003
0.0768602
0.0768293
0.0768057
0.0767876
0.0767735
0.0767621
0.0767524
0.0767435
0.0767345
0.0767248
0.0767138
0.076701
0.0766859
0.0766682
0.0766474
0.0766234
0.0765959
0.0765646
0.0765292
0.0764897
0.0764457
0.0763972
0.076344
0.0762858
0.0762226
0.0761541
0.0760802
0.0760008
0.0759156
0.0758245
0.0757273
0.0756238
0.0755138
0.0753971
0.0752735
0.0751426
0.0750044
0.0748584
0.0747044
0.0745421
0.0743711
0.0741911
0.0740017
0.0738025
0.0735929
0.0733726
0.073141
0.0728975
0.0726415
0.0723724
0.0720894
0.0717919
0.0714788
0.0711494
0.0708027
0.0704375
0.0700528
0.0696472
0.0692194
0.0687678
0.0682907
0.0677864
0.0672527
0.0666874
0.066088
0.0654517
0.0647752
0.064055
0.0632871
0.0624668
0.0615887
0.0606466
0.0596333
0.05854
0.0573563
0.0560697
0.0546642
0.05312
0.0514111
0.0495027
0.0473463
0.0448711
0.0419658
0.0384401
0.0339213
0.0275438
0.0177741
0.0863401
0.0858215
0.0853885
0.085025
0.0847216
0.0844698
0.0842621
0.0840917
0.083953
0.0838407
0.0837504
0.0836784
0.0836212
0.0835761
0.0835406
0.0835127
0.0834904
0.0834723
0.083457
0.0834435
0.0834308
0.0834179
0.0834043
0.0833893
0.0833723
0.0833529
0.0833307
0.0833054
0.0832765
0.0832438
0.0832072
0.0831662
0.0831208
0.0830707
0.0830157
0.0829557
0.0828905
0.0828199
0.0827438
0.0826619
0.0825741
0.0824803
0.0823802
0.0822736
0.0821604
0.0820404
0.0819133
0.0817788
0.0816368
0.081487
0.081329
0.0811626
0.0809875
0.0808032
0.0806094
0.0804057
0.0801917
0.0799668
0.0797306
0.0794824
0.0792218
0.078948
0.0786603
0.0783581
0.0780403
0.0777062
0.0773548
0.0769851
0.0765958
0.0761857
0.0757534
0.0752975
0.0748162
0.0743078
0.0737702
0.0732012
0.0725984
0.071959
0.0712798
0.0705576
0.0697882
0.0689673
0.0680899
0.0671499
0.0661406
0.0650539
0.0638804
0.0626085
0.0612243
0.0597106
0.0580451
0.0561995
0.0541353
0.0517991
0.0491125
0.0459528
0.0421091
0.0371676
0.0301588
0.0192908
0.0933541
0.0928298
0.0923909
0.0920215
0.0917121
0.0914544
0.0912411
0.0910654
0.0909215
0.0908044
0.0907096
0.0906333
0.0905722
0.0905233
0.0904841
0.0904526
0.0904268
0.0904053
0.0903866
0.0903696
0.0903532
0.0903367
0.0903192
0.0903001
0.0902789
0.090255
0.0902281
0.0901976
0.0901634
0.0901252
0.0900825
0.0900353
0.0899832
0.0899261
0.0898637
0.089796
0.0897226
0.0896435
0.0895584
0.0894672
0.0893697
0.0892658
0.0891551
0.0890376
0.0889131
0.0887812
0.0886419
0.0884948
0.0883397
0.0881763
0.0880043
0.0878234
0.0876333
0.0874335
0.0872237
0.0870035
0.0867724
0.0865299
0.0862754
0.0860083
0.0857281
0.0854341
0.0851254
0.0848013
0.0844608
0.0841032
0.0837272
0.0833318
0.0829157
0.0824776
0.0820159
0.0815292
0.0810154
0.0804728
0.0798992
0.079292
0.0786487
0.0779662
0.0772412
0.0764699
0.0756481
0.0747708
0.0738327
0.0728271
0.0717468
0.0705828
0.0693249
0.0679606
0.0664745
0.0648477
0.0630561
0.0610685
0.058843
0.0563208
0.0534163
0.0499946
0.0458238
0.0404475
0.0327894
0.0208007
0.10049
0.0999651
0.0995248
0.0991533
0.0988415
0.0985811
0.0983649
0.0981862
0.0980395
0.0979195
0.0978219
0.0977429
0.097679
0.0976274
0.0975857
0.0975515
0.0975231
0.0974989
0.0974774
0.0974574
0.097438
0.0974182
0.0973972
0.0973743
0.097349
0.0973208
0.0972892
0.0972538
0.0972142
0.0971702
0.0971214
0.0970677
0.0970087
0.0969442
0.0968741
0.0967981
0.0967161
0.0966278
0.0965332
0.096432
0.096324
0.0962091
0.096087
0.0959576
0.0958207
0.0956759
0.0955232
0.0953623
0.0951928
0.0950146
0.0948272
0.0946304
0.0944239
0.0942072
0.0939799
0.0937415
0.0934917
0.0932299
0.0929554
0.0926677
0.0923662
0.09205
0.0917185
0.0913707
0.0910057
0.0906225
0.09022
0.089797
0.0893522
0.0888841
0.0883911
0.0878715
0.0873234
0.0867447
0.0861329
0.0854856
0.0847999
0.0840725
0.0832997
0.0824777
0.0816017
0.0806665
0.0796661
0.0785936
0.0774409
0.0761985
0.0748552
0.0733975
0.0718088
0.0700685
0.0681507
0.0660212
0.0636346
0.0609272
0.0578055
0.0541228
0.049626
0.0438154
0.035503
0.0223339
0.107703
0.107182
0.106745
0.106375
0.106065
0.105805
0.105588
0.105409
0.105262
0.105141
0.105043
0.104963
0.104898
0.104845
0.104802
0.104766
0.104737
0.104711
0.104687
0.104665
0.104644
0.104621
0.104598
0.104572
0.104543
0.104511
0.104476
0.104436
0.104391
0.104342
0.104288
0.104228
0.104162
0.10409
0.104013
0.103929
0.103838
0.103741
0.103636
0.103525
0.103407
0.10328
0.103147
0.103005
0.102855
0.102697
0.102531
0.102355
0.102171
0.101977
0.101774
0.10156
0.101336
0.101102
0.100856
0.100598
0.100329
0.100046
0.0997505
0.0994409
0.0991166
0.0987769
0.098421
0.098048
0.0976568
0.0972465
0.0968158
0.0963635
0.0958882
0.0953882
0.0948621
0.0943079
0.0937235
0.0931067
0.0924551
0.0917658
0.0910358
0.0902617
0.0894395
0.0885649
0.0876331
0.0866383
0.0855741
0.0844331
0.0832067
0.0818846
0.0804547
0.0789025
0.0772101
0.0753554
0.0733101
0.0710378
0.068489
0.065595
0.0622546
0.0583085
0.0534818
0.0472301
0.0382495
0.0238653
0.114959
0.114447
0.114017
0.113653
0.113347
0.113091
0.112877
0.1127
0.112555
0.112435
0.112338
0.112258
0.112194
0.112142
0.112099
0.112063
0.112033
0.112007
0.111983
0.111961
0.111938
0.111914
0.111889
0.111861
0.11183
0.111796
0.111757
0.111714
0.111665
0.111612
0.111552
0.111487
0.111415
0.111338
0.111253
0.111162
0.111063
0.110957
0.110844
0.110723
0.110594
0.110457
0.110312
0.110159
0.109996
0.109825
0.109645
0.109455
0.109256
0.109046
0.108826
0.108596
0.108354
0.108101
0.107836
0.107559
0.107269
0.106965
0.106647
0.106315
0.105967
0.105602
0.105221
0.104821
0.104403
0.103964
0.103504
0.103021
0.102514
0.10198
0.10142
0.100829
0.100207
0.0995507
0.0988576
0.0981248
0.097349
0.0965266
0.0956535
0.0947249
0.0937358
0.09268
0.0915508
0.0903402
0.0890389
0.0876361
0.0861187
0.0844712
0.0826745
0.0807049
0.078532
0.0761166
0.0734057
0.0703253
0.0667662
0.0625569
0.0574003
0.0507063
0.0410514
0.0254062
0.122225
0.121727
0.121307
0.120953
0.120655
0.120405
0.120197
0.120025
0.119883
0.119767
0.119673
0.119596
0.119534
0.119484
0.119443
0.119409
0.119381
0.119356
0.119333
0.119311
0.119288
0.119265
0.119239
0.119211
0.119179
0.119143
0.119103
0.119057
0.119006
0.118949
0.118887
0.118817
0.118741
0.118658
0.118568
0.11847
0.118365
0.118252
0.118131
0.118001
0.117863
0.117716
0.117561
0.117396
0.117222
0.117038
0.116844
0.116641
0.116427
0.116202
0.115966
0.115719
0.11546
0.115188
0.114904
0.114607
0.114296
0.113971
0.113631
0.113275
0.112903
0.112513
0.112106
0.111679
0.111232
0.110764
0.110273
0.109758
0.109218
0.10865
0.108054
0.107426
0.106765
0.106067
0.105331
0.104553
0.10373
0.102858
0.101933
0.100949
0.0999008
0.0987827
0.097587
0.0963054
0.094928
0.0934432
0.0918372
0.0900934
0.0881915
0.086106
0.0838048
0.0812458
0.0783722
0.0751047
0.0713266
0.0668533
0.0613654
0.0542259
0.0438881
0.0269466
0.129469
0.128988
0.128584
0.128242
0.127955
0.127714
0.127515
0.12735
0.127214
0.127104
0.127015
0.126943
0.126885
0.126838
0.126801
0.126771
0.126745
0.126723
0.126702
0.126683
0.126662
0.12664
0.126616
0.126589
0.126558
0.126522
0.126482
0.126436
0.126384
0.126326
0.126261
0.126189
0.12611
0.126024
0.12593
0.125828
0.125717
0.125598
0.125471
0.125334
0.125188
0.125033
0.124868
0.124694
0.124509
0.124314
0.124109
0.123892
0.123665
0.123426
0.123175
0.122911
0.122635
0.122346
0.122044
0.121727
0.121396
0.12105
0.120687
0.120308
0.119912
0.119497
0.119063
0.118609
0.118134
0.117636
0.117114
0.116567
0.115992
0.115389
0.114756
0.11409
0.113388
0.112649
0.111869
0.111045
0.110173
0.10925
0.10827
0.107229
0.106121
0.104939
0.103676
0.102322
0.100867
0.099299
0.0976032
0.095762
0.0937539
0.0915519
0.0891217
0.0864185
0.083382
0.0799276
0.0759306
0.0711938
0.0653748
0.0577893
0.0467641
0.0284889
0.136658
0.136199
0.135814
0.135488
0.135214
0.134986
0.134797
0.134641
0.134514
0.134411
0.134329
0.134263
0.134212
0.134171
0.134139
0.134113
0.134092
0.134075
0.134058
0.134043
0.134026
0.134008
0.133987
0.133963
0.133934
0.133901
0.133862
0.133818
0.133767
0.13371
0.133645
0.133573
0.133494
0.133406
0.13331
0.133205
0.133092
0.132969
0.132837
0.132696
0.132545
0.132383
0.132211
0.132029
0.131836
0.131632
0.131416
0.131189
0.130949
0.130697
0.130433
0.130155
0.129864
0.129559
0.129239
0.128904
0.128553
0.128186
0.127803
0.127401
0.126981
0.126542
0.126082
0.1256
0.125096
0.124569
0.124015
0.123436
0.122827
0.122188
0.121517
0.120812
0.120069
0.119287
0.118462
0.11759
0.116669
0.115693
0.114659
0.113559
0.11239
0.111143
0.10981
0.108382
0.106848
0.105195
0.103408
0.101468
0.0993523
0.0970325
0.0944724
0.0916243
0.0884245
0.0847829
0.0805671
0.075567
0.0694172
0.0613853
0.0496683
0.0300282
0.143764
0.14333
0.142965
0.142658
0.1424
0.142186
0.14201
0.141866
0.141749
0.141656
0.141582
0.141525
0.14148
0.141447
0.141422
0.141403
0.141389
0.141377
0.141367
0.141357
0.141346
0.141333
0.141318
0.141298
0.141275
0.141246
0.141211
0.141171
0.141124
0.141069
0.141008
0.140938
0.14086
0.140774
0.140679
0.140575
0.140461
0.140337
0.140204
0.14006
0.139906
0.139741
0.139565
0.139377
0.139178
0.138967
0.138744
0.138508
0.138259
0.137997
0.137721
0.137431
0.137127
0.136807
0.136472
0.13612
0.135752
0.135366
0.134963
0.13454
0.134097
0.133634
0.133149
0.132641
0.13211
0.131552
0.130968
0.130356
0.129713
0.129039
0.12833
0.127585
0.126801
0.125974
0.125103
0.124184
0.123211
0.122182
0.121091
0.119932
0.118699
0.117385
0.115981
0.114477
0.112862
0.111123
0.109243
0.107203
0.104978
0.102539
0.0998476
0.0968537
0.0934898
0.089661
0.0852266
0.0799641
0.073485
0.065008
0.0525978
0.0315637
0.150754
0.150347
0.150006
0.14972
0.149481
0.149283
0.149121
0.14899
0.148886
0.148803
0.14874
0.148692
0.148657
0.148632
0.148616
0.148605
0.148599
0.148595
0.148593
0.148591
0.148588
0.148583
0.148574
0.148562
0.148546
0.148524
0.148496
0.148462
0.148421
0.148373
0.148317
0.148253
0.14818
0.148098
0.148007
0.147906
0.147795
0.147674
0.147542
0.147399
0.147245
0.14708
0.146903
0.146713
0.146512
0.146297
0.146069
0.145828
0.145573
0.145303
0.145019
0.14472
0.144405
0.144073
0.143725
0.14336
0.142976
0.142574
0.142153
0.141711
0.141247
0.140762
0.140253
0.13972
0.139162
0.138576
0.137962
0.137318
0.136641
0.135931
0.135185
0.1344
0.133574
0.132703
0.131786
0.130817
0.129792
0.128708
0.127559
0.126339
0.125041
0.123659
0.122182
0.1206
0.118903
0.117075
0.115099
0.112956
0.110621
0.10806
0.105236
0.102095
0.0985661
0.0945493
0.0898966
0.0843726
0.0775659
0.0686463
0.0555434
0.0330917
0.157603
0.157225
0.15691
0.156646
0.156427
0.156247
0.156101
0.155984
0.155892
0.155822
0.15577
0.155733
0.155709
0.155694
0.155687
0.155687
0.15569
0.155696
0.155704
0.155711
0.155718
0.155722
0.155723
0.155721
0.155714
0.155702
0.155684
0.155659
0.155627
0.155588
0.15554
0.155485
0.15542
0.155346
0.155262
0.155168
0.155064
0.154949
0.154822
0.154685
0.154535
0.154373
0.154199
0.154012
0.153811
0.153597
0.153368
0.153126
0.152868
0.152595
0.152306
0.152001
0.151678
0.151339
0.150981
0.150605
0.150209
0.149793
0.149356
0.148898
0.148416
0.147911
0.147381
0.146825
0.146241
0.145628
0.144985
0.14431
0.143601
0.142856
0.142073
0.141248
0.14038
0.139465
0.138501
0.137482
0.136405
0.135265
0.134057
0.132774
0.13141
0.129956
0.128404
0.126743
0.12496
0.123041
0.120968
0.11872
0.11627
0.113586
0.110627
0.107336
0.10364
0.0994343
0.0945628
0.0887783
0.0816465
0.0722884
0.0584969
0.0346092
0.16428
0.163933
0.163645
0.163405
0.163207
0.163045
0.162916
0.162814
0.162737
0.16268
0.16264
0.162615
0.162602
0.162598
0.162603
0.162613
0.162628
0.162645
0.162664
0.162683
0.162701
0.162717
0.162731
0.16274
0.162746
0.162746
0.16274
0.162728
0.162708
0.162681
0.162646
0.162602
0.162549
0.162487
0.162415
0.162332
0.162238
0.162133
0.162017
0.161888
0.161747
0.161594
0.161427
0.161246
0.161051
0.160841
0.160617
0.160377
0.160121
0.159849
0.15956
0.159253
0.158928
0.158584
0.158221
0.157837
0.157433
0.157007
0.156558
0.156086
0.155589
0.155067
0.154518
0.153941
0.153335
0.152697
0.152027
0.151323
0.150583
0.149804
0.148984
0.14812
0.147211
0.146252
0.14524
0.144171
0.143041
0.141844
0.140575
0.139228
0.137796
0.13627
0.134641
0.132897
0.131027
0.129013
0.126839
0.124483
0.121916
0.119105
0.116007
0.112563
0.108697
0.1043
0.0992081
0.0931628
0.085708
0.0759168
0.061445
0.03611
0.170774
0.170459
0.170197
0.16998
0.169803
0.169659
0.169546
0.169459
0.169396
0.169351
0.169324
0.169311
0.169309
0.169317
0.169334
0.169356
0.169382
0.169412
0.169444
0.169476
0.169507
0.169537
0.169564
0.169588
0.169608
0.169623
0.169632
0.169635
0.169631
0.16962
0.169601
0.169573
0.169536
0.169489
0.169432
0.169365
0.169286
0.169196
0.169094
0.16898
0.168852
0.168711
0.168556
0.168387
0.168203
0.168003
0.167788
0.167556
0.167307
0.167041
0.166756
0.166452
0.166129
0.165786
0.165422
0.165036
0.164627
0.164196
0.163739
0.163258
0.16275
0.162214
0.161649
0.161055
0.160428
0.159769
0.159074
0.158343
0.157573
0.156762
0.155907
0.155006
0.154056
0.153053
0.151994
0.150875
0.149691
0.148437
0.147107
0.145695
0.144193
0.142592
0.140884
0.139055
0.137094
0.134984
0.132706
0.130237
0.127549
0.124607
0.121365
0.117764
0.113723
0.109129
0.103812
0.097503
0.0897244
0.0795041
0.064364
0.0375817
0.177055
0.176771
0.176536
0.176342
0.176184
0.176058
0.17596
0.175888
0.175837
0.175805
0.17579
0.175788
0.175799
0.175819
0.175847
0.175882
0.175921
0.175964
0.17601
0.176056
0.176102
0.176147
0.176191
0.176231
0.176268
0.176301
0.176328
0.176349
0.176364
0.176372
0.176372
0.176364
0.176347
0.17632
0.176283
0.176236
0.176177
0.176107
0.176025
0.175929
0.175821
0.175698
0.175561
0.175409
0.175242
0.175058
0.174857
0.174639
0.174403
0.174148
0.173873
0.173579
0.173263
0.172926
0.172566
0.172183
0.171775
0.171342
0.170883
0.170397
0.169881
0.169336
0.16876
0.168152
0.167509
0.166831
0.166115
0.165359
0.164562
0.163721
0.162833
0.161896
0.160906
0.159861
0.158755
0.157586
0.156348
0.155037
0.153645
0.152166
0.150593
0.148916
0.147126
0.145211
0.143156
0.140946
0.13856
0.135974
0.133161
0.130081
0.12669
0.122924
0.118701
0.113902
0.10835
0.101765
0.0936514
0.0829946
0.0671941
0.0389922
0.187959
0.187656
0.187398
0.187178
0.186993
0.186839
0.186713
0.186612
0.186533
0.186473
0.186431
0.186403
0.186389
0.186387
0.186394
0.186409
0.186432
0.186459
0.186491
0.186525
0.186562
0.186599
0.186636
0.186673
0.186707
0.186738
0.186766
0.18679
0.186808
0.186821
0.186826
0.186825
0.186815
0.186797
0.186769
0.186731
0.186682
0.186621
0.186548
0.186463
0.186363
0.186249
0.18612
0.185975
0.185814
0.185635
0.185438
0.185222
0.184986
0.184729
0.184451
0.184151
0.183827
0.183479
0.183106
0.182706
0.182278
0.181823
0.181337
0.18082
0.180271
0.179689
0.179071
0.178416
0.177723
0.176989
0.176213
0.175392
0.174525
0.173608
0.172639
0.171616
0.170534
0.16939
0.16818
0.166899
0.165543
0.164107
0.162583
0.160964
0.159244
0.157411
0.155456
0.153367
0.151129
0.148724
0.146132
0.143329
0.140284
0.136958
0.133303
0.129254
0.124723
0.119587
0.113661
0.10665
0.0980356
0.086753
0.0700742
0.0403096
0.203385
0.203107
0.202866
0.202659
0.202483
0.202336
0.202216
0.202121
0.202048
0.201997
0.201966
0.201953
0.201956
0.201975
0.202009
0.202055
0.202113
0.202181
0.202259
0.202345
0.202439
0.202539
0.202645
0.202755
0.202869
0.202985
0.203102
0.20322
0.203338
0.203454
0.203568
0.203679
0.203785
0.203887
0.203981
0.204069
0.204148
0.204217
0.204276
0.204323
0.204358
0.204379
0.204385
0.204374
0.204346
0.2043
0.204234
0.204147
0.204038
0.203905
0.203748
0.203564
0.203352
0.203112
0.202842
0.202539
0.202204
0.201833
0.201426
0.200981
0.200497
0.19997
0.199401
0.198786
0.198124
0.197412
0.196648
0.195831
0.194956
0.194021
0.193024
0.191961
0.190828
0.189621
0.188336
0.186969
0.185513
0.183963
0.182312
0.180552
0.178675
0.176671
0.174527
0.172232
0.169769
0.167119
0.16426
0.161165
0.1578
0.154123
0.15008
0.145599
0.140583
0.134893
0.128323
0.120539
0.110953
0.0983439
0.0795289
0.0448197
0.215902
0.215645
0.215421
0.215228
0.215064
0.214929
0.214822
0.214741
0.214686
0.214655
0.214648
0.214665
0.214704
0.214764
0.214845
0.214946
0.215065
0.215204
0.215359
0.215531
0.215718
0.21592
0.216135
0.216363
0.216602
0.216852
0.217111
0.217379
0.217653
0.217932
0.218216
0.218504
0.218792
0.219082
0.21937
0.219655
0.219936
0.220211
0.220479
0.220738
0.220987
0.221223
0.221445
0.221651
0.221839
0.222008
0.222155
0.222279
0.222378
0.22245
0.222493
0.222505
0.222484
0.222427
0.222334
0.222201
0.222028
0.22181
0.221547
0.221237
0.220876
0.220462
0.219994
0.219469
0.218883
0.218235
0.217522
0.216741
0.215888
0.214961
0.213955
0.212868
0.211695
0.210431
0.209073
0.207614
0.206049
0.204371
0.202572
0.200646
0.198582
0.19637
0.193996
0.191448
0.188708
0.185755
0.182566
0.179112
0.175356
0.171253
0.166743
0.161748
0.156163
0.149836
0.142539
0.133906
0.123281
0.109303
0.0883591
0.0488263
0.22467
0.224416
0.224193
0.224
0.223838
0.223707
0.223606
0.223535
0.223494
0.223484
0.223505
0.223555
0.223636
0.223746
0.223887
0.224056
0.224254
0.224481
0.224735
0.225017
0.225325
0.225658
0.226016
0.226397
0.226801
0.227225
0.22767
0.228133
0.228614
0.229109
0.229619
0.230141
0.230672
0.231213
0.231759
0.23231
0.232863
0.233416
0.233966
0.234512
0.235051
0.23558
0.236097
0.2366
0.237085
0.23755
0.237992
0.238409
0.238798
0.239156
0.239481
0.239768
0.240016
0.240222
0.240383
0.240495
0.240556
0.240563
0.240514
0.240404
0.240231
0.239992
0.239684
0.239304
0.238848
0.238313
0.237696
0.236993
0.236201
0.235315
0.234333
0.233249
0.232059
0.230758
0.229341
0.227802
0.226135
0.224334
0.222389
0.220293
0.218036
0.215606
0.212991
0.210176
0.207142
0.203868
0.200331
0.196497
0.19233
0.18778
0.182786
0.177263
0.1711
0.164133
0.156117
0.146656
0.135038
0.119766
0.096821
0.0525158
0.229261
0.228984
0.228739
0.228529
0.228353
0.228213
0.228109
0.228042
0.228013
0.228022
0.228071
0.22816
0.228289
0.228458
0.228669
0.22892
0.229213
0.229547
0.229922
0.230337
0.230791
0.231285
0.231817
0.232387
0.232992
0.233633
0.234306
0.235011
0.235747
0.23651
0.237299
0.238112
0.238946
0.239799
0.240668
0.241551
0.242445
0.243346
0.244252
0.245159
0.246064
0.246963
0.247854
0.248732
0.249594
0.250437
0.251256
0.252047
0.252808
0.253533
0.25422
0.254863
0.25546
0.256007
0.256498
0.256931
0.257301
0.257605
0.257838
0.257997
0.258077
0.258075
0.257986
0.257807
0.257534
0.257162
0.256688
0.256107
0.255415
0.254607
0.25368
0.252627
0.251445
0.250127
0.248669
0.247064
0.245305
0.243386
0.241298
0.239032
0.236577
0.233924
0.231057
0.227962
0.22462
0.221009
0.217104
0.212873
0.208275
0.20326
0.197763
0.191698
0.184943
0.177329
0.168595
0.158318
0.145736
0.129234
0.104416
0.0556285
0.229926
0.229588
0.22929
0.229034
0.228821
0.228653
0.22853
0.228454
0.228426
0.228448
0.228521
0.228646
0.228823
0.229055
0.229342
0.229684
0.230082
0.230536
0.231046
0.231612
0.232234
0.232911
0.233643
0.234428
0.235265
0.236154
0.237091
0.238076
0.239106
0.24018
0.241294
0.242445
0.243632
0.24485
0.246096
0.247367
0.248659
0.249969
0.251291
0.252623
0.253959
0.255295
0.256626
0.257948
0.259257
0.260546
0.261811
0.263047
0.264248
0.265411
0.266529
0.267597
0.26861
0.269563
0.270451
0.271268
0.272009
0.27267
0.273244
0.273727
0.274114
0.2744
0.274579
0.274647
0.274598
0.274429
0.274133
0.273707
0.273144
0.27244
0.271589
0.270587
0.269428
0.268106
0.266615
0.264949
0.2631
0.261062
0.258827
0.256384
0.253725
0.250836
0.247706
0.244317
0.240653
0.23669
0.232403
0.227758
0.222715
0.217223
0.211215
0.204602
0.19726
0.189011
0.179584
0.168535
0.155059
0.137442
0.110966
0.0581797
0.22739
0.226924
0.22652
0.226175
0.225888
0.225658
0.225489
0.22538
0.225334
0.225352
0.225436
0.225587
0.225806
0.226096
0.226457
0.226889
0.227395
0.227974
0.228627
0.229354
0.230155
0.231029
0.231977
0.232995
0.234085
0.235244
0.23647
0.237761
0.239114
0.240528
0.241999
0.243523
0.245098
0.246719
0.248381
0.250082
0.251815
0.253577
0.255362
0.257164
0.258978
0.260799
0.26262
0.264436
0.26624
0.268026
0.269788
0.271519
0.273213
0.274863
0.276462
0.278003
0.279481
0.280888
0.282218
0.283463
0.284618
0.285675
0.286629
0.287473
0.2882
0.288804
0.28928
0.28962
0.28982
0.289873
0.289773
0.289515
0.289092
0.288499
0.28773
0.28678
0.285642
0.284311
0.282781
0.281044
0.279095
0.276926
0.274528
0.271893
0.26901
0.265869
0.262456
0.258756
0.254751
0.25042
0.245736
0.240667
0.235173
0.229202
0.222687
0.215536
0.207624
0.198766
0.188685
0.176922
0.162638
0.144041
0.116154
0.060045
0.222785
0.222105
0.221514
0.221013
0.220596
0.220258
0.22
0.219822
0.219726
0.219712
0.219784
0.219941
0.220186
0.22052
0.220943
0.221459
0.222066
0.222767
0.223561
0.224448
0.22543
0.226504
0.227672
0.228931
0.23028
0.231718
0.233243
0.234851
0.236541
0.23831
0.240152
0.242066
0.244046
0.246087
0.248186
0.250335
0.25253
0.254765
0.257034
0.25933
0.261645
0.263974
0.266309
0.268643
0.270967
0.273275
0.275558
0.277808
0.280017
0.282177
0.28428
0.286318
0.288281
0.290163
0.291953
0.293643
0.295226
0.296693
0.298037
0.299249
0.300323
0.30125
0.302023
0.302635
0.303079
0.303349
0.303436
0.303336
0.303041
0.302545
0.301841
0.300925
0.299789
0.298427
0.296833
0.295001
0.292924
0.290595
0.288006
0.285148
0.282013
0.278589
0.274864
0.270825
0.266453
0.261729
0.256628
0.251117
0.245159
0.238701
0.231678
0.223998
0.215536
0.206107
0.195428
0.183034
0.168066
0.148682
0.119725
0.0610615
0.217365
0.2164
0.215554
0.214826
0.214212
0.21371
0.213315
0.213025
0.212841
0.212763
0.212794
0.212932
0.21318
0.213539
0.214009
0.214592
0.215288
0.216099
0.217023
0.218062
0.219216
0.220483
0.221864
0.223357
0.22496
0.226672
0.22849
0.230412
0.232434
0.234552
0.236762
0.239059
0.241438
0.243894
0.246422
0.249014
0.251664
0.254365
0.257111
0.259892
0.262702
0.265531
0.268372
0.271215
0.274051
0.276871
0.279666
0.282426
0.285141
0.287801
0.290395
0.292915
0.29535
0.29769
0.299925
0.302044
0.304038
0.305897
0.307612
0.309174
0.310572
0.311798
0.312844
0.313701
0.31436
0.314814
0.315054
0.315075
0.314867
0.314426
0.313743
0.312813
0.31163
0.310186
0.308477
0.306497
0.304238
0.301694
0.29886
0.295726
0.292286
0.288529
0.284446
0.280022
0.275244
0.270091
0.264542
0.258567
0.252129
0.24518
0.237654
0.229463
0.220485
0.210536
0.199336
0.186419
0.170922
0.150986
0.121365
0.0610893
0.212369
0.211084
0.209946
0.208954
0.208104
0.207396
0.206827
0.206393
0.206092
0.205925
0.205891
0.205989
0.206221
0.206587
0.207087
0.207721
0.20849
0.209394
0.210433
0.211607
0.212914
0.214355
0.215929
0.217632
0.219464
0.221423
0.223505
0.225707
0.228025
0.230456
0.232994
0.235634
0.238371
0.2412
0.244112
0.247102
0.250162
0.253284
0.25646
0.259682
0.262939
0.266224
0.269525
0.272833
0.276137
0.279427
0.28269
0.285917
0.289095
0.292213
0.295258
0.298219
0.301084
0.303841
0.306478
0.308982
0.311342
0.313547
0.315585
0.317444
0.319114
0.320584
0.321845
0.322885
0.323696
0.324269
0.324594
0.324665
0.324472
0.32401
0.323271
0.322249
0.320938
0.319332
0.317426
0.315215
0.312694
0.309857
0.3067
0.303216
0.299399
0.295242
0.290737
0.285872
0.280636
0.275013
0.268983
0.262519
0.255589
0.248146
0.240131
0.23146
0.222015
0.211618
0.199997
0.186693
0.170858
0.150649
0.120836
0.0600492
0.209018
0.207416
0.205985
0.204724
0.20363
0.202704
0.201945
0.20135
0.200918
0.200647
0.200535
0.20058
0.200782
0.20114
0.201653
0.202321
0.203143
0.204119
0.205247
0.206527
0.207957
0.209536
0.211263
0.213134
0.215148
0.217302
0.219592
0.222016
0.224568
0.227246
0.230043
0.232955
0.235976
0.239099
0.242318
0.245625
0.249013
0.252473
0.255997
0.259576
0.263198
0.266855
0.270535
0.274227
0.277919
0.281599
0.285254
0.28887
0.292436
0.295936
0.299358
0.302686
0.305907
0.309007
0.31197
0.314784
0.317433
0.319904
0.322184
0.324259
0.326116
0.327743
0.329128
0.33026
0.331129
0.331723
0.332034
0.332053
0.331772
0.331183
0.330282
0.32906
0.327514
0.325638
0.323428
0.320882
0.317995
0.314764
0.311187
0.307261
0.30298
0.298343
0.293343
0.287973
0.282224
0.276085
0.269539
0.262565
0.255135
0.247208
0.238729
0.229622
0.219776
0.209023
0.197103
0.183576
0.167623
0.147454
0.117969
0.0578869
0.208608
0.206733
0.205047
0.203551
0.202242
0.20112
0.200187
0.199445
0.198891
0.19852
0.198331
0.198319
0.198484
0.198822
0.199332
0.200012
0.20086
0.201874
0.203053
0.204393
0.205894
0.207553
0.209367
0.211334
0.213452
0.215716
0.218125
0.220673
0.223358
0.226175
0.22912
0.232187
0.235371
0.238667
0.242067
0.245565
0.249153
0.252824
0.256568
0.260376
0.264238
0.268143
0.27208
0.276035
0.279998
0.283952
0.287886
0.291782
0.295627
0.299404
0.303097
0.306689
0.310164
0.313504
0.316692
0.319712
0.322547
0.32518
0.327596
0.329778
0.331712
0.333383
0.334778
0.335884
0.336689
0.337182
0.337354
0.337194
0.336696
0.335852
0.334657
0.333105
0.331194
0.32892
0.326281
0.323276
0.319904
0.316165
0.312059
0.307587
0.30275
0.297546
0.291974
0.286033
0.279718
0.273021
0.265934
0.258438
0.250512
0.242122
0.233221
0.22374
0.213578
0.202582
0.190508
0.176944
0.161115
0.141325
0.11271
0.0546125
0.212533
0.210473
0.208614
0.206953
0.205492
0.204231
0.203173
0.202322
0.201674
0.201222
0.200964
0.200894
0.201009
0.201306
0.201782
0.202432
0.203254
0.204245
0.205402
0.206723
0.208203
0.209842
0.211635
0.213581
0.215676
0.217918
0.220303
0.222829
0.225492
0.228289
0.231218
0.234272
0.237449
0.240745
0.244152
0.247667
0.251282
0.25499
0.258784
0.262654
0.266591
0.270584
0.274621
0.278689
0.282774
0.286862
0.290935
0.294978
0.298972
0.302899
0.306739
0.310474
0.314082
0.317544
0.320839
0.323947
0.326849
0.329523
0.331952
0.334116
0.335999
0.337584
0.338856
0.339799
0.340402
0.340653
0.340541
0.340058
0.339196
0.337949
0.336314
0.334288
0.331868
0.329054
0.325849
0.322253
0.318269
0.313903
0.309158
0.304039
0.298551
0.292699
0.286487
0.279919
0.272995
0.265715
0.258074
0.250062
0.241663
0.232853
0.223591
0.213819
0.203449
0.192342
0.180277
0.166877
0.151427
0.13236
0.105151
0.0503011
0.222371
0.220225
0.218279
0.216533
0.214987
0.213645
0.212513
0.211585
0.210857
0.210322
0.209976
0.209813
0.209829
0.210019
0.21038
0.210907
0.211597
0.212447
0.213453
0.214612
0.215922
0.21738
0.218983
0.220731
0.222619
0.224648
0.226814
0.229117
0.231555
0.234125
0.236828
0.23966
0.242619
0.245703
0.248909
0.252234
0.255672
0.259219
0.262867
0.26661
0.270438
0.274341
0.278308
0.282324
0.286375
0.290444
0.294514
0.298564
0.302574
0.306522
0.310385
0.314139
0.31776
0.321224
0.324505
0.327579
0.330423
0.333013
0.335326
0.33734
0.339036
0.340395
0.341399
0.342033
0.342283
0.342138
0.341588
0.340624
0.339242
0.337437
0.335207
0.332553
0.329476
0.325979
0.322069
0.317752
0.313036
0.30793
0.302443
0.296587
0.290372
0.283809
0.276908
0.269678
0.262128
0.254262
0.246082
0.237587
0.228767
0.219604
0.21007
0.200115
0.189664
0.178597
0.166719
0.153692
0.138877
0.12086
0.0955504
0.0451074
0.239924
0.237715
0.235695
0.233864
0.232224
0.230778
0.229537
0.228477
0.227594
0.226882
0.226335
0.22595
0.225722
0.225647
0.225722
0.225944
0.22631
0.226817
0.227463
0.228246
0.229165
0.230219
0.231406
0.232725
0.234177
0.235762
0.237479
0.239328
0.241312
0.243429
0.245681
0.248069
0.250593
0.253253
0.256049
0.258979
0.262043
0.265237
0.268556
0.271995
0.275546
0.2792
0.282944
0.286764
0.290645
0.294567
0.298511
0.302452
0.306366
0.310227
0.314006
0.317675
0.321204
0.324562
0.32772
0.330648
0.333317
0.335699
0.337767
0.339498
0.340867
0.341853
0.34244
0.342609
0.342348
0.341646
0.340494
0.338887
0.336822
0.334297
0.331316
0.327883
0.324004
0.319688
0.314946
0.309791
0.304236
0.298298
0.291992
0.285335
0.278345
0.271039
0.263434
0.255545
0.247387
0.238971
0.230307
0.221399
0.212244
0.202833
0.193145
0.183141
0.172761
0.161902
0.150396
0.13795
0.124007
0.107333
0.0843386
0.0392635
0.266842
0.264394
0.262116
0.26001
0.258078
0.256329
0.254735
0.25329
0.25199
0.250831
0.249809
0.248923
0.248169
0.247545
0.247051
0.246684
0.246445
0.246332
0.246345
0.246484
0.24675
0.247143
0.247664
0.248314
0.249094
0.250007
0.251055
0.25224
0.253565
0.255032
0.256646
0.258409
0.260324
0.262394
0.264622
0.267009
0.269557
0.272264
0.275129
0.278147
0.281312
0.284615
0.288044
0.291583
0.295214
0.298916
0.302663
0.306428
0.310181
0.313888
0.317515
0.321026
0.324384
0.327552
0.330494
0.333174
0.335558
0.337612
0.339307
0.340614
0.341509
0.34197
0.341978
0.341517
0.340576
0.339146
0.337222
0.334803
0.331889
0.328487
0.324602
0.320247
0.315435
0.31018
0.304501
0.298418
0.291951
0.285124
0.277959
0.270481
0.262713
0.254681
0.246406
0.237911
0.229216
0.220339
0.211293
0.20209
0.192732
0.183216
0.173529
0.163642
0.153505
0.143035
0.13209
0.120425
0.107568
0.0924766
0.0721092
0.0330782
0.303221
0.300059
0.297056
0.294211
0.291527
0.288991
0.286585
0.284305
0.282152
0.280125
0.278223
0.276447
0.274795
0.27327
0.271872
0.2706
0.269458
0.268445
0.267563
0.266813
0.266198
0.265719
0.265378
0.265178
0.265121
0.265211
0.265452
0.265846
0.266398
0.267113
0.267995
0.269051
0.270284
0.2717
0.273305
0.275101
0.277093
0.279282
0.281667
0.284247
0.287014
0.28996
0.293072
0.296331
0.299716
0.3032
0.306752
0.310338
0.313919
0.317454
0.320899
0.324211
0.327343
0.330251
0.332891
0.335221
0.337202
0.338796
0.339972
0.340699
0.340952
0.340711
0.339958
0.338682
0.336875
0.334533
0.331658
0.328253
0.324328
0.319894
0.314968
0.309568
0.303715
0.297434
0.29075
0.28369
0.276285
0.268564
0.260558
0.252297
0.243813
0.235134
0.226289
0.217305
0.208207
0.199016
0.189751
0.180423
0.171042
0.161609
0.152113
0.142534
0.132833
0.122941
0.112744
0.102042
0.0904495
0.0771182
0.059568
0.0269084
0.345308
0.340777
0.336421
0.332239
0.328224
0.324353
0.320626
0.317044
0.313609
0.310321
0.307182
0.304191
0.301352
0.298663
0.296128
0.293746
0.29152
0.28945
0.287539
0.285787
0.284197
0.28277
0.281509
0.280416
0.279495
0.278748
0.27818
0.277795
0.277598
0.277594
0.277789
0.27819
0.278804
0.279637
0.280697
0.281988
0.283517
0.285286
0.287295
0.289543
0.292022
0.294721
0.297623
0.300705
0.303938
0.307289
0.310717
0.314177
0.317621
0.320996
0.324248
0.327323
0.330167
0.332727
0.334953
0.336799
0.338221
0.339182
0.33965
0.339596
0.338998
0.337841
0.336114
0.333812
0.330933
0.327484
0.323474
0.318917
0.313831
0.308238
0.302164
0.295636
0.288686
0.281347
0.273652
0.265639
0.257343
0.248801
0.24005
0.231127
0.222067
0.212902
0.203666
0.194386
0.18509
0.175799
0.166533
0.157306
0.148125
0.138993
0.129903
0.120838
0.111767
0.102635
0.0933524
0.0837602
0.0735598
0.0620886
0.047414
0.0211266
0.384222
0.377904
0.371822
0.365966
0.360317
0.354872
0.349632
0.344596
0.339763
0.335133
0.330705
0.32648
0.322455
0.318631
0.315007
0.311583
0.308358
0.305333
0.302508
0.299883
0.297458
0.295235
0.293215
0.2914
0.289791
0.288392
0.287207
0.28624
0.285495
0.284978
0.284698
0.28466
0.284872
0.285344
0.286083
0.287097
0.28839
0.289967
0.291827
0.293965
0.29637
0.299026
0.301908
0.304984
0.308215
0.311554
0.314947
0.318337
0.321662
0.324857
0.327858
0.330601
0.333026
0.335074
0.336694
0.337838
0.338466
0.338543
0.338044
0.336946
0.335238
0.332912
0.329968
0.326411
0.322254
0.317512
0.312207
0.306366
0.300017
0.293193
0.285932
0.27827
0.270248
0.261907
0.25329
0.24444
0.235398
0.226206
0.216905
0.207534
0.198128
0.188723
0.179349
0.170034
0.160801
0.151672
0.14266
0.133778
0.125031
0.116418
0.107932
0.0995589
0.0912709
0.0830254
0.0747532
0.0663364
0.0575535
0.0479219
0.0360343
0.0158134
0.408113
0.400333
0.392862
0.385687
0.378797
0.372186
0.36585
0.359781
0.353976
0.34843
0.34314
0.3381
0.333309
0.328762
0.324457
0.320392
0.316565
0.312974
0.309617
0.306495
0.303605
0.30095
0.298529
0.296344
0.294398
0.292693
0.291234
0.290025
0.289073
0.288386
0.287972
0.28784
0.288
0.288462
0.289234
0.290323
0.291735
0.293468
0.295517
0.297868
0.300502
0.303387
0.306485
0.309748
0.313118
0.316532
0.319921
0.323212
0.326332
0.329208
0.331768
0.333945
0.33568
0.336918
0.337612
0.337722
0.337219
0.33608
0.33429
0.331842
0.328738
0.324985
0.320597
0.315594
0.310003
0.303853
0.297179
0.290018
0.282414
0.274407
0.266045
0.257374
0.248441
0.239293
0.229977
0.220539
0.211023
0.201471
0.191923
0.182414
0.172979
0.163648
0.154445
0.145393
0.136509
0.127806
0.119294
0.110978
0.102856
0.0949255
0.0871766
0.079594
0.0721552
0.0648266
0.0575587
0.0502705
0.0428121
0.0348574
0.0254737
0.0108773
)
;

boundaryField
{
    jetInlet
    {
        type            fixedValue;
        value           uniform 0.006;
    }
    returnOutlet
    {
        type            inletOutlet;
        inletValue      uniform 0.006;
        value           nonuniform List<scalar> 
35
(
0.293046
0.566621
0.758805
0.922292
1.07385
1.21505
1.34196
1.44814
1.52595
1.56673
1.55896
1.4796
0.006
0.006
0.006
0.006
0.006
0.006
0.006
0.006
0.006
0.006
0.006
0.006
0.006
0.006
0.256718
0.281579
0.222662
0.109804
0.0837624
0.144365
0.273092
0.416732
0.510476
)
;
    }
    flatBed
    {
        type            kqRWallFunction;
        value           nonuniform List<scalar> 
100
(
0.293046
0.297028
0.300692
0.304012
0.306948
0.309463
0.311535
0.313178
0.314163
0.313877
0.31218
0.308988
0.304263
0.298012
0.290288
0.281179
0.270805
0.259316
0.246882
0.23369
0.219941
0.205843
0.191603
0.177424
0.163497
0.149991
0.137052
0.124795
0.113303
0.102629
0.0927964
0.0838034
0.0756295
0.0682398
0.0615893
0.0556277
0.0503015
0.0455567
0.0413399
0.0375995
0.0342858
0.0313524
0.0287561
0.0264576
0.0244223
0.02262
0.0210253
0.0196174
0.0183796
0.0172985
0.0163628
0.0155628
0.0148888
0.0143307
0.0138778
0.0135193
0.0132442
0.013042
0.0129033
0.01282
0.012785
0.0127926
0.0128382
0.012918
0.0130287
0.0131679
0.0133317
0.0135114
0.0137054
0.0139122
0.0141306
0.0143598
0.0145991
0.0148485
0.0151081
0.0153788
0.015662
0.01596
0.0162685
0.0165824
0.0169005
0.0172217
0.017545
0.0178693
0.0181934
0.0185161
0.0188358
0.0191507
0.0194585
0.0197564
0.0200407
0.0203062
0.0205463
0.0207521
0.0209131
0.0210173
0.0210526
0.0210215
0.0210313
0.0216851
)
;
    }
    slope
    {
        type            kqRWallFunction;
        value           nonuniform List<scalar> 
50
(
0.00487212
0.00479756
0.00357779
0.00426401
0.00524511
0.0063184
0.0074506
0.00856562
0.00970943
0.0108404
0.0119877
0.0131318
0.014286
0.0154433
0.0166071
0.0177741
0.0192908
0.0208007
0.0223339
0.0238653
0.0254062
0.0269466
0.0284889
0.0300282
0.0315637
0.0330917
0.0346092
0.03611
0.0375817
0.0389922
0.0403096
0.0448197
0.0488263
0.0525158
0.0556285
0.0581797
0.060045
0.0610615
0.0610893
0.0600492
0.0578869
0.0546125
0.0503011
0.0451074
0.0392635
0.0330782
0.0269084
0.0211266
0.0158134
0.0108773
)
;
    }
    top
    {
        type            symmetryPlane;
    }
    frontAndBack
    {
        type            empty;
    }
    defaultFaces
    {
        type            empty;
    }
}


// ************************************************************************* //
