/*--------------------------------*- C++ -*----------------------------------*\
| =========                 |                                                 |
| \\      /  F ield         | OpenFOAM: The Open Source CFD Toolbox           |
|  \\    /   O peration     | Version:  2206                                  |
|   \\  /    A nd           | Website:  www.openfoam.com                      |
|    \\/     M anipulation  |                                                 |
\*---------------------------------------------------------------------------*/
FoamFile
{
    version     2.0;
    format      ascii;
    arch        "LSB;label=32;scalar=64";
    class       volScalarField;
    location    "900";
    object      p;
}
// * * * * * * * * * * * * * * * * * * * * * * * * * * * * * * * * * * * * * //

dimensions      [0 2 -2 0 0 0 0];

internalField   nonuniform List<scalar> 
10000
(
-0.107586
-0.137763
-0.146514
-0.113242
-0.028304
0.117234
0.329012
0.606257
0.940917
1.32066
1.73089
2.15665
2.58406
3.00131
3.3991
3.77079
4.11231
4.42184
4.69941
4.94644
5.16528
5.35883
5.53013
5.68215
5.81759
5.93883
6.04784
6.14624
6.23531
6.31607
6.3893
6.45563
6.51555
6.56945
6.61767
6.66054
6.69833
6.73134
6.75986
6.78418
6.80462
6.82148
6.83507
6.84569
6.85361
6.85907
6.86233
6.8636
6.86309
6.86098
6.85745
6.85264
6.84672
6.83983
6.83208
6.82362
6.81455
6.80499
6.79505
6.78482
6.7744
6.76389
6.75337
6.74292
6.73263
6.72257
6.71282
6.70345
6.69454
6.68614
6.67833
6.67118
6.66474
6.65909
6.65429
6.6504
6.64749
6.64564
6.64489
6.64534
6.64706
6.65013
6.65463
6.66066
6.66834
6.67778
6.68911
6.70246
6.71802
6.73595
6.75648
6.77983
6.80638
6.83677
6.87154
6.90976
6.95056
7.00605
7.10507
7.20345
-0.104099
-0.13
-0.14489
-0.120118
-0.0448407
0.0906045
0.292703
0.561516
0.889188
1.26365
1.67045
2.09467
2.52235
2.94146
3.34243
3.71829
4.06457
4.37909
4.66157
4.91319
5.13615
5.33327
5.50759
5.66211
5.79964
5.92261
6.03309
6.13276
6.22297
6.30477
6.37899
6.44627
6.50712
6.56194
6.61107
6.65484
6.69352
6.72739
6.75672
6.78181
6.80294
6.82041
6.83453
6.84558
6.85384
6.85959
6.86305
6.86449
6.86411
6.86211
6.85865
6.85391
6.84804
6.84117
6.83345
6.825
6.81593
6.80637
6.79641
6.78617
6.77573
6.76518
6.75463
6.74414
6.73381
6.7237
6.7139
6.70448
6.6955
6.68704
6.67915
6.67192
6.6654
6.65966
6.65476
6.65076
6.64774
6.64575
6.64487
6.64517
6.64672
6.64959
6.65388
6.65967
6.66709
6.67622
6.6872
6.70015
6.71522
6.73257
6.75238
6.77484
6.80022
6.82898
6.86145
6.89671
6.93374
6.98092
7.05685
7.12163
-0.105718
-0.126672
-0.149751
-0.135543
-0.0713905
0.0533248
0.246145
0.508008
0.830795
1.20229
1.60787
2.03243
2.46183
2.88381
3.28856
3.66882
4.01983
4.33913
4.62619
4.88201
5.10868
5.30898
5.48595
5.64268
5.78202
5.90651
6.01828
6.11908
6.2103
6.29303
6.36814
6.43627
6.49795
6.55361
6.6036
6.64825
6.68784
6.72264
6.75292
6.77893
6.80094
6.81921
6.83403
6.84568
6.85444
6.86057
6.86433
6.86598
6.86576
6.86387
6.8605
6.85581
6.84996
6.84311
6.83538
6.82691
6.81782
6.80823
6.79824
6.78795
6.77747
6.76688
6.75627
6.74572
6.73532
6.72515
6.71527
6.70577
6.6967
6.68815
6.68016
6.67282
6.66619
6.66032
6.65528
6.65114
6.64796
6.6458
6.64474
6.64483
6.64616
6.64879
6.65281
6.65831
6.6654
6.67418
6.68476
6.69727
6.71185
6.72864
6.74782
6.76958
6.79413
6.82184
6.85292
6.88672
6.92257
6.96551
7.02361
7.06293
-0.11304
-0.136088
-0.170248
-0.168217
-0.11508
0.000844861
0.188096
0.448111
0.771787
1.14611
1.55576
1.98512
2.41966
2.84685
3.25666
3.64164
3.99692
4.31991
4.61004
4.86831
5.09685
5.29853
5.47651
5.63395
5.77382
5.89875
6.01091
6.11209
6.2037
6.28686
6.3624
6.43097
6.4931
6.5492
6.59963
6.64473
6.68479
6.72009
6.75092
6.77751
6.80012
6.81899
6.83437
6.84652
6.8557
6.86216
6.86616
6.86799
6.86789
6.86608
6.86274
6.85805
6.85219
6.8453
6.83753
6.82901
6.81986
6.81021
6.80015
6.78979
6.77924
6.76857
6.75788
6.74726
6.73678
6.72651
6.71654
6.70694
6.69777
6.6891
6.681
6.67354
6.66677
6.66075
6.65556
6.65126
6.6479
6.64554
6.64427
6.64413
6.64521
6.64757
6.65129
6.65645
6.66318
6.67154
6.68166
6.69365
6.70762
6.72373
6.7421
6.76288
6.78626
6.81243
6.84149
6.87289
6.9061
6.94385
6.98888
7.01405
-0.121856
-0.155228
-0.204293
-0.216459
-0.174644
-0.0660377
0.118601
0.3806
0.709412
1.09073
1.50823
1.94557
2.38774
2.82191
3.23786
3.62804
3.98751
4.3137
4.60607
4.86575
5.09505
5.29699
5.47489
5.6321
5.77169
5.89638
6.0084
6.10956
6.20128
6.28465
6.3605
6.42945
6.49198
6.54846
6.59924
6.64462
6.6849
6.7204
6.7514
6.77819
6.80103
6.82017
6.83584
6.84827
6.8577
6.86437
6.86853
6.87046
6.87041
6.8686
6.86523
6.86048
6.85455
6.84757
6.83971
6.83109
6.82184
6.81208
6.80193
6.79147
6.78081
6.77005
6.75926
6.74853
6.73795
6.72758
6.7175
6.70779
6.6985
6.68972
6.68149
6.67389
6.66698
6.66082
6.65547
6.65099
6.64744
6.64489
6.64341
6.64304
6.64386
6.64595
6.64936
6.65419
6.66054
6.66848
6.67813
6.68958
6.70293
6.71831
6.73582
6.75558
6.77769
6.80226
6.82923
6.85808
6.88819
6.92062
6.95565
6.97326
-0.129826
-0.18122
-0.249127
-0.277538
-0.247547
-0.144989
0.0395554
0.306409
0.643392
1.03456
1.46242
1.90982
2.36124
2.80358
3.22645
3.62221
3.98593
4.31508
4.60926
4.86976
5.09912
5.30061
5.47777
5.63412
5.77289
5.89688
6.00839
6.10923
6.20084
6.2843
6.36041
6.42975
6.49275
6.54974
6.60099
6.64676
6.68734
6.723
6.75406
6.78085
6.80367
6.82281
6.83851
6.851
6.8605
6.86724
6.87143
6.87337
6.87329
6.87141
6.86795
6.86309
6.85702
6.8499
6.8419
6.83313
6.82374
6.81385
6.80356
6.79297
6.78218
6.77129
6.76038
6.74954
6.73883
6.72834
6.71815
6.70831
6.6989
6.68998
6.68162
6.67388
6.66682
6.6605
6.65499
6.65034
6.64661
6.64386
6.64215
6.64155
6.64212
6.64392
6.64703
6.65151
6.65747
6.66498
6.67413
6.68501
6.6977
6.71231
6.72891
6.74757
6.76835
6.79123
6.81608
6.84236
6.86931
6.89692
6.9244
6.93729
-0.136018
-0.212816
-0.3029
-0.348879
-0.330547
-0.232552
-0.0454639
0.229186
0.576935
0.980167
1.42018
1.87903
2.34074
2.79196
3.22215
3.62366
3.99153
4.32335
4.61886
4.87961
5.10842
5.30884
5.48466
5.6396
5.77707
5.89996
6.0106
6.11082
6.20205
6.28539
6.36159
6.43122
6.49467
6.55221
6.60406
6.65039
6.69141
6.72736
6.75854
6.7853
6.80799
6.82693
6.84245
6.85478
6.86416
6.87079
6.87489
6.87672
6.87652
6.8745
6.87088
6.86584
6.85959
6.85228
6.84409
6.83514
6.82557
6.8155
6.80504
6.79429
6.78335
6.77231
6.76126
6.75027
6.73943
6.72881
6.71848
6.70851
6.69896
6.6899
6.6814
6.67352
6.66631
6.65983
6.65415
6.64932
6.6454
6.64245
6.64053
6.63969
6.64
6.64151
6.6443
6.64843
6.65398
6.66104
6.66968
6.67996
6.69197
6.70577
6.72141
6.73894
6.75833
6.77951
6.80226
6.82604
6.85001
6.87353
6.8955
6.90576
-0.140139
-0.249623
-0.364126
-0.427782
-0.420007
-0.324235
-0.131401
0.153971
0.514634
0.931464
1.38466
1.85563
2.328
2.78824
3.22574
3.63279
4.00448
4.33849
4.63478
4.89516
5.12277
5.32154
5.49548
5.64853
5.7843
5.90574
6.01522
6.11454
6.20513
6.28809
6.36416
6.43388
6.49765
6.55567
6.60811
6.65507
6.69668
6.73308
6.76453
6.79133
6.81386
6.83253
6.84769
6.85967
6.86873
6.87507
6.87892
6.88052
6.8801
6.87785
6.874
6.86873
6.86223
6.85469
6.84626
6.83708
6.8273
6.81702
6.80636
6.79543
6.78431
6.77311
6.76189
6.75075
6.73976
6.72899
6.71851
6.7084
6.69871
6.68951
6.68086
6.67282
6.66546
6.65882
6.65297
6.64796
6.64385
6.64069
6.63855
6.63747
6.63751
6.63873
6.6412
6.64496
6.65011
6.6567
6.6648
6.67447
6.68577
6.69874
6.71341
6.72978
6.74778
6.7673
6.78803
6.80945
6.83067
6.85078
6.8687
6.87733
-0.142258
-0.291746
-0.43123
-0.510917
-0.511409
-0.414178
-0.21175
0.0868157
0.46178
0.892799
1.35925
1.84206
2.32466
2.79342
3.23767
3.64968
4.02456
4.36013
4.65653
4.91586
5.14169
5.33827
5.50986
5.66066
5.79444
5.91422
6.02233
6.12054
6.21028
6.29265
6.36836
6.43796
6.50182
6.56014
6.61306
6.66062
6.70286
6.73984
6.77169
6.79868
6.82114
6.83952
6.85424
6.86572
6.87426
6.88013
6.88356
6.88478
6.88402
6.88146
6.87729
6.87172
6.86493
6.8571
6.84839
6.83896
6.82892
6.81841
6.80753
6.79638
6.78507
6.77368
6.76229
6.75098
6.73982
6.72889
6.71826
6.708
6.69816
6.68881
6.68001
6.67182
6.66429
6.65749
6.65147
6.64628
6.64197
6.63861
6.63624
6.63491
6.63469
6.63561
6.63775
6.64114
6.64587
6.65198
6.65954
6.66859
6.67917
6.69131
6.705
6.72021
6.73685
6.75475
6.77359
6.79283
6.81162
6.82894
6.84385
6.85161
-0.1424
-0.33922
-0.501911
-0.593616
-0.598638
-0.494571
-0.278218
0.0346335
0.423947
0.868384
1.34686
1.84015
2.33163
2.80767
3.2576
3.67363
4.05088
4.38723
4.68303
4.9407
5.1642
5.3582
5.52712
5.67542
5.80708
5.92511
6.03181
6.12883
6.21759
6.29925
6.37442
6.44367
6.50741
6.5658
6.619
6.66702
6.70984
6.74742
6.77979
6.8071
6.82963
6.84778
6.86205
6.87291
6.88079
6.88601
6.88883
6.88953
6.8883
6.8853
6.88074
6.8748
6.86766
6.8595
6.85048
6.84075
6.83043
6.81966
6.80853
6.79716
6.78563
6.77403
6.76245
6.75096
6.73963
6.72853
6.71774
6.70732
6.69732
6.68782
6.67886
6.67051
6.66283
6.65586
6.64966
6.64429
6.63979
6.63622
6.63362
6.63205
6.63155
6.63218
6.63398
6.637
6.6413
6.64694
6.65395
6.66237
6.67223
6.68353
6.69625
6.71033
6.72566
6.74203
6.75911
6.77637
6.79303
6.80806
6.82073
6.82795
-0.142881
-0.390792
-0.571203
-0.667753
-0.671123
-0.555258
-0.322224
0.00461867
0.40646
0.86179
1.34957
1.85072
2.34875
2.8301
3.28409
3.70286
4.08145
4.41778
4.71235
4.96787
5.18872
5.37999
5.54616
5.69192
5.82153
5.93794
6.04335
6.13922
6.22699
6.3079
6.38243
6.45118
6.5146
6.57283
6.62608
6.67435
6.71759
6.7557
6.7886
6.81635
6.83908
6.85713
6.87099
6.88122
6.88832
6.89272
6.89477
6.89478
6.89293
6.88939
6.88434
6.87795
6.87041
6.86187
6.8525
6.84244
6.83182
6.82076
6.80937
6.79775
6.78599
6.77417
6.76239
6.7507
6.73919
6.72792
6.71696
6.70637
6.69622
6.68656
6.67744
6.66894
6.66109
6.65395
6.64758
6.64202
6.63733
6.63354
6.63072
6.6289
6.62813
6.62846
6.62993
6.63257
6.63644
6.6416
6.64806
6.65586
6.665
6.67548
6.68725
6.70025
6.71432
6.72926
6.74472
6.76022
6.77502
6.7882
6.79916
6.80609
-0.161617
-0.44417
-0.628002
-0.719211
-0.714792
-0.584787
-0.335394
0.00305508
0.413776
0.875943
1.36898
1.87421
2.37546
2.85929
3.31501
3.73464
4.11311
4.44836
4.741
4.99401
5.21221
5.40107
5.5651
5.70877
5.83669
5.95188
6.05635
6.15126
6.23814
6.31842
6.39232
6.46048
6.52348
6.58136
6.63444
6.68273
6.72617
6.76465
6.79801
6.82622
6.84926
6.86736
6.88093
6.89054
6.89681
6.90027
6.9014
6.90055
6.89793
6.89371
6.88807
6.88116
6.87315
6.86419
6.85443
6.84401
6.83306
6.8217
6.81003
6.79815
6.78615
6.77411
6.76211
6.75022
6.73852
6.72707
6.71594
6.70519
6.69487
6.68504
6.67577
6.6671
6.65909
6.65178
6.64524
6.63949
6.6346
6.63061
6.62756
6.62549
6.62445
6.62448
6.62561
6.62788
6.63132
6.636
6.64192
6.64911
6.65755
6.66722
6.67808
6.69003
6.70292
6.71653
6.73052
6.74445
6.75766
6.76931
6.77897
6.78571
-0.179004
-0.50382
-0.657547
-0.73164
-0.712213
-0.56596
-0.307179
0.0368577
0.450274
0.913227
1.40585
1.91006
2.41009
2.89269
3.34712
3.76523
4.14181
4.47481
4.76488
5.01522
5.23105
5.41793
5.5805
5.72308
5.85033
5.96515
6.06947
6.16396
6.25026
6.33029
6.40372
6.47132
6.53392
6.59133
6.64408
6.69219
6.73563
6.77428
6.80793
6.83655
6.85995
6.87822
6.89164
6.90075
6.9062
6.90864
6.90871
6.90685
6.90331
6.89828
6.89193
6.88442
6.87587
6.86644
6.85626
6.84546
6.83416
6.82248
6.81051
6.79836
6.78611
6.77383
6.76161
6.74952
6.73763
6.726
6.71469
6.70376
6.69328
6.68329
6.67386
6.66503
6.65685
6.64938
6.64266
6.63673
6.63164
6.62744
6.62416
6.62185
6.62054
6.62027
6.62107
6.62296
6.62598
6.63019
6.63557
6.64215
6.64991
6.65881
6.66879
6.67975
6.69154
6.70392
6.71659
6.72913
6.74096
6.75137
6.76
6.76662
-0.174935
-0.539493
-0.628993
-0.676492
-0.642275
-0.487659
-0.231072
0.108613
0.515717
0.971319
1.45638
1.95346
2.44722
2.92455
3.37458
3.78887
4.16202
4.49198
4.77923
5.02712
5.24134
5.42732
5.58926
5.73182
5.85973
5.97528
6.08016
6.17528
6.26223
6.34274
6.41602
6.4833
6.54568
6.60254
6.65487
6.70271
6.74599
6.78463
6.81837
6.84727
6.871
6.8895
6.90292
6.91166
6.91636
6.91777
6.91668
6.91368
6.90906
6.90308
6.89591
6.8877
6.87855
6.8686
6.85796
6.84675
6.83509
6.82308
6.81081
6.79837
6.78586
6.77335
6.76091
6.74861
6.73652
6.7247
6.71321
6.70212
6.69147
6.68132
6.67173
6.66273
6.65439
6.64675
6.63986
6.63375
6.62847
6.62406
6.62056
6.618
6.61642
6.61585
6.61632
6.61784
6.62045
6.62419
6.62906
6.63505
6.64214
6.6503
6.65944
6.66947
6.68023
6.6915
6.70297
6.71429
6.72494
6.73431
6.74214
6.74862
-0.00331309
-0.451594
-0.52003
-0.540102
-0.503687
-0.361784
-0.119332
0.206221
0.598299
1.03887
1.50983
1.99439
2.47754
2.94623
3.38934
3.79803
4.16678
4.49345
4.77789
5.02372
5.23761
5.42461
5.588
5.73305
5.864
5.98224
6.08923
6.18615
6.27442
6.35543
6.42909
6.49693
6.55892
6.61497
6.66698
6.71448
6.75744
6.79583
6.82942
6.85846
6.8824
6.90108
6.91457
6.92307
6.92712
6.92753
6.92527
6.92102
6.91519
6.90812
6.90001
6.89099
6.88118
6.87066
6.85953
6.84789
6.83585
6.82349
6.81091
6.7982
6.78542
6.77267
6.76
6.74749
6.7352
6.7232
6.71153
6.70027
6.68945
6.67914
6.66939
6.66023
6.65173
6.64393
6.63686
6.63057
6.6251
6.62048
6.61676
6.61396
6.61212
6.61126
6.6114
6.61256
6.61476
6.61804
6.6224
6.62782
6.63428
6.64172
6.65007
6.65923
6.66902
6.67926
6.68967
6.6999
6.70954
6.71804
6.72525
6.73157
0.660036
0.190092
-0.0358986
-0.148838
-0.18257
-0.108658
0.074078
0.34954
0.699602
1.10544
1.54818
2.01021
2.47579
2.93112
3.36428
3.76577
4.13015
4.45521
4.73928
4.98708
5.20639
5.40108
5.57426
5.72849
5.86533
5.98764
6.09774
6.19718
6.28737
6.36948
6.44401
6.51207
6.57405
6.63118
6.6836
6.72994
6.77168
6.80918
6.84236
6.87144
6.89548
6.9143
6.92791
6.93632
6.93985
6.93936
6.93586
6.93011
6.92276
6.91428
6.90494
6.8949
6.88422
6.87299
6.86126
6.8491
6.8366
6.82384
6.81089
6.79784
6.78475
6.77171
6.75878
6.74602
6.73349
6.72127
6.70939
6.69792
6.68691
6.6764
6.66646
6.65711
6.64842
6.64042
6.63315
6.62665
6.62095
6.6161
6.61212
6.60905
6.6069
6.6057
6.60548
6.60623
6.60797
6.61074
6.61453
6.61932
6.62507
6.63173
6.63922
6.64743
6.65621
6.66537
6.67467
6.68381
6.69242
6.70009
6.70674
6.71276
0.308626
0.057144
-0.106346
-0.148261
-0.110326
0.00584418
0.202187
0.470207
0.797794
1.17217
1.58019
2.00874
2.44509
2.87667
3.29056
3.67632
4.03128
4.35551
4.64988
4.91532
5.15078
5.35828
5.54196
5.70478
5.84938
5.97861
6.09471
6.19933
6.29384
6.37939
6.45672
6.52676
6.5901
6.64763
6.6995
6.74608
6.78848
6.82588
6.85862
6.88699
6.91046
6.92918
6.94299
6.95145
6.95474
6.95359
6.94881
6.94128
6.93202
6.92172
6.91077
6.89937
6.88758
6.87543
6.86294
6.85015
6.83711
6.82386
6.81048
6.79704
6.78361
6.77024
6.757
6.74396
6.73117
6.71869
6.70657
6.69487
6.68364
6.67292
6.66276
6.65321
6.6443
6.63608
6.62859
6.62185
6.61591
6.61079
6.60653
6.60314
6.60066
6.5991
6.59848
6.59878
6.60004
6.60226
6.60543
6.60954
6.61454
6.62038
6.62697
6.63421
6.64197
6.65005
6.65826
6.66634
6.67399
6.68087
6.68697
6.69277
0.199902
0.116623
0.0361263
0.0186706
0.0596939
0.15932
0.323072
0.549529
0.831416
1.15897
1.52142
1.90763
2.30675
2.70917
3.10759
3.49626
3.86673
4.21042
4.52392
4.80525
5.05426
5.27413
5.46938
5.6437
5.79995
5.94046
6.06697
6.18088
6.28346
6.37582
6.45883
6.53341
6.60028
6.66021
6.7137
6.76136
6.80394
6.84172
6.87462
6.90237
6.92565
6.94428
6.95803
6.9665
6.96977
6.96809
6.96206
6.95282
6.9416
6.92934
6.91661
6.90369
6.89065
6.87749
6.86418
6.85072
6.8371
6.82337
6.80957
6.79575
6.78196
6.76828
6.75475
6.74144
6.7284
6.71568
6.70334
6.69142
6.67998
6.66906
6.6587
6.64895
6.63985
6.63142
6.62372
6.61676
6.61059
6.60522
6.60069
6.59701
6.59421
6.5923
6.5913
6.59119
6.59197
6.59367
6.59627
6.59975
6.60405
6.60914
6.61491
6.62129
6.62813
6.63528
6.64255
6.64973
6.65659
6.66282
6.66845
6.67409
0.142105
0.106608
0.0618897
0.0574504
0.106666
0.210641
0.370789
0.584995
0.846885
1.1479
1.47892
1.8309
2.19578
2.56668
2.93737
3.30148
3.65253
3.9863
4.30067
4.59344
4.86252
5.107
5.32729
5.52479
5.70173
5.86059
6.00352
6.13215
6.24773
6.35135
6.44397
6.52651
6.59985
6.66482
6.72213
6.77252
6.81673
6.85533
6.8886
6.91756
6.94104
6.95897
6.97254
6.98097
6.98409
6.98193
6.97497
6.96429
6.95123
6.937
6.9224
6.90785
6.89348
6.87924
6.86507
6.85091
6.83672
6.8225
6.80827
6.79408
6.77996
6.76597
6.75216
6.73859
6.72531
6.71236
6.6998
6.68768
6.67604
6.66492
6.65438
6.64444
6.63514
6.62652
6.61862
6.61145
6.60505
6.59945
6.59466
6.5907
6.5876
6.58536
6.58399
6.58349
6.58384
6.58504
6.5871
6.58999
6.59366
6.59806
6.6031
6.6087
6.61474
6.62107
6.62754
6.63396
6.64015
6.64585
6.65109
6.65658
0.108163
0.0965883
0.0854263
0.103763
0.164989
0.271252
0.422964
0.618918
0.855208
1.12611
1.42495
1.7448
2.07889
2.4204
2.76329
3.10244
3.43332
3.75256
4.05808
4.34858
4.62308
4.88078
5.12085
5.3424
5.54491
5.72863
5.89453
6.04391
6.17806
6.29811
6.40503
6.4998
6.58335
6.65663
6.72055
6.77598
6.82382
6.86485
6.89966
6.92923
6.9534
6.97246
6.98599
6.99413
6.99692
6.99443
6.98688
6.97511
6.96048
6.94441
6.92797
6.91176
6.896
6.88064
6.86558
6.85071
6.83594
6.82123
6.80659
6.79204
6.7776
6.76332
6.74924
6.73542
6.7219
6.70874
6.69597
6.68366
6.67183
6.66053
6.6498
6.63968
6.63021
6.6214
6.61331
6.60594
6.59933
6.5935
6.58847
6.58425
6.58086
6.57831
6.5766
6.57572
6.57566
6.57641
6.57798
6.58033
6.58341
6.58718
6.59157
6.59648
6.6018
6.60743
6.61321
6.61899
6.62461
6.62987
6.63479
6.64011
0.0812685
0.0810265
0.0882349
0.118814
0.183478
0.285932
0.427213
0.606772
0.822028
1.06875
1.34162
1.6347
1.94187
2.25741
2.5762
2.89392
3.20704
3.51272
3.80892
4.09422
4.36787
4.62955
4.87898
5.11553
5.3381
5.5454
5.73638
5.91055
6.06805
6.20946
6.33553
6.44712
6.54515
6.6306
6.7045
6.7679
6.82187
6.86739
6.90536
6.93675
6.96205
6.98187
6.99675
7.00537
7.00785
7.00504
6.99713
6.98465
6.96883
6.95118
6.93305
6.91525
6.89812
6.88165
6.8657
6.85011
6.83476
6.81958
6.80453
6.78963
6.77488
6.76032
6.74599
6.73193
6.7182
6.70483
6.69188
6.67937
6.66737
6.6559
6.645
6.63472
6.62507
6.6161
6.60782
6.60027
6.59346
6.58742
6.58216
6.5777
6.57404
6.57119
6.56916
6.56794
6.56749
6.56782
6.56893
6.57078
6.57334
6.57654
6.58034
6.58464
6.58934
6.59435
6.59954
6.60477
6.60992
6.61481
6.61945
6.62463
0.0538461
0.0594954
0.0775242
0.116696
0.184402
0.284171
0.417072
0.582744
0.779347
1.00359
1.25133
1.51796
1.79872
2.08903
2.38462
2.68165
2.97689
3.26795
3.55327
3.83167
4.10226
4.36453
4.61832
4.86331
5.09878
5.32346
5.53567
5.73367
5.916
6.08182
6.2309
6.3635
6.48023
6.5819
6.66954
6.74426
6.80729
6.85983
6.90302
6.93803
6.96573
6.987
7.00265
7.01282
7.01629
7.01332
7.00518
6.99228
6.97567
6.95685
6.93731
6.9181
6.89971
6.88219
6.86538
6.8491
6.83319
6.81754
6.8021
6.78686
6.77181
6.75699
6.74242
6.72815
6.71421
6.70065
6.68752
6.67485
6.66268
6.65105
6.64
6.62956
6.61976
6.61062
6.60218
6.59446
6.58747
6.58123
6.57576
6.57106
6.56715
6.56403
6.5617
6.56016
6.55936
6.5593
6.55999
6.56139
6.56346
6.56616
6.56943
6.57319
6.57735
6.58182
6.5865
6.59127
6.59602
6.60059
6.60501
6.61004
0.0217687
0.030421
0.054254
0.0979987
0.16609
0.261192
0.384333
0.535458
0.713419
0.915964
1.14008
1.38226
1.63878
1.90588
2.17996
2.45775
2.73643
3.01379
3.28836
3.55925
3.82577
4.08729
4.34333
4.59361
4.83768
5.07462
5.30295
5.52071
5.72571
5.91587
6.08962
6.24605
6.38492
6.50653
6.61161
6.70119
6.7765
6.8389
6.88978
6.93051
6.96232
6.98636
7.00365
7.01492
7.02015
7.01857
7.01055
6.99743
6.98042
6.96088
6.94036
6.92006
6.90063
6.8822
6.86462
6.84769
6.83124
6.81514
6.79932
6.78375
6.76842
6.75335
6.73856
6.72408
6.70996
6.69622
6.68293
6.6701
6.65778
6.64601
6.63482
6.62424
6.61429
6.60501
6.59642
6.58853
6.58137
6.57496
6.56929
6.56438
6.56024
6.55687
6.55426
6.55242
6.5513
6.55088
6.55118
6.55217
6.55381
6.55606
6.55885
6.56213
6.56582
6.56983
6.57407
6.57844
6.58286
6.58717
6.59139
6.5963
-0.0170792
-0.0070512
0.0195304
0.065245
0.132216
0.221917
0.335199
0.472335
0.632753
0.814979
1.01688
1.2359
1.4692
1.71384
1.96692
2.22574
2.48797
2.75164
3.01531
3.27806
3.53935
3.79873
4.05562
4.30943
4.55965
4.80561
5.04618
5.27963
5.50369
5.71581
5.91345
6.09449
6.25752
6.40186
6.52759
6.63534
6.72617
6.80145
6.86271
6.91153
6.94946
6.97795
6.99828
7.01149
7.01827
7.01885
7.01239
6.99958
6.9825
6.96274
6.94175
6.92083
6.9007
6.88159
6.86338
6.84589
6.82894
6.81241
6.79622
6.78034
6.76473
6.74942
6.73441
6.71975
6.70545
6.69156
6.67811
6.66514
6.65269
6.64079
6.62948
6.61877
6.6087
6.59928
6.59055
6.58252
6.57521
6.56863
6.56278
6.55768
6.55333
6.54972
6.54687
6.54475
6.54333
6.54258
6.54253
6.54314
6.54439
6.54623
6.54862
6.55148
6.55475
6.55836
6.56222
6.56626
6.57039
6.57449
6.57855
6.58335
-0.0636764
-0.0533576
-0.0259898
0.0200804
0.0848816
0.16837
0.271201
0.394075
0.536967
0.699078
0.879112
1.07542
1.28604
1.50879
1.74141
1.98174
2.22785
2.47807
2.73105
2.98578
3.24158
3.49806
3.7548
4.01112
4.26626
4.51946
4.76981
5.01593
5.25581
5.48687
5.70619
5.91086
6.09836
6.26691
6.41557
6.54424
6.65354
6.74463
6.81904
6.87849
6.92478
6.95963
6.98465
7.00122
7.01039
7.013
7.00898
6.998
6.98142
6.96192
6.94106
6.92007
6.89973
6.88029
6.86167
6.84372
6.82633
6.8094
6.79285
6.77665
6.76077
6.74522
6.73002
6.71517
6.70071
6.68667
6.67309
6.66
6.64744
6.63542
6.62399
6.61318
6.60299
6.59346
6.58461
6.57645
6.569
6.56227
6.55626
6.55098
6.54644
6.54262
6.53953
6.53716
6.53547
6.53442
6.53405
6.53433
6.53522
6.5367
6.53872
6.54121
6.54412
6.54739
6.55093
6.55468
6.55857
6.56249
6.56642
6.57113
-0.118243
-0.108665
-0.0818119
-0.0358985
0.0263641
0.103033
0.194926
0.303423
0.428977
0.571323
0.729908
0.903925
1.09222
1.29329
1.50545
1.72711
1.9568
2.19319
2.43509
2.6815
2.93157
3.18473
3.44054
3.69847
3.95767
4.21715
4.47592
4.7328
4.98612
5.23351
5.47203
5.69842
5.90943
6.1023
6.27501
6.42648
6.55661
6.6661
6.75629
6.82891
6.8859
6.92924
6.96083
6.98237
6.99527
7.00071
6.99938
6.99106
6.97662
6.95803
6.93791
6.91752
6.89755
6.87823
6.85947
6.84124
6.82348
6.80616
6.78925
6.77273
6.75658
6.7408
6.72539
6.71037
6.69576
6.6816
6.6679
6.6547
6.64203
6.62992
6.6184
6.60748
6.5972
6.58757
6.57862
6.57034
6.56277
6.5559
6.54975
6.54431
6.53959
6.53559
6.53229
6.52968
6.52775
6.52643
6.52576
6.52573
6.52631
6.52747
6.52916
6.53133
6.53393
6.5369
6.54017
6.54368
6.54738
6.55115
6.55498
6.55961
-0.180331
-0.173293
-0.147898
-0.101206
-0.041177
0.0277926
0.107534
0.200531
0.307736
0.429446
0.565924
0.717268
0.883127
1.06256
1.2544
1.45751
1.67088
1.89352
2.12442
2.36256
2.607
2.85693
3.11169
3.37073
3.63332
3.89844
4.16492
4.43155
4.69684
4.95872
5.21439
5.4605
5.69347
5.90982
6.10662
6.28178
6.4343
6.56422
6.67246
6.76062
6.83066
6.88471
6.92491
6.95325
6.97148
6.98107
6.98312
6.97827
6.96683
6.95069
6.93206
6.91299
6.89405
6.87539
6.85684
6.8385
6.82046
6.80279
6.78551
6.76866
6.75222
6.73619
6.72058
6.70539
6.69064
6.67635
6.66254
6.64925
6.6365
6.62431
6.6127
6.60171
6.59135
6.58164
6.57259
6.56422
6.55654
6.54955
6.54327
6.53769
6.53282
6.52864
6.52515
6.52233
6.52018
6.51862
6.51767
6.51736
6.51766
6.51853
6.51993
6.52183
6.52416
6.52687
6.52991
6.53323
6.53676
6.54041
6.54417
6.54874
-0.248351
-0.248137
-0.224219
-0.173839
-0.114833
-0.0532458
0.014994
0.0932083
0.182387
0.283279
0.397041
0.524803
0.667116
0.823546
0.993427
1.1763
1.37175
1.57925
1.79806
2.02722
2.26566
2.51233
2.76624
3.02652
3.29238
3.56286
3.83677
4.11273
4.38926
4.66445
4.93573
5.19985
5.4531
5.69163
5.91181
6.11068
6.28632
6.438
6.56608
6.67183
6.75709
6.82403
6.87492
6.91202
6.93737
6.95272
6.95952
6.95882
6.95154
6.93882
6.92309
6.90614
6.88895
6.87164
6.85376
6.83557
6.81735
6.79934
6.78169
6.76447
6.74772
6.73143
6.7156
6.70024
6.68535
6.67094
6.65705
6.64368
6.63085
6.6186
6.60693
6.59588
6.58545
6.57567
6.56655
6.55809
6.55032
6.54324
6.53684
6.53114
6.52613
6.5218
6.51814
6.51513
6.51277
6.51098
6.50978
6.50921
6.50926
6.50987
6.51103
6.51268
6.51478
6.51728
6.52012
6.52327
6.52666
6.53022
6.53392
6.53846
-0.319072
-0.340018
-0.310312
-0.250513
-0.196606
-0.148585
-0.0962794
-0.035859
0.033128
0.111805
0.202257
0.306729
0.426669
0.561491
0.710759
0.874515
1.0528
1.24554
1.4523
1.67222
1.90427
2.14735
2.4003
2.66193
2.93121
3.20712
3.48857
3.77425
4.0625
4.35121
4.63779
4.9191
5.19152
5.451
5.69347
5.91533
6.11386
6.28754
6.43613
6.56048
6.66225
6.74362
6.80699
6.8548
6.88929
6.91245
6.92593
6.93104
6.92902
6.92124
6.90957
6.89605
6.88156
6.8666
6.85006
6.83238
6.81416
6.79585
6.7778
6.76019
6.74309
6.7265
6.71045
6.6949
6.67988
6.66537
6.65139
6.63796
6.62508
6.61278
6.60107
6.58997
6.5795
6.56967
6.56049
6.55197
6.54412
6.53696
6.53047
6.52466
6.51953
6.51506
6.51126
6.50809
6.50554
6.50351
6.50206
6.50126
6.50108
6.50147
6.50241
6.50385
6.50576
6.50807
6.51075
6.51376
6.51704
6.52053
6.5242
6.5287
-0.371822
-0.470915
-0.40995
-0.31331
-0.254239
-0.216107
-0.178033
-0.135675
-0.0891604
-0.0365961
0.0254643
0.10095
0.192943
0.300214
0.423181
0.563016
0.720576
0.896525
1.09055
1.30144
1.52774
1.76792
2.02036
2.28351
2.556
2.83667
3.12445
3.41825
3.71665
4.01756
4.31824
4.6155
4.90566
5.18452
5.44757
5.69059
5.91022
6.10446
6.27285
6.41624
6.53628
6.63505
6.71472
6.77743
6.82523
6.86002
6.88351
6.89723
6.90266
6.90142
6.89535
6.88626
6.87504
6.86288
6.84762
6.83025
6.81184
6.79304
6.77442
6.75625
6.73868
6.72172
6.70537
6.68961
6.67442
6.6598
6.64574
6.63225
6.61933
6.607
6.59526
6.58413
6.57363
6.56376
6.55453
6.54596
6.53805
6.53081
6.52424
6.51834
6.5131
6.50853
6.50459
6.50129
6.49856
6.49631
6.49463
6.49364
6.49328
6.49351
6.49428
6.49557
6.49734
6.49953
6.50212
6.50505
6.5083
6.5118
6.51553
6.51998
-0.41011
-0.818132
-0.736196
-0.600755
-0.544671
-0.525435
-0.509099
-0.492685
-0.478549
-0.464331
-0.443758
-0.405066
-0.348776
-0.281782
-0.203714
-0.112353
-0.00520869
0.122186
0.272599
0.447051
0.646156
0.869353
1.11481
1.38038
1.66402
1.96369
2.27708
2.6015
2.93401
3.27159
3.61121
3.94972
4.28379
4.60989
4.92445
5.22394
5.50491
5.76405
5.99826
6.20495
6.3824
6.53016
6.64919
6.7417
6.81074
6.85981
6.89241
6.91183
6.92102
6.92246
6.91813
6.90938
6.8971
6.87978
6.85829
6.83615
6.81446
6.7929
6.77194
6.75181
6.73262
6.71438
6.69704
6.68054
6.6648
6.64977
6.63539
6.62166
6.60854
6.59603
6.58414
6.57286
6.56221
6.55218
6.54279
6.53405
6.52595
6.5185
6.5117
6.50555
6.50005
6.49519
6.49096
6.48736
6.48436
6.4819
6.47994
6.47857
6.47784
6.47773
6.47818
6.47917
6.48067
6.48263
6.48502
6.48781
6.49097
6.49445
6.49815
6.50189
-0.23193
-0.466902
-0.433189
-0.370919
-0.34687
-0.338487
-0.330062
-0.321777
-0.316849
-0.317435
-0.326277
-0.350239
-0.381123
-0.398104
-0.395443
-0.373981
-0.328551
-0.257914
-0.170087
-0.0687091
0.0508607
0.194766
0.365978
0.566478
0.796889
1.05629
1.34286
1.65425
1.98777
2.34026
2.70816
3.08753
3.47398
3.86268
4.24822
4.62468
4.98569
5.32482
5.63608
5.91448
6.15656
6.36071
6.52727
6.65828
6.75713
6.828
6.8754
6.90374
6.91715
6.91934
6.91353
6.90242
6.88797
6.87106
6.85242
6.83181
6.80856
6.78436
6.76138
6.73934
6.71841
6.69866
6.68008
6.6626
6.64613
6.63055
6.61578
6.60177
6.58845
6.57579
6.56378
6.55241
6.54165
6.53153
6.52203
6.51315
6.50491
6.49731
6.49034
6.48401
6.47832
6.47326
6.46884
6.46506
6.46192
6.45941
6.45739
6.45581
6.4548
6.4544
6.45456
6.45527
6.4565
6.45824
6.46044
6.46311
6.4662
6.46971
6.47353
6.47741
-0.225309
-0.46404
-0.456305
-0.413082
-0.397996
-0.394566
-0.389791
-0.383328
-0.377
-0.371002
-0.364578
-0.356735
-0.345767
-0.332612
-0.32064
-0.314215
-0.320216
-0.335817
-0.342569
-0.322662
-0.271175
-0.195649
-0.101413
0.0161893
0.162798
0.341964
0.555357
0.803057
1.08383
1.39538
1.73453
2.09728
2.47888
2.87396
3.27656
3.68028
4.07841
4.46416
4.83091
5.17262
5.48416
5.76167
6.00282
6.20696
6.37505
6.50943
6.61343
6.69093
6.74601
6.78263
6.80443
6.81465
6.81606
6.81091
6.80097
6.7874
6.77104
6.7528
6.73267
6.71185
6.69198
6.67296
6.65491
6.63785
6.62177
6.60661
6.59228
6.57873
6.56587
6.55368
6.54212
6.53117
6.52081
6.51103
6.50185
6.49325
6.48524
6.47782
6.47099
6.46476
6.45913
6.45411
6.44968
6.44586
6.44265
6.44006
6.43806
6.43648
6.43532
6.43475
6.43477
6.43536
6.4365
6.43818
6.44038
6.44308
6.44629
6.44997
6.45404
6.45829
-0.196008
-0.400532
-0.390659
-0.352792
-0.341951
-0.342285
-0.341408
-0.338838
-0.336368
-0.334477
-0.332964
-0.331603
-0.330057
-0.327744
-0.323971
-0.318251
-0.31028
-0.299164
-0.286438
-0.278637
-0.279537
-0.27777
-0.254448
-0.202965
-0.125679
-0.0216057
0.114013
0.285511
0.495192
0.74342
1.02891
1.34893
1.69946
2.0754
2.47077
2.87896
3.29288
3.70518
4.10848
4.49561
4.85987
5.19544
5.49774
5.76369
5.99199
6.18302
6.33869
6.46204
6.55677
6.62689
6.67636
6.70893
6.72797
6.73646
6.73696
6.73155
6.72189
6.70923
6.69441
6.67834
6.66132
6.64421
6.62783
6.61215
6.59719
6.58298
6.5695
6.55669
6.54453
6.53296
6.52197
6.51154
6.50165
6.49229
6.48347
6.47519
6.46744
6.46025
6.45361
6.44752
6.442
6.43705
6.43267
6.42887
6.42566
6.42303
6.42101
6.41953
6.41845
6.41781
6.41776
6.4183
6.41943
6.42112
6.42337
6.42616
6.4295
6.43338
6.4377
6.44221
-0.181939
-0.373399
-0.368123
-0.337648
-0.332339
-0.337063
-0.340104
-0.340948
-0.341182
-0.341119
-0.340436
-0.338867
-0.336269
-0.33259
-0.327915
-0.322469
-0.316509
-0.310105
-0.303004
-0.29466
-0.283925
-0.271264
-0.260499
-0.248872
-0.225017
-0.178435
-0.104069
0.00198648
0.144681
0.328134
0.55428
0.822763
1.13119
1.47541
1.84983
2.24779
2.66182
3.08399
3.50616
3.9202
4.31834
4.69341
5.03926
5.35114
5.62595
5.86246
6.06118
6.22416
6.35449
6.45589
6.53232
6.58772
6.62577
6.64984
6.6629
6.66752
6.66586
6.65968
6.65034
6.6389
6.62613
6.61269
6.59888
6.58526
6.57218
6.55956
6.54743
6.53579
6.52464
6.51396
6.50376
6.49401
6.48473
6.47592
6.46757
6.45969
6.4523
6.44541
6.43902
6.43314
6.42779
6.42296
6.41868
6.41495
6.41178
6.40917
6.40715
6.40571
6.40473
6.40416
6.40411
6.40466
6.40582
6.40757
6.40992
6.41284
6.41636
6.42046
6.42507
6.42988
-0.164649
-0.337942
-0.333684
-0.307799
-0.305663
-0.313051
-0.319077
-0.323182
-0.326706
-0.329844
-0.332274
-0.333769
-0.334217
-0.333543
-0.331684
-0.328613
-0.324344
-0.318934
-0.312509
-0.305273
-0.297328
-0.288529
-0.278065
-0.264508
-0.248069
-0.226689
-0.192411
-0.135063
-0.0459864
0.0818843
0.2538
0.472435
0.737613
1.04655
1.39433
1.77443
2.17921
2.60032
3.02907
3.45668
3.87462
4.27485
4.65016
4.99456
5.30363
5.57482
5.80746
6.00264
6.16278
6.29118
6.3916
6.46794
6.52398
6.56326
6.589
6.60404
6.61087
6.61156
6.60784
6.60107
6.59229
6.58226
6.57156
6.56063
6.54961
6.53871
6.52813
6.5179
6.50795
6.49831
6.48898
6.47998
6.47134
6.46307
6.45519
6.44771
6.44065
6.43404
6.42788
6.42218
6.41698
6.41227
6.40807
6.40439
6.40125
6.39866
6.39662
6.39517
6.39429
6.39383
6.39379
6.39437
6.39557
6.39739
6.39982
6.40287
6.40654
6.41085
6.4157
6.42076
-0.146096
-0.301788
-0.301042
-0.282745
-0.286612
-0.298975
-0.309906
-0.318955
-0.327197
-0.334641
-0.340906
-0.345741
-0.349022
-0.350691
-0.350737
-0.349195
-0.34613
-0.341621
-0.335742
-0.328799
-0.321126
-0.312736
-0.303587
-0.293265
-0.280307
-0.2629
-0.23897
-0.203394
-0.146709
-0.057449
0.0743105
0.25478
0.486083
0.766716
1.0923
1.45639
1.85113
2.26786
2.69748
3.13084
3.55895
3.97328
4.36603
4.73047
5.0614
5.35537
5.61095
5.82853
6.00999
6.15824
6.27679
6.36938
6.43976
6.49147
6.52784
6.55182
6.56606
6.57284
6.57408
6.57137
6.56597
6.55883
6.55061
6.54178
6.53265
6.52348
6.51436
6.50531
6.49638
6.4876
6.47904
6.47069
6.4626
6.45479
6.44728
6.44011
6.4333
6.42688
6.42086
6.41528
6.41015
6.40549
6.40131
6.39764
6.39448
6.39186
6.38978
6.38827
6.38735
6.38698
6.38706
6.38764
6.38886
6.39074
6.39325
6.39641
6.40023
6.40471
6.40979
6.41508
-0.121126
-0.256455
-0.261794
-0.25415
-0.265719
-0.283873
-0.300579
-0.315538
-0.329306
-0.341641
-0.352149
-0.360603
-0.366903
-0.371011
-0.372921
-0.372656
-0.370272
-0.366364
-0.361516
-0.35555
-0.348364
-0.340155
-0.331016
-0.320847
-0.309131
-0.29462
-0.275113
-0.247006
-0.203767
-0.134315
-0.0249477
0.134707
0.348655
0.615669
0.931083
1.28803
1.67826
2.0928
2.52233
2.95755
3.38936
3.80916
4.20901
4.58204
4.92277
5.22748
5.49442
5.72363
5.91668
6.07621
6.2055
6.30808
6.38754
6.44737
6.49081
6.52087
6.54021
6.5512
6.55585
6.55588
6.55267
6.5473
6.54057
6.53305
6.52508
6.51689
6.5086
6.50028
6.49199
6.48379
6.47569
6.46772
6.45992
6.45232
6.44497
6.4379
6.43115
6.42475
6.41872
6.4131
6.40791
6.40318
6.39891
6.39515
6.39189
6.38916
6.38698
6.38537
6.38435
6.38392
6.38398
6.38455
6.38577
6.38766
6.39022
6.39344
6.39736
6.40197
6.40722
6.4127
-0.0897657
-0.204371
-0.22065
-0.228697
-0.25051
-0.275963
-0.29953
-0.320825
-0.339949
-0.356648
-0.370678
-0.38192
-0.390322
-0.39583
-0.398442
-0.398842
-0.397997
-0.395688
-0.3915
-0.385653
-0.378403
-0.369958
-0.360455
-0.349931
-0.338185
-0.324351
-0.306746
-0.281486
-0.240671
-0.171825
-0.0605125
0.103578
0.323437
0.596666
0.917678
1.27899
1.67206
2.08783
2.5171
2.95077
3.38005
3.79667
4.19309
4.56287
4.90097
5.20411
5.47091
5.70106
5.89582
6.05773
6.18988
6.29557
6.37815
6.44095
6.48709
6.51948
6.54077
6.55329
6.55909
6.55991
6.55719
6.55206
6.54542
6.53788
6.52987
6.52163
6.51332
6.505
6.49671
6.48849
6.48034
6.47229
6.46439
6.45665
6.44913
6.44187
6.43491
6.42827
6.42201
6.41615
6.41071
6.40573
6.40123
6.39722
6.39374
6.3908
6.38841
6.3866
6.38538
6.38479
6.38477
6.38531
6.38649
6.38835
6.39092
6.39418
6.39817
6.40289
6.40826
6.41392
-0.0539839
-0.143949
-0.179305
-0.206822
-0.23877
-0.270617
-0.299772
-0.325878
-0.348845
-0.368542
-0.384865
-0.397724
-0.407007
-0.412842
-0.416616
-0.418958
-0.419053
-0.416813
-0.412546
-0.406568
-0.399119
-0.39034
-0.380182
-0.368315
-0.354297
-0.33694
-0.314116
-0.282146
-0.232286
-0.149358
-0.0181065
0.169052
0.411728
0.705253
1.04284
1.41653
1.81771
2.23751
2.66704
3.0976
3.5208
3.92885
4.31476
4.67272
4.99841
5.28918
5.54448
5.76492
5.9518
6.10756
6.23529
6.33778
6.41775
6.47837
6.52264
6.55334
6.57305
6.58403
6.58829
6.58754
6.58323
6.57652
6.56829
6.55921
6.54974
6.54016
6.53064
6.52124
6.51201
6.50293
6.49403
6.4853
6.47675
6.46841
6.46032
6.4525
6.44499
6.43784
6.43106
6.42471
6.4188
6.41337
6.40844
6.40403
6.40017
6.39687
6.39416
6.39204
6.39055
6.38971
6.38951
6.38996
6.39108
6.39292
6.39548
6.39878
6.40283
6.40763
6.41313
6.41896
-0.0289317
-0.0888547
-0.139504
-0.182189
-0.221629
-0.257901
-0.290648
-0.319814
-0.345254
-0.366777
-0.384184
-0.397386
-0.40714
-0.415022
-0.420752
-0.423343
-0.423052
-0.420197
-0.414973
-0.407461
-0.39761
-0.38519
-0.36972
-0.350408
-0.326202
-0.29578
-0.256146
-0.200877
-0.119147
0.0020563
0.172546
0.395382
0.668148
0.985501
1.34052
1.72538
2.13182
2.55142
2.9758
3.39682
3.80672
4.1984
4.56564
4.90352
5.20859
5.47898
5.71437
5.91623
6.0866
6.22787
6.34315
6.43557
6.50769
6.5617
6.59995
6.62515
6.63979
6.64611
6.64602
6.64121
6.63307
6.62274
6.6111
6.59882
6.58636
6.57402
6.56197
6.5503
6.53902
6.52813
6.5176
6.50742
6.49757
6.48806
6.47888
6.47007
6.46164
6.45362
6.44604
6.43893
6.43231
6.42621
6.42066
6.41567
6.41128
6.40749
6.40433
6.40181
6.39996
6.39878
6.39831
6.39858
6.39961
6.40139
6.40394
6.40726
6.41135
6.41625
6.42187
6.42789
-0.0297894
-0.0764523
-0.121434
-0.164038
-0.203762
-0.240337
-0.273416
-0.302643
-0.327685
-0.348019
-0.363391
-0.375892
-0.38678
-0.39444
-0.398092
-0.397956
-0.394222
-0.38695
-0.376106
-0.361559
-0.343052
-0.320145
-0.292064
-0.257414
-0.213775
-0.157358
-0.0827674
0.0168774
0.149376
0.321947
0.538924
0.800513
1.10356
1.4428
1.81169
2.20293
2.60883
3.02158
3.43345
3.83702
4.22535
4.59226
4.93259
5.24248
5.51954
5.7628
5.97257
6.15044
6.2986
6.4195
6.51585
6.59086
6.64814
6.69049
6.71889
6.73505
6.74138
6.74005
6.73293
6.7216
6.7074
6.69142
6.67451
6.65731
6.64029
6.62373
6.60781
6.5926
6.57813
6.56437
6.55128
6.5388
6.52691
6.51556
6.50474
6.49445
6.48467
6.47543
6.46673
6.45859
6.45103
6.44407
6.43773
6.43201
6.42695
6.42256
6.41886
6.41585
6.41356
6.412
6.41123
6.41131
6.41224
6.41396
6.41648
6.4198
6.42395
6.42892
6.43466
6.44085
-0.0333806
-0.074751
-0.110029
-0.145141
-0.178464
-0.208818
-0.235247
-0.256997
-0.275135
-0.291768
-0.307283
-0.319349
-0.326358
-0.328668
-0.32643
-0.319672
-0.30832
-0.292175
-0.270861
-0.243752
-0.209879
-0.167827
-0.115642
-0.0507603
0.0300197
0.130529
0.255129
0.408421
0.594726
0.817233
1.07704
1.37274
1.70076
2.05601
2.43236
2.82309
3.22115
3.61942
4.01097
4.38925
4.74835
5.08319
5.38981
5.66549
5.90887
6.11979
6.29917
6.44878
6.57089
6.66802
6.74283
6.79801
6.83636
6.86195
6.87652
6.88047
6.87561
6.86402
6.84746
6.82743
6.80516
6.78167
6.75778
6.73407
6.711
6.68883
6.66774
6.64779
6.629
6.61133
6.59472
6.57908
6.56437
6.55051
6.53745
6.52516
6.5136
6.50276
6.49263
6.48321
6.47449
6.46649
6.4592
6.45265
6.44683
6.44176
6.43745
6.43392
6.43115
6.42918
6.42818
6.42816
6.42898
6.43062
6.4331
6.43642
6.44059
6.44562
6.45145
6.45779
-0.0288486
-0.0519833
-0.0721147
-0.0939524
-0.116245
-0.138319
-0.159853
-0.180381
-0.198085
-0.211047
-0.219025
-0.22215
-0.220167
-0.212796
-0.199681
-0.180379
-0.154326
-0.120801
-0.07888
-0.0274026
0.0350735
0.110304
0.200379
0.307712
0.434985
0.585028
0.760639
0.964315
1.19788
1.46202
1.75593
2.07716
2.42186
2.78505
3.16101
3.54358
3.92637
4.30306
4.66761
5.01448
5.33886
5.63688
5.90572
6.14376
6.3505
6.52646
6.67297
6.79198
6.88582
6.95701
7.00814
7.0417
7.06019
7.06755
7.06579
7.05521
7.03707
7.0133
6.98553
6.95513
6.92324
6.89079
6.85854
6.82704
6.7967
6.76777
6.74041
6.71469
6.6906
6.6681
6.6471
6.62752
6.60926
6.59222
6.57634
6.56154
6.54775
6.53494
6.52306
6.51209
6.502
6.49278
6.48443
6.47694
6.4703
6.46451
6.45958
6.4555
6.45227
6.45003
6.44888
6.44873
6.44943
6.45098
6.45341
6.45671
6.46089
6.46594
6.47183
6.47826
-0.0194828
-0.0329203
-0.0469897
-0.0612224
-0.0745565
-0.0861432
-0.0953287
-0.101624
-0.104463
-0.103103
-0.0968071
-0.0848923
-0.0666996
-0.0415769
-0.00883795
0.0322753
0.0826262
0.143211
0.215181
0.299858
0.398737
0.513471
0.645845
0.797711
0.970902
1.1671
1.38766
1.63344
1.90451
2.20001
2.51795
2.85526
3.20789
3.57103
3.93935
4.30726
4.66909
5.01936
5.35298
5.66547
5.9531
6.2131
6.44367
6.64404
6.81441
6.95574
7.06965
7.15819
7.22371
7.26868
7.29562
7.30689
7.30493
7.29392
7.27574
7.24953
7.21702
7.18006
7.14012
7.09843
7.05603
7.01378
6.97236
6.93227
6.89389
6.85747
6.82313
6.79094
6.76087
6.73287
6.70686
6.68272
6.66033
6.63959
6.62039
6.60263
6.58622
6.57108
6.55715
6.54437
6.5327
6.52211
6.51255
6.50402
6.49649
6.48994
6.48436
6.47974
6.47615
6.47376
6.47249
6.47214
6.47266
6.4741
6.47643
6.47967
6.48381
6.48884
6.49473
6.50119
-0.00584106
-0.0075331
-0.00934127
-0.0105194
-0.0103052
-0.00793341
-0.00261686
0.00645194
0.0200815
0.0390566
0.064143
0.0961119
0.135759
0.183915
0.241462
0.309343
0.388573
0.480249
0.585544
0.705701
0.842012
0.995784
1.16829
1.36068
1.57391
1.80864
2.06506
2.34282
2.64086
2.95736
3.28966
3.63435
3.98734
4.34406
4.69961
5.04896
5.3872
5.70966
6.01217
6.29119
6.54394
6.76852
6.96391
7.12995
7.26726
7.3771
7.46122
7.52172
7.56095
7.58131
7.58514
7.57493
7.55461
7.52677
7.49194
7.45025
7.40354
7.35347
7.30138
7.24838
7.19542
7.14328
7.09258
7.04378
6.99723
6.95313
6.91162
6.87273
6.83644
6.80268
6.77136
6.74236
6.71554
6.69078
6.66796
6.64694
6.62761
6.60989
6.59366
6.57887
6.56543
6.5533
6.54241
6.53273
6.52423
6.51686
6.51061
6.5055
6.50168
6.49908
6.49746
6.4968
6.49708
6.49833
6.50052
6.50364
6.50768
6.51264
6.51848
6.52493
0.00702272
0.0184617
0.0305863
0.0441252
0.0597933
0.0783501
0.100578
0.127284
0.159309
0.197513
0.242777
0.296
0.358102
0.430032
0.512763
0.607303
0.714686
0.835964
0.972195
1.12442
1.29362
1.4807
1.68639
1.9112
2.15538
2.41876
2.70073
3.00015
3.31526
3.6437
3.9825
4.32811
4.67656
5.02355
5.36461
5.69529
6.01131
6.30874
6.58416
6.83476
7.05846
7.25395
7.4207
7.55892
7.66943
7.75362
7.81328
7.85053
7.8676
7.86677
7.85048
7.82297
7.78792
7.74555
7.69567
7.64008
7.58061
7.51871
7.4556
7.39231
7.32971
7.26852
7.20929
7.15246
7.09832
7.04708
6.99883
6.95361
6.9114
6.87212
6.83567
6.80193
6.77076
6.74202
6.71557
6.69127
6.66899
6.64862
6.63005
6.61317
6.5979
6.58417
6.5719
6.56105
6.55154
6.54335
6.53645
6.53095
6.52674
6.52361
6.52154
6.5205
6.52049
6.52149
6.52348
6.52644
6.53035
6.53519
6.54094
6.54736
0.0190906
0.0440444
0.0694578
0.096801
0.126686
0.159929
0.197394
0.239955
0.288505
0.343957
0.407239
0.479301
0.561108
0.653638
0.757881
0.874824
1.00544
1.15069
1.31145
1.48854
1.68265
1.89431
2.12383
2.37126
2.63629
2.91825
3.21602
3.52799
3.85205
4.18558
4.5255
4.86831
5.21022
5.5472
5.87521
6.19025
6.48857
6.76677
7.02196
7.25183
7.45472
7.62965
7.77633
7.89509
7.98684
8.05293
8.09514
8.11544
8.1159
8.0988
8.06879
8.03093
7.98529
7.93068
7.86914
7.80279
7.73328
7.66194
7.58995
7.51829
7.44778
7.3791
7.31276
7.24916
7.18859
7.13124
7.07719
7.02649
6.9791
6.93496
6.89396
6.85599
6.82091
6.78856
6.75881
6.73151
6.70651
6.6837
6.66293
6.64412
6.62714
6.61191
6.59834
6.58637
6.57593
6.56697
6.5595
6.55342
6.54856
6.54488
6.54235
6.54093
6.54061
6.54135
6.54312
6.5459
6.54967
6.55439
6.56006
6.56645
0.0278397
0.0618627
0.0960674
0.132979
0.172921
0.216644
0.265004
0.318877
0.379161
0.446776
0.522664
0.607778
0.703085
0.80955
0.928132
1.05977
1.20536
1.36575
1.54168
1.73379
1.94257
2.1683
2.41102
2.67049
2.94613
3.23698
3.54169
3.85846
4.18504
4.51879
4.85664
5.19524
5.53098
5.86012
6.17889
6.48365
6.77098
7.03782
7.28156
7.50012
7.69203
7.85642
7.99301
8.10211
8.18454
8.24155
8.27475
8.28587
8.27671
8.25081
8.21616
8.17395
8.12074
8.05858
7.99005
7.91708
7.84124
7.76386
7.68611
7.60895
7.53318
7.45945
7.38827
7.32003
7.255
7.19336
7.13522
7.08061
7.02951
6.98185
6.93756
6.89649
6.85853
6.82352
6.79131
6.76177
6.73474
6.71008
6.68767
6.66738
6.6491
6.63272
6.61816
6.60533
6.59416
6.5846
6.57654
6.56985
6.56447
6.56036
6.55746
6.55575
6.55517
6.55569
6.55729
6.55992
6.56356
6.56817
6.57375
6.58011
0.0332172
0.0719411
0.110668
0.152572
0.197773
0.246986
0.301073
0.360912
0.42741
0.501495
0.584115
0.67623
0.778811
0.892822
1.01921
1.1589
1.31275
1.48156
1.66602
1.86669
2.08396
2.318
2.56874
2.83581
3.11849
3.4157
3.72597
4.0474
4.37767
4.71408
5.05358
5.3928
5.7282
6.05609
6.37281
6.67481
6.95879
7.22177
7.46124
7.6752
7.86223
8.02149
8.1527
8.25616
8.33264
8.38336
8.40981
8.41346
8.39641
8.36595
8.32751
8.27896
8.21919
8.15087
8.07646
7.99786
7.91664
7.83417
7.7516
7.6699
7.58985
7.51211
7.43715
7.36535
7.29698
7.23221
7.17114
7.11379
7.06013
7.01011
6.96361
6.92052
6.88069
6.84398
6.81023
6.77928
6.75098
6.72519
6.70176
6.68057
6.6615
6.64442
6.62925
6.61587
6.60422
6.59419
6.58568
6.57862
6.57292
6.56854
6.56541
6.5635
6.56276
6.56315
6.56463
6.56717
6.57073
6.5753
6.58086
6.58731
7.1315
7.12978
7.12897
7.12828
7.12753
7.12675
7.12597
7.12519
7.1244
7.1236
7.1228
7.12199
7.12118
7.12037
7.11956
7.11874
7.11792
7.1171
7.11628
7.11546
7.11465
7.11383
7.11302
7.11221
7.1114
7.11059
7.10979
7.10899
7.1082
7.10741
7.10663
7.10586
7.10509
7.10432
7.10356
7.10281
7.10207
7.10133
7.1006
7.09988
7.09916
7.09845
7.09775
7.09706
7.09637
7.0957
7.09503
7.09436
7.09371
7.09306
7.09242
7.09179
7.09117
7.09055
7.08994
7.08934
7.08875
7.08817
7.08759
7.08702
7.08645
7.0859
7.08535
7.0848
7.08427
7.08374
7.08322
7.0827
7.08219
7.08169
7.08119
7.0807
7.08022
7.07974
7.07927
7.0788
7.07834
7.07788
7.07743
7.07699
7.07655
7.07611
7.07568
7.07526
7.07484
7.07443
7.07402
7.07361
7.07321
7.07282
7.07243
7.07204
7.07166
7.07128
7.07091
7.07054
7.07019
7.06985
7.06943
7.06895
7.05753
7.05473
7.05329
7.05213
7.05093
7.0497
7.04846
7.04724
7.046
7.04477
7.04353
7.04228
7.04104
7.03978
7.03853
7.03727
7.036
7.03474
7.03347
7.0322
7.03093
7.02966
7.02839
7.02712
7.02585
7.02459
7.02332
7.02206
7.0208
7.01954
7.01829
7.01704
7.0158
7.01456
7.01332
7.0121
7.01087
7.00965
7.00844
7.00724
7.00603
7.00484
7.00365
7.00247
7.00129
7.00013
6.99896
6.99781
6.99666
6.99551
6.99437
6.99324
6.99212
6.991
6.98989
6.98878
6.98768
6.98658
6.9855
6.98441
6.98333
6.98226
6.98119
6.98013
6.97908
6.97802
6.97698
6.97594
6.9749
6.97387
6.97284
6.97181
6.97079
6.96978
6.96876
6.96775
6.96675
6.96575
6.96475
6.96375
6.96276
6.96177
6.96078
6.9598
6.95881
6.95783
6.95685
6.95588
6.9549
6.95393
6.95296
6.95199
6.95102
6.95005
6.94908
6.94812
6.94718
6.94621
6.94504
6.94385
7.02547
7.023
7.02169
7.02063
7.01954
7.01843
7.01732
7.0162
7.01508
7.01395
7.0128
7.01165
7.01048
7.0093
7.00811
7.00691
7.00569
7.00446
7.00322
7.00197
7.00071
6.99944
6.99816
6.99687
6.99558
6.99427
6.99296
6.99165
6.99033
6.989
6.98768
6.98634
6.98501
6.98367
6.98233
6.98098
6.97964
6.97829
6.97695
6.9756
6.97425
6.9729
6.97156
6.97021
6.96886
6.96752
6.96618
6.96483
6.96349
6.96215
6.96082
6.95948
6.95815
6.95682
6.95549
6.95416
6.95283
6.95151
6.95019
6.94887
6.94756
6.94624
6.94493
6.94362
6.94232
6.94101
6.93971
6.93841
6.93712
6.93582
6.93453
6.93324
6.93196
6.93067
6.92939
6.92811
6.92683
6.92556
6.92428
6.92301
6.92174
6.92047
6.91921
6.91794
6.91668
6.91542
6.91416
6.9129
6.91164
6.91039
6.90914
6.90789
6.90664
6.90539
6.90415
6.90291
6.90171
6.90047
6.89902
6.89756
6.98195
6.97925
6.97772
6.97644
6.97513
6.97381
6.97249
6.97117
6.96984
6.9685
6.96716
6.9658
6.96442
6.96304
6.96164
6.96022
6.95879
6.95735
6.95589
6.95442
6.95294
6.95144
6.94994
6.94842
6.94689
6.94535
6.94381
6.94225
6.94069
6.93912
6.93754
6.93595
6.93437
6.93277
6.93117
6.92957
6.92796
6.92635
6.92474
6.92313
6.92151
6.91989
6.91827
6.91665
6.91503
6.91341
6.91179
6.91017
6.90855
6.90693
6.90531
6.90369
6.90208
6.90046
6.89885
6.89724
6.89563
6.89402
6.89242
6.89081
6.88921
6.88761
6.88602
6.88443
6.88284
6.88125
6.87967
6.87808
6.87651
6.87493
6.87336
6.87179
6.87022
6.86866
6.8671
6.86555
6.86399
6.86244
6.8609
6.85935
6.85781
6.85627
6.85474
6.85321
6.85168
6.85015
6.84863
6.84711
6.84559
6.84407
6.84256
6.84105
6.83955
6.83804
6.83654
6.83506
6.8336
6.83211
6.83037
6.82857
6.95096
6.94864
6.94726
6.94608
6.94488
6.94366
6.94243
6.9412
6.93995
6.93869
6.93741
6.93611
6.93479
6.93345
6.93209
6.93071
6.9293
6.92788
6.92643
6.92496
6.92347
6.92196
6.92044
6.9189
6.91734
6.91576
6.91417
6.91256
6.91094
6.90931
6.90767
6.90601
6.90435
6.90267
6.90099
6.89929
6.89759
6.89589
6.89417
6.89245
6.89073
6.889
6.88726
6.88553
6.88378
6.88204
6.8803
6.87855
6.8768
6.87505
6.8733
6.87155
6.8698
6.86805
6.86631
6.86456
6.86282
6.86107
6.85933
6.85759
6.85586
6.85412
6.8524
6.85067
6.84895
6.84723
6.84551
6.8438
6.8421
6.8404
6.8387
6.83701
6.83532
6.83363
6.83196
6.83028
6.82862
6.82695
6.8253
6.82364
6.822
6.82036
6.81872
6.81709
6.81546
6.81385
6.81223
6.81062
6.80902
6.80742
6.80583
6.80424
6.80266
6.80108
6.79951
6.79796
6.79644
6.79489
6.79311
6.79128
6.91869
6.9164
6.91493
6.91364
6.91234
6.91102
6.90969
6.90836
6.90702
6.90566
6.90428
6.90288
6.90146
6.90002
6.89855
6.89706
6.89555
6.89401
6.89245
6.89087
6.88926
6.88764
6.88599
6.88433
6.88265
6.88095
6.87923
6.8775
6.87575
6.87398
6.87221
6.87042
6.86862
6.86681
6.86499
6.86316
6.86132
6.85948
6.85762
6.85577
6.8539
6.85203
6.85016
6.84829
6.84641
6.84453
6.84264
6.84076
6.83888
6.83699
6.83511
6.83323
6.83135
6.82947
6.82759
6.82572
6.82385
6.82198
6.82011
6.81825
6.8164
6.81455
6.8127
6.81086
6.80902
6.80719
6.80537
6.80355
6.80174
6.79993
6.79813
6.79634
6.79455
6.79277
6.791
6.78923
6.78747
6.78572
6.78398
6.78224
6.78051
6.77878
6.77707
6.77536
6.77365
6.77196
6.77027
6.76858
6.76691
6.76524
6.76357
6.76191
6.76026
6.75862
6.75698
6.75536
6.75377
6.75215
6.75029
6.74836
6.89201
6.89001
6.88862
6.88737
6.88612
6.88484
6.88356
6.88227
6.88096
6.87964
6.87828
6.87691
6.87551
6.87408
6.87263
6.87115
6.86964
6.86811
6.86655
6.86496
6.86335
6.86171
6.86005
6.85837
6.85666
6.85494
6.85319
6.85143
6.84964
6.84785
6.84603
6.8442
6.84236
6.8405
6.83864
6.83676
6.83487
6.83297
6.83106
6.82915
6.82723
6.8253
6.82337
6.82144
6.8195
6.81756
6.81561
6.81367
6.81172
6.80977
6.80783
6.80588
6.80394
6.802
6.80006
6.79813
6.7962
6.79427
6.79235
6.79043
6.78852
6.78661
6.78471
6.78282
6.78094
6.77906
6.77719
6.77532
6.77347
6.77162
6.76979
6.76796
6.76614
6.76433
6.76253
6.76074
6.75896
6.75719
6.75543
6.75367
6.75193
6.7502
6.74848
6.74677
6.74507
6.74338
6.7417
6.74003
6.73837
6.73672
6.73509
6.73346
6.73184
6.73023
6.72863
6.72705
6.7255
6.72394
6.72217
6.72034
6.86611
6.8642
6.86276
6.86145
6.86014
6.85881
6.85748
6.85614
6.85478
6.8534
6.852
6.85057
6.84912
6.84764
6.84614
6.84461
6.84305
6.84146
6.83984
6.8382
6.83653
6.83484
6.83312
6.83138
6.82962
6.82784
6.82603
6.82421
6.82237
6.82051
6.81863
6.81674
6.81484
6.81292
6.811
6.80906
6.80711
6.80515
6.80319
6.80121
6.79924
6.79725
6.79527
6.79328
6.79129
6.78929
6.7873
6.7853
6.78331
6.78132
6.77933
6.77734
6.77536
6.77338
6.77141
6.76944
6.76748
6.76552
6.76357
6.76163
6.7597
6.75778
6.75586
6.75396
6.75206
6.75018
6.7483
6.74644
6.74459
6.74275
6.74092
6.7391
6.7373
6.73551
6.73373
6.73196
6.7302
6.72846
6.72673
6.72502
6.72332
6.72163
6.71995
6.71828
6.71663
6.71499
6.71337
6.71175
6.71015
6.70856
6.70698
6.70542
6.70386
6.70232
6.70079
6.69927
6.69779
6.6963
6.69461
6.69285
6.84306
6.84134
6.83994
6.83864
6.83734
6.83604
6.83472
6.8334
6.83205
6.83069
6.8293
6.82788
6.82644
6.82497
6.82347
6.82195
6.82039
6.81881
6.8172
6.81556
6.8139
6.8122
6.81049
6.80875
6.80698
6.8052
6.80339
6.80156
6.79972
6.79786
6.79598
6.79408
6.79217
6.79025
6.78832
6.78637
6.78442
6.78246
6.78048
6.77851
6.77652
6.77454
6.77255
6.77055
6.76856
6.76656
6.76457
6.76257
6.76058
6.75859
6.7566
6.75462
6.75264
6.75067
6.7487
6.74675
6.7448
6.74285
6.74092
6.739
6.73708
6.73518
6.73329
6.73141
6.72955
6.72769
6.72585
6.72402
6.72221
6.72041
6.71862
6.71685
6.7151
6.71336
6.71164
6.70993
6.70824
6.70656
6.7049
6.70326
6.70163
6.70002
6.69843
6.69685
6.69529
6.69375
6.69222
6.69071
6.68921
6.68773
6.68626
6.68481
6.68338
6.68196
6.68055
6.67917
6.67782
6.67646
6.67495
6.67339
6.82113
6.81951
6.81809
6.81676
6.81545
6.81412
6.81279
6.81145
6.81008
6.8087
6.8073
6.80587
6.80441
6.80293
6.80142
6.79988
6.79832
6.79672
6.7951
6.79345
6.79178
6.79008
6.78835
6.7866
6.78483
6.78304
6.78122
6.77939
6.77754
6.77567
6.77379
6.77189
6.76997
6.76805
6.76611
6.76417
6.76221
6.76025
6.75828
6.75631
6.75433
6.75235
6.75037
6.74838
6.7464
6.74441
6.74243
6.74045
6.73848
6.73651
6.73455
6.73259
6.73064
6.7287
6.72677
6.72485
6.72293
6.72103
6.71915
6.71727
6.71541
6.71356
6.71173
6.70991
6.70811
6.70632
6.70455
6.7028
6.70107
6.69935
6.69766
6.69598
6.69432
6.69268
6.69106
6.68946
6.68787
6.68631
6.68477
6.68325
6.68175
6.68027
6.67881
6.67736
6.67594
6.67454
6.67316
6.67179
6.67045
6.66912
6.66781
6.66652
6.66524
6.66399
6.66274
6.66152
6.66034
6.65914
6.65782
6.65646
6.80086
6.79938
6.79798
6.79666
6.79536
6.79405
6.79273
6.79141
6.79006
6.78869
6.78731
6.78589
6.78446
6.78299
6.7815
6.77998
6.77844
6.77686
6.77526
6.77364
6.77198
6.7703
6.7686
6.76688
6.76513
6.76336
6.76157
6.75977
6.75794
6.7561
6.75425
6.75238
6.7505
6.74861
6.7467
6.74479
6.74287
6.74095
6.73902
6.73708
6.73514
6.73321
6.73127
6.72933
6.72739
6.72546
6.72353
6.7216
6.71968
6.71777
6.71587
6.71397
6.71209
6.71021
6.70835
6.7065
6.70466
6.70284
6.70103
6.69924
6.69746
6.6957
6.69396
6.69224
6.69053
6.68885
6.68718
6.68554
6.68391
6.68231
6.68073
6.67917
6.67763
6.67612
6.67463
6.67316
6.67171
6.67029
6.6689
6.66752
6.66617
6.66484
6.66354
6.66226
6.66101
6.65977
6.65856
6.65737
6.65621
6.65506
6.65394
6.65284
6.65176
6.65069
6.64965
6.64863
6.64764
6.64665
6.64557
6.64449
6.78165
6.78027
6.77887
6.77756
6.77627
6.77497
6.77366
6.77235
6.77102
6.76967
6.76829
6.7669
6.76548
6.76403
6.76256
6.76107
6.75955
6.758
6.75642
6.75482
6.7532
6.75155
6.74988
6.74818
6.74647
6.74474
6.74298
6.74121
6.73943
6.73763
6.73581
6.73399
6.73215
6.7303
6.72844
6.72658
6.72471
6.72284
6.72096
6.71908
6.7172
6.71532
6.71344
6.71156
6.70969
6.70782
6.70596
6.7041
6.70226
6.70042
6.69859
6.69678
6.69497
6.69319
6.69141
6.68965
6.68791
6.68618
6.68448
6.68279
6.68112
6.67947
6.67784
6.67624
6.67466
6.6731
6.67156
6.67005
6.66856
6.6671
6.66567
6.66426
6.66288
6.66152
6.66019
6.65889
6.65762
6.65638
6.65516
6.65397
6.65281
6.65167
6.65057
6.64949
6.64843
6.64741
6.64641
6.64543
6.64448
6.64356
6.64266
6.64178
6.64093
6.64009
6.63928
6.63849
6.63772
6.63696
6.63615
6.63535
6.76356
6.76229
6.76092
6.75962
6.75836
6.75709
6.75581
6.75453
6.75322
6.7519
6.75056
6.7492
6.74782
6.74641
6.74498
6.74352
6.74204
6.74053
6.73899
6.73744
6.73586
6.73426
6.73263
6.73099
6.72933
6.72765
6.72595
6.72423
6.72251
6.72076
6.71901
6.71724
6.71547
6.71369
6.7119
6.7101
6.70831
6.7065
6.7047
6.7029
6.7011
6.6993
6.6975
6.69571
6.69393
6.69215
6.69038
6.68862
6.68688
6.68514
6.68342
6.68172
6.68002
6.67835
6.67669
6.67506
6.67344
6.67184
6.67027
6.66871
6.66718
6.66568
6.6642
6.66274
6.66131
6.65991
6.65854
6.65719
6.65587
6.65459
6.65333
6.6521
6.6509
6.64973
6.6486
6.64749
6.64642
6.64538
6.64436
6.64338
6.64244
6.64152
6.64063
6.63977
6.63895
6.63815
6.63738
6.63664
6.63593
6.63524
6.63459
6.63395
6.63335
6.63276
6.6322
6.63167
6.63115
6.63064
6.63012
6.62966
6.74638
6.74521
6.74387
6.74261
6.74138
6.74016
6.73892
6.73767
6.73641
6.73514
6.73384
6.73253
6.73119
6.72983
6.72845
6.72705
6.72562
6.72417
6.72269
6.7212
6.71968
6.71814
6.71659
6.71501
6.71342
6.71181
6.71018
6.70854
6.70689
6.70522
6.70355
6.70187
6.70017
6.69848
6.69678
6.69507
6.69336
6.69165
6.68995
6.68824
6.68654
6.68484
6.68315
6.68147
6.67979
6.67812
6.67647
6.67483
6.6732
6.67159
6.66999
6.66841
6.66685
6.66531
6.66379
6.66229
6.66081
6.65936
6.65793
6.65653
6.65515
6.65381
6.65249
6.65119
6.64993
6.6487
6.6475
6.64633
6.6452
6.6441
6.64303
6.64199
6.64099
6.64002
6.63909
6.63819
6.63733
6.6365
6.63571
6.63496
6.63424
6.63355
6.6329
6.63228
6.6317
6.63115
6.63064
6.63015
6.6297
6.62928
6.62889
6.62853
6.62819
6.62788
6.6276
6.62734
6.6271
6.62686
6.62665
6.62655
6.73004
6.72897
6.72768
6.72646
6.72528
6.7241
6.72291
6.72172
6.7205
6.71928
6.71803
6.71677
6.71549
6.71418
6.71286
6.71151
6.71014
6.70875
6.70734
6.70591
6.70446
6.70299
6.7015
6.7
6.69848
6.69694
6.6954
6.69384
6.69227
6.69069
6.6891
6.6875
6.6859
6.6843
6.68269
6.68108
6.67948
6.67787
6.67627
6.67467
6.67308
6.67149
6.66992
6.66835
6.6668
6.66526
6.66373
6.66222
6.66072
6.65925
6.65779
6.65636
6.65494
6.65355
6.65218
6.65084
6.64952
6.64824
6.64698
6.64575
6.64455
6.64338
6.64224
6.64114
6.64007
6.63904
6.63804
6.63708
6.63616
6.63527
6.63443
6.63362
6.63285
6.63211
6.63142
6.63077
6.63016
6.62959
6.62905
6.62856
6.62811
6.62769
6.62732
6.62698
6.62668
6.62641
6.62619
6.62599
6.62583
6.62571
6.62561
6.62555
6.62552
6.62551
6.62553
6.62557
6.62562
6.62568
6.62581
6.62609
6.71193
6.71096
6.70973
6.70857
6.70745
6.70633
6.7052
6.70406
6.70291
6.70175
6.70057
6.69937
6.69816
6.69692
6.69567
6.69439
6.6931
6.69179
6.69046
6.68911
6.68775
6.68637
6.68497
6.68356
6.68214
6.6807
6.67925
6.6778
6.67633
6.67486
6.67339
6.67191
6.67043
6.66895
6.66747
6.66599
6.66451
6.66304
6.66158
6.66012
6.65868
6.65724
6.65582
6.65441
6.65302
6.65164
6.65029
6.64895
6.64763
6.64634
6.64507
6.64383
6.64261
6.64142
6.64026
6.63913
6.63803
6.63696
6.63593
6.63493
6.63397
6.63305
6.63216
6.63132
6.63051
6.62974
6.62901
6.62833
6.62769
6.62709
6.62653
6.62602
6.62555
6.62512
6.62474
6.6244
6.62411
6.62386
6.62365
6.62349
6.62337
6.62329
6.62326
6.62326
6.62331
6.62339
6.62352
6.62368
6.62387
6.6241
6.62437
6.62466
6.62498
6.62534
6.62571
6.62611
6.62652
6.62694
6.62747
6.62817
6.69252
6.69169
6.69056
6.68949
6.68846
6.68744
6.68641
6.68537
6.68432
6.68326
6.68219
6.6811
6.68
6.67888
6.67774
6.67659
6.67542
6.67424
6.67304
6.67183
6.6706
6.66936
6.66811
6.66684
6.66557
6.66429
6.663
6.6617
6.66041
6.6591
6.6578
6.65649
6.65519
6.65389
6.6526
6.6513
6.65002
6.64875
6.64748
6.64623
6.645
6.64377
6.64257
6.64138
6.64021
6.63906
6.63794
6.63684
6.63576
6.63471
6.63369
6.6327
6.63174
6.63082
6.62992
6.62907
6.62824
6.62746
6.62671
6.62601
6.62534
6.62471
6.62413
6.62359
6.6231
6.62265
6.62224
6.62188
6.62157
6.6213
6.62109
6.62092
6.62079
6.62072
6.6207
6.62072
6.62079
6.62091
6.62107
6.62128
6.62154
6.62185
6.62219
6.62259
6.62302
6.6235
6.62402
6.62458
6.62518
6.62581
6.62648
6.62718
6.62791
6.62868
6.62947
6.63027
6.63108
6.6319
6.63289
6.63408
6.67429
6.67359
6.67257
6.67161
6.67069
6.66977
6.66885
6.66792
6.66699
6.66604
6.66508
6.66412
6.66313
6.66214
6.66113
6.66011
6.65907
6.65803
6.65697
6.6559
6.65481
6.65372
6.65262
6.65152
6.6504
6.64929
6.64816
6.64704
6.64592
6.64479
6.64367
6.64255
6.64144
6.64033
6.63923
6.63814
6.63706
6.636
6.63495
6.63391
6.6329
6.6319
6.63092
6.62997
6.62904
6.62813
6.62726
6.62641
6.62559
6.6248
6.62405
6.62333
6.62265
6.622
6.62139
6.62082
6.6203
6.61981
6.61937
6.61897
6.61862
6.61831
6.61806
6.61785
6.61768
6.61757
6.61751
6.6175
6.61754
6.61763
6.61778
6.61798
6.61822
6.61853
6.61888
6.61929
6.61974
6.62025
6.62081
6.62142
6.62208
6.62279
6.62355
6.62435
6.6252
6.6261
6.62703
6.62801
6.62903
6.63009
6.63118
6.63231
6.63347
6.63465
6.63587
6.6371
6.63832
6.63956
6.64101
6.64269
6.65712
6.65656
6.65567
6.65483
6.65404
6.65325
6.65245
6.65165
6.65085
6.65003
6.64921
6.64838
6.64754
6.64669
6.64583
6.64496
6.64408
6.64319
6.64229
6.64138
6.64047
6.63955
6.63863
6.6377
6.63677
6.63584
6.63491
6.63398
6.63305
6.63213
6.63121
6.6303
6.6294
6.62852
6.62764
6.62678
6.62593
6.6251
6.62429
6.62349
6.62272
6.62198
6.62126
6.62056
6.6199
6.61926
6.61866
6.61809
6.61755
6.61705
6.61658
6.61616
6.61577
6.61543
6.61513
6.61488
6.61466
6.6145
6.61438
6.61431
6.6143
6.61433
6.61441
6.61455
6.61474
6.61498
6.61527
6.61563
6.61603
6.61649
6.61701
6.61758
6.61821
6.6189
6.61964
6.62043
6.62128
6.62219
6.62315
6.62416
6.62522
6.62634
6.62751
6.62872
6.62999
6.6313
6.63265
6.63405
6.63549
6.63698
6.63849
6.64005
6.64163
6.64324
6.64489
6.64654
6.64818
6.64984
6.65176
6.65395
6.64095
6.64053
6.63978
6.63908
6.63842
6.63777
6.63711
6.63645
6.63579
6.63512
6.63444
6.63376
6.63308
6.63238
6.63168
6.63097
6.63026
6.62954
6.62882
6.62809
6.62736
6.62662
6.62589
6.62515
6.62442
6.62369
6.62297
6.62224
6.62153
6.62083
6.62013
6.61945
6.61877
6.61812
6.61748
6.61686
6.61625
6.61567
6.61511
6.61458
6.61407
6.61359
6.61314
6.61272
6.61233
6.61198
6.61166
6.61138
6.61114
6.61093
6.61077
6.61066
6.61058
6.61056
6.61058
6.61064
6.61076
6.61093
6.61115
6.61142
6.61175
6.61213
6.61256
6.61305
6.6136
6.61421
6.61487
6.6156
6.61638
6.61722
6.61812
6.61908
6.6201
6.62117
6.62231
6.62351
6.62476
6.62607
6.62744
6.62886
6.63034
6.63188
6.63346
6.6351
6.63679
6.63852
6.64031
6.64213
6.644
6.64592
6.64787
6.64985
6.65187
6.65392
6.65599
6.65808
6.66014
6.66222
6.66461
6.66731
6.62572
6.62543
6.62483
6.62428
6.62377
6.62327
6.62276
6.62225
6.62174
6.62123
6.62072
6.6202
6.61968
6.61916
6.61863
6.6181
6.61757
6.61704
6.6165
6.61597
6.61543
6.6149
6.61437
6.61385
6.61333
6.61281
6.61231
6.61181
6.61133
6.61085
6.61039
6.60995
6.60952
6.60912
6.60873
6.60837
6.60802
6.60771
6.60742
6.60716
6.60693
6.60673
6.60656
6.60643
6.60634
6.60628
6.60627
6.60629
6.60636
6.60647
6.60663
6.60684
6.60709
6.60739
6.60775
6.60815
6.60861
6.60913
6.6097
6.61032
6.61101
6.61175
6.61255
6.61341
6.61433
6.61531
6.61635
6.61746
6.61862
6.61985
6.62114
6.6225
6.62391
6.62539
6.62693
6.62853
6.63019
6.6319
6.63368
6.63552
6.63742
6.63937
6.64137
6.64343
6.64554
6.6477
6.64991
6.65216
6.65446
6.6568
6.65918
6.6616
6.66404
6.66652
6.66903
6.67154
6.67402
6.67653
6.67938
6.68259
6.61135
6.61121
6.61077
6.61038
6.61003
6.60968
6.60933
6.60899
6.60865
6.60831
6.60796
6.60762
6.60728
6.60694
6.6066
6.60626
6.60592
6.60558
6.60525
6.60492
6.60459
6.60427
6.60396
6.60366
6.60336
6.60308
6.60281
6.60255
6.60231
6.60208
6.60187
6.60168
6.60151
6.60137
6.60125
6.60116
6.60109
6.60105
6.60105
6.60107
6.60113
6.60123
6.60137
6.60154
6.60175
6.60201
6.60231
6.60265
6.60304
6.60348
6.60397
6.60451
6.6051
6.60574
6.60644
6.6072
6.60801
6.60888
6.6098
6.61079
6.61184
6.61295
6.61412
6.61535
6.61664
6.618
6.61943
6.62092
6.62247
6.62409
6.62577
6.62752
6.62933
6.63121
6.63315
6.63515
6.63722
6.63935
6.64154
6.64379
6.6461
6.64847
6.6509
6.65337
6.65591
6.65849
6.66112
6.66381
6.66653
6.6693
6.67211
6.67496
6.67783
6.68074
6.68368
6.68662
6.68952
6.69245
6.69576
6.69948
6.59781
6.59782
6.59754
6.59732
6.59713
6.59695
6.59677
6.5966
6.59643
6.59627
6.59611
6.59595
6.5958
6.59565
6.59551
6.59537
6.59523
6.59511
6.59499
6.59487
6.59477
6.59468
6.59459
6.59452
6.59446
6.59442
6.5944
6.59439
6.5944
6.59443
6.59449
6.59456
6.59467
6.5948
6.59495
6.59514
6.59536
6.59562
6.5959
6.59623
6.59659
6.59699
6.59744
6.59792
6.59845
6.59903
6.59965
6.60032
6.60104
6.60182
6.60264
6.60352
6.60446
6.60545
6.6065
6.6076
6.60877
6.61
6.61129
6.61265
6.61406
6.61555
6.61709
6.61871
6.62039
6.62213
6.62394
6.62583
6.62777
6.62979
6.63187
6.63402
6.63624
6.63852
6.64087
6.64328
6.64576
6.6483
6.6509
6.65356
6.65629
6.65907
6.66191
6.66481
6.66776
6.67076
6.67382
6.67692
6.68007
6.68327
6.6865
6.68977
6.69308
6.69642
6.69978
6.70315
6.70647
6.70982
6.7136
6.71781
6.58504
6.5852
6.5851
6.58505
6.58503
6.58502
6.58502
6.58503
6.58505
6.58507
6.5851
6.58514
6.58518
6.58524
6.5853
6.58537
6.58545
6.58554
6.58565
6.58576
6.58589
6.58603
6.58619
6.58636
6.58655
6.58677
6.587
6.58725
6.58753
6.58783
6.58816
6.58851
6.5889
6.58932
6.58976
6.59025
6.59077
6.59132
6.59192
6.59255
6.59323
6.59395
6.59471
6.59552
6.59638
6.59729
6.59825
6.59926
6.60033
6.60145
6.60262
6.60386
6.60515
6.6065
6.60791
6.60939
6.61093
6.61253
6.61419
6.61592
6.61772
6.61958
6.62151
6.62351
6.62557
6.6277
6.6299
6.63217
6.63451
6.63691
6.63938
6.64192
6.64453
6.64721
6.64995
6.65276
6.65563
6.65857
6.66157
6.66464
6.66777
6.67096
6.67421
6.67752
6.68088
6.6843
6.68778
6.6913
6.69487
6.69849
6.70214
6.70584
6.70957
6.71334
6.71713
6.72093
6.72467
6.72844
6.73269
6.73741
6.573
6.57332
6.57339
6.57351
6.57367
6.57384
6.57403
6.57422
6.57443
6.57464
6.57487
6.57512
6.57537
6.57563
6.57591
6.5762
6.57651
6.57683
6.57716
6.57752
6.57789
6.57827
6.57868
6.57911
6.57956
6.58004
6.58054
6.58106
6.58161
6.58219
6.58281
6.58345
6.58413
6.58484
6.58559
6.58637
6.5872
6.58806
6.58897
6.58992
6.59092
6.59196
6.59305
6.59419
6.59538
6.59663
6.59792
6.59928
6.60068
6.60215
6.60367
6.60526
6.6069
6.60861
6.61038
6.61221
6.61411
6.61607
6.6181
6.6202
6.62236
6.62459
6.62689
6.62927
6.63171
6.63422
6.6368
6.63945
6.64218
6.64498
6.64784
6.65078
6.65379
6.65687
6.66003
6.66325
6.66654
6.66989
6.67331
6.6768
6.68035
6.68396
6.68763
6.69136
6.69514
6.69898
6.70287
6.70681
6.7108
6.71483
6.71891
6.72303
6.72719
6.73138
6.7356
6.73983
6.74401
6.74821
6.75293
6.75818
6.56166
6.56212
6.56238
6.56268
6.56302
6.56338
6.56375
6.56414
6.56454
6.56496
6.56539
6.56584
6.56631
6.5668
6.5673
6.56782
6.56836
6.56891
6.56949
6.57009
6.57071
6.57135
6.57202
6.57271
6.57343
6.57418
6.57496
6.57576
6.5766
6.57747
6.57838
6.57932
6.5803
6.58132
6.58237
6.58347
6.58461
6.5858
6.58703
6.58831
6.58964
6.59102
6.59245
6.59393
6.59547
6.59706
6.59871
6.60042
6.60218
6.60401
6.6059
6.60785
6.60987
6.61195
6.61409
6.6163
6.61858
6.62093
6.62335
6.62584
6.6284
6.63102
6.63372
6.6365
6.63934
6.64226
6.64524
6.6483
6.65143
6.65463
6.6579
6.66123
6.66464
6.66811
6.67165
6.67525
6.67892
6.68265
6.68644
6.6903
6.69421
6.69819
6.70223
6.70632
6.71048
6.7147
6.71897
6.72331
6.7277
6.73214
6.73664
6.74119
6.74579
6.75042
6.7551
6.75978
6.7644
6.76904
6.77424
6.78002
6.55094
6.55156
6.552
6.55248
6.553
6.55354
6.55411
6.5547
6.5553
6.55593
6.55658
6.55725
6.55794
6.55865
6.55939
6.56014
6.56092
6.56173
6.56256
6.56341
6.56429
6.5652
6.56614
6.5671
6.5681
6.56913
6.57019
6.57129
6.57242
6.57359
6.57479
6.57604
6.57732
6.57865
6.58002
6.58144
6.5829
6.58441
6.58597
6.58758
6.58924
6.59095
6.59272
6.59454
6.59642
6.59835
6.60035
6.6024
6.60452
6.6067
6.60894
6.61124
6.61361
6.61605
6.61855
6.62112
6.62376
6.62647
6.62924
6.63209
6.635
6.63798
6.64104
6.64416
6.64735
6.65062
6.65395
6.65735
6.66082
6.66436
6.66798
6.67166
6.67541
6.67924
6.68314
6.68711
6.69115
6.69527
6.69946
6.70373
6.70807
6.71249
6.71698
6.72154
6.72618
6.73088
6.73564
6.74047
6.74535
6.75029
6.75527
6.76029
6.76535
6.77044
6.77556
6.78068
6.78572
6.79079
6.79645
6.80282
6.54087
6.54167
6.5423
6.54296
6.54368
6.54441
6.54518
6.54596
6.54678
6.54762
6.54848
6.54937
6.55029
6.55123
6.5522
6.5532
6.55423
6.55528
6.55637
6.55748
6.55863
6.55981
6.56102
6.56226
6.56354
6.56486
6.56621
6.56761
6.56904
6.57051
6.57203
6.57359
6.57519
6.57684
6.57854
6.58029
6.58208
6.58393
6.58583
6.58779
6.58979
6.59186
6.59398
6.59616
6.5984
6.6007
6.60306
6.60548
6.60797
6.61053
6.61314
6.61583
6.61858
6.6214
6.62429
6.62724
6.63027
6.63337
6.63653
6.63977
6.64308
6.64647
6.64993
6.65346
6.65706
6.66074
6.66449
6.66832
6.67223
6.67621
6.68027
6.68441
6.68862
6.6929
6.69726
6.7017
6.7062
6.71078
6.71542
6.72012
6.72488
6.7297
6.73458
6.7395
6.74448
6.74949
6.75455
6.75965
6.7648
6.76999
6.77522
6.7805
6.78583
6.79122
6.79668
6.80218
6.80766
6.81323
6.81956
6.82672
6.53116
6.53208
6.53287
6.53372
6.53463
6.53557
6.53654
6.53754
6.53858
6.53964
6.54074
6.54187
6.54304
6.54423
6.54546
6.54672
6.54801
6.54934
6.5507
6.55209
6.55352
6.55499
6.55649
6.55803
6.55961
6.56123
6.56289
6.56459
6.56634
6.56812
6.56996
6.57183
6.57376
6.57573
6.57775
6.57983
6.58195
6.58413
6.58636
6.58864
6.59098
6.59338
6.59584
6.59835
6.60093
6.60356
6.60626
6.60902
6.61185
6.61474
6.61769
6.62072
6.62381
6.62697
6.63019
6.63349
6.63686
6.64029
6.6438
6.64738
6.65103
6.65475
6.65854
6.66241
6.66635
6.67035
6.67443
6.67858
6.6828
6.68708
6.69143
6.69585
6.70033
6.70487
6.70948
6.71415
6.71887
6.72366
6.72851
6.73342
6.73839
6.74343
6.74854
6.75373
6.759
6.76435
6.7698
6.77536
6.78102
6.7868
6.79271
6.79875
6.80492
6.81123
6.81768
6.82422
6.83078
6.83748
6.845
6.85322
6.52275
6.52388
6.52486
6.52588
6.52696
6.52809
6.52925
6.53044
6.53167
6.53294
6.53424
6.53559
6.53696
6.53838
6.53983
6.54132
6.54285
6.54442
6.54602
6.54767
6.54936
6.55109
6.55286
6.55467
6.55653
6.55844
6.56039
6.56239
6.56444
6.56653
6.56868
6.57088
6.57313
6.57543
6.57779
6.58021
6.58268
6.58521
6.5878
6.59045
6.59315
6.59593
6.59876
6.60166
6.60462
6.60764
6.61074
6.6139
6.61712
6.62042
6.62378
6.62721
6.63071
6.63428
6.63792
6.64164
6.64542
6.64927
6.65319
6.65719
6.66125
6.66539
6.66959
6.67387
6.67821
6.68263
6.68711
6.69167
6.6963
6.701
6.70577
6.71061
6.71553
6.72052
6.72559
6.73075
6.73598
6.7413
6.74672
6.75222
6.75783
6.76353
6.76934
6.77526
6.78129
6.78742
6.79366
6.80001
6.80647
6.81302
6.81965
6.82637
6.83315
6.83998
6.84684
6.85368
6.8604
6.86713
6.87467
6.88292
6.50495
6.50715
6.50866
6.51011
6.51163
6.51322
6.51485
6.51652
6.51824
6.52
6.52181
6.52367
6.52557
6.52753
6.52953
6.53159
6.53369
6.53585
6.53806
6.54033
6.54265
6.54502
6.54746
6.54995
6.5525
6.55511
6.55778
6.56051
6.5633
6.56616
6.56909
6.57208
6.57514
6.57826
6.58146
6.58473
6.58806
6.59147
6.59496
6.59851
6.60214
6.60585
6.60963
6.61349
6.61743
6.62144
6.62553
6.6297
6.63395
6.63828
6.64269
6.64718
6.65175
6.6564
6.66113
6.66594
6.67083
6.6758
6.68085
6.68599
6.6912
6.69649
6.70185
6.7073
6.71283
6.71843
6.7241
6.72986
6.73568
6.74158
6.74756
6.7536
6.75971
6.76588
6.77212
6.77842
6.78478
6.7912
6.79767
6.80418
6.81074
6.81734
6.82398
6.83064
6.83732
6.84402
6.85074
6.85745
6.86417
6.87087
6.87756
6.88422
6.89085
6.89744
6.90397
6.91039
6.91665
6.92306
6.9303
6.93706
6.48082
6.48344
6.48548
6.48749
6.48961
6.49183
6.49412
6.49649
6.49894
6.50146
6.50406
6.50674
6.50949
6.51232
6.51522
6.5182
6.52126
6.52439
6.5276
6.53089
6.53425
6.53769
6.54121
6.5448
6.54847
6.55222
6.55604
6.55994
6.56392
6.56797
6.57211
6.57632
6.58061
6.58498
6.58942
6.59394
6.59854
6.60322
6.60797
6.6128
6.61771
6.6227
6.62776
6.63289
6.6381
6.64339
6.64874
6.65418
6.65968
6.66525
6.6709
6.67662
6.6824
6.68825
6.69417
6.70015
6.7062
6.71231
6.71848
6.7247
6.73099
6.73733
6.74373
6.75018
6.75668
6.76323
6.76982
6.77647
6.78315
6.78987
6.79664
6.80344
6.81027
6.81714
6.82404
6.83097
6.83792
6.84491
6.85191
6.85894
6.86599
6.87306
6.88015
6.88726
6.89438
6.90153
6.90869
6.91586
6.92305
6.93026
6.93748
6.94472
6.95197
6.95923
6.9665
6.9737
6.98082
6.98819
6.99648
7.00406
6.46223
6.46538
6.46802
6.47067
6.47345
6.47637
6.47939
6.48252
6.48575
6.4891
6.49255
6.4961
6.49977
6.50353
6.5074
6.51137
6.51545
6.51962
6.5239
6.52828
6.53276
6.53734
6.54201
6.54678
6.55166
6.55662
6.56168
6.56684
6.57209
6.57743
6.58286
6.58838
6.59399
6.59969
6.60548
6.61135
6.6173
6.62334
6.62945
6.63565
6.64192
6.64827
6.65469
6.66118
6.66775
6.67438
6.68108
6.68784
6.69467
6.70155
6.70849
6.71549
6.72254
6.72964
6.73678
6.74398
6.75122
6.75849
6.76581
6.77316
6.78055
6.78797
6.79542
6.80289
6.81039
6.81791
6.82546
6.83302
6.8406
6.84819
6.8558
6.86343
6.87106
6.87871
6.88637
6.89403
6.90171
6.90939
6.91708
6.92479
6.9325
6.94021
6.94794
6.95568
6.96343
6.97119
6.97897
6.98676
6.99457
7.0024
7.01024
7.0181
7.02597
7.03386
7.04175
7.04957
7.0573
7.06531
7.07423
7.08218
6.44651
6.45012
6.45331
6.45656
6.45998
6.46357
6.46731
6.47119
6.47522
6.47939
6.4837
6.48816
6.49275
6.49748
6.50235
6.50735
6.51248
6.51775
6.52314
6.52866
6.5343
6.54007
6.54596
6.55196
6.55808
6.56431
6.57065
6.5771
6.58366
6.59032
6.59707
6.60392
6.61087
6.6179
6.62503
6.63223
6.63952
6.64688
6.65432
6.66183
6.6694
6.67704
6.68473
6.69249
6.70029
6.70815
6.71605
6.72399
6.73197
6.73999
6.74803
6.75611
6.76421
6.77233
6.78047
6.78863
6.7968
6.80498
6.81316
6.82135
6.82954
6.83774
6.84592
6.85411
6.86229
6.87046
6.87862
6.88677
6.8949
6.90302
6.91113
6.91921
6.92729
6.93535
6.94339
6.95142
6.95943
6.96743
6.97542
6.98339
6.99135
6.99929
7.00723
7.01515
7.02307
7.03097
7.03887
7.04677
7.05466
7.06254
7.07041
7.07828
7.08613
7.09397
7.10177
7.10948
7.11708
7.12492
7.13346
7.14076
6.43458
6.43868
6.44246
6.44634
6.45043
6.45473
6.45922
6.4639
6.46876
6.47381
6.47903
6.48444
6.49002
6.49577
6.5017
6.50779
6.51404
6.52046
6.52703
6.53375
6.54062
6.54764
6.5548
6.56209
6.56952
6.57707
6.58474
6.59253
6.60044
6.60845
6.61656
6.62477
6.63307
6.64146
6.64993
6.65848
6.66709
6.67577
6.68451
6.6933
6.70214
6.71103
6.71995
6.7289
6.73788
6.74688
6.7559
6.76493
6.77397
6.78301
6.79205
6.80108
6.8101
6.81911
6.82811
6.83708
6.84603
6.85495
6.86384
6.8727
6.88152
6.8903
6.89905
6.90775
6.91641
6.92503
6.9336
6.94213
6.95061
6.95904
6.96743
6.97576
6.98405
6.99228
7.00047
7.00862
7.01671
7.02476
7.03276
7.04072
7.04864
7.05651
7.06435
7.07214
7.0799
7.08761
7.0953
7.10295
7.11057
7.11815
7.1257
7.13322
7.1407
7.14814
7.15552
7.1628
7.16995
7.17731
7.18521
7.19172
6.4258
6.43039
6.43473
6.43924
6.44401
6.44902
6.45428
6.45976
6.46548
6.47142
6.47758
6.48397
6.49057
6.49738
6.5044
6.51161
6.51903
6.52663
6.53442
6.54239
6.55053
6.55884
6.5673
6.57592
6.58468
6.59357
6.6026
6.61175
6.62101
6.63037
6.63984
6.64939
6.65903
6.66874
6.67852
6.68836
6.69824
6.70816
6.71811
6.72809
6.73809
6.7481
6.75812
6.76813
6.77814
6.78813
6.79809
6.80802
6.81792
6.82778
6.8376
6.84737
6.85709
6.86676
6.87636
6.8859
6.89537
6.90477
6.91409
6.92334
6.93251
6.94161
6.95062
6.95954
6.96838
6.97714
6.98581
6.99439
7.00288
7.01129
7.01961
7.02785
7.036
7.04406
7.05204
7.05994
7.06775
7.07549
7.08314
7.09072
7.09823
7.10565
7.11301
7.1203
7.12751
7.13466
7.14175
7.14877
7.15573
7.16262
7.16945
7.17622
7.18293
7.18957
7.19612
7.20254
7.20884
7.21527
7.222
7.22725
6.42046
6.42555
6.43048
6.43563
6.44108
6.44684
6.45288
6.45921
6.46581
6.47269
6.47983
6.48724
6.49491
6.50283
6.51099
6.51939
6.52802
6.53687
6.54592
6.55518
6.56463
6.57426
6.58406
6.59402
6.60413
6.61438
6.62476
6.63525
6.64586
6.65656
6.66734
6.67819
6.68911
6.70008
6.71108
6.72211
6.73316
6.74422
6.75527
6.76632
6.77735
6.78834
6.7993
6.81021
6.82107
6.83186
6.84259
6.85324
6.86382
6.8743
6.88469
6.89498
6.90517
6.91525
6.92522
6.93508
6.94482
6.95443
6.96393
6.9733
6.98254
6.99166
7.00065
7.00951
7.01824
7.02684
7.03531
7.04365
7.05187
7.05996
7.06792
7.07576
7.08348
7.09108
7.09855
7.10591
7.11316
7.12029
7.12731
7.13422
7.14103
7.14773
7.15433
7.16084
7.16724
7.17355
7.17977
7.1859
7.19194
7.19789
7.20376
7.20954
7.21523
7.22083
7.22633
7.23169
7.23691
7.24221
7.24761
7.25157
6.41841
6.42402
6.42956
6.43537
6.44155
6.44807
6.45494
6.46214
6.46966
6.47751
6.48568
6.49415
6.50292
6.51197
6.52131
6.53092
6.54078
6.55089
6.56122
6.57177
6.58253
6.59348
6.60461
6.6159
6.62734
6.63892
6.65062
6.66242
6.67431
6.68627
6.6983
6.71037
6.72247
6.73459
6.74671
6.75882
6.77091
6.78297
6.79498
6.80693
6.81882
6.83062
6.84233
6.85393
6.86544
6.87682
6.88807
6.8992
6.91018
6.92102
6.93171
6.94224
6.95262
6.96283
6.97288
6.98275
6.99246
7.002
7.01136
7.02055
7.02956
7.0384
7.04707
7.05556
7.06389
7.07204
7.08003
7.08785
7.0955
7.10299
7.11033
7.1175
7.12453
7.1314
7.13812
7.1447
7.15114
7.15743
7.16359
7.16962
7.17552
7.1813
7.18695
7.19248
7.19789
7.20319
7.20838
7.21346
7.21843
7.22329
7.22806
7.23271
7.23726
7.24171
7.24603
7.2502
7.25425
7.2583
7.26227
7.26493
6.42
6.42613
6.43227
6.43875
6.44565
6.45296
6.46066
6.46875
6.47723
6.48607
6.49528
6.50484
6.51473
6.52495
6.53549
6.54631
6.55742
6.56879
6.58042
6.59227
6.60434
6.61661
6.62905
6.64165
6.65439
6.66725
6.68021
6.69325
6.70635
6.7195
6.73267
6.74584
6.75901
6.77215
6.78524
6.79827
6.81123
6.82409
6.83685
6.84949
6.862
6.87437
6.88659
6.89864
6.91052
6.92222
6.93373
6.94505
6.95617
6.96708
6.97779
6.98828
6.99855
7.00861
7.01844
7.02806
7.03745
7.04663
7.05558
7.06432
7.07283
7.08114
7.08923
7.09711
7.10478
7.11225
7.11952
7.12659
7.13347
7.14016
7.14666
7.15299
7.15913
7.16511
7.17091
7.17655
7.18204
7.18737
7.19254
7.19757
7.20246
7.20721
7.21182
7.2163
7.22066
7.22489
7.229
7.23299
7.23686
7.24062
7.24427
7.2478
7.25122
7.25452
7.2577
7.26073
7.26364
7.2665
7.26916
7.27074
6.42538
6.43202
6.43875
6.44589
6.45352
6.46163
6.47019
6.47921
6.48865
6.49852
6.5088
6.51947
6.53052
6.54193
6.55367
6.56574
6.57811
6.59075
6.60365
6.61679
6.63013
6.64366
6.65736
6.67119
6.68514
6.69918
6.71329
6.72744
6.74161
6.75578
6.76993
6.78403
6.79807
6.81202
6.82586
6.83959
6.85318
6.86661
6.87987
6.89294
6.90582
6.91849
6.93094
6.94316
6.95514
6.96688
6.97836
6.98959
7.00056
7.01126
7.02169
7.03186
7.04176
7.05138
7.06074
7.06983
7.07865
7.08722
7.09552
7.10356
7.11136
7.1189
7.1262
7.13327
7.1401
7.1467
7.15308
7.15925
7.1652
7.17095
7.1765
7.18186
7.18703
7.19202
7.19683
7.20147
7.20595
7.21027
7.21443
7.21845
7.22232
7.22605
7.22964
7.23311
7.23644
7.23966
7.24275
7.24572
7.24858
7.25132
7.25395
7.25647
7.25888
7.26116
7.26333
7.26536
7.26728
7.26912
7.27069
7.27143
6.43464
6.44179
6.44913
6.45696
6.46535
6.47428
6.48373
6.49368
6.50412
6.51503
6.52639
6.53818
6.55038
6.56296
6.5759
6.58917
6.60275
6.61661
6.63072
6.64506
6.65959
6.67429
6.68912
6.70406
6.71909
6.73416
6.74926
6.76435
6.77941
6.79442
6.80934
6.82415
6.83884
6.85338
6.86774
6.88191
6.89588
6.90962
6.92311
6.93636
6.94933
6.96203
6.97443
6.98654
6.99835
7.00984
7.02102
7.03189
7.04243
7.05266
7.06257
7.07215
7.08143
7.09038
7.09903
7.10738
7.11542
7.12317
7.13063
7.13781
7.14471
7.15134
7.15772
7.16384
7.16971
7.17535
7.18075
7.18593
7.1909
7.19566
7.20022
7.20459
7.20877
7.21277
7.21661
7.22027
7.22379
7.22714
7.23035
7.23343
7.23636
7.23917
7.24185
7.2444
7.24685
7.24917
7.25139
7.25349
7.25549
7.25739
7.25917
7.26086
7.26244
7.26391
7.26527
7.26652
7.26766
7.2687
7.26948
7.26971
6.44792
6.45557
6.46353
6.47204
6.48119
6.49095
6.50128
6.51216
6.52358
6.53551
6.54793
6.5608
6.57411
6.58781
6.60188
6.61629
6.631
6.64599
6.66121
6.67663
6.69222
6.70795
6.72377
6.73966
6.75558
6.77151
6.7874
6.80323
6.81897
6.83458
6.85005
6.86534
6.88043
6.8953
6.90992
6.92428
6.93835
6.95213
6.96559
6.97873
6.99153
7.00397
7.01607
7.0278
7.03916
7.05016
7.06078
7.07104
7.08092
7.09044
7.0996
7.1084
7.11685
7.12495
7.13271
7.14014
7.14725
7.15405
7.16055
7.16675
7.17266
7.1783
7.18368
7.1888
7.19367
7.19832
7.20273
7.20693
7.21093
7.21473
7.21834
7.22177
7.22503
7.22812
7.23106
7.23386
7.23651
7.23902
7.24141
7.24367
7.24582
7.24785
7.24977
7.25159
7.25331
7.25493
7.25645
7.25788
7.25921
7.26046
7.26161
7.26268
7.26365
7.26453
7.26531
7.26599
7.26659
7.26709
7.26737
7.26732
6.46515
6.47328
6.48183
6.49102
6.5009
6.51144
6.52261
6.53439
6.54673
6.55963
6.57303
6.58692
6.60124
6.61597
6.63108
6.64651
6.66223
6.6782
6.69438
6.71074
6.72722
6.7438
6.76043
6.77708
6.7937
6.81026
6.82673
6.84308
6.85926
6.87524
6.89101
6.90653
6.92178
6.93672
6.95135
6.96564
6.97957
6.99313
7.0063
7.01908
7.03145
7.0434
7.05494
7.06606
7.07676
7.08704
7.0969
7.10634
7.11538
7.12401
7.13226
7.14011
7.1476
7.15472
7.16148
7.16791
7.17401
7.17978
7.18526
7.19044
7.19535
7.19999
7.20437
7.20852
7.21243
7.21612
7.21961
7.2229
7.22601
7.22893
7.2317
7.23431
7.23676
7.23908
7.24127
7.24333
7.24528
7.24711
7.24884
7.25046
7.25199
7.25343
7.25477
7.25604
7.25721
7.25831
7.25933
7.26027
7.26113
7.26192
7.26263
7.26327
7.26383
7.26431
7.26472
7.26505
7.26531
7.26548
7.2655
7.26536
6.48585
6.49442
6.50351
6.51331
6.52386
6.53513
6.54707
6.55966
6.57285
6.58662
6.60091
6.6157
6.63093
6.64657
6.66257
6.67888
6.69546
6.71226
6.72925
6.74636
6.76356
6.7808
6.79804
6.81524
6.83236
6.84935
6.86618
6.88281
6.8992
6.91534
6.93117
6.94669
6.96185
6.97664
6.99104
7.00502
7.01858
7.03169
7.04435
7.05655
7.06828
7.07954
7.09032
7.10064
7.11049
7.11988
7.12882
7.13731
7.14537
7.153
7.16023
7.16706
7.1735
7.17958
7.18531
7.1907
7.19577
7.20053
7.205
7.2092
7.21314
7.21684
7.2203
7.22354
7.22659
7.22944
7.23211
7.23461
7.23696
7.23916
7.24122
7.24315
7.24497
7.24667
7.24827
7.24977
7.25117
7.25249
7.25373
7.25488
7.25596
7.25697
7.25791
7.25877
7.25958
7.26031
7.26099
7.2616
7.26214
7.26263
7.26305
7.26341
7.26371
7.26396
7.26414
7.26427
7.26435
7.26436
7.26427
7.26414
6.50892
6.51784
6.5274
6.53773
6.54888
6.56078
6.57341
6.58671
6.60064
6.61517
6.63024
6.6458
6.66181
6.67822
6.69497
6.71202
6.7293
6.74678
6.7644
6.7821
6.79984
6.81757
6.83524
6.8528
6.87022
6.88744
6.90444
6.92116
6.93758
6.95365
6.96936
6.98467
6.99955
7.01399
7.02796
7.04145
7.05444
7.06693
7.0789
7.09035
7.10128
7.11169
7.12159
7.13097
7.13986
7.14825
7.15617
7.16363
7.17065
7.17723
7.1834
7.18918
7.19458
7.19963
7.20435
7.20874
7.21284
7.21665
7.22021
7.22351
7.22659
7.22945
7.23211
7.23459
7.2369
7.23905
7.24106
7.24293
7.24467
7.2463
7.24782
7.24925
7.25058
7.25183
7.253
7.25409
7.25511
7.25607
7.25696
7.25779
7.25856
7.25927
7.25992
7.26052
7.26107
7.26156
7.262
7.26239
7.26273
7.26302
7.26326
7.26345
7.2636
7.2637
7.26377
7.26379
7.26379
7.26374
7.26366
7.26358
6.5327
6.54185
6.55181
6.56263
6.5743
6.58677
6.60001
6.61395
6.62855
6.64375
6.65951
6.67576
6.69245
6.70953
6.72693
6.74459
6.76247
6.78049
6.79861
6.81677
6.83491
6.85298
6.87092
6.8887
6.90626
6.92356
6.94055
6.9572
6.97347
6.98933
7.00474
7.01968
7.03413
7.04805
7.06145
7.07429
7.08658
7.0983
7.10946
7.12004
7.13006
7.13953
7.14844
7.15683
7.16469
7.17205
7.17892
7.18533
7.1913
7.19684
7.20199
7.20676
7.21118
7.21527
7.21905
7.22255
7.22578
7.22876
7.23151
7.23406
7.23641
7.23858
7.2406
7.24246
7.2442
7.24581
7.2473
7.2487
7.25
7.25121
7.25235
7.25341
7.2544
7.25533
7.25621
7.25702
7.25778
7.25848
7.25914
7.25974
7.2603
7.26081
7.26127
7.26168
7.26205
7.26238
7.26266
7.2629
7.26309
7.26325
7.26338
7.26347
7.26353
7.26356
7.26357
7.26356
7.26354
7.26349
7.26344
7.26341
6.55505
6.56429
6.57459
6.58583
6.59797
6.61094
6.62471
6.63921
6.65439
6.67018
6.68654
6.70338
6.72066
6.7383
6.75624
6.77443
6.79278
6.81125
6.82977
6.84828
6.86671
6.88502
6.90315
6.92104
6.93865
6.95593
6.97284
6.98933
7.00537
7.02092
7.03596
7.05045
7.06438
7.07772
7.09047
7.1026
7.11412
7.12503
7.13532
7.14499
7.15408
7.16257
7.1705
7.17787
7.18472
7.19106
7.19693
7.20234
7.20733
7.21192
7.21614
7.22001
7.22356
7.22682
7.22981
7.23255
7.23506
7.23737
7.23949
7.24144
7.24324
7.2449
7.24644
7.24786
7.24918
7.25042
7.25156
7.25263
7.25364
7.25457
7.25545
7.25628
7.25705
7.25777
7.25844
7.25906
7.25964
7.26017
7.26066
7.26111
7.26151
7.26187
7.26218
7.26246
7.2627
7.2629
7.26307
7.2632
7.26331
7.26339
7.26344
7.26348
7.26349
7.2635
7.26349
7.26347
7.26345
7.26343
7.26341
7.26341
6.57401
6.58327
6.59393
6.60566
6.61831
6.63184
6.6462
6.66132
6.67714
6.6936
6.71061
6.72811
6.74603
6.76429
6.78283
6.80157
6.82045
6.83938
6.85831
6.87717
6.89589
6.91441
6.93268
6.95064
6.96824
6.98543
7.00217
7.01841
7.03412
7.04926
7.06382
7.07776
7.09106
7.10372
7.11572
7.12706
7.13773
7.14775
7.15712
7.16585
7.17396
7.18147
7.18841
7.19481
7.20069
7.20607
7.21101
7.21551
7.21962
7.22337
7.22678
7.22989
7.23272
7.2353
7.23765
7.23979
7.24175
7.24354
7.24518
7.2467
7.24809
7.24938
7.25058
7.25169
7.25273
7.2537
7.2546
7.25545
7.25625
7.257
7.2577
7.25835
7.25896
7.25953
7.26005
7.26054
7.26098
7.26138
7.26174
7.26206
7.26234
7.26258
7.26279
7.26296
7.26311
7.26322
7.26331
7.26338
7.26342
7.26345
7.26347
7.26348
7.26347
7.26347
7.26346
7.26345
7.26344
7.26343
7.26343
7.26343
6.58745
6.59663
6.60759
6.6197
6.63274
6.64668
6.66148
6.67706
6.69336
6.71028
6.72777
6.74575
6.76413
6.78285
6.80181
6.82096
6.84021
6.85949
6.87872
6.89784
6.91679
6.93549
6.95388
6.97191
6.98953
7.00668
7.02331
7.03939
7.05488
7.06975
7.08396
7.0975
7.11035
7.12249
7.13392
7.14463
7.15464
7.16395
7.17258
7.18054
7.18787
7.19459
7.20074
7.20634
7.21144
7.21607
7.22027
7.22407
7.22751
7.23062
7.23344
7.23599
7.2383
7.2404
7.24231
7.24406
7.24566
7.24713
7.24849
7.24974
7.25091
7.252
7.25302
7.25397
7.25487
7.25571
7.25651
7.25725
7.25795
7.25861
7.25922
7.25978
7.2603
7.26077
7.2612
7.26159
7.26194
7.26224
7.2625
7.26272
7.26291
7.26306
7.26319
7.26328
7.26335
7.26341
7.26344
7.26346
7.26347
7.26348
7.26347
7.26347
7.26346
7.26345
7.26345
7.26344
7.26344
7.26344
7.26344
7.26344
6.59464
6.60406
6.61571
6.62861
6.64248
6.65731
6.67307
6.68965
6.70699
6.72498
6.74355
6.76259
6.78203
6.80177
6.82173
6.8418
6.86192
6.88199
6.90194
6.92168
6.94115
6.96026
6.97896
6.99718
7.01487
7.03197
7.04845
7.06425
7.07935
7.09372
7.10733
7.12018
7.13224
7.14353
7.15404
7.16379
7.17279
7.18107
7.18866
7.19559
7.2019
7.20762
7.21281
7.21749
7.22172
7.22553
7.22896
7.23206
7.23485
7.23737
7.23964
7.24171
7.24359
7.2453
7.24686
7.2483
7.24963
7.25085
7.25199
7.25305
7.25405
7.25497
7.25584
7.25665
7.25741
7.25812
7.25877
7.25938
7.25995
7.26046
7.26093
7.26135
7.26173
7.26206
7.26235
7.2626
7.26281
7.26298
7.26312
7.26323
7.26332
7.26339
7.26343
7.26346
7.26348
7.26348
7.26348
7.26348
7.26347
7.26346
7.26346
7.26345
7.26344
7.26344
7.26344
7.26344
7.26344
7.26344
7.26344
7.26344
)
;

boundaryField
{
    jetInlet
    {
        type            zeroGradient;
    }
    returnOutlet
    {
        type            fixedValue;
        value           uniform 0;
    }
    flatBed
    {
        type            zeroGradient;
    }
    slope
    {
        type            zeroGradient;
    }
    top
    {
        type            symmetryPlane;
    }
    frontAndBack
    {
        type            empty;
    }
    defaultFaces
    {
        type            empty;
    }
}


// ************************************************************************* //
