/*--------------------------------*- C++ -*----------------------------------*\
| =========                 |                                                 |
| \\      /  F ield         | OpenFOAM: The Open Source CFD Toolbox           |
|  \\    /   O peration     | Version:  2206                                  |
|   \\  /    A nd           | Website:  www.openfoam.com                      |
|    \\/     M anipulation  |                                                 |
\*---------------------------------------------------------------------------*/
FoamFile
{
    version     2.0;
    format      ascii;
    arch        "LSB;label=32;scalar=64";
    class       volScalarField;
    location    "600";
    object      k;
}
// * * * * * * * * * * * * * * * * * * * * * * * * * * * * * * * * * * * * * //

dimensions      [0 2 -2 0 0 0 0];

internalField   nonuniform List<scalar> 
10000
(
0.285253
0.2904
0.294907
0.29874
0.301773
0.303959
0.304703
0.302974
0.298481
0.291112
0.28092
0.268105
0.252992
0.235998
0.21761
0.198348
0.178739
0.15928
0.140412
0.122497
0.105807
0.0905241
0.0767546
0.0645433
0.0538886
0.0447521
0.0370634
0.0307202
0.0255897
0.0215137
0.0183193
0.0158343
0.0139012
0.0123874
0.0111895
0.0102314
0.00946001
0.00883861
0.00834135
0.00794854
0.0076439
0.00741337
0.00724479
0.00712808
0.00705518
0.00701991
0.00701756
0.00704454
0.007098
0.00717559
0.00726711
0.00736957
0.00748101
0.00759969
0.00772398
0.00785241
0.00798364
0.00811641
0.00824958
0.0083821
0.00851299
0.00864137
0.00876641
0.00888739
0.00900362
0.00911448
0.00921943
0.00931798
0.00940971
0.00949425
0.00957129
0.00964062
0.00970207
0.00975555
0.00980106
0.00983868
0.0098686
0.00989111
0.00990665
0.00991578
0.00991925
0.00991798
0.00991298
0.00990083
0.00988177
0.00985643
0.00982559
0.00979022
0.0097515
0.00971082
0.00966987
0.00963066
0.00959557
0.0095675
0.00954979
0.00954615
0.00956216
0.00961159
0.009731
0.0100309
0.551879
0.561109
0.569814
0.577863
0.584842
0.590168
0.593095
0.592281
0.586902
0.576425
0.560631
0.539617
0.513766
0.483699
0.450222
0.414271
0.376848
0.338959
0.301546
0.265427
0.231253
0.199496
0.170454
0.144285
0.121039
0.100686
0.0831441
0.0682863
0.0559411
0.0458906
0.0378711
0.0315846
0.0267184
0.0229716
0.0200782
0.0178222
0.0160412
0.0146212
0.013486
0.0125847
0.0118806
0.0113437
0.0109466
0.0106643
0.0104744
0.0103583
0.010301
0.0102909
0.0103196
0.0103788
0.0104583
0.0105543
0.0106634
0.0107825
0.0109093
0.0110416
0.011178
0.0113168
0.0114569
0.0115973
0.011737
0.0118754
0.0120117
0.0121454
0.0122759
0.0124028
0.0125256
0.012644
0.0127577
0.0128663
0.0129695
0.0130673
0.0131593
0.0132453
0.0133254
0.0133993
0.0134671
0.013529
0.0135849
0.0136353
0.0136805
0.0137211
0.0137582
0.0137911
0.0138178
0.0138385
0.0138537
0.0138636
0.013869
0.0138705
0.0138688
0.0138645
0.0138579
0.0138482
0.0138323
0.0138032
0.0137436
0.0135971
0.0132117
0.0123493
0.736942
0.746382
0.756039
0.7656
0.774579
0.78224
0.787634
0.788832
0.784533
0.773835
0.756287
0.731885
0.701013
0.664372
0.622907
0.577735
0.530086
0.481227
0.432384
0.384659
0.338966
0.295989
0.256182
0.219798
0.186937
0.157591
0.131694
0.109143
0.0898147
0.0735512
0.0601529
0.0493625
0.0408626
0.0342903
0.0292683
0.0254421
0.0225098
0.0202367
0.0184542
0.0170485
0.0159448
0.0150917
0.0144496
0.0139839
0.0136633
0.0134592
0.0133476
0.0133085
0.013326
0.0133841
0.013472
0.0135825
0.01371
0.01385
0.0139989
0.014154
0.014313
0.014474
0.0146356
0.0147966
0.0149562
0.0151134
0.0152677
0.0154186
0.0155657
0.0157086
0.015847
0.0159808
0.0161096
0.0162333
0.0163518
0.0164648
0.0165722
0.0166739
0.0167697
0.0168595
0.0169432
0.0170205
0.0170914
0.0171556
0.0172128
0.0172628
0.017305
0.0173385
0.0173595
0.0173665
0.0173577
0.0173311
0.0172841
0.0172133
0.0171145
0.0169819
0.0168077
0.0165808
0.0162862
0.0159028
0.0153994
0.0147197
0.0137692
0.0124857
0.893744
0.903251
0.913924
0.925563
0.937555
0.948899
0.958339
0.963264
0.961833
0.952775
0.935452
0.909806
0.876255
0.83557
0.788782
0.737108
0.6819
0.624583
0.566583
0.509234
0.453684
0.400829
0.351287
0.30542
0.263387
0.225201
0.190804
0.160115
0.133056
0.109554
0.0895259
0.0728494
0.0593263
0.0486601
0.0404592
0.034273
0.0296479
0.026182
0.0235562
0.0215401
0.0199784
0.0187708
0.0178502
0.0171676
0.0166823
0.0163579
0.0161623
0.0160677
0.0160515
0.016091
0.0161718
0.0162836
0.0164182
0.0165695
0.0167325
0.0169034
0.0170793
0.0172579
0.0174373
0.0176164
0.0177939
0.0179692
0.0181417
0.0183109
0.0184765
0.0186384
0.0187963
0.0189502
0.0190999
0.0192454
0.0193866
0.0195234
0.0196556
0.0197832
0.0199058
0.0200234
0.0201355
0.0202419
0.0203419
0.0204351
0.0205207
0.0205978
0.0206653
0.0207222
0.0207637
0.020787
0.0207896
0.0207682
0.020719
0.0206373
0.0205174
0.020352
0.020132
0.0198449
0.0194745
0.0189985
0.0183837
0.0175729
0.01648
0.0150569
1.03906
1.04917
1.06149
1.07627
1.09271
1.10934
1.12439
1.13447
1.13713
1.13078
1.11466
1.08877
1.05366
1.0102
0.959515
0.902866
0.841643
0.777334
0.711483
0.645598
0.581037
0.518912
0.460023
0.40487
0.353689
0.306532
0.263346
0.224058
0.188613
0.156992
0.12921
0.105286
0.0851975
0.0688282
0.0559214
0.046066
0.0387343
0.0333599
0.0294241
0.0265111
0.0243214
0.0226561
0.0213883
0.0204356
0.0197397
0.0192538
0.0189376
0.018756
0.0186793
0.0186778
0.0187327
0.0188301
0.0189589
0.0191108
0.0192792
0.0194591
0.0196466
0.0198389
0.0200338
0.0202296
0.0204251
0.0206194
0.0208121
0.0210026
0.0211907
0.0213762
0.021559
0.0217392
0.0219165
0.0220911
0.0222627
0.0224313
0.0225968
0.0227588
0.0229171
0.0230712
0.0232206
0.0233647
0.0235027
0.0236336
0.0237564
0.0238697
0.0239719
0.0240622
0.0241345
0.0241855
0.0242115
0.0242083
0.0241709
0.0240931
0.0239673
0.0237841
0.0235314
0.0231937
0.0227505
0.022175
0.0214303
0.0204596
0.0191855
0.017569
1.17486
1.1864
1.20127
1.22049
1.24297
1.26657
1.2886
1.30488
1.31231
1.30904
1.29437
1.26854
1.23231
1.1868
1.1332
1.0728
1.00694
0.937053
0.864699
0.791476
0.71891
0.648309
0.580669
0.516651
0.456598
0.400615
0.348665
0.300675
0.256596
0.216435
0.180258
0.148185
0.120351
0.0968474
0.0776491
0.0625465
0.0511092
0.0427227
0.0366931
0.0323726
0.0292422
0.0269333
0.0252056
0.0239089
0.0229473
0.0222546
0.021779
0.021477
0.0213116
0.0212456
0.0212552
0.0213221
0.0214321
0.0215742
0.0217397
0.0219223
0.0221169
0.0223198
0.0225282
0.0227401
0.0229541
0.0231689
0.023384
0.0235988
0.0238131
0.0240265
0.0242391
0.0244507
0.0246612
0.0248705
0.0250785
0.025285
0.0254897
0.0256921
0.0258918
0.0260881
0.0262803
0.0264675
0.0266484
0.0268219
0.0269865
0.0271403
0.0272814
0.0274089
0.0275163
0.0275992
0.0276531
0.0276729
0.0276523
0.0275841
0.0274591
0.027266
0.0269907
0.0266153
0.026117
0.0254667
0.0246269
0.0235458
0.0221606
0.020442
1.29771
1.31186
1.33065
1.35606
1.38654
1.41899
1.44927
1.47244
1.48477
1.48433
1.47076
1.44471
1.40739
1.3602
1.30451
1.24155
1.17253
1.09872
1.02155
0.942585
0.863446
0.785602
0.710231
0.638173
0.569904
0.505598
0.445253
0.388801
0.336199
0.28746
0.242676
0.202025
0.165747
0.134102
0.107303
0.0854237
0.0682971
0.0554607
0.046194
0.0396582
0.0350672
0.0318008
0.0294287
0.027677
0.0263778
0.0254256
0.0247484
0.0242908
0.0240072
0.0238517
0.0237955
0.0238155
0.0238934
0.024015
0.0241695
0.0243485
0.0245455
0.024756
0.0249761
0.0252035
0.025436
0.0256724
0.0259117
0.0261532
0.0263965
0.0266412
0.0268871
0.027134
0.0273817
0.02763
0.0278786
0.0281272
0.0283752
0.0286221
0.0288671
0.0291094
0.0293479
0.0295814
0.0298085
0.0300276
0.0302368
0.0304339
0.0306163
0.0307834
0.0309282
0.0310455
0.0311299
0.0311753
0.0311747
0.0311195
0.0309991
0.0308008
0.0305085
0.0301025
0.0295579
0.028844
0.0279226
0.0267455
0.0252577
0.0234325
1.40152
1.42011
1.44499
1.47917
1.52023
1.56363
1.60342
1.63366
1.65032
1.6518
1.63837
1.61139
1.57267
1.52402
1.46697
1.40272
1.33224
1.25649
1.17662
1.09401
1.01026
0.92692
0.845327
0.766511
0.691095
0.619345
0.551305
0.486939
0.426221
0.369172
0.315899
0.266612
0.221616
0.181283
0.14601
0.116139
0.0918382
0.072971
0.0590152
0.0491134
0.0422608
0.0375316
0.0342156
0.0318352
0.0300945
0.0288157
0.0278882
0.0272363
0.0268028
0.0265316
0.0263879
0.0263433
0.0263751
0.0264653
0.0266001
0.0267689
0.0269636
0.0271781
0.0274079
0.0276494
0.0279003
0.0281587
0.0284233
0.028693
0.0289673
0.0292455
0.0295273
0.0298123
0.0301001
0.0303903
0.0306825
0.030976
0.0312703
0.0315644
0.0318575
0.0321484
0.0324358
0.0327182
0.032994
0.033261
0.0335173
0.03376
0.0339865
0.0341945
0.0343791
0.0345333
0.0346509
0.0347252
0.0347481
0.03471
0.0345992
0.0344017
0.0341001
0.0336731
0.0330946
0.0323332
0.0313514
0.0301055
0.0285489
0.0266603
1.47872
1.50471
1.53935
1.58621
1.64128
1.69806
1.74783
1.78432
1.8037
1.8053
1.79045
1.76144
1.72082
1.67087
1.61329
1.5492
1.47924
1.40394
1.32396
1.24035
1.15451
1.06799
0.982211
0.898417
0.817374
0.739453
0.664765
0.593336
0.52519
0.460367
0.398994
0.341312
0.287662
0.238486
0.194304
0.155662
0.123035
0.0966765
0.0764507
0.0617334
0.0514885
0.044528
0.0397953
0.0365114
0.0341717
0.0324722
0.0312332
0.0303427
0.0297241
0.0293088
0.0290545
0.0289266
0.0288973
0.0289443
0.0290502
0.0292019
0.0293889
0.0296037
0.0298403
0.0300945
0.0303628
0.030643
0.0309332
0.031232
0.0315384
0.0318516
0.032171
0.0324959
0.0328257
0.0331599
0.0334977
0.0338384
0.034181
0.0345245
0.0348677
0.0352093
0.0355477
0.0358811
0.0362076
0.0365248
0.0368304
0.0371213
0.0373943
0.0376458
0.0378729
0.0380671
0.0382216
0.0383287
0.0383797
0.0383642
0.0382695
0.0380805
0.0377789
0.0373422
0.0367436
0.0359515
0.034929
0.0336355
0.0320295
0.0300901
1.52043
1.55928
1.60999
1.67535
1.74863
1.82057
1.87908
1.91903
1.93788
1.93669
1.91825
1.88592
1.84296
1.79205
1.73503
1.67287
1.6058
1.53378
1.45685
1.37547
1.2907
1.20394
1.1166
1.03016
0.945516
0.863143
0.783233
0.705924
0.631339
0.559552
0.490723
0.425148
0.363191
0.305342
0.252196
0.204434
0.162762
0.127789
0.0998333
0.0787163
0.0636489
0.0533724
0.0465088
0.0418943
0.0387119
0.0364531
0.0348196
0.0336363
0.0327917
0.0322007
0.0318107
0.0315795
0.0314732
0.0314644
0.0315317
0.0316586
0.0318323
0.032043
0.0322834
0.0325479
0.0328323
0.0331335
0.033449
0.033777
0.0341161
0.034465
0.034823
0.035189
0.0355621
0.0359416
0.0363265
0.0367158
0.0371084
0.0375029
0.0378979
0.0382919
0.0386831
0.0390694
0.0394486
0.0398181
0.0401752
0.0405166
0.0408387
0.0411372
0.0414103
0.0416484
0.041844
0.0419889
0.0420738
0.0420874
0.0420165
0.0418451
0.0415542
0.0411207
0.0405175
0.0397126
0.0386705
0.0373529
0.0357223
0.0337583
1.5153
1.57878
1.65658
1.74864
1.84436
1.93007
1.99233
2.02965
2.04255
2.03453
2.00997
1.97318
1.92785
1.87688
1.82208
1.76417
1.70291
1.63758
1.56744
1.49222
1.41241
1.32908
1.24342
1.15731
1.07168
0.987087
0.903818
0.822187
0.742513
0.664884
0.589519
0.516825
0.447172
0.381102
0.319257
0.262406
0.211405
0.167129
0.130317
0.101321
0.0798442
0.0648617
0.0548537
0.0482662
0.0438676
0.0408398
0.038693
0.0371462
0.0360248
0.0352221
0.0346688
0.0343126
0.0341122
0.0340342
0.0340525
0.0341466
0.0343007
0.0345026
0.0347431
0.0350153
0.0353139
0.0356347
0.0359748
0.0363316
0.0367032
0.0370882
0.0374851
0.0378927
0.0383099
0.0387357
0.0391686
0.0396076
0.0400513
0.040498
0.0409463
0.0413941
0.0418396
0.0422804
0.0427141
0.043138
0.0435489
0.0439433
0.0443174
0.0446665
0.0449892
0.0452755
0.045517
0.0457053
0.0458303
0.0458804
0.0458419
0.0456982
0.0454297
0.0450132
0.0444211
0.043622
0.0425809
0.0412611
0.0396272
0.0376572
1.44458
1.56308
1.68603
1.81413
1.93315
2.02264
2.07725
2.10179
2.10146
2.08218
2.04946
2.00792
1.96126
1.91216
1.86217
1.81164
1.75983
1.70531
1.64645
1.58208
1.51193
1.43656
1.35652
1.27443
1.19109
1.10712
1.02288
0.938931
0.855975
0.774028
0.693378
0.614673
0.538225
0.464676
0.394692
0.329115
0.268886
0.215059
0.168706
0.130668
0.101265
0.0799961
0.0655206
0.0560407
0.0498662
0.0457523
0.0429159
0.040904
0.0394444
0.0383875
0.0376396
0.0371347
0.0368218
0.0366605
0.0366187
0.0366715
0.0367993
0.0369872
0.037224
0.0375008
0.0378111
0.0381499
0.0385132
0.0388978
0.0393015
0.039722
0.0401578
0.0406072
0.0410687
0.0415411
0.0420227
0.042512
0.0430075
0.0435074
0.0440098
0.0445127
0.0450137
0.0455106
0.0460004
0.0464804
0.0469472
0.0473971
0.0478259
0.0482289
0.0486051
0.0489438
0.0492364
0.0494739
0.0496458
0.0497402
0.049743
0.0496374
0.0494034
0.0490177
0.0484529
0.0476778
0.0466581
0.045358
0.0437433
0.0417897
1.29145
1.52716
1.71887
1.88452
2.00891
2.0796
2.10989
2.1103
2.09009
2.05655
2.01526
1.97041
1.92502
1.88116
1.83988
1.80103
1.76329
1.72449
1.68208
1.63387
1.57871
1.51651
1.4479
1.37451
1.29751
1.21775
1.13555
1.05187
0.968067
0.883871
0.799625
0.716485
0.634517
0.55458
0.477334
0.403721
0.334722
0.271497
0.215371
0.167574
0.129015
0.0998956
0.0793992
0.0657999
0.0570421
0.0513696
0.0475816
0.04496
0.043078
0.0417132
0.0407342
0.040054
0.0396087
0.0393488
0.0392354
0.0392379
0.0393325
0.0395011
0.0397297
0.0400078
0.0403271
0.0406816
0.0410663
0.0414775
0.041912
0.0423674
0.0428414
0.0433322
0.0438379
0.0443568
0.0448871
0.0454271
0.0459748
0.0465284
0.0470856
0.0476442
0.0482018
0.0487556
0.0493029
0.0498404
0.0503648
0.0508722
0.0513583
0.0518182
0.0522512
0.0526467
0.0529954
0.0532877
0.0535132
0.0536597
0.0537128
0.0536555
0.053468
0.0531268
0.0526048
0.0518713
0.0508924
0.049633
0.0480589
0.0461432
1.1351
1.53167
1.78731
1.95147
2.03142
2.05265
2.03992
2.00776
1.96584
1.92023
1.87482
1.83223
1.79422
1.76192
1.73571
1.71491
1.69763
1.68096
1.66139
1.63564
1.60156
1.55837
1.50631
1.44661
1.3806
1.30936
1.23375
1.15482
1.07355
0.98997
0.904468
0.819218
0.733515
0.648792
0.565569
0.48499
0.408047
0.335948
0.27025
0.212452
0.163943
0.125652
0.0975276
0.078314
0.0658708
0.0579541
0.0528278
0.0493862
0.0469634
0.0452204
0.0439653
0.043079
0.0424794
0.0421049
0.0419077
0.0418507
0.041905
0.0420485
0.0422645
0.04254
0.0428653
0.0432329
0.0436369
0.0440727
0.0445366
0.0450255
0.0455367
0.046068
0.0466171
0.047182
0.0477607
0.048351
0.048951
0.0495582
0.0501705
0.0507852
0.0513998
0.0520114
0.0526168
0.0532129
0.0537961
0.0543625
0.0549077
0.0554268
0.0559195
0.0563755
0.0567848
0.0571375
0.057423
0.0576289
0.0577408
0.0577418
0.0576121
0.0573284
0.0568639
0.0561885
0.0552687
0.0540698
0.0525575
0.050702
1.24571
1.63997
1.80747
1.84769
1.82686
1.78471
1.73748
1.69133
1.64879
1.61105
1.57905
1.55376
1.53607
1.52665
1.52566
1.53227
1.54425
1.55803
1.56907
1.57283
1.56639
1.54842
1.51872
1.478
1.42818
1.37055
1.30623
1.23624
1.16179
1.08354
1.00211
0.918315
0.83145
0.744409
0.657125
0.571175
0.487567
0.407503
0.332863
0.26529
0.206525
0.15816
0.120976
0.0945203
0.0769962
0.0658814
0.0588547
0.0542867
0.0511541
0.0489368
0.0473483
0.0462195
0.0454409
0.0449343
0.0446407
0.0445148
0.0445216
0.0446344
0.044833
0.045102
0.0454299
0.0458077
0.0462284
0.0466866
0.0471778
0.0476984
0.0482452
0.0488156
0.0494069
0.0500167
0.0506428
0.0512828
0.0519343
0.0525948
0.0532618
0.0539325
0.0546041
0.0552736
0.0559375
0.0565926
0.0572352
0.0578612
0.0584665
0.0590468
0.0596005
0.0601203
0.0605942
0.0610122
0.0613633
0.0616354
0.061814
0.0618824
0.061821
0.0616068
0.0612135
0.0606113
0.0597673
0.0586471
0.0572162
0.0554431
0.0723464
0.200223
0.366633
0.538664
0.692439
0.816096
0.907124
0.969375
1.01001
1.03689
1.0571
1.07634
1.09892
1.12789
1.16503
1.21053
1.26255
1.31715
1.3688
1.40951
1.43783
1.45334
1.45583
1.44539
1.42264
1.38867
1.34471
1.29203
1.23185
1.16522
1.09312
1.01643
0.935576
0.851588
0.763849
0.674226
0.584922
0.497008
0.413099
0.334854
0.264331
0.203859
0.15506
0.118555
0.0934055
0.0772124
0.0671038
0.0607158
0.0564724
0.0535468
0.0514811
0.0500165
0.0489953
0.0483123
0.0478908
0.0476735
0.0476166
0.0476871
0.0478601
0.0481171
0.048444
0.04883
0.0492669
0.0497481
0.0502684
0.0508234
0.0514093
0.052023
0.0526615
0.053322
0.0540017
0.0546981
0.0554084
0.05613
0.0568598
0.0575951
0.0583326
0.0590692
0.0598012
0.0605251
0.061237
0.0619327
0.0626078
0.0632579
0.0638783
0.0644675
0.065012
0.0655013
0.0659245
0.0662693
0.0665217
0.0666649
0.0666794
0.0665428
0.0662289
0.0657083
0.0649483
0.0639147
0.0625727
0.0608903
0.00726501
0.0101399
0.0145698
0.0240286
0.0402387
0.0635049
0.0931826
0.128205
0.167662
0.211219
0.259344
0.313371
0.37542
0.448093
0.533463
0.628296
0.727271
0.82701
0.923998
1.01696
1.10126
1.17316
1.2304
1.27187
1.29702
1.30613
1.30009
1.2802
1.24789
1.20463
1.15184
1.09083
1.0227
0.948528
0.86894
0.784895
0.696611
0.60585
0.515342
0.427087
0.344136
0.269896
0.206633
0.156274
0.119441
0.0947206
0.0791573
0.0694455
0.0632659
0.0591763
0.056372
0.054413
0.0530482
0.0521213
0.0515259
0.0511849
0.0510414
0.0510529
0.0511882
0.0514242
0.0517435
0.0521334
0.0525838
0.053087
0.0536367
0.0542277
0.0548557
0.0555169
0.0562077
0.0569249
0.0576654
0.0584263
0.0592045
0.0599969
0.0608005
0.061612
0.0624281
0.0632452
0.0640598
0.0648678
0.0656652
0.0664474
0.0672097
0.0679468
0.0686523
0.069328
0.0699614
0.070542
0.0710592
0.0715012
0.0718541
0.0721018
0.0722255
0.0722033
0.0720099
0.0716167
0.0709918
0.0701008
0.0689084
0.06738
0.00602163
0.00608092
0.00614225
0.00622448
0.00637753
0.00666904
0.00720971
0.00816523
0.00976731
0.0123358
0.0163311
0.0224594
0.031858
0.0460865
0.0674622
0.102441
0.157845
0.236437
0.33796
0.458487
0.589843
0.721689
0.844548
0.951764
1.03965
1.10678
1.15318
1.17977
1.18796
1.17945
1.15605
1.11954
1.07161
1.01379
0.947414
0.873697
0.793589
0.708177
0.617664
0.525646
0.435012
0.349189
0.271739
0.206284
0.155262
0.118952
0.0951399
0.0803235
0.0711969
0.0654087
0.0615846
0.0589792
0.0571848
0.0559634
0.0551626
0.0546777
0.0544334
0.0543753
0.0544641
0.0546712
0.0549758
0.0553628
0.0558202
0.0563393
0.0569126
0.0575343
0.0581992
0.058903
0.0596417
0.0604115
0.0612091
0.0620309
0.0628736
0.0637339
0.0646085
0.0654938
0.0663863
0.0672823
0.068178
0.0690692
0.0699516
0.0708206
0.071671
0.0724973
0.0732932
0.0740613
0.0747903
0.0754705
0.0760916
0.0766421
0.0771089
0.0774767
0.0777273
0.0778399
0.07779
0.07755
0.0770885
0.0763714
0.0753625
0.0740252
0.00598979
0.00598077
0.00597826
0.00598874
0.0060193
0.0060748
0.00615783
0.00627026
0.00641483
0.00659648
0.00682375
0.00711087
0.00748716
0.00826834
0.0102026
0.0147726
0.0247683
0.0444217
0.0791116
0.134331
0.213729
0.316922
0.438406
0.568618
0.696745
0.813557
0.912826
0.991289
1.04793
1.08316
1.09829
1.09503
1.07531
1.04105
0.994084
0.936102
0.868588
0.792885
0.710045
0.621653
0.527487
0.435211
0.347402
0.268422
0.20231
0.15171
0.116654
0.0943714
0.080817
0.0725187
0.0672507
0.063776
0.0614315
0.0598484
0.0588036
0.0581514
0.0577912
0.0576527
0.0576861
0.0578566
0.0581393
0.0585162
0.058974
0.0595023
0.060093
0.0607394
0.0614358
0.062177
0.0629587
0.0637766
0.0646268
0.0655055
0.066409
0.0673337
0.068276
0.0692322
0.0701984
0.071171
0.0721459
0.0731189
0.0740856
0.0750414
0.0759809
0.0768988
0.0777886
0.0786526
0.0794821
0.0802677
0.0809997
0.0816672
0.0822579
0.082757
0.0831477
0.0834098
0.0835202
0.0834521
0.0831749
0.0826548
0.0818553
0.0807379
0.00598696
0.0059739
0.00596451
0.00596228
0.00597098
0.00599521
0.00604052
0.00611319
0.00621963
0.00636558
0.00655571
0.0067935
0.0070797
0.00741645
0.00783021
0.00847562
0.00988906
0.0133157
0.0210726
0.0368415
0.0655727
0.112638
0.182113
0.274673
0.386266
0.508634
0.631611
0.745799
0.844256
0.922869
0.979899
1.01529
1.03006
1.02581
1.00443
0.967846
0.917939
0.856426
0.784837
0.704624
0.616789
0.523153
0.428593
0.338873
0.259067
0.193678
0.145215
0.112866
0.0929042
0.0809148
0.0735723
0.0689011
0.0658352
0.0637985
0.0624593
0.0616113
0.0611181
0.0608875
0.0608566
0.0609825
0.0612356
0.061595
0.0620457
0.0625762
0.0631774
0.063842
0.0645635
0.0653363
0.0661554
0.0670162
0.0679141
0.068845
0.0698049
0.0707898
0.0717958
0.0728191
0.0738558
0.0749018
0.0759532
0.0770058
0.0780551
0.0790965
0.0801251
0.0811356
0.0821223
0.0830823
0.0840147
0.0849091
0.0857563
0.086546
0.0872667
0.0879048
0.0884442
0.088866
0.0891482
0.089265
0.0891872
0.0888814
0.0883109
0.0874368
0.00598683
0.00597323
0.00596207
0.00595714
0.00596289
0.00598433
0.0060267
0.0060953
0.00619527
0.0063315
0.00650856
0.00673082
0.00700197
0.00732286
0.00768892
0.00809273
0.00856259
0.00930274
0.0109426
0.014825
0.0233249
0.0400689
0.0697513
0.117248
0.185987
0.276094
0.383365
0.499906
0.616226
0.723556
0.815321
0.887507
0.938332
0.96765
0.976388
0.966091
0.93859
0.895776
0.839471
0.771349
0.69291
0.605819
0.512001
0.415266
0.324263
0.24491
0.181956
0.137195
0.10848
0.0911833
0.0808526
0.074507
0.0704729
0.0678538
0.0661519
0.0650709
0.0644232
0.0640869
0.0639814
0.0640538
0.0642687
0.0646023
0.0650377
0.0655624
0.0661664
0.0668418
0.0675815
0.0683794
0.0692298
0.0701274
0.0710675
0.0720453
0.0730565
0.0740967
0.0751618
0.0762477
0.0773503
0.0784658
0.0795899
0.0807186
0.0818475
0.0829721
0.0840878
0.0851894
0.0862716
0.0873289
0.0883646
0.0893688
0.0903326
0.0912468
0.0921006
0.0928814
0.0935744
0.0941617
0.0946228
0.0949332
0.0950648
0.0949854
0.0946589
0.0940463
0.00598732
0.00597422
0.00596318
0.00595708
0.00595934
0.00597377
0.0060047
0.00605699
0.00613598
0.00624756
0.00639795
0.0065933
0.00683915
0.0071397
0.00749589
0.00790211
0.00834375
0.00881324
0.00939183
0.0104368
0.0128221
0.0182011
0.0292712
0.0498474
0.0844632
0.137299
0.210563
0.302984
0.409347
0.521551
0.630655
0.728802
0.810294
0.871767
0.911851
0.93063
0.929132
0.90891
0.871743
0.819426
0.753706
0.676329
0.589111
0.494273
0.395675
0.304451
0.227257
0.168552
0.128731
0.104117
0.0895332
0.0808258
0.0754679
0.0720829
0.0699225
0.0685569
0.0677258
0.0672655
0.0670722
0.06708
0.0672467
0.0675447
0.0679552
0.0684648
0.0690629
0.0697407
0.0704908
0.0713063
0.072181
0.073109
0.0740849
0.0751036
0.0761602
0.0772501
0.0783687
0.0795119
0.0806754
0.0818552
0.0830472
0.0842473
0.0854515
0.0866553
0.0878542
0.0890435
0.090218
0.0913719
0.0925094
0.0936218
0.0947013
0.0957394
0.0967263
0.0976505
0.0984983
0.0992534
0.0998965
0.100405
0.100752
0.100907
0.100834
0.100496
0.00598808
0.0059757
0.00596537
0.00595939
0.00596063
0.00597254
0.00599913
0.00604504
0.00611541
0.00621572
0.00635166
0.00652899
0.00675336
0.00703008
0.00736334
0.00775437
0.00819767
0.00867666
0.00917097
0.00971133
0.0105244
0.0122413
0.016121
0.0242919
0.0399112
0.0670067
0.109774
0.171288
0.251984
0.348687
0.45489
0.562257
0.662541
0.74904
0.817213
0.864627
0.890547
0.895429
0.880465
0.847215
0.797409
0.732829
0.655292
0.566865
0.470268
0.370471
0.280603
0.207601
0.15482
0.120697
0.100228
0.0882011
0.0810106
0.0765967
0.0738404
0.0721167
0.07106
0.0704493
0.0701494
0.0700774
0.0701823
0.0704322
0.0708063
0.0712899
0.0718717
0.0725424
0.0732938
0.0741186
0.0750097
0.0759607
0.0769655
0.0780184
0.0791139
0.0802471
0.0814131
0.0826074
0.0838257
0.0850638
0.0863177
0.0875834
0.0888571
0.0901346
0.0914116
0.0926838
0.0939461
0.0951931
0.0964284
0.0976456
0.0988374
0.0999963
0.101114
0.102179
0.10318
0.104102
0.104927
0.105633
0.106197
0.10659
0.106777
0.106722
0.00598906
0.00597742
0.00596787
0.00596221
0.00596269
0.00597217
0.0059942
0.00603299
0.0060934
0.00618086
0.00630124
0.00646061
0.00666504
0.00692036
0.00723183
0.0076034
0.00803592
0.00852315
0.00904651
0.0095787
0.0101262
0.0108493
0.0122479
0.0153602
0.021977
0.0348192
0.057495
0.0940134
0.147746
0.220029
0.309017
0.409486
0.513873
0.614002
0.702677
0.774582
0.826479
0.856935
0.865867
0.854079
0.822897
0.773919
0.708892
0.629791
0.539106
0.440356
0.340638
0.254271
0.187612
0.141995
0.113743
0.0971272
0.0873901
0.0815694
0.078018
0.0758274
0.0744817
0.0736802
0.0732448
0.0730704
0.0730947
0.07328
0.0736027
0.0740467
0.0745998
0.075252
0.0759945
0.076819
0.0777178
0.0786835
0.0797094
0.0807891
0.0819164
0.0830859
0.0842923
0.0855309
0.086797
0.0880866
0.0893956
0.0907201
0.0920564
0.0934008
0.0947493
0.096098
0.0974422
0.098777
0.100104
0.10142
0.102719
0.103994
0.105237
0.106438
0.107588
0.108672
0.109675
0.110578
0.111357
0.111986
0.112434
0.112666
0.00599024
0.00597934
0.00597059
0.00596529
0.00596521
0.00597283
0.0059914
0.00602494
0.00607818
0.00615651
0.00626576
0.00641202
0.00660134
0.00683966
0.0071326
0.0074851
0.00790069
0.00837954
0.00891416
0.00948364
0.0100557
0.0106243
0.0113164
0.0125631
0.0152824
0.0210709
0.0323784
0.0525161
0.0852886
0.134121
0.200785
0.28421
0.380053
0.481408
0.580329
0.669429
0.742933
0.797038
0.829768
0.840571
0.829888
0.798788
0.748729
0.681521
0.599484
0.505816
0.405227
0.307711
0.227441
0.168998
0.131055
0.108294
0.0950388
0.0872711
0.0826317
0.0798104
0.0780778
0.0770216
0.0764056
0.0760946
0.0760106
0.0761082
0.0763597
0.0767468
0.0772561
0.0778765
0.078598
0.0794114
0.0803079
0.0812792
0.0823176
0.0834159
0.0845672
0.0857654
0.0870048
0.0882802
0.0895868
0.0909204
0.0922768
0.0936523
0.0950435
0.0964469
0.097859
0.0992764
0.100695
0.102112
0.103522
0.10493
0.106329
0.107712
0.109073
0.110404
0.111696
0.112936
0.11411
0.115202
0.116191
0.117052
0.117758
0.118275
0.0059916
0.00598154
0.00597362
0.00596864
0.00596795
0.00597376
0.00598911
0.00601774
0.00606421
0.00613385
0.00623254
0.00636642
0.00654168
0.00676448
0.0070408
0.00737619
0.00777529
0.008241
0.00877236
0.00935984
0.00997915
0.0105934
0.0111898
0.0118818
0.013071
0.015619
0.0210229
0.0315802
0.050413
0.0811608
0.127201
0.190471
0.270288
0.362824
0.461621
0.558963
0.647426
0.720983
0.775459
0.808458
0.819035
0.807301
0.774115
0.72094
0.649884
0.563913
0.467288
0.366299
0.27398
0.202402
0.153246
0.122634
0.104602
0.0941209
0.0879577
0.0842535
0.0819795
0.0805669
0.0796989
0.0791982
0.0789651
0.0789425
0.0790963
0.0794045
0.0798512
0.0804235
0.0811099
0.0818997
0.0827828
0.0837495
0.0847911
0.0858992
0.0870661
0.088285
0.0895494
0.0908538
0.0921931
0.0935627
0.0949585
0.0963769
0.0978144
0.0992681
0.100735
0.102212
0.103696
0.105184
0.106671
0.108162
0.109652
0.111135
0.112606
0.114057
0.115481
0.116868
0.118205
0.119477
0.120667
0.121752
0.122708
0.123505
0.00599316
0.00598437
0.00597767
0.00597323
0.00597232
0.0059773
0.00599114
0.00601748
0.00606073
0.00612607
0.00621914
0.00634568
0.0065114
0.00672213
0.00698377
0.00730199
0.00768204
0.0081283
0.00864337
0.0092255
0.00986317
0.0105286
0.0111809
0.0118056
0.0125165
0.0137134
0.0162463
0.02158
0.0319458
0.0503645
0.0803583
0.125215
0.186864
0.26474
0.355227
0.452103
0.547813
0.634951
0.707349
0.76056
0.791853
0.799964
0.784801
0.74724
0.689059
0.613
0.523016
0.42473
0.326181
0.242436
0.181383
0.141359
0.117039
0.102777
0.094431
0.0894458
0.0863813
0.0844487
0.0832158
0.0824447
0.0820026
0.0818141
0.0818345
0.0820352
0.082396
0.0829008
0.0835356
0.0842876
0.0851447
0.0860957
0.0871303
0.0882387
0.0894124
0.0906435
0.0919248
0.0932502
0.0946142
0.0960118
0.0974388
0.0988916
0.100367
0.101862
0.103374
0.104901
0.10644
0.107988
0.109543
0.111108
0.112679
0.114252
0.115822
0.117383
0.118929
0.120451
0.121938
0.123379
0.124758
0.126056
0.127251
0.128317
0.00599675
0.00599437
0.00599674
0.00600361
0.00601634
0.00603679
0.00606669
0.00610791
0.0061628
0.00623426
0.00632572
0.00644108
0.00658512
0.00676401
0.00698517
0.00725687
0.00758756
0.00798517
0.00845625
0.00900449
0.00962748
0.0103108
0.0110218
0.0117162
0.0123814
0.0131428
0.0144189
0.0170817
0.0226145
0.0332495
0.0519755
0.0822385
0.127211
0.188695
0.266029
0.35557
0.451138
0.545227
0.630404
0.70036
0.750419
0.777642
0.780687
0.759618
0.715733
0.651486
0.570546
0.478038
0.380994
0.288748
0.216435
0.166003
0.133782
0.114289
0.102749
0.0958354
0.0915698
0.0888513
0.0870762
0.0859126
0.0851751
0.0847577
0.0845974
0.0846542
0.0849004
0.0853145
0.0858786
0.0865767
0.0873939
0.0883171
0.0893337
0.0904327
0.091604
0.0928386
0.0941286
0.095467
0.0968478
0.0982656
0.099716
0.101195
0.1027
0.104227
0.105775
0.107342
0.108925
0.110524
0.112135
0.113763
0.115405
0.117057
0.118715
0.120373
0.122028
0.123672
0.125296
0.126892
0.128445
0.129941
0.131361
0.132681
0.00610734
0.00631344
0.00661983
0.00702169
0.00750087
0.00803389
0.00859198
0.00914047
0.00964122
0.0100573
0.0103589
0.0105279
0.0105625
0.0104776
0.0103034
0.0100816
0.00986022
0.00968823
0.00961041
0.00966354
0.00987277
0.0102469
0.010772
0.0114063
0.0120907
0.0128011
0.0136627
0.0151137
0.0180694
0.0240721
0.0354093
0.0550902
0.086511
0.132698
0.195216
0.273127
0.362543
0.457095
0.54912
0.631038
0.696436
0.740676
0.76105
0.75665
0.728137
0.677522
0.608083
0.524432
0.432742
0.340771
0.25938
0.198562
0.157013
0.130363
0.114046
0.104123
0.097964
0.0940249
0.0914309
0.0896943
0.0885395
0.0878083
0.0874062
0.0872739
0.087371
0.0876674
0.088139
0.0887651
0.0895275
0.0904097
0.091397
0.0924764
0.093636
0.0948657
0.0961564
0.0975002
0.0988904
0.100321
0.101788
0.103286
0.104812
0.106364
0.107939
0.109536
0.111153
0.11279
0.114447
0.116127
0.117828
0.119547
0.12128
0.123023
0.124772
0.126523
0.128269
0.130003
0.131714
0.133391
0.135017
0.136575
0.0153119
0.0240499
0.0334459
0.0430848
0.0521933
0.0602645
0.0669442
0.0719283
0.074985
0.0759994
0.0750004
0.0721519
0.0677654
0.0622106
0.0558983
0.0492443
0.0426332
0.0363908
0.0307652
0.0259213
0.0219454
0.0188555
0.0166131
0.0151333
0.0142953
0.0139668
0.0140613
0.01465
0.01613
0.0194162
0.0261028
0.0385535
0.0598279
0.0932822
0.141744
0.206377
0.285655
0.37502
0.467542
0.555306
0.630917
0.688529
0.724279
0.736241
0.724197
0.689387
0.634388
0.563089
0.4808
0.394238
0.311527
0.241723
0.190028
0.153654
0.130092
0.115355
0.106145
0.100285
0.0964524
0.0938844
0.0921479
0.0909936
0.0902744
0.0898989
0.0898068
0.0899549
0.0903101
0.0908451
0.0915366
0.0923645
0.093311
0.0943606
0.0954997
0.0967164
0.0980003
0.0993426
0.100736
0.102173
0.10365
0.10516
0.106702
0.108271
0.109866
0.111486
0.113128
0.114793
0.116483
0.118203
0.119952
0.121726
0.12352
0.125333
0.127162
0.129004
0.130855
0.132709
0.134559
0.136395
0.138208
0.139981
0.0260435
0.0390977
0.0540573
0.0710932
0.0887982
0.106147
0.122662
0.137995
0.151785
0.163684
0.173434
0.181015
0.184463
0.183856
0.179487
0.171821
0.161448
0.149133
0.135635
0.121648
0.10777
0.0944725
0.0821011
0.0708824
0.0609409
0.0523174
0.0449965
0.0389468
0.0341859
0.0308774
0.0294579
0.0307735
0.0361933
0.0476383
0.0674383
0.09795
0.140954
0.19697
0.264712
0.34089
0.420456
0.497247
0.564861
0.617564
0.651
0.662647
0.651962
0.620321
0.570777
0.50768
0.436157
0.361726
0.28996
0.225791
0.179495
0.148698
0.129113
0.116859
0.109058
0.103941
0.100491
0.0981334
0.0965366
0.0955029
0.0949072
0.0946653
0.0947163
0.0950138
0.0955206
0.096206
0.097044
0.0980129
0.0990937
0.100271
0.10153
0.102861
0.104252
0.105697
0.107188
0.10872
0.110288
0.111888
0.113519
0.115176
0.116861
0.11857
0.120305
0.122064
0.123855
0.125679
0.127534
0.129422
0.131342
0.133294
0.135277
0.137288
0.139325
0.141384
0.143458
0.14554
0.0182872
0.0173394
0.0165002
0.0156409
0.0150497
0.0148208
0.014936
0.0153975
0.0162226
0.0174287
0.0189847
0.0210136
0.0277123
0.0375837
0.0492658
0.0617469
0.0742426
0.0844356
0.0914221
0.0950603
0.0955807
0.0934791
0.0893465
0.0837751
0.0773038
0.070392
0.0634157
0.0566741
0.0504117
0.0448597
0.0403014
0.0371612
0.0361106
0.0381664
0.044743
0.0576031
0.078661
0.109629
0.151557
0.204357
0.266449
0.33464
0.404329
0.470068
0.526334
0.56836
0.59279
0.598052
0.584396
0.55365
0.508754
0.453308
0.391318
0.32723
0.266597
0.213906
0.173854
0.147198
0.129978
0.118896
0.111631
0.106753
0.103425
0.101157
0.0996548
0.0987322
0.0982653
0.0981665
0.0983704
0.0988263
0.0994933
0.100338
0.101333
0.102456
0.103686
0.105009
0.10641
0.107879
0.109406
0.110983
0.112605
0.114266
0.115963
0.117691
0.11945
0.121237
0.123051
0.124891
0.126755
0.128651
0.130584
0.132559
0.134579
0.136649
0.138771
0.14095
0.143187
0.145484
0.147844
0.150267
0.018453
0.0167421
0.0153742
0.0141469
0.0130099
0.0120101
0.0111407
0.0103839
0.0097325
0.0091894
0.00877061
0.00850383
0.00844548
0.00864561
0.00917817
0.0101465
0.0117078
0.0166112
0.0251641
0.0360006
0.0468833
0.0558447
0.0621587
0.0657319
0.0668489
0.0659541
0.0635269
0.0600226
0.0558535
0.0513904
0.0469857
0.0430162
0.0399495
0.0384244
0.039333
0.0438728
0.0535325
0.0699758
0.0948052
0.129217
0.173594
0.227112
0.287494
0.351039
0.413005
0.468311
0.512339
0.541635
0.554291
0.549994
0.529779
0.495694
0.450502
0.39756
0.34084
0.284681
0.233682
0.191487
0.160244
0.139437
0.125767
0.116731
0.110657
0.106517
0.103691
0.101803
0.100613
0.0999637
0.0997442
0.0998729
0.100288
0.100939
0.101788
0.102802
0.103953
0.105222
0.106588
0.108036
0.109556
0.111135
0.112765
0.114441
0.116156
0.117906
0.119689
0.121502
0.123343
0.125214
0.127113
0.129042
0.131006
0.133011
0.135065
0.137175
0.139346
0.141586
0.143901
0.146296
0.14878
0.151356
0.0181553
0.0165426
0.0150988
0.0137944
0.0126451
0.0116663
0.0108502
0.010197
0.00971008
0.00939077
0.00923594
0.00923762
0.00938639
0.00966891
0.0100606
0.0105245
0.0110363
0.0116043
0.0123624
0.0136171
0.0167598
0.0230283
0.0313753
0.0396809
0.0464561
0.0510707
0.0535096
0.0540549
0.0530921
0.0510232
0.0482407
0.0451324
0.0421123
0.0396709
0.0384418
0.0392696
0.0432563
0.0517576
0.0662999
0.0883946
0.119245
0.159368
0.208193
0.263777
0.322784
0.380855
0.433283
0.475806
0.505217
0.519692
0.518778
0.503208
0.474644
0.435489
0.38875
0.337923
0.286859
0.239423
0.198952
0.16727
0.144656
0.129462
0.119264
0.112357
0.107636
0.104408
0.102243
0.100864
0.100087
0.0997833
0.0998599
0.100246
0.100885
0.101734
0.102757
0.103925
0.105212
0.1066
0.108073
0.109616
0.111218
0.112872
0.114569
0.116304
0.118074
0.119875
0.121706
0.123567
0.125458
0.12738
0.129333
0.131322
0.133356
0.135442
0.137586
0.139799
0.142086
0.144457
0.146919
0.149481
0.0180448
0.0164371
0.0149712
0.0137128
0.0126906
0.0119356
0.0114682
0.0113058
0.0114473
0.0118683
0.0125243
0.0133572
0.0143048
0.015307
0.0163118
0.0172799
0.0181924
0.0190468
0.0198239
0.0204504
0.0208067
0.0209894
0.022065
0.0256615
0.0314042
0.037563
0.0426245
0.0459439
0.0475011
0.0475531
0.0464471
0.0445492
0.0422375
0.0399246
0.0381048
0.0374116
0.0386771
0.0429719
0.0515992
0.0660191
0.0876732
0.117698
0.156538
0.203533
0.256647
0.312516
0.366904
0.415423
0.454265
0.480702
0.493271
0.491725
0.476849
0.450267
0.41425
0.371582
0.325414
0.279089
0.235869
0.198469
0.168533
0.146128
0.130418
0.119686
0.112326
0.10726
0.103782
0.10144
0.0999363
0.0990727
0.0987094
0.0987447
0.0991023
0.0997228
0.100559
0.101574
0.102735
0.104019
0.105404
0.106873
0.108413
0.110012
0.111661
0.113353
0.115082
0.116844
0.118638
0.120461
0.122313
0.124197
0.126115
0.128061
0.130044
0.13207
0.134146
0.13628
0.138479
0.14075
0.143103
0.145542
0.0178517
0.0163411
0.0150172
0.0141282
0.0138355
0.0142047
0.0152125
0.0167634
0.0187033
0.0208562
0.0230587
0.0251782
0.0271197
0.028822
0.0302527
0.0314001
0.0322695
0.0328801
0.0332686
0.033491
0.0336364
0.0337755
0.0336224
0.0329863
0.0330151
0.0350169
0.0385238
0.0419181
0.0441362
0.0449642
0.0445952
0.0433324
0.0414969
0.0394243
0.0374995
0.0362057
0.0361824
0.038277
0.0435741
0.05338
0.0691307
0.092195
0.123548
0.163341
0.210496
0.262529
0.315789
0.366089
0.409445
0.442693
0.463786
0.471854
0.467075
0.450494
0.423827
0.389304
0.349508
0.307244
0.265361
0.226511
0.192809
0.165452
0.144572
0.12933
0.118558
0.111083
0.105886
0.102292
0.0998544
0.0982778
0.0973568
0.0969469
0.0969426
0.097265
0.0978529
0.0986584
0.0996431
0.100776
0.102031
0.103388
0.104829
0.106342
0.107914
0.109536
0.111201
0.112904
0.11464
0.116408
0.118206
0.120036
0.121898
0.12379
0.125713
0.127671
0.129669
0.131712
0.133808
0.13596
0.138176
0.140459
0.0177786
0.0168877
0.0169459
0.0184958
0.0215216
0.0255848
0.0301492
0.0347602
0.0390836
0.0429093
0.0461309
0.0487137
0.0506692
0.0520354
0.0528672
0.0532303
0.0532033
0.0528858
0.0524353
0.0519784
0.0513724
0.0504115
0.0490403
0.0471695
0.0448591
0.042769
0.0421951
0.0433564
0.0447451
0.0451251
0.0443755
0.042832
0.0408396
0.0386798
0.0366313
0.035041
0.0343901
0.0353498
0.0388234
0.0459595
0.0581101
0.0766982
0.10295
0.137483
0.179827
0.228113
0.279169
0.329069
0.373882
0.410322
0.436106
0.450057
0.452003
0.442619
0.423231
0.395651
0.362023
0.324693
0.286079
0.24852
0.21407
0.184262
0.159892
0.140954
0.126824
0.116569
0.109238
0.104045
0.100415
0.0979415
0.0963257
0.0953634
0.0949101
0.0948604
0.0951352
0.0956739
0.096429
0.0973625
0.0984439
0.0996482
0.100955
0.102348
0.103814
0.10534
0.106919
0.108543
0.110206
0.111905
0.113638
0.115403
0.117202
0.119036
0.120898
0.122792
0.124721
0.126687
0.128694
0.130745
0.132844
0.134991
0.0201901
0.0244795
0.031624
0.0405548
0.0498214
0.0582959
0.0654832
0.0712614
0.0756744
0.0788394
0.0809003
0.0820026
0.0822852
0.0818782
0.0809073
0.0795016
0.0778155
0.0760407
0.0740045
0.071576
0.0688229
0.0657881
0.0624887
0.0589224
0.0551335
0.0513679
0.0483183
0.046945
0.0469918
0.0466817
0.0451224
0.0427414
0.0401296
0.0376117
0.035373
0.0336255
0.0327117
0.0331654
0.0357542
0.0415031
0.0516778
0.0676929
0.0908815
0.122094
0.161172
0.206564
0.255357
0.303837
0.348232
0.385362
0.412972
0.429836
0.435656
0.430917
0.416694
0.394499
0.366135
0.333574
0.298853
0.263963
0.230717
0.200611
0.174666
0.153336
0.136519
0.123704
0.114177
0.107215
0.102194
0.0986294
0.0961566
0.0945123
0.0935062
0.0929997
0.0928905
0.0931013
0.0935728
0.0942588
0.0951225
0.0961343
0.0972703
0.098511
0.0998403
0.101245
0.102714
0.104239
0.105813
0.107431
0.109087
0.110781
0.112512
0.114281
0.116085
0.117923
0.119795
0.121703
0.123646
0.125627
0.127647
0.129704
0.0465488
0.065029
0.0811077
0.0942082
0.104258
0.111521
0.116432
0.119405
0.12079
0.120875
0.119896
0.118047
0.115496
0.11239
0.108884
0.105146
0.101133
0.0966662
0.0918876
0.0869029
0.0817991
0.0766376
0.0714567
0.0662858
0.0611933
0.0563593
0.052194
0.0493901
0.0482684
0.0473668
0.0449834
0.0416286
0.0384022
0.0356611
0.033424
0.0317604
0.0309141
0.0313384
0.0337259
0.0390324
0.0484716
0.0634443
0.0853158
0.114996
0.152372
0.195913
0.242727
0.289245
0.33196
0.367977
0.39527
0.412752
0.420172
0.417956
0.407037
0.388718
0.364531
0.336146
0.305268
0.273566
0.242577
0.213617
0.187689
0.165408
0.146978
0.132241
0.120786
0.112075
0.105566
0.100774
0.0973044
0.0948518
0.0931846
0.0921307
0.0915613
0.0913799
0.0915129
0.0919035
0.0925074
0.0932894
0.0942213
0.0952801
0.0964472
0.0977071
0.0990472
0.100457
0.101928
0.103452
0.105026
0.106644
0.108305
0.110009
0.111756
0.113545
0.115372
0.117237
0.11914
0.121077
0.123049
0.125049
0.123614
0.144601
0.156814
0.16414
0.168159
0.169664
0.16919
0.167174
0.163964
0.159824
0.154959
0.149523
0.14365
0.137472
0.131105
0.124411
0.117467
0.110415
0.10336
0.0963832
0.0895381
0.0828496
0.0763203
0.0699412
0.0637212
0.0581058
0.0534009
0.0498868
0.0473043
0.044724
0.0415305
0.038153
0.0352108
0.0328525
0.0310419
0.0298337
0.0294607
0.0303589
0.0331929
0.0388823
0.0486005
0.0637086
0.0855254
0.1149
0.151693
0.1947
0.239891
0.283901
0.323871
0.357382
0.382766
0.399167
0.406478
0.405152
0.396051
0.380328
0.359305
0.334395
0.307022
0.278567
0.250297
0.223318
0.198505
0.176471
0.157537
0.141751
0.128938
0.118777
0.110872
0.104823
0.100265
0.0968902
0.0944485
0.0927438
0.091625
0.0909756
0.0907065
0.0907486
0.0910482
0.0915627
0.0922584
0.0931083
0.0940902
0.0951859
0.0963805
0.0976615
0.0990183
0.100442
0.101927
0.103466
0.105057
0.106698
0.108392
0.110134
0.111924
0.113757
0.115631
0.117543
0.119488
0.12146
0.223098
0.228629
0.230017
0.228287
0.224293
0.218632
0.211758
0.204166
0.196127
0.187786
0.179236
0.17056
0.161832
0.153061
0.144177
0.135314
0.126524
0.117842
0.109292
0.100873
0.0925698
0.0843683
0.0762864
0.0684218
0.0610144
0.0544657
0.0490755
0.0448707
0.0415607
0.0386877
0.0359702
0.0335018
0.0314756
0.0299452
0.0289371
0.0285806
0.0291633
0.0311567
0.0352424
0.0423328
0.0535546
0.070152
0.0932246
0.123302
0.159877
0.201165
0.243684
0.284473
0.321082
0.351596
0.374504
0.388695
0.394763
0.393212
0.384865
0.370773
0.352092
0.330018
0.305733
0.280362
0.254934
0.230343
0.207311
0.186372
0.167853
0.151889
0.138444
0.127356
0.118377
0.111226
0.105615
0.101279
0.0979838
0.0955346
0.0937715
0.0925663
0.0918173
0.0914439
0.0913824
0.0915822
0.0920028
0.0926115
0.0933817
0.0942917
0.0953233
0.0964613
0.0976931
0.0990078
0.100397
0.101853
0.103372
0.104953
0.106595
0.108296
0.11005
0.111854
0.113702
0.115589
0.117511
0.119458
0.290548
0.286775
0.278572
0.267953
0.256349
0.244493
0.232722
0.221166
0.209845
0.198751
0.187843
0.176992
0.166185
0.155424
0.144711
0.134013
0.123323
0.112649
0.102034
0.0915721
0.0814282
0.071831
0.0630496
0.0553368
0.0488675
0.0436888
0.0396993
0.0366788
0.0343496
0.0324581
0.0308695
0.0295957
0.0287107
0.0282892
0.0284524
0.029425
0.0315703
0.0354138
0.0416604
0.0511928
0.0650176
0.0841193
0.109177
0.140194
0.176173
0.215062
0.254
0.290554
0.322749
0.349075
0.368433
0.38035
0.384947
0.38256
0.374314
0.361215
0.344288
0.324547
0.302961
0.280439
0.257795
0.235735
0.214831
0.195515
0.178074
0.162655
0.149285
0.137895
0.128344
0.120451
0.114017
0.10884
0.104733
0.101526
0.0990725
0.0972485
0.0959504
0.0950927
0.0946056
0.094432
0.0945252
0.0948469
0.0953654
0.0960545
0.0968922
0.0978599
0.098942
0.100125
0.101399
0.102754
0.104187
0.105697
0.107279
0.108925
0.110627
0.11238
0.114176
0.116009
0.117874
0.11976
0.297472
0.288674
0.275451
0.260553
0.245405
0.230592
0.21626
0.202326
0.188612
0.174974
0.161674
0.148811
0.136331
0.124206
0.112477
0.101225
0.090549
0.0805579
0.0713618
0.0630601
0.0557298
0.0494148
0.0441198
0.0398077
0.0364022
0.0337944
0.0318548
0.0304494
0.0294603
0.0288081
0.0284737
0.0285011
0.0289834
0.0300592
0.0319368
0.0349223
0.0394383
0.0460352
0.0553842
0.0682407
0.0853471
0.107263
0.134119
0.165381
0.19973
0.23521
0.26961
0.301069
0.32812
0.349692
0.365112
0.374191
0.377067
0.373789
0.365319
0.352862
0.337327
0.319568
0.300373
0.280461
0.260465
0.24093
0.222294
0.204892
0.188951
0.174604
0.161894
0.150798
0.141238
0.133102
0.126255
0.120558
0.115872
0.112065
0.109018
0.106624
0.104791
0.103439
0.102499
0.101913
0.101634
0.101618
0.101832
0.102245
0.102833
0.103572
0.104445
0.105435
0.106532
0.107726
0.109017
0.110401
0.111859
0.113378
0.114949
0.116564
0.118216
0.119897
0.1216
0.123317
0.229535
0.215901
0.199058
0.182132
0.166017
0.151105
0.137506
0.125199
0.114118
0.104144
0.0949465
0.0864463
0.0786024
0.0713882
0.0647874
0.058791
0.0533945
0.0485935
0.0443817
0.040748
0.0376758
0.0351421
0.0331182
0.0315705
0.030463
0.0297595
0.0294286
0.0294492
0.0298184
0.0305595
0.031731
0.0334325
0.0358093
0.03906
0.0434498
0.0493202
0.0570912
0.0672498
0.0803159
0.0967782
0.116985
0.141005
0.168481
0.198546
0.229862
0.260825
0.289841
0.315609
0.337141
0.353779
0.365179
0.371316
0.372322
0.368062
0.359314
0.347363
0.333044
0.317058
0.300034
0.282531
0.26503
0.247941
0.231591
0.21623
0.202032
0.1891
0.177477
0.167158
0.158097
0.150221
0.143443
0.137663
0.13278
0.128697
0.12532
0.122564
0.120352
0.118615
0.117292
0.11633
0.115682
0.115308
0.115173
0.115246
0.115501
0.115914
0.116467
0.117143
0.117933
0.118837
0.119852
0.120941
0.122092
0.123293
0.124534
0.125806
0.127104
0.12842
0.12975
0.131087
0.110113
0.101994
0.0938934
0.0866401
0.0802551
0.0745784
0.0694945
0.0649208
0.0607899
0.0570456
0.0536371
0.0505325
0.0477102
0.045157
0.0428656
0.0408331
0.0390593
0.0375462
0.0362974
0.0353174
0.0346121
0.0341885
0.0340554
0.0342245
0.0347116
0.0355385
0.0367359
0.0383466
0.0404303
0.0430681
0.0463679
0.0504697
0.05555
0.0618254
0.0695535
0.0790284
0.0905653
0.104474
0.12101
0.140318
0.16235
0.186793
0.213028
0.240145
0.267032
0.292534
0.315605
0.335429
0.351426
0.363265
0.370831
0.374181
0.373375
0.367985
0.358984
0.347581
0.334439
0.320124
0.305124
0.289864
0.274702
0.259939
0.245813
0.232504
0.220139
0.208793
0.1985
0.189258
0.181038
0.17379
0.16745
0.161946
0.157205
0.15315
0.149708
0.146812
0.144397
0.142405
0.140785
0.139489
0.138475
0.137708
0.137155
0.136786
0.136579
0.136511
0.136566
0.136735
0.13702
0.137411
0.137862
0.138364
0.138907
0.139482
0.140084
0.140708
0.141348
0.142002
0.142666
0.143337
0.081273
0.0778846
0.0745902
0.0715677
0.0688077
0.0662882
0.0639905
0.0618994
0.0600039
0.0582967
0.0567737
0.0554338
0.0542782
0.0533105
0.0525367
0.0519653
0.0516073
0.0514764
0.0515893
0.0519656
0.0526286
0.0536057
0.054929
0.056636
0.0587711
0.0613865
0.0645437
0.0683156
0.0727878
0.0780612
0.0842527
0.0914962
0.0999417
0.109751
0.12109
0.134116
0.148956
0.165681
0.18427
0.204578
0.226304
0.248976
0.271965
0.294533
0.3159
0.335342
0.352253
0.366196
0.376902
0.384265
0.3883
0.38906
0.386228
0.379647
0.370481
0.359623
0.347576
0.334774
0.321581
0.308307
0.29521
0.282503
0.270353
0.258884
0.248183
0.238299
0.229255
0.221046
0.21365
0.207028
0.201132
0.195907
0.191297
0.187241
0.183684
0.18057
0.177847
0.17547
0.173394
0.171581
0.169996
0.16861
0.167394
0.166325
0.165384
0.164555
0.163828
0.163208
0.162673
0.162184
0.161736
0.161322
0.160938
0.16058
0.160248
0.159938
0.159649
0.15938
0.159131
0.158897
0.137627
0.135203
0.132657
0.130202
0.127865
0.125659
0.123595
0.121686
0.119946
0.118389
0.117029
0.115882
0.114967
0.114302
0.113907
0.113805
0.114022
0.114584
0.115522
0.11687
0.118666
0.120951
0.12377
0.127172
0.131212
0.135948
0.141442
0.147761
0.154975
0.163153
0.172367
0.182684
0.194162
0.206847
0.220759
0.235882
0.252154
0.269448
0.287564
0.306219
0.325049
0.343621
0.361453
0.37806
0.392984
0.405843
0.416349
0.424327
0.429706
0.432501
0.43276
0.430305
0.424632
0.41642
0.406598
0.395677
0.384036
0.371984
0.359778
0.34763
0.335714
0.324172
0.313115
0.302623
0.292748
0.283522
0.274954
0.267037
0.259751
0.253068
0.24695
0.241357
0.236245
0.231571
0.227293
0.223368
0.21976
0.216432
0.213352
0.210491
0.207824
0.205326
0.202978
0.200763
0.198667
0.19668
0.194801
0.193007
0.191271
0.18959
0.187961
0.18638
0.184846
0.183359
0.181918
0.180522
0.179171
0.177863
0.176595
0.175363
0.254102
0.254065
0.254002
0.253955
0.253936
0.253963
0.254052
0.254224
0.254502
0.254909
0.255472
0.256219
0.25718
0.258389
0.259881
0.261692
0.263862
0.266433
0.269447
0.27295
0.276988
0.281608
0.286855
0.292775
0.29941
0.306798
0.314971
0.323953
0.333757
0.344384
0.355819
0.368027
0.380951
0.394509
0.408588
0.423043
0.437694
0.452323
0.466681
0.480491
0.493456
0.505278
0.51567
0.524378
0.531192
0.535963
0.5386
0.539076
0.537403
0.533625
0.527731
0.519127
0.508487
0.496591
0.483834
0.470548
0.456993
0.443374
0.429854
0.416567
0.403618
0.391095
0.379061
0.36756
0.356623
0.34626
0.336475
0.327256
0.318586
0.310442
0.302794
0.295614
0.288868
0.282524
0.276552
0.270919
0.265599
0.260563
0.255788
0.251251
0.246931
0.242811
0.238874
0.235105
0.231494
0.228031
0.224698
0.221474
0.218356
0.215339
0.212421
0.209598
0.206868
0.204228
0.201677
0.199212
0.19683
0.194529
0.1923
0.19013
0.381501
0.385032
0.389194
0.393561
0.398072
0.402726
0.407537
0.412522
0.417699
0.42309
0.428717
0.434605
0.44078
0.447269
0.4541
0.461305
0.468912
0.476953
0.485457
0.49445
0.503959
0.514001
0.524591
0.535733
0.547421
0.559635
0.572342
0.585487
0.598999
0.612783
0.626722
0.640677
0.654485
0.667967
0.68092
0.693133
0.704384
0.71445
0.723112
0.730167
0.73543
0.73875
0.740006
0.739119
0.736042
0.730768
0.723304
0.713672
0.701892
0.688013
0.671605
0.653577
0.634869
0.615829
0.596683
0.577644
0.558876
0.540501
0.522611
0.505277
0.488551
0.472471
0.457061
0.442335
0.428294
0.414935
0.402243
0.3902
0.378783
0.367965
0.357717
0.348009
0.33881
0.330089
0.321817
0.313964
0.306504
0.29941
0.292657
0.286223
0.280087
0.274229
0.268632
0.263279
0.258153
0.253238
0.248513
0.243971
0.239602
0.2354
0.231358
0.227468
0.223726
0.220124
0.216659
0.213324
0.210114
0.207022
0.204035
0.201129
0.463619
0.469733
0.477128
0.484987
0.493173
0.501676
0.510511
0.519697
0.529256
0.539211
0.549587
0.560406
0.571695
0.583476
0.595773
0.608608
0.622
0.635964
0.650509
0.665639
0.681347
0.697617
0.714418
0.731702
0.749405
0.767438
0.785691
0.804028
0.822286
0.840278
0.857789
0.874587
0.890419
0.905024
0.918137
0.929498
0.938861
0.946007
0.950743
0.952924
0.952441
0.949237
0.943294
0.934636
0.923309
0.909376
0.892885
0.873862
0.852303
0.828145
0.801394
0.774171
0.747121
0.720414
0.694241
0.668762
0.644084
0.620279
0.597391
0.575444
0.554452
0.534414
0.51532
0.497156
0.479899
0.463522
0.447993
0.43328
0.419345
0.406152
0.393662
0.381837
0.37064
0.360033
0.34998
0.340449
0.331405
0.322818
0.314659
0.306901
0.299519
0.292487
0.285786
0.279393
0.273288
0.267451
0.261866
0.256518
0.251396
0.246486
0.241779
0.237264
0.232933
0.228776
0.224787
0.220956
0.217278
0.21374
0.210329
0.207013
0.0110012
0.0110221
0.0110739
0.0111509
0.0112507
0.0113724
0.0115155
0.0116795
0.0118634
0.0120658
0.0122845
0.0125163
0.0127572
0.0130027
0.0132478
0.0134873
0.0137165
0.0139308
0.0141266
0.0143007
0.0144509
0.0145756
0.014674
0.0147457
0.014791
0.0148104
0.0148049
0.0147757
0.0147241
0.0146516
0.0145597
0.0144499
0.014324
0.0141832
0.0140293
0.0138636
0.0136875
0.0135022
0.013309
0.013109
0.0129032
0.0126926
0.0124781
0.0122603
0.0120402
0.0118181
0.0115949
0.0113708
0.0111464
0.0109221
0.0106982
0.010475
0.0102527
0.0100316
0.00981187
0.00959361
0.00937701
0.00916219
0.00894927
0.00873837
0.00852961
0.00832311
0.00811901
0.00791748
0.00771869
0.00752285
0.00733024
0.00714114
0.00695591
0.00677498
0.00659883
0.00642803
0.00626323
0.00610517
0.00595469
0.00581269
0.00568018
0.0055582
0.00544782
0.00535011
0.00526602
0.0051964
0.00514189
0.00510287
0.00507941
0.00507132
0.00507814
0.00509925
0.00513397
0.00518169
0.00524199
0.00531475
0.0054002
0.00549887
0.00561142
0.00573779
0.00587558
0.00601312
0.00610357
0.00609614
0.0103727
0.0103262
0.010291
0.0102584
0.010225
0.0101892
0.0101503
0.0101076
0.0100613
0.0100112
0.0099574
0.00990011
0.00983952
0.00977589
0.00970948
0.00964063
0.00956965
0.00949689
0.00942268
0.00934738
0.00927131
0.00919478
0.00911809
0.00904152
0.00896533
0.00888974
0.00881497
0.00874122
0.00866863
0.00859738
0.00852758
0.00845936
0.00839281
0.00832801
0.00826503
0.00820394
0.00814477
0.00808755
0.00803232
0.00797908
0.00792784
0.0078786
0.00783133
0.00778604
0.00774268
0.00770124
0.00766166
0.00762391
0.00758794
0.00755371
0.00752114
0.00749018
0.00746077
0.00743284
0.00740631
0.00738111
0.00735716
0.00733438
0.00731268
0.00729196
0.00727214
0.00725311
0.00723478
0.00721703
0.00719975
0.00718283
0.00716614
0.00714956
0.00713294
0.00711614
0.00709902
0.00708141
0.00706316
0.00704408
0.00702398
0.00700267
0.00697996
0.0069556
0.00692938
0.00690105
0.00687037
0.00683705
0.00680085
0.00676144
0.00671854
0.00667181
0.00662091
0.00656544
0.00650493
0.00643885
0.00636646
0.00628684
0.00619867
0.00610011
0.00598835
0.00585917
0.00570506
0.00551242
0.00525908
0.00496211
0.0106914
0.0106265
0.0105893
0.0105655
0.0105484
0.0105345
0.0105217
0.0105091
0.0104961
0.0104823
0.0104676
0.010452
0.0104355
0.010418
0.0103996
0.0103803
0.0103602
0.0103394
0.0103178
0.0102956
0.0102728
0.0102495
0.0102258
0.0102016
0.0101771
0.0101523
0.0101273
0.0101021
0.0100768
0.0100515
0.0100261
0.0100007
0.00997546
0.00995032
0.00992533
0.00990054
0.00987598
0.00985169
0.00982768
0.009804
0.00978064
0.00975764
0.00973501
0.00971275
0.00969088
0.00966939
0.00964828
0.00962754
0.00960718
0.00958716
0.00956747
0.00954809
0.00952898
0.0095101
0.00949143
0.0094729
0.00945447
0.00943608
0.00941766
0.00939914
0.00938043
0.00936145
0.00934211
0.00932229
0.00930189
0.00928078
0.00925884
0.00923591
0.00921186
0.00918652
0.00915972
0.00913126
0.00910096
0.0090686
0.00903396
0.0089968
0.00895685
0.00891385
0.00886748
0.00881744
0.00876336
0.00870486
0.00864153
0.0085729
0.00849843
0.00841756
0.00832961
0.00823381
0.00812925
0.00801488
0.00788942
0.00775129
0.0075985
0.00742852
0.00723795
0.00702212
0.00677412
0.00648431
0.00615726
0.00616109
0.0129821
0.0128747
0.0128093
0.0127672
0.0127385
0.0127175
0.0127006
0.0126856
0.0126714
0.0126571
0.0126424
0.012627
0.0126108
0.0125938
0.0125758
0.012557
0.0125374
0.012517
0.0124958
0.012474
0.0124515
0.0124285
0.012405
0.0123809
0.0123565
0.0123317
0.0123066
0.0122812
0.0122556
0.0122298
0.0122039
0.012178
0.0121519
0.0121259
0.0120998
0.0120739
0.012048
0.0120222
0.0119965
0.011971
0.0119456
0.0119204
0.0118955
0.0118707
0.0118461
0.0118218
0.0117976
0.0117737
0.01175
0.0117264
0.011703
0.0116798
0.0116567
0.0116337
0.0116107
0.0115878
0.0115648
0.0115417
0.0115185
0.011495
0.0114713
0.0114471
0.0114224
0.0113971
0.0113711
0.0113442
0.0113164
0.0112873
0.0112569
0.0112249
0.0111912
0.0111556
0.0111176
0.0110772
0.0110339
0.0109875
0.0109376
0.0108838
0.0108257
0.0107627
0.0106944
0.0106202
0.0105394
0.0104512
0.0103549
0.0102495
0.010134
0.0100071
0.00986739
0.00971328
0.00954284
0.00935387
0.00914376
0.00890955
0.00864806
0.00835637
0.00803344
0.00768621
0.00735977
0.00735697
0.0154223
0.0152799
0.0151912
0.015134
0.0150959
0.0150693
0.0150492
0.0150327
0.015018
0.0150039
0.0149897
0.0149751
0.0149597
0.0149434
0.0149262
0.0149081
0.0148891
0.0148691
0.0148483
0.0148266
0.0148041
0.014781
0.0147571
0.0147326
0.0147076
0.014682
0.0146559
0.0146294
0.0146026
0.0145754
0.0145479
0.0145202
0.0144923
0.0144642
0.0144359
0.0144076
0.0143793
0.0143509
0.0143225
0.0142941
0.0142658
0.0142375
0.0142093
0.0141812
0.0141532
0.0141254
0.0140976
0.01407
0.0140425
0.0140151
0.0139878
0.0139606
0.0139334
0.0139063
0.0138791
0.0138519
0.0138246
0.0137971
0.0137694
0.0137414
0.013713
0.0136841
0.0136545
0.0136243
0.0135932
0.0135611
0.0135277
0.013493
0.0134567
0.0134185
0.0133783
0.0133356
0.0132903
0.0132419
0.01319
0.0131343
0.0130742
0.0130092
0.0129387
0.0128621
0.0127786
0.0126873
0.0125874
0.0124777
0.0123571
0.0122241
0.0120771
0.0119142
0.0117332
0.0115314
0.0113057
0.0110521
0.010766
0.0104415
0.0100715
0.00964763
0.00916104
0.00860906
0.00804314
0.00824286
0.0182226
0.0180411
0.0179244
0.0178469
0.017794
0.0177564
0.0177281
0.0177051
0.017685
0.0176663
0.0176478
0.0176291
0.0176098
0.0175896
0.0175684
0.0175461
0.0175229
0.0174986
0.0174733
0.017447
0.0174198
0.0173918
0.017363
0.0173335
0.0173032
0.0172723
0.0172409
0.017209
0.0171766
0.0171437
0.0171106
0.0170771
0.0170434
0.0170095
0.0169753
0.0169411
0.0169068
0.0168725
0.0168381
0.0168037
0.0167694
0.0167352
0.0167011
0.016667
0.0166332
0.0165994
0.0165658
0.0165324
0.0164991
0.016466
0.0164331
0.0164002
0.0163675
0.0163348
0.0163022
0.0162696
0.016237
0.0162042
0.0161713
0.0161381
0.0161045
0.0160705
0.0160359
0.0160005
0.0159643
0.0159271
0.0158886
0.0158486
0.0158069
0.0157632
0.0157173
0.0156687
0.0156171
0.0155621
0.0155032
0.0154398
0.0153715
0.0152975
0.0152171
0.0151295
0.0150337
0.0149287
0.0148133
0.0146861
0.0145455
0.0143898
0.0142166
0.0140237
0.0138078
0.0135656
0.0132926
0.0129835
0.0126317
0.0122287
0.0117641
0.011225
0.0105972
0.00987488
0.00912158
0.0091914
0.0211916
0.0209755
0.0208343
0.0207391
0.0206735
0.0206265
0.020591
0.0205623
0.0205374
0.0205144
0.020492
0.0204695
0.0204463
0.0204221
0.0203967
0.0203702
0.0203424
0.0203133
0.020283
0.0202515
0.0202189
0.0201852
0.0201505
0.0201149
0.0200784
0.020041
0.020003
0.0199642
0.0199249
0.019885
0.0198446
0.0198038
0.0197626
0.0197212
0.0196794
0.0196375
0.0195955
0.0195533
0.0195112
0.019469
0.0194268
0.0193847
0.0193427
0.0193009
0.0192592
0.0192177
0.0191765
0.0191354
0.0190946
0.019054
0.0190136
0.0189735
0.0189335
0.0188938
0.0188542
0.0188147
0.0187753
0.0187359
0.0186964
0.0186568
0.0186169
0.0185766
0.0185359
0.0184945
0.0184523
0.0184091
0.0183647
0.0183188
0.0182712
0.0182215
0.0181694
0.0181145
0.0180564
0.0179945
0.0179284
0.0178574
0.0177807
0.0176977
0.0176074
0.0175088
0.0174008
0.0172821
0.0171512
0.0170064
0.0168457
0.0166668
0.016467
0.0162431
0.0159912
0.0157068
0.015384
0.0150157
0.0145928
0.0141035
0.0135323
0.0128583
0.0120547
0.0110947
0.0100189
0.00998118
0.0244152
0.0241656
0.024
0.0238868
0.0238078
0.0237506
0.023707
0.0236717
0.0236411
0.0236128
0.0235854
0.0235578
0.0235295
0.0235001
0.0234693
0.023437
0.0234032
0.0233678
0.023331
0.0232926
0.0232528
0.0232117
0.0231693
0.0231257
0.023081
0.0230352
0.0229884
0.0229408
0.0228923
0.0228432
0.0227933
0.0227429
0.022692
0.0226407
0.022589
0.0225371
0.0224849
0.0224325
0.0223801
0.0223276
0.0222752
0.0222228
0.0221705
0.0221184
0.0220665
0.0220149
0.0219635
0.0219124
0.0218617
0.0218113
0.0217612
0.0217115
0.0216622
0.0216132
0.0215644
0.021516
0.0214678
0.0214198
0.0213719
0.0213241
0.0212761
0.021228
0.0211796
0.0211307
0.0210811
0.0210307
0.0209793
0.0209264
0.0208719
0.0208154
0.0207565
0.0206948
0.0206297
0.0205608
0.0204874
0.0204087
0.0203241
0.0202325
0.020133
0.0200244
0.0199053
0.0197743
0.0196295
0.0194691
0.0192905
0.0190911
0.0188677
0.0186163
0.0183324
0.0180102
0.0176429
0.0172215
0.0167346
0.0161674
0.0154997
0.0147036
0.0137407
0.0125643
0.0111848
0.0108088
0.0278586
0.0275786
0.0273913
0.0272624
0.0271718
0.0271059
0.0270557
0.0270149
0.0269795
0.0269468
0.0269151
0.0268832
0.0268504
0.0268161
0.0267802
0.0267424
0.0267027
0.0266611
0.0266175
0.0265721
0.0265248
0.0264758
0.0264251
0.0263729
0.0263192
0.026264
0.0262076
0.02615
0.0260912
0.0260315
0.0259708
0.0259093
0.0258471
0.0257842
0.0257208
0.0256569
0.0255927
0.0255281
0.0254633
0.0253984
0.0253334
0.0252684
0.0252035
0.0251387
0.0250741
0.0250098
0.0249457
0.024882
0.0248187
0.0247558
0.0246933
0.0246313
0.0245698
0.0245088
0.0244482
0.024388
0.0243283
0.024269
0.0242099
0.0241511
0.0240925
0.0240339
0.0239752
0.0239162
0.0238568
0.0237967
0.0237358
0.0236737
0.02361
0.0235445
0.0234767
0.0234062
0.0233323
0.0232545
0.023172
0.0230841
0.0229899
0.0228884
0.0227783
0.0226584
0.022527
0.0223826
0.022223
0.0220459
0.0218486
0.0216278
0.0213798
0.0210999
0.0207828
0.0204217
0.0200082
0.0195316
0.0189781
0.0183293
0.0175598
0.0166335
0.0154976
0.0140784
0.0123365
0.0115774
0.0315541
0.0312463
0.0310392
0.0308959
0.0307949
0.0307213
0.0306651
0.0306196
0.0305801
0.0305436
0.0305081
0.0304723
0.0304353
0.0303966
0.0303557
0.0303126
0.030267
0.030219
0.0301685
0.0301157
0.0300606
0.0300032
0.0299437
0.0298821
0.0298186
0.0297532
0.0296861
0.0296173
0.0295471
0.0294754
0.0294025
0.0293284
0.0292532
0.0291771
0.0291002
0.0290224
0.0289441
0.0288652
0.0287859
0.0287063
0.0286264
0.0285464
0.0284663
0.0283863
0.0283064
0.0282267
0.0281472
0.0280681
0.0279893
0.0279111
0.0278333
0.027756
0.0276793
0.0276032
0.0275277
0.0274528
0.0273785
0.0273048
0.0272315
0.0271588
0.0270864
0.0270143
0.0269423
0.0268704
0.0267982
0.0267257
0.0266525
0.0265784
0.026503
0.026426
0.0263469
0.0262651
0.0261801
0.0260913
0.0259978
0.0258988
0.0257933
0.0256802
0.0255581
0.0254256
0.025281
0.0251223
0.0249471
0.0247529
0.0245366
0.0242944
0.0240221
0.0237143
0.0233649
0.022966
0.0225079
0.0219783
0.0213608
0.0206337
0.0197666
0.0187155
0.0174137
0.01576
0.0136563
0.0123681
0.0354933
0.0351612
0.0349371
0.0347819
0.0346725
0.0345931
0.0345328
0.0344841
0.0344421
0.0344033
0.0343654
0.034327
0.034287
0.0342448
0.0342001
0.0341524
0.0341018
0.0340481
0.0339914
0.0339317
0.033869
0.0338035
0.0337353
0.0336644
0.0335909
0.0335151
0.0334369
0.0333566
0.0332743
0.03319
0.033104
0.0330163
0.0329271
0.0328364
0.0327446
0.0326516
0.0325576
0.0324627
0.032367
0.0322708
0.032174
0.0320768
0.0319793
0.0318816
0.0317839
0.0316862
0.0315886
0.0314913
0.0313943
0.0312977
0.0312016
0.031106
0.0310109
0.0309166
0.0308229
0.0307299
0.0306376
0.0305461
0.0304552
0.030365
0.0302753
0.0301862
0.0300975
0.030009
0.0299206
0.0298321
0.0297432
0.0296536
0.0295631
0.0294711
0.0293773
0.029281
0.0291817
0.0290787
0.0289711
0.028858
0.0287383
0.0286107
0.0284739
0.0283261
0.0281656
0.0279901
0.027797
0.0275834
0.0273459
0.0270802
0.0267815
0.0264438
0.0260601
0.0256215
0.0251168
0.0245318
0.0238479
0.0230396
0.0220715
0.020891
0.0194163
0.0175163
0.0150234
0.0131457
0.03968
0.0393275
0.0390894
0.0389248
0.0388094
0.0387262
0.0386636
0.0386137
0.0385708
0.0385313
0.0384926
0.0384532
0.0384117
0.0383675
0.0383201
0.0382691
0.0382146
0.0381563
0.0380942
0.0380284
0.0379589
0.0378859
0.0378094
0.0377295
0.0376464
0.0375602
0.037471
0.037379
0.0372843
0.037187
0.0370874
0.0369854
0.0368814
0.0367754
0.0366676
0.0365581
0.0364471
0.0363348
0.0362212
0.0361066
0.0359911
0.0358747
0.0357578
0.0356403
0.0355224
0.0354043
0.0352861
0.035168
0.0350499
0.0349321
0.0348146
0.0346976
0.0345811
0.0344652
0.03435
0.0342356
0.0341219
0.0340089
0.0338968
0.0337855
0.0336749
0.033565
0.0334558
0.033347
0.0332385
0.0331302
0.0330218
0.032913
0.0328035
0.0326928
0.0325806
0.0324661
0.0323489
0.0322281
0.0321028
0.0319721
0.0318348
0.0316895
0.0315347
0.0313687
0.0311893
0.0309941
0.0307804
0.0305449
0.0302837
0.0299922
0.0296651
0.0292956
0.0288759
0.028396
0.0278434
0.0272022
0.0264511
0.0255614
0.0244922
0.0231828
0.0215365
0.0193912
0.0165035
0.0139417
0.044102
0.0437339
0.0434858
0.043315
0.0431964
0.0431121
0.0430498
0.0430009
0.0429594
0.0429215
0.0428842
0.0428457
0.0428047
0.0427604
0.0427122
0.0426598
0.042603
0.0425416
0.0424757
0.0424053
0.0423303
0.0422509
0.0421672
0.0420794
0.0419874
0.0418916
0.0417919
0.0416886
0.0415818
0.0414717
0.0413585
0.0412422
0.0411231
0.0410014
0.0408771
0.0407505
0.0406217
0.040491
0.0403584
0.0402241
0.0400884
0.0399514
0.0398132
0.0396741
0.0395341
0.0393935
0.0392524
0.0391109
0.0389693
0.0388276
0.038686
0.0385446
0.0384036
0.038263
0.038123
0.0379836
0.037845
0.0377071
0.0375701
0.0374339
0.0372985
0.0371639
0.0370301
0.036897
0.0367644
0.0366321
0.0365
0.0363677
0.036235
0.0361014
0.0359665
0.0358296
0.0356902
0.0355473
0.0354002
0.0352478
0.0350887
0.0349217
0.034745
0.0345567
0.0343545
0.0341359
0.0338979
0.0336367
0.0333482
0.0330275
0.0326684
0.0322638
0.0318047
0.0312803
0.0306765
0.0299757
0.0291541
0.0281795
0.0270057
0.0255633
0.0237404
0.0213428
0.0180453
0.0147426
0.0487451
0.048367
0.0481132
0.0479401
0.0478216
0.0477392
0.04768
0.0476349
0.0475975
0.0475637
0.0475302
0.0474952
0.0474571
0.047415
0.0473683
0.0473166
0.0472597
0.0471973
0.0471294
0.0470561
0.0469774
0.0468933
0.046804
0.0467095
0.0466101
0.0465057
0.0463967
0.0462831
0.046165
0.0460428
0.0459165
0.0457863
0.0456524
0.0455149
0.0453741
0.0452302
0.0450833
0.0449336
0.0447813
0.0446267
0.0444698
0.044311
0.0441503
0.043988
0.0438244
0.0436594
0.0434935
0.0433267
0.0431592
0.0429912
0.0428229
0.0426545
0.0424861
0.0423179
0.0421499
0.0419824
0.0418154
0.0416491
0.0414835
0.0413187
0.0411547
0.0409916
0.0408292
0.0406677
0.0405067
0.0403463
0.0401861
0.0400261
0.0398658
0.0397048
0.0395427
0.039379
0.0392128
0.0390435
0.03887
0.0386914
0.0385061
0.0383129
0.0381098
0.0378948
0.0376656
0.0374193
0.0371525
0.0368616
0.0365418
0.0361877
0.0357927
0.035349
0.0348468
0.0342741
0.0336156
0.0328517
0.0319562
0.0308935
0.029612
0.0280339
0.0260319
0.0233796
0.0196657
0.0155586
0.0535876
0.0532057
0.0529515
0.0527804
0.0526659
0.052589
0.0525362
0.0524981
0.052468
0.0524412
0.0524145
0.0523858
0.0523534
0.0523164
0.0522739
0.0522255
0.052171
0.0521101
0.0520427
0.0519689
0.0518887
0.051802
0.0517091
0.05161
0.0515049
0.0513938
0.051277
0.0511545
0.0510266
0.0508934
0.0507551
0.050612
0.050464
0.0503116
0.0501548
0.0499939
0.0498291
0.0496605
0.0494884
0.0493131
0.0491346
0.0489533
0.0487694
0.048583
0.0483945
0.0482039
0.0480117
0.0478178
0.0476227
0.0474265
0.0472293
0.0470315
0.0468332
0.0466346
0.0464359
0.0462373
0.0460388
0.0458408
0.0456432
0.0454462
0.0452499
0.0450543
0.0448594
0.0446653
0.0444718
0.0442789
0.0440864
0.043894
0.0437015
0.0435086
0.0433146
0.0431192
0.0429215
0.0427208
0.0425161
0.0423062
0.0420898
0.0418653
0.0416309
0.0413843
0.0411229
0.0408439
0.0405436
0.0402179
0.0398618
0.0394694
0.0390337
0.038546
0.0379958
0.0373699
0.0366518
0.0358199
0.0348456
0.0336895
0.0322951
0.0305757
0.0283888
0.0254752
0.0213356
0.0163808
0.0591563
0.0587711
0.0585171
0.0583491
0.0582397
0.0581695
0.0581244
0.0580944
0.0580727
0.0580542
0.0580355
0.0580141
0.0579884
0.0579572
0.0579195
0.0578751
0.0578233
0.0577641
0.0576973
0.0576229
0.0575408
0.0574512
0.057354
0.0572494
0.0571374
0.0570183
0.0568922
0.0567592
0.0566195
0.0564733
0.0563207
0.0561619
0.0559972
0.0558267
0.0556506
0.0554692
0.0552827
0.0550912
0.0548951
0.0546946
0.0544898
0.0542811
0.0540686
0.0538527
0.0536336
0.0534115
0.0531866
0.0529593
0.0527298
0.0524984
0.0522652
0.0520306
0.0517948
0.0515579
0.0513204
0.0510823
0.0508438
0.0506053
0.0503667
0.0501284
0.0498904
0.0496528
0.0494156
0.049179
0.0489429
0.0487073
0.048472
0.0482368
0.0480014
0.0477656
0.0475289
0.0472907
0.0470504
0.0468071
0.0465598
0.0463074
0.0460484
0.0457812
0.0455038
0.0452139
0.0449088
0.0445853
0.0442396
0.0438673
0.043463
0.0430204
0.0425319
0.0419881
0.0413776
0.0406862
0.0398958
0.0389831
0.0379167
0.0366536
0.0351317
0.0332554
0.0308662
0.0276708
0.0230779
0.0172117
0.0658075
0.0654346
0.0651943
0.0650414
0.0649484
0.0648955
0.0648683
0.0648566
0.0648531
0.0648525
0.0648512
0.0648465
0.0648365
0.06482
0.0647961
0.064764
0.0647235
0.0646741
0.0646158
0.0645484
0.0644719
0.0643863
0.0642916
0.064188
0.0640754
0.0639541
0.0638242
0.0636858
0.063539
0.0633841
0.0632211
0.0630504
0.062872
0.0626862
0.0624932
0.0622932
0.0620864
0.061873
0.0616534
0.0614277
0.0611963
0.0609592
0.060717
0.0604697
0.0602177
0.0599612
0.0597006
0.0594361
0.0591681
0.0588968
0.0586225
0.0583455
0.0580662
0.0577847
0.0575015
0.0572167
0.0569306
0.0566436
0.0563557
0.0560674
0.0557787
0.0554898
0.055201
0.0549122
0.0546235
0.054335
0.0540467
0.0537583
0.0534696
0.0531805
0.0528905
0.0525991
0.0523056
0.0520093
0.0517092
0.0514039
0.0510923
0.0507724
0.0504423
0.0500995
0.0497412
0.0493639
0.0489637
0.0485356
0.0480741
0.0475721
0.0470214
0.0464119
0.0457309
0.044963
0.0440883
0.0430809
0.0419062
0.0405166
0.0388426
0.0367772
0.0341406
0.0305947
0.0254227
0.0183194
0.0726412
0.0722944
0.0720794
0.0719518
0.0718842
0.071857
0.0718556
0.0718696
0.0718915
0.071916
0.071939
0.0719579
0.0719706
0.0719756
0.0719721
0.0719592
0.0719365
0.0719036
0.0718602
0.0718063
0.0717417
0.0716664
0.0715804
0.0714838
0.0713766
0.0712589
0.0711308
0.0709925
0.070844
0.0706855
0.0705171
0.0703391
0.0701516
0.0699548
0.0697489
0.0695341
0.0693107
0.0690787
0.0688386
0.0685906
0.0683348
0.0680717
0.0678014
0.0675242
0.0672405
0.0669506
0.0666547
0.0663532
0.0660464
0.0657347
0.0654184
0.0650978
0.0647732
0.0644451
0.0641138
0.0637795
0.0634427
0.0631037
0.0627627
0.0624201
0.0620762
0.0617311
0.0613852
0.0610387
0.0606915
0.060344
0.059996
0.0596475
0.0592985
0.0589486
0.0585976
0.058245
0.0578902
0.0575325
0.0571707
0.0568039
0.0564304
0.0560485
0.0556561
0.0552506
0.0548291
0.0543878
0.0539226
0.0534282
0.0528984
0.0523259
0.0517017
0.0510148
0.0502515
0.049395
0.0484235
0.0473088
0.0460132
0.0444841
0.0426451
0.0403776
0.0374812
0.0335727
0.0278094
0.0194279
0.0795618
0.0792543
0.0790758
0.0789833
0.07895
0.0789566
0.0789886
0.0790356
0.0790901
0.0791465
0.0792007
0.07925
0.079292
0.0793254
0.079349
0.0793619
0.0793637
0.0793538
0.079332
0.0792981
0.079252
0.0791935
0.0791227
0.0790394
0.0789438
0.0788359
0.0787157
0.0785834
0.078439
0.0782826
0.0781144
0.0779346
0.0777432
0.0775404
0.0773264
0.0771015
0.0768658
0.0766195
0.0763628
0.0760961
0.0758195
0.0755334
0.0752379
0.0749335
0.0746204
0.0742989
0.0739693
0.0736321
0.0732875
0.072936
0.0725778
0.0722135
0.0718432
0.0714676
0.0710869
0.0707016
0.070312
0.0699185
0.0695216
0.0691216
0.0687188
0.0683136
0.0679064
0.0674973
0.0670866
0.0666745
0.0662611
0.0658464
0.0654304
0.065013
0.0645939
0.0641727
0.0637488
0.0633216
0.06289
0.0624529
0.0620089
0.061556
0.0610922
0.0606147
0.0601205
0.0596057
0.0590657
0.0584951
0.0578873
0.0572344
0.0565268
0.0557527
0.0548975
0.0539428
0.0528654
0.0516346
0.0502095
0.048533
0.0465217
0.0440459
0.0408842
0.0366088
0.0302487
0.0205434
0.0864841
0.0862286
0.0860976
0.0860498
0.0860596
0.0861081
0.0861812
0.0862686
0.0863628
0.0864581
0.0865504
0.0866368
0.0867151
0.0867836
0.0868411
0.0868868
0.0869199
0.08694
0.0869467
0.0869398
0.0869189
0.0868841
0.0868352
0.0867722
0.086695
0.0866035
0.086498
0.0863782
0.0862444
0.0860966
0.0859349
0.0857593
0.0855701
0.0853672
0.085151
0.0849214
0.0846788
0.0844233
0.0841551
0.0838744
0.0835815
0.0832767
0.0829601
0.0826321
0.082293
0.0819431
0.0815827
0.0812123
0.0808321
0.0804425
0.0800441
0.079637
0.0792219
0.078799
0.078369
0.0779321
0.0774889
0.0770398
0.0765853
0.0761259
0.0756618
0.0751936
0.0747217
0.0742464
0.0737681
0.0732869
0.0728032
0.072317
0.0718285
0.0713374
0.0708438
0.0703473
0.0698473
0.0693432
0.0688342
0.068319
0.0677962
0.0672639
0.06672
0.0661617
0.0655857
0.0649881
0.0643641
0.0637079
0.0630126
0.0622698
0.0614693
0.0605985
0.0596418
0.0585797
0.057387
0.0560311
0.0544678
0.0526356
0.0504442
0.0477527
0.0443192
0.0396711
0.0327086
0.0216519
0.0933289
0.0931376
0.0930646
0.093071
0.0931325
0.0932309
0.0933526
0.0934877
0.0936286
0.0937697
0.0939071
0.0940376
0.0941589
0.0942694
0.0943678
0.0944531
0.0945245
0.0945816
0.0946239
0.094651
0.0946626
0.0946586
0.0946388
0.0946031
0.0945514
0.0944836
0.0943997
0.0942997
0.0941835
0.0940512
0.0939027
0.0937383
0.0935578
0.0933615
0.0931494
0.0929215
0.0926782
0.0924194
0.0921454
0.0918564
0.0915526
0.0912341
0.0909013
0.0905545
0.0901938
0.0898196
0.0894323
0.0890321
0.0886196
0.0881949
0.0877586
0.0873112
0.0868529
0.0863844
0.085906
0.0854183
0.0849218
0.084417
0.0839043
0.0833844
0.0828577
0.0823247
0.0817859
0.0812417
0.0806926
0.0801389
0.0795809
0.0790189
0.078453
0.0778832
0.0773095
0.0767317
0.0761493
0.0755618
0.0749683
0.0743677
0.0737585
0.073139
0.0725069
0.0718594
0.0711932
0.070504
0.0697871
0.0690362
0.0682443
0.0674023
0.0664996
0.0655229
0.0644555
0.0632768
0.0619601
0.0604704
0.0587607
0.0567649
0.0543864
0.0514732
0.0477633
0.04274
0.0351746
0.0227479
0.100022
0.0999066
0.0999015
0.0999711
0.100092
0.100248
0.100426
0.100616
0.10081
0.101004
0.101193
0.101374
0.101545
0.101705
0.101851
0.101983
0.102099
0.1022
0.102285
0.102353
0.102405
0.102439
0.102455
0.102454
0.102435
0.102399
0.102344
0.102271
0.102179
0.10207
0.101942
0.101796
0.101631
0.101448
0.101247
0.101028
0.100791
0.100535
0.100262
0.0999709
0.0996621
0.099336
0.0989927
0.0986323
0.0982553
0.0978618
0.0974522
0.0970267
0.0965859
0.0961299
0.0956593
0.0951745
0.094676
0.0941642
0.0936396
0.0931027
0.0925542
0.0919945
0.0914242
0.0908439
0.0902541
0.0896555
0.0890486
0.0884338
0.0878118
0.087183
0.0865478
0.0859065
0.0852594
0.0846066
0.0839482
0.083284
0.0826138
0.081937
0.0812528
0.0805602
0.0798579
0.0791439
0.0784161
0.0776717
0.0769071
0.0761182
0.0752999
0.0744458
0.0735484
0.0725985
0.0715847
0.0704931
0.0693062
0.0680022
0.0665528
0.0649211
0.063057
0.0608906
0.0583186
0.0551783
0.0511884
0.0457885
0.0376227
0.0238208
0.106496
0.106466
0.106538
0.106679
0.106868
0.107089
0.107329
0.10758
0.107834
0.108087
0.108334
0.108573
0.1088
0.109014
0.109215
0.1094
0.109568
0.10972
0.109855
0.109971
0.110069
0.110148
0.110209
0.110249
0.110271
0.110272
0.110254
0.110215
0.110156
0.110077
0.109977
0.109857
0.109715
0.109553
0.109371
0.109167
0.108943
0.108698
0.108432
0.108145
0.107838
0.107511
0.107163
0.106796
0.106408
0.106001
0.105574
0.105129
0.104664
0.104182
0.103681
0.103163
0.102628
0.102076
0.101508
0.100925
0.100326
0.0997134
0.0990868
0.0984471
0.0977949
0.0971308
0.0964555
0.0957695
0.0950735
0.094368
0.0936535
0.0929304
0.0921992
0.0914601
0.0907132
0.0899585
0.0891958
0.0884247
0.0876445
0.0868542
0.0860526
0.0852377
0.0844075
0.083559
0.0826888
0.0817926
0.0808651
0.0798998
0.0788889
0.0778228
0.0766896
0.0754748
0.0741602
0.0727227
0.0711328
0.0693516
0.0673263
0.0649828
0.062212
0.058841
0.0545693
0.0487944
0.0400351
0.0248631
0.112689
0.112753
0.11291
0.11313
0.113393
0.113684
0.113994
0.114312
0.114632
0.11495
0.115261
0.115562
0.115852
0.116128
0.116388
0.116633
0.11686
0.117069
0.11726
0.117431
0.117583
0.117714
0.117825
0.117915
0.117984
0.118031
0.118056
0.118059
0.11804
0.117999
0.117934
0.117847
0.117737
0.117603
0.117446
0.117266
0.117062
0.116834
0.116583
0.116308
0.11601
0.115688
0.115343
0.114974
0.114582
0.114168
0.11373
0.11327
0.112788
0.112284
0.111758
0.111211
0.110643
0.110056
0.109448
0.108821
0.108176
0.107513
0.106832
0.106135
0.105422
0.104693
0.10395
0.103193
0.102423
0.10164
0.100845
0.100039
0.0992218
0.0983939
0.0975557
0.0967072
0.0958484
0.0949789
0.0940981
0.0932053
0.092299
0.0913776
0.090439
0.0894803
0.0884979
0.0874876
0.0864438
0.0853601
0.0842282
0.0830384
0.0817782
0.0804327
0.0789828
0.0774045
0.075667
0.0737296
0.0715369
0.0690113
0.0660377
0.0624335
0.0578801
0.0517341
0.042392
0.0258659
0.118545
0.118711
0.118959
0.119263
0.119606
0.119975
0.120358
0.120749
0.12114
0.121528
0.121908
0.122278
0.122635
0.122978
0.123305
0.123614
0.123906
0.124179
0.124432
0.124664
0.124876
0.125066
0.125235
0.125381
0.125504
0.125604
0.12568
0.125732
0.125761
0.125764
0.125743
0.125696
0.125624
0.125526
0.125403
0.125253
0.125077
0.124874
0.124645
0.12439
0.124107
0.123798
0.123462
0.1231
0.12271
0.122295
0.121852
0.121384
0.12089
0.12037
0.119824
0.119254
0.118659
0.11804
0.117397
0.116732
0.116043
0.115333
0.114601
0.113849
0.113077
0.112286
0.111477
0.11065
0.109806
0.108946
0.10807
0.10718
0.106276
0.105358
0.104426
0.103482
0.102524
0.101553
0.100568
0.0995682
0.0985529
0.0975203
0.0964681
0.0953937
0.0942934
0.0931629
0.0919967
0.090788
0.0895286
0.0882082
0.0868143
0.0853312
0.0837394
0.0820138
0.0801226
0.0780232
0.0756582
0.0729464
0.0697672
0.0659292
0.0610962
0.0545859
0.0446761
0.0268214
0.124015
0.124288
0.124633
0.125027
0.125455
0.125905
0.126367
0.126835
0.127302
0.127764
0.128218
0.128661
0.12909
0.129505
0.129903
0.130283
0.130644
0.130986
0.131307
0.131607
0.131885
0.13214
0.132372
0.132581
0.132765
0.132925
0.133059
0.133168
0.13325
0.133306
0.133335
0.133337
0.133311
0.133256
0.133174
0.133062
0.132921
0.132752
0.132552
0.132323
0.132064
0.131775
0.131456
0.131106
0.130727
0.130317
0.129877
0.129407
0.128907
0.128377
0.127818
0.12723
0.126613
0.125968
0.125295
0.124595
0.123868
0.123114
0.122335
0.121532
0.120704
0.119853
0.118979
0.118084
0.117168
0.116232
0.115276
0.114302
0.113311
0.112301
0.111275
0.110233
0.109174
0.108099
0.107007
0.105898
0.10477
0.103622
0.102452
0.101258
0.100035
0.0987787
0.0974846
0.0961453
0.0947525
0.0932958
0.0917621
0.0901355
0.0883958
0.0865174
0.0844671
0.082201
0.0796596
0.0767586
0.0733725
0.0693014
0.064193
0.0573279
0.0468699
0.0277209
0.12906
0.129444
0.129889
0.130376
0.130892
0.131427
0.131971
0.132519
0.133065
0.133605
0.134137
0.134656
0.135162
0.135653
0.136126
0.136582
0.137018
0.137433
0.137828
0.1382
0.13855
0.138876
0.139178
0.139455
0.139707
0.139933
0.140132
0.140303
0.140447
0.140562
0.140649
0.140706
0.140733
0.14073
0.140695
0.14063
0.140532
0.140403
0.140241
0.140046
0.139818
0.139556
0.139261
0.138932
0.13857
0.138173
0.137742
0.137277
0.136778
0.136246
0.13568
0.13508
0.134447
0.133782
0.133084
0.132354
0.131593
0.130801
0.129979
0.129128
0.128248
0.12734
0.126405
0.125444
0.124458
0.123447
0.122413
0.121356
0.120278
0.119178
0.118057
0.116916
0.115755
0.114575
0.113374
0.112152
0.110909
0.109643
0.108352
0.107033
0.105683
0.104297
0.10287
0.101395
0.099864
0.0982655
0.0965868
0.0948115
0.0929187
0.0908824
0.0886684
0.0862316
0.0835107
0.0804184
0.0768249
0.0725227
0.0671446
0.0599365
0.0489541
0.0285545
0.133645
0.134141
0.134689
0.135271
0.135878
0.136499
0.137127
0.137758
0.138386
0.139007
0.139618
0.140218
0.140804
0.141373
0.141926
0.14246
0.142975
0.143469
0.143941
0.144391
0.144817
0.145219
0.145596
0.145948
0.146273
0.146571
0.146841
0.147082
0.147294
0.147475
0.147626
0.147746
0.147834
0.147889
0.14791
0.147898
0.147851
0.14777
0.147653
0.1475
0.14731
0.147084
0.146821
0.14652
0.146182
0.145806
0.145392
0.144939
0.144449
0.14392
0.143353
0.142749
0.142107
0.141427
0.14071
0.139956
0.139167
0.138342
0.137481
0.136587
0.135659
0.134698
0.133705
0.132682
0.131628
0.130545
0.129434
0.128296
0.127132
0.125941
0.124726
0.123487
0.122223
0.120936
0.119625
0.118289
0.116928
0.115541
0.114126
0.112679
0.111198
0.109679
0.108115
0.106501
0.104827
0.103082
0.101254
0.0993248
0.0972746
0.0950761
0.0926945
0.0900835
0.0871802
0.0838949
0.0800941
0.0755632
0.0699219
0.0623848
0.0509078
0.0293098
0.137745
0.138354
0.139004
0.139682
0.14038
0.141088
0.141802
0.142517
0.143227
0.143931
0.144624
0.145305
0.145973
0.146624
0.147259
0.147875
0.148471
0.149046
0.1496
0.150131
0.150638
0.151121
0.151578
0.152009
0.152413
0.152789
0.153135
0.153452
0.153738
0.153993
0.154215
0.154404
0.154559
0.154679
0.154764
0.154813
0.154825
0.154799
0.154734
0.154631
0.154488
0.154305
0.154082
0.153817
0.153511
0.153164
0.152774
0.152341
0.151867
0.151349
0.150789
0.150186
0.149541
0.148854
0.148124
0.147353
0.146541
0.145688
0.144794
0.143862
0.14289
0.141881
0.140834
0.139751
0.138633
0.137481
0.136296
0.135078
0.133829
0.13255
0.131241
0.129903
0.128537
0.127142
0.12572
0.124269
0.122789
0.121279
0.119737
0.118161
0.116547
0.11489
0.113187
0.111429
0.109608
0.107713
0.105731
0.103645
0.101433
0.0990678
0.0965146
0.0937258
0.090637
0.0871568
0.0831484
0.0783918
0.0724957
0.064648
0.0527157
0.0299704
0.141342
0.142061
0.142812
0.143585
0.144373
0.145169
0.145968
0.146766
0.147559
0.148345
0.149121
0.149885
0.150635
0.151369
0.152087
0.152786
0.153467
0.154126
0.154765
0.15538
0.155972
0.156539
0.157081
0.157595
0.158082
0.158541
0.15897
0.159368
0.159734
0.160067
0.160367
0.160633
0.160862
0.161055
0.161211
0.161328
0.161405
0.161443
0.161439
0.161393
0.161305
0.161173
0.160998
0.160777
0.160512
0.1602
0.159842
0.159438
0.158987
0.158488
0.157942
0.157349
0.156708
0.15602
0.155284
0.154502
0.153673
0.152798
0.151877
0.150911
0.149901
0.148847
0.147751
0.146613
0.145435
0.144216
0.14296
0.141665
0.140334
0.138967
0.137566
0.13613
0.134662
0.133161
0.131627
0.13006
0.12846
0.126826
0.125155
0.123446
0.121696
0.1199
0.118053
0.116147
0.114175
0.112126
0.109985
0.107736
0.105357
0.102821
0.100091
0.09712
0.0938419
0.0901639
0.0859465
0.0809653
0.0748205
0.0666791
0.0543337
0.0305019
0.147224
0.14812
0.149031
0.149953
0.150881
0.151811
0.152741
0.153667
0.154587
0.1555
0.156402
0.157292
0.158169
0.159032
0.159878
0.160707
0.161517
0.162308
0.163077
0.163825
0.164549
0.165248
0.165921
0.166568
0.167186
0.167775
0.168333
0.168859
0.169352
0.169811
0.170233
0.170619
0.170966
0.171273
0.17154
0.171765
0.171946
0.172083
0.172174
0.172218
0.172215
0.172162
0.17206
0.171907
0.171702
0.171445
0.171134
0.17077
0.170351
0.169877
0.169348
0.168763
0.168122
0.167426
0.166673
0.165864
0.165
0.16408
0.163106
0.162077
0.160994
0.159859
0.158671
0.157432
0.156143
0.154805
0.153419
0.151986
0.150506
0.148983
0.147415
0.145805
0.144153
0.142459
0.140724
0.138948
0.137131
0.135271
0.133368
0.131419
0.12942
0.127369
0.125259
0.123084
0.120835
0.118502
0.116071
0.113525
0.110841
0.107992
0.104941
0.10164
0.0980203
0.0939872
0.0893968
0.0840173
0.0774343
0.0687849
0.0557904
0.0308708
0.152243
0.153402
0.154559
0.155714
0.156868
0.158021
0.159171
0.160319
0.161462
0.1626
0.163731
0.164855
0.165971
0.167076
0.16817
0.169252
0.170321
0.171374
0.172411
0.17343
0.174431
0.17541
0.176368
0.177302
0.178211
0.179093
0.179947
0.18077
0.18156
0.182317
0.183038
0.183722
0.184366
0.184968
0.185527
0.18604
0.186506
0.186923
0.187289
0.187602
0.18786
0.188061
0.188204
0.188287
0.188308
0.188266
0.188159
0.187986
0.187747
0.187438
0.18706
0.186612
0.186093
0.185501
0.184838
0.184101
0.183292
0.182409
0.181454
0.180426
0.179326
0.178153
0.17691
0.175596
0.174213
0.172762
0.171244
0.169659
0.16801
0.166298
0.164523
0.162688
0.160793
0.15884
0.15683
0.154762
0.152638
0.150456
0.148217
0.145918
0.143557
0.141132
0.138637
0.136067
0.133413
0.130665
0.12781
0.124832
0.121707
0.118408
0.114897
0.111124
0.107018
0.102478
0.0973533
0.0913951
0.0841565
0.0746965
0.0604803
0.0325096
0.153475
0.154828
0.156172
0.157511
0.158848
0.160186
0.161524
0.162864
0.164205
0.165547
0.166889
0.16823
0.16957
0.170908
0.172242
0.173571
0.174895
0.176212
0.17752
0.178817
0.180104
0.181376
0.182633
0.183873
0.185094
0.186294
0.18747
0.188621
0.189743
0.190835
0.191895
0.192918
0.193903
0.194848
0.195748
0.196603
0.197407
0.19816
0.198858
0.199498
0.200077
0.200593
0.201043
0.201424
0.201733
0.201969
0.202127
0.202208
0.202207
0.202123
0.201954
0.201699
0.201355
0.200921
0.200397
0.199781
0.199071
0.198268
0.197372
0.196381
0.195297
0.194119
0.192847
0.191483
0.190027
0.188481
0.186845
0.185121
0.18331
0.181415
0.179436
0.177376
0.175237
0.173019
0.170725
0.168356
0.165912
0.163394
0.160802
0.158136
0.155393
0.152572
0.14967
0.146682
0.143599
0.140413
0.137112
0.133678
0.13009
0.12632
0.122331
0.118072
0.113472
0.108429
0.102788
0.0962939
0.0884855
0.0783821
0.063307
0.0333014
0.151603
0.153061
0.154513
0.155964
0.157419
0.158879
0.160347
0.161824
0.16331
0.164805
0.166309
0.167821
0.169341
0.170868
0.172401
0.173939
0.175481
0.177025
0.178571
0.180116
0.181659
0.183198
0.184731
0.186255
0.18777
0.189272
0.190759
0.192227
0.193675
0.195099
0.196496
0.197863
0.199196
0.200492
0.201748
0.202959
0.204121
0.205231
0.206286
0.20728
0.20821
0.209072
0.209862
0.210577
0.211212
0.211763
0.212227
0.212601
0.212881
0.213063
0.213145
0.213124
0.212996
0.212761
0.212415
0.211957
0.211386
0.210698
0.209895
0.208975
0.207937
0.206782
0.205509
0.20412
0.202614
0.200993
0.199258
0.19741
0.195453
0.193388
0.191217
0.188943
0.186568
0.184094
0.181523
0.178858
0.176101
0.173252
0.170313
0.167285
0.164167
0.160958
0.157655
0.154255
0.150751
0.147136
0.143398
0.139523
0.135489
0.131271
0.126833
0.122125
0.117078
0.111592
0.105511
0.0985819
0.09034
0.0797926
0.0642009
0.0330289
0.147574
0.149064
0.150554
0.152052
0.153562
0.155085
0.156625
0.158182
0.159757
0.16135
0.162962
0.164591
0.166237
0.167901
0.16958
0.171274
0.172983
0.174704
0.176437
0.17818
0.179932
0.18169
0.183453
0.185218
0.186983
0.188747
0.190505
0.192255
0.193994
0.195718
0.197424
0.199108
0.200766
0.202394
0.203986
0.20554
0.207049
0.208509
0.209915
0.211262
0.212545
0.213758
0.214897
0.215955
0.216928
0.217811
0.218597
0.219283
0.219864
0.220334
0.220689
0.220925
0.221039
0.221026
0.220883
0.220607
0.220196
0.219648
0.21896
0.218131
0.217161
0.216049
0.214793
0.213396
0.211857
0.210178
0.208359
0.206403
0.204312
0.202088
0.199735
0.197254
0.194649
0.191923
0.189079
0.186121
0.183052
0.179874
0.17659
0.173202
0.169711
0.166118
0.162421
0.15862
0.154709
0.150683
0.146533
0.142246
0.137804
0.133184
0.128353
0.123265
0.117854
0.112023
0.105625
0.0984126
0.0899318
0.0792071
0.0635196
0.0321119
0.142368
0.143848
0.145337
0.146842
0.148367
0.149913
0.151484
0.15308
0.154702
0.156351
0.158026
0.159728
0.161456
0.163209
0.164987
0.166789
0.168614
0.170461
0.172329
0.174216
0.176122
0.178044
0.179982
0.181931
0.183892
0.18586
0.187833
0.189809
0.191784
0.193755
0.195718
0.197668
0.199601
0.201512
0.203397
0.20525
0.207064
0.208836
0.210559
0.212227
0.213833
0.215371
0.216836
0.218219
0.219513
0.220712
0.221808
0.222796
0.22367
0.224422
0.225047
0.22554
0.225894
0.226105
0.226168
0.226079
0.225834
0.225429
0.224861
0.224129
0.22323
0.222162
0.220926
0.219521
0.217947
0.216206
0.214298
0.212226
0.209993
0.207601
0.205054
0.202355
0.199509
0.196519
0.193392
0.190131
0.186741
0.183227
0.179592
0.175842
0.171978
0.168005
0.163924
0.159734
0.155435
0.151022
0.146491
0.14183
0.137026
0.132059
0.126898
0.121502
0.115812
0.109737
0.103138
0.0957819
0.0872361
0.0765679
0.0611563
0.0303753
0.136798
0.138265
0.139746
0.141249
0.142778
0.144334
0.145921
0.14754
0.149191
0.150875
0.152592
0.154341
0.156123
0.157936
0.159781
0.161656
0.163561
0.165494
0.167454
0.169441
0.171453
0.173489
0.175547
0.177624
0.179721
0.181833
0.183959
0.186096
0.188242
0.190393
0.192546
0.194694
0.196833
0.198958
0.201064
0.203145
0.205197
0.207213
0.209186
0.21111
0.212977
0.214781
0.216512
0.218164
0.219728
0.221196
0.22256
0.223811
0.224942
0.225944
0.22681
0.227532
0.228102
0.228514
0.228762
0.228838
0.228737
0.228455
0.227988
0.22733
0.226481
0.225437
0.224197
0.22276
0.221127
0.219298
0.217276
0.215062
0.21266
0.210073
0.207306
0.204364
0.201253
0.197978
0.194547
0.190965
0.187239
0.183377
0.179385
0.175269
0.171035
0.166689
0.162235
0.157676
0.153014
0.148248
0.143376
0.13839
0.133281
0.128031
0.122617
0.117002
0.111132
0.104927
0.0982583
0.0909125
0.0824901
0.0721241
0.0573609
0.0280441
0.131458
0.132938
0.134434
0.135954
0.137502
0.139081
0.140693
0.142341
0.144024
0.145744
0.147501
0.149293
0.151122
0.152985
0.154883
0.156815
0.158779
0.160774
0.1628
0.164855
0.166937
0.169046
0.17118
0.173337
0.175516
0.177714
0.179929
0.18216
0.184402
0.186653
0.18891
0.191169
0.193426
0.195676
0.197915
0.200137
0.202337
0.204509
0.206647
0.208742
0.210789
0.212778
0.214701
0.216549
0.218313
0.219984
0.221552
0.223006
0.224337
0.225534
0.226588
0.227489
0.228227
0.228794
0.229179
0.229376
0.229377
0.229175
0.228765
0.22814
0.227297
0.226233
0.224946
0.223435
0.2217
0.219741
0.217561
0.215163
0.212551
0.20973
0.206707
0.203487
0.200078
0.196489
0.192728
0.188804
0.184726
0.180504
0.176148
0.171667
0.167069
0.162363
0.157557
0.152656
0.147666
0.14259
0.137427
0.132176
0.126829
0.121374
0.115792
0.110051
0.104107
0.0978884
0.0912813
0.0840941
0.0759678
0.0661199
0.0523212
0.025181
0.126792
0.128322
0.129867
0.131434
0.133028
0.134652
0.13631
0.138002
0.13973
0.141495
0.143297
0.145135
0.14701
0.148921
0.150866
0.152844
0.154854
0.156896
0.158966
0.161065
0.16319
0.16534
0.167513
0.169708
0.171922
0.174155
0.176403
0.178665
0.18094
0.183223
0.185513
0.187807
0.190101
0.192392
0.194677
0.196951
0.199209
0.201446
0.203656
0.205831
0.207965
0.21005
0.212077
0.214036
0.215917
0.217709
0.219402
0.220983
0.222441
0.223762
0.224936
0.22595
0.226792
0.227449
0.227912
0.228169
0.228212
0.22803
0.227617
0.226966
0.226071
0.224929
0.223537
0.221893
0.219998
0.217853
0.215461
0.212827
0.209954
0.206852
0.203527
0.199988
0.196245
0.192309
0.188192
0.183905
0.179462
0.174873
0.170153
0.165313
0.160366
0.155323
0.150196
0.144993
0.139723
0.134391
0.129002
0.123557
0.118053
0.112481
0.106826
0.101065
0.0951591
0.0890472
0.082632
0.0757465
0.0680774
0.0589392
0.0463691
0.0219818
0.123225
0.124827
0.126443
0.128079
0.129738
0.131424
0.13314
0.134887
0.136668
0.138482
0.140331
0.142214
0.144131
0.146081
0.148063
0.150075
0.152116
0.154185
0.156279
0.158398
0.160539
0.1627
0.164879
0.167076
0.169287
0.171511
0.173746
0.17599
0.178242
0.1805
0.18276
0.185023
0.187285
0.189544
0.191797
0.194042
0.196274
0.19849
0.200684
0.202852
0.204985
0.207078
0.20912
0.211103
0.213016
0.214848
0.216585
0.218214
0.219722
0.221094
0.222315
0.22337
0.224244
0.224924
0.225394
0.225643
0.225658
0.225427
0.224943
0.224196
0.223179
0.221889
0.220323
0.218478
0.216356
0.213959
0.211292
0.20836
0.205171
0.201734
0.198059
0.194159
0.190046
0.185735
0.18124
0.176576
0.171759
0.166806
0.161732
0.156554
0.151286
0.145944
0.140541
0.13509
0.129603
0.124088
0.118552
0.112999
0.107429
0.101838
0.096216
0.0905434
0.084789
0.0789027
0.0728025
0.0663472
0.0592716
0.0509937
0.0398417
0.0186011
0.121252
0.122927
0.124614
0.126317
0.128039
0.129782
0.131548
0.133339
0.135158
0.137004
0.138879
0.140783
0.142715
0.144675
0.146662
0.148675
0.150712
0.152771
0.154852
0.156952
0.159068
0.1612
0.163345
0.165501
0.167666
0.169838
0.172016
0.174196
0.176378
0.178561
0.180742
0.18292
0.185093
0.187261
0.189422
0.191574
0.193714
0.195841
0.19795
0.200038
0.202098
0.204125
0.20611
0.208045
0.209918
0.211717
0.213428
0.215036
0.216526
0.217879
0.219079
0.220108
0.220947
0.221579
0.221988
0.222157
0.222071
0.221718
0.221086
0.220166
0.218951
0.217436
0.215617
0.213496
0.211073
0.208353
0.205342
0.202049
0.198485
0.194661
0.190591
0.186292
0.181779
0.177071
0.172185
0.167142
0.16196
0.156659
0.151259
0.145779
0.140237
0.134651
0.129038
0.123413
0.117789
0.112178
0.106589
0.101028
0.0954974
0.0899959
0.0845163
0.0790443
0.0735549
0.0680074
0.0623345
0.0564207
0.0500483
0.0427398
0.0331207
0.0152286
0.121549
0.123256
0.124973
0.126699
0.128437
0.130188
0.131953
0.133735
0.135535
0.137354
0.139193
0.141054
0.142936
0.144839
0.146763
0.148708
0.150673
0.152656
0.154656
0.156672
0.158701
0.160743
0.162794
0.164853
0.166918
0.168987
0.171057
0.173127
0.175194
0.177258
0.179317
0.181369
0.183413
0.185449
0.187476
0.189493
0.191498
0.193492
0.19547
0.197432
0.199372
0.201285
0.203165
0.205002
0.206785
0.208501
0.210136
0.211672
0.213091
0.214373
0.215496
0.21644
0.217182
0.217702
0.21798
0.217997
0.217736
0.217182
0.216322
0.215147
0.21365
0.211825
0.209672
0.207192
0.20439
0.201273
0.19785
0.194134
0.190139
0.185881
0.18138
0.176653
0.171723
0.166611
0.16134
0.155933
0.150413
0.144803
0.139125
0.133403
0.127656
0.121904
0.116167
0.110461
0.1048
0.0991979
0.0936641
0.088206
0.0828275
0.0775285
0.0723042
0.0671433
0.0620262
0.0569201
0.0517713
0.0464876
0.0408964
0.0346198
0.0265702
0.0120285
0.124995
0.126621
0.12825
0.129882
0.131517
0.133156
0.1348
0.136452
0.138114
0.139786
0.141472
0.143172
0.144888
0.146621
0.148372
0.150142
0.151929
0.153734
0.155557
0.157397
0.159252
0.161121
0.163002
0.164893
0.166792
0.168698
0.170607
0.172517
0.174427
0.176334
0.178236
0.180132
0.18202
0.1839
0.185771
0.187633
0.189484
0.191326
0.193156
0.194973
0.196774
0.198554
0.200308
0.202026
0.203698
0.205308
0.206839
0.208273
0.209588
0.210759
0.211762
0.212571
0.213161
0.213507
0.213586
0.213377
0.212861
0.212022
0.210847
0.209326
0.207455
0.205231
0.202656
0.199734
0.196473
0.192886
0.188987
0.184792
0.180322
0.175597
0.170641
0.165478
0.160133
0.154634
0.149005
0.143276
0.13747
0.131615
0.125735
0.119854
0.113996
0.108179
0.102425
0.0967493
0.0911676
0.0856921
0.0803326
0.0750962
0.0699865
0.0650038
0.0601441
0.055398
0.0507496
0.0461725
0.0416246
0.0370344
0.0322695
0.0270417
0.0205248
0.00914952
0.132441
0.133764
0.135087
0.136408
0.137729
0.13905
0.140373
0.1417
0.143035
0.144379
0.145736
0.147108
0.148497
0.149907
0.151338
0.152792
0.154271
0.155775
0.157305
0.158861
0.160441
0.162046
0.163673
0.165322
0.166989
0.168673
0.170371
0.172079
0.173796
0.175517
0.177241
0.178964
0.180686
0.182403
0.184116
0.185823
0.187524
0.189219
0.190908
0.192588
0.194259
0.195915
0.197551
0.199156
0.200718
0.20222
0.203643
0.204963
0.206153
0.207185
0.20803
0.208658
0.209038
0.209144
0.208948
0.208429
0.207567
0.206347
0.204758
0.202793
0.20045
0.197731
0.194642
0.191195
0.187402
0.183281
0.178853
0.17414
0.169168
0.163964
0.158556
0.152973
0.147246
0.141405
0.135479
0.129498
0.12349
0.117484
0.111504
0.105576
0.0997221
0.0939626
0.088316
0.082798
0.0774221
0.0721991
0.0671371
0.0622413
0.0575141
0.0529546
0.0485585
0.044317
0.0402165
0.0362354
0.0323407
0.0284779
0.0245484
0.0203404
0.015251
0.00671141
0.144068
0.144785
0.145505
0.146231
0.146964
0.147705
0.148458
0.149225
0.15001
0.150815
0.151645
0.152503
0.153392
0.154315
0.155274
0.156273
0.157314
0.158397
0.159525
0.160697
0.161913
0.163174
0.164478
0.165823
0.167207
0.168627
0.17008
0.171561
0.173066
0.174593
0.176135
0.17769
0.179253
0.180822
0.182395
0.183969
0.185545
0.187121
0.188697
0.190272
0.191843
0.193405
0.194951
0.196468
0.197941
0.19935
0.200668
0.201867
0.202915
0.203778
0.20442
0.204806
0.204904
0.204684
0.204119
0.203187
0.20187
0.200158
0.198044
0.195525
0.192607
0.189298
0.185611
0.181564
0.177179
0.17248
0.167494
0.162251
0.156782
0.15112
0.145298
0.13935
0.133308
0.127207
0.121078
0.114951
0.108857
0.102822
0.0968716
0.0910297
0.0853167
0.0797509
0.0743481
0.0691214
0.0640811
0.059235
0.0545881
0.0501429
0.045899
0.0418536
0.0380007
0.0343313
0.0308324
0.0274858
0.0242648
0.021128
0.018003
0.0147389
0.010913
0.00475378
0.158726
0.158553
0.158404
0.158282
0.158188
0.158125
0.158098
0.158109
0.158162
0.158259
0.158406
0.158606
0.158862
0.159177
0.159555
0.159999
0.16051
0.161092
0.161746
0.162473
0.163272
0.164145
0.165089
0.166104
0.167185
0.16833
0.169535
0.170793
0.172099
0.173448
0.174832
0.176246
0.177684
0.179141
0.180613
0.182098
0.183592
0.185095
0.186606
0.188122
0.18964
0.191152
0.192648
0.19411
0.195519
0.196845
0.198056
0.199116
0.199985
0.200622
0.200988
0.201044
0.200755
0.200094
0.199035
0.197562
0.195663
0.193333
0.190573
0.187391
0.183801
0.179818
0.175468
0.170774
0.165768
0.16048
0.154947
0.149203
0.143285
0.137231
0.131076
0.124859
0.118613
0.112373
0.106171
0.100037
0.0939995
0.0880833
0.0823112
0.0767034
0.071277
0.0660466
0.0610236
0.0562168
0.0516325
0.047274
0.0431425
0.0392365
0.0355525
0.0320846
0.0288248
0.0257627
0.0228853
0.0201758
0.0176121
0.0151624
0.0127756
0.0103457
0.00757931
0.00327113
0.174135
0.172921
0.171765
0.170669
0.169637
0.16867
0.167771
0.166945
0.166193
0.165519
0.164928
0.164421
0.164002
0.163675
0.163443
0.163309
0.163275
0.163345
0.163519
0.1638
0.164188
0.164683
0.165283
0.165988
0.166793
0.167695
0.168687
0.169763
0.170914
0.172133
0.17341
0.174737
0.176104
0.177506
0.178935
0.180386
0.181858
0.183346
0.184848
0.186361
0.187876
0.189383
0.190864
0.192294
0.193643
0.194873
0.195942
0.196804
0.197412
0.197721
0.197688
0.197276
0.196454
0.195199
0.193494
0.191331
0.188709
0.185634
0.18212
0.178183
0.173849
0.169145
0.164104
0.158761
0.153153
0.14732
0.141302
0.135139
0.128873
0.122541
0.116184
0.109838
0.103538
0.0973156
0.0912017
0.0852231
0.0794041
0.0737659
0.0683266
0.0631012
0.0581018
0.0533374
0.0488142
0.0445357
0.0405028
0.0367141
0.0331663
0.0298536
0.026769
0.0239035
0.0212467
0.0187867
0.0165099
0.0144017
0.0124427
0.010606
0.0088504
0.0070991
0.00515225
0.00220433
0.187856
0.185611
0.18347
0.181432
0.179499
0.17767
0.17595
0.174337
0.172836
0.171448
0.170176
0.169022
0.16799
0.167082
0.166301
0.165652
0.165136
0.164756
0.164515
0.164416
0.164458
0.164644
0.16497
0.165437
0.166039
0.166772
0.167628
0.168599
0.169673
0.17084
0.172087
0.173402
0.174774
0.176192
0.177649
0.179137
0.180651
0.182187
0.183738
0.185298
0.186851
0.188377
0.189848
0.191229
0.192475
0.193536
0.19436
0.194895
0.19509
0.1949
0.194287
0.19322
0.19168
0.189655
0.187141
0.184144
0.180676
0.176759
0.172417
0.167682
0.162588
0.157173
0.151479
0.145548
0.139424
0.133151
0.126773
0.120332
0.113869
0.107425
0.101037
0.0947385
0.0885617
0.082535
0.0766836
0.0710294
0.0655909
0.0603831
0.0554179
0.050704
0.0462469
0.0420494
0.0381118
0.0344318
0.031005
0.0278251
0.0248843
0.0221733
0.0196814
0.0173972
0.0153092
0.013404
0.011667
0.0100815
0.00862865
0.00728565
0.00602142
0.0047824
0.00343545
0.00145664
0.19798
0.194872
0.191915
0.189106
0.186442
0.183923
0.181549
0.179319
0.177235
0.175296
0.173504
0.171862
0.170372
0.169036
0.167858
0.166841
0.165987
0.1653
0.164784
0.16444
0.164271
0.164277
0.164457
0.164809
0.165328
0.166008
0.166839
0.16781
0.168907
0.170114
0.171417
0.172799
0.174246
0.175746
0.177289
0.178866
0.180469
0.18209
0.183718
0.185335
0.186915
0.188424
0.189818
0.191046
0.192051
0.192773
0.193156
0.193147
0.1927
0.19178
0.190362
0.188432
0.185985
0.183026
0.179571
0.175639
0.17126
0.166466
0.161297
0.155794
0.15
0.143962
0.137727
0.131342
0.124854
0.118308
0.111749
0.105217
0.0987525
0.0923913
0.0861661
0.0801062
0.0742375
0.0685819
0.0631577
0.0579797
0.053059
0.0484034
0.0440175
0.039903
0.0360588
0.0324815
0.0291653
0.0261029
0.0232852
0.0207018
0.0183413
0.016192
0.014241
0.0124748
0.0108793
0.00943954
0.00814066
0.00696723
0.00590311
0.0049303
0.00402609
0.00315443
0.00223024
0.000931054
0.203312
0.199657
0.196187
0.192897
0.189783
0.186842
0.184072
0.181473
0.179043
0.176783
0.174694
0.172777
0.171035
0.169471
0.168087
0.166888
0.165877
0.16506
0.164438
0.164016
0.163797
0.16378
0.163966
0.16435
0.164926
0.165686
0.166616
0.167702
0.168925
0.170268
0.171712
0.173238
0.17483
0.176474
0.178158
0.17987
0.181596
0.183317
0.185008
0.186636
0.188156
0.189517
0.190658
0.191517
0.192031
0.192142
0.191801
0.190968
0.189614
0.187724
0.185293
0.182327
0.178841
0.174859
0.170412
0.165536
0.160273
0.154666
0.148764
0.142615
0.136269
0.129776
0.123186
0.116545
0.109901
0.103296
0.0967709
0.090363
0.0841057
0.0780286
0.0721575
0.0665142
0.0611163
0.0559779
0.0511091
0.0465164
0.0422033
0.03817
0.0344142
0.030931
0.0277134
0.0247527
0.0220387
0.01956
0.0173043
0.0152588
0.0134097
0.0117432
0.0102449
0.00890069
0.00769637
0.00661816
0.00565262
0.00478656
0.00400671
0.00329914
0.00264746
0.00202787
0.00138956
0.000563274
)
;

boundaryField
{
    jetInlet
    {
        type            fixedValue;
        value           uniform 0.006;
    }
    returnOutlet
    {
        type            inletOutlet;
        inletValue      uniform 0.006;
        value           nonuniform List<scalar> 
35
(
0.285253
0.551879
0.736942
0.893744
1.03906
1.17486
1.29771
1.40152
1.47872
1.52043
1.5153
1.44458
0.006
0.006
0.006
0.006
0.006
0.006
0.006
0.006
0.006
0.006
0.006
0.006
0.006
0.006
0.290548
0.297472
0.229535
0.110113
0.081273
0.137627
0.254102
0.381501
0.463619
)
;
    }
    flatBed
    {
        type            kqRWallFunction;
        value           nonuniform List<scalar> 
100
(
0.285253
0.2904
0.294907
0.29874
0.301773
0.303959
0.304703
0.302974
0.298481
0.291112
0.28092
0.268105
0.252992
0.235998
0.21761
0.198348
0.178739
0.15928
0.140412
0.122497
0.105807
0.0905241
0.0767546
0.0645433
0.0538886
0.0447521
0.0370634
0.0307202
0.0255897
0.0215137
0.0183193
0.0158343
0.0139012
0.0123874
0.0111895
0.0102314
0.00946001
0.00883861
0.00834135
0.00794854
0.0076439
0.00741337
0.00724479
0.00712808
0.00705518
0.00701991
0.00701756
0.00704454
0.007098
0.00717559
0.00726711
0.00736957
0.00748101
0.00759969
0.00772398
0.00785241
0.00798364
0.00811641
0.00824958
0.0083821
0.00851299
0.00864137
0.00876641
0.00888739
0.00900362
0.00911448
0.00921943
0.00931798
0.00940971
0.00949425
0.00957129
0.00964062
0.00970207
0.00975555
0.00980106
0.00983868
0.0098686
0.00989111
0.00990665
0.00991578
0.00991925
0.00991798
0.00991298
0.00990083
0.00988177
0.00985643
0.00982559
0.00979022
0.0097515
0.00971082
0.00966987
0.00963066
0.00959557
0.0095675
0.00954979
0.00954615
0.00956216
0.00961159
0.009731
0.0100309
)
;
    }
    slope
    {
        type            kqRWallFunction;
        value           nonuniform List<scalar> 
50
(
0.00609614
0.00496211
0.00616109
0.00735697
0.00824286
0.0091914
0.00998118
0.0108088
0.0115774
0.0123681
0.0131457
0.0139417
0.0147426
0.0155586
0.0163808
0.0172117
0.0183194
0.0194279
0.0205434
0.0216519
0.0227479
0.0238208
0.0248631
0.0258659
0.0268214
0.0277209
0.0285545
0.0293098
0.0299704
0.0305019
0.0308708
0.0325096
0.0333014
0.0330289
0.0321119
0.0303753
0.0280441
0.025181
0.0219818
0.0186011
0.0152286
0.0120285
0.00914952
0.00671141
0.00475378
0.00327113
0.00220433
0.00145664
0.000931054
0.000563274
)
;
    }
    top
    {
        type            symmetryPlane;
    }
    frontAndBack
    {
        type            empty;
    }
    defaultFaces
    {
        type            empty;
    }
}


// ************************************************************************* //
