/*--------------------------------*- C++ -*----------------------------------*\
| =========                 |                                                 |
| \\      /  F ield         | OpenFOAM: The Open Source CFD Toolbox           |
|  \\    /   O peration     | Version:  2206                                  |
|   \\  /    A nd           | Website:  www.openfoam.com                      |
|    \\/     M anipulation  |                                                 |
\*---------------------------------------------------------------------------*/
FoamFile
{
    version     2.0;
    format      ascii;
    arch        "LSB;label=32;scalar=64";
    class       volScalarField;
    location    "600";
    object      p;
}
// * * * * * * * * * * * * * * * * * * * * * * * * * * * * * * * * * * * * * //

dimensions      [0 2 -2 0 0 0 0];

internalField   nonuniform List<scalar> 
10000
(
-0.0934428
-0.137757
-0.168579
-0.177593
-0.161242
-0.11495
-0.0345293
0.0838206
0.242826
0.442753
0.681445
0.954895
1.2577
1.58358
1.92585
2.27782
2.63314
2.98607
3.33157
3.66545
3.98439
4.2859
4.56833
4.83072
5.07278
5.29478
5.4974
5.68168
5.84886
6.00033
6.13753
6.26186
6.37466
6.47716
6.57047
6.65554
6.7332
6.80414
6.86896
6.92813
6.98207
7.0311
7.07554
7.11563
7.1516
7.18367
7.21205
7.23694
7.25854
7.27704
7.29265
7.30556
7.31593
7.32395
7.32976
7.33353
7.33541
7.33554
7.33406
7.33109
7.32678
7.32127
7.3147
7.3072
7.29893
7.29004
7.28068
7.27101
7.26119
7.25138
7.24176
7.23248
7.22373
7.21568
7.2085
7.20236
7.19745
7.19394
7.192
7.19184
7.19361
7.1975
7.20369
7.21237
7.22371
7.23788
7.25506
7.27537
7.29894
7.32584
7.3561
7.38964
7.42631
7.46594
7.508
7.55072
7.59206
7.63707
7.69943
7.75637
-0.0907912
-0.130194
-0.162922
-0.177664
-0.168619
-0.130476
-0.0586391
0.0509146
0.201399
0.393536
0.625267
0.892724
1.19062
1.51274
1.85243
2.20302
2.55812
2.9119
3.25925
3.59583
3.91817
4.22363
4.51037
4.77728
5.0239
5.25036
5.45723
5.64547
5.81626
5.97098
6.11105
6.23791
6.35294
6.4574
6.55245
6.63909
6.71817
6.79044
6.8565
6.91686
6.97195
7.02211
7.06765
7.10883
7.14586
7.17896
7.20833
7.23414
7.25659
7.27586
7.29212
7.30557
7.31639
7.32474
7.3308
7.33474
7.33671
7.3369
7.33546
7.33251
7.32821
7.32268
7.31607
7.30853
7.3002
7.29123
7.28178
7.27201
7.26207
7.25213
7.24236
7.23293
7.224
7.21575
7.20835
7.20197
7.19679
7.19297
7.19071
7.19016
7.1915
7.19492
7.20058
7.20867
7.21934
7.23276
7.24907
7.2684
7.29086
7.3165
7.34533
7.37725
7.41206
7.44949
7.48888
7.52837
7.56535
7.60145
7.6439
7.66128
-0.0940846
-0.129147
-0.165003
-0.187233
-0.187256
-0.158665
-0.0962329
0.00422748
0.146556
0.332111
0.558722
0.822437
1.11786
1.43867
1.7781
2.12938
2.48601
2.84207
3.19232
3.53234
3.85852
4.16811
4.45914
4.73036
4.98122
5.21173
5.42239
5.61408
5.78798
5.94544
6.08791
6.21685
6.33368
6.43972
6.53615
6.62403
6.70425
6.77757
6.84465
6.90599
6.96205
7.01319
7.05971
7.10188
7.13992
7.17405
7.20444
7.23127
7.25469
7.27488
7.29198
7.30617
7.31761
7.32646
7.3329
7.3371
7.33924
7.33952
7.33809
7.33512
7.33074
7.32511
7.31837
7.31067
7.30216
7.293
7.28335
7.27336
7.2632
7.25302
7.243
7.23331
7.22411
7.21557
7.20786
7.20117
7.19565
7.19147
7.18881
7.18783
7.1887
7.1916
7.19669
7.20414
7.21411
7.22675
7.24218
7.26052
7.28186
7.30625
7.33366
7.364
7.39705
7.43245
7.4695
7.50649
7.54084
7.57203
7.60088
7.59591
-0.102775
-0.140503
-0.183053
-0.215344
-0.226134
-0.207781
-0.154317
-0.0614777
0.0752294
0.257796
0.483588
0.748246
1.04599
1.37013
1.71361
2.06939
2.4308
2.79176
3.1469
3.49172
3.82254
4.13651
4.43161
4.70654
4.96072
5.19412
5.40724
5.60098
5.77655
5.93534
6.07886
6.20864
6.32614
6.43274
6.52967
6.61801
6.69869
6.77247
6.84002
6.90184
6.95839
7.01001
7.05702
7.09968
7.13822
7.17285
7.20376
7.23111
7.25508
7.2758
7.29344
7.30814
7.32004
7.3293
7.33605
7.34046
7.34274
7.34308
7.34164
7.33858
7.33405
7.32823
7.32126
7.31329
7.3045
7.29504
7.28506
7.27474
7.26422
7.25369
7.2433
7.23323
7.22364
7.2147
7.20658
7.19944
7.19346
7.1888
7.18563
7.1841
7.18437
7.18662
7.191
7.19768
7.2068
7.21848
7.23284
7.24999
7.26998
7.29283
7.31851
7.34686
7.37761
7.41033
7.4442
7.47755
7.50792
7.5339
7.55351
7.53855
-0.112644
-0.159958
-0.213697
-0.259018
-0.282467
-0.275248
-0.230656
-0.144419
-0.0114743
0.170663
0.398633
0.667437
0.970701
1.30124
1.65159
2.01438
2.38271
2.75033
3.11177
3.46242
3.79856
4.1173
4.41659
4.69512
4.95229
5.1881
5.40308
5.59818
5.77468
5.93407
6.07793
6.20786
6.32543
6.43206
6.52904
6.61749
6.69833
6.77236
6.8402
6.90238
6.95929
7.0113
7.05867
7.10166
7.14049
7.17536
7.20648
7.23402
7.25817
7.27908
7.29692
7.31183
7.32394
7.33339
7.34029
7.34481
7.34713
7.34746
7.34594
7.34272
7.33798
7.33188
7.32459
7.31627
7.3071
7.29723
7.28683
7.27607
7.26512
7.25414
7.24329
7.23276
7.22269
7.21327
7.20465
7.19701
7.1905
7.18529
7.18153
7.17938
7.17898
7.18049
7.18407
7.18987
7.19801
7.2086
7.22174
7.2375
7.25593
7.277
7.30064
7.32666
7.35474
7.38437
7.41466
7.44401
7.47011
7.49121
7.50439
7.48764
-0.121509
-0.184298
-0.253747
-0.315082
-0.353066
-0.357934
-0.322309
-0.241784
-0.110931
0.0728325
0.305271
0.580565
0.891637
1.23071
1.58985
1.96136
2.33808
2.71359
3.08231
3.43957
3.78159
4.10547
4.40912
4.69126
4.95128
5.18922
5.40568
5.60169
5.77862
5.93808
6.08174
6.21134
6.32851
6.43477
6.53146
6.61974
6.70055
6.77468
6.84275
6.90526
6.96258
7.01503
7.06285
7.10625
7.14544
7.18059
7.2119
7.23956
7.26376
7.28467
7.30249
7.31736
7.32943
7.33884
7.3457
7.35016
7.35241
7.35261
7.35091
7.34745
7.34242
7.33597
7.32828
7.31953
7.30988
7.29952
7.28862
7.27734
7.26586
7.25434
7.24296
7.23187
7.22126
7.21128
7.2021
7.19387
7.18676
7.18091
7.17649
7.17364
7.17249
7.17318
7.17586
7.18067
7.18772
7.1971
7.20887
7.2231
7.23978
7.25887
7.28024
7.30369
7.32884
7.35514
7.3817
7.40703
7.42908
7.44606
7.45529
7.44096
-0.128451
-0.212103
-0.301407
-0.381188
-0.434978
-0.452345
-0.425412
-0.349202
-0.21829
-0.03074
0.208339
0.492167
0.812891
1.16212
1.53146
1.91287
2.29895
2.68314
3.05976
3.42407
3.77227
4.10143
4.40947
4.69509
4.95772
5.19746
5.41497
5.61139
5.78821
5.94718
6.09011
6.21885
6.33515
6.4406
6.53663
6.62441
6.70493
6.77895
6.84711
6.90987
6.96757
7.02049
7.06883
7.11275
7.15241
7.18796
7.21956
7.24739
7.27163
7.29248
7.31014
7.32481
7.33664
7.34579
7.35239
7.35659
7.35858
7.35851
7.3565
7.3527
7.34728
7.3404
7.33224
7.32297
7.31279
7.30186
7.29037
7.27849
7.2664
7.25428
7.24228
7.23058
7.21935
7.20875
7.19893
7.19005
7.18227
7.17573
7.17059
7.16697
7.16501
7.16481
7.16653
7.17028
7.17616
7.18423
7.19455
7.20715
7.22199
7.239
7.25803
7.27882
7.30099
7.32396
7.34687
7.36843
7.38686
7.40057
7.40765
7.39772
-0.133079
-0.24292
-0.355681
-0.455335
-0.525124
-0.554411
-0.535079
-0.461282
-0.327669
-0.133758
0.114082
0.408157
0.739881
1.1003
1.4806
1.87245
2.26828
2.66138
3.04603
3.41743
3.77175
4.10606
4.41826
4.70705
4.97191
5.21299
5.43103
5.62731
5.80347
5.96139
6.10305
6.23042
6.34538
6.44962
6.54462
6.63161
6.71155
6.78524
6.85328
6.91613
6.97411
7.02744
7.07628
7.12077
7.16099
7.19704
7.22906
7.25716
7.28152
7.30233
7.31981
7.33416
7.3456
7.35431
7.36043
7.36417
7.36571
7.36518
7.36271
7.35844
7.35251
7.3451
7.33638
7.32653
7.31572
7.30416
7.29201
7.27947
7.26672
7.25392
7.24124
7.22887
7.21696
7.20567
7.19516
7.18558
7.17708
7.1698
7.16388
7.15945
7.15662
7.1555
7.1562
7.15884
7.16351
7.17024
7.17907
7.19
7.20298
7.2179
7.23459
7.25277
7.27205
7.29185
7.31138
7.32952
7.34479
7.35585
7.3616
7.35567
-0.135274
-0.277052
-0.41606
-0.535406
-0.619856
-0.659224
-0.645463
-0.571231
-0.431595
-0.228647
0.0297544
0.335215
0.678554
1.05038
1.44158
1.84363
2.24884
2.65044
3.04266
3.42069
3.78069
4.11967
4.43555
4.72702
4.99358
5.23543
5.45344
5.649
5.82392
5.98028
6.12018
6.24575
6.35899
6.4617
6.55539
6.64133
6.72048
6.79361
6.86135
6.92412
6.98221
7.03582
7.08509
7.13009
7.17088
7.2075
7.24001
7.2685
7.2931
7.31396
7.33128
7.34531
7.35628
7.3644
7.36988
7.37295
7.37385
7.37267
7.36956
7.36465
7.35809
7.35003
7.34065
7.33012
7.31863
7.30636
7.2935
7.28024
7.26675
7.25322
7.23982
7.22672
7.21407
7.20205
7.1908
7.18047
7.17121
7.16315
7.15641
7.15113
7.14742
7.14534
7.145
7.14651
7.14994
7.15532
7.16266
7.17193
7.18307
7.19596
7.21039
7.22608
7.24263
7.2595
7.27598
7.2911
7.30365
7.31252
7.31727
7.31428
-0.134214
-0.315056
-0.482108
-0.618502
-0.714218
-0.760406
-0.74935
-0.670176
-0.520248
-0.30644
-0.0365836
0.280381
0.634864
1.01723
1.41822
1.82926
2.24263
2.65157
3.05028
3.43398
3.79876
4.14166
4.46051
4.754
5.02163
5.26366
5.48106
5.67535
5.84855
6.0029
6.14065
6.26409
6.37537
6.47635
6.5686
6.65338
6.73161
6.80405
6.87134
6.93389
6.99195
7.04568
7.09523
7.14064
7.18191
7.21907
7.25212
7.28107
7.306
7.32702
7.34429
7.35804
7.36853
7.376
7.3807
7.38296
7.38303
7.38101
7.37707
7.37135
7.36399
7.35516
7.345
7.33371
7.32145
7.30841
7.29477
7.28073
7.26647
7.25216
7.23799
7.22411
7.2107
7.1979
7.18588
7.17477
7.16471
7.15583
7.14826
7.1421
7.13747
7.13443
7.13304
7.13342
7.13561
7.13965
7.14552
7.15317
7.16253
7.17346
7.18574
7.19909
7.21313
7.22734
7.24109
7.25356
7.26376
7.27078
7.27457
7.27327
-0.128978
-0.356498
-0.55196
-0.699141
-0.799955
-0.8479
-0.834894
-0.746401
-0.582904
-0.357274
-0.0764965
0.250546
0.614202
1.00485
1.41329
1.83101
2.25038
2.66468
3.06815
3.456
3.82431
4.17004
4.49098
4.78574
5.05379
5.29545
5.51175
5.70437
5.87552
6.02766
6.16308
6.28424
6.39349
6.49275
6.5836
6.66729
6.74461
6.81634
6.88315
6.94541
7.00331
7.05702
7.10671
7.15237
7.19399
7.23159
7.26512
7.29455
7.31988
7.34115
7.35848
7.37206
7.38212
7.38894
7.39281
7.39415
7.39325
7.39022
7.38526
7.37854
7.37023
7.36046
7.34942
7.33725
7.32413
7.31025
7.29578
7.28091
7.26583
7.25071
7.23572
7.22104
7.20683
7.19323
7.18041
7.16849
7.15761
7.1479
7.13947
7.13243
7.12687
7.12286
7.12043
7.11968
7.12066
7.12338
7.12781
7.1339
7.14155
7.15061
7.16088
7.17206
7.18379
7.19561
7.20694
7.2171
7.22526
7.23068
7.23352
7.23301
-0.142221
-0.40504
-0.618798
-0.764256
-0.861635
-0.906519
-0.88661
-0.785731
-0.608393
-0.372259
-0.0829933
0.251062
0.620493
1.01591
1.42833
1.84946
2.27177
2.68869
3.09449
3.4844
3.85445
4.20153
4.52332
4.81834
5.08603
5.32671
5.5415
5.73222
5.9013
6.05148
6.18506
6.30431
6.4118
6.50962
6.59938
6.68231
6.75892
6.83
6.8964
6.95844
7.01619
7.06977
7.11946
7.16524
7.20705
7.24494
7.27885
7.30869
7.3344
7.35598
7.37347
7.38698
7.39672
7.40294
7.40602
7.40645
7.40447
7.40028
7.39414
7.38625
7.3768
7.36596
7.35388
7.34072
7.32666
7.31185
7.29649
7.28075
7.26481
7.24884
7.23301
7.2175
7.20247
7.18806
7.17442
7.16168
7.14998
7.13942
7.13013
7.12219
7.11571
7.11073
7.10729
7.10542
7.1052
7.10663
7.10967
7.11425
7.12028
7.12759
7.13597
7.14516
7.15479
7.16445
7.17364
7.18177
7.18816
7.19217
7.19406
7.19378
-0.176126
-0.490142
-0.67114
-0.791321
-0.879103
-0.918974
-0.884579
-0.76676
-0.582771
-0.341613
-0.0489944
0.286879
0.656917
1.05208
1.46372
1.8838
2.30504
2.72097
3.12597
3.51526
3.88482
4.23143
4.5526
4.84675
5.11326
5.35246
5.56549
5.75431
5.92155
6.07006
6.20237
6.32067
6.42733
6.52452
6.61396
6.69692
6.77339
6.84408
6.91036
6.97248
7.03018
7.08357
7.13326
7.17909
7.22094
7.25896
7.29312
7.32324
7.34928
7.37116
7.38886
7.40241
7.41194
7.41766
7.4201
7.41969
7.41659
7.41114
7.40367
7.39445
7.38371
7.37162
7.35837
7.34411
7.329
7.3132
7.29688
7.28022
7.26338
7.24654
7.22986
7.21351
7.19764
7.1824
7.16794
7.15438
7.14184
7.13044
7.12029
7.11147
7.10406
7.09814
7.09368
7.09072
7.08934
7.08952
7.09122
7.09437
7.09886
7.10452
7.11115
7.1185
7.12623
7.13396
7.14125
7.1476
7.15243
7.15519
7.15614
7.15575
-0.217414
-0.572047
-0.660394
-0.737616
-0.820457
-0.850699
-0.800297
-0.679172
-0.497335
-0.259505
0.0284613
0.358564
0.7221
1.11043
1.51528
1.92892
2.34429
2.75511
3.15582
3.54161
3.90838
4.25273
4.57194
4.86427
5.12907
5.36665
5.5781
5.76543
5.93156
6.0794
6.21143
6.32983
6.43669
6.53426
6.62437
6.70789
6.78514
6.85673
6.92368
6.98652
7.04445
7.0977
7.14757
7.19352
7.23524
7.27326
7.3076
7.33792
7.36419
7.38634
7.40425
7.41789
7.42731
7.43275
7.43479
7.43362
7.42942
7.42268
7.4138
7.40312
7.39094
7.37746
7.36289
7.3474
7.33114
7.31426
7.29692
7.27929
7.26153
7.24379
7.22625
7.20905
7.19234
7.17628
7.161
7.14661
7.13326
7.12102
7.11002
7.10032
7.09201
7.08515
7.07969
7.07567
7.07316
7.07214
7.07256
7.07435
7.07738
7.0815
7.08651
7.09217
7.09817
7.10417
7.10977
7.11455
7.118
7.11963
7.11971
7.11904
-0.0681724
-0.502524
-0.572698
-0.626946
-0.691178
-0.708874
-0.660773
-0.546994
-0.372878
-0.143777
0.133905
0.4525
0.803883
1.17997
1.57297
1.97557
2.381
2.78314
3.17651
3.55629
3.91824
4.25876
4.57487
4.86464
5.12749
5.36355
5.57358
5.75974
5.92567
6.07435
6.2078
6.32788
6.43648
6.53631
6.62903
6.71487
6.7942
6.86761
6.93583
6.99931
7.05786
7.11187
7.16228
7.20826
7.24957
7.28763
7.32223
7.35257
7.3789
7.40121
7.41924
7.43296
7.44242
7.44799
7.44982
7.44791
7.44269
7.43467
7.42435
7.41214
7.3984
7.38341
7.3674
7.35056
7.33304
7.315
7.29659
7.27795
7.25923
7.24059
7.22217
7.20412
7.18659
7.16972
7.15362
7.13844
7.12427
7.11122
7.09937
7.08882
7.07962
7.07183
7.06542
7.06038
7.05678
7.0546
7.0538
7.05428
7.05594
7.05861
7.06211
7.06622
7.07064
7.07507
7.07916
7.08255
7.08479
7.08543
7.08475
7.08372
0.792382
0.367786
0.116838
-0.0577859
-0.20331
-0.292298
-0.309659
-0.254919
-0.133043
0.0500203
0.287393
0.571036
0.892249
1.24232
1.61292
1.99629
2.38536
2.77381
3.15595
3.52677
3.88177
4.21712
4.5295
4.81707
5.07971
5.3167
5.52755
5.71528
5.88532
6.04035
6.18118
6.30934
6.42664
6.53387
6.63147
6.72086
6.80306
6.87885
6.94887
7.01358
7.07318
7.12804
7.17869
7.22503
7.26743
7.30639
7.34082
7.3703
7.39606
7.41816
7.43605
7.44992
7.45976
7.46539
7.46679
7.46417
7.45793
7.44859
7.43669
7.42274
7.40717
7.39036
7.3726
7.3541
7.33505
7.3156
7.29589
7.27604
7.2562
7.23649
7.21705
7.19803
7.17954
7.16172
7.14469
7.12857
7.11346
7.09946
7.08666
7.07511
7.06489
7.05605
7.04858
7.04243
7.0376
7.03414
7.03199
7.03104
7.03119
7.0323
7.03418
7.03662
7.03937
7.04216
7.04469
7.04663
7.04761
7.04724
7.0458
7.04418
0.277853
0.0741679
-0.100307
-0.194261
-0.238645
-0.2407
-0.195115
-0.0998697
0.0429559
0.229973
0.457246
0.720119
1.01332
1.33124
1.66822
2.01868
2.37721
2.73866
3.0981
3.45075
3.79168
4.1158
4.41715
4.69643
4.95669
5.19772
5.4208
5.62672
5.81392
5.98256
6.13497
6.27327
6.39913
6.51365
6.61801
6.71348
6.80105
6.88151
6.95548
7.02345
7.08577
7.14283
7.19498
7.24239
7.28534
7.32409
7.35846
7.38866
7.41541
7.43786
7.45547
7.4693
7.47905
7.4843
7.48529
7.48203
7.47486
7.46421
7.45065
7.43475
7.41708
7.3981
7.37821
7.35768
7.33675
7.31556
7.29427
7.27298
7.25182
7.23088
7.21029
7.19017
7.17062
7.15176
7.13371
7.11657
7.10043
7.0854
7.07153
7.05891
7.04758
7.03759
7.02897
7.02161
7.0155
7.01067
7.00708
7.00464
7.00323
7.00272
7.00295
7.00372
7.00482
7.00599
7.00699
7.00753
7.00728
7.0059
7.00365
7.00164
0.175987
0.130771
0.0634043
0.0167837
-0.0050172
-0.0019289
0.0330832
0.106152
0.21943
0.372389
0.56295
0.787825
1.04277
1.32296
1.62331
1.93871
2.2643
2.59546
2.9278
3.25736
3.58113
3.89713
4.20557
4.5031
4.78331
5.04416
5.28515
5.5056
5.70525
5.8855
6.04871
6.19716
6.33276
6.45704
6.57119
6.67614
6.77259
6.86113
6.94227
7.01649
7.08418
7.14573
7.20153
7.25184
7.29696
7.33718
7.37264
7.4036
7.43046
7.45303
7.47147
7.48621
7.49583
7.50056
7.50133
7.49765
7.48988
7.47829
7.46341
7.44584
7.42622
7.40513
7.38307
7.36043
7.33751
7.31449
7.29154
7.26877
7.24626
7.22411
7.20241
7.18124
7.16069
7.14088
7.12188
7.10381
7.08673
7.07074
7.05589
7.04227
7.0299
7.01883
7.00908
7.0006
6.99331
6.98718
6.98225
6.97841
6.97556
6.97358
6.97231
6.97159
6.97121
6.97096
6.97061
6.96993
6.96864
6.96638
6.96342
6.9611
0.116955
0.0947792
0.0537893
0.0216265
0.0126669
0.0312671
0.0810793
0.165072
0.283976
0.436607
0.620653
0.833075
1.07031
1.32849
1.60355
1.89141
2.18818
2.49026
2.79469
3.09914
3.40168
3.69978
3.99106
4.27224
4.54119
4.79755
5.04115
5.27131
5.48716
5.68812
5.87399
6.04494
6.20153
6.34475
6.47578
6.59586
6.70603
6.80705
6.8995
6.98382
7.06042
7.12969
7.19201
7.24775
7.29727
7.34093
7.37904
7.41193
7.43995
7.46329
7.48219
7.4969
7.50711
7.5132
7.51425
7.51022
7.50218
7.49
7.47426
7.45543
7.4342
7.41123
7.38714
7.36244
7.33752
7.31265
7.28802
7.26373
7.23987
7.21652
7.19372
7.17154
7.15005
7.12933
7.10945
7.09049
7.07252
7.05562
7.03986
7.02528
7.01192
6.99982
6.98901
6.97946
6.97105
6.96373
6.95754
6.95241
6.94824
6.94492
6.94229
6.94022
6.93852
6.93701
6.93548
6.93374
6.93154
6.92853
6.92499
6.92248
0.09077
0.0845293
0.0735528
0.070536
0.0849865
0.120814
0.18038
0.265797
0.378219
0.517596
0.682911
0.872426
1.08384
1.31443
1.56119
1.82112
2.09116
2.36842
2.65017
2.93352
3.21562
3.49426
3.76777
4.03449
4.29306
4.54254
4.78234
5.01206
5.23147
5.44041
5.63875
5.82624
6.00249
6.16708
6.31979
6.46071
6.59023
6.70894
6.81745
6.9163
7.00594
7.08678
7.15921
7.22364
7.28047
7.33016
7.37312
7.4098
7.44066
7.46603
7.4863
7.50177
7.51257
7.51898
7.52081
7.51836
7.51082
7.49836
7.48222
7.46257
7.44019
7.41573
7.38988
7.36329
7.33647
7.30979
7.28348
7.2577
7.23251
7.20798
7.18414
7.16101
7.13863
7.11706
7.09636
7.07658
7.05779
7.04006
7.02343
7.00795
6.99367
6.98061
6.96879
6.9582
6.94874
6.94034
6.93299
6.92667
6.92129
6.91673
6.91288
6.90959
6.90671
6.90407
6.9015
6.89882
6.89582
6.89218
6.88813
6.88549
0.0718977
0.0717204
0.0731955
0.0821335
0.104612
0.144661
0.20496
0.287518
0.393511
0.523126
0.675679
0.84982
1.04369
1.25508
1.48159
1.72082
1.97015
2.22688
2.48821
2.75171
3.01526
3.27706
3.53557
3.78952
4.03786
4.27976
4.51462
4.74194
4.96142
5.17299
5.37673
5.57264
5.76054
5.94001
6.11045
6.27114
6.42144
6.56089
6.6893
6.80677
6.91354
7.00993
7.0963
7.17305
7.24059
7.2994
7.34999
7.39292
7.42873
7.45795
7.4811
7.49863
7.51091
7.51829
7.52096
7.51918
7.51283
7.50205
7.48639
7.46634
7.44334
7.41785
7.39063
7.36246
7.33394
7.30558
7.2777
7.25048
7.22404
7.19839
7.17356
7.14955
7.12637
7.10403
7.08259
7.06207
7.04253
7.02403
7.0066
6.9903
6.97516
6.9612
6.94843
6.93686
6.92645
6.91707
6.90864
6.90122
6.89471
6.88903
6.88406
6.87966
6.87571
6.87206
6.86856
6.86506
6.86137
6.85716
6.8527
6.84999
0.0528628
0.0561864
0.0654412
0.0834774
0.113816
0.159427
0.22238
0.304091
0.405389
0.526472
0.666957
0.825976
1.00227
1.19425
1.40008
1.61765
1.84483
2.07951
2.31964
2.56329
2.80868
3.05417
3.29825
3.53962
3.77724
4.01045
4.2389
4.4623
4.68032
4.89268
5.09924
5.29997
5.49485
5.68368
5.86605
6.04128
6.20853
6.3668
6.51516
6.65283
6.77932
6.8944
6.99811
7.09063
7.1723
7.24354
7.30486
7.35686
7.40019
7.4355
7.46348
7.48475
7.49988
7.50939
7.51369
7.51314
7.50792
7.4983
7.48427
7.46564
7.44282
7.41684
7.3887
7.35935
7.32947
7.29967
7.27038
7.24187
7.21428
7.18762
7.16191
7.13711
7.11321
7.0902
7.06809
7.04692
7.02671
7.00752
6.98937
6.97232
6.95639
6.9416
6.92797
6.9155
6.90417
6.89384
6.88447
6.87604
6.86851
6.8618
6.8558
6.8504
6.84549
6.84092
6.83659
6.83235
6.82803
6.82334
6.81852
6.81577
0.0285441
0.0336168
0.0468336
0.0694626
0.10328
0.150246
0.211938
0.289491
0.383648
0.494724
0.622588
0.766707
0.926208
1.09993
1.28649
1.48432
1.69178
1.90717
2.12881
2.35501
2.58422
2.81497
3.04595
3.27601
3.50419
3.72975
3.95222
4.17133
4.38699
4.59905
4.80727
5.0114
5.21127
5.40674
5.59757
5.78332
5.96328
6.1365
6.30185
6.45813
6.60418
6.73907
6.86213
6.97304
7.07175
7.15847
7.23357
7.29759
7.35121
7.39517
7.43025
7.45727
7.47698
7.49009
7.49723
7.49892
7.49554
7.48745
7.47486
7.45791
7.43698
7.41182
7.38335
7.35331
7.3225
7.2916
7.26119
7.23161
7.20305
7.17554
7.14907
7.12361
7.0991
7.07552
7.05285
7.03111
7.01032
6.99052
6.97173
6.954
6.93736
6.92182
6.90739
6.89408
6.88188
6.87074
6.86052
6.85115
6.84267
6.83501
6.82808
6.82176
6.81597
6.81058
6.80548
6.80057
6.7957
6.79057
6.78544
6.78268
-0.00349869
0.00247407
0.017753
0.0428046
0.0783259
0.125436
0.1852
0.258473
0.345861
0.447666
0.563874
0.694184
0.838034
0.99464
1.16302
1.34205
1.53047
1.72698
1.93024
2.13891
2.35171
2.56746
2.78504
3.00345
3.22182
3.43942
3.65569
3.87024
4.08286
4.29346
4.50198
4.70822
4.91185
5.11254
5.30998
5.50383
5.69359
5.87851
6.05757
6.22953
6.39302
6.54665
6.68915
6.81951
6.93709
7.04161
7.13309
7.21187
7.2785
7.33372
7.37837
7.41337
7.43966
7.45812
7.46959
7.47478
7.47429
7.4686
7.45809
7.44304
7.42385
7.40072
7.37367
7.34368
7.31244
7.2809
7.24974
7.21941
7.19013
7.16199
7.13495
7.10898
7.08399
7.05995
7.03682
7.01462
6.99334
6.97301
6.95367
6.93534
6.91806
6.90185
6.88671
6.87265
6.85966
6.84773
6.8367
6.82652
6.81718
6.80866
6.80087
6.79371
6.78711
6.78096
6.77516
6.76964
6.76426
6.75874
6.75334
6.75058
-0.0445575
-0.0382232
-0.0220836
0.00394269
0.039743
0.0855863
0.142012
0.209657
0.289058
0.38055
0.484268
0.600164
0.728004
0.867373
1.01769
1.17821
1.34808
1.52634
1.71197
1.90393
2.10117
2.30272
2.50763
2.71502
2.9241
3.13416
3.34461
3.55495
3.76483
3.97402
4.18243
4.38996
4.59642
4.80146
5.00459
5.20537
5.40331
5.59785
5.78818
5.97321
6.15161
6.32188
6.48244
6.63179
6.76869
6.89221
7.00187
7.09757
7.1796
7.24852
7.30515
7.35044
7.38543
7.41118
7.42869
7.43889
7.44256
7.44039
7.43288
7.42047
7.40354
7.38248
7.35765
7.32942
7.29869
7.26706
7.23563
7.20496
7.17532
7.14683
7.11946
7.09315
7.06785
7.04348
7.02001
6.99743
6.97575
6.95499
6.93518
6.91634
6.8985
6.88168
6.86591
6.85117
6.83747
6.82479
6.81307
6.80218
6.79205
6.78272
6.77414
6.76621
6.75885
6.752
6.74556
6.73948
6.73362
6.72774
6.72208
6.7193
-0.0951454
-0.0888378
-0.072527
-0.0460675
-0.0104511
0.0335733
0.0861445
0.147866
0.219253
0.300627
0.392211
0.494144
0.606457
0.729044
0.861668
1.00396
1.15541
1.31541
1.48323
1.65812
1.83934
2.02613
2.21777
2.41354
2.61276
2.81477
3.01896
3.22478
3.43176
3.6395
3.84773
4.05625
4.26492
4.47349
4.68157
4.88859
5.09394
5.29701
5.49712
5.69339
5.88464
6.06946
6.2462
6.41314
6.56863
6.71123
6.83984
6.95383
7.05302
7.13769
7.20845
7.2662
7.31201
7.34704
7.37245
7.38933
7.39867
7.4013
7.39793
7.38912
7.37534
7.35703
7.33468
7.30889
7.28019
7.24954
7.21845
7.18796
7.15842
7.12994
7.10252
7.07612
7.05067
7.02611
7.00242
6.97957
6.95758
6.93647
6.91626
6.89698
6.87866
6.86133
6.84499
6.82966
6.81532
6.80198
6.78961
6.77803
6.76723
6.75718
6.74786
6.73921
6.73116
6.72365
6.71662
6.71
6.7037
6.69747
6.69158
6.68881
-0.155278
-0.14966
-0.133739
-0.10646
-0.07085
-0.0294271
0.0178678
0.0720283
0.133717
0.20333
0.281266
0.367935
0.463675
0.568719
0.683186
0.807067
0.940192
1.08222
1.23266
1.39101
1.55674
1.72931
1.90816
2.09273
2.28243
2.47664
2.67477
2.87622
3.08043
3.2869
3.4952
3.70495
3.91587
4.12773
4.34023
4.55294
4.76522
4.97636
5.18561
5.39217
5.59501
5.79286
5.98415
6.16714
6.33999
6.50091
6.64834
6.78109
6.89846
7.00029
7.08687
7.15893
7.21748
7.26372
7.29889
7.32423
7.34086
7.34979
7.35188
7.34783
7.33826
7.32368
7.30462
7.28173
7.2558
7.22752
7.19789
7.16824
7.13932
7.1113
7.08418
7.05793
7.03252
7.00792
6.9841
6.96108
6.93887
6.91748
6.89695
6.87731
6.85858
6.84079
6.82397
6.80811
6.79322
6.77928
6.76628
6.75415
6.74276
6.73204
6.72203
6.71271
6.70401
6.69588
6.68827
6.68115
6.67442
6.66785
6.6617
6.65882
-0.224131
-0.221112
-0.206033
-0.17557
-0.137603
-0.0970767
-0.0533997
-0.00514256
0.0482203
0.107003
0.171758
0.243165
0.321886
0.408523
0.503615
0.607591
0.720685
0.842848
0.973864
1.11352
1.26165
1.41801
1.58233
1.75423
1.93327
2.11887
2.31039
2.50716
2.70852
2.91381
3.12242
3.33381
3.54748
3.76305
3.98014
4.19837
4.41726
4.63615
4.85422
5.0706
5.28432
5.49419
5.6988
5.89647
6.08534
6.26348
6.429
6.58027
6.7161
6.83583
6.93938
7.02719
7.10013
7.15934
7.20609
7.24169
7.26737
7.28425
7.29332
7.29544
7.29132
7.2816
7.26688
7.24785
7.22533
7.20023
7.17335
7.1456
7.11796
7.0909
7.06445
7.03866
7.0135
6.98899
6.96516
6.94205
6.91967
6.89807
6.87728
6.85733
6.83826
6.82009
6.80284
6.78653
6.77115
6.7567
6.74316
6.7305
6.71855
6.70726
6.6966
6.68662
6.67728
6.66854
6.66037
6.65273
6.64557
6.63866
6.63229
6.62948
-0.299566
-0.308286
-0.290505
-0.252808
-0.215974
-0.182728
-0.14816
-0.11013
-0.0686503
-0.0235109
0.0260621
0.0809812
0.142135
0.210422
0.286774
0.37207
0.466926
0.57131
0.684973
0.80786
0.940001
1.08138
1.23195
1.39158
1.55998
1.73669
1.92114
2.1127
2.31071
2.51447
2.72325
2.93637
3.15317
3.37305
3.59547
3.81996
4.04608
4.27331
4.50092
4.72794
4.9532
5.17542
5.39321
5.60502
5.80909
6.00347
6.18615
6.35523
6.50912
6.64674
6.7676
6.87181
6.96002
7.03327
7.0928
7.13996
7.17606
7.20231
7.21983
7.22954
7.23229
7.22877
7.21968
7.20573
7.18775
7.16668
7.14347
7.11886
7.09351
7.06807
7.0428
7.01791
6.99334
6.96913
6.94543
6.92231
6.89984
6.87808
6.85708
6.83689
6.81753
6.79904
6.78144
6.76475
6.74896
6.73407
6.72007
6.70691
6.69451
6.68269
6.67133
6.66065
6.65064
6.64125
6.63248
6.62429
6.61664
6.6093
6.60259
6.59934
-0.36183
-0.435325
-0.390271
-0.312732
-0.261901
-0.228733
-0.198018
-0.166811
-0.136052
-0.105308
-0.0731475
-0.038121
0.00107557
0.0457925
0.0974941
0.157743
0.227927
0.307964
0.397763
0.497924
0.609018
0.73142
0.86542
1.01122
1.16855
1.33671
1.51487
1.70215
1.89767
2.1005
2.30976
2.52459
2.74419
2.96783
3.19482
3.42456
3.65655
3.8904
4.12565
4.36158
4.59708
4.83073
5.06099
5.28622
5.50464
5.71426
5.9129
6.09838
6.26874
6.42253
6.55903
6.67826
6.78098
6.86834
6.94172
7.00246
7.05177
7.09073
7.12026
7.14119
7.15426
7.16017
7.15961
7.15334
7.14221
7.12715
7.10912
7.08892
7.06716
7.04411
7.02042
6.9968
6.973
6.94912
6.92551
6.90235
6.87976
6.85783
6.83663
6.81622
6.79662
6.77787
6.75998
6.74298
6.72687
6.71165
6.69729
6.68379
6.67105
6.65885
6.64726
6.63647
6.62638
6.61692
6.60809
6.59988
6.59222
6.58492
6.57835
6.57522
-0.417068
-0.830503
-0.765068
-0.639032
-0.582926
-0.559904
-0.538763
-0.517446
-0.499836
-0.486284
-0.475162
-0.464786
-0.45345
-0.438919
-0.417903
-0.385139
-0.340441
-0.288955
-0.232604
-0.170052
-0.0998966
-0.020978
0.0682935
0.170408
0.287051
0.418857
0.566257
0.729273
0.907391
1.0996
1.30478
1.52184
1.74974
1.9874
2.23367
2.4873
2.74695
3.01113
3.27829
3.54684
3.81525
4.08205
4.34585
4.60525
4.85881
5.10505
5.34245
5.56952
5.78481
5.98689
6.17433
6.3458
6.50008
6.63628
6.75401
6.85346
6.93536
7.00094
7.05168
7.08922
7.11519
7.13114
7.13848
7.13849
7.13225
7.12074
7.10477
7.08509
7.0624
7.03752
7.01131
6.98402
6.95588
6.92806
6.90144
6.87591
6.85132
6.8277
6.80502
6.78328
6.76243
6.74247
6.72337
6.70513
6.68773
6.67119
6.6555
6.64065
6.62668
6.61359
6.60124
6.58933
6.57808
6.56777
6.5583
6.5496
6.54157
6.53407
6.52754
6.52354
-0.20428
-0.408018
-0.385588
-0.336062
-0.316728
-0.30985
-0.302177
-0.293425
-0.285688
-0.279667
-0.275435
-0.273305
-0.273953
-0.278487
-0.288617
-0.307568
-0.332618
-0.353303
-0.363281
-0.362315
-0.350656
-0.326551
-0.285385
-0.226947
-0.157698
-0.0813597
0.0033833
0.0998284
0.211674
0.340529
0.487438
0.652921
0.836798
1.03834
1.25655
1.49027
1.73818
1.9988
2.27055
2.55174
2.8406
3.13528
3.43387
3.73438
4.03475
4.33281
4.62624
4.91256
5.18907
5.45295
5.70137
5.93167
6.14152
6.32918
6.49357
6.63444
6.75225
6.84819
6.92392
6.98148
7.02303
7.05075
7.06675
7.07298
7.07121
7.06299
7.04962
7.03216
7.0114
6.98797
6.96238
6.93518
6.90705
6.87874
6.85029
6.82186
6.79435
6.7682
6.74317
6.71921
6.69626
6.67429
6.65323
6.63308
6.61379
6.59536
6.57779
6.5611
6.54528
6.53038
6.51644
6.50356
6.49143
6.4796
6.46843
6.45827
6.44898
6.44051
6.43326
6.42848
-0.214657
-0.436771
-0.432257
-0.394495
-0.381994
-0.379737
-0.375621
-0.369378
-0.362977
-0.357038
-0.351402
-0.345874
-0.340287
-0.334463
-0.328159
-0.321099
-0.312851
-0.303623
-0.294424
-0.286618
-0.281715
-0.28168
-0.290007
-0.304877
-0.315539
-0.312336
-0.290731
-0.24898
-0.191835
-0.124507
-0.0455967
0.0487757
0.161378
0.293827
0.446953
0.620872
0.81518
1.02905
1.26133
1.51057
1.77504
2.05276
2.34157
2.63913
2.94297
3.25052
3.55911
3.866
4.16839
4.46344
4.74833
5.02031
5.27681
5.51554
5.73457
5.93251
6.10853
6.26244
6.39465
6.50615
6.59831
6.67281
6.73143
6.77601
6.80832
6.83001
6.84258
6.84739
6.84561
6.83826
6.82626
6.81044
6.7916
6.77055
6.74802
6.72482
6.70136
6.67768
6.65437
6.63199
6.61043
6.58964
6.5696
6.5503
6.53172
6.51385
6.49669
6.48024
6.46452
6.44955
6.43534
6.42193
6.40938
6.39782
6.38688
6.37623
6.36631
6.35742
6.34985
6.34463
-0.179123
-0.360459
-0.352419
-0.31922
-0.309456
-0.309511
-0.308423
-0.305662
-0.302815
-0.300383
-0.29825
-0.296334
-0.294636
-0.293177
-0.291927
-0.290815
-0.28965
-0.288125
-0.285846
-0.282513
-0.277985
-0.272271
-0.265432
-0.257383
-0.248869
-0.241986
-0.239958
-0.244652
-0.249601
-0.242531
-0.216841
-0.174013
-0.11699
-0.0448937
0.0450973
0.155418
0.287598
0.442353
0.619771
0.819358
1.04014
1.28066
1.53909
1.81325
2.10067
2.39867
2.70441
3.01496
3.32728
3.63834
3.94505
4.24437
4.53332
4.80902
5.06882
5.3104
5.53186
5.7319
5.9098
6.06557
6.19977
6.31349
6.40817
6.48547
6.54712
6.59489
6.63042
6.65532
6.671
6.6788
6.67989
6.67539
6.66627
6.65349
6.6379
6.6203
6.60137
6.58176
6.56178
6.54154
6.52152
6.50201
6.48299
6.46447
6.44646
6.42898
6.41206
6.39571
6.37998
6.36491
6.35053
6.33689
6.32404
6.31203
6.30096
6.29086
6.28127
6.27214
6.26425
6.25839
-0.17105
-0.345672
-0.341323
-0.313098
-0.306951
-0.309883
-0.311401
-0.31096
-0.310056
-0.309145
-0.30808
-0.306746
-0.305098
-0.303122
-0.300776
-0.298035
-0.294868
-0.291282
-0.287305
-0.283021
-0.278517
-0.273893
-0.269192
-0.264382
-0.25928
-0.253644
-0.247245
-0.23981
-0.231341
-0.224501
-0.221096
-0.216455
-0.202546
-0.174265
-0.130391
-0.0700354
0.00911056
0.109649
0.233516
0.381757
0.554656
0.751774
0.972042
1.21379
1.47488
1.75275
2.04451
2.34709
2.65721
2.97154
3.28669
3.59929
3.90597
4.20346
4.48866
4.75867
5.01095
5.24345
5.45469
5.64387
5.81085
5.95615
6.08076
6.18603
6.27352
6.34491
6.40186
6.446
6.47888
6.50197
6.5166
6.52405
6.52547
6.52195
6.51446
6.50388
6.49097
6.47641
6.46071
6.44439
6.4276
6.4105
6.39352
6.37677
6.36026
6.34403
6.32815
6.31266
6.29763
6.28312
6.26918
6.2559
6.24332
6.23153
6.22059
6.21061
6.20167
6.19355
6.18599
6.17965
-0.155396
-0.313182
-0.308568
-0.282902
-0.277793
-0.281289
-0.283788
-0.284755
-0.285493
-0.286354
-0.28715
-0.287735
-0.288038
-0.288028
-0.287653
-0.286878
-0.285656
-0.283961
-0.281757
-0.279034
-0.275777
-0.27201
-0.267754
-0.263071
-0.258027
-0.252734
-0.247277
-0.241703
-0.23592
-0.229668
-0.222286
-0.213589
-0.204688
-0.194992
-0.180137
-0.154468
-0.113833
-0.0551681
0.0245777
0.12812
0.257364
0.413214
0.595638
0.803717
1.03578
1.28953
1.56218
1.85058
2.15134
2.46092
2.77569
3.09204
3.40633
3.71505
4.01474
4.30218
4.57439
4.82879
5.06332
5.27657
5.46784
5.63711
5.78497
5.91245
6.02088
6.11179
6.18677
6.24742
6.29532
6.33199
6.35885
6.37728
6.38854
6.39381
6.39414
6.39052
6.38374
6.37454
6.36347
6.35103
6.33758
6.32354
6.30903
6.29416
6.27922
6.2644
6.24971
6.23519
6.22095
6.20706
6.19363
6.18074
6.16848
6.15694
6.14621
6.13637
6.12753
6.11985
6.11337
6.1074
-0.143142
-0.288857
-0.285854
-0.264188
-0.261928
-0.267833
-0.272969
-0.276788
-0.280399
-0.284024
-0.287414
-0.290394
-0.29287
-0.294799
-0.296124
-0.296815
-0.296841
-0.296201
-0.294891
-0.29294
-0.29037
-0.287225
-0.283538
-0.279327
-0.274576
-0.269355
-0.263775
-0.257928
-0.251865
-0.245654
-0.239303
-0.232565
-0.224599
-0.214534
-0.202373
-0.187406
-0.16608
-0.13304
-0.0829042
-0.0110973
0.0859365
0.210546
0.363817
0.545574
0.754573
0.988701
1.24521
1.52089
1.81222
2.1155
2.42695
2.74278
3.05921
3.37253
3.67914
3.97561
4.2587
4.52556
4.77377
5.00157
5.20787
5.39236
5.5553
5.69752
5.82015
5.92458
6.01228
6.08481
6.14372
6.19053
6.2267
6.25362
6.27261
6.28491
6.29161
6.29372
6.2921
6.2875
6.28051
6.27166
6.26132
6.24985
6.23749
6.22456
6.21129
6.19774
6.184
6.17026
6.15669
6.1434
6.13048
6.11805
6.10618
6.09496
6.08449
6.07488
6.06625
6.05873
6.05243
6.04694
-0.125425
-0.254017
-0.252977
-0.236706
-0.23825
-0.24709
-0.255213
-0.262213
-0.269046
-0.275833
-0.282313
-0.288294
-0.293645
-0.298279
-0.302105
-0.305071
-0.307127
-0.308262
-0.308461
-0.307735
-0.306073
-0.303453
-0.300035
-0.296115
-0.29179
-0.287039
-0.28184
-0.276267
-0.270397
-0.264324
-0.25808
-0.251629
-0.244753
-0.236928
-0.227306
-0.215035
-0.198939
-0.176116
-0.141196
-0.087524
-0.00917686
0.0980515
0.236279
0.405235
0.603486
0.828724
1.07799
1.34787
1.63469
1.93462
2.24378
2.55837
2.87465
3.1888
3.49719
3.79635
4.08299
4.35419
4.60745
4.84089
5.05334
5.24436
5.41413
5.56333
5.69298
5.80435
5.89882
5.97789
6.04303
6.09574
6.13745
6.16957
6.19339
6.21015
6.22097
6.22685
6.22865
6.22712
6.22289
6.21648
6.20829
6.19868
6.18793
6.1763
6.16397
6.15112
6.13798
6.12474
6.11151
6.09843
6.08563
6.07321
6.06125
6.0499
6.03931
6.02958
6.02084
6.01324
6.0068
6.00089
-0.101309
-0.211154
-0.215295
-0.20798
-0.21587
-0.229505
-0.242604
-0.254943
-0.266994
-0.278603
-0.289444
-0.299308
-0.308051
-0.31559
-0.321856
-0.326822
-0.33046
-0.332762
-0.33369
-0.333307
-0.332053
-0.330359
-0.328058
-0.324944
-0.32105
-0.316515
-0.311433
-0.305905
-0.30001
-0.293835
-0.287432
-0.28083
-0.273971
-0.266692
-0.25861
-0.248672
-0.23508
-0.214481
-0.181248
-0.128063
-0.048318
0.0618981
0.204016
0.377443
0.580312
0.809918
1.06301
1.33597
1.62502
1.92626
2.2358
2.54986
2.86467
3.17656
3.48204
3.7778
4.06073
4.32811
4.57768
4.80779
5.01747
5.20641
5.37487
5.52354
5.65333
5.76519
5.86045
5.94056
6.00694
6.06101
6.10416
6.13774
6.16304
6.18123
6.19342
6.20058
6.20355
6.20307
6.19974
6.1941
6.18655
6.17746
6.16711
6.15577
6.14364
6.13093
6.1178
6.10444
6.09099
6.07759
6.06438
6.05149
6.03909
6.02732
6.01631
6.00616
5.99701
5.989
5.9821
5.97559
-0.068431
-0.157412
-0.17123
-0.178015
-0.194799
-0.214686
-0.233767
-0.251736
-0.268655
-0.284361
-0.298654
-0.311422
-0.322584
-0.332103
-0.339928
-0.346012
-0.350278
-0.352878
-0.354503
-0.355628
-0.355834
-0.354823
-0.352723
-0.349705
-0.345899
-0.341446
-0.336463
-0.331075
-0.325367
-0.319408
-0.313188
-0.306588
-0.299164
-0.290056
-0.278847
-0.265019
-0.246861
-0.220385
-0.178281
-0.112068
-0.0153955
0.11403
0.275255
0.466409
0.685009
0.928012
1.19202
1.47341
1.76848
2.0735
2.38481
2.69873
3.01151
3.31961
3.6197
3.90863
4.18352
4.44196
4.68202
4.90246
5.10263
5.28248
5.4424
5.58323
5.70617
5.81228
5.90267
5.97878
6.04196
6.09324
6.13393
6.16537
6.18877
6.2053
6.21597
6.22175
6.22343
6.22172
6.21722
6.21042
6.20173
6.19152
6.18006
6.16762
6.15442
6.14066
6.12651
6.11215
6.09773
6.08342
6.06934
6.05565
6.04246
6.02992
6.01813
6.00723
5.99732
5.98855
5.98084
5.97354
-0.0311178
-0.0887673
-0.122217
-0.147979
-0.174117
-0.199656
-0.223538
-0.245625
-0.265927
-0.284423
-0.301044
-0.315729
-0.328383
-0.338915
-0.347185
-0.353327
-0.358339
-0.362893
-0.36633
-0.368168
-0.368527
-0.367596
-0.365511
-0.362393
-0.358318
-0.353349
-0.34749
-0.340704
-0.332863
-0.323761
-0.313096
-0.300557
-0.285853
-0.26859
-0.247783
-0.22144
-0.185608
-0.134586
-0.0619545
0.0377286
0.16756
0.327863
0.516979
0.732553
0.971767
1.23144
1.50819
1.7985
2.09882
2.40561
2.71541
3.02475
3.33023
3.62861
3.91688
4.19224
4.45225
4.6949
4.91875
5.12297
5.30726
5.47185
5.61726
5.74434
5.85427
5.94846
6.0281
6.09453
6.14938
6.19384
6.22855
6.2545
6.27286
6.28474
6.29114
6.29294
6.2909
6.2857
6.2779
6.26798
6.25633
6.24331
6.22919
6.21422
6.19862
6.18259
6.1663
6.14992
6.1336
6.11749
6.10173
6.08646
6.0718
6.05788
6.04482
6.03272
6.0217
6.01189
6.0032
5.99503
-0.0198126
-0.0562458
-0.0900942
-0.121489
-0.15104
-0.178877
-0.204923
-0.229069
-0.251163
-0.271073
-0.288639
-0.303628
-0.315784
-0.325626
-0.334436
-0.342673
-0.349334
-0.353758
-0.356124
-0.356616
-0.355331
-0.352345
-0.347685
-0.341371
-0.333379
-0.323678
-0.312195
-0.29884
-0.283463
-0.265829
-0.245492
-0.221659
-0.19297
-0.157389
-0.112212
-0.0543072
0.0198165
0.113781
0.230906
0.373496
0.54237
0.736792
0.954946
1.19445
1.45256
1.72625
2.01232
2.3075
2.60849
2.912
3.2148
3.51373
3.80572
4.08794
4.35778
4.61294
4.85149
5.07202
5.27359
5.45583
5.6188
5.76299
5.88911
5.99814
6.0912
6.16955
6.23441
6.28699
6.3286
6.36118
6.38597
6.40319
6.41348
6.41789
6.41736
6.41272
6.40467
6.39383
6.38073
6.36582
6.34948
6.33203
6.31374
6.29485
6.27557
6.25609
6.23657
6.21718
6.19804
6.17932
6.16113
6.1436
6.12685
6.11099
6.09614
6.08239
6.06985
6.05863
6.04864
6.03932
-0.0266059
-0.0592743
-0.0844063
-0.109823
-0.134612
-0.157962
-0.179498
-0.198843
-0.215579
-0.229914
-0.242973
-0.255568
-0.267681
-0.278636
-0.287263
-0.293151
-0.296488
-0.297402
-0.295973
-0.292267
-0.286303
-0.278088
-0.26757
-0.25466
-0.239173
-0.220838
-0.199232
-0.173773
-0.143664
-0.1079
-0.065245
-0.0142626
0.0467023
0.11949
0.206118
0.308661
0.429158
0.569389
0.730659
0.9135
1.11755
1.34159
1.58374
1.84172
2.11293
2.39456
2.68368
2.97725
3.27227
3.56574
3.85473
4.13644
4.40825
4.66778
4.91292
5.14194
5.35352
5.54679
5.72135
5.87722
6.01479
6.13472
6.2379
6.32538
6.39829
6.45786
6.50529
6.54177
6.5684
6.58657
6.59823
6.60397
6.60367
6.59824
6.58856
6.57539
6.55936
6.54105
6.52093
6.49942
6.47686
6.45357
6.42979
6.40575
6.38165
6.35765
6.33391
6.31059
6.2878
6.26569
6.24436
6.22392
6.2045
6.18618
6.16905
6.15322
6.13878
6.12581
6.11422
6.10349
-0.0231679
-0.0408624
-0.0537853
-0.068193
-0.0832328
-0.0984981
-0.113839
-0.129197
-0.144482
-0.15904
-0.171518
-0.181259
-0.188407
-0.193057
-0.195167
-0.194653
-0.191397
-0.185279
-0.176137
-0.163801
-0.148044
-0.128606
-0.105147
-0.0772733
-0.0444914
-0.00623642
0.0381722
0.0895035
0.148656
0.216625
0.294535
0.383583
0.485045
0.600195
0.730268
0.876356
1.03934
1.21975
1.41768
1.6327
1.86381
2.10949
2.36785
2.63665
2.91345
3.19564
3.48051
3.76534
4.04739
4.32402
4.59269
4.85105
5.09695
5.32856
5.54433
5.74311
5.92414
6.08706
6.23188
6.35896
6.4689
6.56254
6.64084
6.70489
6.75582
6.79484
6.82308
6.84169
6.85174
6.85477
6.8522
6.84471
6.83212
6.81524
6.79487
6.7717
6.74629
6.71916
6.69074
6.66142
6.63151
6.6013
6.57102
6.54088
6.51105
6.4817
6.45297
6.42499
6.39788
6.37176
6.34672
6.32286
6.30028
6.27907
6.2593
6.24105
6.22439
6.20941
6.19602
6.1837
-0.0149752
-0.0229051
-0.0304553
-0.0386944
-0.0469999
-0.0549355
-0.0620855
-0.0681133
-0.0727463
-0.0757543
-0.0768376
-0.0756885
-0.0720009
-0.0654844
-0.0558338
-0.042772
-0.0260086
-0.00526693
0.0197649
0.0494061
0.0840297
0.124033
0.169883
0.222081
0.281208
0.347887
0.422817
0.506734
0.600432
0.704718
0.820422
0.948336
1.08922
1.2437
1.41231
1.59532
1.79281
2.00449
2.22975
2.46762
2.71674
2.97543
3.24177
3.5136
3.78861
4.06439
4.3385
4.60851
4.87204
5.12683
5.3708
5.60205
5.81896
6.02023
6.20484
6.37217
6.5219
6.65407
6.769
6.86727
6.94964
7.01703
7.07045
7.111
7.1398
7.15801
7.16671
7.16689
7.15978
7.14756
7.13102
7.10955
7.08381
7.05466
7.02281
6.98884
6.95327
6.91657
6.87912
6.84129
6.80335
6.76558
6.72818
6.69136
6.65526
6.62004
6.58583
6.55275
6.52089
6.49036
6.46125
6.43364
6.4076
6.38322
6.36054
6.33964
6.32057
6.3034
6.28805
6.27399
-0.00331229
-0.000659102
0.00183144
0.00438037
0.00736834
0.011123
0.0159979
0.0223403
0.0305298
0.0409351
0.0539355
0.0698731
0.0890958
0.111931
0.13873
0.169835
0.205622
0.24646
0.292758
0.34493
0.40343
0.46872
0.541308
0.621707
0.710469
0.808146
0.915315
1.03253
1.16035
1.29929
1.44979
1.61224
1.78689
1.97386
2.17309
2.38432
2.60704
2.84051
3.0837
3.33533
3.59388
3.85761
4.1246
4.3928
4.66008
4.92425
5.18315
5.43468
5.67682
5.90773
6.12574
6.32943
6.51765
6.68952
6.84448
6.98227
7.10292
7.20672
7.29417
7.366
7.42303
7.46624
7.49665
7.51537
7.52349
7.52205
7.51202
7.49475
7.47282
7.44675
7.41574
7.38049
7.34188
7.30065
7.25739
7.21265
7.1669
7.12058
7.07404
7.0276
6.98153
6.93608
6.89144
6.8478
6.80531
6.7641
6.72428
6.68596
6.64924
6.6142
6.5809
6.54944
6.51985
6.49221
6.46656
6.44295
6.42142
6.40203
6.38469
6.36891
0.00913681
0.0236585
0.0383719
0.053695
0.0699297
0.0874132
0.106511
0.127574
0.150979
0.177092
0.206304
0.238994
0.275568
0.316413
0.361947
0.412572
0.468718
0.530803
0.599274
0.674567
0.757144
0.847452
0.945962
1.05312
1.16938
1.29516
1.43086
1.57683
1.73338
1.90072
2.07898
2.26818
2.4682
2.67877
2.89945
3.12961
3.36842
3.61486
3.8677
4.12551
4.38673
4.64961
4.91231
5.17293
5.42952
5.68013
5.92289
6.15597
6.37773
6.58666
6.78147
6.96111
7.12475
7.27186
7.40216
7.51563
7.61247
7.69312
7.75818
7.80841
7.84468
7.86796
7.87929
7.8797
7.87015
7.85173
7.82669
7.79724
7.76294
7.72345
7.6796
7.63232
7.58235
7.53035
7.47688
7.42245
7.36751
7.31247
7.25764
7.20335
7.14985
7.09737
7.04608
6.99618
6.94779
6.90105
6.85605
6.8129
6.77167
6.73245
6.69528
6.66023
6.62735
6.59668
6.56826
6.54211
6.51828
6.49679
6.47758
6.46016
0.0219686
0.049413
0.0761503
0.104006
0.13304
0.163578
0.196031
0.23079
0.268268
0.308862
0.352994
0.401069
0.453517
0.510752
0.573213
0.64132
0.715519
0.796233
0.883907
0.97896
1.08182
1.1929
1.31259
1.44124
1.57921
1.72677
1.88416
2.05154
2.22902
2.41658
2.61413
2.82141
3.03807
3.26358
3.4973
3.73837
3.98581
4.23845
4.49498
4.75396
5.01381
5.27287
5.5294
5.78165
6.02785
6.26628
6.49526
6.71328
6.9189
7.11091
7.28826
7.45014
7.59595
7.72532
7.83812
7.93445
8.01457
8.07897
8.12826
8.16319
8.18463
8.19352
8.1908
8.17733
8.15441
8.12592
8.09303
8.05381
8.00874
7.95894
7.90533
7.84873
7.78981
7.72922
7.66752
7.6052
7.5427
7.48041
7.41866
7.35777
7.29796
7.23949
7.18252
7.12723
7.07375
7.02222
6.97273
6.92537
6.88021
6.83733
6.79677
6.75859
6.72282
6.68949
6.65863
6.63027
6.60441
6.58109
6.56023
6.54144
0.0319984
0.0684648
0.102788
0.139056
0.176933
0.216617
0.258512
0.303002
0.350492
0.401377
0.456076
0.514996
0.578565
0.647199
0.721334
0.801384
0.887784
0.980942
1.08128
1.18918
1.30504
1.42921
1.56201
1.70373
1.85463
2.01489
2.18464
2.36391
2.55268
2.75081
2.95806
3.17406
3.39832
3.63021
3.86898
4.1137
4.36334
4.61671
4.87251
5.12932
5.38565
5.63991
5.8905
6.13578
6.37414
6.60401
6.82391
7.03245
7.22838
7.41063
7.57829
7.73063
7.86715
7.98755
8.0917
8.17972
8.25184
8.30851
8.35029
8.37789
8.39209
8.39368
8.38332
8.36264
8.33659
8.30578
8.26735
8.22208
8.17125
8.11591
8.05691
7.99502
7.93094
7.86532
7.7987
7.7316
7.66446
7.59767
7.53158
7.4665
7.40267
7.34033
7.27967
7.22087
7.16407
7.10938
7.05691
7.00676
6.95899
6.91366
6.87083
6.83053
6.79281
6.75768
6.72516
6.69526
6.668
6.64338
6.62134
6.60162
0.038325
0.0797022
0.117869
0.158534
0.201062
0.245556
0.292423
0.342044
0.394828
0.451166
0.511483
0.576183
0.645703
0.720455
0.800879
0.887387
0.980415
1.08036
1.18764
1.30263
1.4257
1.55718
1.69738
1.84654
2.00489
2.17256
2.34964
2.53611
2.73189
2.93677
3.15047
3.37254
3.60245
3.8395
4.0829
4.33168
4.58477
4.84097
5.09895
5.35731
5.61454
5.8691
6.11938
6.3638
6.60078
6.8288
7.04642
7.2523
7.44524
7.62421
7.78832
7.9369
8.06945
8.18569
8.28551
8.36899
8.43637
8.48808
8.52466
8.5468
8.55522
8.55048
8.53371
8.5101
8.48154
8.4452
8.40104
8.35034
8.29425
8.23373
8.16963
8.10276
8.03384
7.96351
7.89234
7.82086
7.7495
7.67869
7.60874
7.53998
7.47266
7.40702
7.34324
7.2815
7.22193
7.16466
7.10978
7.05737
7.00751
6.96025
6.91564
6.8737
6.83447
6.79796
6.76418
6.73314
6.70483
6.67925
6.65636
6.63605
7.72819
7.72755
7.72667
7.72583
7.72509
7.72436
7.72367
7.72298
7.72233
7.72169
7.72107
7.72047
7.71989
7.71931
7.71876
7.71821
7.71768
7.71716
7.71666
7.71615
7.71567
7.71519
7.71472
7.71425
7.7138
7.71335
7.71291
7.71248
7.71205
7.71163
7.71122
7.71081
7.71041
7.71001
7.70962
7.70923
7.70885
7.70847
7.7081
7.70773
7.70736
7.707
7.70664
7.70628
7.70593
7.70558
7.70523
7.70488
7.70454
7.7042
7.70386
7.70352
7.70318
7.70285
7.70251
7.70218
7.70185
7.70152
7.70119
7.70086
7.70053
7.7002
7.69987
7.69954
7.69921
7.69888
7.69855
7.69822
7.69789
7.69756
7.69723
7.6969
7.69657
7.69624
7.6959
7.69557
7.69524
7.6949
7.69457
7.69423
7.6939
7.69356
7.69322
7.69289
7.69255
7.69221
7.69187
7.69153
7.6912
7.69086
7.69052
7.69018
7.68985
7.68951
7.68917
7.68884
7.68853
7.68822
7.68777
7.68719
7.58133
7.57697
7.57325
7.57009
7.56707
7.5641
7.5612
7.55837
7.55562
7.55293
7.55031
7.54774
7.54524
7.54279
7.54039
7.53804
7.53574
7.53348
7.53126
7.52908
7.52694
7.52483
7.52275
7.52071
7.5187
7.51671
7.51476
7.51283
7.51093
7.50906
7.50721
7.50539
7.50359
7.50182
7.50007
7.49834
7.49664
7.49496
7.4933
7.49166
7.49005
7.48846
7.48689
7.48534
7.48381
7.48231
7.48082
7.47936
7.47792
7.4765
7.47511
7.47373
7.47238
7.47105
7.46974
7.46845
7.46719
7.46594
7.46472
7.46352
7.46234
7.46118
7.46004
7.45892
7.45782
7.45675
7.45569
7.45465
7.45363
7.45263
7.45165
7.45069
7.44974
7.4488
7.44789
7.44698
7.44609
7.44521
7.44434
7.44346
7.44259
7.44173
7.44086
7.43999
7.43913
7.43826
7.43739
7.43652
7.43565
7.43477
7.43389
7.43301
7.43212
7.43123
7.43034
7.42945
7.42859
7.42766
7.42643
7.42516
7.52319
7.51835
7.51419
7.51047
7.50686
7.5033
7.4998
7.49638
7.49302
7.48973
7.48651
7.48335
7.48024
7.47719
7.47419
7.47125
7.46835
7.4655
7.4627
7.45995
7.45724
7.45457
7.45195
7.44936
7.44683
7.44433
7.44187
7.43946
7.43709
7.43476
7.43247
7.43022
7.42801
7.42585
7.42372
7.42164
7.4196
7.4176
7.41565
7.41373
7.41186
7.41003
7.40824
7.4065
7.4048
7.40314
7.40153
7.39996
7.39843
7.39695
7.39551
7.39411
7.39276
7.39146
7.39019
7.38897
7.3878
7.38667
7.38558
7.38453
7.38352
7.38256
7.38164
7.38076
7.37991
7.37911
7.37834
7.37761
7.37691
7.37624
7.37561
7.375
7.37442
7.37387
7.37334
7.37283
7.37234
7.37186
7.3714
7.37096
7.37052
7.37009
7.36966
7.36921
7.36876
7.3683
7.36783
7.36734
7.36684
7.36632
7.36577
7.3652
7.3646
7.36397
7.3633
7.36261
7.36188
7.36106
7.36008
7.35922
7.47615
7.4712
7.46683
7.46281
7.4589
7.45503
7.45124
7.44752
7.44387
7.44029
7.43677
7.43332
7.42994
7.42661
7.42335
7.42014
7.417
7.41391
7.41088
7.40791
7.405
7.40214
7.39935
7.39661
7.39393
7.39131
7.38876
7.38626
7.38382
7.38144
7.37912
7.37687
7.37467
7.37254
7.37047
7.36846
7.36652
7.36464
7.36283
7.36108
7.35939
7.35777
7.35622
7.35473
7.35331
7.35195
7.35066
7.34943
7.34827
7.34717
7.34614
7.34517
7.34426
7.34342
7.34264
7.34192
7.34126
7.34066
7.34011
7.33963
7.33919
7.33881
7.33848
7.3382
7.33796
7.33777
7.33761
7.33749
7.33741
7.33736
7.33734
7.33734
7.33736
7.3374
7.33745
7.33751
7.33757
7.33764
7.33769
7.33775
7.33778
7.33781
7.33783
7.33783
7.33781
7.33775
7.33767
7.33754
7.33737
7.33715
7.33688
7.33655
7.33616
7.3357
7.33517
7.33457
7.33389
7.33308
7.33213
7.33142
7.44192
7.43758
7.43366
7.43002
7.42649
7.42303
7.41966
7.41636
7.41315
7.41
7.40693
7.40392
7.40099
7.39812
7.39532
7.39258
7.38991
7.38731
7.38477
7.3823
7.3799
7.37756
7.37529
7.37309
7.37095
7.36888
7.36688
7.36496
7.36309
7.36131
7.35958
7.35793
7.35635
7.35484
7.3534
7.35204
7.35074
7.34951
7.34835
7.34726
7.34624
7.34529
7.3444
7.34359
7.34283
7.34215
7.34153
7.34097
7.34047
7.34003
7.33965
7.33933
7.33906
7.33885
7.33868
7.33856
7.33848
7.33845
7.33846
7.3385
7.33857
7.33867
7.3388
7.33895
7.33912
7.3393
7.33949
7.33969
7.33989
7.34008
7.34027
7.34045
7.34061
7.34076
7.34088
7.34097
7.34103
7.34105
7.34103
7.34097
7.34086
7.3407
7.34049
7.34022
7.33989
7.33949
7.33903
7.3385
7.33791
7.33724
7.3365
7.33568
7.3348
7.33385
7.33282
7.33175
7.33062
7.32938
7.32797
7.32677
7.40743
7.40348
7.39974
7.39628
7.39297
7.38976
7.38664
7.38361
7.38067
7.3778
7.37501
7.3723
7.36965
7.36708
7.36456
7.36212
7.35974
7.35743
7.35518
7.353
7.35088
7.34883
7.34684
7.34492
7.34306
7.34126
7.33953
7.33787
7.33626
7.33472
7.33325
7.33183
7.33048
7.32919
7.32796
7.32679
7.32567
7.32462
7.32362
7.32268
7.32178
7.32095
7.32016
7.31942
7.31873
7.31808
7.31747
7.31691
7.31638
7.31589
7.31543
7.315
7.31459
7.31421
7.31386
7.31351
7.31319
7.31287
7.31256
7.31225
7.31195
7.31164
7.31132
7.311
7.31066
7.3103
7.30992
7.30952
7.30909
7.30862
7.30813
7.30759
7.30702
7.30641
7.30574
7.30504
7.30428
7.30347
7.30261
7.3017
7.30073
7.29971
7.29863
7.2975
7.29631
7.29508
7.29378
7.29244
7.29105
7.28961
7.28813
7.28661
7.28505
7.28346
7.28184
7.2802
7.27858
7.27687
7.27487
7.27294
7.37442
7.37091
7.36739
7.36414
7.36108
7.35814
7.3553
7.35256
7.34991
7.34733
7.34484
7.34242
7.34006
7.33778
7.33555
7.33339
7.33129
7.32925
7.32727
7.32534
7.32348
7.32167
7.31991
7.31822
7.31657
7.31499
7.31345
7.31198
7.31055
7.30917
7.30785
7.30657
7.30534
7.30416
7.30303
7.30194
7.30089
7.29989
7.29892
7.298
7.29711
7.29625
7.29543
7.29463
7.29387
7.29313
7.29241
7.29171
7.29103
7.29037
7.28972
7.28908
7.28845
7.28782
7.28719
7.28656
7.28593
7.28529
7.28464
7.28398
7.28331
7.28261
7.2819
7.28116
7.2804
7.27961
7.27879
7.27793
7.27704
7.27612
7.27516
7.27416
7.27311
7.27203
7.2709
7.26973
7.26851
7.26725
7.26594
7.26458
7.26318
7.26174
7.26025
7.25871
7.25714
7.25552
7.25386
7.25216
7.25043
7.24866
7.24685
7.24502
7.24315
7.24125
7.23933
7.23741
7.23549
7.23351
7.23118
7.22882
7.33851
7.33524
7.33176
7.32857
7.32559
7.32274
7.32
7.31737
7.31482
7.31236
7.30998
7.30766
7.30542
7.30324
7.30112
7.29905
7.29704
7.29509
7.29319
7.29134
7.28954
7.28779
7.28609
7.28443
7.28282
7.28125
7.27973
7.27825
7.27681
7.27541
7.27405
7.27273
7.27144
7.27019
7.26897
7.26779
7.26663
7.2655
7.2644
7.26332
7.26226
7.26123
7.26021
7.25921
7.25822
7.25725
7.25628
7.25532
7.25437
7.25342
7.25247
7.25151
7.25056
7.2496
7.24862
7.24764
7.24664
7.24563
7.2446
7.24355
7.24248
7.24138
7.24026
7.23911
7.23793
7.23673
7.23548
7.23421
7.2329
7.23155
7.23017
7.22875
7.22729
7.22579
7.22425
7.22267
7.22106
7.2194
7.2177
7.21596
7.21419
7.21237
7.21052
7.20863
7.2067
7.20473
7.20274
7.2007
7.19864
7.19654
7.19441
7.19226
7.19007
7.18786
7.18562
7.18337
7.18114
7.17885
7.17615
7.17327
7.30143
7.29839
7.29499
7.29188
7.289
7.28625
7.28361
7.28108
7.27863
7.27627
7.27398
7.27176
7.2696
7.2675
7.26546
7.26347
7.26153
7.25965
7.2578
7.256
7.25425
7.25253
7.25086
7.24922
7.24762
7.24606
7.24453
7.24303
7.24157
7.24014
7.23873
7.23736
7.23601
7.23468
7.23338
7.2321
7.23083
7.22959
7.22836
7.22715
7.22595
7.22476
7.22357
7.2224
7.22122
7.22006
7.21889
7.21772
7.21655
7.21537
7.21418
7.21299
7.21178
7.21056
7.20933
7.20808
7.20681
7.20552
7.20421
7.20288
7.20152
7.20013
7.19872
7.19728
7.1958
7.1943
7.19276
7.19119
7.18959
7.18795
7.18628
7.18457
7.18283
7.18105
7.17923
7.17738
7.17549
7.17356
7.1716
7.1696
7.16757
7.1655
7.16339
7.16126
7.15909
7.15688
7.15465
7.15238
7.15008
7.14775
7.1454
7.14301
7.1406
7.13815
7.13568
7.1332
7.13075
7.12824
7.12532
7.1221
7.26287
7.25996
7.25663
7.25358
7.25075
7.24805
7.24545
7.24295
7.24054
7.23822
7.23596
7.23377
7.23164
7.22956
7.22754
7.22557
7.22364
7.22175
7.21991
7.2181
7.21634
7.2146
7.21291
7.21124
7.2096
7.208
7.20642
7.20486
7.20333
7.20183
7.20034
7.19888
7.19743
7.196
7.19459
7.19319
7.1918
7.19042
7.18905
7.18768
7.18632
7.18497
7.18361
7.18226
7.1809
7.17954
7.17818
7.1768
7.17542
7.17403
7.17263
7.17121
7.16977
7.16832
7.16685
7.16537
7.16385
7.16232
7.16077
7.15918
7.15758
7.15594
7.15428
7.15259
7.15086
7.14911
7.14733
7.14551
7.14367
7.14179
7.13987
7.13793
7.13595
7.13393
7.13189
7.12981
7.12769
7.12554
7.12336
7.12115
7.11891
7.11663
7.11432
7.11198
7.10961
7.10721
7.10477
7.10231
7.09982
7.0973
7.09475
7.09217
7.08956
7.08693
7.08426
7.08158
7.07893
7.07624
7.07313
7.0696
7.22428
7.2215
7.21825
7.21527
7.2125
7.20986
7.20731
7.20486
7.20249
7.20019
7.19796
7.1958
7.19368
7.19162
7.18961
7.18764
7.18571
7.18383
7.18197
7.18016
7.17837
7.17661
7.17488
7.17318
7.1715
7.16985
7.16821
7.1666
7.16501
7.16343
7.16187
7.16032
7.15879
7.15727
7.15575
7.15424
7.15274
7.15125
7.14975
7.14826
7.14677
7.14528
7.14378
7.14228
7.14077
7.13925
7.13773
7.13619
7.13464
7.13308
7.13151
7.12991
7.1283
7.12667
7.12502
7.12335
7.12166
7.11994
7.1182
7.11644
7.11465
7.11283
7.11098
7.10911
7.1072
7.10527
7.10331
7.10131
7.09929
7.09724
7.09515
7.09303
7.09088
7.0887
7.08649
7.08424
7.08197
7.07966
7.07732
7.07495
7.07254
7.07011
7.06765
7.06515
7.06263
7.06007
7.05749
7.05487
7.05223
7.04955
7.04685
7.04412
7.04136
7.03857
7.03575
7.03291
7.03011
7.02728
7.02405
7.02029
7.1861
7.1834
7.18024
7.17733
7.17462
7.17203
7.16952
7.16711
7.16477
7.1625
7.16029
7.15814
7.15604
7.15399
7.15198
7.15002
7.14808
7.14619
7.14432
7.14249
7.14068
7.1389
7.13714
7.13541
7.13369
7.132
7.13032
7.12865
7.127
7.12537
7.12374
7.12212
7.12051
7.11891
7.11731
7.11571
7.11412
7.11252
7.11093
7.10933
7.10773
7.10612
7.1045
7.10288
7.10124
7.0996
7.09794
7.09627
7.09458
7.09288
7.09116
7.08942
7.08766
7.08588
7.08407
7.08225
7.0804
7.07852
7.07662
7.0747
7.07274
7.07076
7.06875
7.06672
7.06465
7.06255
7.06042
7.05827
7.05608
7.05386
7.05161
7.04933
7.04702
7.04468
7.0423
7.0399
7.03746
7.035
7.0325
7.02997
7.02742
7.02483
7.02222
7.01957
7.0169
7.0142
7.01147
7.00871
7.00593
7.00312
7.00028
6.99741
6.99452
6.9916
6.98865
6.98568
6.98275
6.97981
6.97649
6.97252
7.14884
7.14622
7.14313
7.14028
7.13762
7.13507
7.1326
7.13021
7.12789
7.12564
7.12344
7.1213
7.11919
7.11714
7.11511
7.11313
7.11118
7.10926
7.10736
7.10549
7.10364
7.10182
7.10001
7.09822
7.09645
7.09469
7.09294
7.09121
7.08948
7.08777
7.08605
7.08435
7.08264
7.08095
7.07925
7.07755
7.07584
7.07414
7.07243
7.07071
7.06899
7.06726
7.06551
7.06376
7.062
7.06022
7.05842
7.05661
7.05479
7.05294
7.05108
7.0492
7.0473
7.04537
7.04343
7.04146
7.03947
7.03745
7.03541
7.03334
7.03125
7.02913
7.02699
7.02482
7.02262
7.02039
7.01814
7.01586
7.01355
7.01122
7.00885
7.00646
7.00404
7.0016
6.99913
6.99663
6.9941
6.99155
6.98897
6.98636
6.98373
6.98107
6.97839
6.97568
6.97294
6.97018
6.96739
6.96457
6.96173
6.95886
6.95596
6.95303
6.95008
6.9471
6.94408
6.94105
6.93804
6.93503
6.93166
6.9275
7.11267
7.11011
7.1071
7.10432
7.10171
7.09922
7.09679
7.09445
7.09216
7.08994
7.08777
7.08565
7.08357
7.08153
7.07953
7.07756
7.07561
7.07369
7.0718
7.06993
7.06807
7.06624
7.06442
7.06261
7.06082
7.05904
7.05727
7.0555
7.05374
7.05199
7.05024
7.04849
7.04675
7.045
7.04325
7.0415
7.03974
7.03797
7.0362
7.03442
7.03264
7.03084
7.02902
7.0272
7.02536
7.02351
7.02164
7.01976
7.01785
7.01593
7.01399
7.01203
7.01005
7.00804
7.00602
7.00397
7.0019
6.9998
6.99768
6.99553
6.99336
6.99116
6.98893
6.98668
6.9844
6.98209
6.97976
6.9774
6.97501
6.97259
6.97014
6.96767
6.96516
6.96263
6.96006
6.95747
6.95484
6.95219
6.94951
6.94679
6.94405
6.94127
6.93846
6.93562
6.93274
6.92983
6.92689
6.92392
6.9209
6.91786
6.91477
6.91165
6.90849
6.90529
6.90206
6.89879
6.89554
6.8923
6.88869
6.88424
7.07789
7.07539
7.07244
7.06971
7.06714
7.06467
7.06227
7.05993
7.05766
7.05544
7.05326
7.05113
7.04903
7.04697
7.04493
7.04293
7.04095
7.03899
7.03705
7.03513
7.03322
7.03133
7.02945
7.02758
7.02571
7.02386
7.02201
7.02016
7.01832
7.01648
7.01464
7.0128
7.01095
7.00911
7.00725
7.0054
7.00353
7.00165
6.99977
6.99788
6.99597
6.99405
6.99212
6.99017
6.98821
6.98623
6.98423
6.98222
6.98018
6.97813
6.97605
6.97396
6.97184
6.9697
6.96754
6.96535
6.96314
6.9609
6.95864
6.95635
6.95404
6.9517
6.94933
6.94693
6.94451
6.94206
6.93958
6.93707
6.93453
6.93197
6.92937
6.92674
6.92409
6.9214
6.91869
6.91594
6.91317
6.91036
6.90753
6.90466
6.90176
6.89883
6.89587
6.89288
6.88986
6.88681
6.88373
6.88062
6.87748
6.8743
6.8711
6.86787
6.86461
6.86131
6.85799
6.85464
6.85133
6.84804
6.8444
6.83982
7.03865
7.03616
7.03324
7.03052
7.02795
7.02548
7.02306
7.02071
7.01841
7.01615
7.01394
7.01176
7.00962
7.0075
7.00541
7.00334
7.00128
6.99925
6.99723
6.99522
6.99323
6.99124
6.98926
6.98729
6.98532
6.98336
6.9814
6.97944
6.97747
6.97551
6.97354
6.97158
6.9696
6.96762
6.96563
6.96364
6.96163
6.95961
6.95759
6.95555
6.9535
6.95143
6.94935
6.94726
6.94514
6.94302
6.94087
6.93871
6.93652
6.93432
6.9321
6.92985
6.92759
6.9253
6.92299
6.92066
6.91831
6.91593
6.91353
6.91111
6.90866
6.90619
6.90369
6.90117
6.89862
6.89605
6.89346
6.89084
6.88819
6.88552
6.88282
6.8801
6.87736
6.87459
6.8718
6.86898
6.86614
6.86328
6.86039
6.85748
6.85455
6.8516
6.84863
6.84563
6.84261
6.83958
6.83652
6.83345
6.83035
6.82724
6.82411
6.82096
6.81779
6.8146
6.8114
6.80819
6.80501
6.80186
6.79835
6.79414
6.99668
6.99427
6.99143
6.98878
6.98629
6.98387
6.98151
6.97921
6.97696
6.97475
6.97257
6.97042
6.9683
6.96621
6.96413
6.96207
6.96003
6.958
6.95598
6.95396
6.95196
6.94996
6.94796
6.94597
6.94398
6.94199
6.94
6.93801
6.93601
6.93401
6.932
6.92999
6.92797
6.92594
6.9239
6.92185
6.91979
6.91772
6.91564
6.91354
6.91143
6.9093
6.90716
6.905
6.90283
6.90064
6.89843
6.8962
6.89395
6.89168
6.88939
6.88708
6.88475
6.8824
6.88003
6.87763
6.87521
6.87277
6.87031
6.86782
6.86531
6.86278
6.86022
6.85764
6.85504
6.85241
6.84976
6.84709
6.84439
6.84167
6.83893
6.83616
6.83337
6.83056
6.82773
6.82487
6.82199
6.8191
6.81617
6.81323
6.81027
6.80729
6.80428
6.80126
6.79821
6.79515
6.79206
6.78896
6.78583
6.78269
6.77952
6.77633
6.77313
6.7699
6.76664
6.76338
6.76014
6.75693
6.75339
6.74911
6.95641
6.95401
6.9512
6.94856
6.94607
6.94366
6.9413
6.939
6.93673
6.9345
6.9323
6.93013
6.92798
6.92585
6.92373
6.92163
6.91954
6.91746
6.91538
6.91331
6.91124
6.90918
6.90711
6.90505
6.90298
6.90092
6.89884
6.89677
6.89469
6.8926
6.89051
6.8884
6.88629
6.88417
6.88204
6.8799
6.87775
6.87558
6.8734
6.87121
6.86901
6.86679
6.86455
6.8623
6.86003
6.85775
6.85545
6.85313
6.85079
6.84844
6.84606
6.84367
6.84126
6.83883
6.83638
6.83391
6.83141
6.8289
6.82637
6.82382
6.82125
6.81866
6.81605
6.81342
6.81076
6.80809
6.8054
6.80269
6.79996
6.7972
6.79443
6.79164
6.78883
6.786
6.78315
6.78029
6.7774
6.77449
6.77157
6.76863
6.76567
6.76269
6.75969
6.75667
6.75364
6.75058
6.7475
6.74441
6.74129
6.73816
6.735
6.73182
6.72862
6.72539
6.72214
6.71887
6.71562
6.71239
6.70885
6.70452
6.91818
6.91581
6.91303
6.91043
6.90796
6.90557
6.90323
6.90094
6.89868
6.89646
6.89426
6.89209
6.88993
6.88779
6.88566
6.88355
6.88144
6.87933
6.87723
6.87513
6.87304
6.87094
6.86884
6.86674
6.86464
6.86253
6.86042
6.8583
6.85618
6.85405
6.85191
6.84976
6.8476
6.84544
6.84326
6.84107
6.83887
6.83666
6.83443
6.83219
6.82994
6.82768
6.82539
6.8231
6.82079
6.81846
6.81612
6.81376
6.81138
6.80899
6.80658
6.80415
6.8017
6.79924
6.79675
6.79425
6.79174
6.7892
6.78664
6.78407
6.78147
6.77886
6.77623
6.77358
6.77092
6.76823
6.76553
6.7628
6.76006
6.7573
6.75452
6.75172
6.74891
6.74607
6.74322
6.74035
6.73746
6.73455
6.73162
6.72867
6.72571
6.72273
6.71972
6.7167
6.71366
6.7106
6.70751
6.70441
6.70129
6.69814
6.69497
6.69178
6.68857
6.68533
6.68207
6.67878
6.67552
6.67229
6.66877
6.66446
6.88144
6.87907
6.87628
6.87367
6.87119
6.86879
6.86644
6.86413
6.86185
6.85961
6.85739
6.85519
6.853
6.85083
6.84867
6.84652
6.84437
6.84223
6.84008
6.83794
6.8358
6.83366
6.83151
6.82936
6.82721
6.82505
6.82289
6.82072
6.81854
6.81636
6.81417
6.81197
6.80976
6.80754
6.80531
6.80307
6.80082
6.79856
6.79629
6.794
6.7917
6.78939
6.78707
6.78473
6.78238
6.78001
6.77763
6.77524
6.77283
6.7704
6.76796
6.76551
6.76304
6.76055
6.75805
6.75553
6.75299
6.75044
6.74787
6.74529
6.74269
6.74007
6.73744
6.73479
6.73212
6.72944
6.72674
6.72403
6.7213
6.71855
6.71578
6.713
6.7102
6.70739
6.70456
6.70171
6.69884
6.69596
6.69306
6.69014
6.68721
6.68426
6.68129
6.6783
6.67529
6.67227
6.66922
6.66616
6.66307
6.65996
6.65684
6.65369
6.65051
6.64732
6.64409
6.64085
6.63763
6.63443
6.63097
6.62672
6.84622
6.84384
6.84104
6.83842
6.83593
6.83351
6.83114
6.82882
6.82653
6.82427
6.82203
6.81981
6.8176
6.81541
6.81322
6.81104
6.80886
6.80669
6.80452
6.80235
6.80018
6.79801
6.79583
6.79365
6.79147
6.78928
6.78708
6.78489
6.78268
6.78047
6.77825
6.77602
6.77378
6.77154
6.76929
6.76702
6.76475
6.76247
6.76017
6.75787
6.75556
6.75323
6.75089
6.74854
6.74618
6.7438
6.74142
6.73902
6.7366
6.73418
6.73174
6.72929
6.72682
6.72434
6.72184
6.71933
6.71681
6.71428
6.71172
6.70916
6.70658
6.70398
6.70138
6.69875
6.69611
6.69346
6.69079
6.68811
6.68541
6.6827
6.67997
6.67723
6.67447
6.67169
6.6689
6.6661
6.66328
6.66044
6.65758
6.65471
6.65183
6.64892
6.646
6.64306
6.6401
6.63713
6.63413
6.63112
6.62809
6.62503
6.62196
6.61886
6.61575
6.61261
6.60944
6.60626
6.60309
6.59995
6.59658
6.59244
6.81222
6.80982
6.80698
6.80432
6.8018
6.79935
6.79695
6.79459
6.79227
6.78998
6.78771
6.78546
6.78322
6.78099
6.77877
6.77656
6.77435
6.77215
6.76994
6.76774
6.76554
6.76333
6.76112
6.75891
6.7567
6.75448
6.75226
6.75004
6.74781
6.74557
6.74333
6.74108
6.73883
6.73656
6.73429
6.73202
6.72973
6.72744
6.72514
6.72283
6.72051
6.71818
6.71585
6.7135
6.71114
6.70878
6.7064
6.70401
6.70161
6.6992
6.69678
6.69435
6.69191
6.68946
6.68699
6.68451
6.68202
6.67953
6.67701
6.67449
6.67195
6.6694
6.66684
6.66427
6.66168
6.65909
6.65647
6.65385
6.65121
6.64856
6.6459
6.64322
6.64053
6.63783
6.63511
6.63238
6.62963
6.62687
6.6241
6.62131
6.6185
6.61568
6.61285
6.60999
6.60712
6.60424
6.60134
6.59841
6.59548
6.59252
6.58954
6.58654
6.58352
6.58048
6.57742
6.57434
6.57127
6.56823
6.56497
6.561
6.77932
6.77688
6.77399
6.77128
6.76872
6.76623
6.76379
6.7614
6.75904
6.75672
6.75442
6.75214
6.74987
6.74761
6.74537
6.74313
6.7409
6.73867
6.73645
6.73422
6.732
6.72978
6.72756
6.72534
6.72311
6.72088
6.71866
6.71642
6.71419
6.71195
6.70971
6.70746
6.70521
6.70296
6.7007
6.69843
6.69616
6.69389
6.6916
6.68931
6.68702
6.68471
6.6824
6.68009
6.67776
6.67543
6.67309
6.67074
6.66838
6.66602
6.66364
6.66126
6.65887
6.65647
6.65406
6.65164
6.64921
6.64678
6.64433
6.64187
6.63941
6.63693
6.63444
6.63195
6.62944
6.62692
6.62439
6.62186
6.6193
6.61674
6.61417
6.61159
6.60899
6.60639
6.60377
6.60113
6.59849
6.59583
6.59316
6.59048
6.58779
6.58508
6.58235
6.57961
6.57686
6.57409
6.57131
6.5685
6.56569
6.56285
6.56
6.55713
6.55424
6.55133
6.54839
6.54544
6.5425
6.53959
6.53649
6.53273
6.7474
6.74492
6.74197
6.73921
6.73659
6.73406
6.73157
6.72914
6.72675
6.72438
6.72204
6.71973
6.71743
6.71514
6.71287
6.71061
6.70835
6.7061
6.70385
6.70161
6.69937
6.69713
6.6949
6.69266
6.69043
6.6882
6.68597
6.68374
6.68151
6.67928
6.67704
6.67481
6.67257
6.67034
6.66809
6.66585
6.66361
6.66136
6.65911
6.65686
6.6546
6.65234
6.65007
6.6478
6.64553
6.64325
6.64097
6.63868
6.63639
6.63409
6.63179
6.62948
6.62716
6.62484
6.62252
6.62018
6.61784
6.6155
6.61315
6.61079
6.60842
6.60605
6.60367
6.60128
6.59888
6.59648
6.59407
6.59165
6.58922
6.58678
6.58434
6.58188
6.57942
6.57694
6.57446
6.57196
6.56946
6.56694
6.56442
6.56188
6.55933
6.55677
6.55419
6.55161
6.549
6.54639
6.54376
6.54112
6.53846
6.53579
6.5331
6.5304
6.52767
6.52493
6.52217
6.51939
6.51662
6.51388
6.51097
6.50748
6.71621
6.71364
6.7106
6.70776
6.70507
6.70248
6.69994
6.69745
6.69501
6.69261
6.69024
6.68789
6.68557
6.68326
6.68097
6.67869
6.67643
6.67417
6.67193
6.66969
6.66746
6.66523
6.66301
6.6608
6.65859
6.65638
6.65418
6.65198
6.64978
6.64759
6.6454
6.64321
6.64102
6.63884
6.63666
6.63447
6.63229
6.63011
6.62792
6.62574
6.62356
6.62137
6.61919
6.617
6.61481
6.61263
6.61043
6.60824
6.60605
6.60385
6.60165
6.59944
6.59724
6.59503
6.59281
6.5906
6.58837
6.58615
6.58392
6.58168
6.57945
6.5772
6.57495
6.5727
6.57044
6.56817
6.5659
6.56362
6.56134
6.55905
6.55675
6.55445
6.55214
6.54982
6.54749
6.54516
6.54281
6.54046
6.5381
6.53573
6.53335
6.53097
6.52857
6.52616
6.52374
6.52131
6.51887
6.51642
6.51396
6.51148
6.50899
6.50648
6.50396
6.50142
6.49887
6.49629
6.49373
6.49118
6.4885
6.48532
6.68591
6.68331
6.68021
6.67732
6.67459
6.67194
6.66936
6.66683
6.66435
6.66192
6.65951
6.65713
6.65478
6.65245
6.65013
6.64784
6.64556
6.64329
6.64103
6.63879
6.63655
6.63433
6.63211
6.62991
6.62771
6.62552
6.62334
6.62117
6.619
6.61684
6.61468
6.61254
6.6104
6.60826
6.60613
6.60401
6.60189
6.59977
6.59766
6.59555
6.59345
6.59135
6.58925
6.58716
6.58507
6.58298
6.58089
6.57881
6.57673
6.57464
6.57256
6.57048
6.56841
6.56633
6.56425
6.56217
6.5601
6.55802
6.55594
6.55386
6.55178
6.5497
6.54762
6.54554
6.54345
6.54137
6.53928
6.53718
6.53509
6.53299
6.53089
6.52878
6.52668
6.52456
6.52245
6.52032
6.5182
6.51606
6.51392
6.51178
6.50963
6.50747
6.5053
6.50312
6.50093
6.49874
6.49653
6.49431
6.49208
6.48984
6.48758
6.48531
6.48302
6.48072
6.4784
6.47607
6.47374
6.47142
6.469
6.46619
6.65572
6.65294
6.64968
6.64665
6.64381
6.64108
6.63842
6.63583
6.6333
6.63083
6.6284
6.62601
6.62366
6.62134
6.61904
6.61677
6.61452
6.61229
6.61008
6.60789
6.60571
6.60355
6.60141
6.59928
6.59716
6.59506
6.59297
6.59089
6.58882
6.58677
6.58472
6.58269
6.58067
6.57865
6.57665
6.57466
6.57267
6.57069
6.56872
6.56676
6.5648
6.56285
6.56091
6.55897
6.55704
6.55512
6.5532
6.55128
6.54937
6.54746
6.54556
6.54366
6.54176
6.53987
6.53798
6.53609
6.5342
6.53232
6.53044
6.52856
6.52667
6.5248
6.52291
6.52103
6.51915
6.51727
6.51539
6.51351
6.51162
6.50973
6.50784
6.50595
6.50405
6.50215
6.50025
6.49834
6.49642
6.49451
6.49258
6.49065
6.48871
6.48676
6.48481
6.48285
6.48088
6.47891
6.47693
6.47493
6.47294
6.47093
6.46891
6.46689
6.46486
6.46282
6.46078
6.45873
6.45669
6.45467
6.45256
6.45017
6.6271
6.62447
6.62123
6.61821
6.61537
6.61262
6.60994
6.60733
6.60477
6.60227
6.5998
6.59738
6.59499
6.59263
6.5903
6.588
6.58573
6.58348
6.58125
6.57904
6.57686
6.57469
6.57255
6.57042
6.56831
6.56623
6.56415
6.5621
6.56007
6.55805
6.55605
6.55406
6.55209
6.55014
6.5482
6.54627
6.54436
6.54246
6.54058
6.53871
6.53685
6.53501
6.53317
6.53135
6.52954
6.52774
6.52595
6.52418
6.52241
6.52065
6.5189
6.51716
6.51542
6.5137
6.51198
6.51027
6.50857
6.50688
6.50519
6.50351
6.50183
6.50016
6.49849
6.49683
6.49517
6.49352
6.49187
6.49022
6.48858
6.48694
6.4853
6.48367
6.48203
6.4804
6.47877
6.47714
6.47551
6.47388
6.47226
6.47063
6.46901
6.46738
6.46576
6.46414
6.46252
6.46089
6.45927
6.45765
6.45603
6.4544
6.45277
6.45114
6.44951
6.44786
6.4462
6.44454
6.44287
6.44118
6.43938
6.4374
6.59573
6.59263
6.58914
6.58594
6.58296
6.58012
6.57738
6.57474
6.57219
6.56971
6.5673
6.56495
6.56265
6.5604
6.55819
6.55602
6.55389
6.55179
6.54973
6.5477
6.54569
6.54372
6.54177
6.53985
6.53796
6.53609
6.53424
6.53242
6.53062
6.52884
6.52709
6.52536
6.52364
6.52195
6.52027
6.51862
6.51698
6.51536
6.51375
6.51217
6.51059
6.50904
6.50749
6.50597
6.50445
6.50295
6.50146
6.49998
6.49851
6.49706
6.49561
6.49417
6.49275
6.49133
6.48992
6.48852
6.48712
6.48573
6.48435
6.48298
6.48161
6.48024
6.47888
6.47753
6.47618
6.47483
6.47349
6.47215
6.47081
6.46947
6.46814
6.46681
6.46548
6.46415
6.46283
6.4615
6.46017
6.45885
6.45752
6.45619
6.45486
6.45352
6.45218
6.45084
6.44949
6.44813
6.44676
6.44538
6.44398
6.44257
6.44113
6.43967
6.43819
6.43667
6.43511
6.43352
6.4319
6.4302
6.42836
6.42667
6.57264
6.5698
6.56637
6.56316
6.56015
6.55726
6.55445
6.55173
6.54907
6.54648
6.54395
6.54147
6.53904
6.53666
6.53432
6.53202
6.52976
6.52754
6.52536
6.52321
6.52109
6.51901
6.51696
6.51494
6.51296
6.511
6.50908
6.50718
6.50532
6.50348
6.50168
6.4999
6.49815
6.49642
6.49472
6.49305
6.49141
6.48978
6.48819
6.48662
6.48507
6.48354
6.48204
6.48055
6.47909
6.47766
6.47624
6.47484
6.47346
6.4721
6.47076
6.46944
6.46814
6.46685
6.46558
6.46433
6.46309
6.46187
6.46066
6.45947
6.45829
6.45713
6.45598
6.45484
6.45372
6.4526
6.4515
6.45041
6.44933
6.44826
6.4472
6.44614
6.4451
6.44406
6.44303
6.442
6.44097
6.43995
6.43893
6.43792
6.4369
6.43587
6.43485
6.43382
6.43278
6.43173
6.43067
6.4296
6.42851
6.42741
6.42628
6.42513
6.42395
6.42274
6.42151
6.42025
6.41894
6.41751
6.41603
6.41523
6.52034
6.51784
6.5142
6.51066
6.50736
6.50418
6.5011
6.49811
6.4952
6.49236
6.48959
6.48688
6.48422
6.48163
6.47909
6.47659
6.47415
6.47175
6.4694
6.46709
6.46483
6.46261
6.46044
6.45831
6.45622
6.45417
6.45217
6.4502
6.44828
6.4464
6.44456
6.44277
6.44101
6.43929
6.43761
6.43597
6.43437
6.43281
6.43129
6.42981
6.42837
6.42696
6.42559
6.42426
6.42297
6.42171
6.42049
6.41931
6.41816
6.41705
6.41597
6.41493
6.41392
6.41295
6.41201
6.41111
6.41024
6.4094
6.4086
6.40782
6.40708
6.40638
6.4057
6.40506
6.40444
6.40386
6.4033
6.40278
6.40229
6.40182
6.40139
6.40098
6.4006
6.40025
6.39993
6.39963
6.39936
6.39912
6.39891
6.39872
6.39856
6.39843
6.39833
6.39825
6.3982
6.39818
6.39819
6.39822
6.39829
6.39839
6.39852
6.39867
6.39887
6.39909
6.39935
6.39964
6.39994
6.40023
6.40077
6.40194
6.42466
6.42181
6.41784
6.41404
6.41054
6.40724
6.40409
6.40109
6.39822
6.39549
6.39288
6.39039
6.38801
6.38574
6.38356
6.3815
6.37952
6.37765
6.37587
6.37418
6.37258
6.37107
6.36965
6.36831
6.36706
6.3659
6.36482
6.36382
6.3629
6.36206
6.3613
6.36062
6.36002
6.35949
6.35904
6.35866
6.35835
6.35812
6.35795
6.35786
6.35783
6.35787
6.35798
6.35815
6.35838
6.35868
6.35904
6.35945
6.35993
6.36046
6.36106
6.3617
6.3624
6.36316
6.36397
6.36482
6.36573
6.36669
6.36769
6.36874
6.36984
6.37098
6.37217
6.37339
6.37466
6.37597
6.37732
6.37871
6.38014
6.3816
6.38311
6.38464
6.38622
6.38783
6.38947
6.39115
6.39286
6.3946
6.39638
6.3982
6.40004
6.40192
6.40384
6.40579
6.40777
6.40979
6.41184
6.41393
6.41606
6.41823
6.42043
6.42267
6.42495
6.42727
6.42963
6.43202
6.43436
6.43672
6.43963
6.44339
6.3409
6.33798
6.33387
6.32996
6.3264
6.32308
6.31997
6.31705
6.31431
6.31175
6.30935
6.30712
6.30504
6.30311
6.30133
6.29969
6.29819
6.29683
6.29561
6.29452
6.29355
6.29272
6.29202
6.29144
6.29098
6.29065
6.29043
6.29034
6.29037
6.29051
6.29076
6.29113
6.29161
6.29221
6.2929
6.29371
6.29462
6.29564
6.29675
6.29797
6.29928
6.30069
6.30219
6.30379
6.30548
6.30725
6.30912
6.31107
6.3131
6.31522
6.31741
6.31969
6.32204
6.32446
6.32696
6.32953
6.33217
6.33488
6.33766
6.3405
6.3434
6.34637
6.34939
6.35248
6.35562
6.35881
6.36207
6.36537
6.36873
6.37214
6.3756
6.37911
6.38267
6.38627
6.38993
6.39363
6.39737
6.40117
6.40501
6.4089
6.41284
6.41682
6.42085
6.42494
6.42908
6.43326
6.43751
6.44181
6.44616
6.45058
6.45505
6.45959
6.46418
6.46884
6.47356
6.47831
6.48301
6.48776
6.49331
6.49981
6.25421
6.25116
6.247
6.2431
6.23961
6.23642
6.23351
6.23085
6.22845
6.22628
6.22435
6.22265
6.22117
6.2199
6.21885
6.21799
6.21734
6.21689
6.21663
6.21656
6.21668
6.21699
6.21747
6.21814
6.21899
6.22001
6.2212
6.22256
6.22408
6.22578
6.22763
6.22964
6.23181
6.23412
6.23659
6.23921
6.24197
6.24487
6.2479
6.25108
6.25438
6.25781
6.26137
6.26505
6.26885
6.27277
6.2768
6.28094
6.28519
6.28954
6.29399
6.29854
6.30318
6.30792
6.31274
6.31766
6.32265
6.32772
6.33288
6.3381
6.3434
6.34877
6.35421
6.35971
6.36527
6.37089
6.37658
6.38231
6.3881
6.39394
6.39984
6.40578
6.41177
6.4178
6.42389
6.43002
6.43619
6.44241
6.44868
6.45499
6.46135
6.46777
6.47423
6.48075
6.48733
6.49397
6.50067
6.50745
6.5143
6.52122
6.52823
6.53532
6.54251
6.54978
6.55716
6.56459
6.57197
6.5795
6.58814
6.59775
6.17534
6.17239
6.16842
6.16475
6.16153
6.1587
6.15619
6.15401
6.15215
6.1506
6.14934
6.14838
6.14771
6.14731
6.14719
6.14734
6.14775
6.14842
6.14935
6.15052
6.15195
6.15361
6.15552
6.15766
6.16003
6.16262
6.16544
6.16848
6.17173
6.1752
6.17887
6.18274
6.18681
6.19107
6.19552
6.20016
6.20498
6.20997
6.21513
6.22046
6.22595
6.2316
6.2374
6.24335
6.24945
6.25568
6.26204
6.26854
6.27516
6.2819
6.28876
6.29572
6.3028
6.30998
6.31725
6.32462
6.33209
6.33963
6.34726
6.35497
6.36275
6.37061
6.37853
6.38651
6.39456
6.40266
6.41081
6.41902
6.42728
6.43558
6.44393
6.45232
6.46075
6.46922
6.47773
6.48628
6.49487
6.50349
6.51216
6.52088
6.52963
6.53844
6.5473
6.55621
6.56519
6.57423
6.58335
6.59255
6.60185
6.61124
6.62074
6.63035
6.64009
6.64995
6.65996
6.67004
6.68008
6.69038
6.70202
6.71439
6.10289
6.10001
6.0963
6.09295
6.09013
6.08775
6.08578
6.08422
6.08305
6.08227
6.08186
6.08183
6.08216
6.08284
6.08388
6.08526
6.08698
6.08903
6.0914
6.0941
6.09711
6.10042
6.10404
6.10796
6.11217
6.11666
6.12144
6.12649
6.1318
6.13738
6.14321
6.14929
6.15561
6.16216
6.16895
6.17596
6.18318
6.19062
6.19825
6.20608
6.2141
6.22231
6.23068
6.23923
6.24794
6.2568
6.26582
6.27497
6.28426
6.29368
6.30323
6.31289
6.32266
6.33253
6.34251
6.35257
6.36273
6.37296
6.38327
6.39365
6.4041
6.41461
6.42517
6.43578
6.44644
6.45714
6.46788
6.47866
6.48946
6.5003
6.51116
6.52204
6.53294
6.54386
6.5548
6.56575
6.57673
6.58772
6.59874
6.60978
6.62084
6.63194
6.64308
6.65426
6.66549
6.67678
6.68815
6.6996
6.71114
6.7228
6.73458
6.7465
6.75857
6.77081
6.78321
6.79573
6.80824
6.82113
6.83556
6.85028
6.04335
6.04095
6.0376
6.03467
6.03234
6.03054
6.02922
6.02838
6.02802
6.02813
6.0287
6.02972
6.03119
6.03309
6.03543
6.03818
6.04136
6.04494
6.04892
6.05329
6.05805
6.06319
6.06869
6.07456
6.08078
6.08734
6.09424
6.10146
6.109
6.11685
6.12501
6.13345
6.14218
6.15118
6.16045
6.16997
6.17973
6.18973
6.19996
6.21041
6.22106
6.23192
6.24296
6.25419
6.26558
6.27714
6.28886
6.30071
6.31271
6.32483
6.33707
6.34942
6.36188
6.37443
6.38706
6.39978
6.41257
6.42542
6.43833
6.45129
6.4643
6.47734
6.49042
6.50352
6.51664
6.52977
6.54291
6.55606
6.56921
6.58235
6.59549
6.60862
6.62173
6.63483
6.64792
6.66099
6.67405
6.6871
6.70013
6.71315
6.72617
6.73918
6.75221
6.76526
6.77834
6.79147
6.80465
6.81791
6.83127
6.84473
6.85833
6.87209
6.88602
6.90015
6.91448
6.92895
6.94346
6.95847
6.9751
6.99138
5.9975
5.99608
5.99385
5.99158
5.98977
5.98857
5.98794
5.98788
5.98838
5.98942
5.99102
5.99315
5.99581
5.999
6.0027
6.00691
6.01162
6.01682
6.0225
6.02865
6.03525
6.04231
6.0498
6.05772
6.06606
6.0748
6.08394
6.09345
6.10334
6.11358
6.12417
6.13508
6.14632
6.15787
6.16972
6.18184
6.19424
6.20689
6.2198
6.23293
6.24628
6.25983
6.27358
6.28751
6.30161
6.31587
6.33028
6.34481
6.35948
6.37425
6.38913
6.4041
6.41915
6.43427
6.44945
6.46469
6.47996
6.49528
6.51061
6.52597
6.54133
6.55669
6.57204
6.58737
6.60268
6.61796
6.63322
6.64843
6.6636
6.67872
6.69379
6.70881
6.72376
6.73866
6.7535
6.76827
6.78298
6.79764
6.81223
6.82678
6.84127
6.85573
6.87016
6.88457
6.89897
6.91339
6.92784
6.94233
6.95691
6.97158
6.98638
7.00134
7.01649
7.03185
7.04744
7.06319
7.07904
7.09551
7.11357
7.13052
5.97213
5.971
5.96946
5.9682
5.96716
5.96648
5.96643
5.96706
5.96834
5.97027
5.97284
5.97604
5.97986
5.9843
5.98935
5.995
6.00123
6.00803
6.0154
6.02332
6.03177
6.04074
6.05023
6.0602
6.07066
6.08157
6.09294
6.10473
6.11695
6.12956
6.14255
6.15591
6.16962
6.18366
6.19802
6.21268
6.22763
6.24284
6.2583
6.27399
6.28989
6.30599
6.32229
6.33875
6.35536
6.37212
6.38901
6.406
6.4231
6.44027
6.45753
6.47483
6.49219
6.50957
6.52698
6.5444
6.56182
6.57923
6.59662
6.61397
6.63129
6.64855
6.66576
6.6829
6.69997
6.71696
6.73387
6.75068
6.76739
6.78399
6.80049
6.81688
6.83315
6.8493
6.86534
6.88125
6.89704
6.91272
6.92828
6.94373
6.95909
6.97434
6.98952
7.00462
7.01967
7.03469
7.04969
7.06471
7.07977
7.0949
7.11014
7.12553
7.14109
7.15688
7.17291
7.18911
7.20546
7.22252
7.24104
7.25762
5.96983
5.96867
5.9672
5.96617
5.96579
5.9658
5.96621
5.96735
5.96926
5.97191
5.9753
5.97942
5.98427
5.98982
5.99608
6.00303
6.01065
6.01894
6.02788
6.03744
6.04762
6.0584
6.06975
6.08167
6.09412
6.10709
6.12056
6.13451
6.14891
6.16375
6.17901
6.19466
6.21068
6.22705
6.24375
6.26076
6.27806
6.29561
6.31342
6.33145
6.34969
6.36811
6.38671
6.40545
6.42432
6.4433
6.46238
6.48153
6.50075
6.52
6.53928
6.55858
6.57787
6.59714
6.61638
6.63557
6.65471
6.67378
6.69277
6.71166
6.73045
6.74913
6.76769
6.78612
6.80441
6.82255
6.84054
6.85836
6.87603
6.89352
6.91083
6.92797
6.94492
6.96168
6.97827
6.99466
7.01087
7.0269
7.04275
7.05842
7.07393
7.08928
7.10449
7.11957
7.13454
7.14942
7.16423
7.17901
7.19378
7.20859
7.22347
7.23847
7.25363
7.26899
7.28458
7.30035
7.31632
7.33304
7.35097
7.36624
5.99074
5.98917
5.9875
5.98636
5.986
5.98636
5.98727
5.9888
5.99116
5.99437
5.99841
6.00328
6.00896
6.01546
6.02275
6.03083
6.03968
6.04927
6.0596
6.07065
6.08239
6.09479
6.10784
6.12152
6.1358
6.15064
6.16604
6.18195
6.19837
6.21524
6.23257
6.2503
6.26842
6.28691
6.30572
6.32485
6.34425
6.36391
6.3838
6.40389
6.42417
6.4446
6.46516
6.48582
6.50658
6.5274
6.54826
6.56914
6.59003
6.61089
6.63173
6.65251
6.67323
6.69385
6.71438
6.73479
6.75508
6.77522
6.79521
6.81504
6.83469
6.85415
6.87341
6.89247
6.91133
6.92995
6.94836
6.96653
6.98446
7.00215
7.01959
7.03678
7.05372
7.07041
7.08684
7.10301
7.11894
7.13462
7.15005
7.16524
7.18021
7.19495
7.20949
7.22384
7.23802
7.25205
7.26596
7.27977
7.29354
7.30728
7.32106
7.33491
7.34888
7.36302
7.37737
7.39188
7.4066
7.42208
7.43845
7.4516
6.03405
6.03164
6.02944
6.02789
6.02721
6.0274
6.02834
6.03007
6.03272
6.03632
6.04084
6.0463
6.05267
6.05995
6.06813
6.07718
6.08709
6.09784
6.10941
6.12177
6.13489
6.14876
6.16333
6.17858
6.19449
6.21101
6.22812
6.24578
6.26396
6.28263
6.30175
6.32129
6.34123
6.36151
6.38212
6.40302
6.42417
6.44555
6.46713
6.48887
6.51075
6.53273
6.5548
6.57691
6.59906
6.6212
6.64332
6.6654
6.68741
6.70932
6.73113
6.75281
6.77435
6.79572
6.81691
6.83791
6.8587
6.87927
6.89961
6.9197
6.93954
6.95911
6.97841
6.99743
7.01616
7.0346
7.05273
7.07057
7.08809
7.1053
7.12219
7.13877
7.15503
7.17097
7.18659
7.2019
7.21689
7.23158
7.24596
7.26004
7.27384
7.28736
7.30062
7.31363
7.32642
7.33901
7.35142
7.36368
7.37584
7.38793
7.4
7.41209
7.42426
7.43655
7.44899
7.46158
7.47437
7.48784
7.50185
7.51239
6.09688
6.09326
6.09018
6.08792
6.08663
6.08635
6.08705
6.08877
6.09152
6.0953
6.10013
6.10597
6.11284
6.12072
6.12958
6.13941
6.15019
6.1619
6.17449
6.18795
6.20225
6.21735
6.23321
6.24979
6.26708
6.28501
6.30355
6.32267
6.34233
6.36248
6.38308
6.40409
6.42548
6.4472
6.46922
6.4915
6.51399
6.53667
6.55949
6.58242
6.60543
6.62848
6.65155
6.6746
6.6976
6.72052
6.74335
6.76605
6.78859
6.81097
6.83315
6.85512
6.87686
6.89834
6.91957
6.94051
6.96117
6.98152
7.00156
7.02127
7.04065
7.05968
7.07838
7.09671
7.11469
7.1323
7.14954
7.16641
7.18292
7.19904
7.21479
7.23017
7.24517
7.2598
7.27407
7.28796
7.30149
7.31467
7.3275
7.33998
7.35214
7.36397
7.3755
7.38675
7.39772
7.40845
7.41896
7.42928
7.43945
7.4495
7.45948
7.46943
7.4794
7.48944
7.49958
7.5098
7.52021
7.53117
7.54231
7.55007
6.17551
6.17042
6.1662
6.16298
6.16089
6.15994
6.16024
6.16179
6.16449
6.16833
6.17331
6.17943
6.18667
6.195
6.20443
6.2149
6.22641
6.23892
6.25238
6.26678
6.28206
6.2982
6.31513
6.33283
6.35125
6.37034
6.39005
6.41033
6.43115
6.45245
6.47418
6.4963
6.51877
6.54152
6.56453
6.58773
6.61111
6.6346
6.65817
6.68178
6.70539
6.72897
6.75248
6.77589
6.79916
6.82227
6.84519
6.8679
6.89036
6.91256
6.93448
6.9561
6.9774
6.99836
7.01898
7.03923
7.05912
7.07862
7.09773
7.11644
7.13475
7.15265
7.17014
7.18721
7.20387
7.2201
7.23591
7.2513
7.26627
7.28082
7.29495
7.30867
7.32198
7.33487
7.34737
7.35947
7.37118
7.3825
7.39345
7.40403
7.41425
7.42414
7.43369
7.44293
7.45188
7.46056
7.469
7.47721
7.48524
7.49312
7.50089
7.50858
7.51624
7.52391
7.53161
7.53934
7.5472
7.55544
7.56357
7.56871
6.26405
6.25729
6.25172
6.24736
6.2443
6.24257
6.24233
6.24355
6.24605
6.24979
6.25479
6.26102
6.26847
6.27712
6.28693
6.29787
6.30992
6.32302
6.33715
6.35225
6.36828
6.38519
6.40293
6.42146
6.44071
6.46064
6.48119
6.5023
6.52392
6.546
6.56848
6.59131
6.61444
6.6378
6.66136
6.68506
6.70886
6.7327
6.75655
6.78035
6.80408
6.82768
6.85113
6.87438
6.89742
6.92019
6.9427
6.96489
6.98675
7.00827
7.02941
7.05017
7.07053
7.09048
7.11
7.12909
7.14773
7.16593
7.18368
7.20096
7.21779
7.23416
7.25006
7.2655
7.28048
7.295
7.30907
7.32268
7.33584
7.34855
7.36082
7.37266
7.38407
7.39505
7.40561
7.41577
7.42553
7.43489
7.44387
7.45248
7.46073
7.46864
7.47621
7.48347
7.49043
7.49711
7.50354
7.50974
7.51573
7.52156
7.52724
7.53281
7.53831
7.54377
7.54919
7.55459
7.56003
7.56567
7.571
7.57396
6.35721
6.34874
6.34173
6.33617
6.33213
6.32974
6.32906
6.32988
6.33209
6.33569
6.34066
6.34697
6.3546
6.36351
6.37367
6.38504
6.39757
6.41121
6.42592
6.44164
6.45831
6.47589
6.49431
6.5135
6.53342
6.554
6.57517
6.59688
6.61906
6.64164
6.66458
6.68781
6.71126
6.73489
6.75864
6.78244
6.80626
6.83003
6.85372
6.87728
6.90066
6.92383
6.94674
6.96937
6.99168
7.01364
7.03524
7.05643
7.07722
7.09756
7.11746
7.1369
7.15586
7.17434
7.19233
7.20983
7.22683
7.24333
7.25934
7.27484
7.28984
7.30435
7.31836
7.33189
7.34494
7.3575
7.3696
7.38123
7.39241
7.40313
7.41341
7.42326
7.43268
7.44169
7.45029
7.45849
7.46631
7.47375
7.48083
7.48755
7.49393
7.49999
7.50574
7.51119
7.51636
7.52127
7.52594
7.53038
7.53463
7.53871
7.54263
7.54642
7.55011
7.55372
7.55724
7.56068
7.5641
7.56753
7.57055
7.57195
6.44672
6.43654
6.42805
6.42126
6.41624
6.41312
6.41178
6.41201
6.41375
6.417
6.42173
6.42791
6.4355
6.44444
6.45471
6.46625
6.479
6.49291
6.50792
6.52397
6.54099
6.55893
6.57771
6.59727
6.61754
6.63844
6.65992
6.6819
6.70432
6.7271
6.75018
6.77348
6.79696
6.82054
6.84417
6.86778
6.89133
6.91475
6.938
6.96103
6.9838
7.00627
7.0284
7.05015
7.0715
7.09243
7.1129
7.1329
7.15242
7.17143
7.18993
7.20791
7.22536
7.24228
7.25867
7.27453
7.28985
7.30465
7.31892
7.33267
7.3459
7.35863
7.37086
7.38259
7.39384
7.40461
7.41492
7.42477
7.43418
7.44314
7.45168
7.45981
7.46752
7.47484
7.48178
7.48835
7.49455
7.5004
7.50592
7.51112
7.516
7.52059
7.52489
7.52893
7.53271
7.53626
7.53959
7.54271
7.54566
7.54843
7.55105
7.55354
7.5559
7.55815
7.56028
7.5623
7.56421
7.566
7.56739
7.56786
6.52644
6.51466
6.5048
6.49692
6.49113
6.48734
6.48532
6.48501
6.4864
6.48946
6.49414
6.50038
6.50815
6.51738
6.52801
6.53998
6.55323
6.56769
6.58328
6.59994
6.61759
6.63615
6.65555
6.6757
6.69654
6.71797
6.73993
6.76233
6.7851
6.80816
6.83145
6.85487
6.87838
6.9019
6.92536
6.94871
6.97188
6.99483
7.0175
7.03985
7.06184
7.08342
7.10457
7.12525
7.14545
7.16513
7.18428
7.20289
7.22094
7.23843
7.25535
7.2717
7.28748
7.3027
7.31734
7.33143
7.34497
7.35795
7.37041
7.38233
7.39374
7.40464
7.41504
7.42496
7.43441
7.44339
7.45193
7.46003
7.46771
7.47497
7.48184
7.48833
7.49444
7.50019
7.5056
7.51067
7.51543
7.51988
7.52403
7.52791
7.53153
7.53489
7.53802
7.54093
7.54363
7.54613
7.54846
7.55061
7.55261
7.55446
7.55617
7.55776
7.55921
7.56054
7.56174
7.5628
7.56372
7.56447
7.5649
7.56495
6.58532
6.57208
6.561
6.55211
6.54538
6.54067
6.53787
6.53694
6.53784
6.54051
6.54489
6.55094
6.55858
6.56774
6.57837
6.59039
6.60372
6.61829
6.63403
6.65085
6.66867
6.68741
6.70699
6.72732
6.74832
6.7699
6.79198
6.81448
6.83732
6.8604
6.88367
6.90703
6.93041
6.95375
6.97697
7.00002
7.02282
7.04533
7.06749
7.08926
7.11059
7.13145
7.15182
7.17164
7.19093
7.20964
7.22777
7.24531
7.26225
7.2786
7.29435
7.3095
7.32407
7.33805
7.35146
7.36431
7.3766
7.38836
7.39958
7.41029
7.4205
7.43022
7.43947
7.44825
7.45659
7.46449
7.47197
7.47904
7.48572
7.49202
7.49795
7.50353
7.50877
7.51368
7.51828
7.52257
7.52658
7.53032
7.53379
7.53702
7.54001
7.54277
7.54532
7.54767
7.54983
7.55181
7.55363
7.55527
7.55677
7.55811
7.55932
7.56038
7.5613
7.56209
7.56274
7.56326
7.56364
7.56387
7.56394
7.5639
6.61875
6.6043
6.59227
6.58264
6.57534
6.57028
6.56737
6.56657
6.5678
6.57099
6.57606
6.58295
6.59157
6.60183
6.61366
6.62697
6.64166
6.65764
6.67482
6.69311
6.7124
6.7326
6.75361
6.77533
6.79766
6.82051
6.84378
6.86737
6.89119
6.91515
6.93917
6.96316
6.98704
7.01074
7.03419
7.05732
7.08007
7.1024
7.12425
7.14559
7.16637
7.18658
7.20619
7.22517
7.24352
7.26124
7.27831
7.29473
7.31051
7.32565
7.34016
7.35405
7.36734
7.38002
7.39212
7.40365
7.41462
7.42505
7.43496
7.44435
7.45325
7.46166
7.46961
7.47711
7.48418
7.49082
7.49706
7.5029
7.50838
7.51349
7.51826
7.52269
7.52682
7.53063
7.53417
7.53743
7.54043
7.54319
7.54572
7.54803
7.55014
7.55206
7.5538
7.55536
7.55677
7.55803
7.55915
7.56014
7.561
7.56174
7.56237
7.56288
7.5633
7.56362
7.56385
7.56401
7.56409
7.56413
7.56413
7.56413
)
;

boundaryField
{
    jetInlet
    {
        type            zeroGradient;
    }
    returnOutlet
    {
        type            fixedValue;
        value           uniform 0;
    }
    flatBed
    {
        type            zeroGradient;
    }
    slope
    {
        type            zeroGradient;
    }
    top
    {
        type            symmetryPlane;
    }
    frontAndBack
    {
        type            empty;
    }
    defaultFaces
    {
        type            empty;
    }
}


// ************************************************************************* //
