/*--------------------------------*- C++ -*----------------------------------*\
| =========                 |                                                 |
| \\      /  F ield         | OpenFOAM: The Open Source CFD Toolbox           |
|  \\    /   O peration     | Version:  2206                                  |
|   \\  /    A nd           | Website:  www.openfoam.com                      |
|    \\/     M anipulation  |                                                 |
\*---------------------------------------------------------------------------*/
FoamFile
{
    version     2.0;
    format      ascii;
    arch        "LSB;label=32;scalar=64";
    class       volScalarField;
    location    "1800";
    object      epsilon;
}
// * * * * * * * * * * * * * * * * * * * * * * * * * * * * * * * * * * * * * //

dimensions      [0 2 -3 0 0 0 0];

internalField   nonuniform List<scalar> 
10000
(
3.13987
3.21509
3.28608
3.35209
3.41234
3.4661
3.51284
3.55255
3.58594
3.59948
3.59041
3.55714
3.49908
3.41658
3.31085
3.18385
3.03818
2.87688
2.70336
2.5212
2.33404
2.14546
1.95881
1.77713
1.60303
1.4386
1.28541
1.14443
1.01612
0.900455
0.797055
0.705243
0.624162
0.552857
0.490343
0.435654
0.387879
0.34618
0.3098
0.278061
0.250364
0.226182
0.205051
0.186566
0.170375
0.156175
0.143703
0.132737
0.123088
0.114597
0.107132
0.100583
0.0948573
0.0898783
0.08558
0.0819047
0.0788003
0.076219
0.0741162
0.0724495
0.0711793
0.0702684
0.0696826
0.0693904
0.0693637
0.0695773
0.0700087
0.0706383
0.071446
0.0723878
0.0734525
0.0746313
0.0759186
0.0773125
0.0788158
0.0804377
0.0821434
0.0839188
0.0857532
0.0876359
0.0895554
0.0914995
0.093454
0.0954029
0.097327
0.0992035
0.101004
0.102696
0.104234
0.105564
0.106619
0.107307
0.107513
0.107083
0.105815
0.103434
0.0995435
0.0935889
0.0850485
0.0745377
1.7014
1.71804
1.73128
1.74176
1.74877
1.75256
1.7534
1.75159
1.74745
1.73615
1.71649
1.68783
1.64983
1.60249
1.54615
1.48147
1.40939
1.33109
1.24792
1.16136
1.07293
0.984146
0.896471
0.81124
0.729616
0.652552
0.580761
0.514707
0.454612
0.400484
0.35215
0.309303
0.271545
0.238427
0.209484
0.184258
0.162317
0.143261
0.126731
0.112405
0.0999989
0.0892628
0.0799775
0.0719516
0.0650185
0.0590337
0.0538725
0.0494272
0.0456061
0.0423303
0.039533
0.037157
0.0351534
0.0334798
0.0320991
0.0309787
0.0300892
0.0294038
0.0288986
0.0285515
0.028343
0.0282554
0.0282733
0.0283833
0.0285735
0.028834
0.0291561
0.0295323
0.0299585
0.030419
0.0309102
0.0314304
0.031979
0.0325564
0.0331641
0.0338049
0.0344652
0.0351433
0.035837
0.0365441
0.0372622
0.0379888
0.0387211
0.0394559
0.0401895
0.0409177
0.0416351
0.0423354
0.043011
0.0436523
0.0442477
0.0447826
0.0452389
0.0455939
0.0458183
0.0458764
0.0457359
0.0453657
0.0446152
0.0430813
1.64565
1.65989
1.67246
1.68362
1.69317
1.70141
1.70834
1.71362
1.71659
1.71453
1.70529
1.68758
1.66055
1.62374
1.57715
1.52118
1.4566
1.38446
1.30607
1.22286
1.13635
1.04812
0.959695
0.87253
0.787952
0.707105
0.630917
0.560068
0.494989
0.435866
0.382672
0.335204
0.293134
0.256052
0.223505
0.195032
0.170189
0.148557
0.129757
0.11345
0.0993326
0.0871365
0.0766249
0.0675881
0.0598403
0.0532169
0.0475722
0.0427775
0.0387195
0.0352993
0.0324304
0.0300378
0.028057
0.0264318
0.0251142
0.024062
0.0232389
0.0226128
0.0221555
0.0218422
0.0216511
0.0215635
0.0215628
0.0216352
0.0217689
0.0219543
0.0221834
0.0224496
0.0227472
0.0230698
0.0234149
0.0237808
0.0241667
0.0245724
0.0249978
0.0254434
0.0259054
0.026383
0.0268757
0.0273834
0.0279061
0.0284439
0.0289968
0.0295651
0.0301489
0.0307483
0.0313633
0.0319937
0.0326389
0.0332975
0.0339673
0.0346442
0.0353214
0.0359871
0.0366212
0.0371913
0.0376488
0.0379075
0.0377371
0.0367274
1.817
1.8355
1.85504
1.87533
1.89601
1.9172
1.93851
1.95903
1.97747
1.99116
1.99662
1.99167
1.9748
1.94517
1.90255
1.84736
1.78046
1.70312
1.61688
1.52345
1.42465
1.32232
1.2183
1.11438
1.01222
0.913336
0.819017
0.730298
0.647924
0.572338
0.503705
0.441941
0.386776
0.337798
0.294519
0.256412
0.222956
0.19365
0.168039
0.145708
0.126289
0.109454
0.0949102
0.0823952
0.0716725
0.0625277
0.054766
0.0482107
0.0427016
0.0380951
0.0342629
0.0310923
0.0284847
0.0263551
0.0246304
0.0232483
0.0221556
0.0213073
0.0206646
0.0201945
0.0198687
0.0196631
0.0195569
0.0195329
0.0195767
0.0196762
0.0198218
0.0200061
0.020222
0.0204645
0.0207306
0.0210182
0.021326
0.0216533
0.0219998
0.0223654
0.0227498
0.0231516
0.0235714
0.0240096
0.0244672
0.0249451
0.0254444
0.0259662
0.026512
0.0270831
0.0276807
0.0283061
0.0289601
0.0296428
0.030353
0.0310876
0.0318401
0.0325986
0.033342
0.0340364
0.0346292
0.0350341
0.035071
0.0344785
2.0805
2.10665
2.13736
2.17195
2.20985
2.2507
2.29349
2.33649
2.37744
2.41302
2.43807
2.44921
2.44417
2.42174
2.38164
2.32447
2.25146
2.16432
2.06505
1.9558
1.8388
1.71628
1.59041
1.46334
1.33711
1.2136
1.09454
0.981359
0.875198
0.776836
0.686697
0.604878
0.5312
0.465277
0.406586
0.354528
0.308484
0.267855
0.232081
0.200661
0.173142
0.149125
0.12825
0.110194
0.0946625
0.0813815
0.0700976
0.0605731
0.0525862
0.0459315
0.0404205
0.0358833
0.032169
0.0291456
0.0266997
0.0247347
0.0231693
0.0219357
0.0209771
0.0202462
0.0197034
0.0193158
0.0190557
0.0189002
0.0188301
0.0188301
0.0188873
0.0189919
0.0191351
0.019311
0.0195155
0.0197456
0.0199993
0.0202752
0.0205727
0.0208914
0.0212314
0.021592
0.0219735
0.0223767
0.0228026
0.0232522
0.023727
0.0242283
0.0247576
0.0253165
0.0259063
0.0265282
0.0271829
0.0278702
0.0285886
0.0293344
0.0301005
0.0308749
0.0316382
0.0323604
0.0329983
0.0334876
0.0337134
0.0335354
2.39039
2.42701
2.47271
2.52669
2.58827
2.65636
2.7289
2.8029
2.87466
2.93943
2.98995
3.02133
3.03049
3.01592
2.97757
2.9165
2.83463
2.73439
2.6185
2.48974
2.35087
2.2045
2.05319
1.89934
1.74531
1.59333
1.44548
1.30362
1.16931
1.04373
0.927624
0.82134
0.724855
0.637852
0.559805
0.490053
0.427884
0.372588
0.323504
0.280028
0.241626
0.207821
0.178191
0.152355
0.129963
0.110691
0.0942287
0.080279
0.0685553
0.0587821
0.050698
0.044059
0.0386424
0.0342491
0.0307048
0.0278606
0.0255909
0.0237913
0.0223758
0.0212742
0.0204287
0.0197924
0.0193268
0.0190002
0.0187868
0.0186658
0.0186201
0.0186359
0.0187021
0.0188107
0.0189558
0.0191331
0.0193393
0.0195724
0.0198308
0.0201139
0.0204212
0.0207524
0.0211074
0.0214868
0.0218914
0.0223221
0.0227801
0.0232666
0.023783
0.0243305
0.0249101
0.0255227
0.0261684
0.0268465
0.027555
0.0282899
0.0290443
0.0298075
0.0305628
0.0312864
0.0319456
0.0324951
0.0328626
0.0329674
2.71589
2.76573
2.83051
2.9098
3.00293
3.10762
3.22021
3.33586
3.44878
3.55148
3.63413
3.6901
3.71553
3.70897
3.67098
3.60356
3.50973
3.39303
3.25717
3.10579
2.94225
2.76965
2.59078
2.40827
2.22463
2.04227
1.86355
1.69068
1.52559
1.36989
1.22471
1.09071
0.968087
0.856662
0.755953
0.665272
0.583824
0.510802
0.44544
0.387044
0.334998
0.288755
0.247835
0.211809
0.180287
0.152905
0.129313
0.10917
0.0921344
0.0778673
0.0660335
0.0563072
0.0483792
0.0419639
0.0368045
0.0326767
0.0293891
0.026782
0.0247243
0.0231096
0.0218519
0.0208826
0.0201461
0.019598
0.0192024
0.0189306
0.0187595
0.0186698
0.018647
0.0186801
0.0187607
0.0188824
0.0190405
0.0192315
0.019453
0.0197033
0.0199814
0.0202869
0.0206191
0.0209781
0.0213644
0.0217785
0.0222212
0.0226936
0.0231964
0.0237306
0.0242969
0.0248954
0.0255261
0.0261878
0.0268783
0.0275937
0.0283279
0.0290716
0.0298115
0.0305292
0.0312005
0.0317942
0.0322643
0.0325641
3.03045
3.09655
3.18548
3.29791
3.43305
3.58659
3.75234
3.92289
4.08962
4.23995
4.36118
4.44486
4.48688
4.48653
4.44567
4.3679
4.25786
4.1206
3.96114
3.78413
3.59367
3.3933
3.18603
2.97449
2.76116
2.54845
2.33875
2.13445
1.93781
1.75081
1.57499
1.41135
1.26039
1.12215
0.996256
0.882044
0.778668
0.685243
0.600922
0.524937
0.456608
0.395332
0.340578
0.291883
0.248832
0.211039
0.178137
0.149759
0.125533
0.105076
0.0879954
0.0738907
0.0623649
0.0530347
0.0455421
0.0395643
0.034819
0.0310668
0.0281094
0.025786
0.0239676
0.022552
0.0214582
0.0206221
0.019993
0.0195308
0.0192034
0.0189846
0.0188546
0.0187984
0.0188042
0.018863
0.0189678
0.0191134
0.0192959
0.0195125
0.0197613
0.020041
0.0203506
0.0206895
0.0210576
0.021455
0.0218822
0.0223396
0.0228276
0.0233469
0.0238976
0.0244798
0.0250928
0.0257355
0.0264057
0.0270997
0.0278124
0.0285361
0.0292602
0.0299709
0.0306503
0.0312767
0.0318203
0.0322525
3.31162
3.39815
3.51898
3.67654
3.86899
4.08803
4.3236
4.56487
4.79937
5.00578
5.16871
5.27888
5.33318
5.33294
5.28239
5.18753
5.05515
4.89217
4.70506
4.49958
4.28059
4.05198
3.81684
3.57763
3.33652
3.09561
2.85709
2.62327
2.39653
2.17913
1.97299
1.77948
1.59944
1.4332
1.28064
1.14116
1.0139
0.897933
0.79238
0.696449
0.609429
0.530682
0.459646
0.39584
0.338843
0.288266
0.243742
0.204903
0.171375
0.142758
0.118629
0.098537
0.0820143
0.0685854
0.0577848
0.0491742
0.0423561
0.0369839
0.032765
0.0294594
0.0268744
0.0248575
0.0232892
0.0220762
0.0211457
0.0204411
0.0199167
0.0195371
0.0192755
0.0191111
0.0190276
0.0190124
0.0190555
0.0191494
0.0192883
0.0194678
0.0196847
0.0199368
0.0202223
0.02054
0.020889
0.0212689
0.0216796
0.0221211
0.0225935
0.0230969
0.0236312
0.0241962
0.0247912
0.0254149
0.0260651
0.026739
0.0274319
0.0281377
0.0288483
0.0295529
0.0302385
0.0308896
0.0314868
0.0320118
3.5434
3.65818
3.82592
4.04989
4.32393
4.63213
4.95838
5.28732
5.60042
5.86358
6.06125
6.18625
6.23911
6.22511
6.1522
6.02951
5.86632
5.6714
5.4526
5.2166
4.96877
4.7132
4.45279
4.18958
3.92512
3.66091
3.39856
3.13999
2.88742
2.64321
2.40957
2.18818
1.9802
1.78642
1.60711
1.4418
1.28966
1.14978
1.02131
0.903519
0.795763
0.697386
0.607821
0.5266
0.453326
0.387626
0.329148
0.277551
0.232478
0.193544
0.160326
0.132358
0.109134
0.0901114
0.0747313
0.0624384
0.0527057
0.0450544
0.039068
0.0343974
0.0307585
0.0279259
0.0257228
0.0240127
0.0226903
0.0216743
0.0208998
0.0203185
0.0198935
0.0195963
0.0194045
0.0193005
0.0192705
0.019304
0.0193926
0.0195299
0.0197111
0.0199325
0.0201916
0.0204861
0.0208145
0.0211757
0.0215689
0.0219937
0.0224498
0.022937
0.0234549
0.0240031
0.0245807
0.0251865
0.0258186
0.0264744
0.0271503
0.0278411
0.0285406
0.0292404
0.0299309
0.0306009
0.0312372
0.0318274
3.71726
3.88153
4.1308
4.46253
4.85818
5.28888
5.72977
6.15931
6.54352
6.84173
7.04471
7.15326
7.1753
7.12221
7.00656
6.84078
6.63627
6.40312
6.14984
5.8834
5.60917
5.33097
5.05118
4.77105
4.49124
4.21225
3.93477
3.65994
3.38945
3.12553
2.87045
2.62612
2.39386
2.17512
1.97092
1.78086
1.60418
1.44008
1.2878
1.14689
1.0169
0.89718
0.787174
0.686484
0.594805
0.511788
0.437115
0.3705
0.311627
0.260145
0.215664
0.177735
0.145854
0.119454
0.0979179
0.0805959
0.066835
0.0560122
0.0475619
0.0409945
0.0359022
0.0319563
0.028898
0.0265272
0.0246908
0.0232719
0.0221778
0.0213417
0.0207126
0.0202514
0.019927
0.0197156
0.0195982
0.0195601
0.0195898
0.0196782
0.0198185
0.0200053
0.0202348
0.0205037
0.0208096
0.0211506
0.0215253
0.0219328
0.0223722
0.0228432
0.023345
0.023877
0.0244383
0.0250277
0.0256437
0.0262838
0.0269451
0.0276235
0.0283138
0.0290098
0.029704
0.0303882
0.0310531
0.0316899
3.82247
4.12158
4.53456
5.05285
5.63058
6.22223
6.79208
7.30713
7.69821
7.96178
8.10208
8.13429
8.07653
7.9468
7.76155
7.53509
7.2794
7.0043
6.71762
6.42544
6.13219
5.84077
5.55253
5.26759
4.98532
4.70497
4.42597
4.14823
3.87251
3.60049
3.33432
3.07593
2.82632
2.58793
2.36333
2.15178
1.95276
1.76565
1.58978
1.4254
1.27254
1.13048
0.998664
0.876863
0.765022
0.662794
0.569893
0.486166
0.411347
0.345138
0.287207
0.237152
0.194505
0.158725
0.129189
0.105197
0.0860002
0.0708398
0.0589923
0.0498026
0.042706
0.0372355
0.033018
0.0297629
0.0272478
0.0253029
0.023797
0.022637
0.0217517
0.0210867
0.0205997
0.0202577
0.020035
0.0199115
0.0198715
0.0199028
0.0199958
0.0201432
0.0203392
0.0205795
0.0208607
0.0211798
0.0215348
0.0219241
0.0223466
0.0228012
0.0232872
0.0238037
0.0243498
0.0249243
0.0255257
0.0261521
0.0268008
0.0274685
0.0281512
0.0288437
0.0295402
0.0302346
0.0309201
0.03159
4.00166
4.62809
5.37808
6.19957
7.01067
7.75223
8.37842
8.8256
9.08009
9.17471
9.14163
9.01185
8.8117
8.56244
8.28073
7.97932
7.66786
7.35351
7.0415
6.73554
6.43802
6.15004
5.87137
5.60052
5.33528
5.07328
4.81239
4.55097
4.28844
4.02554
3.76394
3.50557
3.25227
3.00626
2.76947
2.54262
2.32591
2.11916
1.92148
1.73464
1.55972
1.39551
1.2414
1.0975
0.964431
0.841661
0.728879
0.626289
0.53365
0.450722
0.377288
0.312999
0.25745
0.21018
0.170616
0.138069
0.111748
0.0907942
0.0743425
0.0615662
0.0517192
0.0441613
0.0383672
0.0339218
0.0305053
0.0278662
0.0258259
0.0242515
0.0230429
0.022124
0.0214362
0.0209348
0.0205849
0.0203592
0.0202367
0.0202009
0.020239
0.0203408
0.0204988
0.0207069
0.0209605
0.0212557
0.0215895
0.0219597
0.0223645
0.0228027
0.023273
0.0237745
0.0243061
0.0248666
0.0254547
0.0260686
0.026706
0.0273642
0.0280397
0.0287285
0.0294259
0.030127
0.0308268
0.0315201
4.90067
6.41544
7.70804
8.82201
9.70454
10.3275
10.6168
10.6288
10.4634
10.1855
9.84211
9.46532
9.076
8.68738
8.30769
7.94197
7.59317
7.26296
6.95206
6.66058
6.38801
6.13319
5.89395
5.66701
5.44835
5.23378
5.01927
4.8013
4.5776
4.34759
4.11218
3.87298
3.63213
3.39237
3.15579
2.92401
2.69817
2.47909
2.26738
2.06425
1.87063
1.6865
1.51113
1.34523
1.19124
1.04769
0.913988
0.79147
0.679683
0.578413
0.487743
0.407347
0.336882
0.27604
0.224358
0.181223
0.145873
0.117404
0.0948573
0.0772575
0.0636754
0.0532731
0.0453346
0.0392802
0.0346532
0.0310959
0.0283581
0.0262508
0.024632
0.023395
0.0224589
0.0217624
0.0212582
0.0209099
0.0206893
0.0205744
0.0205482
0.0205975
0.0207118
0.0208833
0.021106
0.0213747
0.0216855
0.0220351
0.0224214
0.0228425
0.0232969
0.0237833
0.0243007
0.0248477
0.0254231
0.0260251
0.0266519
0.0273009
0.0279693
0.0286537
0.0293502
0.0300549
0.0307638
0.0314728
11.0475
13.0431
13.9212
14.0465
13.6708
12.95
12.1126
11.2834
10.5166
9.82897
9.21979
8.68093
8.20246
7.7754
7.39266
7.04889
6.74015
6.46343
6.21622
5.99628
5.80137
5.62898
5.47581
5.33738
5.20807
5.08181
4.95236
4.81384
4.66207
4.49523
4.31345
4.11802
3.91119
3.69625
3.47644
3.25439
3.03235
2.81223
2.59568
2.38433
2.17952
1.98203
1.79229
1.61107
1.43938
1.2769
1.12227
0.980279
0.849134
0.728539
0.619531
0.52165
0.434554
0.358262
0.292472
0.236709
0.190324
0.152427
0.122038
0.098097
0.0795248
0.0652864
0.0544441
0.0462173
0.0399513
0.0351715
0.0315184
0.0287218
0.02658
0.0249429
0.0236985
0.0227624
0.0220708
0.0215749
0.0212373
0.0210289
0.0209274
0.0209155
0.0209795
0.0211093
0.0212969
0.0215359
0.0218211
0.0221484
0.0225147
0.0229176
0.0233553
0.0238263
0.0243292
0.0248627
0.0254253
0.0260155
0.0266315
0.0272711
0.0279318
0.0286106
0.0293044
0.0300097
0.0307234
0.0314421
0.294876
0.819073
1.51293
2.29173
3.06914
3.76824
4.34563
4.78243
5.07921
5.25026
5.31773
5.30643
5.24021
5.13993
5.02261
4.90136
4.7858
4.68258
4.596
4.52855
4.48134
4.4542
4.44526
4.45082
4.46458
4.47875
4.48434
4.47057
4.42864
4.36023
4.26667
4.14963
4.01118
3.85338
3.67964
3.49354
3.29851
3.0977
2.89388
2.68955
2.48681
2.28729
2.09231
1.90308
1.72065
1.54556
1.37821
1.21981
1.07012
0.927317
0.796914
0.678045
0.570116
0.474154
0.390006
0.317407
0.256003
0.204908
0.163238
0.129939
0.103834
0.0837142
0.0683583
0.0566926
0.0478622
0.0411851
0.036128
0.0322876
0.0293644
0.0271377
0.0254445
0.0241641
0.023206
0.0225025
0.0220017
0.0216641
0.0214594
0.0213641
0.0213603
0.0214339
0.0215745
0.0217741
0.0220257
0.0223238
0.0226643
0.0230442
0.023461
0.0239128
0.0243979
0.0249147
0.0254619
0.0260377
0.0266406
0.0272684
0.027919
0.0285898
0.0292781
0.0299811
0.030696
0.0314202
0.00506809
0.0148664
0.0308159
0.0518236
0.0768556
0.116692
0.172323
0.242987
0.326541
0.420088
0.520635
0.625629
0.7333
0.842835
0.954416
1.06918
1.18915
1.3171
1.45638
1.6107
1.78363
1.97746
2.18883
2.40248
2.61301
2.81395
2.99882
3.16378
3.30631
3.41925
3.49849
3.54253
3.55182
3.52805
3.47348
3.39109
3.2844
3.15718
3.01327
2.85643
2.69012
2.51744
2.34109
2.16348
1.98665
1.81226
1.64174
1.47641
1.31702
1.16413
1.01929
0.882824
0.753647
0.637018
0.531996
0.43843
0.356857
0.287167
0.228989
0.181478
0.143514
0.113755
0.0908463
0.0734528
0.060362
0.0505497
0.0431966
0.037674
0.0335127
0.030368
0.0279884
0.0261899
0.0248373
0.0238305
0.0230945
0.0225727
0.0222224
0.0220108
0.0219128
0.0219094
0.0219859
0.0221315
0.0223374
0.0225963
0.0229025
0.0232519
0.0236413
0.0240679
0.0245298
0.0250251
0.0255521
0.026109
0.0266942
0.0273058
0.0279416
0.0285996
0.0292774
0.0299725
0.0306828
0.0314062
0.00103915
0.00118249
0.00143528
0.00173932
0.00196453
0.0022845
0.00276322
0.00348149
0.0045554
0.00614067
0.00842909
0.0116412
0.016024
0.021861
0.0294979
0.0393859
0.0521449
0.0686545
0.0901814
0.118433
0.155059
0.202858
0.267682
0.364059
0.496141
0.666259
0.873731
1.11415
1.37902
1.65524
1.92723
2.17963
2.39977
2.57918
2.71369
2.80277
2.84837
2.85403
2.82415
2.76351
2.67695
2.56911
2.44437
2.30672
2.15974
2.00658
1.84998
1.69232
1.53552
1.38127
1.23116
1.08632
0.94764
0.816829
0.69399
0.580553
0.479761
0.390759
0.314309
0.250004
0.197266
0.155051
0.12204
0.0967418
0.0776477
0.0633769
0.0527587
0.0448604
0.0389709
0.0345636
0.0312548
0.0287661
0.0268959
0.0254968
0.0244604
0.023706
0.0231736
0.0228176
0.0226038
0.0225061
0.0225048
0.0225848
0.0227355
0.0229472
0.0232124
0.0235256
0.0238824
0.0242794
0.0247141
0.025184
0.0256871
0.0262217
0.0267857
0.0273774
0.0279947
0.0286358
0.0292984
0.0299806
0.0306805
0.0313965
0.000997982
0.000997346
0.000999335
0.00100372
0.0010092
0.00101842
0.00103263
0.00105311
0.00108144
0.00111971
0.00117079
0.0012385
0.00132774
0.0014448
0.00159792
0.00179838
0.00206254
0.00241282
0.00288398
0.00365487
0.0057446
0.0100559
0.0180068
0.0320808
0.0558461
0.0940053
0.152195
0.236463
0.352345
0.503464
0.69002
0.907595
1.14686
1.3946
1.63595
1.85693
2.04653
2.19764
2.30704
2.37465
2.40264
2.3946
2.35488
2.28812
2.19895
2.0918
1.97076
1.8395
1.70128
1.55898
1.41511
1.27177
1.13081
0.993975
0.862552
0.737945
0.621537
0.513483
0.418803
0.336466
0.267026
0.209908
0.164197
0.128533
0.101311
0.0808735
0.0656919
0.0544688
0.0461748
0.0400294
0.0354586
0.0320466
0.0294941
0.0275851
0.0261632
0.0251138
0.0243525
0.0238166
0.0234593
0.0232454
0.0231485
0.0231486
0.0232316
0.0233857
0.0236009
0.0238701
0.0241876
0.0245491
0.024951
0.0253906
0.0258653
0.026373
0.0269116
0.0274791
0.0280736
0.0286932
0.029336
0.0300002
0.0306842
0.0313868
0.000997045
0.000994006
0.000991227
0.000988942
0.000987322
0.000986585
0.000986999
0.000988929
0.000992873
0.00099946
0.00100942
0.00102356
0.00104272
0.00106779
0.00109964
0.00113912
0.00118721
0.00124773
0.00132845
0.00144185
0.00163485
0.00201381
0.00279551
0.0044099
0.00764876
0.0138483
0.0250845
0.0443579
0.0756993
0.124056
0.194845
0.293101
0.42226
0.582796
0.771147
0.979435
1.19632
1.40883
1.60455
1.77337
1.90846
2.00634
2.06638
2.09015
2.08062
2.04166
1.9775
1.89246
1.79071
1.67615
1.55234
1.42243
1.28923
1.15523
1.02254
0.893097
0.768619
0.65058
0.540992
0.440394
0.35363
0.279919
0.219284
0.170821
0.133126
0.104483
0.0830972
0.0673031
0.0556964
0.0471683
0.0408841
0.0362339
0.0327788
0.0302044
0.0282858
0.0268603
0.0258101
0.0250488
0.0245128
0.0241549
0.02394
0.0238419
0.0238411
0.023924
0.0240778
0.0242932
0.0245628
0.024881
0.0252434
0.0256464
0.0260869
0.0265624
0.0270705
0.027609
0.0281759
0.0287693
0.0293873
0.0300284
0.0306912
0.0313748
0.000996979
0.000993818
0.000990707
0.000987841
0.000985501
0.000984038
0.000983864
0.000985416
0.000989131
0.000995439
0.00100477
0.00101756
0.00103428
0.00105542
0.00108155
0.00111328
0.00115126
0.00119634
0.00124974
0.00131331
0.00139134
0.00149482
0.00165092
0.00192311
0.0024501
0.00351267
0.0056369
0.00973282
0.0172549
0.0303684
0.0520897
0.0863102
0.137587
0.210611
0.309323
0.435786
0.589059
0.764503
0.953911
1.14659
1.33108
1.49696
1.63612
1.74334
1.81621
1.85472
1.86063
1.83692
1.78726
1.71565
1.62614
1.52259
1.40865
1.28762
1.16244
1.03577
0.909952
0.787136
0.669389
0.558473
0.456495
0.365459
0.288544
0.225272
0.174828
0.135774
0.10626
0.0843492
0.0682599
0.0564998
0.0479014
0.0415932
0.0369426
0.0334976
0.0309363
0.0290294
0.0276127
0.0265674
0.0258075
0.0252698
0.024908
0.0246878
0.0245835
0.0245782
0.0246561
0.024805
0.0250158
0.0252812
0.0255956
0.0259545
0.026354
0.0267911
0.0272628
0.0277668
0.0283008
0.0288629
0.0294511
0.0300641
0.0307005
0.0313597
0.000997008
0.000993889
0.000990822
0.000987946
0.000985453
0.000983572
0.000982563
0.000982721
0.000984382
0.000987928
0.000993793
0.00100247
0.0010145
0.00103047
0.00105105
0.00107696
0.00110894
0.00114779
0.00119431
0.00124935
0.00131399
0.00138996
0.00148111
0.00159708
0.00176154
0.00202932
0.0025183
0.00346412
0.00530377
0.00878819
0.015115
0.0260703
0.0441585
0.0726534
0.115471
0.176778
0.260299
0.368374
0.500941
0.654794
0.82346
0.997904
1.16789
1.32359
1.45685
1.56194
1.63571
1.67735
1.68789
1.6697
1.62603
1.56056
1.47713
1.37954
1.27136
1.15592
1.03624
0.915087
0.795028
0.678444
0.567688
0.464999
0.372135
0.292861
0.227806
0.176232
0.136543
0.106736
0.0847386
0.0686727
0.056983
0.0484674
0.0422369
0.0376515
0.0342567
0.0317311
0.0298468
0.0284417
0.0273993
0.0266358
0.02609
0.0257175
0.0254851
0.0253689
0.0253521
0.0254188
0.0255572
0.0257581
0.0260142
0.0263198
0.0266702
0.0270615
0.0274903
0.0279536
0.028449
0.0289743
0.0295276
0.0301073
0.0307122
0.0313418
0.000997089
0.000994046
0.000991086
0.000988319
0.000985908
0.000984054
0.000983002
0.000983035
0.000984477
0.00098769
0.000993078
0.00100108
0.00101219
0.00102691
0.00104582
0.00106951
0.00109862
0.00113382
0.00117586
0.00122553
0.00128368
0.00135124
0.0014294
0.00152018
0.00162799
0.00176366
0.00195302
0.00225386
0.00278654
0.00378463
0.00567006
0.00915168
0.0153403
0.0258725
0.0430226
0.0697464
0.109567
0.166226
0.243073
0.342229
0.463677
0.604586
0.759175
0.919296
1.07563
1.21907
1.34195
1.43874
1.50624
1.54347
1.5512
1.53157
1.48755
1.42263
1.3405
1.24481
1.13907
1.02661
0.910517
0.793714
0.678991
0.569028
0.466357
0.373546
0.292752
0.226997
0.175214
0.13564
0.106119
0.0844617
0.0687158
0.0572947
0.0489887
0.0429128
0.0384356
0.0351117
0.0326278
0.0307634
0.029362
0.0283123
0.0275341
0.0269694
0.0265758
0.0263217
0.0261866
0.0261512
0.0262002
0.026322
0.0265073
0.0267488
0.0270406
0.0273776
0.0277558
0.0281717
0.0286222
0.0291049
0.0296177
0.0301589
0.0307272
0.0313222
0.000997207
0.000994248
0.000991399
0.000988746
0.000986411
0.000984547
0.00098334
0.000983013
0.000983826
0.000986087
0.000990156
0.000996446
0.00100543
0.00101763
0.00103363
0.00105406
0.0010796
0.00111096
0.00114893
0.00119428
0.00124785
0.00131049
0.00138311
0.0014667
0.00156262
0.00167341
0.00180489
0.00197101
0.00220388
0.00257247
0.00321495
0.00438963
0.00654726
0.0104221
0.0171362
0.0283098
0.0461553
0.0734942
0.113619
0.169934
0.245358
0.341538
0.458037
0.591772
0.736988
0.885884
1.02974
1.16019
1.27026
1.35502
1.41168
1.43949
1.43936
1.41339
1.36451
1.29609
1.2117
1.11493
1.00926
0.898068
0.784588
0.671969
0.563269
0.461462
0.369246
0.288592
0.223228
0.172146
0.133425
0.104742
0.0838045
0.0686251
0.0576219
0.0496081
0.0437261
0.0393689
0.0361113
0.0336558
0.0317937
0.0303776
0.0293029
0.0284941
0.0278966
0.0274703
0.0271857
0.0270226
0.026961
0.0269858
0.0270851
0.0272496
0.0274715
0.0277445
0.0280635
0.0284242
0.028823
0.0292568
0.0297233
0.0302206
0.0307472
0.0313026
0.000997363
0.000994496
0.000991759
0.00098922
0.00098697
0.000985133
0.000983866
0.000983367
0.000983874
0.000985677
0.000989119
0.0009946
0.00100257
0.00101355
0.00102808
0.00104677
0.00107027
0.00109925
0.00113444
0.00117661
0.00122658
0.00128519
0.00135334
0.00143194
0.00152196
0.00162456
0.00174156
0.00187664
0.00203833
0.0022465
0.00254474
0.0030225
0.00385117
0.005338
0.00799851
0.0126438
0.0204779
0.033198
0.053063
0.0828693
0.125759
0.184814
0.262435
0.359578
0.475045
0.605096
0.743614
0.882849
1.01455
1.13112
1.22646
1.29646
1.33905
1.35397
1.34243
1.30672
1.24978
1.17499
1.08588
0.986079
0.879166
0.768703
0.658207
0.551115
0.450696
0.359854
0.281023
0.217064
0.167605
0.130437
0.103065
0.0831387
0.0686861
0.0581745
0.0504732
0.0447746
0.0405112
0.0372874
0.0348269
0.0329362
0.0314784
0.0303559
0.0294979
0.0288526
0.028381
0.0280581
0.0278593
0.027765
0.0277598
0.0278316
0.0279704
0.0281682
0.0284183
0.0287152
0.0290546
0.0294328
0.0298468
0.0302946
0.0307742
0.0312852
0.000997556
0.000994796
0.000992178
0.000989745
0.000987556
0.000985707
0.000984329
0.000983582
0.000983671
0.000984855
0.000987452
0.000991843
0.000998471
0.00100784
0.00102051
0.00103708
0.00105821
0.00108459
0.00111696
0.0011561
0.00120286
0.0012581
0.00132272
0.00139765
0.00148382
0.00158219
0.00169385
0.00182022
0.00196394
0.00213081
0.00233426
0.00260423
0.00300332
0.00365379
0.0047792
0.00676288
0.0102218
0.0160924
0.0257236
0.0409622
0.0641854
0.0982121
0.146034
0.210335
0.29283
0.393535
0.510206
0.638188
0.770831
0.900388
1.01913
1.12034
1.19897
1.25191
1.27792
1.27735
1.25183
1.20387
1.13657
1.05344
0.958179
0.854633
0.746702
0.638272
0.533142
0.434878
0.346616
0.270712
0.209392
0.162453
0.127412
0.10167
0.0828978
0.0692049
0.0591562
0.0517095
0.0461269
0.0418916
0.0386429
0.036128
0.0341689
0.0326382
0.0314442
0.0305192
0.0298129
0.0292879
0.0289181
0.0286773
0.0285453
0.028506
0.0285462
0.0286556
0.0288256
0.0290492
0.0293209
0.029636
0.0299911
0.0303834
0.0308107
0.0312722
0.000997785
0.000995184
0.000992751
0.000990491
0.000988471
0.000986818
0.000985689
0.000985271
0.000985786
0.000987509
0.00099077
0.000995954
0.00100349
0.00101387
0.00102759
0.0010452
0.00106726
0.00109435
0.00112709
0.00116615
0.00121225
0.00126616
0.0013287
0.00140076
0.00148326
0.00157719
0.00168356
0.00180353
0.00193849
0.00209069
0.00226458
0.00247015
0.00272964
0.00309008
0.00364455
0.00456578
0.00615461
0.00890361
0.0135733
0.0212775
0.0335708
0.052507
0.0806129
0.12071
0.175546
0.247222
0.336506
0.442195
0.560776
0.686588
0.812504
0.930946
1.03491
1.11872
1.17849
1.21216
1.21932
1.201
1.15928
1.09709
1.01794
0.925717
0.824587
0.718816
0.612664
0.510242
0.415294
0.330912
0.259185
0.201622
0.157863
0.125252
0.101208
0.0835211
0.0704538
0.0607167
0.0533829
0.0477954
0.0434907
0.0401417
0.0375162
0.0354479
0.0338157
0.0325301
0.0315242
0.0307468
0.0301642
0.0297433
0.0294573
0.0292848
0.0292084
0.0292145
0.0292917
0.0294313
0.029626
0.0298702
0.0301593
0.03049
0.0308594
0.0312665
0.000998463
0.000997376
0.000997866
0.00100047
0.00100586
0.00101473
0.00102773
0.00104547
0.00106841
0.00109688
0.00113096
0.00117048
0.00121498
0.00126376
0.00131589
0.00137032
0.00142598
0.00148187
0.00153729
0.00159185
0.00164564
0.00169917
0.00175345
0.00180991
0.0018703
0.00193666
0.00201121
0.00209626
0.00219415
0.00230737
0.00243884
0.00259301
0.00277842
0.00301311
0.00333485
0.00381896
0.00460642
0.00594551
0.00824762
0.0121561
0.0186254
0.0290053
0.0451116
0.0692349
0.104025
0.152194
0.216033
0.29676
0.393868
0.504678
0.624327
0.746271
0.863174
0.967905
1.05437
1.11805
1.15619
1.16779
1.15342
1.11494
1.0553
0.978166
0.887765
0.788606
0.685305
0.582394
0.484097
0.394068
0.315075
0.248708
0.195604
0.155217
0.124921
0.102291
0.085348
0.0725819
0.0628869
0.055458
0.0497121
0.045229
0.0417053
0.0389202
0.0367114
0.0349583
0.03357
0.0324774
0.031628
0.0309853
0.0305128
0.0301812
0.0299673
0.0298528
0.0298232
0.0298668
0.0299745
0.030139
0.0303547
0.0306172
0.0309231
0.0312706
0.00104356
0.00114954
0.00134335
0.00164998
0.00208647
0.00266398
0.00338827
0.00425728
0.00525882
0.00636939
0.00755431
0.008769
0.0099615
0.0110762
0.0120583
0.0128591
0.0134397
0.0137753
0.0138563
0.0136892
0.0132948
0.0127065
0.0119656
0.0111185
0.0102119
0.00928978
0.00839097
0.0075473
0.00678301
0.00611488
0.00555293
0.00510182
0.00476284
0.00453729
0.00443217
0.00447001
0.00470521
0.00524952
0.00630927
0.00823582
0.0115888
0.0172102
0.0263054
0.0405174
0.0619551
0.0931162
0.136647
0.194911
0.269384
0.360007
0.464668
0.57908
0.697131
0.811663
0.915429
1.00199
1.06636
1.10537
1.11775
1.10399
1.06608
1.00718
0.931297
0.842931
0.746835
0.647758
0.550209
0.4582
0.374957
0.302648
0.242229
0.193436
0.155929
0.12724
0.105293
0.0884535
0.0755066
0.065518
0.0577689
0.05172
0.0469703
0.0432212
0.0402496
0.0378879
0.0360097
0.0345189
0.0333417
0.032427
0.0317296
0.0312089
0.0308336
0.0305794
0.0304271
0.0303617
0.0303714
0.0304469
0.0305813
0.0307688
0.0310052
0.0312881
0.00700821
0.0149805
0.0261445
0.0405915
0.0575859
0.0764323
0.0965083
0.117103
0.137419
0.156644
0.174002
0.188794
0.200431
0.208476
0.212672
0.212969
0.209502
0.202605
0.192728
0.180422
0.166299
0.150989
0.135102
0.119194
0.103744
0.0891372
0.0756557
0.0634841
0.0527178
0.0433763
0.0354192
0.028762
0.0232915
0.0188795
0.0153956
0.0127189
0.0107511
0.00943271
0.00876749
0.00885718
0.00995142
0.0125091
0.0172663
0.0253085
0.0381424
0.0577346
0.0864593
0.126893
0.18142
0.25165
0.337752
0.437885
0.54797
0.661973
0.77267
0.872691
0.955535
1.0163
1.05207
1.06191
1.04668
1.00866
0.951225
0.87842
0.794714
0.704703
0.612871
0.523323
0.439523
0.36403
0.298345
0.242894
0.197202
0.161017
0.132486
0.109995
0.0924456
0.0788289
0.0682566
0.0600255
0.0535935
0.0485449
0.0445639
0.0414118
0.0389085
0.0369179
0.0353376
0.034091
0.0331254
0.0323812
0.0318175
0.031402
0.0311096
0.0309207
0.0308204
0.030797
0.0308415
0.0309468
0.0311077
0.0313207
0.0812787
0.108564
0.139418
0.177074
0.218722
0.261952
0.305753
0.349527
0.392556
0.434091
0.473458
0.51005
0.543305
0.572691
0.597718
0.618005
0.633615
0.641575
0.641425
0.633432
0.61808
0.596084
0.568366
0.535977
0.50008
0.46191
0.422597
0.38317
0.344518
0.307364
0.272248
0.239547
0.209488
0.182179
0.157629
0.135773
0.116493
0.0996379
0.0850468
0.0725692
0.0620894
0.0535577
0.0470289
0.0427107
0.0410193
0.042634
0.0485401
0.0600375
0.0786915
0.106199
0.144156
0.193731
0.255304
0.328142
0.410203
0.498132
0.587482
0.673132
0.749844
0.812856
0.858401
0.884073
0.888986
0.873741
0.840239
0.791383
0.730725
0.662094
0.58925
0.515587
0.443942
0.376523
0.314932
0.260261
0.21304
0.173231
0.141512
0.116859
0.0977595
0.083005
0.0716209
0.0628126
0.0559625
0.050602
0.04638
0.0430346
0.0403703
0.0382405
0.036537
0.0351853
0.0341269
0.0332995
0.0326587
0.0321716
0.031813
0.0315637
0.0314088
0.0313371
0.0313395
0.0314095
0.0250059
0.0219716
0.0193969
0.0170563
0.0152027
0.0139018
0.0130841
0.0126988
0.0127106
0.0130882
0.0138024
0.0148282
0.0161458
0.0177404
0.0196013
0.0216935
0.0241287
0.0348949
0.0526388
0.074777
0.0995466
0.125682
0.152201
0.178313
0.202221
0.221374
0.235266
0.243651
0.246609
0.244647
0.238488
0.228953
0.216866
0.202993
0.188011
0.172491
0.156906
0.141636
0.126975
0.113149
0.100326
0.0886397
0.0782119
0.0691817
0.0617431
0.0561871
0.0529472
0.0526411
0.0560977
0.0643555
0.0786156
0.10014
0.130089
0.169309
0.218099
0.275994
0.341604
0.412569
0.485644
0.556951
0.622368
0.677986
0.720559
0.747849
0.758816
0.75363
0.733524
0.700544
0.657238
0.606348
0.550554
0.492309
0.433763
0.376762
0.322858
0.273316
0.229108
0.190734
0.158211
0.131564
0.110553
0.0940389
0.0810871
0.0709215
0.0629134
0.0565704
0.051514
0.0474562
0.0441781
0.0415138
0.0393362
0.0375659
0.0361386
0.0349885
0.0340651
0.0333299
0.0327536
0.0323132
0.031991
0.031773
0.0258134
0.0216514
0.018336
0.0156306
0.0133666
0.0115128
0.00998967
0.00872187
0.00765518
0.00675305
0.00598819
0.005339
0.00478815
0.0043222
0.00393143
0.00361106
0.00336078
0.00320047
0.00314813
0.00322199
0.00344574
0.0038495
0.00446841
0.00539872
0.00920474
0.0194926
0.0345282
0.0529117
0.0734799
0.0933712
0.110757
0.124562
0.134304
0.140021
0.142087
0.141036
0.137451
0.131896
0.124893
0.116904
0.108333
0.0995264
0.0907819
0.0823634
0.0745188
0.0675061
0.0616245
0.0572505
0.0548733
0.0551247
0.0587925
0.0668085
0.0802023
0.100013
0.127161
0.162285
0.205557
0.256509
0.313892
0.375633
0.438907
0.500374
0.556529
0.604117
0.640519
0.664011
0.673878
0.670365
0.654513
0.627929
0.592556
0.55047
0.50374
0.454341
0.404107
0.354688
0.307514
0.263746
0.224233
0.189494
0.15968
0.134552
0.11419
0.0979031
0.0849023
0.0745218
0.0662101
0.0595244
0.0541168
0.0497166
0.0461147
0.04315
0.0406969
0.0386731
0.0370137
0.0356554
0.0345471
0.0336497
0.0329323
0.0323709
0.022711
0.019178
0.0162374
0.0137993
0.0117931
0.0101598
0.00881813
0.00770809
0.0067848
0.00601421
0.0053699
0.00483116
0.0043815
0.00400755
0.00369819
0.003444
0.00323704
0.00307095
0.00294068
0.00284172
0.00276927
0.00271787
0.00268203
0.00265945
0.0026598
0.00271183
0.00285947
0.00318184
0.00393483
0.00836398
0.0176543
0.0310777
0.0462989
0.0613907
0.0747209
0.0852884
0.092737
0.0971592
0.0988847
0.0983386
0.0959655
0.0921927
0.0874141
0.0819865
0.0762328
0.0704538
0.0649445
0.0600183
0.0560347
0.0534289
0.0527396
0.0546262
0.0598707
0.0693554
0.0840111
0.104732
0.132255
0.167009
0.208942
0.257363
0.310834
0.367168
0.42358
0.476972
0.524309
0.562993
0.591129
0.607669
0.612396
0.605818
0.588999
0.56338
0.53062
0.492472
0.45069
0.406959
0.362841
0.319725
0.278781
0.240925
0.206784
0.17669
0.150715
0.128646
0.110425
0.0956114
0.0835919
0.0738362
0.0658991
0.0594178
0.0541015
0.0497203
0.0460927
0.0430768
0.0405602
0.0384665
0.0367355
0.0353091
0.0341404
0.0331928
0.0221464
0.0186797
0.0157543
0.0133802
0.0114578
0.00990608
0.0086426
0.0076099
0.00676615
0.00608053
0.00552916
0.00509249
0.00475354
0.00449707
0.00430906
0.00417665
0.0040882
0.00403337
0.00400319
0.00399013
0.00398798
0.00399201
0.00399906
0.004008
0.00401996
0.00403684
0.00405779
0.00407719
0.00408822
0.00409947
0.00417305
0.00461309
0.00737735
0.0138027
0.023802
0.0358636
0.0480198
0.0586702
0.0669356
0.0725759
0.0757413
0.0767631
0.0760323
0.0739408
0.0708574
0.0671214
0.0630482
0.0589425
0.055117
0.0519175
0.0497482
0.049097
0.0505534
0.0548154
0.0626778
0.0749979
0.0926317
0.116336
0.14663
0.183632
0.226882
0.275213
0.32672
0.378889
0.428877
0.473874
0.511447
0.539797
0.55787
0.565349
0.562561
0.550336
0.529863
0.502558
0.469949
0.43359
0.394993
0.35557
0.316583
0.279108
0.244
0.211874
0.1831
0.157816
0.135971
0.117324
0.101829
0.0890542
0.07854
0.0698822
0.0627395
0.0568303
0.0519258
0.0478421
0.044432
0.0415782
0.0391871
0.0371936
0.0355436
0.0341867
0.0205677
0.0173978
0.014691
0.0125013
0.010768
0.00941527
0.00837254
0.00759506
0.0070449
0.00668563
0.00648154
0.00639837
0.00640421
0.0064705
0.00657283
0.00669131
0.00681048
0.00691904
0.00700924
0.00707623
0.00711739
0.00713172
0.00711941
0.00708153
0.00702
0.00693795
0.0068404
0.00673366
0.0066289
0.00655206
0.00651023
0.0065015
0.00656679
0.0069684
0.00847032
0.0122936
0.0193471
0.0290498
0.0395082
0.0488483
0.0560187
0.060753
0.063239
0.0638495
0.0629966
0.0610702
0.0584211
0.055366
0.0522031
0.0492335
0.0467858
0.0452418
0.04506
0.0467933
0.0510969
0.058721
0.0704833
0.0872138
0.10966
0.13835
0.173411
0.214378
0.26006
0.308535
0.357327
0.40372
0.445126
0.4794
0.505026
0.521181
0.527692
0.524939
0.51372
0.495133
0.470454
0.441054
0.408311
0.37356
0.338034
0.302833
0.268883
0.236919
0.207473
0.18087
0.15725
0.136594
0.11876
0.103524
0.090792
0.0801747
0.0713303
0.06396
0.0578103
0.0526704
0.0483669
0.0447587
0.0417313
0.0391922
0.0370681
0.0353058
0.0193177
0.0164175
0.0139473
0.0121041
0.0108776
0.0101785
0.00990234
0.00995288
0.0102323
0.0106495
0.0111286
0.0116121
0.0120594
0.0124444
0.0127521
0.0129759
0.0131149
0.0131723
0.0131536
0.0130662
0.0129179
0.0127173
0.0124739
0.0121979
0.0118998
0.0115953
0.0113223
0.0110736
0.0108382
0.0105938
0.0103339
0.0100654
0.0098059
0.00960215
0.00958079
0.0100606
0.0117213
0.0156231
0.0225031
0.0315399
0.0405932
0.0478589
0.0526525
0.0551053
0.0556783
0.0548766
0.0531404
0.0508283
0.0482403
0.0456484
0.0433286
0.0415888
0.0407958
0.0413969
0.0439359
0.0490597
0.0575114
0.0701022
0.0876513
0.110876
0.140223
0.175654
0.216445
0.261094
0.307433
0.352909
0.394957
0.431338
0.460361
0.480975
0.492749
0.495797
0.490661
0.478202
0.459485
0.435695
0.408062
0.377797
0.346046
0.313855
0.282133
0.251634
0.222944
0.196475
0.172477
0.151052
0.132178
0.11574
0.10156
0.0894404
0.0792269
0.0706302
0.0633996
0.0573189
0.0522035
0.0478987
0.0442761
0.0412303
0.0386748
0.0365385
0.0179144
0.0160352
0.014976
0.0150032
0.0158942
0.0172351
0.0187066
0.0201185
0.0213578
0.0223677
0.0231306
0.0236523
0.0239505
0.0240484
0.0239708
0.0237419
0.0233848
0.0229207
0.0223696
0.0217498
0.0210793
0.0203764
0.0196622
0.0189734
0.0183137
0.0176621
0.0169822
0.0162804
0.0155645
0.0148432
0.014126
0.0134235
0.012751
0.012137
0.0116422
0.0113969
0.0116729
0.0130097
0.0163127
0.0224315
0.0308175
0.0391657
0.0453624
0.0488016
0.0499272
0.0494636
0.0480172
0.046017
0.0437621
0.0414867
0.0394118
0.0377824
0.0368963
0.0371256
0.0389346
0.0428927
0.0496781
0.0600667
0.0748935
0.0949618
0.120879
0.152819
0.190277
0.231946
0.275808
0.319429
0.360344
0.396383
0.425891
0.447812
0.461664
0.467466
0.465632
0.456873
0.442101
0.422347
0.398694
0.372219
0.343955
0.314851
0.285749
0.257363
0.230265
0.204885
0.181513
0.16031
0.141329
0.124533
0.109819
0.0970387
0.0860161
0.0765502
0.0684931
0.0616676
0.0558879
0.0509958
0.0468584
0.0433652
0.0404236
0.0379558
0.0243587
0.0274159
0.030769
0.0341711
0.0371412
0.0393937
0.0409441
0.0418935
0.0423421
0.0423773
0.042073
0.0414911
0.0406836
0.039694
0.0385595
0.0373117
0.0359786
0.0345848
0.033153
0.0317058
0.0302688
0.0288823
0.0275209
0.0261463
0.0247561
0.0233667
0.021993
0.0206489
0.0193474
0.0180998
0.0169168
0.01581
0.0147947
0.0138974
0.0131682
0.0127026
0.0126804
0.013447
0.0156429
0.0202234
0.0276512
0.0361515
0.0424633
0.0453166
0.0454778
0.0443319
0.0427077
0.0408187
0.0388331
0.0369003
0.0351804
0.033855
0.0332041
0.0335481
0.0353025
0.0389926
0.0452613
0.054868
0.0686598
0.0874814
0.111988
0.14237
0.178088
0.21778
0.259428
0.300692
0.339288
0.373253
0.401124
0.422015
0.435546
0.44176
0.441033
0.433995
0.421453
0.404312
0.383525
0.360037
0.334756
0.308518
0.282069
0.256045
0.230969
0.207241
0.185147
0.164866
0.146483
0.130004
0.115376
0.1025
0.0912468
0.0814723
0.0730274
0.0657618
0.0595301
0.0541974
0.0496419
0.0457738
0.042503
0.0397454
0.0709137
0.0745412
0.0751409
0.07493
0.0742821
0.073259
0.0719015
0.0702511
0.0683493
0.0662365
0.0639524
0.0615379
0.0590315
0.0564649
0.0538644
0.0512529
0.0486507
0.0460799
0.0435683
0.0411572
0.0388125
0.0364916
0.0342188
0.0320143
0.0298943
0.0278729
0.0259615
0.0241688
0.0225021
0.0209682
0.0195747
0.0183335
0.017265
0.016409
0.0158476
0.0157526
0.016406
0.0181974
0.0215357
0.0264152
0.0319891
0.0367868
0.0395912
0.0402916
0.0395827
0.0382819
0.0368104
0.0352658
0.0337385
0.0323338
0.0311848
0.0304656
0.030428
0.0313816
0.0337275
0.0379771
0.0447617
0.0548317
0.0690174
0.0881148
0.112668
0.142688
0.177435
0.215427
0.254678
0.293055
0.328592
0.35956
0.384193
0.402324
0.41381
0.418781
0.417614
0.410884
0.399316
0.383711
0.364902
0.343712
0.320922
0.297248
0.273329
0.249708
0.226834
0.205055
0.184626
0.165716
0.148415
0.132748
0.118691
0.106178
0.0951171
0.0853975
0.076901
0.0695067
0.0630963
0.0575579
0.0527888
0.0486967
0.0451993
0.0422226
0.134725
0.127252
0.1214
0.116465
0.111929
0.107494
0.103034
0.0985274
0.0939923
0.0894566
0.0849458
0.0805077
0.0762052
0.0720333
0.0679927
0.0640982
0.0603805
0.0568798
0.0535552
0.0503439
0.047263
0.0443223
0.0415299
0.0388943
0.0364214
0.0341148
0.0319769
0.0300106
0.0282208
0.0266174
0.0252184
0.0240545
0.0231749
0.0226514
0.0225781
0.0230553
0.0241495
0.0258322
0.0279579
0.0302492
0.0323086
0.0337157
0.0342276
0.0339348
0.0331472
0.0321699
0.0311595
0.0301774
0.0292995
0.0286295
0.0283085
0.0285274
0.0295437
0.031685
0.0353704
0.0411244
0.0495776
0.0614432
0.0774416
0.0981496
0.123782
0.15398
0.187731
0.22348
0.259391
0.293624
0.324532
0.350736
0.371273
0.385938
0.394726
0.39781
0.395426
0.388125
0.376721
0.36195
0.344524
0.325143
0.304465
0.28309
0.261543
0.240271
0.21964
0.199937
0.181372
0.164089
0.148167
0.133636
0.120485
0.10867
0.0981226
0.0887603
0.0804913
0.0732201
0.0668517
0.0612947
0.0564634
0.052279
0.0486705
0.045574
0.165429
0.162963
0.157816
0.151142
0.143843
0.13643
0.129176
0.122214
0.115592
0.10931
0.10335
0.0976968
0.0923464
0.0872977
0.0825445
0.0780541
0.0737672
0.0696219
0.0656211
0.0617721
0.0580747
0.0545296
0.0511345
0.0478877
0.04479
0.0418479
0.0390745
0.0364905
0.0341241
0.0320092
0.0301818
0.028676
0.0275181
0.0267227
0.0262891
0.0261984
0.0264084
0.0268485
0.0274178
0.0279894
0.0284269
0.0286214
0.028538
0.0282351
0.0278232
0.0274081
0.0270643
0.0268601
0.0268891
0.027279
0.0282009
0.0298786
0.0325998
0.0367237
0.0426896
0.0510131
0.0622615
0.0769945
0.0956585
0.11844
0.145113
0.17496
0.206809
0.239195
0.270578
0.299518
0.32481
0.345558
0.361259
0.37181
0.377294
0.377927
0.374037
0.366112
0.354675
0.340333
0.323906
0.306007
0.287175
0.267886
0.248556
0.229535
0.211106
0.193493
0.176858
0.161313
0.14692
0.133705
0.121661
0.110756
0.10094
0.0921489
0.084313
0.0773575
0.0712073
0.0657892
0.061034
0.0568769
0.0532591
0.0501277
0.18859
0.183511
0.175673
0.166696
0.157506
0.148558
0.140046
0.132024
0.124468
0.117317
0.1105
0.103943
0.0975974
0.0914968
0.0856361
0.0800063
0.0746121
0.0694554
0.0645409
0.059876
0.0554674
0.0513226
0.0474504
0.0438607
0.0405635
0.0375675
0.0348795
0.0325036
0.0304408
0.0286881
0.0272387
0.0260818
0.025202
0.0245793
0.0241888
0.0239998
0.0239756
0.0240736
0.0242479
0.0244535
0.0246545
0.0248343
0.0250041
0.0252033
0.0254896
0.0259299
0.0266005
0.0275972
0.0290466
0.0311123
0.0340007
0.0379669
0.0433178
0.0504097
0.0596374
0.071407
0.0860874
0.103937
0.125012
0.149083
0.175577
0.203608
0.232061
0.259735
0.285486
0.308326
0.327499
0.342514
0.353157
0.359441
0.361521
0.359651
0.35417
0.345485
0.334017
0.320118
0.304539
0.287951
0.270791
0.253425
0.236164
0.219266
0.20294
0.187349
0.17261
0.158802
0.145972
0.134135
0.123285
0.113396
0.10443
0.0963385
0.0890661
0.0825554
0.0767474
0.0715846
0.0670117
0.0629768
0.0594325
0.0563366
0.158626
0.150383
0.140191
0.129955
0.120204
0.111112
0.102737
0.0950641
0.0880504
0.0816462
0.0757994
0.0704594
0.0655646
0.0610248
0.0568073
0.0528948
0.0492701
0.045918
0.0428251
0.03998
0.0373739
0.0349992
0.0328494
0.0309185
0.0292006
0.0276899
0.0263801
0.025265
0.0243377
0.023591
0.0230174
0.0226086
0.022356
0.0222505
0.0222826
0.0224427
0.0227214
0.0231112
0.0236072
0.0242105
0.0249305
0.0257885
0.0268197
0.0280748
0.0296196
0.0315362
0.0339262
0.0369151
0.0406561
0.045332
0.0511551
0.0583641
0.0672158
0.0779693
0.0908607
0.106067
0.12366
0.143559
0.165486
0.188955
0.213282
0.237645
0.261168
0.283005
0.302421
0.318836
0.331855
0.341275
0.347065
0.349326
0.348256
0.344113
0.337202
0.327838
0.316306
0.30279
0.288099
0.272795
0.257221
0.241651
0.22631
0.21138
0.197007
0.183302
0.170344
0.158186
0.146855
0.13636
0.126692
0.117829
0.109742
0.102391
0.0957331
0.0897243
0.0843184
0.0794699
0.0751354
0.0712738
0.0678471
0.0648223
0.076845
0.0723269
0.0677107
0.0634643
0.0596107
0.056114
0.0529253
0.0500109
0.0473418
0.0448928
0.042642
0.0405711
0.0386639
0.0369055
0.0352844
0.0337916
0.03242
0.0311648
0.0300222
0.0289897
0.0280656
0.0272489
0.0265394
0.0259372
0.0254431
0.0250581
0.0247841
0.0246231
0.0245779
0.0246518
0.0248489
0.0251742
0.0256337
0.0262347
0.0269865
0.0279002
0.0289901
0.030274
0.0317747
0.0335212
0.0355504
0.0379082
0.0406514
0.0438484
0.047581
0.0519443
0.0570482
0.0630169
0.069987
0.0781037
0.0875143
0.0983578
0.110751
0.12477
0.140428
0.157652
0.176265
0.195969
0.216349
0.236889
0.257005
0.276097
0.29359
0.308985
0.321888
0.332027
0.339258
0.343555
0.344991
0.343719
0.339939
0.33388
0.32577
0.315797
0.304048
0.290963
0.277217
0.263175
0.249091
0.235163
0.22155
0.208375
0.195734
0.183699
0.172318
0.161623
0.151629
0.142334
0.13373
0.125796
0.118508
0.111834
0.105741
0.100193
0.0951537
0.0905887
0.0864632
0.0827446
0.0794029
0.0764122
0.0571867
0.0554307
0.0536725
0.0520268
0.0504965
0.0490756
0.0477574
0.046536
0.0454064
0.0443644
0.0434066
0.0425308
0.0417353
0.0410197
0.0403838
0.0398283
0.0393544
0.0389638
0.0386591
0.0384432
0.03832
0.0382938
0.03837
0.0385546
0.0388546
0.039278
0.0398339
0.0405324
0.0413851
0.042405
0.0436068
0.0450069
0.0466239
0.0484786
0.0505945
0.0529978
0.0557184
0.0587895
0.0622487
0.0661382
0.070505
0.0754013
0.0808845
0.0870171
0.0938654
0.101499
0.109986
0.119393
0.12978
0.14119
0.153646
0.167142
0.18163
0.197015
0.213143
0.229802
0.246716
0.263558
0.27996
0.295536
0.309905
0.322713
0.333662
0.34252
0.349135
0.353434
0.35542
0.355163
0.352784
0.348439
0.342295
0.334507
0.325182
0.314303
0.302284
0.289638
0.276695
0.263695
0.250818
0.238201
0.225948
0.21414
0.202836
0.192078
0.181894
0.172299
0.163295
0.15488
0.14704
0.139758
0.133011
0.126776
0.121024
0.115728
0.11086
0.106391
0.102294
0.0985451
0.0951191
0.0919968
0.0942821
0.0935722
0.0928276
0.092117
0.0914501
0.0908307
0.090262
0.0897477
0.0892916
0.0888981
0.0885719
0.0883181
0.0881422
0.08805
0.0880481
0.0881432
0.0883429
0.0886552
0.0890891
0.089654
0.0903604
0.0912195
0.0922436
0.093446
0.0948411
0.0964443
0.0982724
0.100343
0.102677
0.105293
0.108215
0.111464
0.115067
0.119049
0.123437
0.128259
0.133542
0.139316
0.14561
0.15245
0.159864
0.167874
0.176503
0.185765
0.195669
0.206215
0.217392
0.229174
0.241517
0.254358
0.267608
0.281154
0.294853
0.308535
0.322006
0.33505
0.347436
0.358929
0.369299
0.378335
0.385851
0.3917
0.395779
0.398033
0.398453
0.397077
0.39398
0.389265
0.383055
0.375466
0.366595
0.356493
0.345049
0.332864
0.320237
0.307398
0.294545
0.28183
0.26937
0.257251
0.245537
0.234275
0.223499
0.213231
0.203481
0.194253
0.185544
0.177345
0.169642
0.162419
0.155657
0.149334
0.143429
0.137917
0.132778
0.127988
0.123527
0.119373
0.115509
0.111919
0.176092
0.177163
0.178435
0.179772
0.181153
0.182579
0.184055
0.185586
0.187179
0.188841
0.19058
0.192404
0.194323
0.196346
0.198485
0.20075
0.203154
0.20571
0.208431
0.211333
0.214431
0.21774
0.22128
0.225066
0.229119
0.233457
0.238099
0.243065
0.248375
0.254048
0.260103
0.266556
0.273425
0.280722
0.288458
0.296639
0.305269
0.314346
0.323859
0.333795
0.344129
0.354829
0.365853
0.37715
0.388655
0.400295
0.411981
0.423614
0.435083
0.446264
0.457026
0.467228
0.476725
0.485367
0.493012
0.49952
0.504767
0.508642
0.511057
0.511949
0.51128
0.509042
0.505253
0.499958
0.493226
0.485141
0.475802
0.465309
0.453753
0.441207
0.427667
0.413217
0.398427
0.38351
0.368612
0.353869
0.339393
0.325269
0.311562
0.298319
0.285575
0.273349
0.261656
0.250499
0.239877
0.229783
0.220208
0.211138
0.202556
0.194444
0.186783
0.179552
0.172731
0.1663
0.160237
0.154522
0.149138
0.144066
0.139289
0.134795
0.273687
0.277102
0.281268
0.285675
0.290225
0.294905
0.299715
0.304664
0.309759
0.315008
0.320421
0.326007
0.331776
0.33774
0.34391
0.350297
0.356915
0.363777
0.370895
0.378283
0.385955
0.393926
0.402207
0.410813
0.419756
0.429047
0.438696
0.44871
0.459094
0.46985
0.480976
0.492464
0.504304
0.516476
0.528953
0.541702
0.55468
0.567835
0.581102
0.59441
0.607674
0.620799
0.633681
0.646204
0.658246
0.669678
0.680365
0.690172
0.698962
0.706602
0.712967
0.717939
0.721415
0.723309
0.723553
0.722097
0.718919
0.714016
0.707409
0.69914
0.689272
0.677884
0.665069
0.650929
0.635573
0.619105
0.601628
0.58323
0.563994
0.543927
0.52333
0.502872
0.482703
0.462914
0.443592
0.424812
0.406628
0.389081
0.372198
0.355996
0.340482
0.325654
0.311506
0.298027
0.285202
0.273012
0.261437
0.250455
0.240043
0.230177
0.220832
0.211985
0.203612
0.195689
0.188193
0.181102
0.174396
0.168054
0.162058
0.156392
0.34102
0.346173
0.352575
0.35941
0.366506
0.373836
0.3814
0.389207
0.397267
0.405591
0.414192
0.423082
0.432273
0.441778
0.45161
0.461783
0.472311
0.483206
0.494481
0.506149
0.518221
0.530709
0.54362
0.556961
0.570738
0.584951
0.599599
0.614674
0.630164
0.646051
0.662309
0.678906
0.695799
0.712935
0.730251
0.747672
0.765112
0.78247
0.799633
0.816479
0.832868
0.848656
0.863685
0.877793
0.890813
0.902579
0.912923
0.921689
0.928728
0.933906
0.937107
0.938238
0.93723
0.934039
0.928652
0.921081
0.911369
0.899581
0.885808
0.870159
0.852757
0.833738
0.813242
0.791408
0.768372
0.744255
0.719164
0.693194
0.666432
0.638918
0.611873
0.585489
0.559827
0.534955
0.510932
0.487796
0.465574
0.444279
0.423912
0.404469
0.385936
0.368294
0.351519
0.335586
0.320466
0.306127
0.292539
0.27967
0.267486
0.255956
0.245048
0.234732
0.224976
0.215753
0.207033
0.19879
0.190998
0.183634
0.176674
0.170097
0.0658287
0.0658063
0.0657766
0.0657517
0.0657307
0.065713
0.065698
0.0656852
0.0656739
0.0656638
0.0656544
0.0656452
0.0656359
0.0656261
0.0656153
0.0656033
0.0655898
0.0655743
0.0655566
0.0655365
0.0655136
0.0654877
0.0654585
0.065426
0.0653897
0.0653497
0.0653057
0.0652575
0.0652052
0.0651485
0.0650874
0.0650219
0.064952
0.0648777
0.064799
0.064716
0.0646288
0.0645376
0.0644424
0.0643436
0.0642414
0.064136
0.0640278
0.0639171
0.0638043
0.0636899
0.0635744
0.0634583
0.0633422
0.0632268
0.0631128
0.0630009
0.062892
0.062787
0.0626869
0.0625928
0.0625057
0.062427
0.0623581
0.0623003
0.0622554
0.0622251
0.0622113
0.0622161
0.0622418
0.0622911
0.0623666
0.0624716
0.0626094
0.0627841
0.0629999
0.0632618
0.0635753
0.0639468
0.0643836
0.0648941
0.0654879
0.0661766
0.0669736
0.0678947
0.0689592
0.0701902
0.0716162
0.0732724
0.075203
0.0774645
0.0801304
0.0832978
0.0870983
0.091715
0.0974106
0.104576
0.113823
0.126159
0.143375
0.168985
0.210849
0.290301
0.484395
1.24619
0.038143
0.0380464
0.0379496
0.0378548
0.0377615
0.0376697
0.0375791
0.0374897
0.0374015
0.0373143
0.0372281
0.0371429
0.0370586
0.0369752
0.0368927
0.0368112
0.0367305
0.0366506
0.0365717
0.0364936
0.0364165
0.0363403
0.036265
0.0361908
0.0361176
0.0360455
0.0359746
0.035905
0.0358367
0.0357699
0.0357047
0.0356413
0.0355797
0.0355202
0.0354629
0.0354081
0.035356
0.0353068
0.0352607
0.0352181
0.0351793
0.0351446
0.0351142
0.0350887
0.0350683
0.0350535
0.0350448
0.0350425
0.0350472
0.0350593
0.0350796
0.0351085
0.0351466
0.0351947
0.0352534
0.0353235
0.0354057
0.035501
0.0356102
0.0357344
0.0358745
0.0360317
0.0362072
0.0364024
0.0366186
0.0368575
0.0371208
0.0374102
0.037728
0.0380763
0.0384578
0.0388752
0.0393318
0.0398313
0.0403776
0.0409755
0.0416305
0.0423488
0.0431376
0.0440058
0.0449634
0.046023
0.0471993
0.0485109
0.0499805
0.0516371
0.0535177
0.0556708
0.0581613
0.0610783
0.0645478
0.0687544
0.0739819
0.0806905
0.089685
0.102518
0.122637
0.159531
0.250429
0.678329
0.0335901
0.0334727
0.0333641
0.0332626
0.0331679
0.0330793
0.0329967
0.0329196
0.0328478
0.0327811
0.032719
0.0326615
0.0326083
0.0325592
0.0325142
0.0324729
0.0324354
0.0324016
0.0323712
0.0323444
0.0323209
0.0323008
0.0322841
0.0322707
0.0322607
0.0322541
0.032251
0.0322513
0.0322551
0.0322626
0.0322738
0.0322889
0.0323079
0.0323311
0.0323585
0.0323903
0.0324268
0.032468
0.0325143
0.0325658
0.0326227
0.0326854
0.0327541
0.0328291
0.0329106
0.0329991
0.0330948
0.0331981
0.0333094
0.0334291
0.0335576
0.0336953
0.0338428
0.0340006
0.0341692
0.0343491
0.0345411
0.0347458
0.0349639
0.0351962
0.0354435
0.0357068
0.035987
0.0362852
0.0366026
0.0369405
0.0373004
0.0376838
0.0380926
0.0385286
0.0389941
0.0394915
0.0400238
0.040594
0.0412059
0.0418637
0.0425722
0.043337
0.0441649
0.0450638
0.0460429
0.0471135
0.0482893
0.0495872
0.0510281
0.0526384
0.0544519
0.0565129
0.0588803
0.0616349
0.0648903
0.0688123
0.073654
0.0798232
0.0880263
0.0996128
0.117545
0.149877
0.228141
0.60363
0.032655
0.032559
0.0324752
0.0324006
0.0323346
0.0322768
0.0322267
0.0321839
0.0321479
0.0321185
0.0320953
0.0320779
0.0320662
0.0320598
0.0320585
0.0320621
0.0320705
0.0320835
0.0321009
0.0321226
0.0321485
0.0321785
0.0322126
0.0322507
0.0322928
0.0323389
0.0323889
0.0324429
0.0325009
0.032563
0.0326292
0.0326995
0.0327741
0.032853
0.0329364
0.0330243
0.033117
0.0332145
0.033317
0.0334248
0.0335379
0.0336565
0.033781
0.0339115
0.0340482
0.0341915
0.0343416
0.0344988
0.0346635
0.034836
0.0350166
0.0352058
0.035404
0.0356117
0.0358293
0.0360573
0.0362964
0.0365472
0.0368104
0.0370866
0.0373767
0.0376815
0.0380021
0.0383394
0.0386946
0.039069
0.0394641
0.0398813
0.0403224
0.0407894
0.0412846
0.0418103
0.0423695
0.0429653
0.0436016
0.0442824
0.0450128
0.0457984
0.0466462
0.0475639
0.0485612
0.0496495
0.0508428
0.0521581
0.0536166
0.0552454
0.0570787
0.0591615
0.0615537
0.0643373
0.0676275
0.0715926
0.0764889
0.0827294
0.0910285
0.10275
0.120881
0.153544
0.232561
0.615189
0.0325895
0.032526
0.0324736
0.0324295
0.0323934
0.0323648
0.0323435
0.0323291
0.0323214
0.03232
0.0323246
0.032335
0.032351
0.0323723
0.0323987
0.03243
0.032466
0.0325066
0.0325517
0.032601
0.0326545
0.0327122
0.0327738
0.0328394
0.0329089
0.0329823
0.0330596
0.0331407
0.0332257
0.0333146
0.0334075
0.0335043
0.0336052
0.0337102
0.0338194
0.0339329
0.0340508
0.0341733
0.0343005
0.0344325
0.0345696
0.0347119
0.0348595
0.0350128
0.0351719
0.0353372
0.0355088
0.035687
0.0358722
0.0360647
0.0362649
0.0364731
0.0366898
0.0369153
0.0371503
0.0373952
0.0376506
0.0379171
0.0381953
0.0384861
0.0387902
0.0391085
0.0394419
0.0397915
0.0401585
0.0405441
0.0409498
0.0413772
0.041828
0.0423043
0.0428083
0.0433424
0.0439097
0.0445133
0.045157
0.0458452
0.0465828
0.0473757
0.0482308
0.0491561
0.0501614
0.0512582
0.0524608
0.0537865
0.0552569
0.0568993
0.0587488
0.0608508
0.0632663
0.0660784
0.069404
0.0734138
0.0783675
0.0846831
0.0930836
0.104947
0.123289
0.156296
0.236046
0.6235
0.032536
0.0325012
0.0324758
0.0324574
0.0324458
0.0324409
0.0324423
0.0324499
0.0324635
0.0324829
0.0325077
0.0325379
0.0325732
0.0326135
0.0326585
0.0327081
0.0327621
0.0328205
0.032883
0.0329496
0.0330202
0.0330946
0.0331729
0.0332549
0.0333407
0.0334301
0.0335232
0.0336199
0.0337203
0.0338244
0.0339322
0.0340438
0.0341592
0.0342785
0.0344018
0.0345292
0.0346607
0.0347966
0.0349369
0.0350818
0.0352314
0.035386
0.0355457
0.0357107
0.0358813
0.0360576
0.0362401
0.0364288
0.0366242
0.0368266
0.0370363
0.0372537
0.0374792
0.0377132
0.0379563
0.038209
0.0384717
0.0387452
0.0390301
0.0393272
0.0396371
0.0399609
0.0402993
0.0406536
0.0410249
0.0414144
0.0418237
0.0422541
0.0427077
0.0431863
0.0436922
0.044228
0.0447966
0.0454011
0.0460455
0.0467341
0.0474719
0.0482648
0.0491198
0.0500449
0.0510501
0.052147
0.0533499
0.0546765
0.0561484
0.0577934
0.0596466
0.0617543
0.0641779
0.0670012
0.0703426
0.074374
0.0793576
0.0857151
0.094175
0.106125
0.124601
0.157837
0.238091
0.628911
0.032451
0.0324406
0.0324377
0.0324404
0.0324486
0.0324624
0.0324816
0.032506
0.0325356
0.0325701
0.0326096
0.0326538
0.0327026
0.0327558
0.0328133
0.032875
0.0329408
0.0330106
0.0330842
0.0331615
0.0332426
0.0333272
0.0334155
0.0335072
0.0336024
0.0337011
0.0338032
0.0339087
0.0340177
0.0341302
0.0342462
0.0343657
0.0344888
0.0346157
0.0347463
0.0348807
0.0350191
0.0351616
0.0353083
0.0354594
0.035615
0.0357752
0.0359403
0.0361105
0.036286
0.0364669
0.0366537
0.0368465
0.0370456
0.0372515
0.0374643
0.0376845
0.0379124
0.0381486
0.0383935
0.0386476
0.0389114
0.0391855
0.0394707
0.0397676
0.040077
0.0403998
0.0407369
0.0410893
0.0414583
0.041845
0.042251
0.0426778
0.0431272
0.0436011
0.0441018
0.0446318
0.0451941
0.0457919
0.046429
0.0471098
0.0478393
0.0486234
0.0494691
0.0503845
0.0513795
0.0524658
0.0536578
0.0549731
0.0564337
0.0580672
0.059909
0.0620056
0.0644186
0.0672324
0.0705655
0.0745907
0.0795711
0.0859296
0.094397
0.106364
0.124872
0.158164
0.238534
0.630606
0.0323406
0.0323506
0.0323663
0.0323864
0.0324107
0.0324395
0.0324727
0.0325102
0.0325521
0.0325982
0.0326485
0.0327028
0.0327612
0.0328236
0.0328897
0.0329596
0.0330331
0.0331102
0.0331908
0.0332748
0.0333622
0.0334529
0.0335469
0.0336442
0.0337446
0.0338482
0.0339551
0.0340651
0.0341784
0.0342949
0.0344147
0.0345379
0.0346644
0.0347944
0.0349279
0.035065
0.0352059
0.0353506
0.0354993
0.0356521
0.0358091
0.0359706
0.0361367
0.0363075
0.0364834
0.0366645
0.0368511
0.0370434
0.0372418
0.0374464
0.0376578
0.0378762
0.038102
0.0383356
0.0385776
0.0388283
0.0390884
0.0393584
0.0396389
0.0399307
0.0402346
0.0405513
0.0408819
0.0412273
0.0415886
0.0419672
0.0423644
0.0427819
0.0432212
0.0436845
0.0441739
0.044692
0.0452416
0.0458259
0.0464488
0.0471146
0.0478283
0.0485957
0.0494238
0.0503207
0.0512963
0.0523622
0.0535327
0.0548255
0.0562625
0.0578711
0.059687
0.0617561
0.0641403
0.0669236
0.0702244
0.0742152
0.0791585
0.0854762
0.0938972
0.105808
0.12424
0.157405
0.237472
0.628583
0.0322319
0.0322593
0.0322907
0.0323251
0.0323627
0.0324036
0.0324479
0.0324957
0.032547
0.0326018
0.0326601
0.0327218
0.0327869
0.0328554
0.0329273
0.0330024
0.0330807
0.0331622
0.0332468
0.0333344
0.0334251
0.0335188
0.0336155
0.0337151
0.0338176
0.0339231
0.0340315
0.0341429
0.0342572
0.0343745
0.0344949
0.0346183
0.0347449
0.0348748
0.0350078
0.0351443
0.0352843
0.0354278
0.0355751
0.0357262
0.0358812
0.0360404
0.036204
0.036372
0.0365447
0.0367223
0.0369051
0.0370933
0.0372872
0.037487
0.0376932
0.0379059
0.0381257
0.0383529
0.038588
0.0388314
0.0390837
0.0393455
0.0396173
0.0398998
0.0401938
0.0405002
0.0408197
0.0411535
0.0415026
0.0418683
0.0422519
0.042655
0.0430793
0.0435267
0.0439994
0.0444999
0.045031
0.0455959
0.0461984
0.0468426
0.0475337
0.0482773
0.0490804
0.0499509
0.0508987
0.0519352
0.0530748
0.0543348
0.0557369
0.0573085
0.0590848
0.0611116
0.0634501
0.0661838
0.0694302
0.0733605
0.0782352
0.0844731
0.0927973
0.104583
0.122837
0.155702
0.235078
0.623373
0.0321358
0.0321781
0.0322228
0.0322693
0.0323179
0.0323687
0.032422
0.0324779
0.0325365
0.0325978
0.032662
0.0327289
0.0327986
0.0328712
0.0329466
0.0330247
0.0331056
0.0331893
0.0332757
0.0333647
0.0334565
0.0335509
0.0336479
0.0337476
0.0338499
0.0339549
0.0340625
0.0341728
0.0342857
0.0344015
0.0345199
0.0346412
0.0347654
0.0348926
0.0350227
0.035156
0.0352925
0.0354322
0.0355754
0.0357222
0.0358726
0.0360269
0.0361851
0.0363476
0.0365144
0.0366858
0.036862
0.0370432
0.0372297
0.0374218
0.0376198
0.037824
0.0380348
0.0382525
0.0384776
0.0387106
0.038952
0.0392022
0.039462
0.0397319
0.0400127
0.0403052
0.0406103
0.0409289
0.0412621
0.0416111
0.0419773
0.0423622
0.0427673
0.0431947
0.0436465
0.044125
0.0446331
0.0451739
0.045751
0.0463687
0.0470318
0.047746
0.0485181
0.0493561
0.0502693
0.0512695
0.0523704
0.0535893
0.0549477
0.0564724
0.0581983
0.0601706
0.0624496
0.0651179
0.0682915
0.0721393
0.0769188
0.0830434
0.0912271
0.102828
0.120814
0.153222
0.231542
0.615131
0.0320588
0.0321141
0.0321703
0.032227
0.0322848
0.0323439
0.0324045
0.0324668
0.032531
0.0325972
0.0326656
0.032736
0.0328087
0.0328837
0.0329609
0.0330405
0.0331223
0.0332065
0.0332929
0.0333817
0.0334727
0.0335661
0.0336618
0.0337597
0.03386
0.0339627
0.0340677
0.034175
0.0342848
0.034397
0.0345118
0.034629
0.0347489
0.0348714
0.0349967
0.0351247
0.0352557
0.0353897
0.0355269
0.0356672
0.035811
0.0359582
0.0361091
0.0362639
0.0364226
0.0365856
0.036753
0.036925
0.0371019
0.037284
0.0374716
0.0376649
0.0378644
0.0380703
0.0382831
0.0385032
0.0387312
0.0389675
0.0392127
0.0394675
0.0397325
0.0400085
0.0402964
0.0405971
0.0409116
0.0412412
0.041587
0.0419507
0.0423337
0.0427379
0.0431655
0.0436188
0.0441004
0.0446135
0.0451616
0.0457488
0.0463799
0.0470605
0.0477972
0.0485978
0.0494716
0.0504299
0.0514863
0.0526578
0.0539654
0.0554356
0.0571025
0.0590106
0.0612191
0.0638092
0.066895
0.0706425
0.0753047
0.0812882
0.0892951
0.100661
0.118302
0.150123
0.227087
0.604562
0.0320009
0.0320676
0.0321337
0.0321994
0.032265
0.0323309
0.0323975
0.0324649
0.0325335
0.0326033
0.0326745
0.0327473
0.0328217
0.0328977
0.0329756
0.0330552
0.0331367
0.0332201
0.0333053
0.0333924
0.0334815
0.0335725
0.0336655
0.0337604
0.0338573
0.0339563
0.0340573
0.0341604
0.0342656
0.0343729
0.0344824
0.0345942
0.0347083
0.0348248
0.0349437
0.0350651
0.0351891
0.0353159
0.0354454
0.0355779
0.0357134
0.0358521
0.0359941
0.0361396
0.0362887
0.0364417
0.0365987
0.03676
0.0369257
0.0370962
0.0372717
0.0374525
0.0376389
0.0378313
0.0380301
0.0382357
0.0384486
0.0386692
0.0388981
0.0391359
0.0393833
0.0396411
0.0399099
0.0401909
0.0404848
0.040793
0.0411166
0.041457
0.0418158
0.0421949
0.0425961
0.0430219
0.0434748
0.0439578
0.0444745
0.0450287
0.0456252
0.0462694
0.0469677
0.0477278
0.0485587
0.0494715
0.0504795
0.0515993
0.0528514
0.0542617
0.0558636
0.0577006
0.0598308
0.0623336
0.0653205
0.0689543
0.0734828
0.0793043
0.0871063
0.0981971
0.115435
0.146563
0.221926
0.59203
0.0319601
0.0320371
0.032112
0.0321854
0.0322577
0.0323294
0.0324008
0.0324724
0.0325442
0.0326166
0.0326898
0.0327638
0.0328389
0.0329151
0.0329926
0.0330713
0.0331515
0.033233
0.0333161
0.0334006
0.0334867
0.0335743
0.0336636
0.0337545
0.033847
0.0339413
0.0340372
0.034135
0.0342345
0.0343359
0.0344392
0.0345445
0.0346518
0.0347611
0.0348726
0.0349863
0.0351023
0.0352206
0.0353415
0.035465
0.0355912
0.0357202
0.0358522
0.0359873
0.0361257
0.0362676
0.0364131
0.0365624
0.0367158
0.0368736
0.0370358
0.037203
0.0373753
0.037553
0.0377367
0.0379266
0.0381232
0.0383269
0.0385384
0.0387581
0.0389868
0.0392251
0.0394739
0.0397339
0.0400061
0.0402917
0.0405919
0.0409079
0.0412414
0.0415941
0.0419678
0.0423649
0.0427878
0.0432396
0.0437235
0.0442434
0.0448039
0.0454102
0.0460686
0.0467865
0.0475727
0.0484381
0.0493955
0.0504612
0.051655
0.0530023
0.0545356
0.0562973
0.058344
0.0607532
0.0636338
0.0671446
0.0715276
0.0771716
0.0847483
0.0955356
0.112327
0.142688
0.216282
0.578169
0.031933
0.0320191
0.0321019
0.032182
0.0322601
0.0323367
0.0324122
0.0324869
0.0325612
0.0326354
0.0327096
0.0327842
0.0328592
0.0329348
0.033011
0.0330882
0.0331662
0.0332452
0.0333252
0.0334064
0.0334887
0.0335723
0.0336571
0.0337431
0.0338305
0.0339193
0.0340095
0.0341012
0.0341943
0.034289
0.0343853
0.0344833
0.034583
0.0346844
0.0347877
0.0348929
0.0350001
0.0351093
0.0352208
0.0353345
0.0354506
0.0355692
0.0356904
0.0358145
0.0359414
0.0360714
0.0362047
0.0363414
0.0364818
0.0366261
0.0367745
0.0369273
0.0370849
0.0372474
0.0374153
0.0375889
0.0377687
0.0379551
0.0381486
0.0383498
0.0385592
0.0387777
0.0390059
0.0392446
0.0394948
0.0397575
0.040034
0.0403254
0.0406333
0.0409594
0.0413055
0.0416738
0.0420667
0.0424871
0.0429381
0.0434237
0.043948
0.0445163
0.0451347
0.0458102
0.0465515
0.047369
0.0482753
0.049286
0.0504205
0.0517034
0.0531661
0.05485
0.0568099
0.0591211
0.0618895
0.0652695
0.0694964
0.0749486
0.08228
0.0927352
0.109035
0.138557
0.210238
0.563491
0.0319159
0.0320102
0.0320999
0.032186
0.0322691
0.0323498
0.0324286
0.0325059
0.032582
0.0326572
0.0327319
0.0328063
0.0328806
0.0329549
0.0330294
0.0331043
0.0331796
0.0332554
0.0333319
0.0334092
0.0334872
0.033566
0.0336457
0.0337264
0.0338081
0.0338909
0.0339748
0.0340598
0.034146
0.0342334
0.0343222
0.0344123
0.0345039
0.0345969
0.0346915
0.0347877
0.0348856
0.0349852
0.0350868
0.0351903
0.0352959
0.0354036
0.0355137
0.0356262
0.0357413
0.0358591
0.0359798
0.0361036
0.0362307
0.0363612
0.0364955
0.0366338
0.0367763
0.0369234
0.0370754
0.0372326
0.0373955
0.0375645
0.0377401
0.0379227
0.0381131
0.0383118
0.0385196
0.0387373
0.0389657
0.0392059
0.039459
0.0397262
0.040009
0.040309
0.040628
0.0409681
0.0413317
0.0417214
0.0421403
0.0425923
0.0430814
0.0436125
0.0441917
0.0448257
0.045523
0.0462935
0.0471494
0.0481057
0.0491814
0.0504
0.0517921
0.0533975
0.0552694
0.0574805
0.0601332
0.0633772
0.0674402
0.0726888
0.0797571
0.0898528
0.105619
0.13423
0.203874
0.548203
0.031903
0.0320058
0.0321025
0.0321945
0.0322825
0.0323671
0.0324489
0.0325283
0.0326058
0.0326816
0.0327563
0.0328299
0.0329029
0.0329753
0.0330473
0.0331192
0.0331911
0.033263
0.0333352
0.0334076
0.0334804
0.0335537
0.0336275
0.0337019
0.033777
0.0338528
0.0339294
0.0340068
0.0340851
0.0341643
0.0342446
0.0343259
0.0344083
0.0344919
0.0345768
0.034663
0.0347506
0.0348397
0.0349304
0.0350227
0.0351168
0.0352127
0.0353107
0.0354107
0.035513
0.0356177
0.035725
0.035835
0.0359479
0.036064
0.0361833
0.0363063
0.0364331
0.0365641
0.0366996
0.0368398
0.0369853
0.0371364
0.0372935
0.0374573
0.0376282
0.0378069
0.0379941
0.0381905
0.0383971
0.0386148
0.0388447
0.039088
0.0393461
0.0396205
0.039913
0.0402256
0.0405605
0.0409206
0.0413086
0.0417282
0.0421835
0.0426793
0.0432211
0.0438156
0.044471
0.0451969
0.046005
0.0469099
0.0479297
0.0490871
0.0504117
0.0519416
0.0537282
0.0558413
0.0583795
0.0614865
0.0653812
0.0704156
0.0771986
0.0868888
0.102022
0.129475
0.196275
0.526632
0.0318933
0.0320045
0.0321081
0.0322058
0.0322984
0.0323866
0.032471
0.0325521
0.0326304
0.0327063
0.0327802
0.0328524
0.0329233
0.0329929
0.0330617
0.0331297
0.0331971
0.0332641
0.0333308
0.0333974
0.0334639
0.0335305
0.0335972
0.0336641
0.0337312
0.0337988
0.0338667
0.0339352
0.0340042
0.0340738
0.0341441
0.0342152
0.034287
0.0343597
0.0344333
0.034508
0.0345837
0.0346606
0.0347388
0.0348183
0.0348992
0.0349817
0.0350658
0.0351517
0.0352396
0.0353294
0.0354215
0.0355159
0.0356128
0.0357125
0.0358152
0.035921
0.0360303
0.0361433
0.0362603
0.0363817
0.0365078
0.036639
0.0367758
0.0369187
0.0370682
0.0372249
0.0373895
0.0375628
0.0377455
0.0379386
0.0381432
0.0383605
0.0385917
0.0388384
0.0391022
0.0393852
0.0396894
0.0400175
0.0403724
0.0407574
0.0411766
0.0416344
0.0421364
0.042689
0.0432999
0.0439784
0.0447358
0.0455862
0.0465469
0.0476399
0.0488935
0.0503444
0.0520419
0.0540533
0.0564732
0.05944
0.0631641
0.0679842
0.0744859
0.0837844
0.09832
0.124716
0.18902
0.507787
0.0318823
0.0320007
0.03211
0.0322123
0.0323084
0.0323992
0.0324853
0.0325672
0.0326456
0.0327208
0.0327933
0.0328635
0.0329316
0.032998
0.0330629
0.0331265
0.033189
0.0332507
0.0333116
0.033372
0.0334319
0.0334914
0.0335507
0.0336098
0.0336689
0.033728
0.0337872
0.0338466
0.0339062
0.0339661
0.0340264
0.0340872
0.0341484
0.0342103
0.0342728
0.034336
0.0344001
0.034465
0.0345309
0.0345978
0.0346659
0.0347353
0.034806
0.0348783
0.0349521
0.0350277
0.0351051
0.0351847
0.0352664
0.0353506
0.0354374
0.0355271
0.0356198
0.035716
0.0358157
0.0359195
0.0360277
0.0361405
0.0362586
0.0363823
0.0365122
0.0366488
0.0367929
0.0369452
0.0371064
0.0372775
0.0374595
0.0376536
0.0378609
0.0380831
0.0383217
0.0385786
0.038856
0.0391563
0.0394824
0.0398375
0.0402254
0.0406506
0.0411184
0.041635
0.0422078
0.0428458
0.04356
0.0443639
0.0452741
0.046312
0.0475047
0.0488876
0.0505083
0.0524316
0.0547486
0.0575926
0.0611661
0.0657955
0.0720448
0.0809882
0.0949767
0.120392
0.182342
0.489704
0.0318668
0.0319908
0.0321045
0.0322102
0.0323089
0.0324012
0.0324881
0.03257
0.0326476
0.0327214
0.0327918
0.0328592
0.0329241
0.0329866
0.0330472
0.033106
0.0331633
0.0332193
0.0332741
0.033328
0.033381
0.0334334
0.0334851
0.0335364
0.0335873
0.0336379
0.0336883
0.0337386
0.0337889
0.0338392
0.0338897
0.0339404
0.0339913
0.0340426
0.0340943
0.0341465
0.0341992
0.0342526
0.0343068
0.0343618
0.0344177
0.0344746
0.0345327
0.0345921
0.0346528
0.034715
0.0347789
0.0348446
0.0349123
0.0349822
0.0350545
0.0351294
0.0352071
0.0352879
0.0353721
0.0354601
0.0355521
0.0356485
0.0357499
0.0358566
0.0359692
0.0360882
0.0362143
0.0363482
0.0364908
0.0366428
0.0368053
0.0369794
0.0371664
0.0373676
0.0375848
0.0378196
0.0380743
0.0383511
0.0386529
0.0389829
0.0393447
0.0397426
0.0401818
0.0406683
0.0412093
0.0418134
0.0424914
0.0432562
0.044124
0.0451152
0.0462562
0.0475813
0.0491361
0.0509833
0.053211
0.0559474
0.0593883
0.0638483
0.0698716
0.0784946
0.091986
0.116506
0.17631
0.473654
0.0318447
0.0319729
0.0320897
0.0321976
0.0322975
0.0323904
0.032477
0.0325581
0.0326341
0.0327057
0.0327733
0.0328375
0.0328985
0.0329567
0.0330125
0.0330662
0.0331179
0.0331679
0.0332164
0.0332635
0.0333096
0.0333546
0.0333987
0.0334421
0.0334848
0.033527
0.0335688
0.0336103
0.0336515
0.0336925
0.0337334
0.0337744
0.0338154
0.0338565
0.0338979
0.0339397
0.0339818
0.0340244
0.0340675
0.0341113
0.0341559
0.0342014
0.0342478
0.0342953
0.034344
0.0343941
0.0344457
0.0344989
0.034554
0.034611
0.0346703
0.034732
0.0347964
0.0348637
0.0349343
0.0350084
0.0350864
0.0351686
0.0352556
0.0353477
0.0354454
0.0355494
0.0356603
0.0357787
0.0359055
0.0360416
0.0361878
0.0363453
0.0365154
0.0366994
0.0368988
0.0371156
0.0373517
0.0376095
0.0378916
0.0382011
0.0385417
0.0389176
0.0393337
0.0397959
0.0403112
0.0408881
0.0415368
0.0422699
0.0431032
0.0440566
0.0451554
0.0464329
0.0479335
0.0497178
0.0518709
0.0545173
0.0578463
0.0621625
0.0679927
0.0763398
0.0893996
0.113135
0.171032
0.4592
0.0318157
0.0319465
0.0320649
0.0321737
0.0322738
0.0323661
0.0324515
0.0325307
0.0326043
0.0326729
0.0327371
0.0327973
0.032854
0.0329074
0.032958
0.0330061
0.0330519
0.0330956
0.0331376
0.0331779
0.0332169
0.0332545
0.0332911
0.0333266
0.0333614
0.0333953
0.0334287
0.0334616
0.033494
0.0335261
0.0335579
0.0335896
0.0336213
0.033653
0.0336847
0.0337167
0.0337489
0.0337815
0.0338146
0.0338482
0.0338825
0.0339175
0.0339534
0.0339903
0.0340284
0.0340677
0.0341083
0.0341506
0.0341946
0.0342405
0.0342885
0.0343389
0.0343919
0.0344477
0.0345066
0.034569
0.0346351
0.0347055
0.0347804
0.0348604
0.0349459
0.0350376
0.035136
0.0352418
0.0353558
0.035479
0.0356121
0.0357564
0.035913
0.0360832
0.0362687
0.0364713
0.0366928
0.0369355
0.0372022
0.0374959
0.03782
0.0381787
0.0385768
0.0390201
0.0395153
0.0400708
0.0406965
0.0414047
0.0422108
0.043134
0.0441991
0.0454384
0.0468951
0.048628
0.05072
0.0532918
0.0565274
0.0607227
0.0663889
0.0745
0.0871872
0.110239
0.166466
0.446709
0.0317803
0.031912
0.0320306
0.0321389
0.0322378
0.0323284
0.0324116
0.0324879
0.0325583
0.0326232
0.0326832
0.0327388
0.0327905
0.0328387
0.0328836
0.0329258
0.0329654
0.0330027
0.0330379
0.0330713
0.0331031
0.0331334
0.0331624
0.0331903
0.0332172
0.0332432
0.0332685
0.0332931
0.0333172
0.0333408
0.0333641
0.0333872
0.0334102
0.0334331
0.033456
0.033479
0.0335023
0.0335259
0.0335499
0.0335744
0.0335996
0.0336254
0.0336521
0.0336798
0.0337085
0.0337385
0.0337699
0.0338028
0.0338374
0.033874
0.0339126
0.0339535
0.033997
0.0340434
0.0340928
0.0341457
0.0342023
0.0342631
0.0343285
0.0343988
0.0344747
0.0345566
0.0346453
0.0347413
0.0348455
0.0349587
0.0350818
0.035216
0.0353623
0.0355222
0.0356972
0.035889
0.0360995
0.0363311
0.0365862
0.036868
0.0371797
0.0375255
0.0379101
0.0383391
0.0388192
0.0393584
0.0399666
0.0406557
0.0414407
0.0423405
0.0433793
0.0445886
0.0460105
0.0477025
0.0497453
0.0522569
0.0554165
0.0595126
0.0650436
0.0729583
0.0853332
0.107807
0.162604
0.435948
0.0317397
0.0318707
0.0319879
0.0320942
0.0321907
0.0322783
0.0323581
0.0324306
0.0324967
0.0325571
0.0326121
0.0326625
0.0327087
0.0327511
0.03279
0.0328259
0.0328589
0.0328896
0.0329179
0.0329443
0.0329689
0.032992
0.0330136
0.033034
0.0330532
0.0330716
0.0330891
0.0331059
0.0331222
0.0331379
0.0331534
0.0331685
0.0331835
0.0331984
0.0332134
0.0332285
0.0332439
0.0332595
0.0332756
0.0332922
0.0333095
0.0333275
0.0333464
0.0333663
0.0333873
0.0334096
0.0334333
0.0334586
0.0334857
0.0335147
0.0335458
0.0335793
0.0336154
0.0336543
0.0336965
0.033742
0.0337914
0.033845
0.0339031
0.0339663
0.034035
0.0341098
0.0341914
0.0342803
0.0343773
0.0344834
0.0345993
0.0347262
0.0348653
0.0350178
0.0351853
0.0353694
0.0355722
0.0357957
0.0360427
0.0363158
0.0366187
0.0369552
0.03733
0.0377485
0.0382174
0.0387446
0.0393397
0.0400143
0.0407834
0.0416652
0.0426835
0.0438694
0.0452639
0.0469233
0.048927
0.0513901
0.0544883
0.0585039
0.0639243
0.0716776
0.0837936
0.105783
0.159373
0.426908
0.0316957
0.0318242
0.0319383
0.0320411
0.0321337
0.0322172
0.0322923
0.03236
0.0324209
0.0324758
0.0325252
0.0325696
0.0326096
0.0326457
0.0326781
0.0327073
0.0327336
0.0327573
0.0327787
0.032798
0.0328155
0.0328313
0.0328457
0.0328588
0.0328708
0.0328818
0.032892
0.0329015
0.0329105
0.032919
0.0329273
0.0329353
0.0329432
0.0329511
0.0329591
0.0329673
0.0329758
0.0329847
0.0329941
0.0330041
0.0330149
0.0330265
0.0330391
0.0330528
0.0330677
0.0330839
0.0331017
0.0331212
0.0331425
0.0331658
0.0331914
0.0332194
0.0332501
0.0332838
0.0333207
0.0333612
0.0334055
0.0334541
0.0335073
0.0335657
0.0336296
0.0336997
0.0337765
0.0338608
0.0339531
0.0340545
0.0341658
0.034288
0.0344224
0.0345701
0.0347327
0.0349119
0.0351095
0.0353278
0.0355692
0.0358366
0.0361334
0.0364634
0.0368312
0.0372423
0.0377031
0.0382214
0.0388067
0.0394705
0.0402272
0.0410951
0.0420976
0.0432649
0.0446377
0.0462714
0.0482437
0.0506681
0.0537171
0.0576679
0.0629994
0.0706223
0.0825283
0.104122
0.156713
0.419384
0.0316506
0.0317746
0.0318839
0.0319816
0.0320689
0.0321467
0.032216
0.0322777
0.0323324
0.0323809
0.0324237
0.0324615
0.0324947
0.0325239
0.0325494
0.0325715
0.0325908
0.0326074
0.0326216
0.0326338
0.0326441
0.0326529
0.0326602
0.0326662
0.0326713
0.0326754
0.0326788
0.0326816
0.032684
0.032686
0.0326878
0.0326895
0.0326912
0.0326931
0.0326951
0.0326976
0.0327004
0.0327038
0.0327079
0.0327127
0.0327184
0.0327252
0.032733
0.032742
0.0327525
0.0327644
0.032778
0.0327934
0.0328108
0.0328304
0.0328524
0.0328769
0.0329043
0.0329347
0.0329685
0.0330059
0.0330473
0.0330931
0.0331436
0.0331993
0.0332606
0.0333281
0.0334025
0.0334842
0.0335742
0.0336731
0.033782
0.0339017
0.0340335
0.0341786
0.0343386
0.0345149
0.0347096
0.0349247
0.0351627
0.0354264
0.0357192
0.0360448
0.0364079
0.0368137
0.0372685
0.0377802
0.0383579
0.0390131
0.0397602
0.0406169
0.0416064
0.0427587
0.0441137
0.0457262
0.0476728
0.0500655
0.0530743
0.0569726
0.0622322
0.0697502
0.0814875
0.102762
0.15454
0.413243
0.0316067
0.0317241
0.0318268
0.0319177
0.0319981
0.0320688
0.032131
0.0321854
0.0322328
0.0322739
0.0323094
0.0323397
0.0323655
0.0323872
0.0324052
0.03242
0.0324319
0.0324411
0.0324482
0.0324532
0.0324564
0.0324582
0.0324587
0.0324581
0.0324565
0.0324542
0.0324514
0.0324481
0.0324445
0.0324408
0.032437
0.0324333
0.0324299
0.0324267
0.032424
0.0324219
0.0324203
0.0324196
0.0324197
0.0324207
0.0324229
0.0324262
0.0324309
0.032437
0.0324446
0.032454
0.0324652
0.0324784
0.0324937
0.0325114
0.0325317
0.0325546
0.0325806
0.0326097
0.0326424
0.0326788
0.0327193
0.0327642
0.032814
0.032869
0.0329297
0.0329967
0.0330705
0.0331518
0.0332412
0.0333396
0.0334479
0.033567
0.033698
0.0338423
0.0340013
0.0341765
0.0343699
0.0345834
0.0348196
0.0350812
0.0353715
0.0356942
0.0360539
0.0364557
0.036906
0.0374123
0.0379838
0.0386319
0.0393706
0.0402177
0.0411959
0.0423349
0.0436742
0.045268
0.0471922
0.0495574
0.0525318
0.0563858
0.0615858
0.0690184
0.0806203
0.101642
0.152773
0.408298
0.0315668
0.0316756
0.0317696
0.031852
0.0319237
0.0319859
0.0320395
0.0320854
0.0321244
0.032157
0.0321841
0.0322062
0.0322238
0.0322374
0.0322475
0.0322544
0.0322586
0.0322604
0.0322601
0.0322579
0.0322542
0.0322492
0.032243
0.0322361
0.0322284
0.0322202
0.0322117
0.032203
0.0321942
0.0321856
0.0321771
0.0321691
0.0321615
0.0321545
0.0321482
0.0321427
0.0321381
0.0321345
0.032132
0.0321308
0.0321309
0.0321325
0.0321356
0.0321404
0.0321469
0.0321554
0.032166
0.0321788
0.0321939
0.0322115
0.0322319
0.0322552
0.0322816
0.0323113
0.0323447
0.0323819
0.0324233
0.0324693
0.0325201
0.0325763
0.0326382
0.0327064
0.0327814
0.0328638
0.0329544
0.0330539
0.0331631
0.0332831
0.0334149
0.0335598
0.0337192
0.0338946
0.0340878
0.034301
0.0345365
0.034797
0.0350857
0.0354064
0.0357635
0.0361621
0.0366085
0.03711
0.0376759
0.0383173
0.0390481
0.0398858
0.040853
0.041979
0.0433031
0.0448787
0.046781
0.0491198
0.0520616
0.0558745
0.0610207
0.0683787
0.079867
0.100684
0.151309
0.404377
0.0315332
0.0316312
0.0317145
0.0317863
0.0318477
0.0318997
0.0319433
0.0319793
0.0320085
0.0320317
0.0320495
0.0320624
0.0320711
0.032076
0.0320776
0.0320764
0.0320726
0.0320666
0.0320588
0.0320495
0.0320389
0.0320273
0.0320149
0.0320019
0.0319886
0.0319751
0.0319615
0.0319481
0.031935
0.0319224
0.0319103
0.0318989
0.0318882
0.0318786
0.0318699
0.0318624
0.0318561
0.0318511
0.0318476
0.0318456
0.0318452
0.0318466
0.0318498
0.0318549
0.0318621
0.0318715
0.0318831
0.0318972
0.0319139
0.0319332
0.0319555
0.0319808
0.0320094
0.0320415
0.0320773
0.0321171
0.0321612
0.0322098
0.0322634
0.0323223
0.0323869
0.0324579
0.0325355
0.0326206
0.0327137
0.0328156
0.0329272
0.0330493
0.033183
0.0333296
0.0334904
0.0336669
0.033861
0.0340746
0.0343101
0.0345701
0.0348579
0.0351771
0.0355319
0.0359276
0.0363702
0.0368671
0.0374272
0.0380617
0.0387841
0.0396119
0.0405673
0.0416794
0.0429868
0.0445425
0.046421
0.0487309
0.0516373
0.055406
0.0604953
0.0677771
0.0791556
0.0997909
0.150009
0.401267
0.0315097
0.0315945
0.0316649
0.0317241
0.0317732
0.0318132
0.0318451
0.0318698
0.031888
0.0319004
0.0319078
0.0319107
0.0319097
0.0319052
0.0318978
0.0318878
0.0318757
0.0318619
0.0318465
0.03183
0.0318127
0.0317947
0.0317763
0.0317578
0.0317393
0.031721
0.0317032
0.0316859
0.0316693
0.0316535
0.0316387
0.031625
0.0316126
0.0316014
0.0315917
0.0315835
0.0315768
0.0315719
0.0315688
0.0315676
0.0315683
0.031571
0.0315759
0.0315831
0.0315925
0.0316044
0.0316189
0.031636
0.0316558
0.0316786
0.0317045
0.0317335
0.031766
0.031802
0.0318419
0.0318858
0.031934
0.0319868
0.0320446
0.0321077
0.0321765
0.0322515
0.0323331
0.032422
0.0325188
0.0326243
0.0327391
0.0328643
0.0330009
0.03315
0.033313
0.0334914
0.0336869
0.0339015
0.0341375
0.0343975
0.0346846
0.0350024
0.0353552
0.0357479
0.0361866
0.0366786
0.0372326
0.0378595
0.0385727
0.0393895
0.0403316
0.0414277
0.0427159
0.0442484
0.0460986
0.0483736
0.0512365
0.0549497
0.0599668
0.0671509
0.07839
0.0988076
0.148617
0.398665
0.0314979
0.0315669
0.0316221
0.0316666
0.0317014
0.0317276
0.0317462
0.031758
0.0317638
0.0317643
0.0317602
0.0317521
0.0317405
0.031726
0.031709
0.03169
0.0316693
0.0316473
0.0316243
0.0316007
0.0315767
0.0315526
0.0315287
0.031505
0.031482
0.0314596
0.0314382
0.0314178
0.0313986
0.0313808
0.0313644
0.0313496
0.0313365
0.0313251
0.0313156
0.0313081
0.0313026
0.0312992
0.031298
0.031299
0.0313024
0.0313082
0.0313164
0.0313271
0.0313405
0.0313566
0.0313754
0.0313971
0.0314218
0.0314496
0.0314806
0.0315149
0.0315528
0.0315943
0.0316397
0.0316891
0.0317429
0.0318013
0.0318645
0.031933
0.0320071
0.0320873
0.032174
0.0322677
0.0323692
0.032479
0.032598
0.0327271
0.0328672
0.0330195
0.0331853
0.033366
0.0335634
0.0337793
0.0340161
0.0342763
0.0345629
0.0348795
0.0352301
0.0356199
0.0360545
0.0365412
0.0370886
0.0377074
0.0384107
0.0392153
0.0401426
0.0412207
0.0424868
0.0439921
0.0458083
0.0480401
0.0508472
0.0544861
0.0594008
0.0664371
0.0774492
0.0974853
0.14658
0.395954
0.0314997
0.0315348
0.0315577
0.0315713
0.0315769
0.0315753
0.0315674
0.0315541
0.0315361
0.0315142
0.0314888
0.0314608
0.0314304
0.0313984
0.031365
0.0313308
0.0312962
0.0312613
0.0312267
0.0311925
0.0311591
0.0311267
0.0310954
0.0310656
0.0310374
0.031011
0.0309865
0.030964
0.0309437
0.0309257
0.03091
0.0308968
0.0308861
0.0308781
0.0308727
0.0308699
0.03087
0.0308728
0.0308785
0.030887
0.0308983
0.0309126
0.0309299
0.0309501
0.0309733
0.0309996
0.0310289
0.0310614
0.0310971
0.031136
0.0311783
0.031224
0.0312732
0.0313261
0.0313829
0.0314436
0.0315085
0.0315779
0.031652
0.031731
0.0318154
0.0319055
0.0320017
0.0321047
0.0322149
0.032333
0.0324598
0.032596
0.0327428
0.032901
0.0330721
0.0332574
0.0334586
0.0336776
0.0339166
0.034178
0.0344648
0.0347806
0.0351293
0.0355158
0.0359459
0.0364265
0.0369661
0.037575
0.0382663
0.0390563
0.0399659
0.0410223
0.0422619
0.0437343
0.0455092
0.0476878
0.0504241
0.053965
0.0587363
0.0655455
0.0761539
0.0953281
0.141847
0.375067
0.0316826
0.0316351
0.0315808
0.0315222
0.0314602
0.0313956
0.0313289
0.0312609
0.0311921
0.0311231
0.0310544
0.0309864
0.0309196
0.0308543
0.030791
0.0307299
0.0306713
0.0306156
0.0305629
0.0305134
0.0304675
0.0304251
0.0303865
0.0303519
0.0303212
0.0302946
0.0302722
0.030254
0.03024
0.0302304
0.030225
0.0302238
0.030227
0.0302344
0.030246
0.0302617
0.0302816
0.0303055
0.0303333
0.0303651
0.0304008
0.0304402
0.0304833
0.0305301
0.0305804
0.0306343
0.0306916
0.0307524
0.0308165
0.030884
0.0309548
0.0310289
0.0311065
0.0311875
0.0312719
0.0313599
0.0314517
0.0315473
0.0316469
0.0317508
0.0318593
0.0319726
0.0320912
0.0322155
0.032346
0.0324833
0.0326281
0.0327813
0.0329436
0.0331162
0.0333003
0.0334973
0.0337087
0.0339364
0.0341826
0.0344498
0.0347409
0.0350593
0.0354091
0.0357951
0.036223
0.0366998
0.037234
0.037836
0.0385186
0.0392983
0.0401961
0.0412391
0.0424639
0.04392
0.0456772
0.0478368
0.0505529
0.0540723
0.05882
0.0656019
0.0761728
0.095274
0.141577
0.374387
0.0320628
0.0319019
0.031743
0.031588
0.0314373
0.031291
0.0311495
0.0310131
0.030882
0.0307565
0.0306369
0.0305232
0.0304158
0.0303148
0.0302204
0.0301327
0.0300519
0.0299779
0.029911
0.0298511
0.0297984
0.0297528
0.0297143
0.0296829
0.0296587
0.0296414
0.029631
0.0296276
0.0296309
0.0296408
0.0296572
0.0296799
0.0297089
0.0297438
0.0297846
0.0298311
0.029883
0.0299402
0.0300024
0.0300695
0.0301412
0.0302174
0.0302978
0.0303823
0.0304706
0.0305626
0.0306581
0.0307569
0.0308589
0.0309639
0.0310719
0.0311827
0.0312962
0.0314124
0.0315313
0.0316529
0.0317772
0.0319042
0.0320342
0.0321671
0.0323034
0.0324431
0.0325866
0.0327343
0.0328867
0.0330443
0.0332077
0.0333777
0.0335552
0.0337411
0.0339367
0.0341432
0.0343623
0.0345958
0.0348459
0.0351149
0.0354059
0.0357222
0.0360678
0.0364477
0.0368675
0.0373343
0.0378565
0.0384445
0.0391113
0.0398734
0.0407517
0.0417737
0.0429758
0.0444079
0.0461399
0.0482734
0.0509626
0.0544549
0.0591754
0.0659295
0.0764682
0.0955148
0.14165
0.374002
0.0326359
0.0323319
0.0320426
0.0317689
0.0315102
0.0312662
0.0310364
0.0308206
0.0306186
0.03043
0.0302547
0.0300925
0.0299433
0.0298068
0.029683
0.0295715
0.0294724
0.0293854
0.0293102
0.0292469
0.0291951
0.0291546
0.0291252
0.0291067
0.0290988
0.0291012
0.0291137
0.029136
0.0291677
0.0292085
0.0292582
0.0293163
0.0293825
0.0294565
0.0295378
0.0296262
0.0297212
0.0298224
0.0299295
0.0300421
0.0301599
0.0302824
0.0304093
0.0305403
0.030675
0.030813
0.0309542
0.0310981
0.0312445
0.0313932
0.0315439
0.0316963
0.0318503
0.0320058
0.0321626
0.0323206
0.0324798
0.0326401
0.0328016
0.0329643
0.0331284
0.0332941
0.0334615
0.0336311
0.0338032
0.0339783
0.034157
0.03434
0.0345282
0.0347224
0.0349238
0.0351338
0.0353539
0.0355858
0.0358317
0.0360941
0.0363758
0.0366803
0.0370115
0.0373743
0.0377744
0.0382188
0.038716
0.0392764
0.039913
0.0406422
0.041485
0.0424689
0.0436304
0.0450194
0.0467057
0.0487911
0.0514299
0.0548694
0.0595345
0.0662297
0.0767014
0.0956545
0.141585
0.373654
0.03336
0.0328875
0.0324464
0.0320361
0.031655
0.0313015
0.0309744
0.0306726
0.0303951
0.0301409
0.0299092
0.0296993
0.0295105
0.0293421
0.0291935
0.0290641
0.0289534
0.0288608
0.0287858
0.0287278
0.0286864
0.0286609
0.028651
0.0286559
0.0286753
0.0287086
0.0287551
0.0288145
0.028886
0.0289691
0.0290632
0.0291678
0.0292822
0.0294059
0.0295383
0.0296787
0.0298266
0.0299815
0.0301427
0.0303096
0.0304817
0.0306585
0.0308394
0.0310239
0.0312115
0.0314017
0.0315941
0.0317881
0.0319835
0.0321797
0.0323765
0.0325734
0.0327703
0.0329667
0.0331626
0.0333576
0.0335517
0.0337446
0.0339365
0.0341272
0.0343168
0.0345055
0.0346933
0.0348806
0.0350677
0.035255
0.0354431
0.0356326
0.0358242
0.036019
0.0362179
0.0364223
0.0366338
0.0368539
0.037085
0.0373293
0.0375897
0.0378696
0.0381731
0.0385048
0.0388705
0.0392772
0.0397333
0.0402491
0.0408375
0.041515
0.0423024
0.043227
0.0443252
0.0456464
0.0472603
0.049268
0.0518229
0.0551709
0.0597342
0.0663114
0.0766351
0.0953665
0.140827
0.371487
0.034204
0.0335463
0.03294
0.0323828
0.0318715
0.0314034
0.030976
0.0305871
0.0302347
0.0299171
0.0296326
0.0293798
0.0291572
0.0289636
0.0287978
0.0286588
0.0285454
0.0284567
0.0283916
0.0283492
0.0283287
0.028329
0.0283494
0.0283889
0.0284466
0.0285217
0.0286132
0.0287204
0.0288424
0.0289782
0.0291271
0.0292881
0.0294603
0.0296431
0.0298354
0.0300365
0.0302455
0.0304617
0.0306841
0.0309121
0.0311449
0.0313817
0.0316219
0.0318646
0.0321093
0.0323552
0.0326019
0.0328485
0.0330947
0.0333399
0.0335835
0.0338251
0.0340643
0.0343007
0.0345339
0.0347636
0.0349897
0.0352118
0.0354299
0.0356438
0.0358536
0.0360591
0.0362607
0.0364584
0.0366525
0.0368434
0.0370316
0.0372177
0.0374024
0.0375866
0.0377714
0.037958
0.038148
0.0383429
0.038545
0.0387566
0.0389805
0.0392201
0.0394794
0.0397631
0.0400769
0.0404275
0.0408235
0.041275
0.0417948
0.0423991
0.0431085
0.04395
0.0449594
0.0461857
0.0476975
0.0495946
0.0520285
0.0552417
0.0596506
0.0660408
0.0761172
0.0944606
0.139067
0.366258
0.0351709
0.0343208
0.0335448
0.0328384
0.0321967
0.0316154
0.0310906
0.0306189
0.0301971
0.0298225
0.0294924
0.0292046
0.0289569
0.0287473
0.0285739
0.0284352
0.0283293
0.0282548
0.0282102
0.028194
0.028205
0.0282417
0.0283029
0.0283872
0.0284934
0.0286203
0.0287665
0.028931
0.0291124
0.0293097
0.0295215
0.0297468
0.0299843
0.030233
0.0304918
0.0307595
0.031035
0.0313173
0.0316055
0.0318983
0.032195
0.0324946
0.032796
0.0330985
0.0334012
0.0337032
0.0340038
0.0343022
0.0345977
0.0348895
0.0351772
0.03546
0.0357374
0.0360089
0.0362741
0.0365325
0.0367838
0.0370277
0.0372639
0.0374923
0.0377128
0.0379253
0.0381298
0.0383266
0.0385157
0.0386976
0.0388726
0.0390415
0.0392047
0.0393633
0.0395183
0.0396709
0.0398226
0.0399751
0.0401305
0.0402912
0.04046
0.0406402
0.0408358
0.0410515
0.0412927
0.0415665
0.0418809
0.0422461
0.0426746
0.0431824
0.0437898
0.0445231
0.0454174
0.0465207
0.0479002
0.0496535
0.0519287
0.054963
0.0591637
0.0653005
0.0750407
0.0928608
0.136325
0.357858
0.0363442
0.035302
0.0343576
0.0335049
0.0327372
0.0320482
0.0314326
0.0308854
0.0304022
0.0299792
0.0296126
0.0292991
0.0290359
0.02882
0.0286489
0.0285203
0.0284318
0.0283813
0.0283668
0.0283864
0.028438
0.02852
0.0286306
0.0287679
0.0289304
0.0291164
0.0293243
0.0295524
0.0297992
0.0300631
0.0303427
0.0306364
0.0309428
0.0312604
0.031588
0.031924
0.0322672
0.0326162
0.0329699
0.033327
0.0336862
0.0340465
0.0344068
0.0347658
0.0351227
0.0354763
0.0358257
0.03617
0.0365083
0.0368398
0.0371637
0.0374793
0.0377858
0.0380827
0.0383695
0.0386455
0.0389103
0.0391635
0.0394049
0.0396342
0.0398511
0.0400556
0.0402475
0.040427
0.0405942
0.0407495
0.0408932
0.0410261
0.0411487
0.041262
0.0413669
0.0414648
0.041557
0.0416455
0.0417322
0.0418194
0.0419102
0.0420076
0.0421158
0.0422393
0.0423836
0.0425554
0.0427629
0.0430158
0.0433264
0.0437102
0.0441868
0.0447817
0.0455288
0.0464745
0.0476835
0.0492499
0.0513163
0.0541112
0.0580269
0.0638043
0.0730478
0.0900616
0.131714
0.344241
0.0379122
0.0366824
0.0355735
0.0345773
0.0336872
0.0328953
0.0321945
0.0315782
0.0310406
0.0305764
0.0301809
0.0298497
0.0295788
0.0293646
0.0292037
0.0290929
0.0290293
0.02901
0.0290324
0.0290939
0.0291921
0.0293247
0.0294893
0.0296838
0.029906
0.0301539
0.0304253
0.0307183
0.0310309
0.0313613
0.0317076
0.032068
0.0324408
0.0328242
0.0332165
0.0336163
0.0340218
0.0344316
0.0348443
0.0352583
0.0356723
0.0360851
0.0364952
0.0369015
0.0373023
0.0376966
0.0380832
0.0384611
0.0388293
0.0391869
0.0395329
0.0398664
0.0401868
0.0404932
0.0407849
0.0410613
0.0413219
0.0415662
0.0417937
0.0420042
0.0421973
0.0423729
0.042531
0.0426716
0.0427949
0.0429012
0.0429908
0.0430644
0.0431227
0.0431665
0.043197
0.0432154
0.0432233
0.0432225
0.0432149
0.0432032
0.0431901
0.0431789
0.0431737
0.0431789
0.0432001
0.0432438
0.0433178
0.0434317
0.0435974
0.0438296
0.0441471
0.0445743
0.0451434
0.0458983
0.0469003
0.0482385
0.0500477
0.0525436
0.0560968
0.0614067
0.0699867
0.0858952
0.125018
0.324862
0.0401924
0.0387726
0.0374975
0.0363569
0.0353417
0.0344452
0.0336588
0.0329742
0.0323839
0.0318811
0.0314597
0.0311141
0.0308391
0.03063
0.0304825
0.0303925
0.0303562
0.03037
0.0304306
0.0305346
0.0306791
0.030861
0.0310777
0.0313262
0.0316041
0.0319088
0.0322378
0.0325887
0.0329592
0.0333472
0.0337504
0.0341668
0.0345943
0.0350311
0.0354751
0.0359246
0.0363779
0.0368331
0.0372886
0.0377429
0.0381943
0.0386414
0.0390826
0.0395166
0.0399419
0.0403572
0.0407613
0.0411529
0.0415309
0.0418941
0.0422415
0.0425721
0.0428849
0.043179
0.0434537
0.0437081
0.0439416
0.0441537
0.0443437
0.0445113
0.0446562
0.0447782
0.0448772
0.0449533
0.0450065
0.0450373
0.045046
0.0450333
0.0449999
0.0449468
0.0448752
0.0447865
0.0446823
0.0445644
0.0444351
0.0442969
0.0441528
0.0440061
0.0438608
0.0437215
0.0435936
0.0434836
0.0433989
0.0433489
0.0433449
0.0434008
0.0435344
0.0437685
0.0441333
0.0446695
0.0454341
0.0465095
0.0480204
0.050166
0.0532883
0.0580322
0.0657928
0.0803073
0.116183
0.299583
0.0434025
0.0418148
0.0403916
0.0391219
0.0379954
0.0370029
0.036138
0.0353907
0.0347519
0.0342134
0.0337678
0.0334081
0.0331282
0.0329222
0.0327848
0.0327109
0.0326959
0.0327355
0.0328255
0.032962
0.0331413
0.0333599
0.0336144
0.0339018
0.0342187
0.0345625
0.0349302
0.0353192
0.0357268
0.0361507
0.0365883
0.0370375
0.037496
0.0379616
0.0384325
0.0389065
0.0393818
0.0398565
0.0403288
0.0407971
0.0412596
0.0417146
0.0421606
0.0425961
0.0430195
0.0434293
0.0438242
0.0442027
0.0445635
0.0449054
0.0452271
0.0455275
0.0458054
0.0460598
0.0462897
0.0464942
0.0466727
0.0468242
0.0469484
0.0470446
0.0471125
0.0471519
0.0471626
0.0471448
0.0470986
0.0470244
0.0469226
0.0467941
0.0466397
0.0464604
0.0462577
0.0460331
0.0457884
0.0455256
0.0452471
0.0449558
0.0446545
0.044347
0.0440371
0.0437297
0.04343
0.0431444
0.0428802
0.0426463
0.0424534
0.0423145
0.0422462
0.0422695
0.042412
0.0427108
0.0432175
0.0440067
0.0451907
0.046949
0.0495889
0.0536898
0.0605037
0.0733808
0.10539
0.269081
0.0478704
0.0461473
0.0446023
0.043224
0.042002
0.0409271
0.0399928
0.0391881
0.0385028
0.0379276
0.037454
0.0370741
0.0367805
0.0365664
0.0364257
0.0363525
0.0363413
0.036387
0.0364849
0.0366304
0.0368194
0.0370477
0.0373117
0.0376079
0.0379327
0.0382831
0.038656
0.0390485
0.0394579
0.0398816
0.0403171
0.040762
0.0412141
0.0416712
0.0421311
0.0425919
0.0430516
0.0435084
0.0439603
0.0444056
0.0448425
0.0452693
0.0456843
0.0460859
0.0464723
0.0468421
0.0471936
0.0475252
0.0478355
0.048123
0.0483863
0.048624
0.0488349
0.0490176
0.0491711
0.0492943
0.0493863
0.0494462
0.0494733
0.0494672
0.0494272
0.0493533
0.0492452
0.0491031
0.0489272
0.0487181
0.0484763
0.0482027
0.0478985
0.0475649
0.0472035
0.0468162
0.0464049
0.0459722
0.0455205
0.045053
0.0445729
0.044084
0.0435906
0.0430973
0.0426096
0.0421337
0.0416768
0.0412473
0.0408552
0.0405126
0.0402346
0.0400402
0.0399541
0.0400092
0.0402512
0.0407455
0.0415906
0.0429434
0.0450721
0.0484817
0.0542619
0.0653249
0.0930012
0.23451
0.0540436
0.0522204
0.0505818
0.0491168
0.0478157
0.0466701
0.0456717
0.0448087
0.0440706
0.0434473
0.0429297
0.042509
0.0421773
0.0419271
0.0417516
0.0416444
0.0415994
0.0416111
0.0416743
0.0417841
0.0419361
0.042126
0.0423498
0.0426039
0.0428848
0.0431893
0.0435143
0.0438569
0.0442144
0.0445844
0.0449643
0.0453518
0.0457448
0.0461412
0.0465389
0.046936
0.0473306
0.0477207
0.0481045
0.0484803
0.0488463
0.0492005
0.0495414
0.049867
0.0501756
0.0504654
0.0507347
0.0509816
0.0512046
0.0514017
0.0515715
0.0517122
0.0518223
0.0519004
0.051945
0.0519549
0.051929
0.0518663
0.0517658
0.051627
0.0514494
0.0512328
0.0509769
0.0506821
0.0503487
0.0499773
0.0495687
0.0491243
0.0486452
0.0481332
0.0475902
0.0470184
0.0464202
0.0457983
0.0451559
0.0444963
0.0438232
0.0431407
0.0424531
0.0417656
0.0410834
0.0404128
0.0397607
0.0391351
0.0385453
0.0380024
0.0375197
0.0371141
0.0368071
0.0366272
0.0366133
0.0368212
0.0373344
0.0382855
0.0399009
0.0426057
0.0473165
0.0564781
0.0795723
0.197612
0.0625191
0.0606157
0.0588963
0.0573506
0.0559703
0.054749
0.0536726
0.0527298
0.0519097
0.0512023
0.0505983
0.0500889
0.0496661
0.0493223
0.0490505
0.0488444
0.0486979
0.0486055
0.048562
0.0485628
0.0486033
0.0486796
0.0487878
0.0489244
0.0490862
0.0492702
0.0494736
0.0496936
0.0499278
0.0501739
0.0504297
0.050693
0.0509619
0.0512344
0.0515086
0.0517827
0.0520547
0.052323
0.0525857
0.0528408
0.0530867
0.0533213
0.0535428
0.0537491
0.0539383
0.0541084
0.0542573
0.0543828
0.0544831
0.0545559
0.0545992
0.0546111
0.0545897
0.0545331
0.0544396
0.0543077
0.054136
0.0539233
0.0536686
0.0533711
0.0530303
0.052646
0.0522181
0.0517469
0.0512332
0.0506776
0.0500816
0.0494464
0.0487741
0.0480666
0.0473264
0.0465561
0.0457588
0.0449378
0.0440965
0.0432388
0.042369
0.0414913
0.0406106
0.0397321
0.0388612
0.0380041
0.0371674
0.0363587
0.0355864
0.0348604
0.0341925
0.0335969
0.0330918
0.0327009
0.0324564
0.032404
0.0326118
0.0331875
0.0343146
0.0363376
0.0399977
0.0472679
0.0657737
0.160374
0.0740636
0.072049
0.070211
0.0685407
0.0670311
0.0656777
0.0644589
0.0633638
0.0623825
0.0615056
0.0607246
0.0600315
0.0594189
0.05888
0.0584087
0.0579989
0.0576456
0.0573436
0.0570885
0.0568762
0.0567028
0.0565646
0.0564586
0.0563815
0.0563306
0.0563033
0.0562971
0.0563097
0.056339
0.0563829
0.0564394
0.0565067
0.056583
0.0566663
0.0567549
0.0568471
0.056941
0.0570347
0.0571263
0.057214
0.0572955
0.0573688
0.0574318
0.057482
0.0575171
0.0575347
0.0575322
0.0575071
0.0574568
0.0573787
0.0572703
0.057129
0.0569524
0.0567384
0.0564847
0.0561895
0.055851
0.0554678
0.0550388
0.0545631
0.0540402
0.0534699
0.0528524
0.0521884
0.0514786
0.0507245
0.0499277
0.0490903
0.0482147
0.0473035
0.04636
0.0453873
0.0443892
0.0433696
0.0423327
0.0412829
0.0402247
0.0391632
0.0381034
0.0370506
0.0360105
0.0349889
0.0339923
0.0330275
0.032102
0.0312244
0.0304046
0.0296543
0.0289882
0.0284251
0.0279904
0.0277195
0.0276656
0.0279123
0.0286017
0.0300005
0.032682
0.0381696
0.0523315
0.124875
0.089453
0.0871921
0.0850991
0.0831669
0.081391
0.0797494
0.07823
0.0768237
0.0755219
0.0743169
0.0732015
0.0721691
0.0712138
0.0703301
0.0695128
0.0687573
0.0680592
0.0674147
0.0668199
0.0662715
0.0657663
0.0653014
0.0648741
0.0644817
0.0641219
0.0637924
0.0634911
0.0632158
0.0629647
0.0627358
0.0625272
0.0623372
0.0621638
0.0620052
0.0618596
0.061725
0.0615995
0.0614809
0.061367
0.0612555
0.0611439
0.0610298
0.0609102
0.0607825
0.0606435
0.0604902
0.0603194
0.0601277
0.0599119
0.0596687
0.0593947
0.059087
0.0587423
0.058358
0.0579313
0.0574601
0.0569422
0.056376
0.0557605
0.0550946
0.0543781
0.053611
0.052794
0.0519281
0.0510147
0.0500558
0.0490538
0.0480116
0.0469322
0.0458194
0.0446769
0.043509
0.0423201
0.0411148
0.0398981
0.0386749
0.0374504
0.0362298
0.0350186
0.0338221
0.0326459
0.0314956
0.0303771
0.0292964
0.0282599
0.0272747
0.0263486
0.0254907
0.0247121
0.0240267
0.0234531
0.0230177
0.0227591
0.0227387
0.0230609
0.0239216
0.0257429
0.0296443
0.0399305
0.092954
0.108872
0.106082
0.103459
0.100995
0.098681
0.0964938
0.0944263
0.0924714
0.0906226
0.0888741
0.0872204
0.0856562
0.084177
0.0827783
0.081456
0.0802062
0.0790253
0.0779098
0.0768566
0.0758626
0.074925
0.0740409
0.0732077
0.072423
0.0716843
0.0709893
0.0703358
0.0697215
0.0691443
0.0686022
0.0680929
0.0676143
0.0671644
0.0667409
0.0663415
0.0659638
0.0656055
0.0652638
0.0649361
0.0646192
0.0643102
0.0640056
0.0637019
0.0633955
0.0630823
0.0627584
0.0624196
0.0620616
0.0616803
0.0612715
0.0608309
0.0603548
0.0598393
0.0592812
0.0586774
0.0580252
0.0573226
0.0565679
0.0557599
0.0548983
0.053983
0.0530148
0.0519949
0.0509251
0.0498078
0.0486459
0.0474427
0.0462023
0.0449286
0.0436265
0.0423006
0.0409562
0.0395986
0.0382331
0.0368653
0.0355008
0.034145
0.0328036
0.0314818
0.030185
0.0289184
0.027687
0.0264959
0.0253501
0.0242546
0.0232147
0.0222359
0.0213246
0.0204883
0.0197364
0.0190813
0.0185407
0.0181409
0.0179237
0.0179611
0.018389
0.019501
0.0220777
0.0291211
0.0659541
0.130835
0.127143
0.12364
0.120316
0.117147
0.114128
0.111251
0.10851
0.105901
0.103416
0.101051
0.0988013
0.0966614
0.0946269
0.0926934
0.0908566
0.0891125
0.0874573
0.0858872
0.0843985
0.082988
0.0816521
0.0803877
0.0791918
0.0780612
0.0769931
0.0759846
0.0750328
0.074135
0.0732885
0.0724905
0.0717383
0.0710289
0.0703596
0.0697274
0.0691291
0.0685614
0.0680209
0.0675039
0.0670065
0.0665246
0.0660537
0.0655891
0.065126
0.0646594
0.0641839
0.0636942
0.0631851
0.0626512
0.0620873
0.0614885
0.0608502
0.0601681
0.0594384
0.0586581
0.0578244
0.0569355
0.0559901
0.0549878
0.0539287
0.052814
0.0516452
0.0504248
0.0491559
0.047842
0.0464873
0.0450966
0.043675
0.0422279
0.040761
0.0392802
0.0377915
0.0363011
0.0348149
0.033339
0.0318792
0.030441
0.0290299
0.0276508
0.0263087
0.0250078
0.0237524
0.0225463
0.0213929
0.0202957
0.0192578
0.0182825
0.0173733
0.0165344
0.0157709
0.01509
0.0145019
0.0140227
0.0136786
0.0135154
0.0136214
0.0141891
0.0157335
0.0202428
0.044522
0.151243
0.146401
0.1418
0.137422
0.133251
0.129281
0.125502
0.121906
0.118486
0.115235
0.112144
0.109208
0.106419
0.103771
0.101258
0.0988744
0.0966141
0.0944718
0.0924424
0.0905208
0.0887024
0.0869825
0.0853566
0.0838206
0.0823703
0.0810017
0.079711
0.0784944
0.0773481
0.0762686
0.0752521
0.074295
0.0733936
0.0725442
0.0717427
0.0709852
0.0702673
0.0695845
0.068932
0.0683047
0.0676972
0.0671037
0.0665184
0.065935
0.065347
0.0647479
0.0641313
0.0634907
0.0628198
0.0621127
0.0613639
0.0605685
0.0597222
0.0588214
0.0578632
0.0568459
0.0557683
0.0546303
0.0534327
0.0521771
0.050866
0.0495027
0.0480913
0.0466364
0.0451432
0.0436175
0.0420654
0.0404934
0.038908
0.037316
0.0357241
0.034139
0.0325672
0.0310149
0.0294882
0.0279924
0.026533
0.0251144
0.0237409
0.0224162
0.0211434
0.0199253
0.018764
0.0176611
0.0166182
0.0156361
0.0147159
0.0138584
0.0130646
0.0123361
0.0116757
0.0110878
0.0105805
0.0101677
0.00987569
0.00975616
0.00992463
0.0106946
0.0132839
0.0279804
0.163961
0.158169
0.15268
0.147475
0.142539
0.137859
0.133422
0.129216
0.125229
0.121451
0.117871
0.11448
0.111268
0.108227
0.105349
0.102625
0.100049
0.0976125
0.0953101
0.0931352
0.0910818
0.089144
0.0873165
0.0855941
0.0839716
0.0824444
0.0810076
0.0796569
0.0783876
0.0771953
0.0760758
0.0750244
0.0740366
0.0731077
0.0722328
0.0714067
0.0706239
0.0698787
0.0691647
0.0684755
0.0678041
0.0671433
0.0664856
0.0658234
0.0651488
0.0644543
0.0637324
0.062976
0.0621784
0.0613338
0.0604368
0.0594832
0.0584694
0.057393
0.0562528
0.0550484
0.0537807
0.0524514
0.0510634
0.0496203
0.0481268
0.0465882
0.0450104
0.0433999
0.0417636
0.0401086
0.0384424
0.0367724
0.0351059
0.0334502
0.0318123
0.0301988
0.028616
0.0270697
0.0255649
0.0241063
0.022698
0.0213432
0.0200446
0.0188044
0.0176239
0.016504
0.015445
0.0144468
0.0135086
0.0126297
0.0118089
0.0110448
0.0103362
0.00968212
0.00908203
0.00853635
0.00804721
0.00761981
0.00726537
0.0070079
0.00690301
0.0071045
0.00821827
0.0154308
)
;

boundaryField
{
    jetInlet
    {
        type            fixedValue;
        value           uniform 0.001;
    }
    returnOutlet
    {
        type            inletOutlet;
        inletValue      uniform 0.001;
        value           nonuniform List<scalar> 
35
(
3.13987
1.7014
1.64565
1.817
2.0805
2.39039
2.71589
3.03045
3.31162
3.5434
3.71726
3.82247
0.001
0.001
0.001
0.001
0.001
0.001
0.001
0.001
0.001
0.001
0.001
0.001
0.001
0.001
0.165429
0.18859
0.158626
0.076845
0.0571867
0.0942821
0.176092
0.273687
0.34102
)
;
    }
    flatBed
    {
        type            epsilonWallFunction;
        blending        stepwise;
        value           nonuniform List<scalar> 
100
(
3.13987
3.21509
3.28608
3.35209
3.41234
3.4661
3.51284
3.55255
3.58594
3.59948
3.59041
3.55714
3.49908
3.41658
3.31085
3.18385
3.03818
2.87688
2.70336
2.5212
2.33404
2.14546
1.95881
1.77713
1.60303
1.4386
1.28541
1.14443
1.01612
0.900455
0.797055
0.705243
0.624162
0.552857
0.490343
0.435654
0.387879
0.34618
0.3098
0.278061
0.250364
0.226182
0.205051
0.186566
0.170375
0.156175
0.143703
0.132737
0.123088
0.114597
0.107132
0.100583
0.0948573
0.0898783
0.08558
0.0819047
0.0788003
0.076219
0.0741162
0.0724495
0.0711793
0.0702684
0.0696826
0.0693904
0.0693637
0.0695773
0.0700087
0.0706383
0.071446
0.0723878
0.0734525
0.0746313
0.0759186
0.0773125
0.0788158
0.0804377
0.0821434
0.0839188
0.0857532
0.0876359
0.0895554
0.0914995
0.093454
0.0954029
0.097327
0.0992035
0.101004
0.102696
0.104234
0.105564
0.106619
0.107307
0.107513
0.107083
0.105815
0.103434
0.0995435
0.0935889
0.0850485
0.0745377
)
;
    }
    slope
    {
        type            epsilonWallFunction;
        blending        stepwise;
        value           nonuniform List<scalar> 
50
(
1.24619
0.678329
0.60363
0.615189
0.6235
0.628911
0.630606
0.628583
0.623373
0.615131
0.604562
0.59203
0.578169
0.563491
0.548203
0.526632
0.507787
0.489704
0.473654
0.4592
0.446709
0.435948
0.426908
0.419384
0.413243
0.408298
0.404377
0.401267
0.398665
0.395954
0.375067
0.374387
0.374002
0.373654
0.371487
0.366258
0.357858
0.344241
0.324862
0.299583
0.269081
0.23451
0.197612
0.160374
0.124875
0.092954
0.0659541
0.044522
0.0279804
0.0154308
)
;
    }
    top
    {
        type            symmetryPlane;
    }
    frontAndBack
    {
        type            empty;
    }
    defaultFaces
    {
        type            empty;
    }
}


// ************************************************************************* //
