/*--------------------------------*- C++ -*----------------------------------*\
| =========                 |                                                 |
| \\      /  F ield         | OpenFOAM: The Open Source CFD Toolbox           |
|  \\    /   O peration     | Version:  2206                                  |
|   \\  /    A nd           | Website:  www.openfoam.com                      |
|    \\/     M anipulation  |                                                 |
\*---------------------------------------------------------------------------*/
FoamFile
{
    version     2.0;
    format      ascii;
    arch        "LSB;label=32;scalar=64";
    class       volScalarField;
    location    "1800";
    object      k;
}
// * * * * * * * * * * * * * * * * * * * * * * * * * * * * * * * * * * * * * //

dimensions      [0 2 -2 0 0 0 0];

internalField   nonuniform List<scalar> 
10000
(
0.290643
0.295267
0.299597
0.303596
0.307224
0.310443
0.313227
0.315584
0.317559
0.318358
0.317823
0.315858
0.312412
0.307482
0.301106
0.293357
0.284339
0.274185
0.263047
0.251094
0.23851
0.225484
0.212209
0.198877
0.185666
0.172743
0.160252
0.14831
0.137006
0.126402
0.11653
0.107401
0.0990029
0.0913116
0.0842916
0.0779016
0.0720969
0.0668325
0.0620641
0.0577493
0.0538479
0.0503222
0.047137
0.0442598
0.0416607
0.0393125
0.0371908
0.035274
0.0335432
0.0319825
0.0305781
0.0293189
0.0281955
0.0272002
0.026326
0.0255668
0.0249167
0.0243697
0.0239194
0.0235595
0.0232833
0.0230843
0.0229558
0.0228916
0.0228857
0.0229327
0.0230273
0.0231652
0.0233414
0.0235461
0.0237765
0.0240302
0.0243058
0.0246025
0.0249204
0.0252612
0.0256171
0.025985
0.0263623
0.0267469
0.0271361
0.0275275
0.0279183
0.0283053
0.0286848
0.0290525
0.0294033
0.0297309
0.0300273
0.0302827
0.0304845
0.030616
0.0306557
0.0305746
0.0303335
0.0298775
0.0291243
0.0279515
0.0262242
0.0240144
0.562958
0.570994
0.578957
0.586597
0.593819
0.600549
0.606615
0.611789
0.615827
0.618315
0.618777
0.616917
0.612521
0.605463
0.595698
0.583263
0.568264
0.550871
0.53131
0.50985
0.486798
0.462491
0.437287
0.411553
0.385655
0.359945
0.334747
0.310345
0.286972
0.264807
0.243972
0.224538
0.206527
0.189925
0.174692
0.160764
0.14807
0.136529
0.12606
0.116585
0.108025
0.100306
0.0933569
0.0871111
0.0815042
0.0764765
0.071972
0.0679394
0.0643319
0.0611078
0.0582306
0.0556683
0.0533942
0.0513851
0.0496218
0.0480876
0.0467676
0.0456483
0.0447165
0.0439593
0.0433639
0.0429172
0.0426066
0.0424196
0.0423441
0.0423692
0.0424844
0.0426803
0.0429432
0.0432685
0.0436502
0.0440829
0.0445617
0.0450824
0.0456411
0.0462346
0.0468636
0.0475209
0.0482025
0.0489048
0.0496246
0.0503582
0.0511019
0.0518511
0.0526007
0.0533444
0.0540744
0.054781
0.0554515
0.0560698
0.0566141
0.0570553
0.0573536
0.0574526
0.0572706
0.0566862
0.0555195
0.0534784
0.0499593
0.0437187
0.75177
0.759844
0.768456
0.777054
0.785441
0.793555
0.80121
0.808111
0.813894
0.818079
0.819942
0.819
0.814898
0.807405
0.796414
0.781929
0.764057
0.742987
0.718979
0.692346
0.66345
0.632689
0.60049
0.567303
0.533586
0.499792
0.466353
0.433663
0.402064
0.371831
0.343169
0.316217
0.291045
0.267672
0.246074
0.226195
0.207959
0.19128
0.176066
0.162225
0.149669
0.13831
0.128062
0.118845
0.110578
0.103182
0.0965831
0.0907078
0.0854872
0.0808569
0.0767576
0.0731359
0.0699442
0.067141
0.0646904
0.0625614
0.060727
0.0591636
0.0578499
0.0567662
0.0558939
0.0552152
0.0547129
0.0543707
0.0541728
0.0541043
0.0541517
0.0543022
0.0545404
0.0548587
0.0552492
0.0557046
0.0562183
0.0567846
0.0573981
0.0580541
0.0587524
0.0594864
0.0602507
0.0610409
0.0618529
0.0626823
0.0635244
0.0643737
0.065224
0.0660676
0.0668947
0.0676932
0.0684469
0.069135
0.0697293
0.0701915
0.0704686
0.0704863
0.0701376
0.0692681
0.0676571
0.0649715
0.060618
0.0536514
0.910354
0.918272
0.927337
0.936967
0.94689
0.956998
0.967039
0.976605
0.985186
0.992178
0.996579
0.997698
0.995032
0.988257
0.977224
0.961933
0.94251
0.919181
0.892241
0.862043
0.828981
0.793483
0.756008
0.717043
0.677094
0.636679
0.596308
0.556466
0.517592
0.480061
0.444168
0.410131
0.378084
0.348094
0.320169
0.294274
0.270344
0.248296
0.228041
0.209489
0.19255
0.177139
0.163172
0.150566
0.139236
0.129097
0.120064
0.112046
0.104956
0.0987071
0.0932139
0.0883974
0.0841844
0.0805091
0.077313
0.0745453
0.0721619
0.070125
0.0684015
0.0669625
0.0657821
0.0648367
0.0641045
0.0635651
0.0631995
0.0629901
0.0629203
0.062973
0.0631336
0.0633912
0.063736
0.064159
0.0646523
0.0652086
0.0658218
0.0664859
0.0671966
0.0679515
0.0687433
0.0695664
0.0704158
0.0712862
0.0721722
0.0730675
0.0739648
0.0748549
0.0757266
0.0765657
0.0773536
0.078066
0.0786706
0.079124
0.0793674
0.07932
0.0788698
0.0778618
0.0760836
0.0732348
0.0688338
0.0622085
1.05563
1.06377
1.07363
1.08483
1.09711
1.11026
1.12389
1.13738
1.15001
1.16097
1.16896
1.17306
1.17261
1.16723
1.15676
1.14125
1.12087
1.09593
1.06679
1.03384
0.997524
0.958269
0.916542
0.872828
0.827642
0.781525
0.735033
0.688716
0.643098
0.598645
0.555751
0.514718
0.475758
0.439
0.404495
0.37224
0.342189
0.314271
0.288408
0.264516
0.242519
0.222344
0.203921
0.18718
0.172052
0.158461
0.146323
0.135547
0.126035
0.11768
0.110374
0.10401
0.0984836
0.093697
0.0895617
0.0859991
0.0829405
0.0803269
0.0781081
0.076241
0.0746888
0.0734192
0.072404
0.0716175
0.0710368
0.0706408
0.0704103
0.0703242
0.0703672
0.0705259
0.0707886
0.0711447
0.0715845
0.0720996
0.0726823
0.0733256
0.074023
0.0747728
0.0755669
0.0763987
0.077262
0.0781509
0.0790588
0.0799786
0.0809018
0.0818184
0.0827157
0.0835779
0.0843848
0.0851102
0.0857198
0.0861686
0.0863969
0.0863252
0.085847
0.0848205
0.0830591
0.0803115
0.0762064
0.0702673
1.18971
1.1986
1.20982
1.22334
1.23899
1.2564
1.27494
1.29371
1.31166
1.32765
1.34009
1.3478
1.35
1.34629
1.33656
1.32096
1.2998
1.2735
1.24252
1.20734
1.16842
1.12621
1.08116
1.03371
0.984336
0.933558
0.881929
0.83003
0.778438
0.7277
0.678298
0.630625
0.584976
0.541549
0.500453
0.461721
0.425333
0.391237
0.359366
0.32965
0.302027
0.276445
0.252857
0.231222
0.211499
0.19364
0.177589
0.163273
0.150601
0.139467
0.129749
0.121316
0.114033
0.107766
0.102389
0.0977864
0.0938553
0.0905068
0.087665
0.0852658
0.0832556
0.0815892
0.080228
0.0791389
0.0782932
0.0776652
0.0772321
0.0769692
0.0768589
0.0768859
0.0770362
0.0772975
0.0776584
0.0781087
0.0786394
0.079242
0.0799089
0.0806357
0.0814159
0.0822413
0.0831045
0.0839983
0.0849155
0.0858478
0.0867859
0.0877187
0.0886327
0.0895111
0.0903327
0.0910709
0.0916912
0.0921493
0.092388
0.092333
0.0918876
0.0909269
0.0892907
0.0867709
0.0830773
0.0778515
1.30932
1.31964
1.33303
1.3499
1.37023
1.39341
1.41841
1.44394
1.46853
1.49053
1.50804
1.51967
1.52458
1.52241
1.51322
1.49731
1.47521
1.4475
1.41481
1.37772
1.33675
1.29236
1.24493
1.19486
1.14254
1.08839
1.03292
0.976687
0.920277
0.86429
0.80928
0.755726
0.704004
0.65439
0.607056
0.562083
0.519483
0.479224
0.441251
0.405512
0.371962
0.340567
0.31131
0.28418
0.259178
0.236298
0.215531
0.196845
0.180187
0.165476
0.152601
0.141426
0.131795
0.123543
0.116504
0.110516
0.105435
0.101129
0.0974875
0.0944154
0.0918342
0.0896788
0.0878957
0.08644
0.0852741
0.0843658
0.0836871
0.0832089
0.0829108
0.0827747
0.0827845
0.0829255
0.0831846
0.0835498
0.0840102
0.0845559
0.0851778
0.0858679
0.0866219
0.0874296
0.0882825
0.0891722
0.0900903
0.0910277
0.0919742
0.092918
0.093845
0.0947378
0.0955754
0.0963312
0.0969718
0.0974551
0.0977279
0.0977224
0.0973526
0.0965095
0.095056
0.0928192
0.0895681
0.0850249
1.40876
1.42143
1.4382
1.46001
1.48691
1.51782
1.55115
1.58508
1.61763
1.64639
1.66923
1.68463
1.69181
1.69061
1.68133
1.66457
1.6411
1.61174
1.57732
1.53854
1.49601
1.45019
1.40142
1.34999
1.29616
1.24022
1.18254
1.12359
1.06392
1.00415
0.944866
0.886617
0.829858
0.774942
0.722115
0.671513
0.623183
0.577118
0.533283
0.491644
0.452172
0.414858
0.379706
0.346741
0.316002
0.287534
0.261383
0.23758
0.216131
0.197011
0.180152
0.165446
0.152743
0.141863
0.132608
0.124775
0.118166
0.1126
0.107919
0.103984
0.100682
0.0979192
0.0956189
0.0937191
0.0921688
0.090926
0.0899548
0.0892203
0.0886984
0.0883675
0.0882086
0.0882047
0.0883402
0.0886009
0.088974
0.0894476
0.090011
0.0906539
0.0913712
0.0921521
0.0929866
0.0938651
0.0947782
0.0957157
0.0966668
0.097619
0.0985579
0.0994663
0.100323
0.101103
0.101774
0.102296
0.102622
0.10269
0.102423
0.101727
0.100485
0.0985501
0.0957363
0.0918199
1.48113
1.49752
1.5197
1.54904
1.58537
1.6267
1.67058
1.71457
1.75611
1.79178
1.81943
1.83762
1.8459
1.84447
1.83402
1.81551
1.79003
1.75867
1.72244
1.6822
1.63865
1.59225
1.5433
1.49194
1.43827
1.38238
1.32446
1.26481
1.20387
1.14222
1.08044
1.01913
0.958798
0.899879
0.8427
0.787456
0.734236
0.683062
0.633928
0.586822
0.541744
0.498704
0.457732
0.41888
0.382227
0.347864
0.315894
0.286413
0.259504
0.235219
0.213564
0.194495
0.177905
0.163636
0.151484
0.141214
0.132583
0.125355
0.119311
0.114259
0.110038
0.106511
0.103572
0.101131
0.0991181
0.0974777
0.0961593
0.0951229
0.0943381
0.0937789
0.0934223
0.0932482
0.093238
0.0933752
0.0936444
0.0940318
0.0945245
0.0951106
0.0957809
0.0965268
0.0973361
0.0981977
0.099101
0.100035
0.100988
0.101948
0.102899
0.103824
0.104704
0.105514
0.106223
0.106796
0.107189
0.107345
0.107198
0.106665
0.105645
0.104014
0.101618
0.0982739
1.51845
1.54109
1.57251
1.61387
1.66406
1.71941
1.77631
1.83161
1.88199
1.92322
1.95359
1.97223
1.97931
1.97563
1.9624
1.94097
1.91274
1.87904
1.84105
1.79976
1.75592
1.71
1.66224
1.61264
1.56108
1.50742
1.45159
1.39365
1.33387
1.2727
1.21068
1.14841
1.08643
1.02523
0.965257
0.906754
0.849853
0.794612
0.741058
0.689226
0.639154
0.590878
0.544449
0.49995
0.457494
0.417216
0.379268
0.343809
0.310998
0.280971
0.253829
0.229618
0.20832
0.189837
0.174001
0.160582
0.14931
0.1399
0.13207
0.125565
0.120159
0.115664
0.111924
0.108817
0.106245
0.104128
0.102399
0.101008
0.0999168
0.0990922
0.0985067
0.0981356
0.097957
0.0979512
0.0980999
0.0983868
0.0987967
0.0993156
0.0999307
0.100634
0.101412
0.102252
0.103141
0.104069
0.105022
0.105988
0.106952
0.107897
0.108803
0.109647
0.110401
0.111033
0.1115
0.111755
0.111736
0.111372
0.110575
0.10924
0.107236
0.104411
1.50991
1.54515
1.5938
1.65512
1.72568
1.79942
1.87133
1.93762
1.9935
2.03602
2.06447
2.07922
2.08142
2.07263
2.05456
2.02892
1.99732
1.96123
1.9219
1.88037
1.8374
1.79345
1.74864
1.70284
1.65571
1.60683
1.55583
1.50247
1.44675
1.38893
1.32945
1.26884
1.20759
1.1463
1.08554
1.02559
0.96662
0.90872
0.851956
0.796449
0.742305
0.689581
0.63835
0.588727
0.540871
0.494951
0.451157
0.409709
0.370832
0.334743
0.301637
0.27167
0.244932
0.221432
0.201088
0.18372
0.169074
0.156839
0.146686
0.138288
0.13135
0.125614
0.120866
0.116931
0.113672
0.110981
0.108763
0.106955
0.105506
0.104374
0.103525
0.102928
0.102557
0.102388
0.102399
0.102571
0.102886
0.103327
0.103879
0.104532
0.105273
0.106086
0.106958
0.107877
0.108829
0.1098
0.110777
0.111742
0.112676
0.113558
0.114361
0.115055
0.115602
0.115959
0.116072
0.115877
0.115298
0.114244
0.112605
0.11025
1.43339
1.50441
1.58708
1.68123
1.78008
1.87545
1.96129
2.0326
2.085
2.12006
2.13887
2.14346
2.13607
2.11892
2.09404
2.06329
2.0283
1.99048
1.951
1.9108
1.87057
1.83068
1.79118
1.75175
1.71185
1.67077
1.62783
1.58241
1.53418
1.48313
1.42952
1.37376
1.31617
1.25744
1.19841
1.1393
1.08031
1.02158
0.963173
0.90538
0.848437
0.792394
0.737327
0.6834
0.630853
0.579866
0.530657
0.483513
0.43871
0.396535
0.357272
0.321177
0.288462
0.259269
0.233642
0.211509
0.192683
0.176877
0.163743
0.152901
0.143983
0.136653
0.13062
0.125646
0.121539
0.118147
0.115341
0.113039
0.111171
0.109684
0.108532
0.107677
0.107087
0.106732
0.106587
0.106629
0.106836
0.10719
0.107671
0.108267
0.108963
0.109745
0.110596
0.111503
0.112451
0.113427
0.114416
0.115401
0.116364
0.117285
0.118138
0.118896
0.119525
0.119985
0.120228
0.120197
0.119827
0.119037
0.117734
0.115805
1.26144
1.42872
1.5751
1.71629
1.84651
1.95765
2.04378
2.10212
2.13677
2.1522
2.15217
2.14014
2.11901
2.0912
2.05869
2.02314
1.98592
1.94816
1.91078
1.87452
1.83987
1.80709
1.77606
1.74633
1.7171
1.68743
1.65625
1.6226
1.58573
1.5453
1.50135
1.45413
1.404
1.35154
1.29737
1.24191
1.18546
1.12822
1.07016
1.01188
0.953866
0.896064
0.838506
0.781432
0.725267
0.670145
0.61627
0.564049
0.513788
0.465825
0.420531
0.378244
0.339288
0.303946
0.272417
0.244779
0.220971
0.20079
0.183921
0.16997
0.158512
0.149135
0.141462
0.135175
0.130012
0.12575
0.122232
0.119339
0.116979
0.115078
0.113577
0.112427
0.111588
0.111024
0.110704
0.110599
0.110686
0.11094
0.111342
0.111873
0.112519
0.113264
0.11409
0.114981
0.115924
0.116902
0.117902
0.118906
0.119898
0.120856
0.12176
0.122581
0.12329
0.123849
0.124217
0.124343
0.124169
0.123625
0.122629
0.121086
1.07887
1.39535
1.62168
1.80188
1.9404
2.03189
2.08125
2.09939
2.09698
2.0806
2.05501
2.02357
1.98864
1.95192
1.9147
1.87798
1.84258
1.8092
1.77839
1.75058
1.72605
1.70489
1.68687
1.67135
1.65734
1.64359
1.62873
1.61133
1.59026
1.5648
1.53473
1.5001
1.46119
1.41852
1.37266
1.3241
1.27325
1.22043
1.16591
1.11012
1.05344
0.996031
0.937847
0.879209
0.821032
0.763184
0.705757
0.649483
0.594618
0.541517
0.490676
0.442484
0.397349
0.355701
0.317898
0.284198
0.254708
0.229369
0.207965
0.190148
0.175482
0.163497
0.153732
0.145776
0.139278
0.133938
0.129548
0.125944
0.122999
0.120614
0.118709
0.117222
0.1161
0.1153
0.114783
0.114515
0.114466
0.11461
0.114922
0.11538
0.115971
0.116673
0.117469
0.118341
0.119274
0.120252
0.12126
0.122281
0.123299
0.124293
0.125244
0.126126
0.12691
0.127564
0.12805
0.128323
0.12833
0.128012
0.127297
0.126102
1.18909
1.56765
1.77669
1.88137
1.91896
1.91489
1.88909
1.85406
1.81616
1.77824
1.74147
1.70625
1.67275
1.64118
1.61186
1.58518
1.5616
1.54155
1.52543
1.51356
1.50615
1.50324
1.50455
1.50934
1.51642
1.52426
1.53109
1.53503
1.53448
1.52852
1.51672
1.49896
1.47533
1.44623
1.41242
1.37446
1.33283
1.28795
1.2402
1.19001
1.13777
1.08374
1.02813
0.971265
0.913572
0.855142
0.79574
0.737072
0.678998
0.621816
0.566342
0.512945
0.462064
0.414308
0.370188
0.330142
0.294485
0.263328
0.236623
0.214145
0.195517
0.18026
0.167845
0.157777
0.149577
0.142887
0.137421
0.132955
0.129311
0.126354
0.12398
0.122105
0.120661
0.119594
0.118856
0.118405
0.118206
0.118227
0.118439
0.118817
0.119342
0.119996
0.120756
0.121605
0.122524
0.123498
0.12451
0.125545
0.126585
0.127612
0.128606
0.129543
0.130397
0.131139
0.131734
0.132141
0.132315
0.132201
0.13174
0.130859
0.0452492
0.122595
0.23051
0.35761
0.49158
0.620519
0.736408
0.834434
0.912744
0.971907
1.01416
1.04265
1.06078
1.07182
1.07867
1.08377
1.08909
1.09619
1.10626
1.12022
1.13872
1.16215
1.19041
1.22283
1.25806
1.29433
1.32945
1.3606
1.38528
1.40358
1.4154
1.42066
1.41938
1.41164
1.39762
1.37766
1.35221
1.32175
1.28675
1.2477
1.20506
1.15921
1.11051
1.05933
1.00602
0.950859
0.894092
0.836265
0.777526
0.717482
0.658283
0.6002
0.543566
0.489387
0.43831
0.390965
0.347952
0.309561
0.276001
0.247272
0.223158
0.203263
0.187018
0.173815
0.163119
0.154461
0.147443
0.141747
0.137121
0.133374
0.130359
0.12796
0.126087
0.124667
0.123638
0.122949
0.122554
0.122414
0.122496
0.122769
0.123206
0.123792
0.1245
0.125311
0.126204
0.127162
0.12817
0.129209
0.130264
0.131316
0.132346
0.133333
0.134252
0.135076
0.135774
0.13631
0.136643
0.136727
0.13651
0.13593
0.00655017
0.00797586
0.0106037
0.0145875
0.0200778
0.0291217
0.042199
0.0593896
0.0804084
0.104721
0.131692
0.160722
0.191351
0.223329
0.256642
0.291527
0.328461
0.368135
0.411419
0.45929
0.512712
0.572311
0.637243
0.703714
0.770751
0.837213
0.901999
0.96464
1.02491
1.08093
1.13128
1.17491
1.21112
1.23948
1.25971
1.27175
1.27581
1.27222
1.26144
1.24401
1.22047
1.19138
1.15725
1.1186
1.07592
1.02963
0.98019
0.928041
0.873533
0.816986
0.759126
0.700356
0.640594
0.582214
0.525559
0.471253
0.420279
0.373426
0.331349
0.294408
0.262699
0.236016
0.213973
0.196017
0.181521
0.169866
0.160503
0.152971
0.146904
0.142018
0.138094
0.134967
0.132507
0.130611
0.129196
0.128192
0.127543
0.127196
0.12711
0.127246
0.127573
0.128066
0.128703
0.129459
0.130312
0.131243
0.132235
0.13327
0.134332
0.135402
0.136464
0.137495
0.138475
0.139379
0.140179
0.140843
0.141336
0.141619
0.141648
0.141372
0.00600893
0.00604333
0.00610044
0.00616622
0.00621988
0.00629426
0.00640989
0.00659594
0.00689401
0.00736003
0.008065
0.00909468
0.01055
0.01255
0.0152401
0.018806
0.0234956
0.0296514
0.0377554
0.0484469
0.0623389
0.0804242
0.104566
0.138971
0.184894
0.242986
0.312969
0.393516
0.482238
0.575611
0.669602
0.760352
0.844716
0.920493
0.986357
1.04165
1.0862
1.12011
1.14372
1.15754
1.16214
1.15817
1.14631
1.12721
1.10155
1.06997
1.03306
0.99143
0.9456
0.896112
0.84356
0.788462
0.731328
0.673061
0.614074
0.555344
0.498871
0.445131
0.39533
0.350188
0.310302
0.27592
0.246982
0.223122
0.203756
0.188197
0.175761
0.165832
0.157901
0.15156
0.146495
0.142467
0.139291
0.136824
0.13495
0.133578
0.13263
0.132043
0.131762
0.13174
0.131939
0.132324
0.132874
0.133561
0.134361
0.135253
0.136217
0.137235
0.138291
0.139367
0.140446
0.141508
0.142532
0.143498
0.144379
0.145148
0.145776
0.146228
0.146466
0.146449
0.00599318
0.00598549
0.00597907
0.00597572
0.00597802
0.00598952
0.00601252
0.00604829
0.0060973
0.00615971
0.00623578
0.00632625
0.00643256
0.00655696
0.00670274
0.0068746
0.00707926
0.00732622
0.00763104
0.00805785
0.00895492
0.0106758
0.0137983
0.0192923
0.0285238
0.0432598
0.0655783
0.0976648
0.14147
0.198225
0.267954
0.349155
0.438818
0.532861
0.626849
0.716718
0.799258
0.872258
0.934425
0.985177
1.02445
1.0525
1.06984
1.07708
1.07494
1.06415
1.04545
1.01959
0.987278
0.949209
0.906078
0.858543
0.807277
0.75302
0.69645
0.638393
0.579802
0.52123
0.465549
0.413271
0.365627
0.323319
0.286777
0.256022
0.230711
0.210235
0.193856
0.18083
0.170493
0.16229
0.155782
0.150631
0.146575
0.143413
0.140991
0.139181
0.137884
0.137016
0.136508
0.136302
0.136349
0.136609
0.137054
0.137656
0.138387
0.139223
0.140144
0.141131
0.142165
0.143231
0.14431
0.145385
0.146436
0.147442
0.148383
0.149233
0.149967
0.150554
0.150964
0.151162
0.00599097
0.00598149
0.00597287
0.00596608
0.00596195
0.00596131
0.00596524
0.00597519
0.00599309
0.00602135
0.00606264
0.00611971
0.00619524
0.00629171
0.00641115
0.00655513
0.0067248
0.0069213
0.00714491
0.00739516
0.00767812
0.00801293
0.00845884
0.0091697
0.0104609
0.0128813
0.0172912
0.0249345
0.0374692
0.0569109
0.0854448
0.125082
0.177186
0.241978
0.318198
0.403098
0.492835
0.583132
0.66996
0.75002
0.820933
0.881205
0.930078
0.967343
0.993184
1.00805
1.01254
1.00738
0.993324
0.971162
0.941689
0.905688
0.863949
0.817264
0.766421
0.712255
0.655654
0.59754
0.539215
0.481501
0.427435
0.377748
0.33352
0.295288
0.263143
0.236755
0.215483
0.198541
0.185137
0.17456
0.166225
0.159664
0.154518
0.150509
0.147423
0.145091
0.14338
0.142181
0.141406
0.140984
0.140853
0.140967
0.141283
0.141779
0.142421
0.143184
0.144044
0.14498
0.145976
0.147013
0.148074
0.149142
0.150198
0.151225
0.152201
0.153106
0.153916
0.154607
0.155151
0.155521
0.00599071
0.00598082
0.0059711
0.00596239
0.00595586
0.00595302
0.00595558
0.00596539
0.00598427
0.006014
0.0060563
0.00611288
0.00618551
0.006276
0.00638619
0.00651789
0.00667289
0.006853
0.00705998
0.00729486
0.0075575
0.0078463
0.00815883
0.00849754
0.00888786
0.00941712
0.0102913
0.011897
0.0148687
0.0201614
0.0291067
0.043415
0.06508
0.0961472
0.138339
0.192592
0.258629
0.334746
0.417938
0.504367
0.589988
0.671127
0.744834
0.809006
0.862336
0.904179
0.934393
0.953202
0.961082
0.958676
0.94673
0.92605
0.897475
0.861863
0.820078
0.773008
0.721573
0.666759
0.609675
0.551474
0.493642
0.437836
0.38662
0.340942
0.301479
0.268383
0.241309
0.219574
0.202343
0.18878
0.178142
0.169817
0.163316
0.158265
0.154372
0.151411
0.149205
0.147613
0.146523
0.145844
0.145502
0.145438
0.145603
0.145968
0.146499
0.147165
0.147942
0.148808
0.149744
0.150732
0.151754
0.152794
0.153834
0.154857
0.155844
0.156777
0.157635
0.158397
0.15904
0.159541
0.00599083
0.00598111
0.00597158
0.00596283
0.00595567
0.00595108
0.00595016
0.00595418
0.00596456
0.00598292
0.00601108
0.00605104
0.00610501
0.0061753
0.0062644
0.00637491
0.0065094
0.00667029
0.00685975
0.00707959
0.00733104
0.00761429
0.00792779
0.0082675
0.00862731
0.00900383
0.00941228
0.00992064
0.0107006
0.0120831
0.0146176
0.0191357
0.026809
0.0391657
0.0580288
0.0853374
0.122835
0.171657
0.231907
0.302388
0.380612
0.463137
0.546112
0.625834
0.699161
0.763705
0.81786
0.860704
0.891878
0.911446
0.919781
0.917468
0.905234
0.883895
0.854325
0.817435
0.774177
0.72556
0.672673
0.61671
0.559042
0.501198
0.4447
0.392327
0.345634
0.305427
0.271843
0.244492
0.222639
0.205401
0.191904
0.181382
0.173203
0.166868
0.161988
0.158265
0.155463
0.153401
0.151934
0.150949
0.150354
0.150078
0.150063
0.150264
0.150654
0.151198
0.151868
0.152639
0.153492
0.154408
0.155368
0.156357
0.157357
0.158353
0.159326
0.160261
0.161139
0.161941
0.162648
0.163241
0.00599117
0.00598177
0.00597269
0.0059644
0.00595758
0.0059531
0.00595198
0.00595544
0.00596484
0.00598172
0.00600775
0.00604475
0.00609467
0.00615958
0.00624161
0.00634294
0.00646582
0.00661248
0.00678521
0.00698624
0.00721766
0.0074812
0.00777786
0.00810719
0.00846637
0.00884935
0.00924738
0.00965487
0.0100869
0.0106137
0.0114088
0.0128007
0.0153256
0.0197863
0.0273029
0.0393283
0.0575902
0.0839269
0.12
0.166908
0.224795
0.292581
0.367956
0.447671
0.528029
0.605411
0.676677
0.739381
0.791822
0.83298
0.862406
0.880098
0.886385
0.88183
0.86716
0.843211
0.810902
0.771228
0.725267
0.674204
0.619368
0.562252
0.504516
0.44807
0.394885
0.347721
0.307299
0.273711
0.246506
0.224884
0.207915
0.194701
0.184457
0.176545
0.170459
0.165807
0.162284
0.159654
0.157733
0.156378
0.155477
0.154943
0.154705
0.15471
0.154927
0.155317
0.15585
0.156499
0.157243
0.158061
0.158935
0.159848
0.160784
0.161728
0.162662
0.163572
0.164441
0.165253
0.165993
0.166642
0.00599166
0.00598261
0.005974
0.00596619
0.00595969
0.00595517
0.00595341
0.00595536
0.00596212
0.00597501
0.00599553
0.0060254
0.00606657
0.00612114
0.00619139
0.00627972
0.0063886
0.00652054
0.00667801
0.00686342
0.00707907
0.00732704
0.00760908
0.00792632
0.0082788
0.00866456
0.00907842
0.00951116
0.00995119
0.0103933
0.0108603
0.0114401
0.0123332
0.0139005
0.0167129
0.0216054
0.0297192
0.0425053
0.061654
0.0889191
0.125828
0.173308
0.23132
0.298639
0.372877
0.450797
0.528781
0.603325
0.6714
0.730649
0.779431
0.816767
0.842234
0.855844
0.857941
0.849107
0.830098
0.801807
0.765248
0.72156
0.672033
0.618131
0.561517
0.504064
0.447777
0.394537
0.347471
0.307376
0.274284
0.247648
0.226593
0.210151
0.197405
0.187572
0.180015
0.17423
0.169829
0.166507
0.164034
0.162229
0.160955
0.160104
0.159595
0.159363
0.159361
0.159559
0.159921
0.160416
0.161021
0.161713
0.162474
0.163286
0.164132
0.164998
0.165867
0.166725
0.167559
0.168353
0.169093
0.169766
0.00599231
0.00598365
0.00597551
0.00596818
0.00596204
0.00595763
0.00595562
0.00595683
0.0059623
0.00597324
0.00599109
0.00601753
0.00605443
0.00610384
0.00616798
0.00624916
0.00634975
0.00647217
0.00661884
0.00679217
0.00699453
0.00722819
0.00749523
0.00779748
0.00813627
0.00851204
0.00892357
0.00936674
0.00983313
0.0103099
0.0107839
0.0112553
0.0117651
0.0124361
0.0135189
0.0154372
0.0188359
0.024629
0.0340304
0.0485364
0.0698277
0.0995643
0.139075
0.188989
0.248912
0.317274
0.391447
0.468092
0.543639
0.614728
0.678525
0.73287
0.776296
0.80796
0.827542
0.83513
0.831127
0.816178
0.791127
0.757
0.715011
0.666573
0.613323
0.557119
0.500012
0.444144
0.391666
0.345266
0.306086
0.273999
0.248332
0.22814
0.212431
0.200291
0.19095
0.183786
0.178309
0.174139
0.170986
0.168626
0.16689
0.165648
0.164802
0.164274
0.164007
0.163967
0.164116
0.16442
0.164852
0.165387
0.166005
0.166688
0.167418
0.168179
0.168957
0.169738
0.170509
0.171257
0.171969
0.172635
0.00599311
0.0059849
0.00597726
0.00597037
0.0059645
0.00596004
0.00595754
0.0059577
0.00596137
0.00596966
0.0059839
0.00600569
0.00603686
0.00607947
0.00613576
0.0062081
0.00629895
0.00641082
0.00654626
0.00670782
0.00689803
0.00711932
0.00737397
0.00766404
0.00799131
0.00835707
0.00876184
0.0092047
0.00968212
0.0101864
0.0107047
0.0112207
0.0117231
0.0122266
0.0128059
0.0136393
0.0150531
0.0175654
0.0219317
0.0291857
0.0406504
0.0578891
0.082564
0.116189
0.15979
0.213553
0.276568
0.34679
0.421258
0.496511
0.569052
0.63573
0.693986
0.741933
0.778343
0.802562
0.814411
0.814097
0.802144
0.779356
0.746797
0.705792
0.657928
0.605048
0.549228
0.492715
0.43782
0.386699
0.34171
0.304071
0.273463
0.249094
0.229977
0.215122
0.203643
0.1948
0.188001
0.18278
0.17878
0.175726
0.173411
0.171679
0.17041
0.169516
0.168926
0.168589
0.168475
0.168544
0.168763
0.169106
0.169549
0.170073
0.170658
0.171288
0.171949
0.172626
0.173308
0.173983
0.174639
0.175268
0.00599406
0.0059865
0.00597957
0.00597326
0.0059678
0.00596364
0.00596137
0.00596168
0.0059654
0.00597359
0.00598756
0.00600883
0.00603917
0.0060805
0.00613491
0.00620458
0.00629169
0.00639848
0.00652722
0.00668026
0.00685998
0.0070688
0.00730906
0.00758308
0.00789305
0.00824095
0.00862846
0.0090566
0.00952512
0.0100314
0.0105687
0.0111248
0.0116822
0.0122237
0.0127485
0.0133007
0.0140101
0.0151357
0.0171087
0.0205754
0.0264392
0.0358868
0.0503683
0.0715013
0.100872
0.139737
0.188668
0.247242
0.3139
0.386056
0.460431
0.533502
0.601926
0.662839
0.714004
0.753836
0.78136
0.796136
0.798192
0.787971
0.766294
0.734337
0.693604
0.645906
0.593325
0.538153
0.482792
0.429584
0.38059
0.337779
0.30223
0.273447
0.250566
0.232596
0.218586
0.207708
0.199275
0.192737
0.187664
0.183728
0.180677
0.178322
0.176522
0.175166
0.174173
0.173475
0.173039
0.17282
0.172783
0.172894
0.173127
0.17346
0.17387
0.174341
0.174857
0.175405
0.175973
0.176549
0.177123
0.177688
0.00599613
0.00599211
0.00599082
0.00599241
0.00599745
0.0060066
0.00602045
0.00603952
0.00606429
0.00609524
0.00613282
0.00617739
0.00622934
0.00628906
0.00635702
0.00643381
0.00652026
0.00661755
0.00672745
0.00685232
0.00699516
0.00715953
0.00734944
0.00756922
0.00782328
0.00811588
0.00845095
0.00883181
0.00926077
0.00973849
0.010263
0.0108279
0.0114212
0.0120244
0.0126167
0.0131873
0.0137599
0.0144303
0.0154095
0.017067
0.0199729
0.0249396
0.0330535
0.0456738
0.0643653
0.0907372
0.126176
0.171505
0.226646
0.290413
0.360536
0.43392
0.507064
0.576488
0.639073
0.692261
0.734137
0.763445
0.779554
0.782415
0.772507
0.750788
0.718632
0.677783
0.630291
0.578443
0.524667
0.471385
0.420826
0.37481
0.334797
0.301669
0.274828
0.253395
0.236436
0.223092
0.212622
0.204411
0.197961
0.192885
0.188884
0.185731
0.183252
0.181316
0.179819
0.178685
0.177851
0.177284
0.176938
0.176774
0.176759
0.176866
0.177071
0.177354
0.177699
0.178091
0.178519
0.178971
0.179437
0.179913
0.00607387
0.00622533
0.00646512
0.00680066
0.00722972
0.00774694
0.0083452
0.0090139
0.00973791
0.0104975
0.0112688
0.0120246
0.0127358
0.0133734
0.0139105
0.0143245
0.0145992
0.0147264
0.0147061
0.0145474
0.0142672
0.0138893
0.0134429
0.0129597
0.0124727
0.0120138
0.011612
0.0112928
0.0110768
0.0109793
0.0110101
0.0111721
0.0114607
0.0118616
0.0123504
0.0128956
0.0134688
0.0140675
0.0147506
0.0156835
0.0171848
0.0197679
0.0241818
0.0314436
0.0428466
0.0599114
0.0842503
0.117325
0.160119
0.212786
0.274406
0.342931
0.41539
0.488259
0.557901
0.620945
0.674566
0.716644
0.745813
0.761453
0.763624
0.752986
0.730707
0.698379
0.65794
0.611587
0.561681
0.510614
0.460652
0.413739
0.371347
0.334349
0.303599
0.278441
0.258085
0.241739
0.228697
0.218324
0.210074
0.203504
0.198263
0.194076
0.19073
0.18806
0.185936
0.18426
0.182953
0.181967
0.181256
0.180769
0.180464
0.180309
0.180276
0.180342
0.180488
0.180699
0.180962
0.181266
0.181602
0.181964
0.0141221
0.0219572
0.0307353
0.0402821
0.0500514
0.0597058
0.0690264
0.0777939
0.0857846
0.0927926
0.0986409
0.103185
0.106317
0.107976
0.108147
0.106875
0.104248
0.100411
0.0955309
0.0898034
0.0834392
0.0766553
0.0696649
0.0626684
0.055846
0.0493515
0.0433081
0.037808
0.0329128
0.0286562
0.0250474
0.0220749
0.0197103
0.0179109
0.0166222
0.0157794
0.0153115
0.0151498
0.0152454
0.0155996
0.0163068
0.0176084
0.0199458
0.0240032
0.0307407
0.0414032
0.0574816
0.0805902
0.112238
0.153497
0.204637
0.264824
0.332031
0.403213
0.474718
0.542788
0.604008
0.655617
0.695647
0.722936
0.737067
0.738281
0.727371
0.705601
0.674619
0.636374
0.593022
0.5468
0.499882
0.454215
0.411374
0.372472
0.338127
0.309045
0.284769
0.26469
0.248324
0.235109
0.224477
0.215932
0.209065
0.203539
0.199085
0.195492
0.192591
0.190254
0.188379
0.186894
0.185757
0.184894
0.184256
0.183802
0.183497
0.183316
0.183235
0.183239
0.183313
0.183446
0.183628
0.183856
0.0225651
0.0304279
0.0395084
0.0503607
0.0623953
0.0750887
0.0881926
0.101545
0.114959
0.128238
0.141196
0.153658
0.165455
0.176421
0.186402
0.195267
0.202974
0.208583
0.211867
0.212806
0.211439
0.207876
0.202293
0.194917
0.186027
0.175942
0.164979
0.153453
0.141659
0.129864
0.118298
0.107148
0.0965635
0.0866576
0.0775076
0.0691605
0.0616366
0.0549336
0.0490335
0.043912
0.0395523
0.0359659
0.0332214
0.0314787
0.0310275
0.0323244
0.0360234
0.0429873
0.0542621
0.070998
0.0943102
0.125089
0.163787
0.210238
0.263533
0.322012
0.383358
0.444801
0.50338
0.556242
0.600915
0.635507
0.658832
0.670446
0.670605
0.660175
0.640501
0.613251
0.58026
0.543377
0.504355
0.464785
0.426061
0.389392
0.355718
0.325623
0.300073
0.278947
0.261631
0.247543
0.236143
0.226925
0.219456
0.213383
0.208421
0.204347
0.200985
0.198199
0.195884
0.193981
0.192439
0.191187
0.190169
0.189347
0.188689
0.188169
0.18777
0.187476
0.187276
0.187163
0.0181465
0.0170917
0.0161056
0.0150669
0.014151
0.0134416
0.0129296
0.0126097
0.0124804
0.0125391
0.0127815
0.0132046
0.0138069
0.0145881
0.0155477
0.0166677
0.017977
0.0218601
0.0282326
0.0364973
0.0461078
0.0565881
0.0675385
0.0786241
0.0891043
0.0979242
0.104833
0.109682
0.11244
0.113227
0.112249
0.109763
0.106041
0.101358
0.09597
0.0901099
0.0839855
0.0777762
0.0716341
0.0656857
0.0600355
0.054774
0.0499893
0.0457841
0.0422981
0.0397354
0.0383941
0.0386964
0.0412102
0.0466537
0.055873
0.0697824
0.0892674
0.115055
0.14757
0.186794
0.232155
0.282477
0.335999
0.390503
0.443504
0.492514
0.535291
0.570058
0.595631
0.611476
0.617666
0.614792
0.603829
0.58599
0.562605
0.535019
0.504546
0.472444
0.439901
0.40801
0.377743
0.349836
0.324739
0.302869
0.284463
0.269085
0.256304
0.245702
0.236893
0.229541
0.223368
0.218149
0.213701
0.209879
0.206564
0.203703
0.20125
0.19914
0.197323
0.195758
0.194414
0.193268
0.192301
0.191499
0.0183406
0.0167399
0.0153568
0.0141332
0.0130209
0.012047
0.011196
0.0104428
0.00976903
0.00916436
0.00862212
0.00813739
0.00770673
0.00732843
0.00700332
0.0067372
0.00654056
0.00643183
0.0064258
0.00653643
0.00678386
0.00719637
0.00780482
0.00864878
0.0106087
0.0153294
0.0224175
0.0313167
0.0414352
0.0514047
0.0603378
0.0677165
0.0732908
0.0770319
0.0790559
0.0795563
0.0787585
0.0768946
0.074189
0.0708525
0.067078
0.0630408
0.0589
0.0548051
0.0509053
0.0473645
0.0443804
0.0422078
0.0411831
0.0417471
0.0444582
0.0499915
0.0591139
0.0726331
0.0913164
0.115785
0.14639
0.183087
0.225333
0.272024
0.321527
0.371795
0.420576
0.465656
0.505097
0.537415
0.561666
0.577456
0.584878
0.584416
0.576834
0.563077
0.544197
0.521301
0.495512
0.467934
0.439622
0.411539
0.384516
0.359209
0.336068
0.315285
0.297245
0.281805
0.26865
0.257461
0.247928
0.239775
0.232763
0.226695
0.221406
0.216766
0.212666
0.209049
0.205874
0.203087
0.200643
0.198507
0.19665
0.195052
0.0179453
0.0164407
0.0150608
0.0138103
0.0126959
0.0117243
0.0108732
0.0101264
0.0094721
0.00890238
0.0084117
0.00799647
0.00765428
0.00738318
0.00718117
0.00704575
0.00697402
0.00696316
0.00701057
0.0071129
0.00726472
0.00745777
0.00768215
0.00793216
0.00821152
0.00854037
0.00896917
0.00959744
0.0105815
0.0131092
0.0178905
0.0248332
0.0329395
0.0411534
0.0485833
0.0546811
0.059227
0.0622235
0.0637952
0.0641221
0.0634049
0.0618465
0.0596432
0.0569818
0.0540404
0.0509943
0.0480253
0.0453368
0.0431711
0.041831
0.0417001
0.0432585
0.04709
0.0538732
0.0643515
0.0792797
0.0993417
0.125044
0.156588
0.193751
0.235785
0.281401
0.328845
0.376071
0.420982
0.461658
0.496546
0.524555
0.545084
0.557976
0.563447
0.562002
0.554353
0.541355
0.523952
0.503129
0.479878
0.455159
0.429867
0.404797
0.380614
0.357824
0.336779
0.317635
0.300654
0.285817
0.27291
0.261696
0.25194
0.243429
0.235974
0.229414
0.223615
0.218467
0.213878
0.209796
0.206182
0.202994
0.200194
0.197754
0.0178842
0.0163781
0.0149641
0.0137172
0.0126317
0.0117022
0.0109091
0.0102429
0.00970013
0.00928184
0.00899008
0.00882573
0.00878665
0.00886687
0.00905643
0.00934204
0.00970798
0.0101372
0.0106126
0.0111173
0.0116361
0.0121558
0.0126663
0.0131626
0.0136454
0.014118
0.0145771
0.0150049
0.0153677
0.0156126
0.0157534
0.0160186
0.0172998
0.0204672
0.0256284
0.0320753
0.0387427
0.0447288
0.0495175
0.0529339
0.0550128
0.055892
0.055752
0.0547853
0.0531838
0.0511344
0.0488212
0.0464329
0.0441746
0.0422837
0.0410482
0.0408262
0.042062
0.0452962
0.0511635
0.0603743
0.0736724
0.0917652
0.115223
0.144349
0.179044
0.218689
0.262113
0.307666
0.353398
0.397301
0.437535
0.472606
0.501446
0.523433
0.538353
0.546333
0.547771
0.543266
0.533559
0.519476
0.501893
0.481691
0.459728
0.436808
0.413656
0.390891
0.369012
0.348387
0.329256
0.31172
0.296018
0.282089
0.26978
0.258915
0.249321
0.240835
0.233313
0.22663
0.220679
0.215374
0.21064
0.206432
0.202716
0.199456
0.0176594
0.0162049
0.0148232
0.0136232
0.0126399
0.011891
0.011388
0.0111527
0.0111984
0.0115225
0.0121044
0.0129088
0.0138894
0.0149949
0.0161737
0.0173783
0.0185676
0.0197082
0.0207745
0.0217484
0.0226178
0.0233757
0.0240194
0.0245494
0.0249697
0.0252892
0.0255231
0.0256908
0.0258282
0.0260175
0.0262591
0.026467
0.0264953
0.0262457
0.0262031
0.0272724
0.0301102
0.0344941
0.039467
0.0440386
0.0476181
0.0500078
0.0512457
0.0514772
0.0508844
0.0496553
0.0479735
0.0460187
0.0439749
0.042042
0.0404518
0.0394858
0.039494
0.0409113
0.0442683
0.050192
0.0593907
0.0726149
0.0905865
0.11389
0.142825
0.177252
0.216474
0.259223
0.303782
0.3482
0.390549
0.429135
0.462634
0.490138
0.511152
0.52554
0.533464
0.535317
0.531659
0.52317
0.510597
0.494722
0.476331
0.456182
0.434986
0.413384
0.391932
0.371085
0.351193
0.3325
0.315157
0.299232
0.2849
0.272061
0.260596
0.250375
0.241266
0.233148
0.225912
0.219462
0.213716
0.208607
0.204077
0.200087
0.0174843
0.0161329
0.0149242
0.0141545
0.013991
0.0145019
0.0156749
0.0174381
0.0196626
0.0221908
0.0248661
0.0275523
0.0301417
0.0325557
0.034742
0.0366696
0.038324
0.0397028
0.0408124
0.0416653
0.0422784
0.0426721
0.0428708
0.0429034
0.042803
0.0426227
0.0424825
0.0423574
0.0422073
0.0419506
0.0415532
0.0410044
0.0402763
0.0393169
0.0380912
0.0367155
0.0356659
0.0357898
0.037679
0.0409141
0.0443605
0.047093
0.0487469
0.0493422
0.0490547
0.0480919
0.0466469
0.0448918
0.0429881
0.0411019
0.0394203
0.0381693
0.0376323
0.0381684
0.040228
0.0443637
0.0512303
0.0615667
0.0761498
0.0957047
0.120762
0.151479
0.187464
0.227711
0.27067
0.314468
0.35717
0.397022
0.432597
0.462868
0.487203
0.505325
0.517256
0.523252
0.523746
0.519294
0.510535
0.498157
0.48286
0.46534
0.446262
0.426245
0.405844
0.385539
0.365727
0.346717
0.328735
0.311929
0.296375
0.28212
0.269235
0.257631
0.247213
0.237881
0.229536
0.222087
0.21545
0.209554
0.204334
0.199738
0.0174546
0.0172201
0.0182186
0.0209313
0.0252078
0.0304788
0.0361563
0.0417977
0.047099
0.051878
0.0560468
0.0595798
0.0624892
0.0648082
0.0665804
0.0678539
0.0686777
0.0690998
0.0691672
0.0689259
0.0684233
0.0677106
0.0668494
0.0659432
0.0650009
0.0639609
0.0627174
0.0612949
0.0597197
0.0580166
0.0562053
0.0542976
0.0522943
0.0501878
0.0479748
0.0456905
0.0434768
0.0416981
0.0410129
0.0420145
0.0443655
0.0468002
0.0482926
0.048611
0.0479844
0.0467318
0.0451011
0.0432655
0.0413558
0.039495
0.0378236
0.0365198
0.0358181
0.0360254
0.0375387
0.0408596
0.0466037
0.0554954
0.0683371
0.0859308
0.108932
0.13764
0.17179
0.210455
0.252131
0.294974
0.337082
0.376734
0.412535
0.443472
0.468907
0.488535
0.502323
0.51046
0.513298
0.511312
0.505056
0.495131
0.482164
0.466779
0.449585
0.431155
0.412014
0.392629
0.373401
0.35466
0.336664
0.319605
0.303612
0.288762
0.275085
0.262562
0.251205
0.240971
0.231778
0.223544
0.216192
0.209654
0.20387
0.198782
0.0241501
0.0332283
0.0443236
0.0559364
0.0668093
0.0762305
0.0840581
0.0903818
0.0953535
0.0991361
0.101884
0.103735
0.104812
0.105221
0.105054
0.104391
0.103304
0.101856
0.100108
0.098119
0.095957
0.0937174
0.0913426
0.0887425
0.0859201
0.0829265
0.0798071
0.076604
0.0733552
0.0700928
0.0668419
0.0636196
0.0604366
0.0573012
0.054229
0.0512611
0.0484933
0.0461344
0.0445926
0.0444594
0.045949
0.0479801
0.0488971
0.0482774
0.0466074
0.0446391
0.0426903
0.0407665
0.0389016
0.037159
0.0356382
0.0344751
0.0338999
0.0341882
0.0357103
0.0389489
0.0445105
0.0531289
0.0656395
0.0828936
0.105582
0.133983
0.167741
0.205813
0.24662
0.288332
0.329145
0.367468
0.402038
0.431976
0.456742
0.47608
0.489968
0.498576
0.502219
0.501319
0.496367
0.487898
0.476468
0.462638
0.44695
0.429925
0.41204
0.393729
0.375369
0.35728
0.339724
0.322905
0.306971
0.292026
0.278128
0.265304
0.253552
0.242848
0.233148
0.224399
0.216542
0.209541
0.203343
0.19789
0.0785433
0.101349
0.117228
0.128861
0.137387
0.143469
0.14759
0.150124
0.15136
0.151528
0.150813
0.149371
0.14733
0.144793
0.141845
0.138555
0.134981
0.131178
0.127207
0.123141
0.11893
0.114504
0.109936
0.105286
0.100606
0.0959405
0.0913288
0.0868016
0.082383
0.0780906
0.0739362
0.0699253
0.0660586
0.0623347
0.0587587
0.0553737
0.0524052
0.0500385
0.0485232
0.0479211
0.0478441
0.0475874
0.0466067
0.0449188
0.0428838
0.0408916
0.0390641
0.0373654
0.0357998
0.0344162
0.0333074
0.0326161
0.0325628
0.0334296
0.0355939
0.0395489
0.0459165
0.0554473
0.06898
0.0873261
0.111059
0.140255
0.174333
0.212085
0.251909
0.292098
0.331076
0.367468
0.399612
0.427198
0.449901
0.467572
0.48023
0.488044
0.491313
0.490424
0.485825
0.477999
0.467441
0.454649
0.440106
0.424269
0.407564
0.390377
0.373047
0.355868
0.339082
0.322886
0.30743
0.292823
0.279137
0.266415
0.25467
0.243899
0.234079
0.225179
0.217159
0.209977
0.20359
0.19795
0.184763
0.197559
0.204601
0.208225
0.209484
0.208956
0.207049
0.204084
0.200316
0.195936
0.191092
0.185915
0.180528
0.174974
0.169286
0.1635
0.157662
0.151818
0.145947
0.140005
0.134049
0.128117
0.122241
0.116447
0.110758
0.105183
0.0997248
0.0943794
0.0891349
0.0839756
0.0788859
0.0738593
0.0689128
0.0641057
0.0595567
0.0554397
0.0519383
0.0491316
0.0469777
0.0453271
0.0439456
0.0425787
0.0410708
0.0394448
0.0378291
0.0363427
0.0350147
0.0338401
0.0328501
0.0321183
0.0317642
0.0319624
0.0329571
0.0350678
0.0387112
0.0444169
0.052828
0.0646747
0.0806947
0.101481
0.127277
0.157795
0.192176
0.229117
0.267105
0.304632
0.340335
0.37304
0.401812
0.426282
0.44624
0.46161
0.472391
0.478638
0.480757
0.479167
0.474282
0.466541
0.456394
0.444278
0.430616
0.415806
0.400217
0.38418
0.367991
0.351905
0.336136
0.32086
0.306214
0.292303
0.2792
0.266952
0.255582
0.245098
0.23549
0.22674
0.218821
0.211703
0.205351
0.199731
0.277442
0.276061
0.272167
0.26641
0.259511
0.251974
0.244131
0.23619
0.228267
0.220417
0.212656
0.204991
0.197431
0.189978
0.182619
0.175299
0.168016
0.160748
0.153499
0.146271
0.139058
0.131861
0.124676
0.117501
0.110338
0.103201
0.0961168
0.0891334
0.0823176
0.0757555
0.0695453
0.063787
0.0585695
0.0539589
0.0499919
0.0466721
0.0439659
0.0418007
0.0400735
0.0386642
0.037452
0.03634
0.0352814
0.034286
0.0333951
0.0326504
0.0320832
0.0317364
0.0316874
0.0320544
0.0330038
0.0347591
0.0376122
0.0419316
0.0481712
0.0568656
0.0686031
0.0839626
0.103407
0.127143
0.154987
0.186313
0.22011
0.255133
0.290087
0.323763
0.35512
0.383337
0.407855
0.428402
0.444854
0.457191
0.465478
0.469879
0.470645
0.468049
0.462542
0.454587
0.444599
0.432965
0.420051
0.406193
0.391703
0.376858
0.361905
0.347057
0.332495
0.318366
0.304791
0.291859
0.279638
0.268171
0.257484
0.24759
0.238485
0.23016
0.222597
0.215774
0.209665
0.204245
0.294559
0.289365
0.280981
0.270957
0.260275
0.249479
0.238846
0.228488
0.218414
0.208579
0.19891
0.189325
0.179788
0.170406
0.161221
0.152253
0.143463
0.134836
0.126382
0.118125
0.110094
0.102319
0.0948362
0.0876848
0.0809039
0.0745314
0.068602
0.063145
0.0581821
0.0537265
0.0497818
0.046341
0.0433874
0.0408943
0.0388268
0.0371424
0.0357928
0.0347255
0.0338883
0.0332334
0.0327238
0.0323392
0.0320808
0.0319712
0.0320492
0.0323663
0.0329903
0.0340145
0.0355667
0.0378157
0.0409765
0.0453162
0.0511569
0.0588729
0.068879
0.0816017
0.097429
0.116638
0.139308
0.165245
0.193947
0.224633
0.256336
0.288022
0.318705
0.347516
0.373757
0.396914
0.416669
0.432867
0.445466
0.454504
0.460091
0.462397
0.461626
0.457958
0.451759
0.443517
0.433631
0.422442
0.410259
0.397363
0.384005
0.370413
0.356785
0.343292
0.33008
0.317268
0.304954
0.29321
0.282093
0.271639
0.261873
0.252806
0.244437
0.23676
0.229763
0.223429
0.217739
0.212673
0.230609
0.221382
0.209363
0.196817
0.184513
0.17276
0.1617
0.151368
0.141754
0.13283
0.124559
0.116903
0.10979
0.103075
0.0967189
0.0907064
0.0850244
0.0796622
0.0746116
0.069867
0.0654255
0.0612855
0.0574461
0.0539065
0.0506653
0.0477202
0.0450677
0.042703
0.0406195
0.0388093
0.0372629
0.0359694
0.0349167
0.034092
0.0334823
0.0330749
0.0328584
0.0328241
0.0329674
0.0332903
0.0338036
0.0345295
0.0355035
0.036776
0.0384136
0.0405015
0.0431469
0.0464834
0.0506746
0.0559156
0.0624333
0.0704822
0.0803367
0.0922741
0.10655
0.123361
0.142803
0.164823
0.189185
0.215458
0.243039
0.271203
0.299177
0.326215
0.351649
0.37493
0.39564
0.413497
0.428345
0.440131
0.448876
0.454659
0.457603
0.457853
0.455551
0.450789
0.443959
0.435524
0.425832
0.41517
0.403792
0.391923
0.379763
0.36749
0.355258
0.3432
0.331427
0.320032
0.309088
0.298653
0.288769
0.279463
0.270755
0.262652
0.255153
0.248254
0.241943
0.236207
0.23103
0.226395
0.114992
0.109275
0.103219
0.0975534
0.0923558
0.0875944
0.0832096
0.0791616
0.0754152
0.0719397
0.0687081
0.0656978
0.0628887
0.0602624
0.0578053
0.0555069
0.0533597
0.0513585
0.0494998
0.0477815
0.0462027
0.0447635
0.0434644
0.0423067
0.0412922
0.0404228
0.0397011
0.03913
0.0387127
0.0384532
0.038356
0.0384265
0.0386714
0.0390987
0.0397186
0.0405438
0.0415905
0.042879
0.0444353
0.0462922
0.0484905
0.0510812
0.0541261
0.0577002
0.0618922
0.066806
0.0725615
0.079294
0.0871529
0.0962975
0.106891
0.119088
0.133027
0.148803
0.166454
0.185938
0.207111
0.229717
0.253391
0.277675
0.302048
0.325968
0.348909
0.370402
0.390052
0.407554
0.422697
0.435356
0.445485
0.453097
0.458253
0.461044
0.46157
0.459919
0.456118
0.450355
0.443068
0.43461
0.425252
0.415226
0.404728
0.393935
0.382997
0.372049
0.361205
0.350564
0.340207
0.330201
0.3206
0.311443
0.302761
0.294572
0.286887
0.279712
0.273043
0.266874
0.261196
0.255996
0.251259
0.246972
0.0957072
0.0930258
0.0902587
0.0876322
0.0851609
0.0828388
0.080658
0.0786112
0.0766922
0.0748957
0.0732175
0.0716544
0.0702045
0.0688666
0.0676405
0.0665265
0.0655258
0.0646401
0.063872
0.0632247
0.0627022
0.0623093
0.0620517
0.061936
0.0619695
0.062161
0.0625201
0.0630576
0.0637858
0.0647186
0.0658715
0.067262
0.0689099
0.0708373
0.0730695
0.0756347
0.078565
0.0818969
0.0856714
0.0899346
0.0947387
0.100141
0.106207
0.113006
0.120613
0.129108
0.138572
0.149085
0.160722
0.173545
0.187597
0.202894
0.219417
0.237098
0.255819
0.2754
0.295605
0.316146
0.336692
0.356891
0.376386
0.394838
0.411946
0.427455
0.441172
0.452958
0.462736
0.470479
0.476203
0.479957
0.481805
0.481813
0.480021
0.476391
0.471076
0.464424
0.456734
0.448251
0.439178
0.429685
0.41992
0.41001
0.400065
0.390182
0.380441
0.370912
0.36165
0.352701
0.344101
0.335876
0.328045
0.32062
0.313605
0.307003
0.30081
0.295019
0.289621
0.284606
0.279962
0.275677
0.168835
0.167179
0.165347
0.163534
0.16177
0.160064
0.158421
0.156847
0.155347
0.15393
0.1526
0.151365
0.150234
0.149212
0.148309
0.147534
0.146894
0.146401
0.146064
0.145894
0.145902
0.146102
0.146506
0.147129
0.147987
0.149094
0.15047
0.152132
0.154101
0.156397
0.159045
0.162067
0.16549
0.16934
0.173646
0.178437
0.183746
0.189603
0.196041
0.203094
0.210795
0.219176
0.228268
0.238097
0.248688
0.260055
0.272207
0.285138
0.298828
0.31324
0.328312
0.343961
0.360075
0.376516
0.393116
0.409688
0.426023
0.441903
0.457106
0.471418
0.484643
0.496608
0.507172
0.516229
0.523709
0.529578
0.533832
0.536494
0.537604
0.537209
0.535342
0.532016
0.527137
0.520946
0.513706
0.505628
0.496907
0.48771
0.478178
0.46843
0.45857
0.448684
0.438849
0.429129
0.41958
0.410245
0.401163
0.392362
0.383865
0.375688
0.367843
0.360335
0.353167
0.346339
0.339847
0.333686
0.327849
0.322327
0.317113
0.312198
0.303147
0.303641
0.304253
0.304903
0.305578
0.306277
0.307006
0.307771
0.308582
0.309445
0.310371
0.311368
0.312448
0.313622
0.314902
0.3163
0.317831
0.319509
0.321348
0.323365
0.325577
0.328001
0.330655
0.33356
0.336733
0.340196
0.343969
0.348073
0.35253
0.35736
0.362583
0.368221
0.374291
0.380811
0.387798
0.395263
0.403218
0.41167
0.42062
0.430067
0.440003
0.450413
0.461277
0.472566
0.484241
0.496254
0.508549
0.521056
0.533694
0.546372
0.558986
0.571423
0.583561
0.595271
0.60642
0.616874
0.626503
0.635186
0.642811
0.649282
0.65452
0.658468
0.661087
0.662359
0.662288
0.66089
0.658198
0.65425
0.649086
0.642737
0.635185
0.626439
0.616808
0.606484
0.595612
0.584331
0.572767
0.561029
0.549208
0.537384
0.525624
0.513985
0.502515
0.491256
0.480241
0.469497
0.459046
0.448905
0.439085
0.429594
0.420439
0.41162
0.403137
0.394987
0.387167
0.37967
0.372491
0.365623
0.359058
0.352793
0.44309
0.44619
0.450099
0.454272
0.458578
0.46299
0.467505
0.472129
0.476867
0.481727
0.486717
0.491847
0.497125
0.502562
0.508167
0.513951
0.519925
0.526102
0.532493
0.53911
0.545966
0.553073
0.560444
0.568091
0.576024
0.584256
0.592796
0.601652
0.610831
0.620336
0.63017
0.640331
0.650813
0.661606
0.672694
0.684059
0.695671
0.7075
0.719503
0.731632
0.743834
0.756043
0.768191
0.780197
0.791979
0.803445
0.8145
0.825044
0.834976
0.844192
0.85259
0.860074
0.866548
0.871928
0.876135
0.879106
0.880785
0.881134
0.880128
0.877755
0.874018
0.868933
0.862527
0.854836
0.845903
0.835775
0.824497
0.812116
0.798677
0.784183
0.768803
0.752968
0.736827
0.720486
0.704048
0.687607
0.671247
0.655037
0.639035
0.623292
0.607848
0.592737
0.577987
0.563618
0.549647
0.536086
0.522943
0.510224
0.497929
0.486058
0.474608
0.463576
0.452955
0.442737
0.432915
0.423481
0.414425
0.405738
0.397412
0.389438
0.531428
0.536271
0.542499
0.54922
0.556205
0.563398
0.570791
0.578388
0.586196
0.594225
0.602483
0.61098
0.619726
0.628731
0.638006
0.64756
0.657404
0.667548
0.678001
0.688772
0.699871
0.711303
0.723075
0.735192
0.747655
0.760466
0.773621
0.787113
0.800934
0.815068
0.829496
0.844192
0.859125
0.874256
0.889538
0.904918
0.920333
0.935712
0.950975
0.966034
0.980794
0.995151
1.009
1.02221
1.03468
1.04629
1.05691
1.06643
1.07474
1.08173
1.08731
1.09139
1.09391
1.0948
1.09404
1.0916
1.08748
1.08169
1.07426
1.06522
1.05464
1.04256
1.02906
1.01421
0.998063
0.980698
0.962166
0.942524
0.921831
0.900112
0.87816
0.856167
0.834228
0.81244
0.790891
0.769655
0.748794
0.728357
0.708386
0.688912
0.669961
0.651549
0.63369
0.616391
0.599656
0.583485
0.567876
0.552822
0.538317
0.524352
0.510917
0.497999
0.485587
0.473668
0.462228
0.451255
0.440734
0.430653
0.420997
0.411755
0.0226825
0.0226538
0.0226209
0.0225844
0.0225447
0.0225017
0.0224558
0.0224069
0.0223553
0.022301
0.0222441
0.0221847
0.022123
0.0220588
0.0219924
0.0219237
0.0218529
0.0217798
0.0217046
0.0216273
0.0215479
0.0214664
0.0213828
0.0212972
0.0212095
0.0211197
0.0210279
0.020934
0.0208381
0.0207401
0.0206401
0.020538
0.0204338
0.0203276
0.0202193
0.0201089
0.0199964
0.0198819
0.0197652
0.0196465
0.0195257
0.0194028
0.0192778
0.0191507
0.0190215
0.0188902
0.0187568
0.0186214
0.0184838
0.0183441
0.0182023
0.0180584
0.0179124
0.0177642
0.017614
0.0174615
0.017307
0.0171503
0.0169914
0.0168303
0.0166669
0.0165013
0.0163335
0.0161632
0.0159906
0.0158156
0.015638
0.0154579
0.0152751
0.0150895
0.0149011
0.0147097
0.0145151
0.0143172
0.0141158
0.0139107
0.0137016
0.0134883
0.0132704
0.0130474
0.0128191
0.0125848
0.012344
0.0120958
0.0118396
0.0115741
0.0112983
0.0110105
0.0107088
0.0103909
0.0100537
0.00969313
0.00930373
0.00887786
0.00840445
0.00786651
0.00723639
0.00646593
0.00547324
0.00441424
0.0320276
0.031733
0.0314533
0.0311868
0.0309324
0.0306894
0.030457
0.0302344
0.0300209
0.0298158
0.0296184
0.0294281
0.0292444
0.0290666
0.0288941
0.0287266
0.0285635
0.0284044
0.0282488
0.0280963
0.0279467
0.0277995
0.0276544
0.0275112
0.0273695
0.0272291
0.0270897
0.0269513
0.0268134
0.026676
0.0265389
0.026402
0.0262649
0.0261278
0.0259903
0.0258525
0.0257141
0.0255752
0.0254356
0.0252952
0.0251539
0.0250118
0.0248687
0.0247245
0.0245793
0.0244329
0.0242853
0.0241364
0.0239863
0.0238348
0.0236819
0.0235275
0.0233717
0.0232143
0.0230553
0.0228947
0.0227322
0.022568
0.0224019
0.0222339
0.0220638
0.0218915
0.0217169
0.0215399
0.0213604
0.0211781
0.020993
0.0208048
0.0206133
0.0204183
0.0202195
0.0200167
0.0198094
0.0195974
0.0193801
0.0191572
0.0189282
0.0186924
0.0184492
0.0181978
0.0179374
0.017667
0.0173855
0.0170915
0.0167835
0.0164596
0.0161178
0.0157553
0.0153689
0.0149545
0.0145069
0.0140195
0.0134829
0.0128844
0.0122051
0.0114152
0.0104636
0.00925176
0.00756187
0.00517754
0.0433746
0.0429624
0.042573
0.0422031
0.0418518
0.0415177
0.0411997
0.0408969
0.0406081
0.0403322
0.0400685
0.0398158
0.0395734
0.0393404
0.0391159
0.0388993
0.0386897
0.0384867
0.0382894
0.0380974
0.03791
0.0377268
0.0375474
0.0373711
0.0371977
0.0370268
0.036858
0.036691
0.0365254
0.0363611
0.0361977
0.036035
0.0358729
0.035711
0.0355492
0.0353873
0.0352252
0.0350627
0.0348997
0.034736
0.0345716
0.0344062
0.0342397
0.0340721
0.0339033
0.0337331
0.0335614
0.0333881
0.0332132
0.0330364
0.0328577
0.032677
0.0324942
0.032309
0.0321215
0.0319314
0.0317386
0.0315429
0.0313442
0.0311423
0.030937
0.0307281
0.0305153
0.0302985
0.0300773
0.0298515
0.0296207
0.0293847
0.029143
0.0288953
0.0286411
0.0283799
0.0281113
0.0278347
0.0275494
0.0272546
0.0269498
0.0266339
0.0263059
0.0259649
0.0256095
0.0252383
0.0248498
0.0244419
0.0240125
0.023559
0.0230784
0.0225667
0.0220195
0.021431
0.0207938
0.0200981
0.0193311
0.018474
0.0174997
0.0163645
0.0149925
0.0132316
0.010713
0.00663103
0.0537146
0.0532474
0.0528068
0.0523889
0.0519924
0.051616
0.0512583
0.0509182
0.0505943
0.0502856
0.0499909
0.0497091
0.0494392
0.0491802
0.0489312
0.0486914
0.0484598
0.0482356
0.0480183
0.047807
0.0476012
0.0474002
0.0472034
0.0470104
0.0468206
0.0466337
0.046449
0.0462664
0.0460853
0.0459055
0.0457266
0.0455484
0.0453704
0.0451926
0.0450146
0.0448362
0.0446572
0.0444773
0.0442965
0.0441144
0.0439309
0.0437458
0.0435589
0.0433702
0.0431793
0.0429862
0.0427907
0.0425926
0.0423918
0.042188
0.0419812
0.0417711
0.0415575
0.0413403
0.0411193
0.0408943
0.0406649
0.0404311
0.0401926
0.0399491
0.0397004
0.0394461
0.039186
0.0389197
0.0386469
0.0383672
0.0380802
0.0377855
0.0374826
0.037171
0.0368501
0.0365193
0.036178
0.0358253
0.0354607
0.035083
0.0346914
0.0342848
0.0338619
0.0334214
0.0329617
0.0324809
0.0319771
0.0314479
0.0308905
0.0303016
0.0296774
0.029013
0.0283027
0.0275392
0.026713
0.0258121
0.0248196
0.0237123
0.0224551
0.0209926
0.0192278
0.016965
0.0137241
0.00836743
0.0632701
0.0627815
0.0623204
0.0618829
0.0614676
0.0610732
0.0606982
0.0603416
0.0600019
0.059678
0.0593687
0.0590729
0.0587895
0.0585174
0.0582558
0.0580035
0.0577599
0.0575239
0.0572949
0.0570721
0.0568547
0.0566422
0.0564339
0.0562292
0.0560276
0.0558286
0.0556317
0.0554364
0.0552424
0.0550493
0.0548566
0.0546641
0.0544714
0.0542782
0.0540843
0.0538893
0.053693
0.0534952
0.0532955
0.0530938
0.0528899
0.0526835
0.0524745
0.0522625
0.0520475
0.0518292
0.0516074
0.0513819
0.0511525
0.0509189
0.0506811
0.0504387
0.0501916
0.0499394
0.049682
0.0494191
0.0491504
0.0488757
0.0485947
0.048307
0.0480124
0.0477105
0.0474008
0.0470832
0.046757
0.0464218
0.0460773
0.0457228
0.0453578
0.0449817
0.0445938
0.0441933
0.0437796
0.0433517
0.0429087
0.0424495
0.041973
0.0414779
0.0409626
0.0404256
0.039865
0.0392786
0.0386641
0.0380186
0.0373387
0.0366206
0.0358596
0.0350501
0.034185
0.0332556
0.0322507
0.0311557
0.0299505
0.028607
0.0270831
0.0253122
0.0231769
0.0204406
0.0165177
0.00996404
0.0720408
0.0715497
0.0710857
0.0706452
0.0702265
0.0698286
0.06945
0.0690894
0.0687457
0.0684176
0.068104
0.0678037
0.0675156
0.0672386
0.0669718
0.0667142
0.066465
0.0662231
0.0659879
0.0657586
0.0655343
0.0653146
0.0650986
0.0648858
0.0646757
0.0644676
0.0642612
0.0640559
0.0638512
0.0636468
0.0634423
0.0632373
0.0630314
0.0628243
0.0626157
0.0624053
0.0621928
0.061978
0.0617604
0.06154
0.0613165
0.0610895
0.0608589
0.0606245
0.0603859
0.060143
0.0598955
0.0596433
0.0593859
0.0591233
0.0588551
0.0585812
0.0583012
0.0580149
0.0577219
0.0574221
0.0571151
0.0568005
0.0564781
0.0561474
0.0558082
0.0554599
0.0551023
0.0547347
0.0543568
0.053968
0.0535678
0.0531555
0.0527306
0.0522922
0.0518397
0.0513723
0.0508889
0.0503887
0.0498705
0.0493331
0.0487752
0.0481952
0.0475916
0.0469625
0.0463056
0.0456186
0.0448987
0.0441425
0.0433464
0.0425058
0.0416154
0.0406687
0.0396575
0.038572
0.0373991
0.0361219
0.0347174
0.0331529
0.0313801
0.0293214
0.0268411
0.0236641
0.0191066
0.011445
0.0801753
0.0796946
0.0792397
0.0788071
0.0783953
0.0780031
0.0776294
0.0772729
0.0769324
0.0766068
0.0762949
0.0759956
0.0757078
0.0754305
0.0751628
0.0749037
0.0746522
0.0744076
0.074169
0.0739356
0.0737068
0.0734818
0.07326
0.0730407
0.0728235
0.0726077
0.0723928
0.0721784
0.0719639
0.0717491
0.0715333
0.0713163
0.0710977
0.0708772
0.0706543
0.0704288
0.0702004
0.0699688
0.0697336
0.0694947
0.0692516
0.0690043
0.0687523
0.0684955
0.0682336
0.0679663
0.0676933
0.0674145
0.0671294
0.066838
0.0665398
0.0662346
0.0659221
0.065602
0.065274
0.0649377
0.0645928
0.064239
0.0638758
0.0635029
0.0631198
0.0627262
0.0623214
0.061905
0.0614765
0.0610352
0.0605806
0.060112
0.0596287
0.0591298
0.0586145
0.0580819
0.0575311
0.0569608
0.0563698
0.0557569
0.0551205
0.054459
0.0537705
0.0530529
0.0523038
0.0515205
0.0506999
0.0498384
0.0489317
0.0479749
0.0469619
0.0458854
0.0447365
0.043504
0.0421733
0.0407255
0.0391347
0.0373643
0.0353597
0.0330338
0.0302333
0.0266477
0.0215011
0.0128087
0.0877585
0.087297
0.0868593
0.086442
0.086044
0.0856642
0.0853013
0.0849543
0.0846221
0.0843036
0.0839976
0.0837032
0.0834193
0.0831449
0.0828791
0.082621
0.0823698
0.0821245
0.0818843
0.0816487
0.0814167
0.0811878
0.0809613
0.0807365
0.080513
0.0802902
0.0800675
0.0798445
0.0796207
0.0793957
0.079169
0.0789403
0.0787091
0.0784752
0.0782381
0.0779975
0.0777531
0.0775046
0.0772517
0.0769941
0.0767315
0.0764636
0.0761901
0.0759107
0.0756253
0.0753333
0.0750347
0.0747291
0.0744162
0.0740958
0.0737674
0.0734308
0.0730858
0.0727318
0.0723686
0.0719959
0.0716132
0.0712201
0.0708163
0.0704013
0.0699746
0.0695357
0.0690841
0.0686192
0.0681405
0.0676473
0.0671389
0.0666146
0.0660736
0.0655151
0.0649381
0.0643415
0.0637244
0.0630855
0.0624234
0.0617367
0.0610238
0.0602829
0.0595119
0.0587086
0.0578703
0.0569941
0.0560766
0.0551138
0.0541012
0.0530332
0.0519033
0.0507036
0.0494242
0.0480527
0.0465734
0.0449654
0.0432002
0.0412376
0.0390174
0.0364437
0.0333472
0.0293844
0.0236947
0.0140551
0.094871
0.094435
0.0940203
0.0936239
0.0932447
0.0928816
0.0925338
0.0922001
0.0918796
0.0915713
0.0912741
0.090987
0.0907092
0.0904398
0.0901777
0.0899222
0.0896724
0.0894276
0.0891869
0.0889497
0.0887153
0.088483
0.0882522
0.0880223
0.0877927
0.0875629
0.0873325
0.0871008
0.0868674
0.086632
0.0863941
0.0861532
0.0859091
0.0856612
0.0854094
0.0851532
0.0848922
0.0846263
0.084355
0.084078
0.0837951
0.0835059
0.0832102
0.0829076
0.0825978
0.0822805
0.0819555
0.0816224
0.0812809
0.0809307
0.0805714
0.0802028
0.0798244
0.0794359
0.0790369
0.0786271
0.0782059
0.0777731
0.077328
0.0768704
0.0763995
0.075915
0.0754163
0.0749027
0.0743735
0.0738282
0.073266
0.0726861
0.0720876
0.0714696
0.0708312
0.0701712
0.0694885
0.0687817
0.0680494
0.0672902
0.0665022
0.0656834
0.0648318
0.0639449
0.0630199
0.0620536
0.0610423
0.059982
0.0588675
0.057693
0.0564516
0.0551345
0.0537313
0.0522286
0.0506095
0.0488513
0.0469233
0.044782
0.0423623
0.03956
0.0361916
0.0318833
0.0256968
0.0151893
0.101565
0.101159
0.100772
0.1004
0.100043
0.0997002
0.0993704
0.0990527
0.0987463
0.0984503
0.0981638
0.0978859
0.0976157
0.0973524
0.0970951
0.0968431
0.0965956
0.0963519
0.0961112
0.0958728
0.0956361
0.0954005
0.0951654
0.0949302
0.0946943
0.0944573
0.0942186
0.0939777
0.0937343
0.0934879
0.0932381
0.0929844
0.0927264
0.0924639
0.0921965
0.0919237
0.0916453
0.0913609
0.0910702
0.0907729
0.0904687
0.0901572
0.0898381
0.0895111
0.0891759
0.0888322
0.0884797
0.088118
0.0877468
0.0873657
0.0869744
0.0865726
0.0861598
0.0857357
0.0852998
0.0848519
0.0843913
0.0839176
0.0834305
0.0829293
0.0824135
0.0818825
0.0813359
0.0807728
0.0801926
0.0795947
0.0789781
0.0783422
0.0776859
0.0770083
0.0763084
0.075585
0.0748369
0.0740627
0.0732608
0.0724297
0.0715675
0.0706722
0.0697414
0.0687726
0.0677628
0.0667088
0.0656066
0.0644518
0.0632391
0.0619623
0.0606139
0.059185
0.0576641
0.0560373
0.0542864
0.0523873
0.0503074
0.048
0.0453958
0.0423832
0.0387655
0.0341419
0.0275034
0.0162103
0.107882
0.10751
0.107153
0.106809
0.106477
0.106156
0.105846
0.105547
0.105256
0.104974
0.104699
0.104431
0.10417
0.103913
0.103661
0.103413
0.103168
0.102926
0.102685
0.102445
0.102206
0.101967
0.101727
0.101486
0.101243
0.100999
0.100751
0.1005
0.100246
0.0999875
0.0997248
0.0994573
0.0991845
0.0989063
0.0986221
0.0983316
0.0980345
0.0977305
0.0974192
0.0971002
0.0967733
0.0964382
0.0960945
0.0957418
0.0953799
0.0950084
0.094627
0.0942353
0.093833
0.0934197
0.0929951
0.0925588
0.0921103
0.0916493
0.0911753
0.090688
0.0901867
0.0896711
0.0891407
0.0885949
0.0880331
0.0874548
0.0868592
0.0862459
0.0856139
0.0849626
0.0842912
0.0835987
0.0828842
0.0821468
0.0813853
0.0805985
0.0797851
0.0789438
0.0780728
0.0771706
0.0762351
0.0752643
0.0742558
0.0732068
0.0721143
0.0709749
0.0697844
0.0685383
0.067231
0.065856
0.0644055
0.06287
0.0612378
0.0594938
0.0576192
0.0555885
0.0533672
0.0509064
0.0481324
0.0449275
0.0410831
0.036174
0.0291277
0.0171266
0.11385
0.113514
0.11319
0.112876
0.11257
0.112274
0.111986
0.111705
0.111431
0.111163
0.110901
0.110644
0.110392
0.110142
0.109896
0.109652
0.109409
0.109168
0.108927
0.108685
0.108443
0.1082
0.107955
0.107707
0.107457
0.107203
0.106946
0.106684
0.106418
0.106147
0.10587
0.105587
0.105299
0.105003
0.104701
0.104392
0.104075
0.10375
0.103416
0.103075
0.102724
0.102364
0.101994
0.101614
0.101224
0.100823
0.100412
0.0999887
0.0995539
0.0991071
0.0986478
0.0981756
0.0976902
0.097191
0.0966777
0.0961498
0.0956067
0.0950481
0.0944733
0.0938819
0.0932731
0.0926465
0.0920013
0.0913368
0.0906524
0.0899471
0.0892203
0.0884709
0.087698
0.0869005
0.0860773
0.0852272
0.0843489
0.0834408
0.0825013
0.0815287
0.080521
0.079476
0.0783912
0.0772638
0.0760907
0.0748683
0.0735923
0.0722581
0.0708598
0.0693907
0.0678428
0.066206
0.0644683
0.062614
0.0606234
0.05847
0.0561177
0.0535152
0.0505856
0.0472052
0.0431552
0.0379885
0.0305758
0.0179424
0.119492
0.119194
0.118904
0.118621
0.118343
0.118072
0.117806
0.117545
0.117288
0.117036
0.116787
0.116541
0.116297
0.116055
0.115814
0.115573
0.115333
0.115092
0.11485
0.114606
0.114361
0.114113
0.113861
0.113606
0.113347
0.113084
0.112816
0.112542
0.112263
0.111978
0.111686
0.111387
0.111081
0.110768
0.110446
0.110117
0.109778
0.109431
0.109074
0.108708
0.108332
0.107945
0.107548
0.10714
0.106721
0.106289
0.105846
0.105391
0.104922
0.10444
0.103945
0.103436
0.102912
0.102374
0.10182
0.10125
0.100665
0.100062
0.0994417
0.0988038
0.0981472
0.0974715
0.096776
0.0960599
0.0953224
0.0945629
0.0937803
0.0929738
0.0921424
0.091285
0.0904004
0.0894874
0.0885446
0.0875705
0.0865634
0.0855216
0.084443
0.0833254
0.0821661
0.0809625
0.0797112
0.0784086
0.0770503
0.0756314
0.0741461
0.0725874
0.0709469
0.0692144
0.0673774
0.0654198
0.063321
0.0610537
0.0585805
0.0558481
0.0527765
0.0492371
0.0450017
0.0396041
0.0318641
0.0186685
0.124824
0.124565
0.12431
0.124058
0.123809
0.123564
0.12332
0.123079
0.12284
0.122603
0.122367
0.122131
0.121896
0.121661
0.121425
0.121188
0.120949
0.120708
0.120464
0.120218
0.119968
0.119714
0.119455
0.119192
0.118923
0.118649
0.118369
0.118083
0.117789
0.117489
0.11718
0.116864
0.11654
0.116207
0.115865
0.115514
0.115153
0.114782
0.114401
0.114009
0.113607
0.113192
0.112767
0.112329
0.111879
0.111416
0.11094
0.11045
0.109947
0.10943
0.108897
0.10835
0.107787
0.107209
0.106613
0.106001
0.105372
0.104725
0.104059
0.103374
0.102669
0.101944
0.101198
0.10043
0.0996396
0.0988259
0.0979879
0.0971247
0.0962353
0.0953187
0.0943735
0.0933987
0.0923926
0.0913539
0.0902809
0.0891716
0.0880241
0.0868361
0.085605
0.0843278
0.0830013
0.0816218
0.0801848
0.0786852
0.0771172
0.0754735
0.0737456
0.0719232
0.0699931
0.0679389
0.0657396
0.0633669
0.0607823
0.0579309
0.0547301
0.0510468
0.0466452
0.0410418
0.0330118
0.0193153
0.12986
0.12964
0.12942
0.129201
0.128981
0.12876
0.12854
0.128319
0.128097
0.127874
0.127651
0.127425
0.127198
0.126969
0.126738
0.126503
0.126265
0.126023
0.125777
0.125527
0.125271
0.12501
0.124744
0.124471
0.124192
0.123906
0.123613
0.123313
0.123004
0.122687
0.122361
0.122027
0.121683
0.121329
0.120966
0.120592
0.120207
0.119812
0.119405
0.118987
0.118556
0.118114
0.117658
0.11719
0.116708
0.116212
0.115703
0.115179
0.11464
0.114086
0.113516
0.11293
0.112328
0.111708
0.111071
0.110417
0.109743
0.109051
0.108339
0.107607
0.106855
0.106081
0.105284
0.104465
0.103622
0.102755
0.101863
0.100944
0.0999975
0.0990229
0.0980186
0.0969833
0.0959158
0.0948144
0.0936774
0.092503
0.0912891
0.0900333
0.0887331
0.0873855
0.0859871
0.0845342
0.0830222
0.0814461
0.0797997
0.0780758
0.0762656
0.0743584
0.072341
0.0701965
0.0679033
0.0654326
0.0627447
0.0597832
0.0564633
0.0526482
0.048095
0.0423056
0.034016
0.0198878
0.135209
0.135031
0.134848
0.134661
0.13447
0.134275
0.134077
0.133875
0.133669
0.13346
0.133247
0.13303
0.132809
0.132583
0.132353
0.132118
0.131877
0.131631
0.131379
0.131121
0.130856
0.130584
0.130306
0.130019
0.129725
0.129422
0.129111
0.128791
0.128462
0.128123
0.127775
0.127416
0.127047
0.126667
0.126276
0.125874
0.12546
0.125034
0.124595
0.124144
0.123679
0.123202
0.12271
0.122205
0.121685
0.12115
0.120601
0.120035
0.119454
0.118857
0.118243
0.117612
0.116963
0.116296
0.115611
0.114907
0.114183
0.113439
0.112675
0.111889
0.111082
0.110252
0.109399
0.108522
0.107621
0.106694
0.10574
0.104759
0.10375
0.102711
0.101642
0.10054
0.0994056
0.0982359
0.0970295
0.0957846
0.094499
0.0931705
0.0917964
0.0903737
0.0888991
0.0873685
0.0857777
0.0841211
0.0823928
0.0805853
0.0786896
0.0766948
0.0745875
0.0723503
0.0699611
0.0673902
0.0645972
0.0615241
0.0580839
0.0541361
0.0494312
0.043458
0.0349189
0.0203898
0.140911
0.14078
0.14064
0.140491
0.140334
0.140169
0.139997
0.139818
0.139631
0.139438
0.139238
0.139031
0.138818
0.138597
0.138369
0.138134
0.137892
0.137641
0.137383
0.137117
0.136842
0.136559
0.136267
0.135965
0.135655
0.135334
0.135004
0.134663
0.134312
0.133949
0.133576
0.133191
0.132795
0.132386
0.131966
0.131532
0.131086
0.130627
0.130154
0.129667
0.129166
0.128651
0.128121
0.127575
0.127015
0.126438
0.125846
0.125237
0.124611
0.123967
0.123306
0.122627
0.121929
0.121212
0.120476
0.11972
0.118943
0.118145
0.117326
0.116485
0.11562
0.114733
0.113821
0.112884
0.111922
0.110933
0.109917
0.108873
0.107799
0.106695
0.10556
0.104391
0.103188
0.101949
0.100673
0.0993571
0.0979997
0.0965983
0.0951503
0.0936527
0.092102
0.0904943
0.0888249
0.0870886
0.0852789
0.0833883
0.0814077
0.0793259
0.077129
0.0747992
0.0723138
0.0696422
0.0667428
0.0635558
0.0599915
0.055905
0.0510388
0.0448647
0.03604
0.0210119
0.146207
0.146123
0.146024
0.145913
0.145788
0.145652
0.145505
0.145347
0.145179
0.145
0.144812
0.144615
0.144408
0.144191
0.143965
0.143729
0.143483
0.143228
0.142963
0.142688
0.142403
0.142107
0.141801
0.141484
0.141156
0.140817
0.140467
0.140105
0.139731
0.139345
0.138947
0.138536
0.138112
0.137675
0.137225
0.13676
0.136282
0.13579
0.135283
0.134762
0.134225
0.133673
0.133105
0.132521
0.13192
0.131303
0.130669
0.130017
0.129348
0.12866
0.127954
0.127229
0.126484
0.12572
0.124935
0.124129
0.123303
0.122454
0.121583
0.120689
0.119771
0.118829
0.117862
0.11687
0.115851
0.114805
0.113731
0.112628
0.111495
0.110331
0.109134
0.107904
0.106639
0.105337
0.103996
0.102616
0.101193
0.0997254
0.0982103
0.0966446
0.0950249
0.0933471
0.0916066
0.0897978
0.0879143
0.0859484
0.0838907
0.0817297
0.0794511
0.0770368
0.0744632
0.0716992
0.0687017
0.0654094
0.0617299
0.0575143
0.0524973
0.0461351
0.0370441
0.0215673
0.151102
0.151061
0.151001
0.150923
0.150829
0.150719
0.150595
0.150456
0.150303
0.150138
0.14996
0.149769
0.149567
0.149352
0.149126
0.148888
0.148638
0.148376
0.148103
0.147817
0.14752
0.147211
0.14689
0.146557
0.146211
0.145853
0.145482
0.145098
0.144701
0.14429
0.143867
0.143429
0.142978
0.142512
0.142032
0.141537
0.141028
0.140503
0.139963
0.139407
0.138835
0.138247
0.137642
0.137021
0.136382
0.135726
0.135052
0.13436
0.133649
0.13292
0.132171
0.131402
0.130614
0.129805
0.128975
0.128123
0.12725
0.126354
0.125435
0.124493
0.123526
0.122535
0.121518
0.120475
0.119405
0.118308
0.117182
0.116026
0.11484
0.113622
0.112371
0.111087
0.109766
0.108409
0.107012
0.105575
0.104095
0.10257
0.100997
0.0993719
0.0976925
0.0959543
0.0941524
0.0922812
0.0903342
0.0883034
0.0861793
0.0839501
0.081601
0.0791136
0.0764637
0.0736193
0.0705362
0.0671514
0.0633702
0.0590396
0.0538872
0.0473542
0.0380175
0.0221029
0.155608
0.155606
0.15558
0.155533
0.155465
0.155378
0.155273
0.15515
0.155011
0.154856
0.154685
0.154499
0.154299
0.154084
0.153855
0.153613
0.153356
0.153087
0.152803
0.152506
0.152196
0.151872
0.151535
0.151184
0.150819
0.150441
0.150049
0.149642
0.149222
0.148787
0.148338
0.147874
0.147395
0.146901
0.146392
0.145867
0.145327
0.144771
0.144199
0.14361
0.143005
0.142382
0.141743
0.141086
0.140411
0.139719
0.139008
0.138278
0.137529
0.136761
0.135973
0.135165
0.134336
0.133487
0.132616
0.131723
0.130808
0.12987
0.128909
0.127924
0.126915
0.12588
0.12482
0.123733
0.122619
0.121477
0.120306
0.119105
0.117874
0.11661
0.115314
0.113983
0.112616
0.111212
0.109768
0.108284
0.106756
0.105183
0.103561
0.101887
0.100158
0.0983697
0.0965168
0.0945937
0.0925937
0.0905087
0.0883288
0.0860419
0.0836331
0.0810831
0.0783673
0.0754527
0.072294
0.0688265
0.0649528
0.0605159
0.0552362
0.0485395
0.0389629
0.0226179
0.159742
0.159775
0.15978
0.159758
0.159713
0.159645
0.159555
0.159445
0.159315
0.159167
0.159
0.158816
0.158616
0.158398
0.158165
0.157916
0.157651
0.157372
0.157077
0.156767
0.156442
0.156102
0.155747
0.155378
0.154994
0.154595
0.154181
0.153752
0.153308
0.152849
0.152374
0.151885
0.151379
0.150858
0.150321
0.149768
0.149198
0.148612
0.14801
0.147391
0.146754
0.1461
0.145429
0.14474
0.144032
0.143307
0.142562
0.141799
0.141016
0.140214
0.139391
0.138548
0.137685
0.1368
0.135894
0.134966
0.134016
0.133042
0.132045
0.131024
0.129978
0.128908
0.127811
0.126688
0.125538
0.124359
0.123152
0.121914
0.120646
0.119346
0.118013
0.116645
0.115241
0.1138
0.112319
0.110797
0.109232
0.10762
0.10596
0.104247
0.102479
0.10065
0.0987565
0.0967918
0.094749
0.0926199
0.0903943
0.0880598
0.085601
0.0829982
0.0802259
0.0772503
0.0740249
0.0704832
0.0665252
0.0619897
0.0565896
0.0497353
0.0399228
0.0231355
0.163529
0.16359
0.163619
0.163619
0.163591
0.163537
0.163459
0.163357
0.163234
0.163089
0.162923
0.162738
0.162534
0.162312
0.162072
0.161814
0.161539
0.161247
0.160939
0.160615
0.160274
0.159917
0.159545
0.159156
0.158752
0.158332
0.157897
0.157446
0.156979
0.156496
0.155997
0.155482
0.154952
0.154405
0.153841
0.153261
0.152665
0.152052
0.151422
0.150775
0.15011
0.149428
0.148729
0.148011
0.147275
0.146521
0.145747
0.144955
0.144144
0.143312
0.142461
0.141589
0.140697
0.139784
0.138849
0.137892
0.136913
0.135911
0.134885
0.133836
0.132762
0.131663
0.130539
0.129388
0.128209
0.127003
0.125768
0.124503
0.123207
0.12188
0.120519
0.119124
0.117692
0.116224
0.114715
0.113166
0.111572
0.109932
0.108243
0.106501
0.104703
0.102844
0.100919
0.0989221
0.0968458
0.0946816
0.0924192
0.0900457
0.0875452
0.0848976
0.0820765
0.0790472
0.0757619
0.0721522
0.0681153
0.0634855
0.0579682
0.0509573
0.0409056
0.0236593
0.166989
0.167073
0.16712
0.167136
0.16712
0.167076
0.167005
0.166908
0.166786
0.166641
0.166473
0.166284
0.166074
0.165844
0.165594
0.165326
0.165038
0.164733
0.16441
0.16407
0.163712
0.163338
0.162947
0.162539
0.162115
0.161675
0.161218
0.160745
0.160256
0.15975
0.159228
0.15869
0.158136
0.157566
0.156978
0.156375
0.155754
0.155117
0.154463
0.153792
0.153103
0.152397
0.151673
0.150932
0.150172
0.149394
0.148598
0.147782
0.146948
0.146094
0.14522
0.144326
0.143412
0.142477
0.14152
0.140542
0.139542
0.138519
0.137473
0.136404
0.13531
0.134192
0.133048
0.131877
0.13068
0.129455
0.128202
0.126918
0.125604
0.124259
0.12288
0.121466
0.120017
0.11853
0.117003
0.115435
0.113822
0.112163
0.110455
0.108693
0.106874
0.104993
0.103045
0.101024
0.098922
0.0967306
0.0944389
0.0920336
0.0894985
0.0868126
0.0839489
0.0808717
0.0775317
0.0738586
0.0697469
0.0650261
0.0593933
0.0522257
0.04193
0.0241992
0.170147
0.170247
0.170307
0.170332
0.170324
0.170284
0.170215
0.170118
0.169994
0.169845
0.169671
0.169474
0.169255
0.169014
0.168753
0.168471
0.16817
0.167849
0.16751
0.167153
0.166778
0.166385
0.165975
0.165548
0.165104
0.164644
0.164166
0.163672
0.163162
0.162636
0.162093
0.161534
0.160959
0.160367
0.159759
0.159134
0.158493
0.157836
0.157162
0.15647
0.155762
0.155037
0.154295
0.153535
0.152757
0.151961
0.151147
0.150315
0.149464
0.148594
0.147705
0.146796
0.145867
0.144918
0.143948
0.142957
0.141944
0.140909
0.139851
0.13877
0.137665
0.136535
0.135381
0.1342
0.132993
0.131758
0.130495
0.129203
0.127879
0.126524
0.125136
0.123714
0.122255
0.120759
0.119222
0.117644
0.116021
0.114351
0.11263
0.110856
0.109024
0.107129
0.105165
0.103127
0.101006
0.0987938
0.0964788
0.0940475
0.091483
0.0887638
0.0858622
0.0827412
0.0793501
0.0756168
0.0714325
0.0666221
0.0608739
0.0535472
0.0429998
0.0247569
0.173027
0.173135
0.173202
0.17323
0.173223
0.173183
0.17311
0.173008
0.172878
0.172721
0.172538
0.17233
0.172098
0.171844
0.171568
0.171272
0.170954
0.170617
0.170261
0.169885
0.169492
0.169081
0.168652
0.168205
0.167742
0.167262
0.166765
0.166252
0.165723
0.165177
0.164616
0.164038
0.163445
0.162835
0.16221
0.161568
0.160911
0.160237
0.159547
0.158841
0.158119
0.15738
0.156624
0.155852
0.155062
0.154256
0.153431
0.152589
0.151729
0.15085
0.149953
0.149037
0.148101
0.147146
0.14617
0.145174
0.144157
0.143118
0.142057
0.140973
0.139865
0.138734
0.137577
0.136395
0.135187
0.133951
0.132687
0.131394
0.13007
0.128714
0.127326
0.125902
0.124442
0.122944
0.121406
0.119825
0.118199
0.116525
0.1148
0.11302
0.11118
0.109277
0.107303
0.105253
0.103119
0.100891
0.098557
0.0961038
0.0935138
0.0907648
0.0878283
0.0846662
0.0812265
0.0774347
0.0731792
0.0682797
0.0624157
0.0549273
0.0441206
0.0253353
0.175652
0.175761
0.175826
0.175852
0.17584
0.175793
0.175712
0.175601
0.175459
0.17529
0.175093
0.174871
0.174624
0.174354
0.174061
0.173747
0.173412
0.173057
0.172682
0.172288
0.171875
0.171445
0.170997
0.170532
0.170051
0.169552
0.169038
0.168507
0.167961
0.167399
0.166821
0.166228
0.16562
0.164996
0.164357
0.163703
0.163034
0.162349
0.161649
0.160934
0.160203
0.159456
0.158694
0.157915
0.157121
0.15631
0.155482
0.154637
0.153775
0.152896
0.151999
0.151083
0.150149
0.149196
0.148223
0.14723
0.146217
0.145183
0.144127
0.143048
0.141947
0.140822
0.139673
0.138498
0.137297
0.136068
0.134812
0.133526
0.132209
0.13086
0.129478
0.128061
0.126607
0.125114
0.123581
0.122004
0.120381
0.118709
0.116985
0.115204
0.113363
0.111456
0.109477
0.107419
0.105275
0.103034
0.100684
0.0982118
0.0955986
0.0928219
0.0898521
0.0866504
0.083163
0.0793136
0.0749872
0.0699985
0.0640176
0.0563648
0.0452912
0.025934
0.178043
0.178146
0.178203
0.178219
0.178196
0.178136
0.178042
0.177916
0.177759
0.177572
0.177358
0.177118
0.176853
0.176564
0.176252
0.175918
0.175564
0.175189
0.174794
0.174381
0.17395
0.173501
0.173034
0.172552
0.172052
0.171537
0.171007
0.170461
0.1699
0.169324
0.168734
0.168129
0.16751
0.166876
0.166228
0.165566
0.16489
0.1642
0.163495
0.162776
0.162043
0.161295
0.160533
0.159755
0.158963
0.158155
0.157331
0.156492
0.155636
0.154764
0.153874
0.152968
0.152043
0.151101
0.150139
0.149158
0.148158
0.147136
0.146094
0.14503
0.143943
0.142832
0.141698
0.140538
0.139352
0.138138
0.136897
0.135625
0.134323
0.132988
0.13162
0.130216
0.128774
0.127292
0.125769
0.124202
0.122587
0.120922
0.119202
0.117425
0.115586
0.113678
0.111697
0.109634
0.107482
0.10523
0.102866
0.100376
0.0977405
0.0949365
0.0919338
0.0886924
0.0851571
0.0812496
0.0768517
0.071773
0.0656742
0.057855
0.0465086
0.0265517
0.180221
0.18031
0.180351
0.18035
0.18031
0.180232
0.180118
0.179972
0.179794
0.179587
0.179352
0.17909
0.178803
0.178493
0.178159
0.177804
0.177428
0.177032
0.176618
0.176184
0.175734
0.175266
0.174782
0.174283
0.173768
0.173238
0.172693
0.172135
0.171562
0.170976
0.170376
0.169763
0.169138
0.168499
0.167847
0.167182
0.166505
0.165815
0.165112
0.164396
0.163667
0.162925
0.162169
0.1614
0.160617
0.15982
0.159008
0.158181
0.15734
0.156483
0.15561
0.15472
0.153814
0.15289
0.151948
0.150988
0.150008
0.149008
0.147987
0.146945
0.14588
0.144792
0.14368
0.142542
0.141378
0.140187
0.138967
0.137717
0.136435
0.135121
0.133771
0.132385
0.130961
0.129496
0.127987
0.126433
0.12483
0.123175
0.121465
0.119694
0.117858
0.115953
0.11397
0.111904
0.109745
0.107483
0.105105
0.102597
0.0999384
0.0971063
0.0940695
0.0907868
0.0872018
0.0832342
0.0787629
0.0735923
0.0673739
0.059387
0.0477645
0.0271841
0.182209
0.182275
0.182294
0.182269
0.182204
0.182101
0.181963
0.181791
0.181587
0.181355
0.181094
0.180807
0.180495
0.18016
0.179802
0.179424
0.179025
0.178607
0.178171
0.177718
0.177248
0.176763
0.176262
0.175747
0.175218
0.174675
0.174119
0.17355
0.172969
0.172376
0.171771
0.171155
0.170527
0.169888
0.169237
0.168576
0.167903
0.16722
0.166525
0.165818
0.1651
0.164371
0.163629
0.162876
0.16211
0.161331
0.160539
0.159734
0.158915
0.158081
0.157232
0.156368
0.155488
0.154591
0.153677
0.152744
0.151793
0.150822
0.149831
0.148818
0.147783
0.146724
0.145641
0.144533
0.143398
0.142235
0.141042
0.139819
0.138564
0.137274
0.135949
0.134586
0.133183
0.131738
0.130248
0.128711
0.127122
0.12548
0.12378
0.122017
0.120188
0.118285
0.116302
0.114232
0.112066
0.109793
0.107401
0.104873
0.102189
0.0993269
0.096253
0.0929257
0.0892873
0.0852554
0.0807062
0.0754394
0.0690978
0.0609409
0.0490419
0.0278211
0.184023
0.184058
0.184046
0.18399
0.183893
0.183759
0.18359
0.183387
0.183153
0.18289
0.1826
0.182284
0.181944
0.181581
0.181197
0.180793
0.18037
0.179929
0.179472
0.178998
0.17851
0.178007
0.17749
0.176961
0.17642
0.175866
0.175302
0.174726
0.174141
0.173545
0.172939
0.172324
0.171699
0.171065
0.170421
0.169769
0.169107
0.168436
0.167756
0.167066
0.166367
0.165657
0.164938
0.164208
0.163467
0.162714
0.16195
0.161174
0.160385
0.159583
0.158766
0.157935
0.157089
0.156227
0.155348
0.154451
0.153536
0.152602
0.151647
0.15067
0.149671
0.148649
0.147602
0.146529
0.145428
0.144299
0.143139
0.141948
0.140723
0.139463
0.138166
0.136829
0.135451
0.134029
0.13256
0.131042
0.129471
0.127843
0.126155
0.124401
0.122577
0.120678
0.118695
0.116621
0.114447
0.112162
0.109752
0.107202
0.104491
0.101594
0.0984787
0.0951014
0.0914031
0.0872992
0.082663
0.0772895
0.0708133
0.0624764
0.0502979
0.0284361
0.187164
0.187113
0.187015
0.186875
0.186697
0.186482
0.186234
0.185955
0.185648
0.185313
0.184953
0.18457
0.184166
0.183742
0.1833
0.18284
0.182365
0.181876
0.181373
0.180858
0.180331
0.179794
0.179247
0.178691
0.178126
0.177554
0.176975
0.176389
0.175796
0.175198
0.174593
0.173983
0.173367
0.172746
0.17212
0.171488
0.17085
0.170206
0.169557
0.168901
0.168238
0.167568
0.166891
0.166206
0.165513
0.16481
0.164097
0.163374
0.16264
0.161894
0.161134
0.160362
0.159574
0.158771
0.157951
0.157114
0.156258
0.155382
0.154485
0.153565
0.152622
0.151654
0.15066
0.149637
0.148586
0.147503
0.146388
0.145238
0.144051
0.142827
0.141561
0.140253
0.1389
0.137498
0.136046
0.13454
0.132976
0.13135
0.129659
0.127897
0.12606
0.12414
0.122131
0.120024
0.117811
0.115478
0.113013
0.110399
0.107615
0.104635
0.101425
0.0979393
0.094118
0.089873
0.0850732
0.0795067
0.0727959
0.0641594
0.0515605
0.0289806
0.191057
0.190797
0.1905
0.190171
0.189812
0.189426
0.189016
0.188584
0.188132
0.187662
0.187177
0.186677
0.186165
0.185643
0.185112
0.184573
0.184027
0.183477
0.182924
0.182367
0.181809
0.18125
0.18069
0.180132
0.179574
0.179019
0.178466
0.177915
0.177367
0.176822
0.17628
0.17574
0.175204
0.174671
0.17414
0.173611
0.173083
0.172557
0.172032
0.171506
0.170979
0.170451
0.169921
0.169387
0.168849
0.168306
0.167756
0.167199
0.166633
0.166057
0.16547
0.16487
0.164257
0.163628
0.162982
0.162319
0.161635
0.16093
0.160203
0.159451
0.158672
0.157866
0.15703
0.156163
0.155262
0.154325
0.153351
0.152338
0.151282
0.150183
0.149036
0.147841
0.146593
0.14529
0.143928
0.142505
0.141016
0.139457
0.137824
0.13611
0.134311
0.132419
0.130426
0.128325
0.126104
0.123751
0.121251
0.118586
0.115734
0.112666
0.109345
0.105723
0.101734
0.0972819
0.0922238
0.0863286
0.0791825
0.0699253
0.0562886
0.0312281
0.194085
0.193545
0.192985
0.192409
0.19182
0.19122
0.19061
0.189994
0.189373
0.188748
0.188123
0.187497
0.186874
0.186254
0.185639
0.185031
0.18443
0.183838
0.183256
0.182685
0.182125
0.181577
0.181043
0.180522
0.180014
0.179521
0.179041
0.178576
0.178125
0.177688
0.177265
0.176855
0.176457
0.176072
0.175698
0.175334
0.17498
0.174634
0.174295
0.173963
0.173636
0.173312
0.17299
0.172669
0.172347
0.172023
0.171694
0.171359
0.171017
0.170666
0.170303
0.169927
0.169536
0.169128
0.168701
0.168254
0.167784
0.167288
0.166766
0.166215
0.165632
0.165017
0.164365
0.163676
0.162947
0.162175
0.161359
0.160495
0.15958
0.158614
0.157591
0.15651
0.155367
0.154159
0.152883
0.151533
0.150107
0.148599
0.147005
0.145318
0.143533
0.141642
0.139636
0.137507
0.135242
0.132829
0.130252
0.127492
0.124523
0.121316
0.117831
0.114017
0.109801
0.105081
0.0997026
0.0934155
0.0857706
0.0758291
0.0610885
0.0334074
0.196216
0.195338
0.194465
0.193599
0.192742
0.191896
0.191063
0.190243
0.189438
0.18865
0.187881
0.187131
0.186401
0.185694
0.18501
0.18435
0.183715
0.183106
0.182524
0.181969
0.181442
0.180943
0.180472
0.18003
0.179617
0.179231
0.178874
0.178544
0.17824
0.177963
0.17771
0.177482
0.177276
0.177092
0.176929
0.176784
0.176656
0.176543
0.176444
0.176356
0.176278
0.176207
0.176142
0.176081
0.17602
0.175958
0.175892
0.17582
0.17574
0.175649
0.175546
0.175426
0.175288
0.17513
0.174949
0.174742
0.174506
0.174241
0.173942
0.173607
0.173234
0.17282
0.172362
0.171859
0.171306
0.170702
0.170043
0.169326
0.16855
0.16771
0.166804
0.165827
0.164778
0.163651
0.162443
0.16115
0.159768
0.15829
0.156713
0.155029
0.153232
0.151314
0.149267
0.147081
0.144743
0.142239
0.139553
0.136665
0.133548
0.130171
0.126492
0.122455
0.117984
0.112971
0.107249
0.100552
0.0923954
0.0817633
0.0659158
0.0355161
0.197342
0.196091
0.194875
0.193696
0.192554
0.191451
0.190386
0.189361
0.188376
0.187431
0.186529
0.185669
0.184852
0.184079
0.183351
0.182668
0.18203
0.181439
0.180893
0.180393
0.179939
0.179532
0.179169
0.178852
0.178579
0.178349
0.178161
0.178015
0.177908
0.17784
0.177808
0.177811
0.177847
0.177913
0.178007
0.178128
0.178273
0.178438
0.178622
0.178821
0.179033
0.179256
0.179485
0.179719
0.179953
0.180186
0.180414
0.180635
0.180844
0.181039
0.181217
0.181375
0.18151
0.181618
0.181697
0.181744
0.181755
0.181728
0.18166
0.181547
0.181386
0.181176
0.180911
0.18059
0.18021
0.179766
0.179257
0.178679
0.178028
0.177302
0.176496
0.175608
0.174632
0.173567
0.172406
0.171146
0.169782
0.168309
0.166721
0.165011
0.163173
0.161198
0.159078
0.156802
0.154357
0.15173
0.148901
0.145851
0.142553
0.138972
0.135066
0.130776
0.126022
0.120689
0.114602
0.107477
0.0988002
0.0874816
0.0705519
0.0374382
0.197438
0.195809
0.194249
0.192761
0.191342
0.189992
0.188711
0.187498
0.186354
0.185278
0.18427
0.18333
0.182458
0.181654
0.180918
0.18025
0.17965
0.179116
0.17865
0.178249
0.177913
0.177642
0.177434
0.177287
0.177201
0.177173
0.177202
0.177285
0.17742
0.177606
0.177838
0.178115
0.178433
0.17879
0.179182
0.179606
0.180059
0.180537
0.181036
0.181554
0.182086
0.182628
0.183178
0.18373
0.184282
0.18483
0.18537
0.185897
0.18641
0.186903
0.187373
0.187816
0.18823
0.188609
0.188951
0.189252
0.189508
0.189716
0.189873
0.189975
0.190018
0.19
0.189916
0.189764
0.189539
0.189239
0.18886
0.188398
0.18785
0.187212
0.186481
0.185652
0.184722
0.183686
0.182541
0.181281
0.179901
0.178396
0.17676
0.174987
0.173069
0.170998
0.168765
0.16636
0.163768
0.160977
0.157967
0.154717
0.151199
0.147379
0.143211
0.138636
0.133569
0.127891
0.12142
0.113858
0.104663
0.0926812
0.0747359
0.0390716
0.19663
0.194643
0.192765
0.190993
0.189326
0.187762
0.186298
0.184934
0.183669
0.1825
0.181427
0.180449
0.179564
0.178773
0.178075
0.177467
0.176949
0.176519
0.176177
0.175921
0.175749
0.175659
0.175648
0.175716
0.175859
0.176074
0.176359
0.17671
0.177125
0.177599
0.17813
0.178713
0.179344
0.18002
0.180735
0.181487
0.18227
0.183081
0.183914
0.184766
0.185631
0.186505
0.187385
0.188264
0.18914
0.190006
0.19086
0.191695
0.192509
0.193296
0.194053
0.194775
0.195457
0.196097
0.196688
0.197229
0.197714
0.198139
0.198501
0.198796
0.199019
0.199168
0.199238
0.199225
0.199126
0.198936
0.198653
0.198273
0.197791
0.197204
0.196507
0.195698
0.194771
0.193722
0.192547
0.191241
0.189799
0.188215
0.186485
0.184601
0.182556
0.180343
0.177951
0.175371
0.172588
0.16959
0.166357
0.162867
0.159093
0.154999
0.15054
0.145653
0.140255
0.134221
0.127363
0.119373
0.109684
0.0970903
0.0782383
0.0403787
0.195293
0.192985
0.190827
0.188814
0.186943
0.185209
0.183609
0.18214
0.1808
0.179587
0.178497
0.177529
0.176681
0.17595
0.175335
0.174834
0.174444
0.174163
0.173989
0.173919
0.17395
0.174079
0.174304
0.17462
0.175024
0.175513
0.176081
0.176726
0.177443
0.178227
0.179073
0.179977
0.180934
0.181939
0.182986
0.18407
0.185187
0.186331
0.187497
0.188679
0.189872
0.191071
0.19227
0.193465
0.19465
0.19582
0.19697
0.198095
0.199189
0.200248
0.201267
0.202241
0.203165
0.204035
0.204846
0.205594
0.206273
0.20688
0.20741
0.207858
0.208222
0.208495
0.208675
0.208756
0.208736
0.208609
0.208373
0.208023
0.207555
0.206966
0.20625
0.205406
0.204427
0.20331
0.202051
0.200644
0.199086
0.19737
0.195491
0.193443
0.191219
0.18881
0.186209
0.183403
0.180382
0.17713
0.17363
0.16986
0.165793
0.161393
0.156615
0.151397
0.145652
0.139257
0.132019
0.123623
0.11349
0.100373
0.0807935
0.041163
0.194098
0.191504
0.189104
0.186892
0.18486
0.183001
0.181312
0.179786
0.17842
0.177209
0.17615
0.175239
0.174473
0.173847
0.173359
0.173006
0.172783
0.172687
0.172714
0.172862
0.173124
0.173498
0.173979
0.174563
0.175244
0.176018
0.176879
0.177822
0.178843
0.179935
0.181092
0.182309
0.183581
0.1849
0.186262
0.187661
0.18909
0.190543
0.192015
0.1935
0.194991
0.196483
0.19797
0.199447
0.200906
0.202341
0.203748
0.20512
0.206452
0.207739
0.208974
0.210154
0.211272
0.212324
0.213303
0.214206
0.215027
0.215761
0.216404
0.21695
0.217396
0.217736
0.217966
0.218082
0.218079
0.217954
0.217702
0.217318
0.2168
0.216143
0.215343
0.214397
0.213299
0.212047
0.210636
0.209061
0.207318
0.205403
0.203309
0.201032
0.198564
0.195899
0.193029
0.189942
0.186629
0.183075
0.179264
0.175174
0.170779
0.166045
0.160928
0.155366
0.149275
0.14253
0.134941
0.126189
0.115692
0.102188
0.082126
0.041312
0.193951
0.191113
0.188508
0.18613
0.183972
0.182027
0.180286
0.178743
0.177391
0.176223
0.175233
0.174417
0.173768
0.17328
0.17295
0.172772
0.17274
0.17285
0.173096
0.173472
0.173975
0.174597
0.175334
0.176179
0.177127
0.178171
0.179305
0.180524
0.181821
0.183189
0.184622
0.186114
0.187659
0.189249
0.190878
0.19254
0.194229
0.195937
0.197659
0.199388
0.201117
0.202841
0.204552
0.206245
0.207913
0.20955
0.21115
0.212706
0.214213
0.215664
0.217053
0.218374
0.219622
0.22079
0.221873
0.222865
0.223761
0.224555
0.225242
0.225817
0.226274
0.226609
0.226817
0.226893
0.226833
0.226632
0.226287
0.225792
0.225145
0.224341
0.223376
0.222247
0.220951
0.219483
0.21784
0.216018
0.214014
0.211823
0.209441
0.206863
0.204083
0.201097
0.197895
0.194471
0.190813
0.18691
0.182747
0.178303
0.173555
0.16847
0.163006
0.157105
0.150684
0.143622
0.135732
0.126702
0.115954
0.102236
0.0819966
0.0407262
0.195662
0.192659
0.189923
0.187446
0.18522
0.183239
0.181495
0.179979
0.178681
0.177592
0.176704
0.176008
0.175498
0.175165
0.175003
0.175004
0.175162
0.175469
0.17592
0.176506
0.177222
0.17806
0.179014
0.180077
0.181243
0.182503
0.183853
0.185284
0.18679
0.188364
0.19
0.191691
0.19343
0.19521
0.197025
0.198868
0.200733
0.202612
0.204499
0.206389
0.208272
0.210145
0.211998
0.213827
0.215623
0.217381
0.219093
0.220753
0.222354
0.223889
0.225352
0.226736
0.228034
0.229239
0.230346
0.231348
0.232238
0.233011
0.23366
0.23418
0.234565
0.23481
0.23491
0.23486
0.234654
0.23429
0.233762
0.233066
0.2322
0.231158
0.229939
0.228538
0.226954
0.225182
0.223221
0.221067
0.218719
0.216172
0.213425
0.210473
0.207313
0.20394
0.200349
0.196533
0.192485
0.188193
0.183646
0.178826
0.173711
0.168273
0.162472
0.156253
0.149539
0.142215
0.134101
0.124897
0.114043
0.10032
0.0802547
0.0393611
0.200243
0.197173
0.194391
0.191888
0.189658
0.187693
0.185989
0.184534
0.183315
0.182322
0.181544
0.18097
0.180591
0.180397
0.18038
0.180529
0.180837
0.181296
0.181896
0.182631
0.183493
0.184473
0.185565
0.186761
0.188054
0.189436
0.190902
0.192443
0.194054
0.195727
0.197456
0.199235
0.201057
0.202915
0.204804
0.206716
0.208645
0.210585
0.212529
0.21447
0.216402
0.218318
0.220211
0.222074
0.223899
0.225679
0.227408
0.229077
0.230679
0.232207
0.233652
0.235007
0.236266
0.237419
0.23846
0.239382
0.240177
0.240839
0.24136
0.241735
0.241957
0.24202
0.241919
0.241648
0.241204
0.240581
0.239775
0.238783
0.237602
0.236228
0.23466
0.232894
0.230929
0.228764
0.226397
0.223826
0.221051
0.218071
0.214884
0.21149
0.207885
0.204069
0.200038
0.195787
0.191313
0.186606
0.181658
0.176454
0.170976
0.165199
0.159088
0.152594
0.145646
0.138136
0.129897
0.120645
0.10985
0.0963553
0.0768398
0.0372105
0.208858
0.20582
0.203076
0.200618
0.198439
0.196534
0.194897
0.193515
0.192373
0.191459
0.19076
0.190266
0.189964
0.189844
0.189895
0.190108
0.190473
0.19098
0.191621
0.192389
0.193274
0.194268
0.195365
0.196558
0.197839
0.199201
0.200639
0.202145
0.203715
0.205341
0.207018
0.20874
0.210502
0.212296
0.214119
0.215963
0.217822
0.219691
0.221564
0.223432
0.225291
0.227132
0.228949
0.230734
0.23248
0.234178
0.23582
0.237398
0.238903
0.240327
0.241661
0.242896
0.244023
0.245034
0.245919
0.246671
0.247281
0.247742
0.248045
0.248183
0.248149
0.247938
0.247543
0.246958
0.24618
0.245204
0.244025
0.242642
0.241051
0.239252
0.237241
0.235019
0.232586
0.229941
0.227084
0.224018
0.220742
0.217259
0.213568
0.209673
0.205573
0.20127
0.196762
0.19205
0.187131
0.182001
0.176653
0.171078
0.165261
0.159182
0.152811
0.146104
0.139
0.1314
0.123151
0.113994
0.103439
0.0904118
0.0718201
0.0343349
0.222833
0.219889
0.217227
0.21484
0.212725
0.210878
0.209284
0.20793
0.206801
0.205884
0.205168
0.20464
0.20429
0.204106
0.204078
0.204197
0.204453
0.204838
0.205344
0.205962
0.206687
0.20751
0.208426
0.209428
0.21051
0.211667
0.212893
0.214184
0.215534
0.216938
0.218392
0.219891
0.221429
0.223003
0.224606
0.226234
0.227882
0.229543
0.231211
0.23288
0.234543
0.236193
0.237822
0.239422
0.240985
0.242501
0.243961
0.245356
0.246675
0.247908
0.249045
0.250076
0.250989
0.251774
0.252422
0.252922
0.253265
0.25344
0.25344
0.253256
0.252881
0.252307
0.251529
0.250542
0.249339
0.247919
0.246278
0.244413
0.242325
0.240012
0.237474
0.234713
0.231732
0.228531
0.225115
0.221486
0.21765
0.213609
0.209369
0.204933
0.200307
0.195493
0.190496
0.185318
0.17996
0.174421
0.1687
0.16279
0.156682
0.15036
0.1438
0.136965
0.1298
0.122221
0.114092
0.105179
0.0950413
0.0827119
0.0653868
0.0308471
0.243591
0.240685
0.238033
0.235631
0.233476
0.231567
0.229876
0.228391
0.227099
0.22599
0.225054
0.224279
0.223658
0.223182
0.222841
0.222629
0.222538
0.222562
0.222694
0.222928
0.223259
0.223682
0.224192
0.224784
0.225455
0.226199
0.227014
0.227895
0.228839
0.229843
0.230902
0.232013
0.233172
0.234375
0.235618
0.236895
0.238203
0.239535
0.240886
0.242248
0.243615
0.244978
0.246329
0.247659
0.248959
0.250216
0.251421
0.252561
0.253625
0.254601
0.255475
0.256235
0.256868
0.257362
0.257705
0.257883
0.257887
0.257705
0.257327
0.256745
0.255949
0.254933
0.253691
0.252217
0.250508
0.248561
0.246374
0.243947
0.241281
0.238377
0.235239
0.23187
0.228275
0.22446
0.22043
0.216194
0.211757
0.207128
0.202315
0.197326
0.192169
0.186851
0.181379
0.17576
0.169999
0.164098
0.158059
0.15188
0.145555
0.139074
0.132418
0.125557
0.118445
0.111009
0.103132
0.0946101
0.0850587
0.0736295
0.0578572
0.0269193
0.272174
0.269035
0.266118
0.26342
0.260941
0.258653
0.256542
0.254601
0.252821
0.251195
0.249715
0.248375
0.247169
0.246091
0.245137
0.244301
0.243579
0.242966
0.24246
0.242056
0.24175
0.24154
0.241423
0.241396
0.241456
0.2416
0.241826
0.242132
0.242514
0.242971
0.243499
0.244096
0.244758
0.245482
0.246265
0.2471
0.247984
0.248911
0.249873
0.250865
0.251877
0.2529
0.253924
0.254939
0.255933
0.256891
0.257802
0.25865
0.259421
0.260099
0.26067
0.261116
0.261424
0.261577
0.261562
0.261363
0.260969
0.260366
0.259544
0.258493
0.257205
0.255672
0.253889
0.251852
0.249559
0.247009
0.244202
0.241141
0.23783
0.234272
0.230475
0.226445
0.222192
0.217725
0.213053
0.208188
0.203142
0.197924
0.192549
0.187027
0.18137
0.175589
0.169694
0.163696
0.157601
0.151418
0.14515
0.138798
0.13236
0.12583
0.119193
0.112426
0.105491
0.0983265
0.0908339
0.0828409
0.0740218
0.0636564
0.0496479
0.0227668
0.307995
0.3041
0.300406
0.296909
0.293599
0.290452
0.287461
0.284622
0.281933
0.279389
0.276988
0.274725
0.272599
0.270606
0.268744
0.26701
0.265402
0.263918
0.262555
0.261312
0.260185
0.259174
0.258276
0.25749
0.256813
0.256243
0.25578
0.25542
0.255161
0.255003
0.254941
0.254973
0.255096
0.255307
0.255601
0.255973
0.256418
0.256928
0.257497
0.258115
0.258773
0.259459
0.260161
0.260864
0.261555
0.262216
0.262832
0.263383
0.263852
0.26422
0.264467
0.264575
0.264526
0.264301
0.263883
0.263257
0.262408
0.261323
0.25999
0.2584
0.256545
0.25442
0.252021
0.249346
0.246395
0.24317
0.239677
0.23592
0.231907
0.227648
0.223153
0.218433
0.213502
0.208374
0.203063
0.197584
0.191953
0.186185
0.180296
0.174302
0.168218
0.162056
0.155832
0.149556
0.143238
0.136889
0.130513
0.124115
0.117695
0.111247
0.104762
0.0982204
0.091592
0.0848267
0.077843
0.0705
0.0625312
0.0533471
0.0412289
0.0186262
0.347212
0.341946
0.336896
0.332054
0.327395
0.322917
0.318617
0.314495
0.310549
0.306776
0.303175
0.299744
0.296481
0.293382
0.290448
0.287674
0.28506
0.282602
0.2803
0.27815
0.276151
0.274301
0.272597
0.271038
0.269622
0.268346
0.267208
0.266207
0.26534
0.264604
0.263996
0.263514
0.263153
0.262908
0.262776
0.262749
0.262821
0.262983
0.263226
0.263537
0.263905
0.264315
0.26475
0.265194
0.265627
0.266029
0.266378
0.266652
0.266829
0.266885
0.266798
0.266545
0.266105
0.265458
0.264586
0.263471
0.262099
0.260457
0.258534
0.256324
0.25382
0.25102
0.247924
0.244534
0.240855
0.236893
0.232657
0.228159
0.223411
0.218427
0.213224
0.207817
0.202226
0.196469
0.190564
0.184531
0.178389
0.172158
0.165855
0.159499
0.153107
0.146695
0.140276
0.133865
0.127472
0.121106
0.114774
0.108479
0.102223
0.0960008
0.0898049
0.0836198
0.0774206
0.0711676
0.064796
0.058195
0.0511558
0.0432166
0.0330298
0.0147241
0.382105
0.37513
0.36843
0.361987
0.35579
0.349837
0.344124
0.338648
0.333406
0.328393
0.323606
0.319042
0.314696
0.310565
0.306645
0.302932
0.299424
0.296116
0.293005
0.290088
0.287361
0.284822
0.282467
0.280294
0.278298
0.276478
0.274831
0.273352
0.27204
0.270891
0.2699
0.269063
0.268376
0.267833
0.267426
0.267148
0.266988
0.266937
0.266981
0.267106
0.267293
0.267525
0.267781
0.268038
0.268272
0.268458
0.268568
0.268576
0.268455
0.268179
0.267721
0.267057
0.266164
0.265021
0.263609
0.261914
0.259922
0.257623
0.255011
0.252081
0.248834
0.245271
0.241398
0.237223
0.232757
0.228012
0.223004
0.21775
0.212268
0.20658
0.200704
0.194665
0.188484
0.182183
0.175786
0.169315
0.162792
0.156237
0.149671
0.143113
0.136578
0.130084
0.123643
0.117268
0.110968
0.10475
0.0986194
0.0925782
0.0866258
0.0807583
0.0749677
0.069241
0.0635581
0.0578881
0.0521822
0.0463581
0.0402614
0.0335547
0.0252519
0.0110861
0.403027
0.39469
0.386702
0.379045
0.371711
0.364691
0.357976
0.35156
0.345434
0.339591
0.334023
0.328726
0.323691
0.318913
0.314387
0.310106
0.306065
0.30226
0.298686
0.295337
0.292211
0.289302
0.286607
0.284121
0.281842
0.279766
0.277888
0.276205
0.274714
0.273409
0.272286
0.271338
0.27056
0.269943
0.269477
0.269153
0.268955
0.26887
0.268879
0.268962
0.269096
0.269258
0.269419
0.269551
0.269625
0.269609
0.269472
0.269183
0.268714
0.268034
0.267117
0.26594
0.26448
0.26272
0.260644
0.258241
0.255504
0.252429
0.249015
0.245266
0.241187
0.23679
0.232086
0.227091
0.221823
0.216302
0.21055
0.204589
0.198444
0.192141
0.185704
0.17916
0.172533
0.16585
0.159134
0.152408
0.145694
0.139013
0.132383
0.125821
0.119342
0.112959
0.106682
0.100519
0.0944761
0.088558
0.0827662
0.0771001
0.0715569
0.0661317
0.0608164
0.0555998
0.050466
0.045392
0.040344
0.0352664
0.0300555
0.0244842
0.0178993
0.00764327
)
;

boundaryField
{
    jetInlet
    {
        type            fixedValue;
        value           uniform 0.006;
    }
    returnOutlet
    {
        type            inletOutlet;
        inletValue      uniform 0.006;
        value           nonuniform List<scalar> 
35
(
0.290643
0.562958
0.75177
0.910354
1.05563
1.18971
1.30932
1.40876
1.48113
1.51845
1.50991
1.43339
0.006
0.006
0.006
0.006
0.006
0.006
0.006
0.006
0.006
0.006
0.006
0.006
0.006
0.006
0.277442
0.294559
0.230609
0.114992
0.0957072
0.168835
0.303147
0.44309
0.531428
)
;
    }
    flatBed
    {
        type            kqRWallFunction;
        value           nonuniform List<scalar> 
100
(
0.290643
0.295267
0.299597
0.303596
0.307224
0.310443
0.313227
0.315584
0.317559
0.318358
0.317823
0.315858
0.312412
0.307482
0.301106
0.293357
0.284339
0.274185
0.263047
0.251094
0.23851
0.225484
0.212209
0.198877
0.185666
0.172743
0.160252
0.14831
0.137006
0.126402
0.11653
0.107401
0.0990029
0.0913116
0.0842916
0.0779016
0.0720969
0.0668325
0.0620641
0.0577493
0.0538479
0.0503222
0.047137
0.0442598
0.0416607
0.0393125
0.0371908
0.035274
0.0335432
0.0319825
0.0305781
0.0293189
0.0281955
0.0272002
0.026326
0.0255668
0.0249167
0.0243697
0.0239194
0.0235595
0.0232833
0.0230843
0.0229558
0.0228916
0.0228857
0.0229327
0.0230273
0.0231652
0.0233414
0.0235461
0.0237765
0.0240302
0.0243058
0.0246025
0.0249204
0.0252612
0.0256171
0.025985
0.0263623
0.0267469
0.0271361
0.0275275
0.0279183
0.0283053
0.0286848
0.0290525
0.0294033
0.0297309
0.0300273
0.0302827
0.0304845
0.030616
0.0306557
0.0305746
0.0303335
0.0298775
0.0291243
0.0279515
0.0262242
0.0240144
)
;
    }
    slope
    {
        type            kqRWallFunction;
        value           nonuniform List<scalar> 
50
(
0.00441424
0.00517754
0.00663103
0.00836743
0.00996404
0.011445
0.0128087
0.0140551
0.0151893
0.0162103
0.0171266
0.0179424
0.0186685
0.0193153
0.0198878
0.0203898
0.0210119
0.0215673
0.0221029
0.0226179
0.0231355
0.0236593
0.0241992
0.0247569
0.0253353
0.025934
0.0265517
0.0271841
0.0278211
0.0284361
0.0289806
0.0312281
0.0334074
0.0355161
0.0374382
0.0390716
0.0403787
0.041163
0.041312
0.0407262
0.0393611
0.0372105
0.0343349
0.0308471
0.0269193
0.0227668
0.0186262
0.0147241
0.0110861
0.00764327
)
;
    }
    top
    {
        type            symmetryPlane;
    }
    frontAndBack
    {
        type            empty;
    }
    defaultFaces
    {
        type            empty;
    }
}


// ************************************************************************* //
