/*--------------------------------*- C++ -*----------------------------------*\
| =========                 |                                                 |
| \\      /  F ield         | OpenFOAM: The Open Source CFD Toolbox           |
|  \\    /   O peration     | Version:  2206                                  |
|   \\  /    A nd           | Website:  www.openfoam.com                      |
|    \\/     M anipulation  |                                                 |
\*---------------------------------------------------------------------------*/
FoamFile
{
    version     2.0;
    format      ascii;
    arch        "LSB;label=32;scalar=64";
    class       volScalarField;
    location    "1800";
    object      p;
}
// * * * * * * * * * * * * * * * * * * * * * * * * * * * * * * * * * * * * * //

dimensions      [0 2 -2 0 0 0 0];

internalField   nonuniform List<scalar> 
10000
(
-0.0979999
-0.148676
-0.187423
-0.206875
-0.204364
-0.175953
-0.117993
-0.0275239
0.0980028
0.259792
0.456689
0.685809
0.942934
1.22293
1.52019
1.82896
2.14367
2.45917
2.77084
3.07476
3.36767
3.64707
3.91113
4.15866
4.38905
4.60221
4.79847
4.97848
5.14314
5.29353
5.43079
5.55612
5.67067
5.77555
5.87177
5.96025
6.04181
6.11713
6.18683
6.25141
6.3113
6.36687
6.41841
6.4662
6.51044
6.55133
6.58905
6.62376
6.6556
6.68472
6.71126
6.73536
6.75715
6.77677
6.79436
6.81006
6.824
6.83632
6.84716
6.85663
6.86488
6.87202
6.87817
6.88345
6.88797
6.89185
6.8952
6.89812
6.90072
6.90311
6.90537
6.90761
6.90991
6.91238
6.9151
6.91815
6.92163
6.92561
6.93019
6.93544
6.94143
6.94826
6.95598
6.96468
6.97441
6.98524
6.99722
7.01042
7.02486
7.04057
7.05754
7.07575
7.09513
7.11553
7.13664
7.15765
7.1775
7.19676
7.21629
7.22007
-0.0937309
-0.13848
-0.178022
-0.202101
-0.205805
-0.184533
-0.1342
-0.0515866
0.0660864
0.220423
0.410533
0.633631
0.88561
1.16143
1.45553
1.76219
2.07584
2.39127
2.70382
3.00945
3.3048
3.58724
3.85477
4.10607
4.34039
4.55751
4.75762
4.9413
5.10938
5.26288
5.40294
5.53075
5.64748
5.75426
5.85215
5.94209
6.02494
6.10141
6.17216
6.2377
6.29849
6.35492
6.40729
6.45587
6.5009
6.54256
6.58104
6.61649
6.64907
6.6789
6.70613
6.73089
6.75331
6.77351
6.79165
6.80785
6.82224
6.83495
6.84613
6.8559
6.8644
6.87174
6.87805
6.88346
6.88807
6.89202
6.8954
6.89833
6.90091
6.90326
6.90547
6.90763
6.90984
6.91218
6.91476
6.91764
6.92093
6.9247
6.92903
6.934
6.93968
6.94616
6.95349
6.96174
6.97097
6.98124
6.99258
7.00505
7.01866
7.03341
7.04929
7.06624
7.08415
7.10287
7.12207
7.14109
7.15908
7.17657
7.19418
7.19858
-0.09501
-0.133737
-0.174728
-0.204688
-0.215978
-0.203024
-0.161093
-0.0865866
0.0234445
0.171056
0.355703
0.574489
0.823241
1.09684
1.38966
1.69591
2.00994
2.32649
2.6408
2.94876
3.24693
3.53255
3.80353
4.05843
4.2964
4.51711
4.72067
4.90759
5.07865
5.23484
5.3773
5.50721
5.62578
5.73416
5.83343
5.92459
6.0085
6.08593
6.15754
6.22389
6.28544
6.34259
6.39566
6.44494
6.49066
6.53302
6.57219
6.60835
6.64164
6.6722
6.70015
6.72562
6.74875
6.76964
6.78844
6.80525
6.82021
6.83344
6.84508
6.85524
6.86407
6.87169
6.87822
6.88379
6.88852
6.89254
6.89595
6.89888
6.90143
6.90372
6.90584
6.90789
6.90996
6.91214
6.91453
6.91721
6.92025
6.92375
6.92778
6.93243
6.93775
6.94381
6.95069
6.95845
6.96712
6.97677
6.98743
6.99914
7.01189
7.0257
7.04052
7.05629
7.07289
7.09014
7.10775
7.12513
7.1416
7.15744
7.17291
7.17651
-0.101403
-0.140824
-0.186387
-0.224424
-0.244761
-0.240736
-0.206884
-0.139185
-0.0345905
0.10937
0.292377
0.511117
0.761076
1.03684
1.3325
1.64208
1.95977
2.28015
2.59838
2.91026
3.21226
3.50158
3.77606
4.03421
4.27514
4.49847
4.70431
4.89317
5.06584
5.22334
5.36684
5.49758
5.61679
5.72567
5.82534
5.91683
6.00103
6.07873
6.1506
6.21721
6.27902
6.33645
6.38981
6.43938
6.48539
6.52805
6.56754
6.60402
6.63763
6.66853
6.69684
6.72268
6.74619
6.76749
6.78668
6.80389
6.81924
6.83283
6.8448
6.85526
6.86434
6.87216
6.87884
6.88452
6.88932
6.89335
6.89674
6.89961
6.90208
6.90426
6.90624
6.90812
6.91
6.91198
6.91413
6.91655
6.91932
6.92251
6.92622
6.9305
6.93542
6.94106
6.94748
6.95472
6.96284
6.97188
6.98187
6.99284
7.00479
7.01771
7.03156
7.04627
7.06172
7.07772
7.09398
7.11
7.12512
7.1393
7.15242
7.15454
-0.108696
-0.155408
-0.209722
-0.258497
-0.28954
-0.295204
-0.26934
-0.20754
-0.106695
0.0359742
0.220181
0.44196
0.696264
0.977225
1.27858
1.59405
1.91761
2.24369
2.56736
2.88431
3.19098
3.48451
3.76271
4.02408
4.26769
4.4932
4.70074
4.89083
5.06434
5.22235
5.3661
5.49689
5.61602
5.72475
5.82424
5.91555
5.99961
6.07722
6.14905
6.21568
6.27756
6.3351
6.38861
6.43835
6.48454
6.52738
6.56704
6.60367
6.63741
6.66841
6.69681
6.72274
6.74634
6.76772
6.78701
6.80433
6.81979
6.83352
6.84561
6.85619
6.86537
6.87327
6.88
6.8857
6.89047
6.89445
6.89776
6.90052
6.90285
6.90486
6.90665
6.90833
6.90998
6.91171
6.9136
6.91574
6.9182
6.92107
6.92442
6.92832
6.93285
6.93806
6.944
6.95074
6.95831
6.96675
6.97608
6.98634
6.9975
7.00957
7.02248
7.03615
7.05046
7.06521
7.0801
7.09468
7.10829
7.12071
7.13165
7.133
-0.11491
-0.17445
-0.241747
-0.303964
-0.347376
-0.363518
-0.345686
-0.289146
-0.190644
-0.0472784
0.140339
0.367433
0.628305
0.916554
1.2255
1.54854
1.87942
2.21244
2.54253
2.86534
3.17726
3.47538
3.75752
4.02213
4.26834
4.4958
4.70469
4.8956
5.06948
5.22751
5.371
5.50135
5.61993
5.72808
5.827
5.9178
6.00144
6.07872
6.15033
6.21683
6.27869
6.33628
6.38991
6.43983
6.48623
6.52929
6.56915
6.60597
6.63986
6.67095
6.6994
6.72532
6.74887
6.77017
6.78937
6.80659
6.82195
6.83559
6.84761
6.85812
6.86723
6.87507
6.88173
6.88733
6.892
6.89585
6.899
6.90159
6.90373
6.90552
6.90708
6.9085
6.90989
6.91133
6.91292
6.91474
6.91688
6.9194
6.92237
6.92589
6.92999
6.93475
6.94022
6.94644
6.95345
6.96128
6.96996
6.97949
6.98987
7.00107
7.01302
7.02565
7.0388
7.05228
7.0658
7.07891
7.09099
7.10171
7.11078
7.1117
-0.119319
-0.196706
-0.28087
-0.358764
-0.415694
-0.442628
-0.432501
-0.38036
-0.282524
-0.13627
0.0568726
0.291262
0.560491
0.857599
1.17548
1.50723
1.84638
2.18709
2.5242
2.85331
3.17078
3.47366
3.75977
4.02758
4.27619
4.50532
4.71521
4.90654
5.08034
5.23791
5.38068
5.51014
5.62776
5.73494
5.83295
5.92294
6.00589
6.08261
6.1538
6.22002
6.28171
6.33925
6.39293
6.44298
6.48958
6.53288
6.57301
6.61007
6.64418
6.67545
6.70399
6.72994
6.75343
6.77461
6.79362
6.81061
6.82573
6.8391
6.85086
6.86113
6.87001
6.87762
6.88407
6.88947
6.89392
6.89755
6.90047
6.90283
6.90471
6.90624
6.90751
6.90863
6.90971
6.91083
6.91209
6.91357
6.91535
6.9175
6.92008
6.92318
6.92686
6.93115
6.93613
6.94182
6.94826
6.95548
6.96349
6.97229
6.98187
6.99219
7.00319
7.01476
7.02677
7.03899
7.05116
7.06284
7.07349
7.08272
7.09029
7.09111
-0.121687
-0.221839
-0.326263
-0.421185
-0.491856
-0.529065
-0.52565
-0.476571
-0.37721
-0.225512
-0.0247627
0.218619
0.497547
0.804542
1.13212
1.47313
1.82092
2.16956
2.51382
2.84928
3.17225
3.47979
3.76969
4.04042
4.29112
4.52154
4.73201
4.92328
5.09653
5.25318
5.39478
5.52295
5.63924
5.74511
5.84191
5.93083
6.01286
6.08883
6.15942
6.22517
6.28655
6.3439
6.39751
6.44759
6.49431
6.53781
6.57818
6.61551
6.64989
6.68139
6.71012
6.73617
6.75966
6.78075
6.79957
6.81629
6.83107
6.84407
6.85543
6.86529
6.87378
6.88101
6.8871
6.89215
6.89627
6.89957
6.90219
6.90423
6.9058
6.907
6.90794
6.90872
6.90945
6.91022
6.91112
6.91223
6.91363
6.91538
6.91756
6.92023
6.92345
6.92727
6.93174
6.93689
6.94275
6.94935
6.95668
6.96475
6.97353
6.98298
6.99302
7.00355
7.01443
7.02545
7.03632
7.04668
7.05602
7.06395
7.07032
7.07114
-0.122009
-0.250225
-0.377571
-0.489429
-0.572695
-0.618527
-0.619949
-0.571915
-0.46823
-0.308252
-0.0980224
0.155562
0.44489
0.76208
1.09938
1.44946
1.8056
2.16179
2.5128
2.85417
3.18221
3.49398
3.78722
4.06042
4.31273
4.54395
4.75448
4.94521
5.11743
5.27271
5.41275
5.53928
5.65393
5.75823
5.85362
5.94129
6.02225
6.09733
6.16719
6.23235
6.29326
6.35029
6.4037
6.45368
6.5004
6.54399
6.58453
6.62208
6.65671
6.68847
6.71742
6.74364
6.76722
6.78828
6.80697
6.82344
6.83786
6.85042
6.86129
6.87062
6.87858
6.88528
6.89087
6.89543
6.89909
6.90197
6.90418
6.90582
6.907
6.90781
6.90837
6.90877
6.90912
6.9095
6.91001
6.91072
6.91172
6.91306
6.91481
6.91704
6.91979
6.92313
6.92708
6.93169
6.93697
6.94293
6.94959
6.95692
6.96491
6.97349
6.9826
6.99213
7.00192
7.01178
7.02145
7.0306
7.03876
7.04559
7.051
7.05193
-0.119616
-0.282481
-0.434554
-0.561003
-0.653799
-0.705187
-0.708554
-0.658537
-0.547228
-0.376341
-0.155413
0.108698
0.408146
0.734845
1.08093
1.43903
1.80241
2.16509
2.52184
2.8682
3.20049
3.51572
3.81163
4.08666
4.33998
4.57144
4.78151
4.9712
5.14195
5.29548
5.43365
5.55829
5.6711
5.77368
5.86755
5.95392
6.03378
6.10793
6.17701
6.24151
6.30188
6.35849
6.41158
6.46135
6.50794
6.5515
6.59208
6.62974
6.66454
6.6965
6.72566
6.75208
6.7758
6.79692
6.81554
6.83182
6.84592
6.85804
6.86838
6.87711
6.88442
6.89048
6.89542
6.89936
6.90243
6.90476
6.90646
6.90761
6.90832
6.90869
6.90881
6.90879
6.90871
6.90867
6.90876
6.90906
6.90963
6.91055
6.91187
6.91363
6.91592
6.91876
6.92219
6.92625
6.93094
6.93628
6.94226
6.94887
6.95607
6.96382
6.97202
6.98057
6.98934
6.99812
7.00668
7.01473
7.02185
7.02774
7.03236
7.0334
-0.113639
-0.318297
-0.495708
-0.631088
-0.727826
-0.780263
-0.781986
-0.725235
-0.602778
-0.420037
-0.188729
0.0847468
0.392627
0.726856
1.07964
1.44368
1.81233
2.17967
2.54052
2.89046
3.22575
3.5434
3.84107
4.11716
4.37084
4.60198
4.81111
4.99935
5.1683
5.31985
5.45601
5.57871
5.68968
5.79053
5.88291
5.96807
6.04692
6.12025
6.18862
6.25247
6.3123
6.36846
6.42119
6.47064
6.51699
6.56039
6.60089
6.63853
6.67337
6.70544
6.73474
6.76131
6.78518
6.80639
6.82501
6.84118
6.85503
6.86676
6.87657
6.88467
6.89128
6.89659
6.90077
6.90397
6.90633
6.90799
6.90907
6.90964
6.9098
6.90965
6.90928
6.90877
6.90824
6.90775
6.9074
6.90725
6.90739
6.90787
6.90874
6.91004
6.91184
6.91419
6.9171
6.92061
6.92472
6.92944
6.93476
6.94066
6.9471
6.95402
6.96136
6.96899
6.97679
6.98457
6.99212
6.99917
7.00539
7.01047
7.01444
7.01559
-0.123891
-0.360737
-0.55477
-0.687643
-0.780626
-0.83015
-0.828231
-0.759248
-0.621945
-0.430125
-0.190974
0.0890833
0.402352
0.740963
1.09733
1.46434
1.8355
2.20499
2.56772
2.91926
3.25586
3.57447
3.87267
4.1488
4.40198
4.63212
4.83981
5.02627
5.19326
5.34286
5.47717
5.59826
5.70783
5.80735
5.89853
5.98276
6.0609
6.13368
6.20154
6.26485
6.32418
6.37995
6.43236
6.48148
6.52752
6.57068
6.61099
6.64846
6.68323
6.71526
6.74459
6.77124
6.7952
6.81649
6.83515
6.85125
6.86493
6.87634
6.88568
6.89318
6.89907
6.90358
6.90692
6.90927
6.9108
6.91169
6.91204
6.91193
6.91145
6.9107
6.90977
6.90874
6.90771
6.90674
6.90592
6.90531
6.90499
6.90502
6.90544
6.90629
6.90761
6.90945
6.91184
6.9148
6.91834
6.92245
6.92712
6.93233
6.93804
6.94419
6.9507
6.95746
6.96436
6.97122
6.97785
6.98401
6.98942
6.99381
6.99722
6.99847
-0.153635
-0.437597
-0.600656
-0.708768
-0.792111
-0.836574
-0.824321
-0.7416
-0.594797
-0.39776
-0.155243
0.126706
0.440681
0.779137
1.13478
1.50076
1.87078
2.23917
2.60088
2.95153
3.28732
3.60509
3.90232
4.17726
4.42902
4.6575
4.86336
5.04789
5.213
5.36096
5.4939
5.61381
5.72242
5.82133
5.91215
5.99613
6.07412
6.14691
6.21473
6.27776
6.33678
6.39239
6.44466
6.4935
6.53921
6.58217
6.62225
6.65947
6.69406
6.72595
6.75516
6.78178
6.80576
6.82707
6.84574
6.86181
6.87536
6.88653
6.89549
6.90245
6.90765
6.91136
6.91381
6.91523
6.91586
6.91589
6.91539
6.91449
6.91329
6.91186
6.91031
6.9087
6.90712
6.90564
6.90433
6.90325
6.90247
6.90204
6.902
6.90239
6.90322
6.90457
6.90645
6.90888
6.91185
6.91537
6.91941
6.92396
6.92897
6.93437
6.9401
6.94606
6.95212
6.95813
6.96392
6.96929
6.97398
6.97777
6.98071
6.982
-0.191638
-0.512389
-0.588076
-0.653608
-0.731212
-0.772949
-0.746036
-0.655646
-0.510744
-0.316911
-0.0785221
0.198334
0.506552
0.838918
1.18845
1.54855
1.91314
2.27667
2.63416
2.98122
3.31396
3.62909
3.92391
4.19658
4.44622
4.67273
4.87672
5.0595
5.22321
5.37029
5.50273
5.62232
5.73065
5.82963
5.92104
6.00569
6.08432
6.15757
6.22583
6.28937
6.34885
6.40485
6.45738
6.50608
6.55153
6.59449
6.63443
6.6713
6.70566
6.73732
6.7663
6.79282
6.81674
6.83801
6.85666
6.87268
6.88613
6.89712
6.90577
6.91227
6.91685
6.91979
6.92135
6.92181
6.92149
6.92057
6.91914
6.91735
6.91532
6.91315
6.91091
6.90867
6.9065
6.90448
6.90265
6.90108
6.89983
6.89893
6.89844
6.89836
6.89872
6.89958
6.90096
6.90286
6.90529
6.90823
6.91167
6.91558
6.91992
6.92462
6.92962
6.93482
6.94011
6.94535
6.95038
6.95504
6.95909
6.96235
6.96486
6.96618
-0.0516867
-0.446599
-0.504279
-0.551729
-0.613858
-0.640618
-0.61408
-0.530069
-0.392627
-0.206565
0.0229673
0.289887
0.587532
0.909163
1.24822
1.59846
1.95404
2.30957
2.66013
3.0013
3.3291
3.64007
3.93133
4.20095
4.44812
4.67261
4.87479
5.05591
5.21867
5.36593
5.49919
5.6198
5.72921
5.83
5.92381
6.01081
6.09148
6.16641
6.23607
6.30085
6.36126
6.41776
6.4705
6.51947
6.56519
6.60832
6.64784
6.68401
6.71804
6.7494
6.77802
6.80439
6.82823
6.84936
6.86789
6.88377
6.89708
6.9079
6.9163
6.92242
6.92645
6.92867
6.92938
6.92895
6.92767
6.92571
6.92326
6.9205
6.91757
6.91456
6.91156
6.90864
6.90585
6.90325
6.90089
6.89882
6.89708
6.89572
6.89476
6.89423
6.89414
6.89451
6.8954
6.89679
6.89869
6.90108
6.90394
6.90724
6.91094
6.91497
6.91928
6.92377
6.92834
6.93286
6.93721
6.94121
6.94469
6.94748
6.94961
6.9509
0.770193
0.380013
0.151224
-0.0100687
-0.150301
-0.244432
-0.278445
-0.25004
-0.162477
-0.0204653
0.170598
0.404358
0.673703
0.971286
1.28993
1.62286
1.96381
2.30707
2.64748
2.98037
3.30155
3.60735
3.8947
4.16185
4.40827
4.63302
4.83549
5.01678
5.18161
5.33338
5.47249
5.60006
5.71759
5.82547
5.92392
6.01433
6.09777
6.175
6.24659
6.313
6.37472
6.43212
6.48544
6.5349
6.58086
6.62366
6.66308
6.69967
6.73427
6.76551
6.79324
6.81896
6.84221
6.86264
6.88066
6.89616
6.90923
6.9199
6.92809
6.93388
6.93741
6.93899
6.93898
6.93765
6.93525
6.93207
6.92839
6.92443
6.92037
6.91632
6.91237
6.90859
6.90503
6.90173
6.89872
6.89605
6.89375
6.89184
6.89035
6.88931
6.8887
6.88854
6.88887
6.8897
6.891
6.89278
6.895
6.89763
6.90063
6.90394
6.9075
6.91123
6.91503
6.9188
6.92241
6.92574
6.92862
6.9309
6.93265
6.93377
0.267699
0.0779069
-0.0850655
-0.176162
-0.224052
-0.235065
-0.205505
-0.13317
-0.0191958
0.133803
0.322682
0.543752
0.79278
1.06519
1.35628
1.66132
1.97568
2.2948
2.61423
2.92948
3.23591
3.5286
3.80289
4.05948
4.30048
4.52546
4.73518
4.93102
5.11171
5.27598
5.42554
5.56218
5.68719
5.80142
5.90587
6.0018
6.09018
6.1718
6.24726
6.31711
6.38179
6.44169
6.49712
6.54833
6.59564
6.63931
6.67945
6.7164
6.7505
6.78136
6.80941
6.83548
6.85825
6.87785
6.89566
6.91112
6.92397
6.93431
6.9421
6.94751
6.95065
6.95168
6.95081
6.94833
6.9446
6.93998
6.93481
6.92938
6.9239
6.91854
6.9134
6.90855
6.90403
6.89987
6.89609
6.89271
6.88974
6.88721
6.88513
6.88352
6.88235
6.88162
6.88135
6.88156
6.88224
6.88336
6.8849
6.88682
6.88909
6.89166
6.89445
6.89741
6.90044
6.90345
6.90634
6.90899
6.91128
6.91307
6.91443
6.91546
0.161299
0.119466
0.0559286
0.00953062
-0.0161108
-0.0215843
-0.00104905
0.0513792
0.138349
0.260021
0.415111
0.601259
0.81523
1.05318
1.31092
1.58422
1.86889
2.16084
2.4562
2.75137
3.04364
3.33125
3.61354
3.88684
4.14573
4.38829
4.6138
4.82178
5.01166
5.18422
5.34151
5.48557
5.61805
5.74023
5.8531
5.95752
6.05409
6.14338
6.22586
6.30202
6.37231
6.43712
6.4968
6.55167
6.60203
6.64819
6.69035
6.72882
6.76384
6.79549
6.82407
6.84994
6.87278
6.89316
6.91122
6.92602
6.93821
6.94826
6.95568
6.96079
6.9635
6.96395
6.96231
6.95885
6.95395
6.948
6.94139
6.93448
6.92755
6.92081
6.91441
6.90843
6.9029
6.89785
6.89328
6.88919
6.88558
6.88245
6.87979
6.87762
6.87593
6.87467
6.87384
6.87347
6.87356
6.87407
6.87498
6.87626
6.87786
6.87974
6.88184
6.8841
6.88644
6.88878
6.89102
6.89308
6.89485
6.8962
6.89719
6.8981
0.0937591
0.0722669
0.0317153
-0.00264253
-0.0178307
-0.00994768
0.0244382
0.0882646
0.182584
0.306724
0.45896
0.636905
0.837682
1.05808
1.29469
1.54412
1.80308
2.06857
2.33797
2.60926
2.88046
3.14912
3.41303
3.6694
3.9164
4.15357
4.3805
4.59641
4.80023
4.99114
5.16874
5.33301
5.4843
5.62339
5.75136
5.86937
5.97845
6.07936
6.17266
6.2588
6.33816
6.4111
6.47798
6.53915
6.59495
6.64571
6.69175
6.73337
6.77088
6.8045
6.83454
6.86127
6.88481
6.90548
6.92342
6.93864
6.95166
6.9614
6.96817
6.97296
6.97518
6.97516
6.97291
6.96869
6.96283
6.95572
6.94779
6.93948
6.93112
6.92301
6.91533
6.90819
6.90164
6.89569
6.89032
6.88553
6.88128
6.87756
6.87436
6.87166
6.86946
6.86771
6.86637
6.86547
6.86501
6.86496
6.8653
6.86598
6.86697
6.86823
6.86971
6.87133
6.87305
6.87479
6.87646
6.878
6.8793
6.88026
6.88092
6.88173
0.0582795
0.0514811
0.0386777
0.0315371
0.0387667
0.0638109
0.108826
0.175836
0.266092
0.379821
0.516416
0.674642
0.852761
1.04865
1.25995
1.48415
1.71867
1.96103
2.20875
2.45932
2.71028
2.95977
3.20616
3.44785
3.6835
3.91217
4.13324
4.34629
4.55101
4.74713
4.93442
5.11255
5.28105
5.43942
5.58731
5.72472
5.85197
5.96959
6.07823
6.17846
6.27077
6.35555
6.43314
6.50389
6.56815
6.62628
6.67866
6.72564
6.76761
6.80488
6.83783
6.86678
6.892
6.91381
6.93246
6.94813
6.96112
6.97125
6.97908
6.98368
6.98526
6.98486
6.98211
6.9773
6.97069
6.96264
6.95359
6.94402
6.93434
6.92492
6.91599
6.90771
6.90015
6.8933
6.88717
6.88169
6.87684
6.87257
6.86885
6.86566
6.86298
6.86078
6.85899
6.8576
6.85663
6.85607
6.85588
6.85601
6.85645
6.85715
6.85805
6.85911
6.86027
6.86147
6.86264
6.8637
6.86459
6.86519
6.86555
6.86623
0.031098
0.0298835
0.028572
0.0325365
0.0473808
0.0767324
0.123044
0.188267
0.273674
0.379677
0.50592
0.651446
0.814846
0.994391
1.18818
1.3941
1.60991
1.83328
2.06196
2.29388
2.52718
2.76023
2.99164
3.22019
3.44485
3.66479
3.87938
4.08812
4.29067
4.48688
4.67676
4.8603
5.03734
5.20754
5.37037
5.52517
5.67131
5.80829
5.93587
6.05412
6.16325
6.26361
6.35554
6.43937
6.51544
6.58411
6.64575
6.70079
6.74965
6.79274
6.8305
6.86335
6.89168
6.91587
6.93628
6.95319
6.9669
6.97758
6.98557
6.99074
6.99328
6.99273
6.98947
6.9842
6.97704
6.96826
6.95831
6.94768
6.93685
6.92624
6.91617
6.90682
6.8983
6.89063
6.88376
6.87765
6.87224
6.86746
6.86327
6.85964
6.85652
6.8539
6.85169
6.84987
6.84845
6.84742
6.84674
6.84638
6.84632
6.8465
6.84689
6.84744
6.84809
6.84881
6.84951
6.85016
6.85067
6.85095
6.85104
6.85159
0.00535308
0.00742576
0.0134488
0.026108
0.0487134
0.083988
0.133833
0.1996
0.282165
0.38187
0.498541
0.631575
0.780018
0.942628
1.11789
1.30414
1.49968
1.70276
1.91167
2.12476
2.34047
2.55736
2.77409
2.98947
3.20254
3.41267
3.61948
3.82261
4.02172
4.2165
4.40679
4.59256
4.7738
4.95039
5.12205
5.2883
5.44847
5.60175
5.74729
5.88434
6.01235
6.13105
6.24039
6.3405
6.43161
6.51399
6.58801
6.65404
6.71253
6.76395
6.80881
6.8476
6.88082
6.90896
6.93247
6.95176
6.96723
6.97918
6.98795
6.9937
6.99669
6.9971
6.99448
6.98894
6.9814
6.97208
6.96146
6.95003
6.93827
6.92667
6.91561
6.90533
6.89597
6.88756
6.88005
6.87338
6.86747
6.86225
6.85765
6.85361
6.85011
6.84709
6.84453
6.84234
6.84049
6.83903
6.83791
6.8371
6.83657
6.83629
6.83621
6.83629
6.8365
6.83677
6.83707
6.83733
6.83751
6.83749
6.83732
6.83774
-0.0237733
-0.0200075
-0.0101225
0.00712334
0.0334429
0.0706286
0.120113
0.182973
0.259968
0.351499
0.457586
0.577903
0.711821
0.85846
1.01673
1.1854
1.36315
1.54857
1.74024
1.93678
2.13683
2.33916
2.54261
2.74618
2.949
3.15039
3.34988
3.54721
3.74222
3.93476
4.12459
4.31149
4.49532
4.676
4.8534
5.02726
5.19712
5.36231
5.52198
5.67515
5.82081
5.95803
6.0861
6.20456
6.31322
6.41208
6.50131
6.58121
6.65214
6.71457
6.76902
6.81605
6.85625
6.89019
6.91845
6.94155
6.96001
6.97428
6.98477
6.9918
6.9957
6.99673
6.99494
6.99059
6.9833
6.97364
6.96258
6.95061
6.9382
6.92586
6.91403
6.90303
6.893
6.88399
6.87597
6.86885
6.86254
6.85694
6.85199
6.84762
6.84377
6.84042
6.83752
6.83498
6.83277
6.83092
6.82939
6.82817
6.82722
6.82651
6.82601
6.82567
6.82546
6.82534
6.82526
6.82518
6.82504
6.82476
6.82436
6.82464
-0.0586523
-0.053963
-0.0419346
-0.022052
0.00640732
0.0444562
0.0930463
0.152976
0.224851
0.309021
0.405569
0.514327
0.634904
0.766713
0.909001
1.06088
1.22137
1.3894
1.5639
1.74376
1.92793
2.1154
2.30523
2.49658
2.6887
2.88096
3.07286
3.26403
3.45426
3.64345
3.83154
4.01838
4.20371
4.38727
4.56883
4.74821
4.92512
5.09909
5.26946
5.43533
5.59567
5.74932
5.89514
6.03208
6.15935
6.27642
6.38305
6.47924
6.56516
6.64117
6.70774
6.76542
6.81483
6.85664
6.89151
6.92009
6.94303
6.9609
6.97423
6.9835
6.98912
6.99143
6.9907
6.98723
6.98127
6.9724
6.96119
6.94897
6.93621
6.92345
6.91116
6.89969
6.88922
6.87983
6.87146
6.86403
6.85743
6.85156
6.84634
6.84168
6.83755
6.83389
6.83067
6.82785
6.82534
6.82311
6.82122
6.81962
6.81828
6.81717
6.81628
6.81555
6.81496
6.81447
6.81405
6.81365
6.81324
6.81271
6.81209
6.81225
-0.100617
-0.0955004
-0.082427
-0.0612115
-0.0318824
0.0057601
0.0521547
0.107877
0.173441
0.249191
0.335302
0.431798
0.538548
0.65527
0.781541
0.916814
1.06043
1.21166
1.36969
1.53367
1.70278
1.87619
2.05315
2.23293
2.41489
2.59846
2.78315
2.96854
3.15434
3.34032
3.52638
3.71246
3.89845
4.08411
4.26909
4.45305
4.63567
4.81664
4.99546
5.17146
5.34373
5.51116
5.67251
5.82647
5.97178
6.10738
6.23247
6.34656
6.44945
6.54124
6.62221
6.69282
6.75369
6.8055
6.84897
6.88488
6.91395
6.93691
6.95443
6.96709
6.97545
6.97995
6.98099
6.97892
6.97411
6.96665
6.95667
6.94472
6.93196
6.91912
6.90671
6.89511
6.88451
6.87498
6.86649
6.85893
6.85218
6.84614
6.84073
6.83586
6.83149
6.82758
6.82408
6.82097
6.81816
6.81563
6.81339
6.81143
6.80973
6.80826
6.807
6.80591
6.80497
6.80415
6.80341
6.80272
6.80205
6.80129
6.80048
6.8005
-0.150283
-0.145116
-0.131644
-0.109547
-0.0796883
-0.0428798
0.000914014
0.0522281
0.111536
0.179133
0.255234
0.339995
0.433484
0.535663
0.646387
0.765411
0.892388
1.02687
1.16833
1.31616
1.46978
1.62861
1.79207
1.95963
2.13078
2.30504
2.48195
2.6611
2.84211
3.02469
3.20857
3.3936
3.57966
3.76662
3.95423
4.14211
4.32981
4.51689
4.70294
4.88745
5.06969
5.24873
5.42339
5.59232
5.7541
5.90732
6.0507
6.18323
6.30422
6.41333
6.51052
6.59607
6.67044
6.73428
6.78834
6.83345
6.87044
6.90013
6.92332
6.94073
6.95303
6.9608
6.96454
6.9647
6.96169
6.95585
6.94755
6.93709
6.92504
6.91257
6.90048
6.88914
6.87877
6.86943
6.86107
6.85358
6.84685
6.84077
6.83525
6.83023
6.82567
6.82152
6.81776
6.81437
6.81131
6.8085
6.80593
6.80363
6.80158
6.79977
6.79816
6.79674
6.79547
6.79434
6.79331
6.79235
6.79143
6.79047
6.78948
6.78939
-0.207797
-0.203289
-0.190037
-0.166654
-0.136012
-0.100724
-0.060853
-0.0154851
0.0359752
0.093854
0.15849
0.230249
0.309444
0.396304
0.490974
0.593511
0.703866
0.821857
0.947162
1.07938
1.21809
1.36292
1.51345
1.6693
1.83007
1.99535
2.16473
2.33781
2.51418
2.69347
2.87534
3.05949
3.2457
3.43378
3.62356
3.81476
4.007
4.19974
4.39249
4.58471
4.77584
4.96509
5.15144
5.33361
5.51016
5.67956
5.84026
5.99084
6.13012
6.25729
6.37188
6.47381
6.56334
6.64099
6.70746
6.76359
6.81027
6.8484
6.87888
6.90255
6.92017
6.93246
6.94004
6.94346
6.94322
6.93975
6.93354
6.92509
6.91489
6.90361
6.89236
6.88177
6.87204
6.86324
6.85531
6.84813
6.84158
6.83557
6.83002
6.8249
6.82017
6.81581
6.8118
6.80814
6.8048
6.80171
6.79884
6.79621
6.79383
6.79169
6.78975
6.78801
6.78643
6.78501
6.7837
6.78249
6.78135
6.78019
6.77901
6.77876
-0.272384
-0.27056
-0.258062
-0.230959
-0.197047
-0.161469
-0.123754
-0.0825349
-0.0373775
0.0119213
0.065803
0.124844
0.189604
0.260602
0.338316
0.423167
0.515474
0.615368
0.722736
0.837385
0.959177
1.088
1.22373
1.36617
1.5151
1.67024
1.83123
1.99763
2.16898
2.34481
2.52467
2.70813
2.89478
3.08431
3.27642
3.47087
3.66736
3.86545
4.06461
4.26423
4.4637
4.66232
4.85922
5.05327
5.2431
5.42719
5.60387
5.7715
5.92854
6.07372
6.20613
6.32529
6.43114
6.52398
6.60442
6.67323
6.73132
6.77963
6.81911
6.85066
6.87517
6.89344
6.9062
6.91412
6.91778
6.91772
6.9145
6.90869
6.90093
6.89191
6.88229
6.87301
6.86439
6.85652
6.84934
6.84273
6.83655
6.83071
6.8252
6.82
6.81511
6.81053
6.80626
6.80231
6.79867
6.79531
6.79216
6.78919
6.78646
6.78398
6.78172
6.77966
6.77779
6.77607
6.7745
6.77305
6.77169
6.77035
6.76903
6.76875
-0.341936
-0.352726
-0.33782
-0.302803
-0.268888
-0.239222
-0.208976
-0.176065
-0.140635
-0.102631
-0.0614347
-0.0162923
0.0335106
0.0886884
0.149996
0.218206
0.294017
0.37784
0.469479
0.568733
0.675617
0.790189
0.912463
1.04243
1.18006
1.32523
1.47764
1.63694
1.80272
1.97452
2.15187
2.33428
2.52126
2.71235
2.90712
3.10519
3.30621
3.50983
3.71562
3.92305
4.13145
4.33998
4.54768
4.75344
4.95601
5.15394
5.34561
5.52928
5.7032
5.86581
6.01581
6.15233
6.27496
6.38373
6.47905
6.56161
6.63226
6.69197
6.74175
6.78257
6.81538
6.84108
6.86047
6.8743
6.88323
6.88788
6.88885
6.88678
6.88234
6.87626
6.86939
6.86217
6.85518
6.84873
6.84278
6.83719
6.83167
6.82621
6.82084
6.8156
6.81055
6.80573
6.80119
6.79693
6.79297
6.7893
6.78584
6.78253
6.77942
6.77658
6.77398
6.7716
6.76941
6.76741
6.76557
6.76387
6.76228
6.76072
6.75921
6.75866
-0.394917
-0.473199
-0.43181
-0.356252
-0.307299
-0.276407
-0.248264
-0.219987
-0.192734
-0.166306
-0.139464
-0.110975
-0.0797783
-0.0448191
-0.00494939
0.0410715
0.0945187
0.156383
0.226148
0.303932
0.39037
0.485946
0.590957
0.705674
0.830339
0.964932
1.10901
1.26195
1.42314
1.59193
1.76764
1.94962
2.13722
2.32987
2.52705
2.72827
2.93307
3.14108
3.35194
3.56533
3.78082
3.99768
4.21492
4.43133
4.64562
4.85633
5.06183
5.26026
5.44967
5.62814
5.79401
5.94604
6.08359
6.20666
6.31573
6.41165
6.49543
6.56808
6.63053
6.68363
6.72818
6.76491
6.79451
6.81765
6.83499
6.84717
6.85485
6.85872
6.85951
6.85799
6.85493
6.85097
6.84653
6.84169
6.83728
6.83303
6.82825
6.82306
6.8177
6.81228
6.80693
6.80175
6.79681
6.79217
6.78783
6.78379
6.78
6.77639
6.77301
6.76999
6.76721
6.76467
6.76235
6.76023
6.75829
6.75651
6.75488
6.75331
6.75183
6.75133
-0.431859
-0.861231
-0.796653
-0.668638
-0.611804
-0.588581
-0.566937
-0.544816
-0.52641
-0.512311
-0.501108
-0.491395
-0.481937
-0.471244
-0.457224
-0.436828
-0.405131
-0.363764
-0.318144
-0.268883
-0.214557
-0.15412
-0.0867596
-0.0113428
0.0739346
0.170898
0.280238
0.402518
0.538097
0.686892
0.848349
1.02167
1.20603
1.40068
1.60487
1.81782
2.03872
2.26664
2.50056
2.73933
2.98173
3.2265
3.47245
3.71836
3.96305
4.20525
4.44369
4.67705
4.90401
5.12328
5.33358
5.53363
5.72209
5.89765
6.05903
6.20517
6.33534
6.44927
6.54719
6.6298
6.69814
6.75351
6.79732
6.83104
6.85606
6.87374
6.88529
6.89181
6.89429
6.89359
6.89043
6.88534
6.87875
6.87123
6.86291
6.8532
6.84241
6.83202
6.82257
6.81387
6.80571
6.79815
6.79119
6.78483
6.77904
6.77379
6.76906
6.7648
6.76086
6.75711
6.75371
6.75072
6.74807
6.74569
6.74354
6.74161
6.73986
6.73823
6.7367
6.73547
-0.222773
-0.446015
-0.422969
-0.370059
-0.350029
-0.343662
-0.336346
-0.327639
-0.319794
-0.313512
-0.308759
-0.305667
-0.304679
-0.306512
-0.312245
-0.323546
-0.343557
-0.368132
-0.386848
-0.395821
-0.395549
-0.386331
-0.366868
-0.333916
-0.285293
-0.225717
-0.160447
-0.0893396
-0.0103093
0.0797185
0.182729
0.300067
0.432832
0.581574
0.746254
0.926439
1.12149
1.33063
1.55296
1.78746
2.03303
2.28845
2.55237
2.82339
3.09996
3.38044
3.66306
3.94588
4.22679
4.50348
4.77345
5.03407
5.28269
5.51676
5.73402
5.93263
6.11128
6.26925
6.40647
6.52345
6.62121
6.70115
6.76497
6.81447
6.85152
6.8779
6.89533
6.90539
6.90951
6.90898
6.90493
6.89831
6.88989
6.88027
6.86984
6.85884
6.84769
6.83657
6.8252
6.81335
6.80186
6.79149
6.78198
6.77323
6.76523
6.75798
6.75142
6.74554
6.74029
6.73566
6.73143
6.72739
6.72366
6.72036
6.71742
6.71479
6.71244
6.71033
6.70842
6.70681
-0.23302
-0.47457
-0.469664
-0.428849
-0.416017
-0.414639
-0.411265
-0.405506
-0.399542
-0.394076
-0.388966
-0.384019
-0.3791
-0.374054
-0.368668
-0.362686
-0.355811
-0.347588
-0.338333
-0.329071
-0.321036
-0.315542
-0.314213
-0.319677
-0.332685
-0.345935
-0.349434
-0.338744
-0.310834
-0.266877
-0.212117
-0.148773
-0.075006
0.011704
0.113531
0.23213
0.368559
0.523277
0.696256
0.887103
1.09514
1.31941
1.55874
1.8117
2.07664
2.35174
2.635
2.92425
3.21718
3.51137
3.80428
4.09332
4.37587
4.64933
4.91122
5.15925
5.39138
5.60595
5.80171
5.9779
6.13426
6.27105
6.38898
6.48912
6.57281
6.64159
6.69702
6.74071
6.77417
6.79885
6.81609
6.82709
6.83295
6.8346
6.83291
6.82859
6.82227
6.81448
6.80566
6.7963
6.78682
6.77694
6.76689
6.75752
6.7489
6.74094
6.73363
6.72697
6.72094
6.71552
6.71067
6.70641
6.70256
6.69892
6.6956
6.69271
6.6902
6.68802
6.68611
6.68461
-0.196716
-0.396543
-0.387995
-0.351717
-0.341464
-0.34221
-0.341742
-0.339411
-0.336991
-0.335028
-0.333388
-0.331965
-0.33076
-0.329798
-0.329078
-0.328569
-0.328186
-0.327742
-0.326913
-0.325312
-0.322623
-0.31867
-0.313386
-0.306765
-0.298744
-0.289555
-0.280736
-0.274702
-0.274946
-0.280271
-0.282419
-0.27244
-0.246777
-0.206929
-0.154366
-0.0886167
-0.00786065
0.0899757
0.206597
0.343142
0.500176
0.677745
0.875434
1.09241
1.32746
1.57902
1.84522
2.12393
2.41279
2.7093
3.01077
3.31445
3.61751
3.91707
4.21026
4.4943
4.76652
5.02444
5.26592
5.48918
5.69293
5.87642
6.03943
6.18228
6.30574
6.41096
6.49931
6.57234
6.63165
6.67882
6.71539
6.74282
6.76247
6.77558
6.78326
6.78651
6.78623
6.78319
6.77805
6.77139
6.76369
6.75537
6.7469
6.73826
6.72953
6.72129
6.71364
6.70657
6.70008
6.69417
6.68883
6.68404
6.67978
6.67606
6.67276
6.66967
6.6669
6.66457
6.66261
6.66104
-0.187375
-0.379239
-0.374581
-0.343797
-0.337638
-0.341744
-0.34444
-0.345077
-0.345318
-0.345652
-0.345909
-0.345937
-0.345681
-0.345106
-0.344161
-0.342794
-0.340957
-0.338618
-0.335772
-0.332455
-0.328742
-0.324734
-0.320531
-0.316205
-0.31175
-0.307034
-0.301802
-0.295775
-0.288707
-0.280124
-0.270714
-0.263291
-0.258596
-0.252622
-0.239667
-0.215014
-0.176512
-0.123343
-0.0541279
0.0332653
0.140947
0.270475
0.422736
0.597962
0.795782
1.01526
1.25494
1.51294
1.787
2.07454
2.37278
2.67874
2.98933
3.30138
3.61171
3.91715
4.2146
4.50112
4.77397
5.03076
5.26946
5.48858
5.68714
5.86478
6.02169
6.15853
6.27638
6.37654
6.46054
6.52993
6.58631
6.63122
6.66615
6.69248
6.7115
6.72439
6.7322
6.73589
6.7363
6.73417
6.73013
6.72472
6.7184
6.71154
6.70455
6.69741
6.69029
6.68363
6.67743
6.6717
6.66647
6.66173
6.65749
6.65375
6.65049
6.64775
6.64538
6.6432
6.64133
6.6399
-0.169319
-0.341846
-0.33705
-0.309424
-0.304655
-0.309559
-0.313511
-0.315895
-0.318154
-0.32065
-0.323159
-0.325493
-0.327573
-0.329349
-0.33077
-0.331786
-0.33235
-0.332419
-0.331951
-0.330911
-0.329266
-0.327002
-0.324119
-0.320635
-0.316591
-0.312047
-0.307093
-0.301817
-0.296287
-0.290515
-0.284418
-0.277702
-0.269625
-0.259837
-0.249074
-0.23772
-0.223425
-0.201582
-0.167714
-0.118563
-0.051386
0.0364955
0.147392
0.282893
0.44375
0.629888
0.84047
1.07399
1.32838
1.60112
1.88936
2.18999
2.49974
2.81523
3.13302
3.44967
3.76182
4.06618
4.35963
4.63932
4.90273
5.14777
5.37289
5.57715
5.76022
5.92232
6.06419
6.18691
6.29182
6.38042
6.45425
6.51488
6.56384
6.6026
6.63253
6.65491
6.67093
6.68164
6.68802
6.69092
6.69109
6.68918
6.68574
6.68122
6.676
6.6704
6.66475
6.65904
6.65344
6.64828
6.6435
6.63912
6.63517
6.63166
6.6286
6.626
6.62388
6.62221
6.6208
6.61949
-0.153418
-0.310295
-0.307572
-0.285166
-0.284173
-0.292285
-0.299719
-0.305846
-0.311862
-0.317977
-0.32392
-0.329485
-0.334571
-0.339105
-0.343012
-0.346228
-0.348704
-0.350407
-0.351316
-0.35143
-0.35076
-0.34933
-0.347167
-0.344304
-0.340741
-0.336449
-0.331561
-0.326282
-0.320666
-0.314714
-0.308452
-0.301958
-0.295247
-0.288088
-0.279797
-0.269531
-0.256856
-0.24145
-0.221492
-0.193139
-0.151649
-0.0924495
-0.011583
0.0940246
0.226378
0.386349
0.573719
0.787327
1.02525
1.28499
1.5636
1.85787
2.16436
2.47952
2.79976
3.12145
3.44106
3.7551
4.06023
4.35336
4.63164
4.89265
5.13448
5.35581
5.55598
5.73492
5.89313
6.0315
6.15124
6.25372
6.34044
6.41293
6.47271
6.52125
6.55997
6.59017
6.6131
6.62988
6.64153
6.64899
6.65307
6.65449
6.65386
6.65172
6.64848
6.64452
6.64011
6.63551
6.63098
6.62651
6.62225
6.6184
6.61492
6.61182
6.60912
6.60684
6.60501
6.60365
6.60272
6.60194
-0.130044
-0.265038
-0.265481
-0.250588
-0.254791
-0.266698
-0.277921
-0.288146
-0.298356
-0.308593
-0.318535
-0.327934
-0.336631
-0.344502
-0.351444
-0.357383
-0.362267
-0.366067
-0.368774
-0.370386
-0.370907
-0.370341
-0.368654
-0.366026
-0.362833
-0.359263
-0.355183
-0.350473
-0.345204
-0.339481
-0.33337
-0.326905
-0.320093
-0.312889
-0.305141
-0.296483
-0.286256
-0.273599
-0.25749
-0.236158
-0.206176
-0.162373
-0.098873
-0.0106296
0.10568
0.251928
0.427807
0.631977
0.862347
1.11622
1.39048
1.68174
1.98661
2.30137
2.62231
2.94574
3.26805
3.58572
3.89537
4.19381
4.47815
4.74584
4.99486
5.22376
5.43177
5.61873
5.78502
5.93143
6.05904
6.16916
6.26321
6.34266
6.40897
6.46359
6.50789
6.54319
6.57072
6.59162
6.60693
6.6176
6.62448
6.62831
6.62974
6.62934
6.62758
6.62484
6.62145
6.61766
6.61369
6.60972
6.60595
6.60241
6.59912
6.59619
6.59368
6.59163
6.59005
6.58893
6.58823
6.58771
-0.0989426
-0.211323
-0.218741
-0.215435
-0.227594
-0.245457
-0.262887
-0.279578
-0.295853
-0.311496
-0.326189
-0.339726
-0.351979
-0.362867
-0.372335
-0.380354
-0.386916
-0.39202
-0.395663
-0.397829
-0.398476
-0.398092
-0.397286
-0.395922
-0.393653
-0.390424
-0.386363
-0.381573
-0.376142
-0.370152
-0.363678
-0.356785
-0.349514
-0.341877
-0.333831
-0.32522
-0.315609
-0.304313
-0.290098
-0.270746
-0.242503
-0.199866
-0.136409
-0.046625
0.0726542
0.222582
0.402632
0.611116
0.845606
1.10314
1.38042
1.67396
1.98019
2.29539
2.61594
2.93825
3.2588
3.5742
3.88119
4.17672
4.45804
4.72281
4.96916
5.19586
5.40225
5.58828
5.75437
5.9013
6.02978
6.14108
6.23656
6.31764
6.38571
6.44213
6.48824
6.52529
6.55447
6.57691
6.59362
6.60554
6.6135
6.61826
6.62046
6.62068
6.6194
6.61703
6.6139
6.61029
6.60642
6.60248
6.5986
6.59489
6.59148
6.58844
6.58583
6.58367
6.58196
6.58073
6.57996
6.57936
-0.0593975
-0.14559
-0.16708
-0.181712
-0.204159
-0.228803
-0.252417
-0.274688
-0.295653
-0.315178
-0.333123
-0.349387
-0.363896
-0.376623
-0.387559
-0.396698
-0.40402
-0.409472
-0.413028
-0.415414
-0.417434
-0.418656
-0.41855
-0.417194
-0.414757
-0.411371
-0.407154
-0.402217
-0.396662
-0.390579
-0.384036
-0.377065
-0.369634
-0.361591
-0.35265
-0.342517
-0.330521
-0.315643
-0.296797
-0.271955
-0.236793
-0.184579
-0.108268
-0.00288141
0.133725
0.300728
0.496487
0.718827
0.965056
1.23211
1.51675
1.81569
2.1252
2.44164
2.7615
3.08132
3.39771
3.70744
4.00739
4.29475
4.567
4.8221
5.05856
5.27545
5.47242
5.64958
5.80749
5.94721
6.06971
6.17594
6.26722
6.34492
6.41038
6.46463
6.50886
6.5443
6.57208
6.59328
6.60889
6.61979
6.62681
6.63067
6.63201
6.63138
6.62926
6.62606
6.62211
6.6177
6.61305
6.60836
6.60376
6.59938
6.5953
6.5916
6.58832
6.58552
6.58323
6.58151
6.58032
6.57933
-0.0237756
-0.0749667
-0.115521
-0.148576
-0.180033
-0.210047
-0.238099
-0.264095
-0.288056
-0.309982
-0.329894
-0.347838
-0.363773
-0.377618
-0.389322
-0.398813
-0.406059
-0.411839
-0.417115
-0.421414
-0.424062
-0.425161
-0.424888
-0.42338
-0.420741
-0.417054
-0.412377
-0.406742
-0.400147
-0.392544
-0.383824
-0.373807
-0.362231
-0.348755
-0.332982
-0.314484
-0.292745
-0.266602
-0.233657
-0.189904
-0.130067
-0.0486489
0.0587127
0.194397
0.358786
0.550525
0.767644
1.00772
1.26797
1.54535
1.83669
2.13876
2.44813
2.76144
3.0754
3.3868
3.69253
3.98961
4.27527
4.54705
4.80283
5.04101
5.2605
5.46074
5.64168
5.80363
5.94722
6.07337
6.18349
6.27868
6.36012
6.42902
6.48681
6.53469
6.57355
6.60432
6.62784
6.64514
6.65717
6.6648
6.66879
6.66983
6.66855
6.66546
6.66103
6.65565
6.64964
6.64329
6.63681
6.63039
6.62417
6.61827
6.61279
6.60779
6.60333
6.59945
6.59619
6.59359
6.59158
6.58985
-0.0220901
-0.0593213
-0.0949195
-0.128569
-0.160411
-0.19056
-0.219004
-0.245666
-0.270433
-0.293175
-0.313745
-0.332023
-0.347907
-0.36117
-0.371692
-0.380527
-0.38884
-0.396062
-0.401335
-0.4046
-0.405999
-0.405637
-0.403578
-0.399862
-0.394508
-0.387518
-0.37887
-0.368522
-0.356404
-0.342413
-0.326401
-0.308142
-0.287276
-0.263207
-0.234972
-0.201117
-0.159646
-0.108065
-0.0434859
0.037235
0.137263
0.259357
0.405363
0.575922
0.770507
0.987643
1.22535
1.48128
1.75276
2.03694
2.33085
2.63144
2.93556
3.24014
3.54217
3.83873
4.12707
4.4046
4.669
4.9183
5.15093
5.3658
5.56227
5.74019
5.89978
6.04159
6.16639
6.27514
6.369
6.44912
6.51664
6.57271
6.61847
6.65528
6.68443
6.70703
6.72349
6.73431
6.74036
6.74249
6.74141
6.73776
6.73212
6.72497
6.71675
6.70783
6.6985
6.68904
6.67965
6.67051
6.66176
6.6535
6.64583
6.6388
6.63248
6.62689
6.62208
6.61808
6.6148
6.61193
-0.0275913
-0.0616983
-0.0890428
-0.116916
-0.144356
-0.1706
-0.195328
-0.218258
-0.239097
-0.257512
-0.273153
-0.286179
-0.29785
-0.309165
-0.32003
-0.329353
-0.336155
-0.340469
-0.342445
-0.342175
-0.33972
-0.335116
-0.328374
-0.31948
-0.308383
-0.294987
-0.279133
-0.260583
-0.238991
-0.213886
-0.184638
-0.150446
-0.110323
-0.0631004
-0.00743154
0.0582025
0.135482
0.226213
0.33225
0.455371
0.597116
0.758569
0.94018
1.14166
1.36204
1.59978
1.85292
2.11923
2.39621
2.68122
2.97152
3.26427
3.55668
3.84596
4.12946
4.40466
4.66922
4.92106
5.15839
5.37981
5.58429
5.77125
5.94049
6.09218
6.22678
6.345
6.4477
6.53589
6.61065
6.67308
6.7243
6.76541
6.79746
6.82148
6.83849
6.85
6.85672
6.85882
6.85684
6.85154
6.84361
6.83361
6.82207
6.80944
6.7961
6.7824
6.76861
6.75498
6.74169
6.72892
6.71677
6.70536
6.69477
6.68505
6.67624
6.66838
6.66149
6.6556
6.65063
6.64622
-0.0245558
-0.0451738
-0.0610443
-0.0777464
-0.0945119
-0.111285
-0.128082
-0.14469
-0.160927
-0.176721
-0.192063
-0.206471
-0.21862
-0.227813
-0.234308
-0.238226
-0.239562
-0.238282
-0.234322
-0.227597
-0.217995
-0.205374
-0.189555
-0.170315
-0.147379
-0.120412
-0.0890119
-0.0527048
-0.0109344
0.0369414
0.0916592
0.154052
0.225052
0.305678
0.397025
0.500226
0.61642
0.746689
0.891995
1.0531
1.23048
1.4242
1.63392
1.85881
2.09761
2.3487
2.61015
2.87981
3.15537
3.43438
3.71434
3.99274
4.2671
4.53503
4.79431
5.04286
5.27887
5.50078
5.70738
5.89778
6.07147
6.22827
6.36835
6.4921
6.60016
6.69333
6.77252
6.83872
6.89298
6.93635
6.96989
6.99461
7.01152
7.02154
7.02559
7.02506
7.02078
7.01268
7.00126
6.98723
6.97118
6.95365
6.93509
6.91591
6.89645
6.87703
6.85789
6.83924
6.82128
6.80413
6.78791
6.77271
6.7586
6.74562
6.73382
6.7232
6.7138
6.70562
6.69858
6.6923
-0.0158506
-0.0271383
-0.0384062
-0.0506871
-0.0633038
-0.0755182
-0.0868096
-0.0968922
-0.105511
-0.112473
-0.117651
-0.120929
-0.122117
-0.120974
-0.11727
-0.11077
-0.101244
-0.0884675
-0.0722181
-0.0522649
-0.0283591
-0.000228722
0.0324304
0.0699582
0.112738
0.1612
0.215824
0.277141
0.345737
0.422243
0.507336
0.601725
0.70614
0.821311
0.947948
1.08671
1.23815
1.40273
1.5807
1.7721
1.97672
2.19402
2.42318
2.66305
2.9122
3.16894
3.43139
3.69753
3.9652
4.23221
4.49633
4.75539
5.00731
5.25011
5.48202
5.70146
5.90711
6.09794
6.2732
6.43247
6.57562
6.70278
6.81434
6.91085
6.99305
7.06177
7.11794
7.16252
7.19652
7.22094
7.23677
7.24497
7.24643
7.24206
7.23313
7.22068
7.20495
7.18603
7.16457
7.14119
7.11644
7.09078
7.06462
7.03832
7.0122
6.98653
6.96153
6.93741
6.91431
6.89236
6.87165
6.85228
6.83428
6.8177
6.80257
6.78889
6.77668
6.76593
6.75657
6.74818
-0.00527126
-0.00795868
-0.010616
-0.0132217
-0.0154811
-0.0171261
-0.0178762
-0.01745
-0.0155608
-0.0119171
-0.0062155
0.00185339
0.0125929
0.0262873
0.0432101
0.0636316
0.0878283
0.116084
0.148694
0.185971
0.228243
0.275859
0.329192
0.388637
0.454614
0.527567
0.607961
0.69628
0.793022
0.898688
1.01378
1.13877
1.27411
1.42019
1.57734
1.74578
1.9256
2.11675
2.319
2.53191
2.75485
2.98692
3.22703
3.47387
3.72593
3.98154
4.23891
4.49615
4.75133
5.0025
5.24777
5.48531
5.71341
5.93052
6.13529
6.32658
6.50349
6.6654
6.81193
6.94297
7.05864
7.15925
7.24532
7.3175
7.37654
7.4233
7.45869
7.48364
7.49913
7.50611
7.50549
7.49814
7.48499
7.46763
7.44716
7.42331
7.39634
7.3669
7.33565
7.30312
7.26978
7.23607
7.20234
7.16895
7.13615
7.10421
7.07332
7.04365
7.01535
6.98852
6.96325
6.9396
6.91762
6.89734
6.87876
6.86191
6.84676
6.83333
6.82153
6.81092
0.0043828
0.0117388
0.0191376
0.0269352
0.0354069
0.0448514
0.05557
0.0678591
0.0820136
0.0983271
0.117097
0.138627
0.163228
0.191217
0.222916
0.258652
0.298761
0.343583
0.393467
0.448771
0.509862
0.577115
0.650916
0.731657
0.819734
0.915546
1.01949
1.13194
1.25328
1.38384
1.52392
1.67378
1.8336
2.00348
2.18344
2.37335
2.57299
2.78197
2.99974
3.22558
3.45862
3.69779
3.94186
4.18948
4.43915
4.68925
4.93813
5.18408
5.42538
5.66034
5.88736
6.10492
6.31165
6.50634
6.68797
6.85573
7.00902
7.14748
7.27097
7.37953
7.47343
7.55308
7.61902
7.67195
7.71262
7.74186
7.76057
7.76966
7.77004
7.76261
7.74818
7.7277
7.70377
7.677
7.64621
7.61211
7.57552
7.53708
7.49737
7.45686
7.41601
7.37521
7.33481
7.2951
7.25635
7.21879
7.18259
7.14791
7.11488
7.0836
7.05414
7.02656
7.00089
6.97716
6.95537
6.93551
6.91759
6.90159
6.88742
6.87466
0.0135772
0.0311724
0.0481856
0.0659941
0.0846847
0.104524
0.12583
0.148922
0.174122
0.201755
0.232151
0.265645
0.302575
0.343282
0.388114
0.43742
0.491558
0.550885
0.615766
0.686566
0.763654
0.847396
0.938156
1.03629
1.14215
1.25606
1.37833
1.50924
1.64904
1.7979
1.95599
2.12335
2.29999
2.48579
2.68056
2.88396
3.09555
3.31475
3.54085
3.77299
4.01016
4.25125
4.495
4.74007
4.98502
5.22834
5.4685
5.70396
5.9332
6.15476
6.36724
6.56938
6.76005
6.93825
7.1032
7.25427
7.39105
7.51331
7.62099
7.71425
7.79336
7.85877
7.91102
7.95079
7.97881
7.99589
8.00287
8.00064
7.99
7.97187
7.94797
7.9207
7.88988
7.85467
7.81575
7.77403
7.7302
7.68488
7.63858
7.59181
7.54498
7.49848
7.45264
7.40776
7.36408
7.32181
7.28115
7.24223
7.20516
7.17006
7.13698
7.10598
7.07709
7.05032
7.02568
7.00316
6.98274
6.96442
6.9481
6.93342
0.0206642
0.0450712
0.0679947
0.092323
0.117879
0.144835
0.173502
0.204188
0.23721
0.272888
0.311549
0.353527
0.399161
0.448798
0.502786
0.561479
0.625235
0.69441
0.769364
0.850453
0.938028
1.03243
1.134
1.24305
1.35988
1.48476
1.61793
1.75958
1.90988
2.06892
2.23672
2.41326
2.59839
2.7919
2.99347
3.20268
3.41898
3.64171
3.87009
4.10322
4.3401
4.57959
4.82049
5.0615
5.30126
5.5384
5.77147
5.99909
6.21987
6.43251
6.63576
6.8285
7.00973
7.17859
7.33439
7.4766
7.60485
7.71896
7.81889
7.90479
7.97691
8.03566
8.08156
8.11522
8.13733
8.14865
8.14996
8.14199
8.12563
8.10316
8.07709
8.04687
8.01151
7.9718
7.92868
7.8829
7.83514
7.78598
7.73596
7.68557
7.63523
7.58534
7.53622
7.48816
7.44142
7.3962
7.35269
7.31103
7.27134
7.23372
7.19824
7.16494
7.13386
7.10501
7.0784
7.05401
7.03183
7.01183
6.99394
6.9779
0.0251926
0.0533548
0.0793367
0.107107
0.136288
0.166989
0.199519
0.234188
0.271312
0.311212
0.35422
0.400671
0.450911
0.505287
0.564154
0.627868
0.696789
0.771276
0.851687
0.938375
1.03169
1.13196
1.23951
1.35464
1.47763
1.60873
1.74814
1.89603
2.05252
2.21766
2.39142
2.57373
2.7644
2.96316
3.16964
3.38336
3.60374
3.83006
4.06153
4.2972
4.53605
4.77695
5.01868
5.25996
5.49946
5.73579
5.96758
6.19346
6.4121
6.62221
6.82263
7.01225
7.19013
7.35545
7.50754
7.64591
7.7702
7.88024
7.97601
8.05766
8.12543
8.17974
8.22109
8.25008
8.2674
8.27381
8.27002
8.2567
8.23529
8.20991
8.18104
8.14626
8.10628
8.06218
8.01483
7.96495
7.91321
7.86021
7.8065
7.75256
7.69884
7.64571
7.59351
7.54252
7.493
7.44516
7.39917
7.35518
7.3133
7.27361
7.2362
7.20109
7.16832
7.13789
7.10981
7.08405
7.06058
7.03938
7.02037
7.00342
7.19081
7.18972
7.18955
7.18956
7.18951
7.18943
7.18935
7.18928
7.18921
7.18914
7.18907
7.189
7.18894
7.18887
7.1888
7.18873
7.18867
7.1886
7.18854
7.18847
7.1884
7.18834
7.18827
7.1882
7.18813
7.18806
7.188
7.18793
7.18786
7.18778
7.18771
7.18764
7.18756
7.18749
7.18741
7.18734
7.18726
7.18718
7.1871
7.18702
7.18693
7.18685
7.18676
7.18667
7.18658
7.18649
7.1864
7.18631
7.18622
7.18612
7.18602
7.18592
7.18582
7.18572
7.18562
7.18552
7.18541
7.1853
7.1852
7.18509
7.18498
7.18486
7.18475
7.18464
7.18452
7.18441
7.18429
7.18418
7.18406
7.18394
7.18382
7.1837
7.18359
7.18347
7.18335
7.18323
7.18311
7.18299
7.18287
7.18275
7.18263
7.18252
7.1824
7.18229
7.18217
7.18206
7.18195
7.18184
7.18174
7.18163
7.18153
7.18143
7.18133
7.18124
7.18115
7.18106
7.18098
7.18091
7.18083
7.18076
7.18111
7.18013
7.17983
7.17971
7.17956
7.17938
7.17921
7.17904
7.17887
7.1787
7.17853
7.17836
7.17818
7.17801
7.17784
7.17766
7.17748
7.17731
7.17713
7.17694
7.17676
7.17657
7.17639
7.17619
7.176
7.1758
7.1756
7.1754
7.17519
7.17498
7.17477
7.17455
7.17433
7.17411
7.17388
7.17365
7.17341
7.17317
7.17292
7.17267
7.17242
7.17216
7.1719
7.17163
7.17136
7.17108
7.1708
7.17051
7.17022
7.16993
7.16963
7.16933
7.16902
7.16871
7.1684
7.16808
7.16775
7.16743
7.16709
7.16676
7.16642
7.16608
7.16573
7.16538
7.16503
7.16468
7.16432
7.16396
7.16359
7.16323
7.16286
7.16248
7.16211
7.16173
7.16136
7.16098
7.16059
7.16021
7.15983
7.15944
7.15905
7.15866
7.15827
7.15788
7.15749
7.1571
7.15671
7.15632
7.15593
7.15553
7.15514
7.15475
7.15436
7.15397
7.15358
7.1532
7.15282
7.15244
7.15201
7.15163
7.16319
7.16208
7.16152
7.16112
7.16072
7.16031
7.15989
7.15949
7.15908
7.15868
7.15827
7.15787
7.15748
7.15708
7.15668
7.15628
7.15588
7.15549
7.15509
7.15468
7.15428
7.15388
7.15347
7.15306
7.15264
7.15223
7.15181
7.15138
7.15095
7.15052
7.15009
7.14965
7.1492
7.14875
7.1483
7.14784
7.14738
7.14691
7.14644
7.14596
7.14548
7.145
7.1445
7.14401
7.14351
7.14301
7.1425
7.14198
7.14147
7.14095
7.14042
7.13989
7.13936
7.13882
7.13828
7.13773
7.13718
7.13663
7.13607
7.13551
7.13495
7.13438
7.13381
7.13324
7.13266
7.13208
7.1315
7.13091
7.13033
7.12974
7.12914
7.12855
7.12795
7.12735
7.12675
7.12614
7.12554
7.12493
7.12432
7.1237
7.12309
7.12247
7.12185
7.12123
7.12061
7.11999
7.11936
7.11873
7.1181
7.11747
7.11684
7.11621
7.11557
7.11494
7.1143
7.11368
7.11306
7.11242
7.11169
7.11104
7.14195
7.14071
7.14003
7.13953
7.13901
7.13849
7.13797
7.13745
7.13693
7.13642
7.13591
7.13541
7.1349
7.1344
7.1339
7.13339
7.13289
7.13239
7.13188
7.13137
7.13087
7.13035
7.12984
7.12932
7.12881
7.12828
7.12775
7.12722
7.12669
7.12615
7.1256
7.12505
7.1245
7.12394
7.12338
7.12281
7.12223
7.12165
7.12107
7.12047
7.11988
7.11927
7.11867
7.11805
7.11743
7.11681
7.11618
7.11554
7.1149
7.11425
7.1136
7.11294
7.11228
7.11161
7.11093
7.11026
7.10957
7.10888
7.10819
7.10749
7.10678
7.10608
7.10536
7.10464
7.10392
7.10319
7.10246
7.10172
7.10098
7.10024
7.09949
7.09873
7.09798
7.09721
7.09645
7.09568
7.0949
7.09412
7.09334
7.09256
7.09177
7.09097
7.09017
7.08937
7.08857
7.08776
7.08695
7.08613
7.08531
7.08449
7.08367
7.08284
7.08201
7.08118
7.08035
7.07953
7.07872
7.07788
7.07694
7.0761
7.12258
7.12133
7.12053
7.11988
7.11923
7.11858
7.11793
7.11728
7.11664
7.116
7.11537
7.11474
7.11411
7.11348
7.11285
7.11222
7.1116
7.11097
7.11034
7.1097
7.10907
7.10843
7.10779
7.10715
7.1065
7.10585
7.10519
7.10453
7.10386
7.10319
7.10251
7.10183
7.10114
7.10045
7.09975
7.09904
7.09833
7.09761
7.09689
7.09616
7.09542
7.09468
7.09393
7.09317
7.09241
7.09164
7.09086
7.09008
7.08929
7.08849
7.08769
7.08689
7.08607
7.08525
7.08443
7.0836
7.08276
7.08192
7.08107
7.08021
7.07935
7.07849
7.07762
7.07674
7.07586
7.07497
7.07408
7.07318
7.07228
7.07137
7.07046
7.06954
7.06862
7.06769
7.06676
7.06582
7.06488
7.06393
7.06298
7.06202
7.06106
7.06009
7.05912
7.05815
7.05717
7.05618
7.0552
7.05421
7.05321
7.05221
7.05121
7.0502
7.04919
7.04818
7.04717
7.04616
7.04517
7.04415
7.043
7.04197
7.10245
7.10116
7.10025
7.09948
7.09872
7.09796
7.0972
7.09644
7.09569
7.09495
7.09421
7.09347
7.09274
7.092
7.09127
7.09054
7.08981
7.08908
7.08834
7.08761
7.08687
7.08613
7.08539
7.08464
7.08389
7.08313
7.08237
7.08161
7.08084
7.08006
7.07928
7.0785
7.0777
7.0769
7.0761
7.07529
7.07447
7.07364
7.07281
7.07197
7.07113
7.07028
7.06942
7.06855
7.06768
7.0668
7.06591
7.06502
7.06412
7.06321
7.0623
7.06138
7.06045
7.05952
7.05858
7.05763
7.05668
7.05572
7.05476
7.05379
7.05281
7.05182
7.05083
7.04984
7.04883
7.04783
7.04681
7.04579
7.04477
7.04373
7.0427
7.04165
7.04061
7.03955
7.03849
7.03743
7.03636
7.03528
7.0342
7.03311
7.03202
7.03092
7.02982
7.02871
7.02759
7.02648
7.02535
7.02422
7.02309
7.02195
7.02081
7.01966
7.01851
7.01736
7.0162
7.01506
7.01393
7.01276
7.01146
7.01028
7.08342
7.08214
7.08114
7.08027
7.07941
7.07855
7.07769
7.07685
7.076
7.07517
7.07433
7.0735
7.07267
7.07185
7.07102
7.0702
7.06937
7.06855
7.06772
7.06689
7.06606
7.06523
7.06439
7.06355
7.0627
7.06185
7.06099
7.06013
7.05927
7.05839
7.05752
7.05663
7.05574
7.05485
7.05394
7.05303
7.05211
7.05119
7.05026
7.04932
7.04837
7.04742
7.04646
7.04549
7.04452
7.04353
7.04255
7.04155
7.04055
7.03953
7.03852
7.03749
7.03646
7.03542
7.03438
7.03332
7.03226
7.0312
7.03013
7.02905
7.02796
7.02687
7.02577
7.02467
7.02356
7.02244
7.02131
7.02019
7.01905
7.01791
7.01676
7.01561
7.01445
7.01328
7.01211
7.01093
7.00975
7.00856
7.00737
7.00617
7.00496
7.00375
7.00253
7.00131
7.00008
6.99884
6.9976
6.99636
6.99511
6.99385
6.99259
6.99133
6.99006
6.98879
6.98752
6.98625
6.98501
6.98372
6.9823
6.98099
7.06447
7.0632
7.06211
7.06114
7.06019
7.05924
7.0583
7.05736
7.05643
7.05551
7.05459
7.05367
7.05276
7.05184
7.05093
7.05003
7.04912
7.04821
7.0473
7.04638
7.04547
7.04455
7.04363
7.0427
7.04177
7.04084
7.0399
7.03895
7.038
7.03705
7.03609
7.03512
7.03415
7.03316
7.03218
7.03118
7.03018
7.02917
7.02816
7.02713
7.0261
7.02507
7.02402
7.02297
7.02191
7.02085
7.01977
7.01869
7.0176
7.01651
7.01541
7.0143
7.01318
7.01206
7.01093
7.00979
7.00864
7.00749
7.00634
7.00517
7.004
7.00282
7.00164
7.00045
6.99926
6.99805
6.99684
6.99563
6.99441
6.99318
6.99195
6.99071
6.98947
6.98822
6.98696
6.9857
6.98443
6.98315
6.98187
6.98059
6.97929
6.978
6.97669
6.97538
6.97407
6.97275
6.97142
6.97009
6.96875
6.96741
6.96606
6.96471
6.96336
6.962
6.96064
6.95929
6.95795
6.95659
6.95508
6.95367
7.04631
7.04506
7.04391
7.04285
7.04182
7.0408
7.03979
7.03878
7.03778
7.03678
7.03579
7.0348
7.03381
7.03283
7.03185
7.03087
7.02989
7.0289
7.02792
7.02694
7.02595
7.02496
7.02396
7.02297
7.02197
7.02096
7.01995
7.01893
7.01791
7.01688
7.01585
7.01481
7.01376
7.01271
7.01165
7.01058
7.00951
7.00843
7.00734
7.00625
7.00515
7.00404
7.00292
7.0018
7.00067
6.99953
6.99839
6.99724
6.99608
6.99491
6.99374
6.99256
6.99137
6.99018
6.98898
6.98778
6.98656
6.98534
6.98412
6.98289
6.98165
6.9804
6.97915
6.9779
6.97663
6.97536
6.97409
6.97281
6.97152
6.97023
6.96893
6.96763
6.96632
6.965
6.96368
6.96235
6.96102
6.95968
6.95834
6.95699
6.95563
6.95427
6.9529
6.95153
6.95015
6.94877
6.94738
6.94598
6.94458
6.94318
6.94177
6.94035
6.93893
6.93751
6.93609
6.93468
6.93328
6.93186
6.93029
6.92882
7.02858
7.02735
7.02613
7.025
7.02391
7.02282
7.02174
7.02067
7.0196
7.01854
7.01749
7.01644
7.01539
7.01434
7.0133
7.01225
7.01121
7.01017
7.00912
7.00807
7.00702
7.00597
7.00492
7.00386
7.0028
7.00173
7.00066
6.99958
6.9985
6.99741
6.99632
6.99522
6.99411
6.993
6.99188
6.99076
6.98963
6.98849
6.98734
6.98619
6.98503
6.98387
6.98269
6.98151
6.98033
6.97913
6.97793
6.97673
6.97551
6.97429
6.97306
6.97183
6.97059
6.96934
6.96809
6.96683
6.96556
6.96429
6.96301
6.96173
6.96044
6.95914
6.95784
6.95653
6.95522
6.9539
6.95257
6.95124
6.94991
6.94857
6.94722
6.94587
6.94451
6.94315
6.94178
6.94041
6.93903
6.93764
6.93625
6.93486
6.93346
6.93205
6.93064
6.92923
6.92781
6.92638
6.92495
6.92351
6.92207
6.92062
6.91917
6.91772
6.91626
6.9148
6.91334
6.91189
6.91045
6.90899
6.9074
6.90588
7.01149
7.01028
7.00901
7.00782
7.00667
7.00553
7.0044
7.00327
7.00215
7.00103
6.99992
6.99882
6.99771
6.99661
6.99552
6.99442
6.99332
6.99222
6.99112
6.99002
6.98892
6.98781
6.9867
6.98559
6.98448
6.98336
6.98223
6.9811
6.97997
6.97883
6.97768
6.97653
6.97538
6.97421
6.97305
6.97187
6.97069
6.9695
6.96831
6.96711
6.9659
6.96469
6.96347
6.96224
6.96101
6.95977
6.95853
6.95728
6.95602
6.95475
6.95349
6.95221
6.95093
6.94964
6.94835
6.94705
6.94575
6.94444
6.94313
6.94181
6.94048
6.93915
6.93782
6.93648
6.93514
6.93379
6.93243
6.93108
6.92971
6.92835
6.92697
6.9256
6.92422
6.92283
6.92144
6.92005
6.91865
6.91724
6.91583
6.91442
6.913
6.91158
6.91015
6.90871
6.90728
6.90583
6.90438
6.90293
6.90147
6.90001
6.89854
6.89707
6.8956
6.89412
6.89264
6.89118
6.88973
6.88826
6.88666
6.88512
6.99496
6.99377
6.99246
6.99122
6.99003
6.98885
6.98767
6.98651
6.98534
6.98419
6.98304
6.98189
6.98075
6.9796
6.97846
6.97733
6.97619
6.97505
6.97391
6.97277
6.97163
6.97049
6.96934
6.96819
6.96704
6.96588
6.96472
6.96355
6.96238
6.96121
6.96003
6.95885
6.95766
6.95646
6.95526
6.95405
6.95284
6.95162
6.9504
6.94917
6.94793
6.94669
6.94544
6.94419
6.94293
6.94166
6.94039
6.93912
6.93783
6.93655
6.93525
6.93395
6.93265
6.93134
6.93003
6.92871
6.92738
6.92605
6.92472
6.92338
6.92204
6.92069
6.91933
6.91798
6.91662
6.91525
6.91388
6.9125
6.91112
6.90974
6.90835
6.90696
6.90556
6.90416
6.90275
6.90134
6.89993
6.89851
6.89709
6.89566
6.89422
6.89279
6.89135
6.8899
6.88845
6.88699
6.88553
6.88407
6.8826
6.88113
6.87965
6.87817
6.87669
6.87521
6.87372
6.87225
6.8708
6.86933
6.86773
6.8662
6.97898
6.97781
6.97646
6.97519
6.97396
6.97274
6.97153
6.97032
6.96913
6.96793
6.96674
6.96556
6.96438
6.9632
6.96202
6.96085
6.95967
6.9585
6.95732
6.95614
6.95496
6.95378
6.9526
6.95141
6.95023
6.94903
6.94784
6.94664
6.94543
6.94422
6.94301
6.94179
6.94057
6.93934
6.93811
6.93687
6.93562
6.93438
6.93312
6.93186
6.9306
6.92933
6.92805
6.92677
6.92548
6.92419
6.9229
6.9216
6.92029
6.91898
6.91767
6.91635
6.91502
6.91369
6.91236
6.91102
6.90968
6.90834
6.90699
6.90564
6.90428
6.90292
6.90156
6.90019
6.89882
6.89745
6.89608
6.8947
6.89332
6.89193
6.89055
6.88916
6.88777
6.88637
6.88497
6.88357
6.88217
6.88077
6.87936
6.87795
6.87653
6.87512
6.8737
6.87228
6.87085
6.86942
6.86799
6.86656
6.86512
6.86368
6.86223
6.86079
6.85934
6.85789
6.85644
6.855
6.85358
6.85214
6.85059
6.84907
6.9636
6.96246
6.96109
6.95979
6.95854
6.95731
6.95607
6.95485
6.95363
6.95241
6.95121
6.95
6.9488
6.9476
6.94641
6.94521
6.94402
6.94283
6.94163
6.94044
6.93925
6.93805
6.93685
6.93565
6.93445
6.93324
6.93203
6.93082
6.92961
6.92839
6.92716
6.92593
6.9247
6.92347
6.92223
6.92098
6.91973
6.91848
6.91722
6.91596
6.91469
6.91342
6.91214
6.91086
6.90958
6.90829
6.90699
6.9057
6.9044
6.90309
6.90178
6.90047
6.89916
6.89784
6.89652
6.89519
6.89387
6.89254
6.8912
6.88987
6.88853
6.88719
6.88584
6.8845
6.88315
6.8818
6.88045
6.87909
6.87774
6.87638
6.87502
6.87365
6.87229
6.87092
6.86954
6.86817
6.86679
6.86541
6.86403
6.86264
6.86125
6.85985
6.85845
6.85704
6.85563
6.85422
6.8528
6.85137
6.84994
6.8485
6.84705
6.8456
6.84414
6.84268
6.84121
6.83975
6.83831
6.83685
6.83528
6.83373
6.94871
6.94759
6.94621
6.94489
6.94363
6.94237
6.94112
6.93988
6.93864
6.93741
6.93618
6.93496
6.93373
6.93252
6.9313
6.93008
6.92887
6.92765
6.92644
6.92522
6.92401
6.92279
6.92157
6.92035
6.91912
6.9179
6.91667
6.91544
6.9142
6.91296
6.91172
6.91048
6.90923
6.90797
6.90672
6.90546
6.90419
6.90293
6.90165
6.90038
6.8991
6.89782
6.89653
6.89524
6.89395
6.89265
6.89135
6.89005
6.88874
6.88743
6.88612
6.88481
6.88349
6.88217
6.88085
6.87952
6.87819
6.87686
6.87553
6.8742
6.87286
6.87152
6.87018
6.86884
6.8675
6.86615
6.8648
6.86345
6.8621
6.86075
6.85939
6.85803
6.85667
6.8553
6.85394
6.85257
6.85119
6.84982
6.84844
6.84705
6.84566
6.84427
6.84288
6.84148
6.84007
6.83867
6.83725
6.83583
6.83441
6.83299
6.83156
6.83012
6.82869
6.82725
6.82581
6.82439
6.82298
6.82156
6.82004
6.81854
6.93183
6.9307
6.9293
6.92796
6.92666
6.92538
6.9241
6.92283
6.92156
6.9203
6.91904
6.91779
6.91654
6.91529
6.91404
6.91279
6.91155
6.9103
6.90906
6.90782
6.90657
6.90533
6.90408
6.90283
6.90158
6.90033
6.89907
6.89782
6.89656
6.8953
6.89404
6.89277
6.8915
6.89023
6.88895
6.88768
6.8864
6.88512
6.88383
6.88254
6.88125
6.87996
6.87867
6.87737
6.87607
6.87477
6.87347
6.87216
6.87086
6.86955
6.86824
6.86693
6.86562
6.8643
6.86299
6.86168
6.86036
6.85904
6.85773
6.85641
6.85509
6.85377
6.85246
6.85114
6.84982
6.8485
6.84718
6.84586
6.84454
6.84323
6.84191
6.84059
6.83927
6.83795
6.83664
6.83532
6.834
6.83268
6.83136
6.83005
6.82873
6.82741
6.82609
6.82477
6.82346
6.82214
6.82082
6.8195
6.81819
6.81687
6.81556
6.81425
6.81294
6.81163
6.81033
6.80904
6.80778
6.8065
6.80514
6.80385
6.91393
6.91287
6.91148
6.91016
6.90888
6.90761
6.90635
6.90509
6.90384
6.90259
6.90135
6.90011
6.89887
6.89764
6.8964
6.89517
6.89394
6.89272
6.89149
6.89026
6.88903
6.8878
6.88658
6.88535
6.88412
6.88289
6.88165
6.88042
6.87919
6.87795
6.87671
6.87547
6.87423
6.87299
6.87174
6.87049
6.86924
6.868
6.86674
6.86549
6.86424
6.86298
6.86172
6.86046
6.85921
6.85795
6.85668
6.85542
6.85416
6.8529
6.85164
6.85037
6.84911
6.84785
6.84658
6.84532
6.84406
6.8428
6.84154
6.84028
6.83902
6.83776
6.83651
6.83525
6.834
6.83274
6.83149
6.83024
6.82899
6.82775
6.8265
6.82526
6.82401
6.82277
6.82153
6.82029
6.81905
6.81782
6.81658
6.81535
6.81411
6.81288
6.81165
6.81042
6.80919
6.80795
6.80672
6.80549
6.80426
6.80303
6.8018
6.80057
6.79934
6.79811
6.79688
6.79566
6.79446
6.79325
6.79197
6.79076
6.89676
6.89572
6.89434
6.89301
6.89174
6.89048
6.88922
6.88796
6.88671
6.88547
6.88423
6.88299
6.88175
6.88052
6.87929
6.87807
6.87684
6.87562
6.87439
6.87317
6.87195
6.87073
6.86951
6.86829
6.86707
6.86585
6.86463
6.86341
6.86219
6.86097
6.85975
6.85853
6.8573
6.85608
6.85486
6.85363
6.85241
6.85118
6.84996
6.84874
6.84751
6.84629
6.84506
6.84384
6.84262
6.8414
6.84018
6.83896
6.83774
6.83652
6.83531
6.83409
6.83288
6.83167
6.83046
6.82925
6.82805
6.82685
6.82565
6.82446
6.82326
6.82207
6.82088
6.8197
6.81852
6.81734
6.81616
6.81499
6.81382
6.81266
6.8115
6.81034
6.80918
6.80803
6.80687
6.80573
6.80458
6.80344
6.80229
6.80115
6.80002
6.79888
6.79774
6.79661
6.79547
6.79434
6.7932
6.79207
6.79093
6.7898
6.78866
6.78752
6.78639
6.78525
6.78411
6.78298
6.78186
6.78073
6.77955
6.77841
6.88062
6.87963
6.87829
6.87699
6.87575
6.87451
6.87328
6.87205
6.87083
6.86961
6.8684
6.86719
6.86598
6.86478
6.86358
6.86238
6.86118
6.85999
6.8588
6.85761
6.85642
6.85523
6.85405
6.85286
6.85168
6.85049
6.84931
6.84813
6.84695
6.84577
6.84459
6.84341
6.84223
6.84106
6.83988
6.8387
6.83753
6.83636
6.83518
6.83401
6.83284
6.83168
6.83051
6.82935
6.82818
6.82702
6.82586
6.82471
6.82356
6.82241
6.82126
6.82011
6.81897
6.81783
6.8167
6.81557
6.81444
6.81331
6.81219
6.81108
6.80996
6.80885
6.80775
6.80665
6.80555
6.80446
6.80337
6.80228
6.8012
6.80012
6.79905
6.79798
6.79691
6.79585
6.79479
6.79373
6.79268
6.79163
6.79058
6.78953
6.78848
6.78744
6.78639
6.78535
6.78431
6.78326
6.78222
6.78118
6.78014
6.77909
6.77805
6.777
6.77596
6.77491
6.77386
6.77282
6.7718
6.77076
6.76969
6.76867
6.86525
6.8643
6.86299
6.86172
6.8605
6.85929
6.85809
6.85689
6.85569
6.8545
6.85331
6.85213
6.85095
6.84977
6.8486
6.84743
6.84626
6.8451
6.84394
6.84278
6.84162
6.84047
6.83932
6.83817
6.83702
6.83588
6.83473
6.83359
6.83245
6.83132
6.83018
6.82905
6.82791
6.82678
6.82566
6.82453
6.82341
6.82229
6.82117
6.82006
6.81895
6.81784
6.81673
6.81563
6.81453
6.81344
6.81234
6.81126
6.81017
6.80909
6.80802
6.80695
6.80588
6.80482
6.80376
6.80271
6.80166
6.80062
6.79958
6.79855
6.79752
6.7965
6.79548
6.79447
6.79347
6.79247
6.79147
6.79048
6.78949
6.78851
6.78753
6.78656
6.78559
6.78463
6.78367
6.78271
6.78176
6.78081
6.77986
6.77892
6.77798
6.77704
6.7761
6.77516
6.77422
6.77329
6.77235
6.77142
6.77048
6.76954
6.76861
6.76767
6.76673
6.76579
6.76485
6.76392
6.76299
6.76206
6.7611
6.76021
6.85075
6.84984
6.84857
6.84734
6.84616
6.84499
6.84383
6.84267
6.84151
6.84036
6.83921
6.83806
6.83693
6.83579
6.83466
6.83353
6.83241
6.83129
6.83018
6.82906
6.82796
6.82685
6.82575
6.82465
6.82355
6.82246
6.82137
6.82028
6.8192
6.81812
6.81704
6.81597
6.8149
6.81383
6.81277
6.81171
6.81065
6.8096
6.80855
6.80751
6.80647
6.80543
6.8044
6.80337
6.80235
6.80134
6.80032
6.79932
6.79831
6.79732
6.79633
6.79534
6.79436
6.79339
6.79242
6.79146
6.7905
6.78955
6.7886
6.78767
6.78673
6.78581
6.78489
6.78397
6.78307
6.78216
6.78127
6.78038
6.77949
6.77861
6.77773
6.77686
6.776
6.77514
6.77428
6.77343
6.77258
6.77174
6.77089
6.77006
6.76922
6.76838
6.76755
6.76672
6.76589
6.76506
6.76424
6.76341
6.76258
6.76175
6.76093
6.7601
6.75927
6.75844
6.75761
6.75679
6.75597
6.75515
6.75431
6.75355
6.837
6.83613
6.83491
6.83372
6.83259
6.83146
6.83033
6.82921
6.82809
6.82698
6.82588
6.82478
6.82368
6.82259
6.82151
6.82043
6.81935
6.81828
6.81721
6.81615
6.81509
6.81404
6.81299
6.81194
6.8109
6.80987
6.80883
6.80781
6.80678
6.80576
6.80475
6.80374
6.80273
6.80173
6.80074
6.79975
6.79876
6.79778
6.79681
6.79584
6.79487
6.79392
6.79296
6.79202
6.79108
6.79014
6.78921
6.78829
6.78738
6.78647
6.78557
6.78467
6.78378
6.7829
6.78203
6.78116
6.7803
6.77945
6.7786
6.77776
6.77693
6.7761
6.77528
6.77447
6.77367
6.77287
6.77208
6.7713
6.77052
6.76974
6.76898
6.76822
6.76746
6.76671
6.76597
6.76523
6.76449
6.76376
6.76303
6.76231
6.76159
6.76087
6.76015
6.75944
6.75873
6.75802
6.75731
6.7566
6.75589
6.75518
6.75447
6.75377
6.75306
6.75235
6.75165
6.75094
6.75024
6.74954
6.74884
6.74822
6.82398
6.82315
6.82197
6.82083
6.81974
6.81866
6.81758
6.8165
6.81543
6.81437
6.81331
6.81226
6.81122
6.81018
6.80915
6.80812
6.8071
6.80609
6.80508
6.80407
6.80307
6.80208
6.80109
6.80011
6.79914
6.79817
6.7972
6.79625
6.79529
6.79435
6.79341
6.79247
6.79154
6.79062
6.7897
6.78879
6.78789
6.78699
6.7861
6.78522
6.78434
6.78347
6.78261
6.78175
6.7809
6.78006
6.77922
6.7784
6.77758
6.77677
6.77596
6.77516
6.77438
6.7736
6.77282
6.77206
6.7713
6.77055
6.76981
6.76908
6.76835
6.76763
6.76692
6.76622
6.76553
6.76484
6.76416
6.76349
6.76282
6.76216
6.76151
6.76086
6.76022
6.75959
6.75896
6.75833
6.75771
6.7571
6.75649
6.75588
6.75528
6.75468
6.75409
6.7535
6.75291
6.75232
6.75173
6.75115
6.75056
6.74998
6.7494
6.74882
6.74824
6.74766
6.74708
6.7465
6.74593
6.74535
6.74479
6.74433
6.81167
6.81088
6.80977
6.80868
6.80764
6.80661
6.80558
6.80456
6.80354
6.80253
6.80153
6.80053
6.79954
6.79856
6.79758
6.79662
6.79565
6.7947
6.79375
6.79281
6.79187
6.79094
6.79002
6.78911
6.7882
6.7873
6.7864
6.78552
6.78464
6.78376
6.7829
6.78204
6.78119
6.78035
6.77951
6.77868
6.77786
6.77705
6.77625
6.77545
6.77466
6.77388
6.77311
6.77235
6.77159
6.77085
6.77011
6.76938
6.76866
6.76795
6.76725
6.76656
6.76587
6.7652
6.76453
6.76387
6.76322
6.76258
6.76195
6.76133
6.76072
6.76011
6.75951
6.75893
6.75835
6.75777
6.75721
6.75666
6.75611
6.75557
6.75503
6.75451
6.75399
6.75348
6.75297
6.75247
6.75197
6.75148
6.751
6.75052
6.75005
6.74958
6.74911
6.74865
6.74819
6.74773
6.74728
6.74683
6.74638
6.74593
6.74548
6.74504
6.74459
6.74415
6.74371
6.74327
6.74283
6.74239
6.74198
6.74169
6.79994
6.79918
6.7981
6.79706
6.79606
6.79508
6.79409
6.79312
6.79215
6.79119
6.79025
6.78931
6.78837
6.78745
6.78653
6.78563
6.78473
6.78384
6.78296
6.78209
6.78123
6.78037
6.77953
6.77869
6.77786
6.77704
6.77623
6.77543
6.77463
6.77385
6.77307
6.7723
6.77154
6.77079
6.77005
6.76932
6.76859
6.76788
6.76717
6.76648
6.76579
6.76511
6.76445
6.76379
6.76314
6.7625
6.76187
6.76125
6.76064
6.76004
6.75944
6.75886
6.75829
6.75773
6.75718
6.75663
6.7561
6.75558
6.75506
6.75456
6.75406
6.75358
6.7531
6.75263
6.75217
6.75172
6.75128
6.75085
6.75042
6.75001
6.7496
6.7492
6.74881
6.74842
6.74805
6.74767
6.74731
6.74695
6.7466
6.74625
6.74591
6.74558
6.74525
6.74492
6.7446
6.74428
6.74396
6.74365
6.74335
6.74304
6.74274
6.74244
6.74214
6.74184
6.74155
6.74126
6.74097
6.74067
6.74042
6.74032
6.78894
6.78824
6.78723
6.78626
6.78532
6.7844
6.78348
6.78256
6.78166
6.78076
6.77988
6.779
6.77813
6.77727
6.77642
6.77558
6.77475
6.77392
6.77311
6.77231
6.77151
6.77073
6.76996
6.76919
6.76844
6.76769
6.76696
6.76623
6.76552
6.76482
6.76412
6.76344
6.76276
6.7621
6.76145
6.76081
6.76017
6.75955
6.75894
6.75834
6.75775
6.75717
6.75661
6.75605
6.7555
6.75497
6.75444
6.75393
6.75343
6.75294
6.75246
6.75199
6.75153
6.75108
6.75065
6.75022
6.7498
6.7494
6.74901
6.74862
6.74825
6.74789
6.74754
6.7472
6.74686
6.74654
6.74623
6.74593
6.74563
6.74535
6.74507
6.74481
6.74455
6.7443
6.74406
6.74382
6.7436
6.74338
6.74316
6.74296
6.74276
6.74257
6.74238
6.7422
6.74202
6.74185
6.74169
6.74153
6.74137
6.74122
6.74107
6.74093
6.74079
6.74065
6.74051
6.74038
6.74025
6.74011
6.74003
6.74013
6.77821
6.77749
6.7765
6.77555
6.77464
6.77375
6.77287
6.772
6.77114
6.77029
6.76946
6.76864
6.76784
6.76704
6.76626
6.7655
6.76474
6.764
6.76327
6.76255
6.76184
6.76115
6.76047
6.7598
6.75914
6.75849
6.75786
6.75724
6.75663
6.75603
6.75544
6.75487
6.75431
6.75376
6.75322
6.75269
6.75218
6.75167
6.75118
6.7507
6.75023
6.74978
6.74933
6.7489
6.74847
6.74806
6.74767
6.74728
6.7469
6.74654
6.74619
6.74585
6.74552
6.7452
6.74489
6.74459
6.74431
6.74404
6.74377
6.74352
6.74328
6.74305
6.74283
6.74262
6.74242
6.74224
6.74206
6.74189
6.74173
6.74159
6.74145
6.74132
6.7412
6.74109
6.74099
6.7409
6.74082
6.74075
6.74068
6.74063
6.74058
6.74054
6.7405
6.74048
6.74046
6.74044
6.74044
6.74044
6.74044
6.74045
6.74047
6.74049
6.74052
6.74055
6.74058
6.74062
6.74066
6.74068
6.74079
6.74111
6.76855
6.76798
6.76711
6.76625
6.76543
6.76462
6.76381
6.76302
6.76223
6.76146
6.7607
6.75994
6.7592
6.75847
6.75776
6.75705
6.75636
6.75568
6.75502
6.75436
6.75372
6.7531
6.75248
6.75188
6.7513
6.75072
6.75016
6.74961
6.74908
6.74856
6.74805
6.74756
6.74708
6.74661
6.74616
6.74572
6.74529
6.74488
6.74448
6.74409
6.74372
6.74336
6.74301
6.74268
6.74236
6.74205
6.74176
6.74148
6.74121
6.74096
6.74072
6.74049
6.74028
6.74008
6.73989
6.73972
6.73956
6.73941
6.73927
6.73915
6.73904
6.73895
6.73886
6.73879
6.73873
6.73868
6.73865
6.73863
6.73861
6.73861
6.73863
6.73865
6.73868
6.73873
6.73878
6.73884
6.73892
6.739
6.7391
6.7392
6.73931
6.73943
6.73956
6.7397
6.73984
6.74
6.74016
6.74033
6.7405
6.74069
6.74088
6.74107
6.74128
6.74149
6.74171
6.74194
6.74216
6.74238
6.74269
6.74325
6.75792
6.75719
6.75628
6.75542
6.7546
6.75381
6.75303
6.75228
6.75154
6.75083
6.75013
6.74945
6.74879
6.74815
6.74752
6.74692
6.74633
6.74576
6.7452
6.74467
6.74415
6.74364
6.74316
6.74269
6.74223
6.74179
6.74137
6.74097
6.74057
6.7402
6.73984
6.7395
6.73917
6.73885
6.73855
6.73827
6.73799
6.73774
6.7375
6.73727
6.73706
6.73686
6.73667
6.7365
6.73634
6.73619
6.73606
6.73594
6.73584
6.73575
6.73567
6.7356
6.73555
6.73551
6.73548
6.73547
6.73547
6.73548
6.7355
6.73553
6.73558
6.73564
6.73571
6.73579
6.73589
6.73599
6.73611
6.73624
6.73638
6.73653
6.73669
6.73687
6.73705
6.73725
6.73746
6.73767
6.7379
6.73814
6.7384
6.73866
6.73893
6.73922
6.73952
6.73982
6.74014
6.74048
6.74082
6.74117
6.74154
6.74192
6.74231
6.74271
6.74311
6.74353
6.74396
6.7444
6.74482
6.74523
6.74575
6.74658
6.75115
6.75064
6.74984
6.74906
6.74832
6.7476
6.74689
6.7462
6.74551
6.74485
6.74419
6.74356
6.74294
6.74234
6.74175
6.74118
6.74062
6.74009
6.73957
6.73906
6.73858
6.73811
6.73766
6.73722
6.7368
6.7364
6.73602
6.73565
6.7353
6.73496
6.73465
6.73435
6.73406
6.73379
6.73354
6.73331
6.73309
6.73289
6.73271
6.73254
6.73239
6.73225
6.73213
6.73203
6.73194
6.73187
6.73182
6.73178
6.73176
6.73175
6.73176
6.73179
6.73183
6.73189
6.73196
6.73205
6.73216
6.73228
6.73242
6.73258
6.73275
6.73293
6.73313
6.73335
6.73358
6.73383
6.7341
6.73438
6.73467
6.73499
6.73531
6.73566
6.73601
6.73639
6.73677
6.73718
6.7376
6.73803
6.73848
6.73894
6.73941
6.7399
6.7404
6.74092
6.74144
6.74198
6.74253
6.74309
6.74365
6.74423
6.74481
6.7454
6.74599
6.74659
6.74719
6.74779
6.74836
6.7489
6.7496
6.75077
6.73525
6.73544
6.73487
6.73419
6.73358
6.733
6.73243
6.73187
6.73134
6.73081
6.73031
6.72982
6.72935
6.7289
6.72846
6.72804
6.72764
6.72726
6.72689
6.72655
6.72622
6.72591
6.72561
6.72533
6.72508
6.72484
6.72461
6.72441
6.72422
6.72405
6.7239
6.72377
6.72366
6.72357
6.72349
6.72343
6.72339
6.72337
6.72337
6.72339
6.72343
6.72348
6.72356
6.72365
6.72377
6.7239
6.72406
6.72423
6.72442
6.72464
6.72487
6.72512
6.7254
6.72569
6.72601
6.72634
6.7267
6.72708
6.72748
6.72789
6.72833
6.72879
6.72927
6.72978
6.7303
6.73084
6.73141
6.73199
6.7326
6.73322
6.73387
6.73454
6.73522
6.73593
6.73666
6.7374
6.73817
6.73896
6.73976
6.74059
6.74143
6.74229
6.74318
6.74408
6.74499
6.74593
6.74688
6.74786
6.74885
6.74985
6.75088
6.75191
6.75297
6.75404
6.75513
6.75622
6.7573
6.75842
6.75981
6.76139
6.70632
6.70647
6.70595
6.70536
6.70484
6.70436
6.70392
6.70352
6.70314
6.7028
6.7025
6.70222
6.70198
6.70177
6.7016
6.70146
6.70135
6.70127
6.70123
6.70122
6.70124
6.70129
6.70137
6.70149
6.70163
6.70181
6.70202
6.70225
6.70252
6.70282
6.70315
6.70351
6.7039
6.70431
6.70476
6.70524
6.70574
6.70628
6.70684
6.70743
6.70806
6.70871
6.70939
6.71009
6.71083
6.71159
6.71239
6.71321
6.71406
6.71493
6.71584
6.71677
6.71774
6.71873
6.71974
6.72079
6.72186
6.72296
6.72409
6.72524
6.72643
6.72763
6.72887
6.73013
6.73142
6.73274
6.73408
6.73545
6.73684
6.73826
6.73971
6.74118
6.74268
6.74421
6.74576
6.74733
6.74894
6.75056
6.75222
6.7539
6.7556
6.75733
6.75909
6.76088
6.76269
6.76452
6.76639
6.76828
6.7702
6.77214
6.77411
6.77611
6.77814
6.7802
6.78228
6.78437
6.78643
6.78857
6.79112
6.79384
6.68437
6.68464
6.68427
6.68386
6.68352
6.68324
6.68301
6.68283
6.68269
6.6826
6.68256
6.68256
6.68261
6.6827
6.68284
6.68303
6.68326
6.68353
6.68385
6.68421
6.68461
6.68506
6.68555
6.68608
6.68665
6.68727
6.68792
6.68862
6.68936
6.69014
6.69095
6.69181
6.69271
6.69365
6.69462
6.69564
6.69669
6.69778
6.69891
6.70008
6.70128
6.70252
6.70381
6.70512
6.70648
6.70787
6.7093
6.71076
6.71226
6.7138
6.71538
6.71699
6.71863
6.72031
6.72203
6.72378
6.72557
6.72739
6.72925
6.73114
6.73307
6.73503
6.73702
6.73905
6.74111
6.74321
6.74534
6.74751
6.7497
6.75194
6.7542
6.7565
6.75884
6.7612
6.76361
6.76604
6.76852
6.77102
6.77357
6.77615
6.77876
6.78142
6.78411
6.78684
6.78961
6.79242
6.79527
6.79816
6.8011
6.80408
6.8071
6.81016
6.81327
6.81643
6.81963
6.82284
6.82604
6.82935
6.83321
6.83716
6.6607
6.66095
6.66067
6.66036
6.66015
6.66003
6.65997
6.65998
6.66006
6.6602
6.66042
6.6607
6.66105
6.66146
6.66194
6.66248
6.66308
6.66375
6.66449
6.66528
6.66614
6.66705
6.66803
6.66907
6.67017
6.67132
6.67253
6.6738
6.67513
6.67652
6.67795
6.67945
6.681
6.6826
6.68426
6.68596
6.68773
6.68954
6.69141
6.69332
6.69529
6.69731
6.69937
6.70149
6.70365
6.70587
6.70813
6.71043
6.71279
6.71519
6.71764
6.72013
6.72266
6.72525
6.72787
6.73054
6.73325
6.736
6.7388
6.74163
6.74451
6.74743
6.75039
6.75339
6.75643
6.75951
6.76263
6.76579
6.76899
6.77223
6.77551
6.77883
6.78219
6.78558
6.78902
6.7925
6.79603
6.79959
6.8032
6.80685
6.81055
6.8143
6.81809
6.82193
6.82582
6.82977
6.83376
6.83782
6.84193
6.8461
6.85033
6.85462
6.85897
6.86339
6.86787
6.87237
6.87687
6.88154
6.88688
6.8922
6.63969
6.64003
6.63991
6.63979
6.63979
6.6399
6.64009
6.64038
6.64076
6.64123
6.64179
6.64243
6.64317
6.64399
6.6449
6.64589
6.64697
6.64814
6.64938
6.65071
6.65212
6.65361
6.65518
6.65683
6.65855
6.66035
6.66223
6.66418
6.66621
6.66831
6.67048
6.67272
6.67503
6.67742
6.67987
6.68238
6.68497
6.68762
6.69033
6.69311
6.69595
6.69885
6.70182
6.70484
6.70792
6.71106
6.71426
6.71751
6.72082
6.72418
6.7276
6.73106
6.73458
6.73815
6.74177
6.74543
6.74914
6.7529
6.75671
6.76056
6.76446
6.7684
6.77238
6.7764
6.78047
6.78458
6.78873
6.79293
6.79716
6.80144
6.80576
6.81012
6.81452
6.81897
6.82346
6.828
6.83258
6.83721
6.84189
6.84662
6.8514
6.85623
6.86112
6.86607
6.87108
6.87616
6.8813
6.88652
6.8918
6.89717
6.90261
6.90813
6.91374
6.91944
6.92522
6.93104
6.93686
6.94293
6.94978
6.95638
6.61927
6.61966
6.61968
6.61973
6.61992
6.62025
6.62071
6.62128
6.62197
6.62278
6.62371
6.62475
6.62591
6.62719
6.62858
6.63008
6.63169
6.63341
6.63524
6.63718
6.63923
6.64138
6.64363
6.64599
6.64845
6.651
6.65366
6.65641
6.65925
6.66219
6.66522
6.66834
6.67155
6.67485
6.67823
6.6817
6.68524
6.68887
6.69258
6.69636
6.70022
6.70415
6.70815
6.71222
6.71636
6.72057
6.72484
6.72918
6.73357
6.73802
6.74253
6.7471
6.75172
6.75639
6.76112
6.76589
6.77071
6.77558
6.78049
6.78545
6.79045
6.79549
6.80058
6.8057
6.81086
6.81606
6.8213
6.82658
6.8319
6.83725
6.84265
6.84808
6.85355
6.85906
6.86462
6.87022
6.87586
6.88155
6.88729
6.89308
6.89892
6.90482
6.91078
6.9168
6.9229
6.92906
6.9353
6.94162
6.94803
6.95453
6.96113
6.96782
6.97462
6.98153
6.98854
6.99561
7.0027
7.0101
7.01835
7.02605
6.60194
6.60241
6.60257
6.60282
6.60325
6.60384
6.6046
6.6055
6.60656
6.60777
6.60913
6.61064
6.6123
6.61411
6.61606
6.61815
6.62039
6.62277
6.62529
6.62794
6.63073
6.63365
6.6367
6.63988
6.64318
6.64661
6.65017
6.65384
6.65763
6.66153
6.66555
6.66967
6.6739
6.67824
6.68267
6.68721
6.69184
6.69657
6.70138
6.70628
6.71127
6.71634
6.72148
6.7267
6.732
6.73736
6.74279
6.74828
6.75384
6.75945
6.76511
6.77083
6.7766
6.78242
6.78828
6.79419
6.80014
6.80612
6.81214
6.8182
6.82429
6.83041
6.83656
6.84274
6.84895
6.85519
6.86146
6.86775
6.87406
6.88041
6.88678
6.89319
6.89962
6.90608
6.91257
6.9191
6.92567
6.93227
6.93891
6.9456
6.95234
6.95913
6.96598
6.9729
6.97988
6.98694
6.99409
7.00132
7.00864
7.01607
7.02361
7.03126
7.03904
7.04695
7.05497
7.06308
7.07123
7.07975
7.08915
7.09759
6.58806
6.58882
6.58917
6.58957
6.59019
6.59103
6.59207
6.5933
6.59472
6.59633
6.59813
6.60013
6.60231
6.60468
6.60723
6.60996
6.61287
6.61596
6.61922
6.62266
6.62626
6.63003
6.63396
6.63806
6.6423
6.6467
6.65125
6.65595
6.66078
6.66575
6.67086
6.67609
6.68145
6.68693
6.69252
6.69823
6.70404
6.70996
6.71597
6.72208
6.72827
6.73456
6.74092
6.74735
6.75386
6.76043
6.76706
6.77374
6.78048
6.78727
6.7941
6.80098
6.80789
6.81483
6.82181
6.82881
6.83584
6.84289
6.84996
6.85705
6.86416
6.87127
6.87839
6.88552
6.89267
6.89982
6.90698
6.91415
6.92132
6.9285
6.9357
6.9429
6.95011
6.95734
6.96458
6.97184
6.97913
6.98643
6.99377
7.00114
7.00854
7.01599
7.02349
7.03105
7.03867
7.04636
7.05414
7.062
7.06995
7.07802
7.0862
7.09451
7.10295
7.11153
7.12025
7.12905
7.13793
7.14723
7.15736
7.16609
6.5797
6.58062
6.5813
6.58198
6.58279
6.58383
6.58512
6.58666
6.58845
6.59047
6.59274
6.59524
6.59798
6.60095
6.60414
6.60757
6.61121
6.61508
6.61916
6.62345
6.62795
6.63264
6.63754
6.64263
6.6479
6.65336
6.65899
6.66479
6.67075
6.67688
6.68315
6.68957
6.69612
6.70281
6.70963
6.71656
6.7236
6.73075
6.738
6.74534
6.75276
6.76026
6.76784
6.77547
6.78317
6.79091
6.79871
6.80654
6.81441
6.82231
6.83023
6.83818
6.84613
6.8541
6.86208
6.87006
6.87804
6.88601
6.89398
6.90193
6.90988
6.91781
6.92572
6.93362
6.94149
6.94935
6.95719
6.96501
6.97281
6.98059
6.98835
6.99609
7.00382
7.01154
7.01925
7.02696
7.03466
7.04236
7.05008
7.0578
7.06555
7.07332
7.08113
7.08897
7.09687
7.10483
7.11286
7.12097
7.12917
7.13748
7.1459
7.15445
7.16313
7.17196
7.18094
7.19
7.19916
7.20878
7.2191
7.22761
6.5795
6.58035
6.58103
6.58187
6.58285
6.584
6.58544
6.5872
6.58926
6.59163
6.59429
6.59725
6.6005
6.60404
6.60786
6.61196
6.61634
6.62098
6.62589
6.63105
6.63646
6.64211
6.648
6.65412
6.66045
6.667
6.67374
6.68068
6.68781
6.69511
6.70258
6.7102
6.71797
6.72587
6.73391
6.74206
6.75032
6.75868
6.76713
6.77566
6.78426
6.79292
6.80164
6.8104
6.8192
6.82803
6.83688
6.84575
6.85462
6.8635
6.87237
6.88123
6.89007
6.89889
6.90768
6.91644
6.92516
6.93385
6.94249
6.95108
6.95963
6.96812
6.97656
6.98495
6.99329
7.00157
7.00979
7.01796
7.02608
7.03414
7.04215
7.05012
7.05804
7.06592
7.07376
7.08156
7.08934
7.09709
7.10482
7.11255
7.12027
7.12799
7.13573
7.14349
7.15128
7.15911
7.167
7.17496
7.18299
7.19112
7.19935
7.2077
7.21618
7.2248
7.23356
7.2424
7.25135
7.26076
7.2707
7.27848
6.58953
6.59004
6.59045
6.59107
6.59202
6.59321
6.59467
6.59651
6.59874
6.60134
6.60432
6.60766
6.61137
6.61542
6.61983
6.62457
6.62965
6.63506
6.64077
6.6468
6.65312
6.65972
6.6666
6.67374
6.68114
6.68877
6.69663
6.7047
6.71297
6.72143
6.73006
6.73885
6.74779
6.75687
6.76607
6.77537
6.78477
6.79426
6.80381
6.81342
6.82308
6.83278
6.8425
6.85223
6.86197
6.8717
6.88142
6.89111
6.90077
6.91039
6.91997
6.92949
6.93895
6.94834
6.95767
6.96692
6.97609
6.98518
6.99418
7.00309
7.01192
7.02065
7.02929
7.03783
7.04628
7.05464
7.06291
7.07108
7.07917
7.08717
7.09508
7.10291
7.11067
7.11835
7.12596
7.13351
7.141
7.14844
7.15584
7.1632
7.17053
7.17783
7.18513
7.19243
7.19974
7.20707
7.21443
7.22184
7.22931
7.23686
7.24449
7.25222
7.26006
7.26803
7.2761
7.28426
7.29252
7.30121
7.31022
7.31686
6.61076
6.61061
6.61048
6.61068
6.61128
6.61225
6.61362
6.61545
6.61776
6.62053
6.62375
6.62741
6.63152
6.63605
6.64099
6.64635
6.65209
6.65822
6.66472
6.67158
6.67877
6.68629
6.69411
6.70223
6.71063
6.71928
6.72818
6.7373
6.74662
6.75614
6.76582
6.77566
6.78564
6.79574
6.80594
6.81622
6.82658
6.83699
6.84744
6.85791
6.8684
6.87888
6.88935
6.89978
6.91018
6.92053
6.93082
6.94103
6.95117
6.96122
6.97118
6.98103
6.99078
7.00042
7.00993
7.01933
7.0286
7.03774
7.04676
7.05564
7.06439
7.073
7.08149
7.08984
7.09806
7.10615
7.11411
7.12194
7.12966
7.13725
7.14473
7.15209
7.15935
7.16651
7.17357
7.18054
7.18743
7.19424
7.20098
7.20766
7.21429
7.22088
7.22743
7.23396
7.24048
7.247
7.25352
7.26008
7.26667
7.2733
7.28
7.28678
7.29363
7.30059
7.30762
7.3147
7.32188
7.32942
7.33706
7.34229
6.64379
6.64264
6.64168
6.64117
6.6412
6.64176
6.64288
6.64458
6.64684
6.64965
6.653
6.65689
6.66129
6.6662
6.67159
6.67746
6.68378
6.69054
6.69772
6.70529
6.71325
6.72157
6.73022
6.73918
6.74844
6.75797
6.76775
6.77775
6.78795
6.79834
6.80888
6.81956
6.83036
6.84125
6.85221
6.86323
6.87428
6.88535
6.89642
6.90747
6.91848
6.92945
6.94035
6.95118
6.96192
6.97255
6.98308
6.99348
7.00375
7.01389
7.02388
7.03372
7.0434
7.05292
7.06228
7.07147
7.08049
7.08934
7.09802
7.10653
7.11487
7.12304
7.13104
7.13887
7.14654
7.15404
7.16139
7.16859
7.17564
7.18254
7.1893
7.19593
7.20242
7.2088
7.21505
7.2212
7.22725
7.2332
7.23906
7.24484
7.25055
7.2562
7.2618
7.26736
7.27288
7.27839
7.28388
7.28938
7.29488
7.30041
7.30597
7.31158
7.31723
7.32294
7.32869
7.33447
7.34031
7.3464
7.35239
7.35616
6.68829
6.68582
6.68376
6.68231
6.68154
6.68152
6.68227
6.68369
6.68577
6.6885
6.69187
6.69585
6.70043
6.70559
6.71131
6.71756
6.72433
6.73158
6.73929
6.74744
6.756
6.76494
6.77423
6.78385
6.79377
6.80396
6.8144
6.82505
6.83589
6.84689
6.85802
6.86927
6.8806
6.89199
6.90341
6.91485
6.92628
6.93769
6.94905
6.96033
6.97154
6.98265
6.99364
7.0045
7.01521
7.02578
7.03618
7.04641
7.05646
7.06632
7.07599
7.08546
7.09472
7.10379
7.11264
7.12129
7.12974
7.13797
7.146
7.15383
7.16146
7.16889
7.17612
7.18316
7.19002
7.19669
7.20319
7.20951
7.21567
7.22167
7.22752
7.23322
7.23878
7.2442
7.2495
7.25467
7.25974
7.2647
7.26956
7.27434
7.27903
7.28365
7.28821
7.29271
7.29717
7.30159
7.30599
7.31036
7.31472
7.31908
7.32345
7.32782
7.33221
7.33661
7.34101
7.34539
7.3498
7.35434
7.35863
7.36104
6.74232
6.73827
6.73487
6.73227
6.73053
6.72975
6.72992
6.73089
6.73261
6.73508
6.73828
6.74218
6.74675
6.75198
6.75782
6.76426
6.77125
6.77878
6.7868
6.79529
6.80421
6.81353
6.82321
6.83322
6.84354
6.85412
6.86493
6.87595
6.88713
6.89845
6.90988
6.92138
6.93294
6.94452
6.9561
6.96764
6.97914
6.99056
7.00188
7.01309
7.02416
7.03508
7.04584
7.05641
7.06679
7.07697
7.08694
7.09669
7.10621
7.1155
7.12455
7.13337
7.14195
7.15028
7.15838
7.16624
7.17387
7.18127
7.18843
7.19537
7.2021
7.20861
7.21491
7.221
7.22691
7.23262
7.23815
7.2435
7.24868
7.2537
7.25856
7.26328
7.26785
7.27229
7.2766
7.2808
7.28488
7.28886
7.29274
7.29653
7.30024
7.30387
7.30744
7.31094
7.3144
7.3178
7.32116
7.32449
7.32779
7.33106
7.33431
7.33754
7.34074
7.34392
7.34705
7.35013
7.35317
7.35624
7.35896
7.36028
6.80306
6.79724
6.79231
6.7884
6.78568
6.7841
6.78349
6.78378
6.78494
6.78695
6.78979
6.79342
6.7978
6.8029
6.80868
6.81511
6.82214
6.82975
6.83788
6.84651
6.85558
6.86506
6.87492
6.8851
6.89558
6.90631
6.91726
6.92839
6.93967
6.95105
6.96251
6.97401
6.98552
6.99702
7.00846
7.01984
7.03111
7.04226
7.05327
7.06411
7.07477
7.08523
7.09547
7.10549
7.11526
7.1248
7.13407
7.14309
7.15184
7.16032
7.16854
7.17649
7.18417
7.19158
7.19874
7.20564
7.21229
7.21869
7.22486
7.23079
7.2365
7.24199
7.24727
7.25235
7.25724
7.26194
7.26646
7.27081
7.275
7.27904
7.28293
7.28668
7.29031
7.29381
7.29719
7.30047
7.30365
7.30673
7.30973
7.31264
7.31548
7.31825
7.32095
7.3236
7.32619
7.32873
7.33122
7.33367
7.33607
7.33843
7.34075
7.34301
7.34522
7.34737
7.34944
7.35142
7.35331
7.35513
7.3566
7.35715
6.86477
6.8571
6.85057
6.8453
6.84138
6.8387
6.83707
6.83647
6.83686
6.8382
6.84046
6.8436
6.84756
6.85231
6.85781
6.864
6.87084
6.8783
6.88631
6.89483
6.90382
6.91324
6.92303
6.93316
6.94358
6.95424
6.96511
6.97614
6.9873
6.99854
7.00982
7.02113
7.03241
7.04363
7.05477
7.0658
7.07669
7.08741
7.09794
7.10827
7.11836
7.12822
7.13781
7.14714
7.15619
7.16495
7.17343
7.18161
7.1895
7.19709
7.20439
7.21141
7.21814
7.22459
7.23078
7.2367
7.24237
7.24779
7.25298
7.25794
7.26268
7.26722
7.27156
7.27571
7.27969
7.28349
7.28714
7.29063
7.29399
7.29721
7.3003
7.30328
7.30615
7.30891
7.31158
7.31415
7.31664
7.31905
7.32139
7.32366
7.32586
7.328
7.33007
7.3321
7.33406
7.33597
7.33783
7.33963
7.34137
7.34305
7.34466
7.3462
7.34766
7.34903
7.35029
7.35145
7.35248
7.35338
7.35397
7.35409
6.9216
6.9121
6.90397
6.89737
6.89221
6.88832
6.88564
6.88413
6.88374
6.88443
6.88614
6.88882
6.89242
6.89688
6.90215
6.90818
6.91491
6.92228
6.93024
6.93874
6.94771
6.95712
6.96691
6.97702
6.98741
6.99803
7.00882
7.01976
7.03078
7.04186
7.05294
7.06399
7.07498
7.08587
7.09662
7.10722
7.11762
7.12781
7.13777
7.14747
7.1569
7.16604
7.17489
7.18343
7.19166
7.19958
7.20718
7.21446
7.22143
7.2281
7.23446
7.24053
7.24631
7.25181
7.25705
7.26204
7.26677
7.27128
7.27556
7.27964
7.28351
7.2872
7.2907
7.29405
7.29723
7.30027
7.30317
7.30594
7.30859
7.31114
7.31357
7.31591
7.31816
7.32033
7.32242
7.32443
7.32638
7.32826
7.33008
7.33184
7.33355
7.3352
7.3368
7.33835
7.33983
7.34127
7.34264
7.34395
7.34519
7.34636
7.34745
7.34845
7.34936
7.35016
7.35086
7.35145
7.35191
7.35223
7.35235
7.3523
6.96451
6.9534
6.94389
6.93599
6.9296
6.92461
6.92097
6.91861
6.91748
6.91753
6.91867
6.92087
6.92404
6.92814
6.9331
6.93885
6.94534
6.9525
6.96028
6.96862
6.97745
6.98672
6.99638
7.00637
7.01663
7.02711
7.03777
7.04855
7.05941
7.0703
7.08118
7.09201
7.10274
7.11335
7.1238
7.13405
7.14408
7.15387
7.16339
7.17261
7.18154
7.19014
7.19842
7.20636
7.21396
7.22123
7.22816
7.23475
7.24102
7.24697
7.25261
7.25795
7.26301
7.2678
7.27233
7.27661
7.28067
7.28451
7.28814
7.29159
7.29486
7.29796
7.30091
7.30373
7.30641
7.30898
7.31144
7.31379
7.31606
7.31824
7.32034
7.32238
7.32434
7.32624
7.32809
7.32988
7.33161
7.33329
7.33492
7.3365
7.33801
7.33948
7.34088
7.34221
7.34348
7.34467
7.34578
7.34681
7.34775
7.3486
7.34935
7.35
7.35054
7.35099
7.35134
7.35159
7.35175
7.35182
7.3518
7.35175
6.98883
6.9764
6.96579
6.95694
6.94976
6.94416
6.94009
6.93746
6.93619
6.93622
6.93746
6.93985
6.9433
6.94775
6.95311
6.95932
6.96631
6.97399
6.9823
6.99117
7.00054
7.01033
7.02049
7.03094
7.04163
7.0525
7.0635
7.07456
7.08564
7.09668
7.10765
7.1185
7.12918
7.13967
7.14992
7.15991
7.16961
7.179
7.18806
7.19678
7.20514
7.21315
7.22078
7.22806
7.23497
7.24152
7.24773
7.25361
7.25916
7.2644
7.26935
7.27402
7.27842
7.28258
7.28651
7.29022
7.29372
7.29705
7.3002
7.30319
7.30603
7.30874
7.31132
7.31378
7.31614
7.31841
7.32058
7.32267
7.32468
7.32661
7.32847
7.33027
7.332
7.33367
7.33528
7.33682
7.3383
7.33971
7.34106
7.34234
7.34354
7.34467
7.34573
7.3467
7.34758
7.34838
7.3491
7.34972
7.35026
7.35071
7.35107
7.35136
7.35158
7.35174
7.35184
7.35189
7.35191
7.35191
7.35189
7.35189
)
;

boundaryField
{
    jetInlet
    {
        type            zeroGradient;
    }
    returnOutlet
    {
        type            fixedValue;
        value           uniform 0;
    }
    flatBed
    {
        type            zeroGradient;
    }
    slope
    {
        type            zeroGradient;
    }
    top
    {
        type            symmetryPlane;
    }
    frontAndBack
    {
        type            empty;
    }
    defaultFaces
    {
        type            empty;
    }
}


// ************************************************************************* //
